 Playing 1 tournaments with 1000 trials per match...

 Yomi AI            vs Good Ole Rock       Match: 1000 (1000+   0-   0=)
 Yomi AI            vs R-P-S 20-20-60      Match:  101 (428+ 327- 245=)
 Yomi AI            vs Rotate R-P-S        Match:  571 (784+ 213-   3=)
 Yomi AI            vs Beat The Last Move  Match:  -58 (308+ 366- 326=)
 Yomi AI            vs Always Switchin'    Match:  127 (416+ 289- 295=)
 Yomi AI            vs Beat Frequent Pick  Match:  374 (636+ 262- 102=)
 Yomi AI            vs * Pi                Match:  -19 (335+ 354- 311=)
 Yomi AI            vs * Switch A Lot      Match:   36 (368+ 332- 300=)
 Yomi AI            vs * Flat              Match:   17 (360+ 343- 297=)
 Yomi AI            vs * Anti-Flat         Match:  999 (999+   0-   1=)
 Yomi AI            vs * Foxtrot           Match:  130 (446+ 316- 238=)
 Yomi AI            vs * De Bruijn         Match:  -47 (318+ 365- 317=)
 Yomi AI            vs * Text              Match:   32 (384+ 352- 264=)
 Yomi AI            vs * Anti-rotn         Match:    6 (349+ 343- 308=)
 Yomi AI            vs * Copy-drift        Match:  -21 (321+ 342- 337=)
 Yomi AI            vs * Add-react         Match:   36 (362+ 326- 312=)
 Yomi AI            vs * Add-drift         Match:  -38 (324+ 362- 314=)
 Yomi AI            vs Iocaine Powder      Match:  -37 (319+ 356- 325=)
 Yomi AI            vs Phasenbott          Match:  -63 (309+ 372- 319=)
 Yomi AI            vs MegaHAL             Match:    4 (352+ 348- 300=)
 Yomi AI            vs RussRocker4         Match:  -19 (345+ 364- 291=)
 Yomi AI            vs Biopic              Match:   34 (357+ 323- 320=)
 Yomi AI            vs Simple Modeller     Match:   -7 (336+ 343- 321=)
 Yomi AI            vs Simple Predictor    Match:   36 (368+ 332- 300=)
 Yomi AI            vs Robertot            Match:   55 (371+ 316- 313=)
 Yomi AI            vs Boom                Match:   -4 (353+ 357- 290=)
 Yomi AI            vs Shofar              Match:   19 (345+ 326- 329=)
 Yomi AI            vs ACT-R Lag2          Match:  -17 (330+ 347- 323=)
 Yomi AI            vs Majikthise          Match:   -7 (324+ 331- 345=)
 Yomi AI            vs Vroomfondel         Match:   25 (337+ 312- 351=)
 Yomi AI            vs Granite             Match:   86 (433+ 347- 220=)
 Yomi AI            vs Marble              Match:   18 (385+ 367- 248=)
 Yomi AI            vs ZQ Bot              Match:   49 (407+ 358- 235=)
 Yomi AI            vs Sweet Rocky         Match:    6 (358+ 352- 290=)
 Yomi AI            vs Piedra              Match:   33 (360+ 327- 313=)
 Yomi AI            vs Mixed Strategy      Match:   34 (371+ 337- 292=)
 Yomi AI            vs Multi-strategy      Match:  146 (454+ 308- 238=)
 Yomi AI            vs Inocencio           Match:   14 (378+ 364- 258=)
 Yomi AI            vs Peterbot            Match:   52 (356+ 304- 340=)
 Yomi AI            vs Bugbrain            Match:  -53 (308+ 361- 331=)
 Yomi AI            vs Knucklehead         Match:  280 (560+ 280- 160=)
 Final results (draw value = 50):

 Tournament results: 

    Player Name          total     1    2    3    4    5    6    7    8    9   10   11   12   13   14   15   16   17   18   19   20   21   22   23   24   25   26   27   28   29   30   31   32   33   34   35   36   37   38   39   40   41   42
  1 Iocaine Powder       11425     0  154   16   57   39  510   -1   35  193  107  164  190   19   -7   43   49  294   33   66   43   50   37  260  836   28  -34  173  355  199  599   90  203  261  -42  900  285  408  870  993  982  992  976
  2 Phasenbott           10170  -154    0  103   18   -7  520   70   12  220   66  101  223   24   27   99   64  263   39  168   13   61   63  173  177   45  -21   99  353   55  393   90  130  365  103  916  244  177  914  983  995  995  991
  3 MegaHAL               9671   -16 -103    0   -8   36  113   57   47  229   -9   37  285   54    1   29  -37  257  -28   78  -17   92   -4  196  181  -25    8  145   86   45  412  133  128  278  231  906  441  458  975  988  993  999 1000
  4 Biopic                8699   -57  -18    8    0   14  -43   39   18  102   46   48  129    8   14   33  -41   95   50   33  -29   39  -34  293  126  -18    8   27  392   90  505  -56  226   84  178 1000  364  388  660  995  994  998  991
  5 Simple Modeller       8242   -39    7  -36  -14    0   -4   -3  -27   49  -28  249   81   19   17   44   76  310  -33  182  -27   54    7  193  120  -54  -34  254   14  228  265  128  137  108  254  335  443  396  593  991  994  998  995
  6 RussRocker4           7541  -510 -520 -113   43    4    0   13   10  163   15   86  126    2  -47   57  -15  179  -50   57  -31   55   19  340  135  -17    3  112  155  127  481   87  106  314  125  923  224  317  587  994  990  998  997
  7 Robertot              7430     1  -70  -57  -39    3  -13    0  -15   93   -9   37  108   57  -24   67   35   55    7   62  -24   43  -55  205   44  -17    8    9  -19   86  347  174   22   88   94  463  458  401  835  984  997  996  993
  8 Boom                  7093   -35  -12  -47  -18   27  -10   15    0   23  -15   31   47   37  -22   41   -3   41  -19   -4   19   57    4  232  -19   24  -24   34  -20   69  327  106   31  120  190  382  379  383  753  991  990  995  993
  9 Marble                6857  -193 -220 -229 -102  -49 -163  -93  -23    0  -90  -30  -21   50  -26   25  -47   52  -97    5  -39   53  -18  340  647  -53  -22   24   56   43  262  177  197   94  219  928  219  402  594  992  993 1000 1000
 10 ACT-R Lag2            6812  -107  -66    9  -46   28  -15    9   15   90    0   67   78   37   10   62    7  116  -25   71   14    9   17  237   66  -86  -31   36  -28   42  473   66  125   71  166  227  207  338  576  960  996  996  995
 11 Simple Predictor      6785  -164 -101  -37  -48 -249  -86  -37  -31   30  -67    0   20   84    5   48   13  145  -21   62  -60   54  -36  191  108  -73  -14  283  -16  251  248  149   99  132  188  306  427  428  587  985  990  996  996
 12 Granite               6727  -190 -223 -285 -129  -81 -126 -108  -47   21  -78  -20    0   53  -50   27  -36   -5  -43    7  -74   59  -86  309  655  -51  -17   48   70   68  324  177  178  122  170  906  223  383  591  991  996  998 1000
 13 Piedra                6626   -19  -24  -54   -8  -19   -2  -57  -37  -50  -37  -84  -53    0  -54   49  -63  -16  -27  -15  -34   87  -33   85  752  -28  -29   76   30   28  -64  183  174  370  231  158  261  380  594  991  988  996 1000
 14 Shofar                6377     7  -27   -1  -14  -17   47   24   22   26  -10   -5   50   54    0   64  -22   49   13   72  -29   54  -19  130   17   -6   20   16    0  127   86  122   32   37  191  150  435  333  550  896  944  988  971
 15 Sweet Rocky           6092   -43  -99  -29  -33  -44  -57  -67  -41  -25  -62  -48  -27  -49  -64    0  -20  -11  -70    9  -35   27   -6  102  -60  -32  -66   57  -63   77  141  163  160   19  164 1000  282  381  594  988  989  995  995
 16 Bugbrain              5906   -49  -64   37   41  -76   15  -35    3   47   -7  -13   36   63   22   20    0  164  -20   89   17   34   53   85   37  -27    7   53  -12   54  178   95   74   94  100  216  211  156  372  938  943  971  984
 17 ZQ Bot                5361  -294 -263 -257  -95 -310 -179  -55  -41  -52 -116 -145    5   16  -49   11 -164    0  -56  -36  -85   60  -49  181  -75  -19  -26   82   -6   39  316  159  153  363  121 1000  281  381  593  991  992  996  993
 18 Vroomfondel           4989   -33  -39   28  -50   33   50   -7   19   97   25   21   43   27  -13   70   20   56    0   33  -14    6  -25  173   43    5  -20  -11   24  -15  244   53   87   23  134   98  245  148  455  -19  989  993  993
 19 Mixed Strategy        4948   -66 -168  -78  -33 -182  -57  -62    4   -5  -71  -62   -7   15  -72   -9  -89   36  -33    0  -39   50  -34   71    9  -50  -14    7    4   78  199  181   44    1   48  198  383  365  486  955  957  988 1000
 20 Majikthise            4860   -43  -13   17   29   27   31   24  -19   39  -14   60   74   34   29   35  -17   85   14   39    0    0    7  158   53  -31   34  -14    2  -35  261  -12   57   17  112   26  225  156  440   -6  991  992  996
 21 * Anti-rotn           4610   -50  -61  -92  -39  -54  -55  -43  -57  -53   -9  -54  -59  -87  -54  -27  -34  -60   -6  -50    0    0   -6  241   80  -79  -53  -15   20   18   35   57  166  -22  338   43  494  158  597  490  997  999  996
 22 Yomi AI               3930   -37  -63    4   34   -7  -19   55   -4   18  -17   36   86   33   19    6  -53   49   25   34   -7    6    0  146   14  -47  -19  -38  130  -21  280   32   17   36   36   52  127  101  374  -58  571 1000  999
 23 Multi-strategy        2817  -260 -173 -196 -293 -193 -340 -205 -232 -340 -237 -191 -309  -85 -130 -102  -85 -181 -173  -71 -158 -241 -146    0 -106  -50  -20    2   22  274   92  123  161   25  290  500  462  394  999  997  997  999  997
 24 Inocencio             2267  -836 -177 -181 -126 -120 -135  -44   19 -647  -66 -108 -655 -752  -17   60  -37   75  -43   -9  -53  -80  -14  106    0   -5   -3   28  292  110  206  155  177   79   44  142  252  407  349  933  981  980  980
 25 * De Bruijn            680   -28  -45   25   18   54   17   17  -24   53   86   73   51   28    6   32   27   19   -5   50   31   79   47   50    5    0   -1  -46   36   12   -4   23   -5   -9   -6   -9   -2  -11  128   -1   21    0 -112
 26 * Pi                   226    34   21   -8   -8   34   -3   -8   24   22   31   14   17   29  -20   66   -7   26   20   14  -34   53   19   20    3    1    0  -21    4  -17   20  -81  -75   18   -3   -1  -12   15   30   22  -11  -11  -11
 27 * Add-drift          -1725  -173  -99 -145  -27 -254 -112   -9  -34  -24  -36 -283  -48  -76  -16  -57  -53  -82   11   -7   14   15   38   -2  -28   46   21    0    4   -9  -60  -78 -110   19   -4   10   22  -28    1   15   19  -67  -39
 28 * Foxtrot            -1924  -355 -353  -86 -392  -14 -155   19   20  -56   28   16  -70  -30    0   63   12    6  -24   -4   -2  -20 -130  -22 -292  -36   -4   -4    0   37  -46    6  -20   12   45  -38    9  -49  -14   15   25  -34   13
 29 * Copy-drift         -2178  -199  -55  -45  -90 -228 -127  -86  -69  -43  -42 -251  -68  -28 -127  -77  -54  -39   15  -78   35  -18   21 -274 -110  -12   17    9  -37    0 -109   14  -13    8  -25    1  -61   49   21  -27   28   -7    3
 30 Knucklehead          -2271  -599 -393 -412 -505 -265 -481 -347 -327 -262 -473 -248 -324   64  -86 -141 -178 -316 -244 -199 -261  -35 -280  -92 -206    4  -20   60   46  109    0   31   48   23   19   27    3   34  120  866 1000  985  984
 31 * Text               -2910   -90  -90 -133   56 -128  -87 -174 -106 -177  -66 -149 -177 -183 -122 -163  -95 -159  -53 -181   12  -57  -32 -123 -155  -23   81   78   -6  -14  -31    0    0   -6   17    3  -14  -19 -185  -74  -11 -185  111
 32 * Flat               -2926  -203 -130 -128 -226 -137 -106  -22  -31 -197 -125  -99 -178 -174  -32 -160  -74 -153  -87  -44  -57 -166  -17 -161 -177    5   75  110   20   13  -48    0    0  -66   15 -201  -32   12  231  204   13    1 -394
 33 * Add-react          -3075  -261 -365 -278  -84 -108 -314  -88 -120  -94  -71 -132 -122 -370  -37  -19  -94 -363  -23   -1  -17   22  -36  -25  -79    9  -18  -19  -12   -8  -23    6   66    0   36  -65  -17   39   -4   33   17   -9  -27
 34 * Switch A Lot       -3583    42 -103 -231 -178 -254 -125  -94 -190 -219 -166 -188 -170 -231 -191 -164 -100 -121 -134  -48 -112 -338  -36 -290  -44    6    3    4  -45   25  -19  -17  -15  -36    0  -75   -5  -15  -14  328  -27    2    2
 35 Peterbot             -6351  -900 -916 -906 -1000 -335 -923 -463 -382 -928 -227 -306 -906 -158 -150 -1000 -216 -1000  -98 -198  -26  -43  -52 -500 -142    9    1  -10   38   -1  -27   -3  201   65   75    0  250  415  437  982  999 1000  993
 36 Always Switchin'     -7237  -285 -244 -441 -364 -443 -224 -458 -379 -219 -207 -427 -223 -261 -435 -282 -211 -281 -245 -383 -225 -494 -127 -462 -252    2   12  -22   -9   61   -3   14   32   17    5 -250    0    5    7  510   17   13  -76
 37 R-P-S 20-20-60       -9169  -408 -177 -458 -388 -396 -317 -401 -383 -402 -338 -428 -383 -380 -333 -381 -156 -381 -148 -365 -156 -158 -101 -394 -407   11  -15   28   49  -49  -34   19  -12  -39   15 -415   -5    0 -400 -158   14 -357   18
 38 Beat Frequent Pick  -13897  -870 -914 -975 -660 -593 -587 -835 -753 -594 -576 -587 -591 -594 -550 -594 -372 -593 -455 -486 -440 -597 -374 -999 -349 -128  -30   -1   14  -21 -120  185 -231    4   14 -437   -7  400    0 -600    0  999 1000
 39 Beat The Last Move  -20061  -993 -983 -988 -995 -991 -994 -984 -991 -992 -960 -985 -991 -991 -896 -988 -938 -991   19 -955    6 -490   58 -997 -933    1  -22  -15  -15   27 -866   74 -204  -33 -328 -982 -510  158  600    0    1 1000  996
 40 Rotate R-P-S        -26015  -982 -995 -993 -994 -994 -990 -997 -990 -993 -996 -990 -996 -988 -944 -989 -943 -992 -989 -957 -991 -997 -571 -997 -981  -21   11  -19  -25  -28 -1000   11  -13  -17   27 -999  -17  -14    0   -1    0    0 -661
 41 Good Ole Rock       -26189  -992 -995 -999 -998 -998 -998 -996 -995 -1000 -996 -996 -998 -996 -988 -995 -971 -996 -993 -988 -992 -999 -1000 -999 -980    0   11   67   34    7 -985  185   -1    9   -2 -1000  -13  357 -999 -1000    0    0  999
 42 * Anti-Flat         -27630  -976 -991 -1000 -991 -995 -997 -993 -993 -1000 -995 -996 -1000 -1000 -971 -995 -984 -993 -993 -1000 -996 -996 -999 -997 -980  112   11   39  -13   -3 -984 -111  394   27   -2 -993   76  -18 -1000 -996  661 -999    0

 Match results (draw <= 50): 

    Player Name           total  W  L  D   1  2  3  4  5  6  7  8  9 10 11 12 13 14 15 16 17 18 19 20 21 22 23 24 25 26 27 28 29 30 31 32 33 34 35 36 37 38 39 40 41 42
  1 Phasenbott              71  31  1  9   1  0  2  2  1  2  2  1  2  1  1  1  2  1  2  2  1  2  1  2  2  2  2  1  2  2  2  2  2  2  2  2  2  2  2  2  2  2  2  2  2  2
  2 Iocaine Powder          67  26  0 15   2  1  1  2  1  2  1  2  1  1  1  1  2  1  1  2  1  2  1  1  2  2  2  1  1  2  2  2  2  2  2  2  2  1  2  2  2  2  2  2  2  2
  3 MegaHAL                 65  25  1 15   0  1  1  2  1  1  1  1  2  1  1  1  1  1  1  2  2  2  1  1  2  2  2  1  2  2  2  2  2  2  2  1  2  2  2  2  2  2  2  2  2  2
  4 RussRocker4             63  25  3 13   0  0  0  1  1  1  1  1  1  1  1  1  2  1  1  2  1  2  1  2  2  2  2  1  2  2  2  2  2  2  2  2  2  2  2  2  2  2  2  2  2  2
  5 Simple Modeller         63  23  1 17   1  1  1  1  1  1  2  1  1  1  1  1  2  1  1  1  1  2  0  1  2  2  2  1  2  1  2  2  2  2  2  2  2  2  2  2  2  2  2  2  2  2
  6 ACT-R Lag2              59  21  3 17   0  0  1  1  1  1  1  1  1  1  1  1  2  1  1  2  1  2  0  2  2  2  2  1  1  1  2  2  1  2  2  1  2  2  2  2  2  2  2  2  2  2
  7 Bugbrain                59  20  2 19   0  1  1  1  0  1  1  1  1  1  1  1  1  1  2  1  2  1  1  1  1  2  2  1  1  1  2  2  2  2  2  2  2  2  2  2  2  2  2  2  2  2
  8 Biopic                  58  19  2 20   1  0  1  1  1  1  1  1  1  1  1  1  1  1  1  2  1  2  1  1  2  2  1  1  1  2  2  2  1  2  2  2  2  2  2  0  2  2  2  2  2  2
  9 Robertot                58  20  3 18   0  1  0  1  1  1  1  1  1  1  1  1  1  1  0  2  2  2  1  2  1  2  2  1  1  1  2  2  1  2  2  2  1  2  2  2  2  2  2  2  2  2
 10 Shofar                  58  17  0 24   1  1  1  1  1  1  1  1  1  1  1  1  1  1  1  1  2  1  1  2  1  1  2  1  2  1  2  2  1  2  1  2  1  2  2  2  2  2  2  2  2  2
 11 Boom                    56  15  0 26   1  1  1  1  1  1  1  1  1  1  1  1  1  1  1  1  1  1  1  1  1  1  1  1  2  1  2  2  1  2  2  2  1  2  2  2  2  2  2  2  2  2
 12 Vroomfondel             56  15  0 26   1  1  1  1  1  1  1  1  1  1  1  1  1  1  1  2  1  1  1  2  1  2  1  1  1  1  2  2  1  2  1  1  2  2  1  2  2  2  2  2  2  2
 13 Simple Predictor        55  21  7 13   0  0  1  0  0  0  1  1  1  1  1  1  1  0  1  1  2  1  0  1  2  2  2  1  2  1  2  2  2  2  2  2  2  2  2  2  2  2  2  2  2  2
 14 Majikthise              55  14  0 27   1  1  1  1  1  1  1  1  1  1  1  1  2  1  1  1  1  2  1  1  2  2  1  1  1  1  2  1  1  2  1  1  2  2  1  1  2  2  2  2  2  2
 15 Yomi AI                 50  12  3 26   0  1  1  1  1  1  0  1  2  1  1  1  1  1  1  1  1  2  1  1  1  1  1  1  1  2  2  2  1  2  1  1  1  1  0  1  2  2  2  2  2  2
 16 Marble                  50  18  9 14   0  0  0  0  1  0  1  0  0  1  1  0  1  1  1  1  1  1  0  1  2  2  1  1  2  2  2  2  1  2  2  1  2  2  2  2  2  2  2  2  2  2
 17 Piedra                  50  16  7 18   1  1  0  1  1  1  0  1  0  0  1  1  0  1  1  1  1  0  1  1  2  1  1  1  2  1  2  2  2  0  2  1  2  2  2  2  2  2  2  2  2  2
 18 Granite                 49  19 11 11   0  0  0  0  0  0  1  0  0  1  1  1  1  0  0  1  2  1  0  1  2  1  1  1  2  2  2  2  1  2  2  2  2  2  2  2  2  2  2  2  2  2
 19 * De Bruijn             47   7  1 33   1  1  1  1  2  2  1  1  1  1  1  1  2  1  1  2  1  2  1  1  1  1  1  1  2  1  1  1  1  1  1  1  1  1  1  1  1  1  2  0  1  1
 20 Sweet Rocky             47  15  9 17   0  1  1  0  1  0  1  1  0  0  1  0  1  1  1  1  1  1  1  1  0  1  1  0  1  0  2  2  2  2  1  2  2  2  2  2  2  2  2  2  2  2
 21 Inocencio               45  17 13 11   0  0  0  0  0  0  1  0  1  1  1  1  0  0  1  0  0  0  1  2  1  2  1  1  0  2  2  2  1  2  2  2  2  1  2  2  2  2  2  2  2  2
 22 ZQ Bot                  43  16 14 11   0  0  0  0  0  0  0  0  0  1  1  0  0  0  1  0  1  1  1  1  0  1  1  1  2  1  2  2  2  2  2  1  2  2  2  2  2  2  2  2  2  2
 23 Mixed Strategy          43  12 10 19   0  0  0  0  0  0  0  1  0  0  1  1  0  1  1  1  1  1  1  1  1  1  1  1  1  1  2  2  1  2  1  2  1  1  2  2  2  2  2  2  2  2
 24 * Pi                    41   2  2 37   1  1  1  1  1  1  1  1  1  1  1  1  1  1  1  1  1  1  1  2  1  1  1  1  2  1  1  1  1  1  1  1  0  1  1  0  1  1  1  1  1  1
 25 * Anti-rotn             40  12 13 16   0  1  0  0  0  1  1  1  1  0  0  1  0  1  1  0  0  0  0  1  2  0  1  0  1  1  2  1  1  1  1  1  2  2  2  2  2  2  2  2  2  2
 26 * Foxtrot               33   1  9 31   0  0  0  0  1  1  1  0  1  1  1  1  1  1  0  0  1  0  1  2  0  1  1  1  1  1  1  1  1  1  1  1  1  1  1  1  1  1  1  1  1  1
 27 Multi-strategy          31  13 23  5   0  0  0  0  0  0  0  0  0  0  0  0  0  0  0  0  0  0  1  0  0  0  0  1  0  1  1  2  1  2  1  2  2  2  2  2  2  2  2  2  2  2
 28 Peterbot                29  10 22  9   0  0  0  0  0  0  0  0  0  0  0  0  0  1  0  0  0  0  1  0  0  0  0  1  1  1  0  1  1  1  2  1  2  2  2  1  2  2  2  2  2  2
 29 * Add-drift             27   0 14 27   0  0  0  0  0  1  0  1  1  1  1  1  0  1  1  1  0  1  1  0  1  0  1  1  1  1  1  1  1  0  1  1  0  1  1  0  0  1  1  1  1  1
 30 Knucklehead             27   8 22 11   0  0  0  0  0  0  0  0  0  0  0  0  0  0  0  0  2  0  1  0  0  0  0  1  1  1  0  1  2  1  1  2  1  1  2  1  2  1  2  2  2  1
 31 * Add-react             25   1 17 23   0  0  0  0  0  0  0  0  0  1  0  1  0  1  1  0  0  0  1  1  0  0  1  1  1  1  1  0  1  1  1  1  2  1  1  1  1  1  1  1  1  1
 32 * Copy-drift            24   0 17 24   0  0  1  0  0  1  0  0  0  0  0  1  0  1  1  1  1  0  1  0  0  1  0  1  1  1  0  1  1  0  1  1  1  1  1  1  1  0  1  1  1  1
 33 * Flat                  23   4 22 15   0  0  0  0  0  0  0  0  1  1  1  0  0  0  1  0  0  0  1  0  0  0  1  2  0  1  0  0  2  1  0  1  1  1  2  1  1  1  2  0  1  1
 34 * Switch A Lot          21   1 21 19   0  1  0  0  0  0  0  0  0  0  0  0  0  0  1  0  0  0  1  0  1  0  1  1  0  1  0  0  1  1  1  1  1  1  2  1  1  1  1  1  1  1
 35 Beat The Last Move      21   6 26  9   0  0  0  0  0  0  0  0  0  0  0  1  0  1  2  0  0  0  1  0  0  0  0  1  0  1  0  0  1  0  1  1  0  0  1  2  2  0  2  2  1  2
 36 * Text                  21   4 24 13   0  0  0  0  0  0  0  2  0  0  0  0  0  1  1  0  0  0  1  0  0  0  0  2  0  1  0  1  2  1  1  1  1  1  0  1  0  1  0  2  1  1
 37 Good Ole Rock           17   4 28  9   0  0  0  0  0  0  0  0  0  0  0  0  0  0  0  0  0  0  1  0  0  0  0  1  0  1  0  0  2  0  1  1  1  1  0  2  1  1  0  2  1  2
 38 Always Switchin'        17   2 26 13   0  0  0  0  0  0  0  0  0  0  0  0  0  0  0  0  0  0  1  0  0  0  0  1  0  1  0  0  1  1  1  2  1  1  2  1  1  1  1  0  1  1
 39 Beat Frequent Pick      16   4 29  8   0  0  0  0  0  0  0  0  0  0  0  0  0  0  0  0  0  0  0  0  0  0  0  1  0  1  0  0  1  0  1  1  0  1  0  2  2  1  1  2  1  2
 40 * Anti-Flat             15   4 30  7   0  0  0  0  0  0  0  0  0  0  0  0  0  0  0  0  0  0  2  0  0  0  0  1  0  1  0  0  1  0  1  1  2  1  0  0  0  2  0  1  2  1
 41 Rotate R-P-S            14   0 27 14   0  0  0  0  0  0  0  0  0  0  0  0  0  0  0  0  0  0  1  0  0  0  0  1  0  1  0  0  1  0  1  1  1  1  1  1  1  1  1  0  1  1
 42 R-P-S 20-20-60          13   0 28 13   0  0  0  0  0  0  0  0  0  0  0  0  0  0  0  0  0  0  1  0  0  0  0  1  0  1  0  0  1  1  1  1  1  1  0  1  0  1  0  1  1  1


   Yomi AI is match ranked 15

 Tournament results:
    Player Name          total 
  1 Yomi AI               3930 
 15 * Anti-rotn           4610 
 19 Iocaine Powder       11425 
 20 Phasenbott           10170 
 21 MegaHAL               9671 
 22 RussRocker4           7541 
 23 Biopic                8699 
 24 Simple Modeller       8242 
 25 Simple Predictor      6785 
 26 Robertot              7430 
 27 Boom                  7093 
 28 Shofar                6377 
 29 ACT-R Lag2            6812 
 30 Majikthise            4860 
 31 Vroomfondel           4989 
 32 Granite               6727 
 33 Marble                6857 
 34 ZQ Bot                5361 
 35 Sweet Rocky           6092 
 36 Piedra                6626 
 37 Mixed Strategy        4948 
 41 Bugbrain              5906 

   Yomi is tournament ranked 22

