 Playing 1 tournaments with 1000 trials per match...

 Yomi AI            vs Good Ole Rock       Match: 1000 (1000+   0-   0=)
 Yomi AI            vs R-P-S 20-20-60      Match:  182 (472+ 290- 238=)
 Yomi AI            vs Rotate R-P-S        Match:  684 (839+ 155-   6=)
 Yomi AI            vs Beat The Last Move  Match:   79 (393+ 314- 293=)
 Yomi AI            vs Always Switchin'    Match:  130 (418+ 288- 294=)
 Yomi AI            vs Beat Frequent Pick  Match:  440 (673+ 233-  94=)
 Yomi AI            vs * Pi                Match:   14 (341+ 327- 332=)
 Yomi AI            vs * Switch A Lot      Match:   80 (390+ 310- 300=)
 Yomi AI            vs * Flat              Match:  106 (411+ 305- 284=)
 Yomi AI            vs * Anti-Flat         Match:  999 (999+   0-   1=)
 Yomi AI            vs * Foxtrot           Match:  205 (487+ 282- 231=)
 Yomi AI            vs * De Bruijn         Match:  -24 (321+ 345- 334=)
 Yomi AI            vs * Text              Match:   77 (380+ 303- 317=)
 Yomi AI            vs * Anti-rotn         Match:   -3 (336+ 339- 325=)
 Yomi AI            vs * Copy-drift        Match:  -13 (333+ 346- 321=)
 Yomi AI            vs * Add-react         Match:   70 (376+ 306- 318=)
 Yomi AI            vs * Add-drift         Match:  -23 (315+ 338- 347=)
 Yomi AI            vs Iocaine Powder      Match:  -50 (309+ 359- 332=)
 Yomi AI            vs Phasenbott          Match:  -58 (298+ 356- 346=)
 Yomi AI            vs MegaHAL             Match:   10 (349+ 339- 312=)
 Yomi AI            vs RussRocker4         Match:  -53 (325+ 378- 297=)
 Yomi AI            vs Biopic              Match:   24 (369+ 345- 286=)
 Yomi AI            vs Simple Modeller     Match:   16 (350+ 334- 316=)
 Yomi AI            vs Simple Predictor    Match:   35 (370+ 335- 295=)
 Yomi AI            vs Robertot            Match:    1 (371+ 370- 259=)
 Yomi AI            vs Boom                Match:   22 (336+ 314- 350=)
 Yomi AI            vs Shofar              Match:   -8 (326+ 334- 340=)
 Yomi AI            vs ACT-R Lag2          Match:  -35 (330+ 365- 305=)
 Yomi AI            vs Majikthise          Match:   20 (333+ 313- 354=)
 Yomi AI            vs Vroomfondel         Match:    2 (330+ 328- 342=)
 Yomi AI            vs Granite             Match:   78 (418+ 340- 242=)
 Yomi AI            vs Marble              Match:  123 (455+ 332- 213=)
 Yomi AI            vs ZQ Bot              Match:   41 (396+ 355- 249=)
 Yomi AI            vs Sweet Rocky         Match:   26 (358+ 332- 310=)
 Yomi AI            vs Piedra              Match:   37 (376+ 339- 285=)
 Yomi AI            vs Mixed Strategy      Match:   17 (364+ 347- 289=)
 Yomi AI            vs Multi-strategy      Match:  206 (486+ 280- 234=)
 Yomi AI            vs Inocencio           Match:    2 (361+ 359- 280=)
 Yomi AI            vs Peterbot            Match:  -11 (346+ 357- 297=)
 Yomi AI            vs Bugbrain            Match:  -31 (334+ 365- 301=)
 Yomi AI            vs Knucklehead         Match:  305 (558+ 253- 189=)
 Final results (draw value = 50):

 Tournament results: 

    Player Name          total     1    2    3    4    5    6    7    8    9   10   11   12   13   14   15   16   17   18   19   20   21   22   23   24   25   26   27   28   29   30   31   32   33   34   35   36   37   38   39   40   41   42
  1 Iocaine Powder       10802     0  161    3   52   85   67  521   29  153   68  210  197   41  -43   71   51   33  278  122  -10   50   28  349  124   -8   29  185  104  348  142   95  591  301   43  901  235  378  897  982  986  992  961
  2 Phasenbott            9949  -161    0   43   10   41   29  550  -14  169   71  224  223   52  -32   28   78   43  263   67    1   58  -30  242  194   44   32  104   -3  408  146   73  385  345   85  933  239  174  908  980  989  993  965
  3 MegaHAL               9598    -3  -43    0  -17    8   63   93   14   50  -38  256  243   13  -31   58   67   74  265   75  -28  -10   -5  259  208  -37  -43  161   36  115   47  189  395  295  241  856  480  373  944  989  988  998 1000
  4 Simple Modeller       9559   -52  -10   17    0   35  -31  -50   18  249   22   99  119   56   -5   94   43   53  310  138  -13  -16  -25  206  674  -51   15  231  253   -9   56  126  318   97  216  898  489  418  591  996  995  996  993
  5 Biopic                8678   -85  -41   -8  -35    0   58  -25   14   38   42  126  133   27  -37   15   52   25   78  120    8  -24  -33  323  136    8  -35  -11   59  420  169  152  471   74  206  701  282  396  894  996  996  996  997
  6 Robertot              7833   -67  -29  -63   31  -58    0  -26  -26   26  -57  -22   69   33   26   -4   43   28   67   60    2   -1   -1  292   91  -18  -64   10   52    4   29  184  411  102  120  877  439  407  895  980  991 1000 1000
  7 RussRocker4           7671  -521 -550  -93   50   25   26    0   47  111   24  154  170   79   20    6   63   38  169   40  -28   53   62  238  153  -11  -18  120  105  162   76   21  481  324  124  918  226  230  593  992  993  999 1000
  8 Boom                  7384   -29   14  -14  -18  -14   26  -47    0   -6  -52   24   38   36  -30  -29   65   82   31   50  -20  -22  -24  306   43    7   44   67   87   56  129  144  369  104  172  259  392  436  753  968  990  997 1000
  9 Simple Predictor      7120  -153 -169  -50 -249  -38  -26 -111    6    0  -37   27   31   47  -18   -8   41    8  153   50  -40  -35   -7  191  521  -79  -21  228  277   -4   75  154  336  140  188  330  416  390  588  986  989  993 1000
 10 ACT-R Lag2            6935   -68  -71   38  -22  -42   57  -24   52   37    0   94  142   52   25   -1   30   38  121   28   34   35   35  251  120  -83   17   19   25  -43  151   54  508   61   95  122  257  235  574  989  999  997  997
 11 Granite               6890  -210 -224 -256  -99 -126   22 -154  -24  -27  -94    0    1   47  -53  -55   55   59   16   87  -43  -78  -13  285  642  -46   -6   66   50   55  144  172  350  100  145  922  239  370  592  989  995  999  996
 12 Marble                6491  -197 -223 -243 -119 -133  -69 -170  -38  -31 -142   -1    0   52    7  -62   51   -4    5   11  -63 -123   15  251  657  -75  -11  -52   32   30  183  181  323   43  260  918  234  415  593  996  996 1000  994
 13 Piedra                6336   -41  -52  -13  -56  -27  -33  -79  -36  -47  -52  -47  -52    0  -68  -41   50   38  -45   35  -57  -37   40  126  795  -46  -16   47   -8  -24  171  157  108   79  163  269  187  374  591  989  994 1000 1000
 14 Shofar                6235    43   32   31    5   37  -26  -20   30   18  -25   53   -7   68    0   14   49    9   46   22  -23    8   -2  137  -12  -42  -39    2   76    1   46   95  164   37  210   44  446  351  564  907  919  976  991
 15 Bugbrain              6038   -71  -28  -58  -94  -15    4   -6   29    8    1   55   62   41  -14    0   58   42  216   50    0   31   35  109   35  -17   29  110    6   25   40   20  186  110  114  298  224  192  398  920  959  955  979
 16 * Anti-rotn           5887   -51  -78  -67  -43  -52  -43  -63  -65  -41  -30  -55  -51  -50  -49  -58    0  -10  -41  -29   23    3   -1  273  213  -45  -44   12    6  -24  245   56   85   24  310  498  464  174  499 1000  999  998  995
 17 Sweet Rocky           5794   -33  -43  -74  -53  -25  -28  -38  -82   -8  -38  -59    4  -38   -9  -42   10    0  -65   -5  -43  -26   -7   73  -58  -37  -63   69    9   53  174  154   81  118  174  525  266  389  591  994  990  996  998
 18 ZQ Bot                5310  -278 -263 -265 -310  -78  -67 -169  -31 -153 -121  -16   -5   45  -46 -216   41   65    0  -40  -67  -41  -39  265  -14  -36  -51   22   33   29  170  154  321  298  108  848  277  367  593  993  994  995  998
 19 Mixed Strategy        4852  -122  -67  -75 -138 -120  -60  -40  -50  -50  -28  -87  -11  -35  -22  -50   29    5   40    0  -18  -17    1   26  -11  -17  -12    6   -5  -62   61  180  282  110  122  168  130  362  532  936  969  997  993
 20 Vroomfondel           4728    10   -1   28   13   -8   -2   28   20   40  -34   43   63   57   23    0  -23   43   67   18    0   -2    2   96   13   -2   31  -16  -12   13   81   53  179  -13  121  -42  242  160  460    5  988  995  991
 21 Yomi AI               4722   -50  -58   10   16   24    1  -53   22   35  -35   78  123   37   -8  -31   -3   26   41   17    2    0   20  206    2  -24   14  -23  -13  205  106   77  305   70   80  -11  130  182  440   79  684 1000  999
 22 Majikthise            4679   -28   30    5   25   33    1  -62   24    7  -35   13  -15  -40    2  -35    1    7   39   -1   -2  -20    0  253   33   55   10   -4   -9   51   86   27  235   21  131    2  237  178  456  -10  992  994  992
 23 Multi-strategy        2469  -349 -242 -259 -206 -323 -292 -238 -306 -191 -251 -285 -251 -126 -137 -109 -273  -73 -265  -26  -96 -206 -253    0 -158  -50  -20    3  303    8  156  123  106   69  301  500  490  405  999  997  997  999  998
 24 Inocencio             1493  -124 -194 -208 -674 -136  -91 -153  -43 -521 -120 -642 -657 -795   12  -35 -213   58   14   11  -13   -2  -33  158    0   -9  -27   34  114  248  111  149  215  101   65  109  215  402  362  873  978  978  976
 25 * De Bruijn            701     8  -44   37   51   -8   18   11   -7   79   83   46   75   46   42   17   45   37   36   17    2   24  -55   50    9    0   -1   19  -17   -8   -5   23  -12   12   -8  -26   43   28  128   -1   21    0 -114
 26 * Pi                   107   -29  -32   43  -15   35   64   18  -44   21  -17    6   11   16   39  -29   44   63   51   12  -31  -14  -10   20   27    1    0   -1    8  -10   25  -81   -5  -20  -15   12  -37  -38   30   22  -11  -11  -11
 27 * Add-drift          -1589  -185 -104 -161 -231   11  -10 -120  -67 -228  -19  -66   52  -47   -2 -110  -12  -69  -22   -6   16   23    4   -3  -34  -19    1    0    6  -29    0   -2   -4  -76    3  -21  -30   29  -47   -7   24  -35    8
 28 * Copy-drift         -1773  -104    3  -36 -253  -59  -52 -105  -87 -277  -25  -50  -32    8  -76   -6   -6   -9  -33    5   12   13    9 -303 -114   17   -8   -6    0  -31   19   14  -42    9   29  -38  -32  -19  -24  -67  -37    0   20
 29 * Foxtrot            -2064  -348 -408 -115    9 -420   -4 -162  -56    4   43  -55  -30   24   -1  -25   24  -53  -29   62  -13 -205  -51   -8 -248    8   10   29   31    0  -52  -57    9   16   28  -29    2   -3   28  -16    1  -27   23
 30 * Flat               -3001  -142 -146  -47  -56 -169  -29  -76 -129  -75 -151 -144 -183 -171  -46  -40 -245 -174 -170  -61  -81 -106  -86 -156 -111    5  -25    0  -19   52    0  -18  -15   -3  -21 -202   -6  -14  236  211   11    0 -399
 31 * Text               -3010   -95  -73 -189 -126 -152 -184  -21 -144 -154  -54 -172 -181 -157  -95  -20  -56 -154 -154 -180  -53  -77  -27 -123 -149  -23   81    2  -14   57   18    0  -26    7  -30   32  -15   34 -185  -74  -11 -185  112
 32 Knucklehead          -3025  -591 -385 -395 -318 -471 -411 -481 -369 -336 -508 -350 -323 -108 -164 -186  -85  -81 -321 -282 -179 -305 -235 -106 -215   12    5    4   42   -9   15   26    0   79   -2   -2   22   11  165  899  969  970  974
 33 * Add-react          -3114  -301 -345 -295  -97  -74 -102 -324 -104 -140  -61 -100  -43  -79  -37 -110  -24 -118 -298 -110   13  -70  -21  -69 -101  -12   20   76   -9  -16    3   -7  -79    0  -33  -70   54   34    7    1  -52    0  -21
 34 * Switch A Lot       -3558   -43  -85 -241 -216 -206 -120 -124 -172 -188  -95 -145 -260 -163 -210 -114 -310 -174 -108 -122 -121  -80 -131 -301  -65    8   15   -3  -29  -28   21   30    2   33    0 -114  -14   36   -7  280  -10   10    6
 35 Peterbot             -6304  -901 -933 -856 -898 -701 -877 -918 -259 -330 -122 -922 -918 -269  -44 -298 -498 -525 -848 -168   42   11   -2 -500 -109   26  -12   21   38   29  202  -32    2   70  114    0  276  400  433  981  998 1000  993
 36 Always Switchin'     -6997  -235 -239 -480 -489 -282 -439 -226 -392 -416 -257 -239 -234 -187 -446 -224 -464 -266 -277 -130 -242 -130 -237 -490 -215  -43   37   30   32   -2    6   15  -22  -54   14 -276    0    6   -6  480   27    1   -6
 37 R-P-S 20-20-60       -9176  -378 -174 -373 -418 -396 -407 -230 -436 -390 -235 -370 -415 -374 -351 -192 -174 -389 -367 -362 -160 -182 -178 -405 -402  -28   38  -29   19    3   14  -34  -11  -34  -36 -400   -6    0 -428 -124    0 -456   94
 38 Beat Frequent Pick  -14241  -897 -908 -944 -591 -894 -895 -593 -753 -588 -574 -592 -593 -591 -564 -398 -499 -591 -593 -532 -460 -440 -456 -999 -362 -128  -30   47   24  -28 -236  185 -165   -7    7 -433    6  428    0 -600    0  999  997
 39 Beat The Last Move  -20514  -982 -980 -989 -996 -996 -980 -992 -968 -986 -989 -989 -996 -989 -907 -920 -1000 -994 -993 -936   -5  -79   10 -997 -873    1  -22    7   67   16 -211   74 -899   -1 -280 -981 -480  124  600    0    1 1000  996
 40 Rotate R-P-S        -25990  -986 -989 -988 -995 -996 -991 -993 -990 -989 -999 -995 -996 -994 -919 -959 -999 -990 -994 -969 -988 -684 -992 -997 -978  -21   11  -24   37   -1  -11   11 -969   52   10 -998  -27    0    0   -1    0    0 -689
 41 Good Ole Rock       -26111  -992 -993 -998 -996 -996 -1000 -999 -997 -993 -997 -999 -1000 -1000 -976 -955 -998 -996 -995 -997 -995 -1000 -994 -999 -978    0   11   35    0   27    0  185 -970    0  -10 -1000   -1  456 -999 -1000    0    0  998
 42 * Anti-Flat         -27794  -961 -965 -1000 -993 -997 -1000 -1000 -1000 -1000 -997 -996 -994 -1000 -991 -979 -995 -998 -998 -993 -991 -999 -992 -998 -976  114   11   -8  -20  -23  399 -112 -974   21   -6 -993    6  -94 -997 -996  689 -998    0

 Match results (draw <= 50): 

    Player Name           total  W  L  D   1  2  3  4  5  6  7  8  9 10 11 12 13 14 15 16 17 18 19 20 21 22 23 24 25 26 27 28 29 30 31 32 33 34 35 36 37 38 39 40 41 42
  1 Iocaine Powder          71  30  0 11   1  2  1  2  2  2  1  2  1  1  1  2  2  2  1  2  1  1  2  2  2  1  2  2  1  2  2  2  2  2  2  2  2  2  2  1  2  2  2  2  2  2
  2 Phasenbott              67  27  1 13   0  1  1  1  2  1  1  2  2  1  1  1  2  1  1  2  1  2  2  2  2  1  2  2  1  2  2  2  1  2  2  2  2  2  2  2  2  2  2  2  2  2
  3 MegaHAL                 66  25  0 16   1  1  1  1  2  1  1  1  1  1  1  2  1  2  1  2  2  1  2  2  2  1  2  2  1  2  2  2  1  2  2  1  2  2  2  2  2  2  2  2  2  2
  4 Simple Modeller         64  25  2 14   0  1  1  1  1  1  1  1  1  1  1  2  2  1  1  2  2  2  1  2  2  0  2  2  1  2  2  2  2  1  2  2  2  2  2  2  2  2  2  2  2  2
  5 RussRocker4             63  25  3 13   0  0  0  1  1  1  1  1  2  1  1  1  2  1  2  2  1  2  2  1  2  1  2  2  1  2  2  2  2  2  2  2  2  1  2  2  2  2  2  2  2  2
  6 Biopic                  63  23  1 17   0  1  1  1  1  1  1  1  1  1  1  1  1  2  1  2  1  1  2  2  2  1  2  2  1  2  1  2  2  2  2  2  2  2  2  2  2  2  2  2  2  2
  7 Boom                    59  19  1 21   1  1  1  1  1  1  1  0  1  1  1  1  1  1  1  1  2  1  2  1  1  1  1  1  1  2  2  2  2  2  2  2  2  2  2  2  2  2  2  2  2  2
  8 ACT-R Lag2              59  21  3 17   0  0  1  1  1  1  2  1  1  1  1  1  1  2  1  2  1  2  1  1  2  0  2  2  1  2  1  2  1  1  2  2  2  2  2  2  2  2  2  2  2  2
  9 Yomi AI                 55  16  2 23   1  0  1  1  0  1  1  1  1  1  1  1  1  1  1  2  1  1  1  1  1  1  2  1  1  2  1  1  1  2  2  2  2  2  2  2  2  2  2  2  2  2
 10 Shofar                  55  14  0 27   1  1  1  1  1  1  1  1  1  1  1  1  1  1  1  2  1  2  1  1  1  1  1  1  1  2  1  1  2  1  2  1  1  2  2  2  2  2  2  2  2  2
 11 Vroomfondel             55  14  0 27   1  1  1  1  1  1  1  1  1  1  1  1  1  1  1  1  1  2  1  1  1  1  2  2  1  2  1  1  1  1  2  2  1  2  1  2  2  2  2  2  2  2
 12 Bugbrain                55  17  3 21   0  1  0  0  1  1  1  1  1  1  1  1  1  1  1  2  1  1  2  1  1  1  2  2  1  2  2  2  1  1  2  1  2  1  2  2  2  2  2  2  2  2
 13 Simple Predictor        54  18  5 18   0  0  1  0  0  1  1  1  1  1  1  1  1  1  1  1  1  1  1  1  2  0  1  2  1  2  2  2  2  1  2  2  2  2  2  2  2  2  2  2  2  2
 14 Robertot                54  18  5 18   0  1  0  1  1  0  1  0  1  1  1  1  1  1  1  1  1  1  1  2  2  1  2  2  0  2  1  2  2  1  2  1  2  2  2  2  2  2  2  2  2  2
 15 Majikthise              52  12  1 28   1  1  1  1  0  1  1  1  1  1  1  1  1  1  1  1  1  1  1  1  1  2  1  1  1  2  1  1  1  2  2  2  1  1  1  2  2  2  2  2  2  2
 16 Granite                 51  20 10 11   0  0  0  0  0  0  1  0  0  0  1  0  1  1  1  1  2  1  2  2  2  1  1  1  1  2  2  2  1  2  2  2  2  2  2  2  2  2  2  2  2  2
 17 Sweet Rocky             50  16  7 18   1  1  0  0  1  1  0  1  1  1  1  1  1  1  1  0  1  1  1  1  0  1  1  0  0  2  2  2  1  2  2  2  2  2  2  2  2  2  2  2  2  2
 18 Piedra                  49  15  7 19   1  0  1  0  0  1  1  0  1  0  0  1  1  1  1  1  1  1  1  1  2  1  0  1  1  2  1  2  1  1  2  2  2  2  2  2  2  2  2  2  2  2
 19 * Anti-rotn             46  14  9 18   0  0  0  1  0  0  0  1  1  1  1  0  1  1  1  0  1  1  1  1  2  1  0  1  1  2  1  2  1  1  2  2  1  2  2  2  2  2  2  2  2  2
 20 Mixed Strategy          46  13  8 20   0  0  0  0  1  0  1  1  1  1  1  1  1  0  1  0  1  1  1  1  1  1  1  1  1  1  1  2  1  0  2  2  2  2  2  2  2  2  2  2  2  2
 21 Inocencio               45  17 13 11   0  0  0  0  0  0  1  0  1  1  1  1  0  0  1  0  2  0  0  1  1  1  0  1  1  2  1  2  2  2  2  2  2  2  2  2  2  2  2  2  2  2
 22 * De Bruijn             44   5  2 34   1  1  1  2  1  1  1  2  1  1  1  1  2  1  0  1  1  1  1  1  1  1  2  1  1  1  1  1  1  1  1  1  1  1  1  1  1  1  2  1  1  0
 23 Marble                  44  16 13 12   0  0  0  0  0  0  1  0  0  1  0  0  1  0  1  1  1  2  2  1  2  0  1  1  1  2  0  2  1  1  2  2  1  2  2  2  2  2  2  2  2  2
 24 ZQ Bot                  44  15 12 14   0  0  0  0  0  0  1  0  1  1  0  0  0  0  1  1  2  1  1  1  1  1  1  1  0  2  1  2  1  1  2  2  2  2  2  2  2  2  2  2  2  2
 25 * Pi                    43   3  1 37   1  1  1  1  1  1  1  1  1  1  1  1  1  2  1  1  2  1  1  1  1  1  1  2  1  1  1  1  1  1  1  1  1  0  1  1  1  1  1  1  1  1
 26 Multi-strategy          33  14 22  5   0  0  0  0  0  0  0  0  0  0  0  0  0  0  0  0  0  0  0  1  0  1  0  0  1  1  1  2  2  1  2  2  2  2  2  2  2  2  2  2  2  2
 27 * Add-drift             31   1 11 29   0  0  0  0  0  1  0  1  1  1  1  0  0  1  1  0  0  1  1  1  1  1  2  1  1  1  1  1  1  1  1  1  0  1  1  1  1  1  1  1  1  1
 28 Peterbot                31  10 20 11   0  0  0  0  0  0  0  0  1  1  1  0  0  0  1  0  0  0  0  0  0  1  0  0  1  0  1  1  1  1  1  2  2  1  2  2  2  2  2  2  2  2
 29 * Copy-drift            30   0 11 30   0  1  1  0  0  0  0  1  1  0  1  1  0  0  1  1  1  1  1  1  0  1  1  1  1  0  1  1  1  1  1  1  1  1  0  1  1  1  1  1  1  1
 30 * Foxtrot               29   1 13 27   0  0  0  1  0  0  0  1  0  1  1  1  1  1  0  0  0  1  1  2  0  1  1  1  1  1  1  1  1  1  1  0  1  0  1  1  1  1  1  1  1  1
 31 Knucklehead             23   6 24 11   0  0  0  0  0  0  0  0  0  0  0  0  0  0  0  0  0  0  0  0  0  1  0  0  1  0  1  1  1  1  1  1  2  1  2  1  2  1  2  2  1  2
 32 * Flat                  22   3 22 16   0  0  1  0  0  0  0  0  0  1  0  1  0  1  0  0  0  0  0  0  0  1  0  0  1  0  1  0  1  2  1  1  1  1  2  1  1  1  2  1  1  0
 33 * Add-react             21   2 22 17   0  0  0  0  0  0  0  0  0  1  1  0  0  0  1  0  0  0  1  0  0  1  1  0  1  0  2  0  1  1  0  1  1  1  1  1  1  2  1  0  1  1
 34 * Text                  20   3 24 14   0  0  0  0  1  0  0  0  0  0  0  1  0  0  1  0  0  0  0  0  0  1  0  0  2  0  1  1  1  2  1  1  1  1  0  1  0  1  0  1  1  2
 35 Beat The Last Move      20   6 27  8   0  0  0  0  0  0  0  0  0  0  1  0  0  0  1  0  0  0  0  0  0  1  0  0  1  0  1  0  2  1  0  0  1  2  1  0  2  0  2  1  2  2
 36 * Switch A Lot          18   1 24 16   1  0  0  0  0  0  0  0  0  0  0  0  0  0  0  0  0  0  0  0  0  1  0  0  1  0  1  0  1  1  1  1  1  1  2  1  1  1  1  1  1  1
 37 Good Ole Rock           16   3 28 10   0  0  0  0  0  0  0  0  0  0  0  0  0  0  0  0  0  0  0  0  0  1  0  0  1  0  1  0  1  1  0  1  1  2  0  1  1  1  0  1  2  2
 38 Always Switchin'        16   1 26 14   0  0  0  0  0  0  0  0  0  0  0  0  0  0  0  0  0  0  0  0  0  1  0  0  1  0  1  0  1  1  1  1  0  1  2  1  1  1  1  1  1  1
 39 Beat Frequent Pick      16   4 29  8   0  0  0  0  0  0  0  0  0  0  0  0  0  0  0  0  0  0  0  0  0  0  0  0  1  0  1  0  1  1  0  0  1  2  0  1  2  1  1  1  2  2
 40 Rotate R-P-S            15   1 27 13   0  0  0  0  0  0  0  0  0  0  0  0  0  0  0  0  0  0  0  0  0  1  0  0  1  0  1  0  1  1  0  1  2  1  1  1  1  1  1  1  1  0
 41 R-P-S 20-20-60          14   1 28 12   0  0  0  0  0  0  0  0  0  0  0  0  0  0  0  0  0  0  0  0  0  1  0  0  1  0  1  0  1  1  1  1  1  1  0  1  0  1  0  1  1  2
 42 * Anti-Flat             13   3 31  7   0  0  0  0  0  0  0  0  0  0  0  0  0  0  0  0  0  0  0  0  0  2  0  0  1  0  1  0  1  1  0  2  1  0  0  1  0  1  0  2  0  1


   Yomi AI is match ranked 9

 Tournament results:
    Player Name          total 
  1 Yomi AI               4722 
 15 * Anti-rotn           5887 
 19 Iocaine Powder       10802 
 20 Phasenbott            9949 
 21 MegaHAL               9598 
 22 RussRocker4           7671 
 23 Biopic                8678 
 24 Simple Modeller       9559 
 25 Simple Predictor      7120 
 26 Robertot              7833 
 27 Boom                  7384 
 28 Shofar                6235 
 29 ACT-R Lag2            6935 
 31 Vroomfondel           4728 
 32 Granite               6890 
 33 Marble                6491 
 34 ZQ Bot                5310 
 35 Sweet Rocky           5794 
 36 Piedra                6336 
 37 Mixed Strategy        4852 
 41 Bugbrain              6038 

   Yomi is tournament ranked 21

