 Playing 1 tournaments with 1000 trials per match...

 Yomi AI            vs Good Ole Rock       Match: 1000 (1000+   0-   0=)
 Yomi AI            vs R-P-S 20-20-60      Match:  252 (490+ 238- 272=)
 Yomi AI            vs Rotate R-P-S        Match:  556 (642+  86- 272=)
 Yomi AI            vs Beat The Last Move  Match:   32 (336+ 304- 360=)
 Yomi AI            vs Always Switchin'    Match:  168 (429+ 261- 310=)
 Yomi AI            vs Beat Frequent Pick  Match:  364 (558+ 194- 248=)
 Yomi AI            vs * Pi                Match:  -29 (321+ 350- 329=)
 Yomi AI            vs * Switch A Lot      Match:   21 (346+ 325- 329=)
 Yomi AI            vs * Flat              Match:  117 (390+ 273- 337=)
 Yomi AI            vs * Anti-Flat         Match:  976 (977+   1-  22=)
 Yomi AI            vs * Foxtrot           Match:  267 (491+ 224- 285=)
 Yomi AI            vs * De Bruijn         Match:  -29 (318+ 347- 335=)
 Yomi AI            vs * Text              Match:   79 (377+ 298- 325=)
 Yomi AI            vs * Anti-rotn         Match:   19 (343+ 324- 333=)
 Yomi AI            vs * Copy-drift        Match:  -21 (319+ 340- 341=)
 Yomi AI            vs * Add-react         Match:   -2 (340+ 342- 318=)
 Yomi AI            vs * Add-drift         Match:    5 (336+ 331- 333=)
 Yomi AI            vs Iocaine Powder      Match:  -45 (306+ 351- 343=)
 Yomi AI            vs Phasenbott          Match:  -58 (301+ 359- 340=)
 Yomi AI            vs MegaHAL             Match:    9 (353+ 344- 303=)
 Yomi AI            vs RussRocker4         Match:   18 (356+ 338- 306=)
 Yomi AI            vs Biopic              Match:   43 (375+ 332- 293=)
 Yomi AI            vs Simple Modeller     Match:    6 (344+ 338- 318=)
 Yomi AI            vs Simple Predictor    Match:   28 (365+ 337- 298=)
 Yomi AI            vs Robertot            Match:   41 (360+ 319- 321=)
 Yomi AI            vs Boom                Match:   23 (360+ 337- 303=)
 Yomi AI            vs Shofar              Match:  -52 (308+ 360- 332=)
 Yomi AI            vs ACT-R Lag2          Match:   56 (371+ 315- 314=)
 Yomi AI            vs Majikthise          Match:  -36 (313+ 349- 338=)
 Yomi AI            vs Vroomfondel         Match:   28 (357+ 329- 314=)
 Yomi AI            vs Granite             Match:   72 (394+ 322- 284=)
 Yomi AI            vs Marble              Match:   58 (377+ 319- 304=)
 Yomi AI            vs ZQ Bot              Match:  -18 (357+ 375- 268=)
 Yomi AI            vs Sweet Rocky         Match:   12 (349+ 337- 314=)
 Yomi AI            vs Piedra              Match:   41 (364+ 323- 313=)
 Yomi AI            vs Mixed Strategy      Match:   72 (376+ 304- 320=)
 Yomi AI            vs Multi-strategy      Match:  230 (472+ 242- 286=)
 Yomi AI            vs Inocencio           Match:   90 (408+ 318- 274=)
 Yomi AI            vs Peterbot            Match:  126 (415+ 289- 296=)
 Yomi AI            vs Bugbrain            Match:   14 (349+ 335- 316=)
 Yomi AI            vs Knucklehead         Match:  303 (499+ 196- 305=)
 Final results (draw value = 50):

 Tournament results: 

    Player Name          total     1    2    3    4    5    6    7    8    9   10   11   12   13   14   15   16   17   18   19   20   21   22   23   24   25   26   27   28   29   30   31   32   33   34   35   36   37   38   39   40   41   42
  1 Iocaine Powder       11090     0  127   78  489   27  -11  192    5   66   -4  -34  244   49  240  328   14  104   53   73   45   16   31  308  -42   -2  108  220  317  224  189  319  570   68   79  895  364  433  931  990  988 1000  999
  2 Phasenbott           10059  -127    0   50  541   10   70  104   34   -5   42   16  216   61  225  289   44   66   55   85   58   10    5  222   41   24  120  104  390  166   53  323  386  114   74  906  232  153  955  985  991  995  976
  3 MegaHAL               9747   -78  -50    0   58   13   -5   65   32   45   24  -37  294   72  278  244  -36   41   80   -5   -9  -51  -18  243  -12   13  179   85   63  202   98  297  361  290  189  970  447  448  944  991  991  999  992
  4 RussRocker4           8577  -489 -541  -58    0  -13  -25   93   46   56   30   21  140   37  162  170   22   18   95   72  -18   21   35  270  -30    0  183   89  138  789  134  305  498  133   59  915  317  323  594  993  993 1000 1000
  5 Biopic                8375   -27  -10  -13   13    0  -23   17   31   34  -34  -12  168   50  127   69  -11   31   48   61  -43   20  -11  222  -24  -38   20   82  419  104  162   86  499  145  148  722  305  414  652  997  992  999  984
  6 Simple Modeller       8196    11  -70    5   25   23    0  236   36   35   -7   15   54   27  103  274   51    3   48   60   -6  -27   -3  173   -9   17  271  299   13   60  162  104  220  208  134  239  450  393  594  993  989  999  994
  7 Simple Predictor      8118  -192 -104  -65  -93  -17 -236    0    2   67   22   34   22   36  -17  167   45  -84   50   66  -28   -1   -1  220  -62  -14  308  254  -32  768   74  132  284  173  149  815  413  409  588  985  990  993  998
  8 Boom                  7345    -5  -34  -32  -46  -31  -36   -2    0   24   13    9   45   35   87   46  -18   -7   57   23  -23  -16  -19  238  -27  -17   82   55    1   -4   60  112  471  157  118  471  426  401  753  991  990  997 1000
  9 Sweet Rocky           7177   -66    5  -45  -56  -34  -35  -67  -24    0  -39  -16  -19   16  -11  -19  -41  -41   35  -22  -12    0  -34   50   -9  -50   31   59   20  786  106   75  178  178  180  862  270  394  593  994  990  998  997
 10 Robertot              7166     4  -42  -24  -30   34    7  -22  -13   39    0   -6   59   59   67   69    1  -23   65   20  -41  -14  -28  192  -28  -39   34   93   18   38   88   64  327   79  181  404  455  369  914  812  993  998  993
 11 Shofar                6473    34  -16   37  -21   12  -15  -34   -9   16    6    0   81   25   59   40   10   -6   40   78   52  -30   33  137  -36   -5   26  148   -3    2   35   54  135  166  162  179  432  313  550  886  938  975  987
 12 Granite               6422  -244 -216 -294 -140 -168  -54  -22  -45   19  -59  -81    0   29   14   50  -82 -141   57   21  -72  -82  -41  244  -38  -50   72   46  157  652  128  105  288  119  174  897  233  375  594  989  995 1000  993
 13 Piedra                6346   -49  -61  -72  -37  -50  -27  -36  -35  -16  -59  -25  -29    0  -28  -85  -39  -47   41  -53  -41  -35  -57  139   13  -26  -14   40   34  790  102  217  200   32  180  174  330  410  593  996  984  995  997
 14 Marble                6343  -240 -225 -278 -162 -127 -103   17  -87   11  -67  -59  -14   28    0   20  -94 -145   62  -12  -58  -16   -9  280 -126  -54   37   31   19  641  212   99  299  173  178  937  242  361  591  992  995 1000  994
 15 ZQ Bot                5995  -328 -289 -244 -170  -69 -274 -167  -46   19  -69  -40  -50   85  -20    0 -188  -72   51   -6   18  -29  -30  167  -40  -50   22   46   -1  743  171  200  340  156  168  699  322  403  593  993  991  996  994
 16 Bugbrain              5762   -14  -44   36  -22   11  -51  -45   18   41   -1  -10   82   39   94  188    0  -21   84   53  -14  -46   21  100   -1  -13   65   47   -4   29   -5  102   74  114   51  179  234  190  379  971  883  968 1000
 17 ACT-R Lag2            5720  -104  -66  -41  -18  -31   -3   84    7   41   23    6  141   47  145   72   21    0   -9    1  -56  -17  -13  264 -102   10   -3   40  -25   66   92   87  519  137  126  128  235  340  581   11  994  996  994
 18 * Anti-rotn           5208   -53  -55  -80  -95  -48  -48  -50  -57  -35  -65  -40  -57  -41  -62  -51  -84    9    0  -13  -19  -17  -41  245  -50  -46    3  -54   20  779  190    2   74  336   56   51  482  137  500  500  996  998  991
 19 Mixed Strategy        4936   -73  -85    5  -72  -61  -60  -66  -23   22  -20  -78  -21   53   12    6  -53   -1   13    0  -72  -77  -52  -31    0  -35   26    9    1  -43   48   72  237   34  176  286   56  404  464  956  986  995  998
 20 Yomi AI               4836   -45  -58    9   18   43    6   28   23   12   41  -52   72   41   58  -18   14   56   19   72    0  -36   28  230  -29  -29    5  -21  267   90  117   -2  303   21   79  126  168  252  364   32  556 1000  976
 21 Majikthise            4830   -16  -10   51  -21  -20   27    1   16    0   14   30   82   35   16   29   46   17   17   77   36    0  -60  156    9   33  -20    0  -34   54   54    8  211  106   62   27  252  138  469  -26  992  995  977
 22 Vroomfondel           4650   -31   -5   18  -35   11    3    1   19   34   28  -33   41   57    9   30  -21   13   41   52  -28   60    0  157   -8   36  -23  -49   32   94   23    5  214   69   38    5  248  119  478  -18  994  994  978
 23 Multi-strategy        2795  -308 -222 -243 -270 -222 -173 -220 -238  -50 -192 -137 -244 -139 -280 -167 -100 -264 -245   31 -230 -156 -157    0  -50  -20   56  274  -19  -51  162  -11    4  240  123  500  481  343  999  997  997  999  997
 24 * De Bruijn            639    42  -41   12   30   24    9   62   27    9   28   36   38  -13  126   40    1  102   50    0   29   -9    8   50    0   -1  -56   21  -37   32  -33   10   50  -40   23   -9  -37   18  128   -1   21    0 -110
 25 * Pi                   378     2  -24  -13    0   38  -17   14   17   50   39    5   50   26   54   50   13  -10   46   35   29  -33  -36   20    1    0  -11   -9   30   31   25   58   25  -22  -81   13  -40  -15   30   22  -11  -11  -12
 26 * Add-drift          -1601  -108 -120 -179 -183  -20 -271 -308  -82  -31  -34  -26  -72   14  -37  -22  -65    3   -3  -26   -5   20   23  -56   56   11    0  -52   12  -63    0 -102   29    1  -45   36   11   67  -12   25    8  -33   38
 27 * Copy-drift         -2051  -220 -104  -85  -89  -82 -299 -254  -55  -59  -93 -148  -46  -40  -31  -46  -47  -40   54   -9   21    0   49 -274  -21    9   52    0   -4  -71    3  -16  -65  -13  -12  -60   11  -22   21  -12   21   -8   33
 28 * Foxtrot            -2223  -317 -390  -63 -138 -419  -13   32   -1  -20  -18    3 -157  -34  -19    1    4   25  -20   -1 -267   34  -32   19   37  -30  -12    4    0 -299   11  -10   27  -28   -3  -40  -40  -74   14    6  -10   17   -2
 29 Inocencio            -2506  -224 -166 -202 -789 -104  -60 -768    4 -786  -38   -2 -652 -790 -641 -743  -29  -66 -779   43  -90  -54  -94   51  -32  -31   63   71  299    0  142   90  219  143  154   88  258  403  363 -693  985  982  969
 30 * Flat               -2756  -189  -53  -98 -134 -162 -162  -74  -60 -106  -88  -35 -128 -102 -212 -171    5  -92 -190  -48 -117  -54  -23 -162   33  -25    0   -3  -11 -142    0  -12   25   25    2 -179    8   -7  227  200  -14    2 -430
 31 * Add-react          -2883  -319 -323 -297 -305  -86 -104 -132 -112  -75  -64  -54 -105 -217  -99 -200 -102  -87   -2  -72    2   -8   -5   11  -10  -58  102   16   10  -90   12    0  -35    0   25  -62  -11  -30   -3  -18   -7   40   -9
 32 Knucklehead          -3100  -570 -386 -361 -498 -499 -220 -284 -471 -178 -327 -135 -288 -200 -299 -340  -74 -519  -74 -237 -303 -211 -214   -4  -50  -25  -29   65  -27 -219  -25   35    0  -29    8   30   40   69  146  943  696  983  981
 33 * Switch A Lot       -3134   -68 -114 -290 -133 -145 -208 -173 -157 -178  -79 -166 -119  -32 -173 -156 -114 -137 -336  -34  -21 -106  -69 -240   40   22   -1   13   28 -143  -25    0   29    0  -10 -110   -5   18    1  356  -85  -13   -1
 34 * Text               -3233   -79  -74 -189  -59 -148 -134 -149 -118 -180 -181 -162 -174 -180 -178 -168  -51 -126  -56 -176  -79  -62  -38 -123  -23   81   45   12    3 -154   -2  -25   -8   10    0   27    3   26 -185  -74  -11 -185  111
 35 Peterbot             -6016  -895 -906 -970 -915 -722 -239 -815 -471 -862 -404 -179 -897 -174 -937 -699 -179 -128  -51 -286 -126  -27   -5 -500    9  -13  -36   60   40  -88  179   62  -30  110  -27    0  235  456  441  981  998  999  995
 36 Always Switchin'     -7286  -364 -232 -447 -317 -305 -450 -413 -426 -270 -455 -432 -233 -330 -242 -322 -234 -235 -482  -56 -168 -252 -248 -481   37   40  -11  -11   40 -258   -8   11  -40    5   -3 -235    0   73   18  502  -38    8  -22
 37 R-P-S 20-20-60       -9168  -433 -153 -448 -323 -414 -393 -409 -401 -394 -369 -313 -375 -410 -361 -403 -190 -340 -137 -404 -252 -138 -119 -343  -18   15  -67   22   74 -403    7   30  -69  -18  -26 -456  -73    0 -406 -143   10 -395  270
 38 Beat Frequent Pick  -14057  -931 -955 -944 -594 -652 -594 -588 -753 -593 -914 -550 -594 -593 -591 -593 -379 -581 -500 -464 -364 -469 -478 -999 -128  -30   12  -21  -14 -363 -227    3 -146   -1  185 -441  -18  406    0 -600    0  999 1000
 39 Beat The Last Move  -17503  -990 -985 -991 -993 -997 -993 -985 -991 -994 -812 -886 -989 -996 -992 -993 -971  -11 -500 -956  -32   26   18 -997    1  -22  -25   12   -6  693 -200   18 -943 -356   74 -981 -502  143  600    0    1 1000 1000
 40 Rotate R-P-S        -25459  -988 -991 -991 -993 -992 -989 -990 -990 -990 -993 -938 -995 -984 -995 -991 -883 -994 -996 -986 -556 -992 -994 -997  -21   11   -8  -21   10 -985   14    7 -696   85   11 -998   38  -10    0   -1    0    0 -687
 41 Good Ole Rock       -26274  -1000 -995 -999 -1000 -999 -999 -993 -997 -998 -998 -975 -1000 -995 -1000 -996 -968 -996 -998 -995 -1000 -995 -994 -999    0   11   33    8  -17 -982   -2  -40 -983   13  185 -999   -8  395 -999 -1000    0    0 1000
 42 * Anti-Flat         -27933  -999 -976 -992 -1000 -984 -994 -998 -1000 -997 -993 -987 -993 -997 -994 -994 -1000 -994 -991 -998 -976 -977 -978 -997  110   12  -38  -33    2 -969  430    9 -981    1 -111 -995   22 -270 -1000 -1000  687 -1000    0

 Match results (draw <= 50): 

    Player Name           total  W  L  D   1  2  3  4  5  6  7  8  9 10 11 12 13 14 15 16 17 18 19 20 21 22 23 24 25 26 27 28 29 30 31 32 33 34 35 36 37 38 39 40 41 42
  1 Iocaine Powder          70  29  0 12   1  2  2  2  1  1  1  1  1  1  1  2  1  2  1  2  1  2  2  2  1  2  1  2  2  2  2  2  2  2  2  2  2  2  2  2  2  2  2  2  2  2
  2 Phasenbott              69  29  1 11   0  1  1  2  2  1  1  1  1  1  2  2  1  2  1  1  2  2  2  2  1  2  1  2  2  2  2  2  2  2  2  2  2  2  2  2  2  2  2  2  2  2
  3 MegaHAL                 64  25  2 14   0  1  1  2  1  1  1  1  1  1  1  1  0  2  1  1  2  2  2  2  1  2  1  1  2  2  2  2  2  2  2  2  2  2  2  2  2  2  2  2  2  2
  4 RussRocker4             63  25  3 13   0  0  0  1  1  1  1  1  1  1  1  1  1  2  1  2  1  2  2  2  1  2  1  2  2  2  2  2  2  2  2  2  2  2  2  2  2  2  2  2  2  2
  5 Simple Modeller         63  23  1 17   1  0  1  1  1  1  1  1  1  2  1  1  1  2  1  1  1  2  2  1  1  2  1  2  2  2  1  2  2  2  2  2  2  2  2  2  2  2  2  2  2  2
  6 Biopic                  62  21  0 20   1  1  1  1  1  1  1  1  1  1  1  1  1  1  1  1  1  2  2  1  1  2  1  2  2  2  2  1  2  2  2  2  2  2  2  2  2  2  2  2  2  2
  7 Robertot                61  20  0 21   1  1  1  1  1  1  1  1  1  1  1  1  1  1  1  1  2  2  2  2  1  2  1  1  1  2  1  1  2  2  2  2  2  2  2  2  2  2  2  2  2  2
  8 Boom                    59  18  0 23   1  1  1  1  1  1  1  1  1  1  1  1  1  1  1  1  1  1  1  2  1  2  1  1  1  2  1  2  2  2  2  2  2  2  2  2  2  2  2  2  2  2
  9 Shofar                  59  18  0 23   1  1  1  1  1  1  1  1  1  1  2  1  1  1  1  1  1  1  2  1  1  2  1  2  1  2  1  1  2  2  2  2  2  1  2  2  2  2  2  2  2  2
 10 Bugbrain                59  19  1 21   1  1  1  1  0  1  1  1  1  1  1  1  1  1  1  1  1  2  2  2  1  2  1  2  1  2  1  2  2  1  2  2  2  1  2  2  2  2  2  2  2  2
 11 Yomi AI                 56  17  2 22   1  0  1  1  1  1  1  1  0  1  1  2  1  1  1  1  1  1  2  1  1  2  1  2  2  2  2  1  2  1  2  1  1  2  1  2  2  2  2  2  2  2
 12 ACT-R Lag2              55  18  4 19   0  0  1  1  1  1  1  1  1  1  0  1  1  2  1  1  1  2  2  1  0  2  1  1  2  2  1  1  2  1  2  1  2  2  2  2  2  2  2  2  2  2
 13 Majikthise              55  15  1 25   1  1  2  1  1  1  1  1  1  1  1  1  1  1  0  1  1  1  2  1  1  1  1  2  2  2  1  1  1  1  2  1  1  2  2  2  2  2  2  2  2  2
 14 Simple Predictor        54  20  7 14   0  0  0  0  0  1  1  1  1  1  1  0  1  1  1  2  1  2  1  1  0  1  1  2  2  2  1  2  2  2  2  2  2  2  2  2  2  2  2  2  2  2
 15 Vroomfondel             54  13  0 28   1  1  1  1  1  1  1  1  1  1  1  1  2  1  1  1  2  1  1  1  1  1  1  2  2  2  1  1  1  1  2  1  1  1  2  2  1  2  2  2  2  2
 16 Sweet Rocky             53  15  3 23   0  1  1  0  1  1  1  1  1  1  1  1  1  0  1  1  1  1  1  1  1  1  1  1  2  1  1  1  2  2  2  2  2  2  2  2  2  2  2  2  2  2
 17 Piedra                  49  14  6 21   1  0  0  1  1  1  0  1  1  1  1  1  1  1  0  1  1  0  1  1  1  1  1  0  2  2  1  1  2  1  2  2  2  2  1  2  2  2  2  2  2  2
 18 ZQ Bot                  48  17 10 14   0  0  0  0  0  0  0  1  1  0  1  0  1  0  1  1  2  1  1  2  1  1  1  1  2  2  1  1  2  1  2  2  2  2  2  2  2  2  2  2  2  2
 19 Granite                 47  18 12 11   0  0  0  0  0  0  0  1  0  0  0  0  0  1  1  1  1  1  1  2  1  1  1  1  2  2  2  2  2  1  2  2  2  2  2  2  2  2  2  2  2  2
 20 * Anti-rotn             44  14 11 16   0  0  0  0  1  1  0  0  1  0  1  1  1  1  1  1  1  0  0  1  1  0  1  1  2  2  1  1  2  0  2  2  1  2  2  2  2  2  2  2  2  2
 21 * De Bruijn             43   4  2 35   1  1  1  1  1  1  1  1  1  1  1  2  1  2  1  1  1  1  1  1  1  2  1  1  1  1  1  0  1  1  1  1  1  1  1  1  1  2  1  1  0  1
 22 Marble                  43  16 14 11   0  0  0  0  0  0  0  0  0  0  0  0  1  1  1  1  1  1  1  2  0  1  0  1  2  2  1  1  2  1  2  2  2  2  2  2  2  2  2  2  2  2
 23 * Pi                    42   2  1 38   1  1  1  1  1  1  1  1  1  1  1  1  1  1  1  1  1  1  1  1  1  2  1  1  1  1  1  1  1  1  1  1  2  1  1  1  0  1  1  1  1  1
 24 Mixed Strategy          42  12 11 18   0  0  1  0  0  0  1  1  0  0  0  1  0  0  0  1  2  1  1  1  1  1  1  1  1  1  1  1  2  1  2  2  2  1  1  2  2  2  2  2  2  2
 25 Inocencio               39  16 18  7   0  0  0  0  0  0  1  1  1  1  0  0  0  0  0  0  0  0  0  0  1  0  1  1  1  2  2  2  2  2  2  0  2  2  2  2  2  2  2  2  2  2
 26 Multi-strategy          33  13 21  7   0  0  0  0  0  0  0  0  0  0  0  0  0  0  0  1  0  0  0  0  1  0  1  1  0  1  1  2  2  2  1  2  1  2  2  2  2  2  2  2  2  2
 27 * Foxtrot               32   0  9 32   0  0  0  0  1  0  1  1  1  1  0  1  1  1  1  1  1  1  0  1  1  1  1  1  0  1  1  1  1  1  1  1  1  1  1  1  1  1  1  1  1  0
 28 * Add-drift             30   2 13 26   0  0  0  0  0  1  1  0  1  0  1  1  1  0  1  1  1  1  0  1  2  1  1  1  0  0  1  1  1  0  1  1  0  1  1  1  1  1  1  1  1  2
 29 Peterbot                30  11 22  8   0  0  0  0  0  0  0  0  0  0  0  0  1  0  1  0  0  0  0  0  1  0  1  0  0  0  1  1  1  2  1  2  2  2  2  2  1  2  2  2  2  2
 30 * Copy-drift            28   2 15 24   0  0  0  0  0  0  0  0  0  1  1  1  1  0  1  0  1  1  1  2  1  1  1  1  0  0  1  2  0  1  0  1  1  1  1  1  1  1  1  1  1  1
 31 Knucklehead             25   7 23 11   0  0  0  0  0  0  0  0  0  0  0  0  0  0  0  0  0  0  0  0  1  0  1  0  0  1  1  1  1  2  1  2  1  1  1  1  1  2  2  2  2  2
 32 Beat The Last Move      23   6 24 11   0  0  0  0  0  0  0  0  0  0  1  1  1  0  1  0  0  0  0  0  1  0  1  0  2  0  1  1  0  1  0  1  1  0  0  0  2  2  2  1  2  2
 33 * Add-react             21   1 21 19   0  0  0  0  0  0  0  0  0  0  1  0  1  0  1  0  0  0  0  1  1  0  0  0  0  1  1  2  0  1  1  1  1  1  1  1  1  1  1  1  1  1
 34 * Flat                  21   2 22 17   0  0  0  0  0  0  0  0  1  1  0  0  0  0  1  0  0  0  0  0  1  0  1  1  0  0  1  1  0  1  1  2  1  1  1  1  1  2  1  1  0  1
 35 * Switch A Lot          19   1 23 17   0  0  0  0  0  0  0  0  0  0  1  0  0  0  0  0  1  0  0  0  1  0  1  1  0  0  1  1  0  1  1  2  1  1  1  1  1  1  1  0  1  1
 36 Always Switchin'        18   2 25 14   0  0  0  0  0  0  0  0  0  0  0  0  0  0  0  0  0  0  0  0  1  0  1  0  0  0  1  1  0  1  1  2  1  1  1  1  1  1  1  1  1  2
 37 * Text                  17   2 26 13   0  0  0  0  0  0  0  0  0  0  0  0  0  0  1  0  0  0  0  0  1  0  2  0  0  0  1  1  1  1  1  0  1  1  1  1  1  0  0  1  2  1
 38 Beat Frequent Pick      16   4 29  8   0  0  0  0  0  0  0  0  0  0  0  0  0  0  0  0  0  0  0  0  0  0  1  0  0  0  1  1  0  1  0  0  1  0  1  1  2  1  2  1  2  2
 39 Good Ole Rock           16   3 28 10   0  0  0  0  0  0  0  0  0  0  0  0  0  0  0  0  0  0  0  0  1  0  1  0  0  0  1  1  0  1  0  0  1  1  1  1  2  0  1  1  2  2
 40 Rotate R-P-S            15   1 27 13   0  0  0  0  0  0  0  0  0  0  0  0  0  0  0  0  0  0  0  0  1  0  1  0  0  0  1  1  0  1  0  1  1  1  2  1  1  1  1  1  0  1
 41 * Anti-Flat             13   3 31  7   0  0  0  0  0  0  0  0  0  0  0  0  0  0  0  0  0  0  0  0  2  0  1  0  0  0  1  1  0  1  0  0  1  2  1  1  0  0  0  2  1  0
 42 R-P-S 20-20-60          12   2 31  8   0  0  0  0  0  0  0  0  0  0  0  0  0  0  0  0  0  0  0  0  1  0  1  0  0  0  2  0  0  1  0  0  1  1  1  0  1  0  0  1  2  1


   Yomi AI is match ranked 11

 Tournament results:
    Player Name          total 
  1 Yomi AI               4836 
 15 * Anti-rotn           5208 
 19 Iocaine Powder       11090 
 20 Phasenbott           10059 
 21 MegaHAL               9747 
 22 RussRocker4           8577 
 23 Biopic                8375 
 24 Simple Modeller       8196 
 25 Simple Predictor      8118 
 26 Robertot              7166 
 27 Boom                  7345 
 28 Shofar                6473 
 29 ACT-R Lag2            5720 
 32 Granite               6422 
 33 Marble                6343 
 34 ZQ Bot                5995 
 35 Sweet Rocky           7177 
 36 Piedra                6346 
 37 Mixed Strategy        4936 
 41 Bugbrain              5762 

   Yomi is tournament ranked 20

