 Playing 1 tournaments with 1000 trials per match...

 Yomi AI            vs Good Ole Rock       Match: 1000 (1000+   0-   0=)
 Yomi AI            vs R-P-S 20-20-60      Match:  286 (534+ 248- 218=)
 Yomi AI            vs Rotate R-P-S        Match:  831 (915+  84-   1=)
 Yomi AI            vs Beat The Last Move  Match:   89 (411+ 322- 267=)
 Yomi AI            vs Always Switchin'    Match:  207 (436+ 229- 335=)
 Yomi AI            vs Beat Frequent Pick  Match:  498 (702+ 204-  94=)
 Yomi AI            vs * Pi                Match:    1 (333+ 332- 335=)
 Yomi AI            vs * Switch A Lot      Match:  147 (424+ 277- 299=)
 Yomi AI            vs * Flat              Match:  159 (449+ 290- 261=)
 Yomi AI            vs * Anti-Flat         Match:  847 (917+  70-  13=)
 Yomi AI            vs * Foxtrot           Match:  295 (543+ 248- 209=)
 Yomi AI            vs * De Bruijn         Match:    6 (330+ 324- 346=)
 Yomi AI            vs * Text              Match:  124 (420+ 296- 284=)
 Yomi AI            vs * Anti-rotn         Match:   16 (360+ 344- 296=)
 Yomi AI            vs * Copy-drift        Match:   -5 (322+ 327- 351=)
 Yomi AI            vs * Add-react         Match:   17 (342+ 325- 333=)
 Yomi AI            vs * Add-drift         Match:   13 (348+ 335- 317=)
 Yomi AI            vs Iocaine Powder      Match:    5 (339+ 334- 327=)
 Yomi AI            vs Phasenbott          Match:  -51 (299+ 350- 351=)
 Yomi AI            vs MegaHAL             Match:   -6 (348+ 354- 298=)
 Yomi AI            vs RussRocker4         Match:   22 (339+ 317- 344=)
 Yomi AI            vs Biopic              Match:  -23 (346+ 369- 285=)
 Yomi AI            vs Simple Modeller     Match:   -2 (334+ 336- 330=)
 Yomi AI            vs Simple Predictor    Match:   21 (357+ 336- 307=)
 Yomi AI            vs Robertot            Match:    9 (355+ 346- 299=)
 Yomi AI            vs Boom                Match:    2 (356+ 354- 290=)
 Yomi AI            vs Shofar              Match:  -35 (330+ 365- 305=)
 Yomi AI            vs ACT-R Lag2          Match:   -1 (350+ 351- 299=)
 Yomi AI            vs Majikthise          Match:   -3 (331+ 334- 335=)
 Yomi AI            vs Vroomfondel         Match:   -1 (344+ 345- 311=)
 Yomi AI            vs Granite             Match:   88 (413+ 325- 262=)
 Yomi AI            vs Marble              Match:   97 (449+ 352- 199=)
 Yomi AI            vs ZQ Bot              Match:   74 (418+ 344- 238=)
 Yomi AI            vs Sweet Rocky         Match:   -6 (355+ 361- 284=)
 Yomi AI            vs Piedra              Match:    9 (388+ 379- 233=)
 Yomi AI            vs Mixed Strategy      Match:   36 (371+ 335- 294=)
 Yomi AI            vs Multi-strategy      Match:  173 (461+ 288- 251=)
 Yomi AI            vs Inocencio           Match:   41 (370+ 329- 301=)
 Yomi AI            vs Peterbot            Match:  118 (403+ 285- 312=)
 Yomi AI            vs Bugbrain            Match:    9 (354+ 345- 301=)
 Yomi AI            vs Knucklehead         Match:  400 (607+ 207- 186=)
 Final results (draw value = 50):

 Tournament results: 

    Player Name          total     1    2    3    4    5    6    7    8    9   10   11   12   13   14   15   16   17   18   19   20   21   22   23   24   25   26   27   28   29   30   31   32   33   34   35   36   37   38   39   40   41   42
  1 Iocaine Powder       10871     0   12   77   51  511   54  -23  195   14  -33  269   54  212    5   14   45   -5  352   50  127  -60   31  347  202   28   17  121  217  340  621  201  348   90   10  239  406  877  909  985  987  994  980
  2 MegaHAL              10510   -12    0  -35  -17   55   16   53   67   40  -27  261   41  254   20   21  -28    6  247   92  109  -19  -15  230  924  -25   13  213   45  110  395  167  282  133  248  401  432  900  944  984  989 1000  996
  3 Phasenbott           10059   -77   35    0   61  513   23   43  171    2  -13  232   30  229   53   67   37   51  272   61   41   51   61  190  166   45    9   85   39  351  392   76  366   90  106  245  119  998  879  987  992  996  985
  4 Simple Modeller       8824   -51   17  -61    0   12   13    2  289   20  -24   62   74  105   46   53   26    2  301   54  124  -10   -8  173   84  -54   -8  292  308  -46  213   42  116  128  212  438  410  898  591  993  995  998  995
  5 RussRocker4           8399  -511  -55 -513  -12    0   22   29  109   49  -12  197   26  180   63    6    7  -22  182   55   21   12   -2  269  790  -17  -32  129   35  172  520   76  361   87  102  223  341  939  591  994  994  998  996
  6 Biopic                8223   -54  -16  -23  -13  -22    0    4   64  -16  -16  142   65  105   36    4   39   23   87   39   -4   17  -25  248  177  -18    4  -24   56  405  529  130   85  -56  187  313  371  839  561  993  995  996  996
  7 Robertot              7759    23  -53  -43   -2  -29   -4    0   16    0    3   70   21  -34   49  -12   20   -9   77   43   50  -36  -32  148   58  -17   -4   34    3  -19  466   27   86  174   32  483  389 1000  822  974  992  997  996
  8 Simple Predictor      7609  -195  -67 -171 -289 -109  -64  -16    0    5  -24   14   36   34   10   41  -95  -21  177   54   22   -7  -86  220  525  -73   19  303  219    8  321   54  113  149  158  458  440  890  588  985  990  996  997
  9 Boom                  7074   -14  -40   -2  -20  -49   16    0   -5    0  -40   32   34   10   26  -25  -31   -2    8   57  -42  -15  -29  311   63   24  -20   61   47   27  345  108   85  106  162  357  397  414  753  984  990  997  994
 10 Shofar                6637    33   27   13   24   12   16   -3   24   40    0   24   59   60   14   10    1   35   46   16   32    2   -9  103   58   26   15   15   39   28  181   32    8  189  220  441  355  122  557  872  932  977  991
 11 Granite               6325  -269 -261 -232  -62 -197 -142  -70  -14  -32  -24    0   22    7   35  -61 -151  -88  -12   40  -48  -34  -24  239  645  -51  -69  -48   24   70  351  164   92  177  174  308  396  901  594  990  990  999  996
 12 Piedra                6275   -54  -41  -30  -74  -26  -65  -21  -36  -34  -59  -22    0  -38  -19  -72  -32   -9  -58   40   19  -42  -17  119   -8  -28  -18   54   -4   30  135  150  156  183  197  158  394  876  590  994  993  998  996
 13 Marble                6168  -212 -254 -229 -105 -180 -105   34  -34  -10  -60   -7   38    0   52  -79  -79  -97   30   48   34  -19  -18  292   -3  -53  -30   74   73   56  310  135   93  177  134  270  393  922  594  994  990  999 1000
 14 Sweet Rocky           6092    -5  -20  -53  -46  -63  -36  -49  -10  -26  -14  -35   19  -52    0  -75  -24    6  -56   52  -23  -47  -40  134  -74  -32  -24   26    0  -63  218  126  179  163  146  127  330  856  596  990  995  997  999
 15 Bugbrain              5941   -14  -21  -67  -53   -6   -4   12  -41   25  -10   61   72   79   75    0  -14   -9  174   62   36   -9    6  113   56  -27   18  112   40  -12  106   44  100   95   70  193  155  277  355  949  972  991  980
 16 ACT-R Lag2            5682   -45   28  -37  -26   -7  -39  -20   95   31   -1  151   32   79   24   14    0    1   79   35   66   -8  -38  190  115  -86    5   -8    8  -28  458  129   35   66  194  237  285   63  577   43  993  997  995
 17 Yomi AI               5507     5   -6  -51   -2   22  -23    9   21    2  -35   88    9   97   -6    9   -1    0   74   16   36   -3   -1  173   41    6    1   13   -5  295  400  159   17  124  147  207  286  118  498   89  831 1000  847
 18 ZQ Bot                5458  -352 -247 -272 -301 -182  -87  -77 -177   -8  -46   12   58  -30   56 -174  -79  -74    0   48   15  -62  -20  180  -24  -19  -55   63   44   -6  304  159  267  159  207  248  433  938  588  994  995  997  985
 19 * Anti-rotn           5190   -50  -92  -61  -54  -55  -39  -43  -54  -57  -16  -40  -40  -48  -52  -62  -35  -16  -48    0  -42  -35    1  -31  455  -79  -45  -15   18  -49   20  242  -22   57  341  481  172  495  597  495  999  997 1000
 20 Mixed Strategy        4962  -127 -109  -41 -124  -21    4  -50  -22   42  -32   48  -19  -34   23  -36  -66  -36  -15   42    0  -41   17  195  -31  -50  -39   52   12    4  107   29   80  181  184   94  378  -21  478  973  951  984  998
 21 Majikthise            4847    60   19  -51   10  -12  -17   36    7   15   -2   34   42   19   47    9    8    3   62   35   41    0   60  156  101  -31   22   23   14    2  258   30   18  -12  150  203  174  -30  423  -51  992  994  986
 22 Vroomfondel           4777   -31   15  -61    8    2   25   32   86   29    9   24   17   18   40   -6   38    1   20   -1  -17  -60    0  148   66    5  -26   17    1   24  238  101   17   53   87  256  138   44  443    0  990  994  993
 23 Multi-strategy        2916  -347 -230 -190 -173 -269 -248 -148 -220 -311 -103 -239 -119 -292 -134 -113 -190 -173 -180   31 -195 -156 -148    0 -138  -50  -20   15  267   22  -29  230   24  123  288  441  400  500  999  997  997  999  998
 24 Inocencio             1972  -202 -924 -166  -84 -790 -177  -58 -525  -63  -58 -645    8    3   74  -56 -115  -41   24 -455   31 -101  -66  138    0   -5  -21   22  135  292  226   81  120  155  174  267  410  111  362  954  982  978  977
 25 * De Bruijn            580   -28   25  -45   54   17   18   17   73  -24  -26   51   28   53   32   27   86   -6   19   79   50   31   -5   50    5    0   -1  -46   12  -21   -4   12   -9   23    3    0   -2   -9  128   -1   21    0 -107
 26 * Pi                   160   -17  -13   -9    8   32   -4    4  -19   20  -15   69   18   30   24  -18   -5   -1   55   45   39  -22   26   20   21    1    0  -26   -1  -12  -30  -12    2  -81  -15   31  -27   22   30   22  -11  -11  -10
 27 * Add-drift          -1782  -121 -213  -85 -292 -129   24  -34 -303  -61  -15   48  -54  -74  -26 -112    8  -13  -63   15  -52  -23  -17  -15  -22   46   26    0  -26   15  -51  -36   10  -78   29  -14   10   -8   12   -8  -10    0  -70
 28 * Copy-drift         -1834  -217  -45  -39 -308  -35  -56   -3 -219  -47  -39  -24    4  -73    0  -40   -8    5  -44  -18  -12  -14   -1 -267 -135  -12    1   26    0   -9  -83  -18  -34   14   67  -52   11  -49  -26  -26  -23   -1   15
 29 * Foxtrot            -2073  -340 -110 -351   46 -172 -405   19   -8  -27  -28  -70  -30  -56   63   12   28 -295    6   49   -4   -2  -24  -22 -292   21   12  -15    9    0  -42  -26  -18   -2   13   30   45  -38   -7  -15  -29  -35   37
 30 Knucklehead          -2093  -621 -395 -392 -213 -520 -529 -466 -321 -345 -181 -351 -135 -310 -218 -106 -458 -400 -304  -20 -107 -258 -238   29 -226    4   30   51   83   42    0    6   25   31   17    4   96 1000  111  946  586  970  990
 31 * Flat               -2821  -201 -167  -76  -42  -76 -130  -27  -54 -108  -32 -164 -150 -135 -126  -44 -129 -159 -159 -242  -29  -30 -101 -230  -81  -12   12   36   18   26   -6    0  -55   42   17  -31    5 -184  238  187  -28    1 -395
 32 * Add-react          -2869  -348 -282 -366 -116 -361  -85  -86 -113  -85   -8  -92 -156  -93 -179 -100  -35  -17 -267   22  -80  -18  -17  -24 -120    9   -2  -10   34   18  -25   55    0    6   -3   27   70  -53   25   -9   20  -13    8
 33 * Text               -3054   -90 -133  -90 -128  -87   56 -174 -149 -106 -189 -177 -183 -177 -163  -95  -66 -124 -159  -57 -181   12  -53 -123 -155  -23   81   78  -14    2  -31  -42   -6    0   -9   22   19    3 -185  -74  -11 -185  112
 34 * Switch A Lot       -3814   -10 -248 -106 -212 -102 -187  -32 -158 -162 -220 -174 -197 -134 -146  -70 -194 -147 -207 -341 -184 -150  -87 -288 -174   -3   15  -29  -67  -13  -17  -17    3    9    0   -4    7  -73   11  288    7   11  -12
 35 Always Switchin'     -6844  -239 -401 -245 -438 -223 -313 -483 -458 -357 -441 -308 -158 -270 -127 -193 -237 -207 -248 -481  -94 -203 -256 -441 -267    0  -31   14   52  -30   -4   31  -27  -22    4    0   -7 -260   14  514  -18   18   -4
 36 R-P-S 20-20-60       -9467  -406 -432 -119 -410 -341 -371 -389 -440 -397 -355 -396 -394 -393 -330 -155 -285 -286 -433 -172 -378 -174 -138 -400 -410    2   27  -10  -11  -45  -96   -5  -70  -19   -7    7    0 -396 -409 -164    8 -402  127
 37 Peterbot             -9497  -877 -900 -998 -898 -939 -839 -1000 -890 -414 -122 -901 -876 -922 -856 -277  -63 -118 -938 -495   21   30  -44 -500 -111    9  -22    8   49   38 -1000  184   53   -3   73  260  396    0  430  963  997 1000  995
 38 Beat Frequent Pick  -13866  -909 -944 -879 -591 -591 -561 -822 -588 -753 -557 -594 -590 -594 -596 -355 -577 -498 -588 -597 -478 -423 -443 -999 -362 -128  -30  -12   26    7 -111 -238  -25  185  -11  -14  409 -430    0 -600    0  999  996
 39 Beat The Last Move  -19188  -985 -984 -987 -993 -994 -993 -974 -985 -984 -872 -990 -994 -994 -990 -949  -43  -89 -994 -495 -973   51    0 -997 -954    1  -22    8   26   15 -946 -187    9   74 -288 -514  164 -963  600    0    1 1000  996
 40 Rotate R-P-S        -25728  -987 -989 -992 -995 -994 -995 -992 -990 -990 -932 -990 -993 -990 -995 -972 -993 -831 -995 -999 -951 -992 -990 -997 -982  -21   11   10   23   29 -586   28  -20   11   -7   18   -8 -997    0   -1    0    0 -692
 41 Good Ole Rock       -26226  -994 -1000 -996 -998 -998 -996 -997 -996 -997 -977 -999 -998 -999 -997 -991 -997 -1000 -997 -997 -984 -994 -994 -999 -978    0   11    0    1   35 -970   -1   13  185  -11  -18  402 -1000 -999 -1000    0    0  999
 42 * Anti-Flat         -27661  -980 -996 -985 -995 -996 -996 -996 -997 -994 -991 -996 -996 -1000 -999 -980 -995 -847 -985 -1000 -998 -986 -993 -998 -977  107   10   70  -15  -37 -990  395   -8 -112   12    4 -127 -995 -996 -996  692 -999    0

 Match results (draw <= 50): 

    Player Name           total  W  L  D   1  2  3  4  5  6  7  8  9 10 11 12 13 14 15 16 17 18 19 20 21 22 23 24 25 26 27 28 29 30 31 32 33 34 35 36 37 38 39 40 41 42
  1 Phasenbott              69  29  1 11   1  0  1  2  2  1  2  1  1  2  1  1  2  2  2  1  1  2  2  1  2  2  2  1  2  2  1  2  2  2  2  2  2  2  2  2  2  2  2  2  2  2
  2 Iocaine Powder          67  27  1 13   2  1  1  2  2  2  1  1  1  1  1  1  0  1  2  2  2  1  2  1  2  2  1  1  2  2  2  2  2  2  2  2  2  2  2  2  1  2  2  2  2  2
  3 MegaHAL                 66  25  0 16   1  1  1  1  2  1  1  1  1  1  1  2  1  1  2  1  2  1  2  1  2  2  2  1  2  2  1  2  2  2  2  2  2  2  2  2  2  2  2  2  2  2
  4 Simple Modeller         62  24  3 14   0  0  1  1  1  1  2  1  1  1  1  1  1  1  2  2  2  1  2  0  2  2  2  1  2  1  2  2  2  2  2  2  1  2  2  2  2  2  2  2  2  2
  5 RussRocker4             61  23  3 15   0  0  0  1  1  1  1  1  1  1  1  1  1  1  2  1  1  2  2  1  2  2  2  1  2  2  1  2  2  2  2  2  2  2  2  2  2  2  2  2  2  2
  6 Biopic                  60  21  2 18   1  0  1  1  1  1  1  1  1  1  1  1  1  1  2  2  1  1  2  1  2  2  1  1  2  2  2  2  2  2  1  2  2  2  0  2  2  2  2  2  2  2
  7 Bugbrain                60  21  2 18   0  1  1  0  1  1  1  1  1  1  1  1  1  1  1  2  1  2  2  1  2  2  2  1  2  1  1  2  2  2  2  2  1  2  2  2  2  2  2  2  2  2
  8 Boom                    58  17  0 24   1  1  1  1  1  1  1  1  1  1  1  1  1  1  1  1  1  1  1  1  1  1  2  1  2  1  1  2  2  2  2  2  2  2  2  2  2  2  2  2  2  2
  9 ACT-R Lag2              58  18  1 22   1  1  1  1  1  1  1  1  1  1  1  1  1  1  2  1  2  1  2  0  2  2  1  1  2  1  1  2  2  2  1  1  2  1  2  2  2  2  2  2  2  2
 10 Yomi AI                 57  17  1 23   0  1  1  1  1  1  1  1  1  1  1  1  1  1  1  1  1  1  2  1  2  2  1  1  1  2  1  2  2  2  1  1  2  2  2  2  2  2  2  2  2  2
 11 Shofar                  56  15  0 26   1  1  1  1  1  1  1  1  1  1  1  1  1  1  1  2  1  1  2  1  1  1  1  1  2  1  1  2  2  2  1  1  1  2  2  2  2  2  2  2  2  2
 12 Robertot                55  15  1 25   1  1  0  1  1  1  1  1  1  1  1  1  1  1  1  1  1  1  1  1  2  2  1  1  2  1  1  2  2  2  1  2  1  2  2  2  1  2  2  2  2  2
 13 Majikthise              52  13  2 26   0  2  1  1  1  1  1  1  1  1  1  1  1  2  1  1  1  1  1  1  1  2  1  1  2  1  1  2  1  2  1  1  1  0  1  2  2  2  2  2  2  2
 14 Vroomfondel             52  13  2 26   0  1  1  1  1  1  1  1  1  1  1  1  0  1  2  1  1  1  1  1  1  1  1  1  2  1  1  2  1  2  1  1  2  1  2  2  2  2  2  2  2  2
 15 Simple Predictor        51  19  9 13   0  0  0  0  0  0  1  1  0  1  1  1  1  0  1  1  1  1  1  0  1  2  2  1  2  1  2  2  2  2  2  2  2  2  2  2  2  2  2  2  2  2
 16 Piedra                  50  15  6 20   1  0  1  0  1  0  0  1  1  1  0  1  1  1  1  1  1  1  1  1  1  0  1  1  1  1  1  2  2  2  2  2  2  2  2  2  2  2  2  2  2  2
 17 Mixed Strategy          50  13  4 24   1  0  0  0  1  1  1  1  0  1  1  1  1  1  1  1  1  1  1  1  1  1  1  1  1  1  1  2  1  2  2  2  1  2  2  2  2  2  2  2  2  2
 18 Sweet Rocky             49  15  7 19   0  1  1  1  0  1  0  1  1  1  1  1  1  1  1  1  1  1  0  1  1  0  2  1  0  0  1  2  2  2  1  2  2  2  2  2  2  2  2  2  2  2
 19 Marble                  48  18 11 12   0  0  0  0  0  0  0  1  0  0  0  1  1  1  1  1  1  2  1  0  1  1  1  1  1  2  2  2  2  2  2  2  2  2  2  2  2  2  2  2  2  2
 20 * De Bruijn             47   7  1 33   1  1  1  2  1  1  1  1  2  1  1  1  1  1  2  1  1  1  2  1  2  1  2  1  1  1  1  1  1  1  1  1  1  1  1  1  1  2  1  0  1  1
 21 Granite                 45  16 12 13   0  0  0  0  0  0  0  1  0  0  1  0  1  1  1  1  1  1  1  0  1  1  1  0  2  2  1  2  2  2  1  2  2  2  2  2  2  2  2  2  2  2
 22 ZQ Bot                  45  17 13 11   0  0  0  0  0  0  0  1  0  0  1  0  0  1  0  2  1  2  1  1  1  1  1  0  1  1  1  2  2  2  2  2  2  2  2  2  2  2  2  2  2  2
 23 * Anti-rotn             44  12  9 20   0  1  0  0  0  1  0  0  1  1  1  1  1  1  0  1  1  0  1  0  1  1  1  1  2  1  1  1  2  1  1  1  2  2  2  2  2  2  2  2  2  2
 24 * Pi                    42   2  1 38   1  1  1  1  1  1  1  1  1  1  1  1  1  1  1  1  1  1  1  1  2  2  1  1  1  1  1  1  1  1  1  1  1  1  0  1  1  1  1  1  1  1
 25 Inocencio               42  17 16  8   0  0  0  0  0  0  0  0  0  1  0  0  0  0  0  1  1  2  1  1  0  1  0  1  1  2  2  2  2  2  1  2  2  2  2  2  2  2  2  2  2  2
 26 * Foxtrot               33   1  9 31   0  0  0  1  0  0  1  1  1  0  1  1  1  1  1  1  1  2  0  1  0  1  1  1  0  1  1  1  1  1  1  1  1  1  1  1  1  1  1  1  1  1
 27 * Copy-drift            33   1  9 31   1  0  1  0  1  0  1  1  1  1  1  1  1  1  0  1  1  1  0  1  1  1  1  1  0  1  1  0  1  0  1  1  1  1  1  0  2  1  1  1  1  1
 28 Multi-strategy          31  12 22  7   0  0  0  0  0  0  0  0  0  0  0  0  0  0  0  0  0  0  0  1  0  0  1  1  0  1  2  1  2  1  1  1  2  2  2  2  2  2  2  2  2  2
 29 Peterbot                29  10 22  9   0  0  0  0  0  0  0  0  0  0  0  0  1  1  0  0  1  0  0  1  0  0  0  1  0  1  1  0  1  0  1  2  2  2  1  2  2  2  2  2  2  2
 30 Knucklehead             28   9 22 10   0  0  0  0  0  0  0  0  0  0  0  0  0  0  0  0  0  0  0  1  0  0  1  1  0  1  2  1  2  1  2  1  1  2  1  1  1  2  2  2  2  2
 31 * Add-drift             26   0 15 26   0  0  0  0  0  1  0  0  1  1  1  1  1  1  0  0  0  1  0  1  1  0  1  1  1  1  1  1  1  0  1  1  1  1  0  1  1  1  1  0  1  1
 32 * Add-react             25   2 18 21   0  0  0  0  0  0  0  0  1  1  1  0  1  1  0  0  0  0  0  1  0  0  1  1  0  1  1  1  0  1  1  1  2  1  1  1  1  1  1  1  1  2
 33 * Flat                  22   2 21 18   0  0  0  1  0  0  1  0  0  0  1  1  1  0  0  0  1  0  0  1  0  0  0  1  0  1  1  0  0  1  1  0  1  2  1  1  1  2  1  0  1  1
 34 Beat The Last Move      21   6 26  9   0  0  0  0  0  0  0  0  1  0  0  0  2  1  0  0  0  0  0  1  0  0  0  1  0  1  1  0  0  0  1  1  0  1  2  0  0  2  2  2  1  2
 35 * Text                  20   4 25 12   0  0  0  0  0  2  0  0  0  0  0  0  1  0  0  0  0  0  0  1  0  0  0  2  0  1  1  0  1  1  2  1  1  0  1  1  1  0  0  2  1  1
 36 Always Switchin'        18   2 25 14   0  0  0  0  0  0  0  0  0  0  0  0  0  0  0  0  0  0  0  1  0  0  0  1  0  1  2  0  0  1  1  1  1  2  1  1  1  1  1  1  1  1
 37 * Switch A Lot          18   1 24 16   0  1  0  0  0  0  0  0  0  0  0  1  0  0  0  0  0  0  0  1  0  0  0  1  0  1  0  0  0  1  1  1  1  2  1  1  1  1  1  1  1  1
 38 Beat Frequent Pick      16   4 29  8   0  0  0  0  0  0  0  0  0  0  0  0  0  0  0  0  0  0  0  0  0  0  0  1  0  1  1  0  0  0  1  1  0  0  2  1  1  1  2  2  1  2
 39 Good Ole Rock           16   3 28 10   0  0  0  0  0  0  0  0  0  0  0  0  0  0  0  0  0  0  0  1  0  0  0  1  0  1  1  0  0  0  1  1  1  0  2  1  1  0  1  2  1  2
 40 * Anti-Flat             14   4 31  6   0  0  0  0  0  0  0  0  0  0  0  0  0  0  0  0  0  0  0  2  0  0  0  1  0  1  1  0  0  0  2  1  2  0  0  1  1  0  0  1  2  0
 41 Rotate R-P-S            14   0 27 14   0  0  0  0  0  0  0  0  0  0  0  0  0  0  0  0  0  0  0  1  0  0  0  1  0  1  1  0  0  0  1  1  1  1  1  1  1  1  1  0  1  1
 42 R-P-S 20-20-60          12   1 30 10   0  0  0  0  0  0  0  0  0  0  0  0  0  0  0  0  0  0  0  1  0  0  0  1  0  1  1  0  0  0  1  0  1  0  1  1  1  0  0  2  1  1


   Yomi AI is match ranked 10

 Tournament results:
    Player Name          total 
  1 Yomi AI               5507 
 19 Iocaine Powder       10871 
 20 Phasenbott           10059 
 21 MegaHAL              10510 
 22 RussRocker4           8399 
 23 Biopic                8223 
 24 Simple Modeller       8824 
 25 Simple Predictor      7609 
 26 Robertot              7759 
 27 Boom                  7074 
 28 Shofar                6637 
 29 ACT-R Lag2            5682 
 32 Granite               6325 
 33 Marble                6168 
 35 Sweet Rocky           6092 
 36 Piedra                6275 
 41 Bugbrain              5941 

   Yomi is tournament ranked 17

