 Playing 1 tournaments with 1000 trials per match...

 Yomi AI            vs Good Ole Rock       Match: 1000 (1000+   0-   0=)
 Yomi AI            vs R-P-S 20-20-60      Match:  213 (491+ 278- 231=)
 Yomi AI            vs Rotate R-P-S        Match:  666 (832+ 166-   2=)
 Yomi AI            vs Beat The Last Move  Match:    1 (349+ 348- 303=)
 Yomi AI            vs Always Switchin'    Match:  126 (429+ 303- 268=)
 Yomi AI            vs Beat Frequent Pick  Match:  482 (712+ 230-  58=)
 Yomi AI            vs * Pi                Match:  -51 (312+ 363- 325=)
 Yomi AI            vs * Switch A Lot      Match:  109 (399+ 290- 311=)
 Yomi AI            vs * Flat              Match:   80 (399+ 319- 282=)
 Yomi AI            vs * Anti-Flat         Match:  999 (999+   0-   1=)
 Yomi AI            vs * Foxtrot           Match:  238 (509+ 271- 220=)
 Yomi AI            vs * De Bruijn         Match:    0 (321+ 321- 358=)
 Yomi AI            vs * Text              Match:   59 (395+ 336- 269=)
 Yomi AI            vs * Anti-rotn         Match:  -41 (319+ 360- 321=)
 Yomi AI            vs * Copy-drift        Match:   36 (355+ 319- 326=)
 Yomi AI            vs * Add-react         Match:   32 (361+ 329- 310=)
 Yomi AI            vs * Add-drift         Match:   47 (359+ 312- 329=)
 Yomi AI            vs Iocaine Powder      Match:  -37 (310+ 347- 343=)
 Yomi AI            vs Phasenbott          Match:  -53 (318+ 371- 311=)
 Yomi AI            vs MegaHAL             Match:  -31 (333+ 364- 303=)
 Yomi AI            vs RussRocker4         Match:  -20 (335+ 355- 310=)
 Yomi AI            vs Biopic              Match:  -20 (311+ 331- 358=)
 Yomi AI            vs Simple Modeller     Match:   -9 (342+ 351- 307=)
 Yomi AI            vs Simple Predictor    Match:   14 (359+ 345- 296=)
 Yomi AI            vs Robertot            Match:   -8 (354+ 362- 284=)
 Yomi AI            vs Boom                Match:   15 (363+ 348- 289=)
 Yomi AI            vs Shofar              Match:   34 (361+ 327- 312=)
 Yomi AI            vs ACT-R Lag2          Match:  -28 (323+ 351- 326=)
 Yomi AI            vs Majikthise          Match:  -26 (334+ 360- 306=)
 Yomi AI            vs Vroomfondel         Match:   30 (350+ 320- 330=)
 Yomi AI            vs Granite             Match:   78 (433+ 355- 212=)
 Yomi AI            vs Marble              Match:   40 (393+ 353- 254=)
 Yomi AI            vs ZQ Bot              Match:   46 (381+ 335- 284=)
 Yomi AI            vs Sweet Rocky         Match:   33 (374+ 341- 285=)
 Yomi AI            vs Piedra              Match:   50 (367+ 317- 316=)
 Yomi AI            vs Mixed Strategy      Match:  -20 (335+ 355- 310=)
 Yomi AI            vs Multi-strategy      Match:  235 (524+ 289- 187=)
 Yomi AI            vs Inocencio           Match:    7 (358+ 351- 291=)
 Yomi AI            vs Peterbot            Match:   33 (356+ 323- 321=)
 Yomi AI            vs Bugbrain            Match:  -34 (320+ 354- 326=)
 Yomi AI            vs Knucklehead         Match:  341 (579+ 238- 183=)
 Final results (draw value = 50):

 Tournament results: 

    Player Name          total     1    2    3    4    5    6    7    8    9   10   11   12   13   14   15   16   17   18   19   20   21   22   23   24   25   26   27   28   29   30   31   32   33   34   35   36   37   38   39   40   41   42
  1 Iocaine Powder       11120     0  130   75   36   22   27  507  -32  168  280   44  233  -40  318   21   48   39   86   78  -34   25   37  258   57    0  257  174  344  227  215  576  138  352  102  875  194  379  931  991  991  999  992
  2 Phasenbott            9979  -130    0   33   36   15    9  474   67  145  201   82  214    9  285   66   41   75   75   87   -8   46   53  221   52  -28  189   61  399   55  122  396   79  351   39  898  251  109  946  983  992  995  994
  3 MegaHAL               9504   -75  -33    0   -2    7    4  131    7   92  228    4  217  -31  257  -11   31   21  147   40  -15  -22   31  218  -27  -27  179  174   76   52  166  338  133  277  226  901  460  398  952  992  994  998  996
  4 Biopic                8885   -36  -36    2    0   -2   -6  -39   15   18  133   52  108   23   91   49   98   55   35   69  -42  -19   20  243   -2   18   97   21  409  100  154  501  155   88  198  762  362  375  829  995  993  999 1000
  5 Simple Modeller       8549   -22  -15   -7    2    0   24  -38  -19  313   49  -20   65  -19  285   40   70   70  112   57  -30   12    9  205  -38  -12  436  239    5  236  126  176  132   97  223  306  488  420  591  991  995 1000  995
  6 Boom                  8066   -27   -9   -4    6  -24    0  -48   22   19   41  -43   59  -25   21    0   36   48   49   49  -13  -11  -15  311  -15   45   38   29   26   91   59  462  105   91  238  863  487  374  753  991  990  997 1000
  7 RussRocker4           7702  -507 -474 -131   39   38   48    0    9  115  129    9  161   -6  171   -5   63   34   69   57    4  -41   20  317  -55  -35  102  117  163   81   56  477   94  349  148  943  239  328  589  994  993 1000 1000
  8 Robertot              7451    32  -67   -7  -15   19  -22   -9    0    9   79   18   22  -11  108  -16   29   14   47   44  -26  -38    8  233   12   16   45   43   20  100   76  378  157   72   87  345  470  395  830  963  997  998  996
  9 Simple Predictor      7264  -168 -145  -92  -18 -313  -19 -115   -9    0  -22  -76    7   -7  146   44   54   55   86   53  -38  -47  -14  191  -79   19  766  276  -12  242   70  256  149  117  181  311  444  425  587  984  986  993  996
 10 Marble                6966  -280 -201 -228 -133  -49  -41 -129  -79   22    0 -123  -15  -73   21  -70   60   51   13   22  -46  -32  -40  252  -29   16  651   51   28  105  202  319  181   90  237  954  239  449  591  992  993 1000  995
 11 ACT-R Lag2            6638   -44  -82   -4  -52   20   43   -9  -18   76  123    0  154   -2  126   13   62   41   72   39  -43   27   28  277  -50  -20  116   -3  -35   29   96  513   54  103  194   59  228  287  573  667  996  998  986
 12 Granite               6591  -233 -214 -217 -108  -65  -59 -161  -22   -7   15 -154    0  -20    9  -49   24   40   17   30  -72    1  -78  300  -47  -23  639   42   15   25  143  344  172  119  109  924  194  381  591  992  995  999 1000
 13 Shofar                6515    40   -9   31  -23   19   25    6   11    7   73    2   20    0   76    1   39   85   17   50   -1  -17  -34  161  -38   18   94   -6  -15   71   13  183   79   32  197  151  445  341  558  906  940  978  989
 14 ZQ Bot                6089  -318 -285 -257  -91 -285  -21 -171 -108 -146  -21 -126   -9  -76    0 -148   27   20  -35   59  -59   -4  -46  266  -42   29  533   77   63   49  124  274  154  316  197  931  262  382  595  989  991  999 1000
 15 Bugbrain              5901   -21  -66   11  -49  -40    0    5   16  -44   70  -13   49   -1  148    0   81   18   63   48   26  -21   34  125  -68   36   -3  122  -24   47   58  172   20  114   75  270  185  180  394  947  965  984  988
 16 Sweet Rocky           5629   -48  -41  -31  -98  -70  -36  -63  -29  -54  -60  -62  -24  -39  -27  -81    0   53   47   46  -23  -35  -33   88  -28  -16  -46   66  -18   42  141  234  154  295  145  156  190  372  591  988  991  994  998
 17 Piedra                5356   -39  -75  -21  -55  -70  -48  -34  -14  -55  -51  -41  -40  -85  -20  -18  -53    0  -37   46  -47  -47  -50   37  -21  -15  -57   46   -5   44  138  169  157  171  150  236  200  395  592  990  995  993  995
 18 Mixed Strategy        5347   -86  -75 -147  -35 -112  -49  -69  -47  -86  -13  -72  -17  -17   35  -63  -47   37    0   12  -35  -21   20   39 -102   -3  628    8    8   89   16  173  180   27   89  154  145  376  479  974  972  991  991
 19 * Anti-rotn           5241   -78  -87  -40  -69  -57  -49  -57  -44  -53  -22  -39  -30  -50  -59  -48  -46  -46  -12    0    6   -2   41  264  -53  -37  551  -30  -50   13  249   50   61   22  337   39  492  194  499  499  998  998  986
 20 Majikthise            5148    34    8   15   42   30   13   -4   26   38   46   43   72    1   59  -26   23   47   35   -6    0  -32   26  187   34   16   61   52  -32   44  124  226   27  -35  123   -9  316  145  438  -39  990  996  994
 21 Vroomfondel           4939   -25  -46   22   19  -12   11   41   38   47   32  -27   -1   17    4   21   35   47   21    2   32    0  -30  155    2   31   88   13   32   45  109  276   53  -14  110   22  228  137  436   -8  990  991  995
 22 Yomi AI               4666   -37  -53  -31  -20   -9   15  -20   -8   14   40  -28   78   34   46  -34   33   50  -20  -41  -26   30    0  235    0  -51    7   47  238   36   80  341   59   32  109   33  126  213  482    1  666 1000  999
 23 Multi-strategy        2631  -258 -221 -218 -243 -205 -311 -317 -233 -191 -252 -277 -300 -161 -266 -125  -88  -37  -39 -264 -187 -155 -235    0  -50  -20  -58    5   29  234  186   82  123   28  292  500  462  410  999  997  997  999  999
 24 * De Bruijn            619   -57  -52   27    2   38   15   55  -12   79   29   50   47   38   42   68   28   21  102   53  -34   -2    0   50    0   -1    8   -9   13    2   47  -40   23   -1    0  -19  -29   -3  128   -1   21    0 -107
 25 * Pi                    39     0   28   27  -18   12  -45   35  -16  -19  -16   20   23  -18  -29  -36   16   15    3   37  -16  -31   51   20    1    0    3   40   -2    4    0   -3  -81  -12   29   22  -16   -7   30   22  -11  -11  -12
 26 Inocencio             -589  -257 -189 -179  -97 -436  -38 -102  -45 -766 -651 -116 -639  -94 -533    3   46   57 -628 -551  -61  -88   -7   58   -8   -3    0  101  299  203   76  194  149   48  138   88  293  405  359 -556  987  980  971
 27 * Add-drift          -1677  -174  -61 -174  -21 -239  -29 -117  -43 -276  -51    3  -42    6  -77 -122  -66  -46   -8   30  -52  -13  -47   -5    9  -40 -101    0    6  -39  -24    5   16    4   25   14    8   18   10   19    2    4   11
 28 * Foxtrot            -1951  -344 -399  -76 -409   -5  -26 -163  -20   12  -28   35  -15   15  -63   24   18    5   -8   50   32  -32 -238  -29  -13    2 -299   -6    0    6   21  -44    9   -2   -6   -2   44   37   22   14  -55  -26   11
 29 * Copy-drift         -2168  -227  -55  -52 -100 -236  -91  -81 -100 -242 -105  -29  -25  -71  -49  -47  -42  -44  -89  -13  -44  -45  -36 -234   -2   -4 -203   39   -6    0    8  -87   37   32   67  -24   11  -56  -18   -5   30   39   31
 30 * Flat               -3007  -215 -122 -166 -154 -126  -59  -56  -76  -70 -202  -96 -143  -13 -124  -58 -141 -138  -16 -249 -124 -109  -80 -186  -47    0  -76   24  -21   -8    0    4  -32  -24   13 -204   15   20  247  204    4    0 -403
 31 Knucklehead          -3091  -576 -396 -338 -501 -176 -462 -477 -378 -256 -319 -513 -344 -183 -274 -172 -234 -169 -173  -50 -226 -276 -341  -82   40    3 -194   -5   44   87   -4    0   62   53   22   42    5   92  144  657  783  995  999
 32 * Text               -3118  -138  -79 -133 -155 -132 -105  -94 -157 -149 -181  -54 -172  -79 -154  -20 -154 -157 -180  -61  -27  -53  -59 -123  -23   81 -149  -16   -9  -37   32  -62    0   -7   -6   32  -12   16 -185  -74  -11 -185  113
 33 * Add-react          -3140  -352 -351 -277  -88  -97  -91 -349  -72 -117  -90 -103 -119  -32 -316 -114 -295 -171  -27  -22   35   14  -32  -28    1   12  -48   -4    2  -32   24  -53    7    0   14  -41   31   61  -26   14   -4   -5    1
 34 * Switch A Lot       -3973  -102  -39 -226 -198 -223 -238 -148  -87 -181 -237 -194 -109 -197 -197  -75 -145 -150  -89 -337 -123 -110 -109 -292    0  -29 -138  -25    6  -67  -13  -22    6  -14    0 -106    1  -18   16  292    9  -12  -53
 35 Peterbot             -5363  -875 -898 -901 -762 -306 -863 -943 -345 -311 -954  -59 -924 -151 -931 -270 -156 -236 -154  -39    9  -22  -33 -500   19  -22  -88  -14    2   24  204  -42  -32   41  106    0  256  407  433  981  999 1000  987
 36 Always Switchin'     -7181  -194 -251 -460 -362 -488 -487 -239 -470 -444 -239 -228 -194 -445 -262 -185 -190 -200 -145 -492 -316 -228 -126 -462   29   16 -293   -8  -44  -11  -15   -5   12  -31   -1 -256    0    2   30  489   13   23  -24
 37 R-P-S 20-20-60       -9320  -379 -109 -398 -375 -420 -374 -328 -395 -425 -449 -287 -381 -341 -382 -180 -372 -395 -376 -194 -145 -137 -213 -410    3    7 -405  -18  -37   56  -20  -92  -16  -61   18 -407   -2    0 -409 -161  -11 -347   47
 38 Beat Frequent Pick  -14211  -931 -946 -952 -829 -591 -753 -589 -830 -587 -591 -573 -591 -558 -595 -394 -591 -592 -479 -499 -438 -436 -482 -999 -128  -30 -359  -10  -22   18 -247 -144  185   26  -16 -433  -30  409    0 -600    0  999  997
 39 Beat The Last Move  -18073  -991 -983 -992 -995 -991 -991 -994 -963 -984 -992 -667 -992 -906 -989 -947 -988 -990 -974 -499   39    8   -1 -997    1  -22  556  -19  -14    5 -204 -657   74  -14 -292 -981 -489  161  600    0    1 1000 1000
 40 Rotate R-P-S        -25827  -991 -992 -994 -993 -995 -990 -993 -997 -986 -993 -996 -995 -940 -991 -965 -991 -995 -972 -998 -990 -990 -666 -997  -21   11 -987   -2   55  -30   -4 -783   11    4   -9 -999  -13   11    0   -1    0    0 -660
 41 Good Ole Rock       -26355  -999 -995 -998 -999 -1000 -997 -1000 -998 -993 -1000 -998 -999 -978 -999 -984 -994 -993 -991 -998 -996 -991 -1000 -999    0   11 -980   -4   26  -39    0 -995  185    5   12 -1000  -23  347 -999 -1000    0    0  998
 42 * Anti-Flat         -27791  -992 -994 -996 -1000 -995 -1000 -1000 -996 -996 -995 -986 -1000 -989 -1000 -988 -998 -995 -991 -986 -994 -995 -999 -999  107   12 -971  -11  -11  -31  403 -999 -113   -1   53 -987   24  -47 -997 -1000  660 -998    0

 Match results (draw <= 50): 

    Player Name           total  W  L  D   1  2  3  4  5  6  7  8  9 10 11 12 13 14 15 16 17 18 19 20 21 22 23 24 25 26 27 28 29 30 31 32 33 34 35 36 37 38 39 40 41 42
  1 Phasenbott              70  30  1 10   1  0  1  1  1  2  2  1  2  1  2  2  1  1  2  2  1  2  2  2  2  2  2  1  2  2  2  2  2  2  2  2  2  2  2  2  2  1  2  2  2  2
  2 Iocaine Powder          69  28  0 13   2  1  1  1  2  2  1  1  1  1  1  2  1  1  1  2  1  2  2  1  2  2  2  1  2  2  2  2  2  2  2  2  2  2  2  2  2  2  2  2  2  2
  3 Biopic                  65  24  0 17   1  1  1  1  1  1  2  1  1  1  1  1  1  1  1  2  2  2  2  2  2  1  1  1  2  2  2  2  1  2  2  2  2  2  2  2  2  2  2  2  2  2
  4 Simple Modeller         65  24  0 17   1  1  1  1  1  1  1  1  1  1  1  2  1  1  1  1  2  2  2  2  2  2  1  1  2  2  1  2  2  2  2  2  2  2  2  2  2  2  2  2  2  2
  5 MegaHAL                 64  24  1 16   1  0  1  1  1  2  1  1  1  1  1  2  1  1  1  2  1  2  2  1  1  2  1  1  2  2  2  2  2  2  2  2  2  2  2  2  2  2  2  2  2  2
  6 RussRocker4             62  25  4 12   0  0  1  1  0  1  1  1  1  1  1  2  1  1  1  2  2  2  2  1  2  2  0  1  2  2  2  2  2  2  2  2  2  2  2  2  2  2  2  2  2  2
  7 ACT-R Lag2              60  21  2 18   0  1  0  1  1  1  1  1  1  1  1  2  1  1  1  2  2  2  2  1  1  2  1  1  2  2  1  2  1  2  1  2  2  2  2  2  2  2  2  2  2  2
  8 Shofar                  58  17  0 24   1  1  1  1  1  1  1  1  1  1  1  1  1  1  1  2  1  2  1  2  1  1  1  1  2  2  1  2  1  2  2  1  2  1  2  2  2  2  2  2  2  2
  9 Robertot                57  17  1 23   0  1  1  1  1  1  1  1  1  1  1  1  1  1  1  2  1  2  1  1  1  1  1  1  1  2  1  2  1  2  2  2  2  2  2  2  2  2  2  2  2  2
 10 Boom                    57  16  0 25   1  1  1  1  1  1  1  1  1  1  1  1  1  1  1  1  1  1  2  1  1  1  1  1  1  2  1  2  1  2  2  2  2  2  2  2  2  2  2  2  2  2
 11 Bugbrain                57  18  2 21   0  1  1  1  1  1  1  1  1  1  1  1  1  1  1  2  2  2  1  1  1  2  0  1  1  2  1  2  2  2  1  2  2  2  1  2  2  2  2  2  2  2
 12 Simple Predictor        56  22  7 12   0  0  1  0  0  0  0  1  1  1  1  1  1  1  1  1  2  2  1  2  2  2  0  1  2  2  1  2  2  2  2  2  2  2  2  2  2  2  2  2  2  2
 13 Majikthise              55  14  0 27   1  1  1  1  1  1  1  1  1  1  1  1  1  1  1  1  1  2  2  1  1  1  1  1  2  2  1  1  2  2  1  1  1  2  1  2  2  2  2  2  2  2
 14 Vroomfondel             53  12  0 29   1  1  1  1  1  1  1  1  1  1  1  1  1  1  1  1  1  1  1  1  1  1  1  1  2  2  1  1  1  2  1  1  1  2  2  2  2  2  2  2  2  2
 15 Yomi AI                 52  13  2 26   0  1  1  1  1  1  1  1  1  1  1  1  1  1  1  1  1  1  2  1  1  1  1  0  1  2  2  1  1  2  1  1  1  2  2  2  2  2  2  2  2  2
 16 Marble                  51  19  9 13   0  0  0  1  0  0  0  0  0  1  0  1  1  1  1  1  2  1  1  2  1  1  1  1  2  2  1  2  2  2  2  2  2  2  2  2  2  2  2  2  2  2
 17 Sweet Rocky             50  16  7 18   1  1  0  0  1  0  0  1  1  1  0  0  1  1  1  0  1  1  1  2  1  1  1  1  1  2  1  2  2  2  1  2  2  2  2  2  2  2  2  2  2  2
 18 ZQ Bot                  47  18 12 11   0  0  0  0  0  0  0  0  0  1  0  0  0  1  1  1  1  1  1  1  2  1  1  1  2  2  2  2  2  2  1  2  2  2  2  2  2  2  2  2  2  2
 19 Granite                 46  15 10 16   0  0  0  0  0  0  0  1  1  0  1  1  0  1  0  1  1  1  1  1  1  1  1  1  2  2  1  2  1  2  1  2  2  2  2  2  2  2  2  2  2  2
 20 Piedra                  46  13  8 20   0  1  0  0  1  1  1  0  1  1  1  0  1  1  1  0  0  1  1  1  1  1  1  1  0  1  1  2  1  2  1  2  2  2  2  2  2  2  2  2  2  2
 21 * Anti-rotn             45  12  8 21   0  0  0  0  1  0  1  1  1  1  1  0  1  1  1  1  1  0  1  1  1  1  0  1  2  2  1  1  1  1  1  1  2  2  2  2  2  2  2  2  2  2
 22 Mixed Strategy          45  13  9 19   0  0  1  0  0  0  0  1  1  1  0  0  1  1  1  1  1  1  1  1  1  1  0  1  2  1  1  2  1  2  2  1  2  1  2  2  2  2  2  2  2  2
 23 * De Bruijn             44   6  3 32   0  0  1  1  1  2  1  1  1  1  2  2  1  1  1  1  1  1  1  1  2  2  1  1  1  1  1  1  1  1  1  1  1  1  1  1  1  1  2  1  0  1
 24 * Pi                    41   1  1 39   1  1  1  1  1  1  1  1  1  1  1  1  1  1  2  1  1  1  1  1  1  1  1  1  1  1  1  1  1  1  1  1  1  1  0  1  1  1  1  1  1  1
 25 Inocencio               40  16 17  8   0  0  0  0  0  0  0  0  1  1  1  0  0  0  1  0  1  0  0  2  0  0  1  1  1  2  2  2  2  2  2  1  0  2  2  2  2  2  2  2  2  2
 26 Multi-strategy          33  13 21  7   0  0  0  0  0  0  0  0  0  0  0  0  0  0  0  0  0  0  0  1  0  1  1  1  0  1  1  2  1  2  2  1  2  2  2  2  2  2  2  2  2  2
 27 * Foxtrot               32   0  9 32   0  0  0  1  0  0  1  1  1  1  1  1  1  1  0  1  1  0  1  1  1  1  1  1  0  1  1  1  1  1  1  1  1  1  1  1  1  1  1  0  1  1
 28 Peterbot                30   9 20 12   0  0  0  0  0  0  0  0  0  0  0  0  1  1  1  0  0  0  0  0  1  0  1  1  0  0  1  1  1  1  1  1  2  2  1  2  2  2  2  2  2  2
 29 * Add-drift             29   0 12 29   0  0  1  0  0  0  1  1  1  1  0  0  0  1  1  0  0  0  1  1  1  1  1  1  0  1  1  1  1  1  1  1  1  1  1  1  1  1  1  1  1  1
 30 Knucklehead             27   9 23  9   0  0  0  0  0  0  0  0  0  0  0  0  0  0  0  0  0  0  0  0  1  0  1  1  0  0  1  1  1  1  2  2  2  1  2  1  2  1  2  2  2  2
 31 * Copy-drift            26   1 16 24   0  0  0  0  0  0  1  0  0  0  1  0  1  1  1  0  1  1  1  1  1  0  1  1  0  0  1  1  1  0  1  1  1  1  1  1  1  2  1  1  1  0
 32 * Add-react             25   1 17 23   0  0  0  0  0  0  0  1  0  0  0  0  1  1  1  0  0  0  0  0  1  1  1  1  1  1  1  1  1  0  1  1  1  1  1  1  1  1  1  1  1  2
 33 Beat The Last Move      22   6 25 10   0  0  0  0  0  0  0  0  0  0  0  0  1  1  1  0  0  0  0  0  0  0  1  1  2  0  1  0  1  0  1  1  1  0  2  0  2  0  2  1  2  2
 34 * Flat                  19   2 24 15   0  0  0  0  0  0  0  1  0  0  0  0  0  0  0  0  0  0  0  0  0  1  1  1  0  0  1  0  1  1  1  1  2  1  1  1  1  1  2  1  0  1
 35 * Text                  17   2 26 13   0  0  0  0  0  0  0  0  0  0  1  0  1  0  0  0  0  0  0  0  0  0  1  2  0  0  1  1  1  0  1  1  0  1  1  1  0  1  0  1  2  1
 36 Always Switchin'        17   1 25 15   0  0  0  0  0  0  0  0  0  0  0  0  0  0  0  0  0  0  0  0  0  0  1  1  0  0  1  0  1  1  1  1  2  1  1  1  1  1  1  1  1  1
 37 Good Ole Rock           16   3 28 10   0  0  0  0  0  0  0  0  0  0  0  0  0  0  0  0  0  0  0  0  0  0  1  1  0  0  1  0  1  0  1  1  0  1  2  1  1  1  0  1  2  2
 38 * Switch A Lot          16   1 26 14   1  0  0  0  0  0  0  0  0  0  0  0  0  0  0  0  0  0  0  0  0  0  1  1  0  0  1  0  1  1  0  1  2  1  1  1  1  1  1  1  0  1
 39 Beat Frequent Pick      16   4 29  8   0  0  0  0  0  0  0  0  0  0  0  0  0  0  0  0  0  0  0  0  0  0  0  1  0  0  1  0  1  0  1  1  0  0  2  1  2  1  1  1  2  2
 40 Rotate R-P-S            15   1 27 13   0  0  0  0  0  0  0  0  0  0  0  0  0  0  0  0  0  0  0  0  0  0  1  1  0  0  2  0  1  0  1  1  1  1  1  1  1  1  1  1  0  1
 41 * Anti-Flat             15   4 30  7   0  0  0  0  0  0  0  0  0  0  0  0  0  0  0  0  0  0  0  0  0  0  2  1  0  0  1  0  1  0  1  1  0  2  0  1  0  2  0  2  1  1
 42 R-P-S 20-20-60          12   1 30 10   0  0  0  0  0  0  0  0  0  0  0  0  0  0  0  0  0  0  0  0  0  0  1  1  0  0  1  0  1  0  2  0  0  1  1  1  0  1  0  1  1  1


   Yomi AI is match ranked 15

 Tournament results:
    Player Name          total 
  1 Yomi AI               4666 
 15 * Anti-rotn           5241 
 19 Iocaine Powder       11120 
 20 Phasenbott            9979 
 21 MegaHAL               9504 
 22 RussRocker4           7702 
 23 Biopic                8885 
 24 Simple Modeller       8549 
 25 Simple Predictor      7264 
 26 Robertot              7451 
 27 Boom                  8066 
 28 Shofar                6515 
 29 ACT-R Lag2            6638 
 30 Majikthise            5148 
 31 Vroomfondel           4939 
 32 Granite               6591 
 33 Marble                6966 
 34 ZQ Bot                6089 
 35 Sweet Rocky           5629 
 36 Piedra                5356 
 37 Mixed Strategy        5347 
 41 Bugbrain              5901 

   Yomi is tournament ranked 22

