 Playing 1 tournaments with 1000 trials per match...

 Yomi AI            vs Good Ole Rock       Match: 1000 (1000+   0-   0=)
 Yomi AI            vs R-P-S 20-20-60      Match:  193 (434+ 241- 325=)
 Yomi AI            vs Rotate R-P-S        Match:  401 (483+  82- 435=)
 Yomi AI            vs Beat The Last Move  Match:    8 (335+ 327- 338=)
 Yomi AI            vs Always Switchin'    Match:  121 (383+ 262- 355=)
 Yomi AI            vs Beat Frequent Pick  Match:  247 (445+ 198- 357=)
 Yomi AI            vs * Pi                Match:   25 (337+ 312- 351=)
 Yomi AI            vs * Switch A Lot      Match:   35 (341+ 306- 353=)
 Yomi AI            vs * Flat              Match:   72 (377+ 305- 318=)
 Yomi AI            vs * Anti-Flat         Match:  999 (999+   0-   1=)
 Yomi AI            vs * Foxtrot           Match:  203 (425+ 222- 353=)
 Yomi AI            vs * De Bruijn         Match:  -16 (330+ 346- 324=)
 Yomi AI            vs * Text              Match:   70 (364+ 294- 342=)
 Yomi AI            vs * Anti-rotn         Match:   14 (329+ 315- 356=)
 Yomi AI            vs * Copy-drift        Match:    5 (328+ 323- 349=)
 Yomi AI            vs * Add-react         Match:  -25 (328+ 353- 319=)
 Yomi AI            vs * Add-drift         Match:  -34 (306+ 340- 354=)
 Yomi AI            vs Iocaine Powder      Match: -228 (126+ 354- 520=)
 Yomi AI            vs Phasenbott          Match:  -14 (318+ 332- 350=)
 Yomi AI            vs MegaHAL             Match:   18 (339+ 321- 340=)
 Yomi AI            vs RussRocker4         Match:   24 (354+ 330- 316=)
 Yomi AI            vs Biopic              Match:   16 (341+ 325- 334=)
 Yomi AI            vs Simple Modeller     Match:   23 (338+ 315- 347=)
 Yomi AI            vs Simple Predictor    Match:   45 (352+ 307- 341=)
 Yomi AI            vs Robertot            Match:   45 (360+ 315- 325=)
 Yomi AI            vs Boom                Match:   16 (345+ 329- 326=)
 Yomi AI            vs Shofar              Match:    8 (340+ 332- 328=)
 Yomi AI            vs ACT-R Lag2          Match:  -14 (335+ 349- 316=)
 Yomi AI            vs Majikthise          Match:  -13 (336+ 349- 315=)
 Yomi AI            vs Vroomfondel         Match:   21 (347+ 326- 327=)
 Yomi AI            vs Granite             Match:   63 (366+ 303- 331=)
 Yomi AI            vs Marble              Match:   26 (357+ 331- 312=)
 Yomi AI            vs ZQ Bot              Match:   25 (336+ 311- 353=)
 Yomi AI            vs Sweet Rocky         Match:   18 (333+ 315- 352=)
 Yomi AI            vs Piedra              Match:   12 (344+ 332- 324=)
 Yomi AI            vs Mixed Strategy      Match:   22 (342+ 320- 338=)
 Yomi AI            vs Multi-strategy      Match:  145 (404+ 259- 337=)
 Yomi AI            vs Inocencio           Match:   59 (375+ 316- 309=)
 Yomi AI            vs Peterbot            Match:   18 (339+ 321- 340=)
 Yomi AI            vs Bugbrain            Match:   -7 (336+ 343- 321=)
 Yomi AI            vs Knucklehead         Match:  286 (472+ 186- 342=)
Error: return value out of range.
Error: return value out of range.
Error: return value out of range.
Error: return value out of range.
Error: return value out of range.
 Final results (draw value = 50):

 Tournament results: 

    Player Name          total     1    2    3    4    5    6    7    8    9   10   11   12   13   14   15   16   17   18   19   20   21   22   23   24   25   26   27   28   29   30   31   32   33   34   35   36   37   38   39   40   41   42
  1 Iocaine Powder       11501     0   32   54   40   79   29  512   39   37  237  194   60  289   54   31  -18  243   52   -6   75  -19  228  329  725   40  -32  176  341  184  134  325  586   37  108  891  212  346  898  990  989  994  986
  2 Phasenbott           10187   -32    0   55   36   79   92  483   17   80  177  128   42  311   35   40   56  222   79   15   83   44   14  194  179   51   18  100  363   12   56  348  374   64   75  998  230  144  957  989  991  995  993
  3 MegaHAL               9325   -54  -55    0   32  -34   40   75   24   -5  260   63   32  259  -13  -31    1  216   61    9   97  -18  -18  150  209   -7  -57  170   97   24  109  257  409  262  189  888  437  335  934  990  994 1000  994
  4 Biopic                8660   -40  -36  -32    0  -19   50  -30   45   27  158   31   20  105   59  -21    7  138   49  -34   40  -11  -16  215  160    3  -32  -26  426   90  150   85  514  180  179  710  321  382  828  993  995  998  999
  5 Simple Modeller       8309   -79  -79   34   19    0   15    9   18   35  125  263   62  309  -69   42   41   77   74  -33   29   30  -23  166  252  -30  -11  216    0  198  108  114  262  257  113  330  456  415  585  988  995  996 1000
  6 Robertot              7902   -29  -92  -40  -50  -15    0   14    9   42   -7    4   41   73   16  -18    6   97   43  -30  116    7  -45  284   57  -25  -41   77  -20   75   35   65  389  175  171  822  457  434  840  982  994  995  994
  7 RussRocker4           7629  -512 -483  -75   30   -9  -14    0   22    1  147  125   92  144   33   29  -25  161   47  -45   78   30  -24  158  127  -41  -14  160  175  179  109  331  470  154   60  948  228  262  588  993  993 1000  997
  8 Boom                  7149   -39  -17  -24  -45  -18   -9  -22    0   23   51  -10   12   42  -26  -31  -25   59   45  -10   -2    9  -16  349   90   32    8   48   -5   11   30  102  394  148  118  361  403  388  753  986  989  997 1000
  9 Sweet Rocky           7034   -37  -80    5  -27  -35  -42   -1  -23    0  -60  -39   19  -50  -20   -8  -19  -49   52  -32   21   -7  -18   95  627  -45  -30   35   28   82  121  138  139   68  180  766  322  391  595  992  990  996  994
 10 Marble                6762  -237 -177 -260 -158 -125    7 -147  -51   60    0   31   74  -31 -103 -105  -56   -2   46   52  -20  -63  -26  304  646    3  -14   51   61   40  181   75  334  129  181  922  175  390  590  989  996 1000 1000
 11 Simple Predictor      6748  -194 -128  -63  -31 -263   -4 -125   10   39  -31    0   52  144  -40   28  -68   48   68  -67   30  -64  -45  191  225  -62   19  309  -24  263  128   96  268  232  154  322  379  392  592  986  989  996  997
 12 Piedra                6514   -60  -42  -32  -20  -62  -41  -92  -12  -19  -74  -52    0  -42  -31  -58  -45  -48   20  -14  -42  -30  -12   86  -49   -2  -13   89  -45   54  140  265  239  211  180  993  185  423  598  996  986  998  988
 13 ZQ Bot                6474  -289 -311 -259 -105 -309  -73 -144  -42   50   31 -144   42    0  -97 -176  -48  -35   46  -91   15  -56  -25  294  788    6   15   34   55   -1  178  277  266  251  173  828  329  432  591  990  992  998  998
 14 ACT-R Lag2            6254   -54  -35   13  -59   69  -16  -33   26   20  103   40   31   97    0  -11   -3  121  -10   17   93  -45   14  150   61  -60  -19   22   17    9  132   47  488   97   98  130  226  249  573  677  992  998  989
 15 Bugbrain              6235   -31  -40   31   21  -42   18  -29   31    8  105  -28   58  176   11    0  -20   68   29   21  112    9    7  156   60   -3   15  118  -16   24   82   94   98  133   52  291  242  199  409  892  980  946  948
 16 Shofar                5972    18  -56   -1   -7  -41   -6   25   25   19   56   68   45   48    3   20    0   12   33  -11   70   33   -8  113   -9  -28   29  -14  -17   72   28   59  208   56  161  -21  401  271  548  901  925  972  972
 17 Granite               5943  -243 -222 -216 -138  -77  -97 -161  -59   49    2  -48   48   35 -121  -68  -12    0   45  -42   28   11  -63  243   27  -30  -43  -21   32   86  183   77  326  121  177  905  246  388  592  989  995  999 1000
 18 * Anti-rotn           5070   -52  -79  -61  -49  -74  -43  -47  -45  -52  -46  -68  -20  -46   10  -29  -33  -45    0    0  -43  -30  -14  260  339  -34  -36  -30  -38   33  204    2   33  328   59   71  514  156  597  493  998  996  991
 19 Vroomfondel           4906     6  -15   -9   34   33   30   45   10   32  -52   67   14   91  -17  -21   11   42    0    0   -2    0  -21  135   62  -22   33   35  -19   20  126   27  194  113   11   21  264  185  439   36  994  993  981
 20 Mixed Strategy        4718   -75  -83  -97  -40  -29 -116  -78    2  -21   20  -30   42  -15  -93 -112  -70  -28   43    2    0  -26  -22   -3    8  -87  -29   22    1   35   78    9  177   82  176  113  164  352  506  961  982  998  999
 21 Majikthise            4691    19  -44   18   11  -30   -7  -30   -9    7   63   64   30   56   45   -9  -33  -11   30    0   26    0   13  187   89  -27  -22    9    6  -28   39  -27  183   62   59  106  267  148  467  -12  991  991  994
 22 Yomi AI               3932  -228  -14   18   16   23   45   24   16   18   26   45   12   25  -14   -7    8   63   14   21   22  -13    0  145   59  -16   25  -34  203    5   72  -25  286   35   70   18  121  193  247    8  401 1000  999
 23 Multi-strategy        2910  -329 -194 -150 -215 -166 -284 -158 -349  -95 -304 -191  -86 -294 -150 -156 -113 -243 -260 -135    3 -187 -145    0  -86  -50  -20   38  -45  259  122   43   17  293  123  500  512  416  999  997  997  999  997
 24 Inocencio             1550  -725 -179 -209 -160 -252  -57 -127  -90 -627 -646 -225   49 -788  -61  -60    9  -27 -339  -62   -8  -89  -59   86    0  -15  -13   25  287  160  111  108  292   70  163  113  256  387  360  954  976  983  979
 25 * De Bruijn            345   -40  -51    7   -3   30   25   41  -32   45   -3   62    2   -6   60    3   28   30   34   22   87   27   16   50   15    0   -1  -20    1  -25    4  -53  -12   -3   23  -20  -22  -16  128   -1   21    0 -108
 26 * Pi                   152    32  -18   57   32   11   41   14   -8   30   14  -19   13  -15   19  -15  -29   43   36  -33   29   22  -25   20   13    1    0   -6   10  -14    6   -3   -5   30  -81   -2  -51  -14   30   22  -11  -11  -13
 27 * Add-drift          -1618  -176 -100 -170   26 -216  -77 -160  -48  -35  -51 -309  -89  -34  -22 -118   14   21   30  -35  -22   -9   34  -38  -25   20    6    0    8   35  -14    3  -46  -59   23    6  -19   -4  -12   45    0  -12   11
 28 * Foxtrot            -1929  -341 -363  -97 -426    0   20 -175    5  -28  -61   24   45  -55  -17   16   17  -32   38   19   -1   -6 -203   45 -287   -1  -10   -8    0    4  -17  -20  -30   85   11  -37    6    1  -20  -28   22  -30    6
 29 * Copy-drift         -1956  -184  -12  -24  -90 -198  -75 -179  -11  -82  -40 -263  -54    1   -9  -24  -72  -86  -33  -20  -35   28   -5 -259 -160   25   14  -35   -4    0  -38   21 -131   29    8  -30   -4  -32   52  -30   45  -10   50
 30 * Flat               -2622  -134  -56 -109 -150 -108  -35 -109  -30 -121 -181 -128 -140 -178 -132  -82  -28 -183 -204 -126  -78  -39  -72 -122 -111   -4   -6   14   17   38    0   -8   11   -5    4 -138  -41    0  242  246   64   -1 -399
 31 * Add-react          -3049  -325 -348 -257  -85 -114  -65 -331 -102 -138  -75  -96 -265 -277  -47  -94  -59  -77   -2  -27   -9   27   25  -43 -108   53    3   -3   20  -21    8    0  -68  -44   -3  -48   -3  -36   -7   38  -74   23    5
 32 Knucklehead          -3095  -586 -374 -409 -514 -262 -389 -470 -394 -139 -334 -268 -239 -266 -488  -98 -208 -326  -33 -194 -177 -183 -286  -17 -292   12    5   46   30  131  -11   68    0  -36    7   -7  -29   64  181  879  566  967  978
 33 * Switch A Lot       -3180   -37  -64 -262 -180 -257 -175 -154 -148  -68 -129 -232 -211 -251  -97 -133  -56 -121 -328 -113  -82  -62  -35 -293  -70    3  -30   59  -85  -29    5   44   36    0   25 -113   -9   70   22  355  -14   13   26
 34 * Text               -3377  -108  -75 -189 -179 -113 -171  -60 -118 -180 -181 -154 -180 -173  -98  -52 -161 -177  -59  -11 -176  -59  -70 -123 -163  -23   81  -23  -11   -8   -4    3   -7  -25    0   25  -45   32 -185  -74  -11 -185  113
 35 Peterbot             -6631  -891 -998 -888 -710 -330 -822 -948 -361 -766 -922 -322 -993 -828 -130 -291   21 -905  -71  -21 -113 -106  -18 -500 -113   20    2   -6   37   30  138   48    7  113  -25    0  236  388  426  982  999 1000 1000
 36 Always Switchin'     -6777  -212 -230 -437 -321 -456 -457 -228 -403 -322 -175 -379 -185 -329 -226 -242 -401 -246 -514 -264 -164 -267 -121 -512 -256   22   51   19   -6    4   41    3   29    9   45 -236    0   28   53  521  -22    0    9
 37 R-P-S 20-20-60       -8707  -346 -144 -335 -382 -415 -434 -262 -388 -391 -390 -392 -423 -432 -249 -199 -271 -388 -156 -185 -352 -148 -193 -416 -387   16   14    4   -1   32    0   36  -64  -70  -32 -388  -28    0 -370 -156   -4 -417  399
 38 Beat Frequent Pick  -14230  -898 -957 -934 -828 -585 -840 -588 -753 -595 -590 -592 -598 -591 -573 -409 -548 -592 -597 -439 -506 -467 -247 -999 -360 -128  -30   12   20  -52 -242    7 -181  -22  185 -426  -53  370    0 -600    0  999  997
 39 Beat The Last Move  -19962  -990 -989 -990 -993 -988 -982 -993 -986 -992 -989 -986 -996 -990 -677 -892 -901 -989 -493  -36 -961   12   -8 -997 -954    1  -22  -45   28   30 -246  -38 -879 -355   74 -982 -521  156  600    0    1 1000  996
 40 Rotate R-P-S        -25388  -989 -991 -994 -995 -995 -994 -993 -989 -990 -996 -989 -986 -992 -992 -980 -925 -995 -998 -994 -982 -991 -401 -997 -976  -21   11    0  -22  -45  -64   74 -566   14   11 -999   22    4    0   -1    0    0 -682
 41 Good Ole Rock       -26175  -994 -995 -1000 -998 -996 -995 -1000 -997 -996 -1000 -996 -998 -998 -998 -946 -972 -999 -996 -993 -998 -991 -1000 -999 -983    0   11   12   30   10    1  -23 -967  -13  185 -1000    0  417 -999 -1000    0    0  999
 42 * Anti-Flat         -28176  -986 -993 -994 -999 -1000 -994 -997 -1000 -994 -1000 -997 -988 -998 -989 -948 -972 -1000 -991 -981 -999 -994 -999 -997 -979  108   13  -11   -6  -50  399   -5 -978  -26 -113 -1000   -9 -399 -997 -996  682 -999    0

 Match results (draw <= 50): 

    Player Name           total  W  L  D   1  2  3  4  5  6  7  8  9 10 11 12 13 14 15 16 17 18 19 20 21 22 23 24 25 26 27 28 29 30 31 32 33 34 35 36 37 38 39 40 41 42
  1 Phasenbott              71  30  0 11   1  1  2  2  1  1  2  2  1  1  2  1  2  1  1  2  1  2  2  2  2  2  2  1  2  2  2  2  1  2  2  2  2  2  2  2  2  2  2  2  2  2
  2 Iocaine Powder          70  29  0 12   1  1  2  2  1  1  2  1  1  2  1  1  1  2  1  2  2  2  2  2  2  2  1  1  2  2  2  2  2  2  2  2  2  2  1  2  2  2  2  2  2  2
  3 MegaHAL                 62  24  3 14   0  0  1  2  1  1  1  1  1  1  1  1  1  1  1  2  1  2  2  2  2  2  1  0  2  2  2  2  1  2  2  2  2  2  2  2  2  2  2  2  2  2
  4 RussRocker4             62  24  3 14   0  0  0  1  1  1  1  1  1  1  1  1  1  1  1  2  2  2  1  2  2  2  1  1  2  2  2  2  2  2  2  2  2  2  2  2  2  2  2  2  2  2
  5 Biopic                  62  21  0 20   1  1  1  1  1  1  1  1  1  2  1  1  1  1  1  1  1  2  1  2  2  1  1  1  2  2  2  1  2  2  2  2  2  2  2  2  2  2  2  2  2  2
  6 Bugbrain                62  21  0 20   1  1  1  1  1  1  1  1  1  1  1  1  1  1  1  1  2  2  1  2  2  2  1  1  2  1  2  2  1  2  2  2  2  2  2  2  2  2  2  2  2  2
  7 Simple Modeller         61  23  3 15   0  0  1  1  1  1  1  1  1  0  1  1  1  1  1  2  2  2  2  2  2  1  1  1  2  1  2  2  2  2  2  2  2  2  2  2  2  2  2  2  2  2
  8 Robertot                59  19  1 21   0  1  1  1  1  1  1  1  1  1  1  1  1  1  1  1  1  1  1  2  2  2  1  1  2  1  2  2  2  2  2  2  1  2  2  2  2  2  2  2  2  2
  9 Boom                    57  16  0 25   1  1  1  1  1  1  1  1  1  1  1  1  1  1  1  1  1  2  1  2  1  1  1  1  2  1  2  1  1  2  2  2  1  2  2  2  2  2  2  2  2  2
 10 ACT-R Lag2              57  19  3 19   1  0  1  1  0  1  2  1  1  1  1  1  1  1  1  1  1  2  1  2  2  2  0  1  2  1  2  1  1  2  2  1  2  2  2  2  2  2  2  2  2  2
 11 Shofar                  56  16  1 24   0  1  1  1  1  1  1  1  1  1  1  1  1  1  1  2  1  2  1  1  1  2  1  1  1  1  2  1  2  1  2  2  1  2  2  2  2  2  2  2  2  2
 12 Majikthise              56  15  0 26   1  1  1  1  1  1  1  1  1  1  1  1  1  1  1  2  1  2  1  1  2  1  1  1  2  1  2  1  1  2  2  1  1  1  2  2  2  2  2  2  2  2
 13 Sweet Rocky             56  17  2 22   0  1  1  1  1  1  1  1  1  1  1  1  1  1  1  1  1  0  2  1  1  1  1  1  2  1  2  1  2  2  2  2  2  2  2  2  2  2  2  2  2  2
 14 Yomi AI                 53  13  1 27   1  0  1  1  1  1  1  1  1  1  1  1  1  1  1  1  1  1  1  2  1  1  1  1  2  2  2  1  1  1  2  1  2  1  1  2  2  2  2  2  2  2
 15 Vroomfondel             53  13  1 27   1  1  1  1  1  1  1  1  1  1  1  1  1  1  1  2  1  0  1  1  2  1  1  1  2  1  2  1  1  1  2  1  2  1  2  2  1  2  2  2  2  2
 16 Simple Predictor        52  20  9 12   0  0  0  0  1  1  0  1  1  1  0  0  1  1  0  1  2  1  2  1  2  1  0  1  2  1  2  2  2  2  2  2  2  2  2  2  2  2  2  2  2  2
 17 Piedra                  51  16  6 19   1  0  1  0  1  0  0  1  1  1  1  1  1  1  1  0  1  0  1  1  1  1  1  1  1  1  2  2  2  2  2  2  2  2  2  2  2  2  2  2  2  2
 18 Marble                  50  20 11 10   0  0  0  0  0  0  0  1  0  0  0  0  2  1  2  1  2  1  1  1  1  1  1  1  2  2  2  2  1  2  2  2  2  2  2  2  2  2  2  2  2  2
 19 * Anti-rotn             48  13  6 22   0  0  0  1  1  1  0  1  1  1  1  1  0  1  1  0  1  1  1  1  1  1  1  1  2  1  2  1  1  2  1  1  2  2  2  2  2  2  2  2  2  2
 20 Granite                 45  15 11 15   0  0  0  0  0  0  0  0  0  0  1  1  1  0  1  1  1  1  1  1  1  1  1  1  1  1  2  1  2  2  2  2  2  2  2  2  2  2  2  2  2  2
 21 ZQ Bot                  45  16 12 13   0  0  0  0  0  0  0  0  1  0  1  0  1  1  0  0  1  1  1  1  1  1  1  1  2  2  2  1  1  2  2  2  2  2  2  2  2  2  2  2  2  2
 22 Mixed Strategy          44  12  9 20   0  0  0  0  1  0  1  0  1  0  0  1  1  1  1  1  1  1  1  1  1  1  0  1  1  1  1  1  1  2  2  1  2  2  2  2  2  2  2  2  2  2
 23 * De Bruijn             42   4  3 34   0  1  1  1  1  1  1  1  1  2  1  1  1  1  1  2  1  1  1  1  1  2  1  1  1  1  1  1  1  1  1  0  1  1  1  1  1  1  2  1  0  1
 24 * Pi                    40   1  2 38   1  1  2  1  1  1  1  1  1  1  1  1  1  1  1  1  1  1  1  1  1  1  1  1  1  1  1  1  1  1  1  1  1  1  1  0  0  1  1  1  1  1
 25 Inocencio               39  16 18  7   0  0  0  0  0  0  0  0  0  0  1  0  0  0  0  0  1  0  0  1  0  1  1  1  1  2  2  1  2  2  2  2  2  2  2  2  2  2  2  2  2  2
 26 * Foxtrot               33   1  9 31   0  0  0  0  0  1  1  1  1  1  1  1  1  0  1  1  1  0  1  1  0  1  1  1  0  1  1  1  1  1  1  1  1  1  2  1  1  1  1  1  1  1
 27 Multi-strategy          31  12 22  7   0  0  0  0  0  0  0  0  0  0  0  0  0  0  0  0  0  0  0  0  0  1  1  1  0  1  1  1  2  2  1  1  2  2  2  2  2  2  2  2  2  2
 28 * Add-drift             30   0 11 30   0  0  0  0  1  0  0  0  1  1  1  1  1  1  1  0  0  0  1  1  1  1  1  1  1  1  1  1  1  1  1  1  1  1  0  1  1  1  1  1  1  1
 29 * Copy-drift            29   1 13 27   1  0  1  0  0  1  0  0  1  1  0  1  0  1  1  0  0  1  1  0  1  1  1  1  0  1  0  1  1  1  0  1  1  1  1  1  1  1  2  1  1  1
 30 Peterbot                29   9 21 11   0  0  0  0  0  0  0  0  0  0  1  0  0  1  1  0  0  0  0  0  0  0  1  1  0  1  0  1  1  1  1  1  2  2  2  2  1  2  2  2  2  2
 31 Knucklehead             27   8 22 11   0  0  0  0  0  0  0  0  0  0  0  0  0  0  0  0  0  0  1  0  0  0  1  1  0  1  1  1  2  1  1  2  1  2  1  1  1  2  2  2  2  2
 32 * Add-react             23   1 19 21   0  0  0  0  0  0  0  0  0  1  0  1  0  1  1  0  0  0  1  0  0  1  2  1  0  1  1  1  1  1  0  1  1  1  1  1  1  1  1  0  1  1
 33 * Flat                  22   3 22 16   0  0  0  0  0  0  0  1  1  0  1  1  0  0  0  0  0  0  0  0  0  0  1  1  0  1  0  1  1  0  1  1  1  2  1  1  1  1  2  2  0  1
 34 Beat The Last Move      20   5 26 10   0  0  0  0  0  0  0  0  0  0  0  1  0  1  1  0  0  0  0  0  0  0  1  1  0  1  0  1  1  0  0  1  0  1  0  0  2  2  2  1  2  2
 35 * Switch A Lot          20   3 24 14   0  1  0  0  0  0  0  0  0  0  0  0  0  1  0  0  0  0  0  0  0  0  1  1  0  0  0  2  1  0  1  1  1  2  1  1  1  1  1  1  1  2
 36 Always Switchin'        19   3 25 13   0  0  0  0  0  0  0  0  0  0  0  0  0  0  0  0  0  0  0  0  0  0  1  2  0  1  0  1  1  0  1  1  1  2  1  1  1  1  2  1  1  1
 37 * Text                  17   2 26 13   0  0  0  0  0  0  0  0  0  0  0  0  0  0  1  0  0  0  0  0  0  0  1  2  0  1  0  1  1  1  1  1  1  0  1  1  1  0  0  1  2  1
 38 Good Ole Rock           16   3 28 10   0  0  0  0  0  0  0  0  0  0  0  0  0  0  0  0  0  0  0  0  0  0  1  1  0  1  0  1  1  0  0  1  1  0  1  1  2  1  0  1  2  2
 39 Beat Frequent Pick      14   4 31  6   0  0  0  0  0  0  0  0  0  0  0  0  0  0  0  0  0  0  0  0  0  0  0  1  0  1  0  1  0  0  0  1  0  0  1  0  2  2  1  1  2  2
 40 Rotate R-P-S            14   1 28 12   0  0  0  0  0  0  0  0  0  0  0  0  0  0  0  0  0  0  0  0  0  0  1  1  0  1  0  1  1  0  0  2  0  1  1  1  1  1  1  1  0  1
 41 * Anti-Flat             13   3 31  7   0  0  0  0  0  0  0  0  0  0  0  0  0  0  0  0  0  0  0  0  0  0  2  1  0  1  0  1  1  0  0  1  2  0  1  1  0  0  0  2  1  0
 42 R-P-S 20-20-60          12   1 30 10   0  0  0  0  0  0  0  0  0  0  0  0  0  0  0  0  0  0  0  0  0  0  1  1  0  1  0  1  1  0  0  1  1  0  0  1  1  0  0  1  2  1


   Yomi AI is match ranked 14

 Tournament results:
    Player Name          total 
  1 Yomi AI               3932 
 15 * Anti-rotn           5070 
 19 Iocaine Powder       11501 
 20 Phasenbott           10187 
 21 MegaHAL               9325 
 22 RussRocker4           7629 
 23 Biopic                8660 
 24 Simple Modeller       8309 
 25 Simple Predictor      6748 
 26 Robertot              7902 
 27 Boom                  7149 
 28 Shofar                5972 
 29 ACT-R Lag2            6254 
 30 Majikthise            4691 
 31 Vroomfondel           4906 
 32 Granite               5943 
 33 Marble                6762 
 34 ZQ Bot                6474 
 35 Sweet Rocky           7034 
 36 Piedra                6514 
 37 Mixed Strategy        4718 
 41 Bugbrain              6235 

   Yomi is tournament ranked 22

