 Playing 1 tournaments with 1000 trials per match...

 Yomi AI            vs Good Ole Rock       Match: 1000 (1000+   0-   0=)
 Yomi AI            vs R-P-S 20-20-60      Match:  242 (504+ 262- 234=)
 Yomi AI            vs Rotate R-P-S        Match:  652 (792+ 140-  68=)
 Yomi AI            vs Beat The Last Move  Match:   47 (363+ 316- 321=)
 Yomi AI            vs Always Switchin'    Match:  127 (429+ 302- 269=)
 Yomi AI            vs Beat Frequent Pick  Match:  418 (649+ 231- 120=)
 Yomi AI            vs * Pi                Match:   -6 (331+ 337- 332=)
 Yomi AI            vs * Switch A Lot      Match:   92 (397+ 305- 298=)
 Yomi AI            vs * Flat              Match:  100 (393+ 293- 314=)
 Yomi AI            vs * Anti-Flat         Match:  999 (999+   0-   1=)
 Yomi AI            vs * Foxtrot           Match:  238 (489+ 251- 260=)
 Yomi AI            vs * De Bruijn         Match:  -50 (305+ 355- 340=)
 Yomi AI            vs * Text              Match:   69 (377+ 308- 315=)
 Yomi AI            vs * Anti-rotn         Match:  -28 (345+ 373- 282=)
 Yomi AI            vs * Copy-drift        Match:  -13 (336+ 349- 315=)
 Yomi AI            vs * Add-react         Match:   47 (352+ 305- 343=)
 Yomi AI            vs * Add-drift         Match:  -34 (321+ 355- 324=)
 Yomi AI            vs Iocaine Powder      Match:  -66 (305+ 371- 324=)
 Yomi AI            vs Phasenbott          Match:  -69 (312+ 381- 307=)
 Yomi AI            vs MegaHAL             Match:   22 (350+ 328- 322=)
 Yomi AI            vs RussRocker4         Match:    1 (343+ 342- 315=)
 Yomi AI            vs Biopic              Match:    5 (362+ 357- 281=)
 Yomi AI            vs Simple Modeller     Match:   12 (338+ 326- 336=)
 Yomi AI            vs Simple Predictor    Match:  -14 (338+ 352- 310=)
 Yomi AI            vs Robertot            Match:   61 (390+ 329- 281=)
 Yomi AI            vs Boom                Match:    1 (346+ 345- 309=)
 Yomi AI            vs Shofar              Match:  -29 (315+ 344- 341=)
 Yomi AI            vs ACT-R Lag2          Match:  -39 (313+ 352- 335=)
 Yomi AI            vs Majikthise          Match:   32 (342+ 310- 348=)
 Yomi AI            vs Vroomfondel         Match:    6 (347+ 341- 312=)
 Yomi AI            vs Granite             Match:   88 (429+ 341- 230=)
 Yomi AI            vs Marble              Match:   93 (442+ 349- 209=)
 Yomi AI            vs ZQ Bot              Match:   43 (398+ 355- 247=)
 Yomi AI            vs Sweet Rocky         Match:   81 (398+ 317- 285=)
 Yomi AI            vs Piedra              Match:   36 (377+ 341- 282=)
 Yomi AI            vs Mixed Strategy      Match:   23 (364+ 341- 295=)
 Yomi AI            vs Multi-strategy      Match:  270 (529+ 259- 212=)
 Yomi AI            vs Inocencio           Match:   27 (378+ 351- 271=)
 Yomi AI            vs Peterbot            Match:    8 (349+ 341- 310=)
 Yomi AI            vs Bugbrain            Match:  -12 (351+ 363- 286=)
 Yomi AI            vs Knucklehead         Match:  321 (569+ 248- 183=)
 Final results (draw value = 50):

 Tournament results: 

    Player Name          total     1    2    3    4    5    6    7    8    9   10   11   12   13   14   15   16   17   18   19   20   21   22   23   24   25   26   27   28   29   30   31   32   33   34   35   36   37   38   39   40   41   42
  1 Iocaine Powder       10599     0   28   34   13   28  503   29  164   42   83   22  255   58  -29  206   38  301    1   43   37  -46   66  165  299   37   -3  145  192  331  198   23  590  139  257  899  221  357  914  990  992  991  986
  2 Phasenbott           10338   -28    0   82   78   40  527   25  144   37   43   50  224   96   49  189   39  289   28   75   79   76   69  197  200   31  -14  167   95  316   66   86  406   91  340  884  234  143  920  987  998  996  984
  3 MegaHAL               9499   -34  -82    0    7    6   66   43   45   32   59  -22  253    1   26  240   14  255  -56   61   92  -61  -22  147  247  -13   18  212  105   58  121  213  417  142  271  912  436  379  934  989  988 1000 1000
  4 Simple Modeller       8703   -13  -78   -7    0   32  -44   22  272  -31   41   24  104    3   62   80   19  300   40   66   20  -36  -12  175  728  -38  -21  259  267  -19  110  232  238  149  111  265  467  357  591  989  992  999  988
  5 Biopic                8612   -28  -40   -6  -32    0  -16  -12   19   23   18   55  117   42    7  119   12   95   -3   43  114  -22   -5  274  210   -4   14  -26   49  404  139  133  481  149   84  996  328  358  539  993  994  998  999
  6 RussRocker4           7783  -503 -527  -66   44   16    0   23   83   28   24   28  128   25   -8  143  -18  152  -18   45   75   55   -1  231  176  -54    0  158  155  246  132  108  445   92  335  928  276  241  600  993  993 1000 1000
  7 Robertot              7740   -29  -25  -43  -22   12  -23    0   66   -9   32   23  111  -26   18  -22    4  102   -9   44   80   11  -61  185   41    7  -16    8   38   17   88  105  387  171  110  711  457  420  818  968  998  999  994
  8 Simple Predictor      7356  -164 -144  -45 -272  -19  -83  -66    0   29    9   20   85  -55   27   50    9  173  -51   38   24  -49   14  191  673  -73  -21  246  299   -1  114  209  258  166  107  308  374  425  588  984  990  995  994
  9 Boom                  7126   -42  -37  -32   31  -23  -28    9  -29    0   30   15   83  -42  -34   52  -29  -30   -7   42   41   -5   -1  175   58   17  -20   35   10   -3   -7  197  417  102   74  526  460  391  753  991  989  997 1000
 10 Sweet Rocky           7084   -83  -43  -59  -41  -18  -24  -32   -9  -30    0   53  -63  -42  -37  -40  -30  -69  -39  -23   28  -48  -81  112  729  -66  -15   21   46   -4  160  135  196  171  389  726  226  417  592  992  995  995  997
 11 Piedra                6589   -22  -50   22  -24  -55  -28  -23  -20  -15  -53    0  -38  -98  -43  -36  -67  -32  -44   32   -5  -59  -36  166  -53  -54  -38   42   28  -41  134  156  261  152  396  885  243  426  595  995  992  998 1000
 12 Marble                6535  -255 -224 -253 -104 -117 -128 -111  -85  -83   63   38    0  -90 -115  -26  -79   30  -23   58    0  -58  -93  339  637  -46  -14    0   30   74  148  134  372  181   82  972  306  394  594  992  996  999 1000
 13 ACT-R Lag2            6292   -58  -96   -1   -3  -42  -25   26   55   42   42   98   90    0   12  119   11   77   -2   47    6   -1   39  175  558  -76  -58   -9   44  -15   70  148  527   82   15  287  233  289  576   19  995  999  997
 14 Bugbrain              6260    29  -49  -26  -62   -7    8  -18  -27   34   37   43  115  -12    0   40   28  178   -1   41   47   13   12  148   41   22  -18  140   49   16   35  113  149   54  107  262  254  207  384  937  976  994  967
 15 Granite               6236  -206 -189 -240  -80 -119 -143   22  -50  -52   40   36   26 -119  -40    0  -19   85  -36   56   40  -59  -88  240  -11  -61  -18   25   27   83  154  189  328  175   94  900  261  409  593  994  995 1000  994
 16 Shofar                6222   -38  -39  -14  -19  -12   18   -4   -9   29   30   67   79  -11  -28   19    0   32  -27   47   51   47   29  140   56  -28    5   23   82  -71  148  116  165  125   54  150  408  252  558  904  925  979  984
 17 ZQ Bot                5737  -301 -289 -255 -300  -95 -152 -102 -173   30   69   32  -30  -77 -178  -85  -32    0  -35   53   -6  -53  -43  292  -21   -7  -12  112   53   30  155  205  430  119  405  858  207  367  591  987  995  997  996
 18 Majikthise            5040    -1  -28   56  -40    3   18    9   51    7   39   44   23    2    1   36   27   35    0   44   19   -7  -32  197   71  -11   37  -17   42   34   90   97  198   42    3   45  302  137  461   31  994  997  984
 19 * Anti-rotn           4958   -43  -75  -61  -66  -43  -45  -44  -38  -42   23  -32  -58  -47  -41  -56  -47  -53  -44    0  -44   -7   28   10  547  -36  -45    0  -16  -43  206  290    7   56    1   42  531  168  598  485  998  998  996
 20 Mixed Strategy        4929   -37  -79  -92  -20 -114  -75  -80  -24  -41  -28    5    0   -6  -47  -40  -51    6  -19   44    0  -62  -23   27  -25  -42  -21  -17   14   15   80  100  139  129   64  340  111  398  455  970  983  994  998
 21 Vroomfondel           4812    46  -76   61   36   22  -55  -11   49    5   48   59   58    1  -13   59  -47   53    7    7   62    0   -6  199   42    0  -38    7  -15   17  108   35  190   68   31  -56  266  155  471  -13  992  995  993
 22 Yomi AI               4801   -66  -69   22   12    5    1   61  -14    1   81   36   93  -39  -12   88  -29   43   32  -28   23    6    0  270   27  -50   -6  -34  -13  238  100   92  321   69   47    8  127  242  418   47  652 1000  999
 23 Multi-strategy        3081  -165 -197 -147 -175 -274 -231 -185 -191 -175 -112 -166 -339 -175 -148 -240 -140 -292 -197  -10  -27 -199 -270    0 -132  -50  -20   23  212    4  216  280   55  123   63  500  482  389  999  997  997  999  999
 24 Inocencio              867  -299 -200 -247 -728 -210 -176  -41 -673  -58 -729   53 -637 -558  -41   11  -56   21  -71 -547   25  -42  -27  132    0  -15  -19   31  114  309  177   -7  199  153   94   80  260  387  366  897  980  981  978
 25 * De Bruijn            852   -37  -31   13   38    4   54   -7   73  -17   66   54   46   76  -22   61   28    7   11   36   42    0   50   50   15    0   -1   26   28   27   19    6   29   23   39   14   11  -13  128   -1   21    0 -114
 26 * Pi                   298     3   14  -18   21  -14    0   16   21   20   15   38   14   58   18   18   -5   12  -37   45   21   38    6   20   19    1    0  -27   -1   15  -13   16    6  -81  -15   16   14    5   30   22  -11  -11  -11
 27 * Add-drift          -1591  -145 -167 -212 -259   26 -158   -8 -246  -35  -21  -42    0    9 -140  -25  -23 -112   17    0   17   -7   34  -23  -31  -26   27    0  -29   27   29   25  -18  -11   30   -4  -43    1   16  -13  -19    2  -34
 28 * Copy-drift         -1984  -192  -95 -105 -267  -49 -155  -38 -299  -10  -46  -28  -30  -44  -49  -27  -82  -53  -42   16  -14   15   13 -212 -114  -28    1   29    0   17   14  -23 -116   63   19  -33  -11    3  -38   -6   -3   21   14
 29 * Foxtrot            -2150  -331 -316  -58   19 -404 -246  -17    1    3    4   41  -74   15  -16  -83   71  -30  -34   43  -15  -17 -238   -4 -309  -27  -15  -27  -17    0   26   -4  -31  -38  -12   -3   32  -45    2    4  -19    9   10
 30 * Flat               -2987  -198  -66 -121 -110 -139 -132  -88 -114    7 -160 -134 -148  -70  -35 -154 -148 -155  -90 -206  -80 -108 -100 -216 -177  -19   13  -29  -14  -26    0   32   -4   -3   65 -163   21   -8  209  212   76    0 -407
 31 * Switch A Lot       -3207   -23  -86 -213 -232 -133 -108 -105 -209 -197 -135 -156 -134 -148 -113 -189 -116 -205  -97 -290 -100  -35  -92 -280    7   -6  -16  -25   23    4  -32    0   11   51   49 -179   29   -9  -16  351  -49  -11    7
 32 Knucklehead          -3256  -590 -406 -417 -238 -481 -445 -387 -258 -417 -196 -261 -372 -527 -149 -328 -165 -430 -198   -7 -139 -190 -321  -55 -199  -29   -6   18  116   31    4  -11    0   27  -42  -65  -36   44  179  841  914  935 1000
 33 * Text               -3283  -139  -91 -142 -149 -149  -92 -171 -166 -102 -171 -152 -181  -82  -54 -175 -125 -119  -42  -56 -129  -68  -69 -123 -153  -23   81   11  -63   38    3  -51  -27    0   27   21  -45  -12 -185  -74  -11 -185  112
 34 * Add-react          -3792  -257 -340 -271 -111  -84 -335 -110 -107  -74 -389 -396  -82  -15 -107  -94  -54 -405   -3   -1  -64  -31  -47  -63  -94  -39   15  -30  -19   12  -65  -49   42  -27    0  -38  -52  -32   -6   18  -13   11   14
 35 Peterbot             -6999  -899 -884 -912 -265 -996 -928 -711 -308 -526 -726 -885 -972 -287 -262 -900 -150 -858  -45  -42 -340   56   -8 -500  -80  -14  -16    4   33    3  163  179   65  -21   38    0  217  395  441  981  997  998  966
 36 Always Switchin'     -7045  -221 -234 -436 -467 -328 -276 -457 -374 -460 -226 -243 -306 -233 -254 -261 -408 -207 -302 -531 -111 -266 -127 -482 -260  -11  -14   43   11  -32  -21  -29   36   45   52 -217    0   23   22  518   -8   23  -16
 37 R-P-S 20-20-60       -8767  -357 -143 -379 -357 -358 -241 -420 -425 -391 -417 -426 -394 -289 -207 -409 -252 -367 -137 -168 -398 -155 -242 -389 -387   13   -5   -1   -3   45    8    9  -44   12   32 -395  -23    0 -403 -161   20 -461  298
 38 Beat Frequent Pick  -13891  -914 -920 -934 -591 -539 -600 -818 -588 -753 -592 -595 -594 -576 -384 -593 -558 -591 -461 -598 -455 -471 -418 -999 -366 -128  -30  -16   38   -2 -209   16 -179  185    6 -441  -22  403    0 -600    0  999  997
 39 Beat The Last Move  -19213  -990 -987 -989 -989 -993 -993 -968 -984 -991 -992 -995 -992  -19 -937 -994 -904 -987  -31 -485 -970   13  -47 -997 -897    1  -22   13    6   -4 -212 -351 -841   74  -18 -981 -518  161  600    0    1 1000  996
 40 Rotate R-P-S        -25973  -992 -998 -988 -992 -994 -993 -998 -990 -989 -995 -992 -996 -995 -976 -995 -925 -995 -994 -998 -983 -992 -652 -997 -980  -21   11   19    3   19  -76   49 -914   11   13 -997    8  -20    0   -1    0    0 -678
 41 Good Ole Rock       -26230  -991 -996 -1000 -999 -998 -1000 -999 -995 -997 -995 -998 -999 -999 -994 -1000 -979 -997 -997 -998 -994 -995 -1000 -999 -981    0   11   -2  -21   -9    0   11 -935  185  -11 -998  -23  461 -999 -1000    0    0 1000
 42 * Anti-Flat         -27981  -986 -984 -1000 -988 -999 -1000 -994 -994 -1000 -997 -1000 -1000 -997 -967 -994 -984 -996 -984 -996 -998 -993 -999 -999 -978  114   11   34  -14  -10  407   -7 -1000 -112  -14 -966   16 -298 -997 -996  678 -1000    0

 Match results (draw <= 50): 

    Player Name           total  W  L  D   1  2  3  4  5  6  7  8  9 10 11 12 13 14 15 16 17 18 19 20 21 22 23 24 25 26 27 28 29 30 31 32 33 34 35 36 37 38 39 40 41 42
  1 Phasenbott              71  30  0 11   1  1  2  2  1  2  1  1  1  1  2  2  1  2  2  1  1  1  2  2  2  2  2  2  1  2  2  2  2  2  2  2  2  2  2  2  2  2  2  2  2  2
  2 Iocaine Powder          66  25  0 16   1  1  1  1  1  2  1  1  1  1  2  2  1  1  2  2  1  1  2  2  1  1  2  2  1  2  2  2  2  2  2  2  1  2  2  2  2  2  2  2  2  2
  3 MegaHAL                 63  25  3 13   0  1  1  1  1  2  1  1  1  1  1  1  0  0  1  2  1  1  2  2  2  2  2  2  1  2  2  2  2  2  2  2  2  2  2  2  2  2  2  2  2  2
  4 Simple Modeller         63  23  1 17   0  1  1  1  1  1  1  1  1  2  1  1  1  1  2  1  1  1  2  2  1  2  2  2  1  2  1  2  2  2  2  2  2  2  2  2  2  2  2  2  2  2
  5 Biopic                  62  21  0 20   1  1  1  1  1  1  1  1  1  1  1  1  1  1  1  1  2  1  2  2  2  1  2  2  1  2  2  1  2  1  2  2  2  2  2  2  2  2  2  2  2  2
  6 RussRocker4             61  24  4 13   0  0  0  1  1  1  1  1  1  1  1  1  1  2  2  1  1  0  2  2  2  1  2  2  1  2  2  2  2  2  2  2  2  2  2  2  2  2  2  2  2  2
  7 Shofar                  59  19  1 21   1  1  1  1  1  1  1  1  1  1  1  1  1  1  1  1  2  1  1  1  2  1  2  2  1  2  0  1  2  2  2  2  2  2  2  2  2  2  2  2  2  2
  8 Robertot                58  18  1 22   1  1  1  1  1  1  1  1  1  1  0  1  1  1  2  1  1  1  1  2  2  1  2  1  1  2  1  1  2  1  2  2  2  2  2  2  2  2  2  2  2  2
  9 Boom                    57  16  0 25   1  1  1  1  1  1  1  1  1  1  1  1  1  1  1  1  1  1  2  1  1  1  2  2  1  2  1  1  2  1  2  2  2  1  2  2  2  2  2  2  2  2
 10 Bugbrain                56  16  1 24   1  1  1  0  1  1  1  1  1  1  1  1  1  1  1  1  1  1  1  2  1  1  2  1  1  2  1  2  2  1  2  2  2  1  2  2  2  2  2  2  2  2
 11 Yomi AI                 55  16  2 23   0  0  1  1  1  1  1  2  1  1  1  1  1  1  1  2  1  1  2  1  1  1  2  1  1  2  2  1  1  1  2  1  2  2  1  2  2  2  2  2  2  2
 12 ACT-R Lag2              55  18  4 19   0  0  1  1  1  1  1  1  1  1  1  1  1  1  2  1  2  0  2  2  1  1  2  2  0  2  1  1  2  1  2  1  2  2  1  2  2  2  2  2  2  2
 13 Majikthise              54  13  0 28   1  1  2  1  1  1  1  1  1  1  1  1  1  1  2  1  1  1  1  1  1  1  1  2  1  2  1  1  1  1  2  1  2  2  1  2  2  2  1  2  2  2
 14 Vroomfondel             54  16  3 22   0  1  2  1  1  0  1  1  1  1  1  1  1  1  1  1  2  1  2  2  2  1  2  1  1  2  1  1  0  1  2  1  1  2  1  2  2  2  2  2  2  2
 15 Simple Predictor        52  19  8 14   0  0  1  0  1  0  1  0  1  1  1  0  0  1  1  1  1  0  1  2  1  1  2  2  1  2  1  2  2  2  2  2  2  2  2  2  2  2  2  2  2  2
 16 Sweet Rocky             51  16  6 19   1  0  0  1  1  1  1  1  1  1  0  1  1  1  1  1  2  0  1  0  1  1  0  2  1  2  1  1  2  1  2  2  2  2  2  2  2  2  2  2  2  2
 17 Piedra                  48  14  7 20   1  1  1  1  0  1  0  1  1  1  1  0  1  0  1  0  1  0  1  1  1  1  1  0  1  2  1  1  2  1  2  2  2  2  2  2  2  2  2  2  2  2
 18 * De Bruijn             47   7  1 33   1  1  1  1  1  2  1  1  1  1  1  2  1  1  2  2  2  1  2  1  1  1  1  1  1  1  1  1  1  1  1  1  1  1  1  1  2  1  1  1  0  1
 19 Granite                 47  17 11 13   0  0  0  0  0  0  1  1  0  1  0  0  1  0  1  1  1  0  1  2  1  2  1  1  1  2  2  1  2  1  2  2  2  2  2  2  2  2  2  2  2  2
 20 ZQ Bot                  47  18 12 11   0  0  0  0  0  0  1  0  1  0  1  0  1  0  0  2  1  1  0  1  1  2  1  1  1  2  1  2  2  2  2  2  2  2  2  2  2  2  2  2  2  2
 21 Mixed Strategy          47  13  7 21   0  1  0  1  0  0  0  0  1  1  1  1  1  0  1  1  1  1  1  1  1  1  1  1  1  1  1  1  2  1  2  2  2  2  2  2  2  2  2  2  2  2
 22 * Anti-rotn             46  11  6 24   0  1  0  0  1  1  1  1  1  1  1  1  1  1  1  1  1  1  0  0  1  1  0  2  1  1  1  1  1  1  1  2  2  2  1  2  2  2  2  2  2  2
 23 Marble                  45  18 14  9   0  0  0  0  0  0  0  0  0  0  0  0  1  0  0  2  1  1  1  1  1  2  1  2  1  2  2  1  2  1  2  2  2  2  2  2  2  2  2  2  2  2
 24 Inocencio               43  16 14 11   0  0  0  0  0  0  0  1  0  1  1  0  0  1  0  0  2  1  1  1  1  0  0  1  1  2  2  1  2  2  2  2  1  2  2  2  2  2  2  2  2  2
 25 * Pi                    41   1  1 39   1  1  1  1  1  1  1  1  1  1  1  2  1  1  1  1  1  1  1  1  1  1  1  1  1  1  1  1  1  1  1  1  1  1  1  1  1  1  0  1  1  1
 26 Multi-strategy          34  14 21  6   0  0  0  0  0  0  0  0  0  0  0  0  0  0  0  0  0  1  0  0  1  1  0  0  1  1  1  1  2  2  2  2  2  2  2  2  2  2  2  2  2  2
 27 * Foxtrot               33   1  9 31   0  0  0  1  0  0  2  1  1  1  0  1  1  1  1  1  1  1  0  1  1  1  0  0  1  1  1  1  1  1  1  1  1  1  1  1  1  1  1  1  1  1
 28 * Add-drift             33   0  8 33   0  0  0  0  1  0  1  1  1  0  1  1  1  1  0  1  1  1  1  0  1  1  1  1  1  1  1  1  1  1  1  1  1  1  1  1  1  1  1  1  1  1
 29 Peterbot                32  11 20 10   0  0  0  0  0  0  0  0  0  0  1  0  1  2  0  0  0  1  0  0  0  1  0  0  1  0  1  1  1  1  2  2  2  2  1  2  2  2  1  2  2  2
 30 * Copy-drift            31   1 11 29   0  0  0  0  1  0  0  1  1  1  1  1  1  1  0  1  1  1  1  0  1  1  1  0  1  0  1  1  1  1  0  1  1  1  1  1  1  1  2  1  1  1
 31 Knucklehead             23   6 24 11   0  0  0  0  0  0  0  0  0  0  0  0  0  0  0  0  0  1  0  0  0  1  0  0  1  0  1  1  0  2  1  2  1  1  1  1  2  2  1  1  2  2
 32 Beat The Last Move      21   5 25 11   0  0  0  0  0  0  0  0  0  0  1  1  1  1  0  0  0  1  0  0  0  0  0  0  1  0  1  1  0  1  0  1  0  0  1  0  2  2  2  2  2  1
 33 * Switch A Lot          21   2 22 17   0  1  0  0  0  0  0  0  0  0  0  0  0  1  0  0  0  1  0  0  0  0  0  1  1  0  1  1  0  1  1  2  1  1  1  1  1  1  2  1  1  1
 34 * Flat                  21   4 24 13   0  0  0  0  0  0  0  0  1  1  0  0  0  0  0  0  0  1  0  0  0  0  0  0  1  0  1  1  0  1  1  2  1  1  2  1  2  1  1  1  0  2
 35 * Add-react             20   0 21 20   0  0  0  0  0  0  0  0  0  0  1  1  1  1  0  0  0  1  0  0  0  1  0  0  1  0  1  1  1  1  1  1  1  0  1  0  1  1  1  1  1  1
 36 Always Switchin'        18   2 25 14   0  0  0  0  0  0  0  0  0  0  0  0  0  0  0  0  0  1  0  0  0  0  0  0  1  0  1  1  0  1  1  2  1  1  2  1  1  1  1  1  1  1
 37 Beat Frequent Pick      16   4 29  8   0  0  0  0  0  0  0  0  0  0  0  0  0  0  0  0  0  0  0  0  0  0  0  0  1  0  1  1  0  1  0  0  1  0  1  1  1  2  2  2  2  1
 38 Good Ole Rock           16   3 28 10   0  0  0  0  0  0  0  0  0  0  0  0  0  0  0  0  0  1  0  0  0  0  0  0  1  0  1  1  0  1  0  0  1  1  1  1  0  1  2  2  2  1
 39 * Text                  15   2 28 11   0  0  0  0  0  0  0  0  0  0  0  0  1  0  0  0  0  1  0  0  0  0  0  0  2  0  1  1  1  0  1  0  0  1  1  1  0  0  1  1  2  1
 40 R-P-S 20-20-60          14   1 28 12   0  0  0  0  0  0  0  0  0  0  0  0  0  0  0  0  0  1  0  0  0  0  0  0  1  0  1  1  0  1  1  0  1  1  1  1  0  0  1  1  2  1
 41 * Anti-Flat             13   3 31  7   0  0  0  0  0  0  0  0  0  0  0  0  0  0  0  0  0  2  0  0  0  0  0  0  1  0  1  1  0  1  0  0  1  2  1  1  0  0  0  0  1  2
 42 Rotate R-P-S            13   0 28 13   0  0  0  0  0  0  0  0  0  0  0  0  0  0  0  0  0  1  0  0  0  0  0  0  1  0  1  1  0  1  0  1  1  0  1  1  1  1  1  1  0  1


   Yomi AI is match ranked 11

 Tournament results:
    Player Name          total 
  1 Yomi AI               4801 
 15 * Anti-rotn           4958 
 19 Iocaine Powder       10599 
 20 Phasenbott           10338 
 21 MegaHAL               9499 
 22 RussRocker4           7783 
 23 Biopic                8612 
 24 Simple Modeller       8703 
 25 Simple Predictor      7356 
 26 Robertot              7740 
 27 Boom                  7126 
 28 Shofar                6222 
 29 ACT-R Lag2            6292 
 30 Majikthise            5040 
 31 Vroomfondel           4812 
 32 Granite               6236 
 33 Marble                6535 
 34 ZQ Bot                5737 
 35 Sweet Rocky           7084 
 36 Piedra                6589 
 37 Mixed Strategy        4929 
 41 Bugbrain              6260 

   Yomi is tournament ranked 22

