 Playing 1 tournaments with 1000 trials per match...

 Yomi AI            vs Good Ole Rock       Match: 1000 (1000+   0-   0=)
 Yomi AI            vs R-P-S 20-20-60      Match:  176 (473+ 297- 230=)
 Yomi AI            vs Rotate R-P-S        Match:  565 (782+ 217-   1=)
 Yomi AI            vs Beat The Last Move  Match:    7 (336+ 329- 335=)
 Yomi AI            vs Always Switchin'    Match:  145 (423+ 278- 299=)
 Yomi AI            vs Beat Frequent Pick  Match:  427 (683+ 256-  61=)
 Yomi AI            vs * Pi                Match:   -4 (337+ 341- 322=)
 Yomi AI            vs * Switch A Lot      Match:   76 (397+ 321- 282=)
 Yomi AI            vs * Flat              Match:   28 (358+ 330- 312=)
 Yomi AI            vs * Anti-Flat         Match:  999 (999+   0-   1=)
 Yomi AI            vs * Foxtrot           Match:  201 (488+ 287- 225=)
 Yomi AI            vs * De Bruijn         Match:  -29 (300+ 329- 371=)
 Yomi AI            vs * Text              Match:   79 (392+ 313- 295=)
 Yomi AI            vs * Anti-rotn         Match:   -7 (331+ 338- 331=)
 Yomi AI            vs * Copy-drift        Match:    0 (320+ 320- 360=)
 Yomi AI            vs * Add-react         Match:   30 (361+ 331- 308=)
 Yomi AI            vs * Add-drift         Match:  -46 (309+ 355- 336=)
 Yomi AI            vs Iocaine Powder      Match:  -57 (310+ 367- 323=)
 Yomi AI            vs Phasenbott          Match:   -6 (336+ 342- 322=)
 Yomi AI            vs MegaHAL             Match:   -2 (344+ 346- 310=)
 Yomi AI            vs RussRocker4         Match:   -7 (342+ 349- 309=)
 Yomi AI            vs Biopic              Match:   45 (371+ 326- 303=)
 Yomi AI            vs Simple Modeller     Match:   23 (354+ 331- 315=)
 Yomi AI            vs Simple Predictor    Match:   -1 (332+ 333- 335=)
 Yomi AI            vs Robertot            Match:   37 (388+ 351- 261=)
 Yomi AI            vs Boom                Match:  -20 (328+ 348- 324=)
 Yomi AI            vs Shofar              Match:  -41 (298+ 339- 363=)
 Yomi AI            vs ACT-R Lag2          Match:  -41 (328+ 369- 303=)
 Yomi AI            vs Majikthise          Match:   51 (367+ 316- 317=)
 Yomi AI            vs Vroomfondel         Match:   10 (336+ 326- 338=)
 Yomi AI            vs Granite             Match:  122 (472+ 350- 178=)
 Yomi AI            vs Marble              Match:   64 (407+ 343- 250=)
 Yomi AI            vs ZQ Bot              Match:  120 (441+ 321- 238=)
 Yomi AI            vs Sweet Rocky         Match:   -4 (344+ 348- 308=)
 Yomi AI            vs Piedra              Match:   31 (378+ 347- 275=)
 Yomi AI            vs Mixed Strategy      Match:   19 (372+ 353- 275=)
 Yomi AI            vs Multi-strategy      Match:  178 (467+ 289- 244=)
 Yomi AI            vs Inocencio           Match:  -10 (350+ 360- 290=)
 Yomi AI            vs Peterbot            Match:    2 (330+ 328- 342=)
 Yomi AI            vs Bugbrain            Match:  -16 (329+ 345- 326=)
 Yomi AI            vs Knucklehead         Match:  294 (563+ 269- 168=)
 Final results (draw value = 50):

 Tournament results: 

    Player Name          total     1    2    3    4    5    6    7    8    9   10   11   12   13   14   15   16   17   18   19   20   21   22   23   24   25   26   27   28   29   30   31   32   33   34   35   36   37   38   39   40   41   42
  1 Iocaine Powder       10927     0   46   53   40   37  155  496   -2   10  115  224  240  -54  -21   65   44   63  313   -5   40   43   57  312   15  208  -25  165  212  334  190   55  597  128  359  944  225  379  912  985  988  993  992
  2 MegaHAL              10114   -46    0  -67  -22    3   40   99   25    6   13  272  168  -17   51   -6   16   56  256  -19  124  -54    2  142    5  947    1  144   18   73  115  177  418  133  317  898  445  455  944  990  992 1000 1000
  3 Phasenbott            9940   -53   67    0   48   50  105  494   45   16   64  265  241   46   29   40   55   58  238  -18   46   38    6  195   32  177   -7  127   60  379   90   61  379   94  332  893  243  131  917  986  991  995  985
  4 Simple Modeller       8805   -40   22  -48    0   49  238  -18   19   30    9   90   93   -5    2   50   62   83  281  -18   97  -37  -23  218  -18  602  -50  253  264    6  134  202  317  139   97  322  422  389  595  988  991  998 1000
  5 Biopic                8303   -37   -3  -50  -49    0   44  -24   41   14   72  112  116   -6   39    7   56   38   94  -25   36    2  -45  252  -26  186   18  -29   80  413  -18  169  492  119   70  753  355  398  655  995  994  996  999
  6 Simple Predictor      7969  -155  -40 -105 -238  -44    0  -72  -27    6  -51   35   42   -6   36   62   46   48  169  -38   72  -58    1  220  -79  448   19  307  256  -36  103  197  279  166   99  858  458  443  592  984  986  993  993
  7 RussRocker4           7740  -496  -99 -494   18   24   72    0   25   27    8  130  166   21   41   24   63   48  166  -10   22   21    7  317  -16  151  -37   91  126  159   57  131  479   89  340  945  253  303  592  988  993  998  997
  8 Robertot              7543     2  -25  -45  -19  -41   27  -25    0  -12    5   44   67  -22   50  -19   27   67  100   38    7    3  -37  284   13   76   13   41   54   17   65   75  355  173   74  426  491  411  818  975  994  999  997
  9 Boom                  7119   -10   -6  -16  -30  -14   -6  -27   12    0  -29   45   60   -8   53  -31   52   38   37  -35   -9  -32   20  198  -52   60   -4   50   48   29   33  225  385  135   95  389  380  355  753  991  990  995 1000
 10 ACT-R Lag2            6869  -115  -13  -64   -9  -72   51   -8   -5   29    0  131   82  -44   34   -8   37   -3   57   -9   36  -50   41  269  -86  631   -8  -28   67  -43  117  161  549   91   17  236  300  280  575  666  996  994  987
 11 Granite               6555  -224 -272 -265  -90 -112  -35 -130  -44  -45 -131    0   24  -42   46 -101   66   60   19  -19   51  -41 -122  306  -64  646  -18  -27   65   10  189  110  328  175  101  953  249  365  591  994  993 1000  996
 12 Marble                6544  -240 -168 -241  -93 -116  -42 -166  -67  -60  -82  -24    0  -65   43  -51   18   49   48  -45  -10   14  -64  265 -114  646  -17   91   37   72  156  262  292  183   83  732  233  411  593  994  994  999  994
 13 Shofar                6441    54   17  -46    5    6    6  -21   22    8   44   42   65    0    9   24   22   52   68   14   62   11   41   96   -7   40   17  -17   92   -8   39  159  118  121   11  138  439  367  552  899  930  986  964
 14 Sweet Rocky           6161    21  -51  -29   -2  -39  -36  -41  -50  -53  -34  -46  -43   -9    0  -49   49   45  -24   -7  -49  -12    4  123  -12  -52  -19   14  -16  -20   87  145   96  180  396  420  348  354  596  993  994  993  996
 15 Bugbrain              5935   -65    6  -40  -50   -7  -62  -24   19   31    8  101   51  -24   49    0   65   51  168  -11   61  -14   16  116   -3   47   11  143   38  -39   75   52  112   67  110  122  260  163  431  972  969  978  982
 16 Piedra                5490   -44  -16  -55  -62  -56  -46  -63  -27  -52  -37  -66  -18  -22  -49  -65    0   53  -35  -17   49  -29  -31  -37  -37  -46  -18    1    8  -12  167   86  192  155  301  267  179  389  594  995  997  997 1000
 17 * Anti-rotn           5256   -63  -56  -58  -83  -38  -48  -48  -67  -38    3  -60  -49  -52  -45  -51  -53    0  -41   24    5    3    7  239  -58  607  -47   -9   -8  -33  245  297   45   54    5   42  480  112  597  500  998  998 1000
 18 ZQ Bot                5161  -313 -256 -238 -281  -94 -169 -166 -100  -37  -57  -19  -48  -68   24 -168   35   41    0  -18  -72  -13 -120  228  -59  -17   -9   64   53   24  183  177  239  157  282  921  102  387  590  989  989  999  999
 19 Vroomfondel           4967     5   19   18   18   25   38   10  -38   35    9   19   45  -14    7   11   17  -24   18    0   35   -3  -10  133   48   92   -8  -19   72   58   84   95  239   39   17   44  261  152  464  -10  996  994  976
 20 Mixed Strategy        4939   -40 -124  -46  -97  -36  -72  -22   -7    9  -36  -51   10  -62   49  -61  -49   -5   72  -35    0  -21  -19   25  -70    0  -40    2   66  -15   25   65  159  153   32  237  156  359  510  967  971  992  988
 21 Majikthise            4756   -43   54  -38   37   -2   58  -21   -3   32   50   41  -14  -11   12   14   29   -3   13    3   21    0  -51  204   41   34   21   -7   21    3   92   85  198   27  -18   15  293  175  451  -26  996  993  980
 22 Yomi AI               4438   -57   -2   -6   23   45   -1   -7   37  -20  -41  122   64  -41   -4  -16   31   -7  120   10   19   51    0  178  -29  -10   -4  -46    0  201   28   76  294   79   30    2  145  176  427    7  565 1000  999
 23 Multi-strategy        2825  -312 -142 -195 -218 -252 -220 -317 -284 -198 -269 -306 -265  -96 -123 -116   37 -239 -228 -133  -25 -204 -178    0  -50 -117  -20   27  266  -15  148  296   43  123   80  500  433  405  999  997  997  999  997
 24 * De Bruijn            791   -15   -5  -32   18   26   79   16  -13   52   86   64  114    7   12    3   37   58   59  -48   70  -41   29   50    0   16   -1   38   24   -6   29  -23   12   23   25   -5   11  -26  128   -1   21    0 -100
 25 Inocencio              752  -208 -947 -177 -602 -186 -448 -151  -76  -60 -631 -646 -646  -40   52  -47   46 -607   17  -92    0  -34   10  117  -16    0  -18   24   73  307  175   53  253  155   73   68  328  407  345  936  984  974  987
 26 * Pi                   221    25   -1    7   50  -18  -19   37  -13    4    8   18   17  -17   19  -11   18   47    9    8   40  -21    4   20    1   18    0  -16    6  -38   19    3   32  -81    2   35   40  -50   30   22  -11  -11  -11
 27 * Add-drift          -1565  -165 -144 -127 -253   29 -307  -91  -41  -50   28   27  -91   17  -14 -143   -1    9  -64   19   -2    7   46  -27  -38  -24   16    0   18   -4  -11  -12  -62    0   16   -8   -5   12  -25  -66  -51   23   -6
 28 * Copy-drift         -1987  -212  -18  -60 -264  -80 -256 -126  -54  -48  -67  -65  -37  -92   16  -38   -8    8  -53  -72  -66  -21    0 -266  -24  -73   -6  -18    0   22  -21   19  -43    6    0    9   -1  -14   -4  -13   14   11   28
 29 * Foxtrot            -2160  -334  -73 -379   -6 -413   36 -159  -17  -29   43  -10  -72    8   20   39   12   33  -24  -58   15   -3 -201   15    6 -307   38    4  -22    0  -42  -33  -38  -64  -33  -32   20  -31   25  -22  -32  -33   -7
 30 * Flat               -2823  -190 -115  -90 -134   18 -103  -57  -65  -33 -117 -189 -156  -39  -87  -75 -167 -245 -183  -84  -25  -92  -28 -148  -29 -175  -19   11   21   42    0  -26   -3    1  -22 -182  -51   18  196  228  -17   -1 -411
 31 * Switch A Lot       -3068   -55 -177  -61 -202 -169 -197 -131  -75 -225 -161 -110 -262 -159 -145  -52  -86 -297 -177  -95  -65  -85  -76 -296   23  -53   -3   12  -19   33   26    0   14    7    2 -131   17  -42   22  306   12   36   28
 32 Knucklehead          -3135  -597 -418 -379 -317 -492 -279 -479 -355 -385 -549 -328 -292 -118  -96 -112 -192  -45 -239 -239 -159 -198 -294  -43  -12 -253  -32   62   43   38    3  -14    0   12   25    4   13   52  143  848  583  956  999
 33 * Text               -3213  -128 -133  -94 -139 -119 -166  -89 -173 -135  -91 -175 -183 -121 -180  -67 -155  -54 -157  -39 -153  -27  -79 -123  -23 -155   81    0   -6   64   -1   -7  -12    0  -41   34  -16   -7 -185  -74  -11 -185  111
 34 * Add-react          -3302  -359 -317 -332  -97  -70  -99 -340  -74  -95  -17 -101  -83  -11 -396 -110 -301   -5 -282  -17  -32   18  -30  -80  -25  -73   -2  -16    0   33   22   -2  -25   41    0  -38    9   -9  -14   31   31  -21  -14
 35 Peterbot             -5739  -944 -898 -893 -322 -753 -858 -945 -426 -389 -236 -953 -732 -138 -420 -122 -267  -42 -921  -44 -237  -15   -2 -500    5  -68  -35    8   -9   32  182  131   -4  -34   38    0  262  401  437  981  999  999  993
 36 Always Switchin'     -7214  -225 -445 -243 -422 -355 -458 -253 -491 -380 -300 -249 -233 -439 -348 -260 -179 -480 -102 -261 -156 -293 -145 -433  -11 -328  -40    5    1  -20   51  -17  -13   16   -9 -262    0   62    6  513  -38   17    3
 37 R-P-S 20-20-60       -9024  -379 -455 -131 -389 -398 -443 -303 -411 -355 -280 -365 -411 -367 -354 -163 -389 -112 -387 -152 -359 -175 -176 -405   26 -407   50  -12   14   31  -18   42  -52    7    9 -401  -62    0 -410 -167  -34 -386  105
 38 Beat Frequent Pick  -14046  -912 -944 -917 -595 -655 -592 -592 -818 -753 -575 -591 -593 -552 -596 -431 -594 -597 -590 -464 -510 -451 -427 -999 -128 -345  -30   25    4  -25 -196  -22 -143  185   14 -437   -6  410    0 -600    0  999  997
 39 Beat The Last Move  -19744  -985 -990 -986 -988 -995 -984 -988 -975 -991 -666 -994 -994 -899 -993 -972 -995 -500 -989   10 -967   26   -7 -997    1 -936  -22   66   13   22 -228 -306 -848   74  -31 -981 -513  167  600    0    1 1000  996
 40 Rotate R-P-S        -25423  -988 -992 -991 -991 -994 -986 -993 -994 -990 -996 -993 -994 -930 -994 -969 -997 -998 -989 -996 -971 -996 -565 -997  -21 -984   11   51  -14   32   17  -12 -583   11  -31 -999   38   34    0   -1    0    0 -668
 41 Good Ole Rock       -26269  -993 -1000 -995 -998 -996 -993 -998 -999 -995 -994 -1000 -999 -986 -993 -978 -997 -998 -999 -994 -992 -993 -1000 -999    0 -974   11  -23  -11   33    1  -36 -956  185   21 -999  -17  386 -999 -1000    0    0  998
 42 * Anti-Flat         -27849  -992 -1000 -985 -1000 -999 -993 -997 -997 -1000 -987 -996 -994 -964 -996 -982 -1000 -1000 -999 -976 -988 -980 -999 -997  100 -987   11    6  -28    7  411  -28 -999 -111   14 -993   -3 -105 -997 -996  668 -998    0

 Match results (draw <= 50): 

    Player Name           total  W  L  D   1  2  3  4  5  6  7  8  9 10 11 12 13 14 15 16 17 18 19 20 21 22 23 24 25 26 27 28 29 30 31 32 33 34 35 36 37 38 39 40 41 42
  1 Iocaine Powder          68  28  1 12   1  2  1  1  1  2  1  2  0  1  2  2  2  1  1  1  2  1  1  1  2  2  2  2  1  2  2  2  2  2  2  2  2  2  2  2  2  2  2  2  2  2
  2 Phasenbott              67  27  1 13   0  1  1  2  1  2  1  1  1  1  2  1  2  1  1  1  2  1  2  1  2  2  2  2  1  2  2  2  2  2  2  2  2  2  2  2  2  2  2  2  2  2
  3 Simple Modeller         65  24  0 17   1  1  1  1  1  1  1  1  1  1  1  1  2  1  1  1  2  1  2  2  2  2  2  2  1  2  1  2  2  2  2  2  2  2  2  2  2  2  2  2  2  2
  4 MegaHAL                 63  24  2 15   1  0  1  1  1  2  1  1  1  1  1  1  1  1  0  2  2  1  1  2  2  2  2  2  1  2  2  2  2  1  2  2  2  2  2  2  2  2  2  2  2  2
  5 Biopic                  62  21  0 20   1  1  1  1  1  1  1  1  1  1  2  1  1  1  1  1  2  1  2  1  2  2  1  2  1  2  2  2  1  2  2  2  2  1  2  2  2  2  2  2  2  2
  6 RussRocker4             61  23  3 15   0  0  1  0  1  1  1  1  1  1  1  1  2  1  1  1  2  1  2  1  2  2  1  2  1  2  2  2  2  2  2  2  2  2  2  2  2  2  2  2  2  2
  7 Robertot                60  19  0 22   1  1  1  1  1  1  1  1  1  1  1  1  1  1  1  1  1  1  1  1  2  2  2  2  1  2  1  2  1  2  2  2  2  2  2  2  2  2  2  2  2  2
  8 Bugbrain                60  21  2 18   0  1  1  1  1  1  1  1  1  1  1  1  0  1  1  1  2  1  2  2  2  1  2  2  1  2  1  2  2  1  2  2  2  2  2  2  2  2  2  2  2  2
  9 Shofar                  59  18  0 23   2  1  1  1  1  1  1  1  1  1  1  1  1  1  1  1  1  1  1  2  2  1  2  2  1  2  1  2  1  2  2  1  2  1  2  2  2  2  2  2  2  2
 10 Boom                    57  17  1 23   1  1  1  1  1  1  1  1  1  1  1  1  1  1  1  2  1  0  2  1  2  2  1  1  1  2  1  2  1  1  2  2  2  1  2  2  2  2  2  2  2  2
 11 ACT-R Lag2              56  19  4 18   0  0  1  1  0  1  1  1  1  1  1  1  2  1  1  1  2  0  1  1  2  2  1  2  1  2  1  2  1  2  2  1  2  2  2  2  2  2  2  2  2  2
 12 Yomi AI                 55  15  1 25   0  1  1  1  1  1  1  1  1  1  1  1  1  1  2  1  2  1  1  1  2  1  1  2  1  2  2  1  1  1  2  1  1  1  2  2  2  2  2  2  2  2
 13 Simple Predictor        54  20  7 14   0  0  0  1  1  0  1  2  1  1  0  1  1  1  0  1  1  0  1  2  1  2  1  2  1  2  1  2  2  2  2  2  2  2  2  2  2  2  2  2  2  2
 14 Vroomfondel             54  13  0 28   1  1  1  1  1  1  1  1  1  1  1  1  1  1  1  1  1  1  1  1  1  2  1  1  1  2  2  1  1  2  2  1  1  2  2  1  2  2  2  2  2  2
 15 Majikthise              52  12  1 28   1  1  1  2  1  1  1  1  1  1  1  0  2  1  1  1  1  1  1  1  1  1  1  1  1  2  1  1  1  1  2  1  1  2  2  1  2  2  2  2  2  2
 16 Sweet Rocky             52  14  3 24   1  1  1  0  1  1  1  1  1  0  1  1  1  1  1  1  1  1  1  1  1  0  1  1  1  2  1  2  1  1  2  2  2  2  2  2  2  2  2  2  2  2
 17 Granite                 50  19 10 12   0  0  0  0  0  0  1  0  1  1  0  0  1  1  1  1  1  0  2  2  1  2  2  1  1  2  1  2  1  2  2  2  2  2  2  2  2  2  2  2  2  2
 18 * De Bruijn             49   9  1 31   1  1  1  1  1  1  1  1  1  2  2  1  2  1  1  1  2  1  1  2  2  1  2  2  1  1  1  1  1  1  1  1  1  1  1  1  1  2  1  1  0  1
 19 Piedra                  48  14  7 20   1  0  0  1  0  0  1  0  1  0  1  1  1  1  1  1  0  1  1  1  1  1  2  1  1  1  1  2  1  1  2  2  2  2  2  2  2  2  2  2  2  2
 20 Mixed Strategy          47  13  7 21   1  1  0  0  1  1  1  0  0  1  1  1  0  1  1  1  0  0  1  1  1  1  1  2  1  1  1  2  1  2  2  1  2  1  2  2  2  2  2  2  2  2
 21 Marble                  45  17 13 11   0  0  0  0  0  0  0  0  0  0  0  0  1  1  1  1  1  0  1  1  1  2  1  1  1  2  2  2  2  1  2  2  2  2  2  2  2  2  2  2  2  2
 22 Inocencio               44  17 14 10   0  0  0  0  0  0  0  1  1  0  0  1  0  0  1  2  0  1  1  1  0  1  0  1  1  2  2  2  1  2  2  2  2  2  2  2  2  2  2  2  2  2
 23 * Anti-rotn             43  12 10 19   0  0  0  0  1  1  0  0  0  1  1  1  1  1  1  1  0  0  0  1  1  2  1  1  1  2  1  1  1  1  1  1  2  2  2  2  2  2  2  2  2  2
 24 ZQ Bot                  43  16 14 11   0  0  0  0  0  0  0  0  0  1  0  0  0  1  1  1  1  0  1  0  1  1  1  1  1  2  1  2  2  2  2  2  2  2  2  2  2  2  2  2  2  2
 25 * Pi                    40   0  1 40   1  1  1  1  1  1  1  1  1  1  1  1  1  1  1  1  1  1  1  1  1  1  1  1  1  1  1  1  1  1  1  1  1  1  1  0  1  1  1  1  1  1
 26 Multi-strategy          33  13 21  7   0  0  0  0  0  0  0  0  0  0  0  0  0  0  0  0  0  1  1  1  0  0  0  0  1  1  1  2  1  2  1  2  2  2  2  2  2  2  2  2  2  2
 27 * Foxtrot               31   0 10 31   0  0  1  0  0  0  1  1  1  1  1  0  1  0  1  1  1  1  1  1  0  0  1  1  1  1  1  1  1  1  1  1  1  1  1  0  1  1  1  1  1  1
 28 Peterbot                30   9 20 12   0  0  0  0  0  0  0  0  0  0  0  1  0  1  1  0  0  1  0  0  0  0  1  0  1  0  1  1  1  1  1  1  2  2  2  1  2  2  2  2  2  2
 29 * Add-drift             29   0 12 29   0  0  0  0  1  0  1  0  1  1  1  1  0  1  1  1  1  1  1  1  0  1  1  0  1  1  1  1  1  1  0  1  0  1  1  1  1  1  1  0  1  1
 30 * Copy-drift            26   0 15 26   0  0  0  1  0  0  0  1  0  1  0  1  0  0  1  1  0  1  1  0  1  0  1  0  1  0  1  1  1  1  1  1  1  1  1  1  1  1  1  1  1  1
 31 Knucklehead             26   7 22 12   0  0  0  0  0  0  0  0  0  0  0  0  0  0  0  0  0  1  0  0  0  0  1  0  1  1  1  1  2  1  1  1  2  1  1  1  1  2  2  2  2  2
 32 * Add-react             24   0 17 24   0  0  0  0  0  0  0  0  1  0  1  1  0  1  1  0  0  1  0  1  0  0  1  0  1  0  1  1  1  1  1  1  1  1  1  1  1  1  1  1  1  1
 33 Beat The Last Move      21   6 26  9   0  0  0  0  0  0  0  0  0  0  0  1  0  1  1  0  0  1  0  0  0  0  0  0  1  0  1  0  2  1  0  1  1  0  0  2  0  2  2  1  2  2
 34 * Flat                  21   2 22 17   0  0  0  0  1  0  0  0  1  1  0  1  0  0  0  0  0  1  0  1  0  0  0  0  1  0  1  0  1  1  1  1  2  1  0  1  1  2  1  1  0  1
 35 Always Switchin'        19   3 25 13   0  0  0  0  0  0  0  0  0  0  0  0  0  0  0  0  0  1  0  0  0  0  0  0  1  0  1  0  1  1  1  1  2  2  1  1  1  1  1  1  1  2
 36 * Text                  19   3 25 13   0  0  0  0  0  0  0  0  0  0  0  0  0  1  1  0  0  1  0  0  0  0  0  0  2  0  2  1  1  1  1  1  0  1  1  1  1  0  0  1  2  1
 37 * Switch A Lot          17   1 25 15   0  0  0  0  0  0  0  0  0  0  0  0  0  0  0  0  0  1  0  0  0  0  0  0  1  0  1  0  1  1  1  1  2  1  1  1  1  1  1  1  1  1
 38 Beat Frequent Pick      16   4 29  8   0  0  0  0  0  0  0  0  0  0  0  0  0  0  0  0  0  0  0  0  0  0  0  0  1  0  1  0  1  1  0  1  0  0  1  2  1  1  2  1  2  2
 39 Good Ole Rock           16   3 28 10   0  0  0  0  0  0  0  0  0  0  0  0  0  0  0  0  0  1  0  0  0  0  0  0  1  0  1  0  1  1  0  1  0  1  1  2  1  0  1  1  2  2
 40 Rotate R-P-S            15   1 27 13   0  0  0  0  0  0  0  0  0  0  0  0  0  0  0  0  0  1  0  0  0  0  0  0  1  0  1  0  2  1  0  1  1  1  1  1  1  1  1  1  0  1
 41 * Anti-Flat             13   3 31  7   0  0  0  0  0  0  0  0  0  0  0  0  0  0  0  0  0  2  0  0  0  0  0  0  1  0  1  0  1  1  0  1  0  2  1  0  1  0  0  2  1  0
 42 R-P-S 20-20-60          12   1 30 10   0  0  0  0  0  0  0  0  0  0  0  0  0  0  0  0  0  1  0  0  0  0  0  0  1  0  1  0  1  1  0  1  0  1  0  1  1  0  0  1  2  1


   Yomi AI is match ranked 12

 Tournament results:
    Player Name          total 
  1 Yomi AI               4438 
 15 * Anti-rotn           5256 
 19 Iocaine Powder       10927 
 20 Phasenbott            9940 
 21 MegaHAL              10114 
 22 RussRocker4           7740 
 23 Biopic                8303 
 24 Simple Modeller       8805 
 25 Simple Predictor      7969 
 26 Robertot              7543 
 27 Boom                  7119 
 28 Shofar                6441 
 29 ACT-R Lag2            6869 
 30 Majikthise            4756 
 31 Vroomfondel           4967 
 32 Granite               6555 
 33 Marble                6544 
 34 ZQ Bot                5161 
 35 Sweet Rocky           6161 
 36 Piedra                5490 
 37 Mixed Strategy        4939 
 41 Bugbrain              5935 

   Yomi is tournament ranked 22

