 Playing 1 tournaments with 1000 trials per match...

 Yomi AI            vs Good Ole Rock       Match: 1000 (1000+   0-   0=)
 Yomi AI            vs R-P-S 20-20-60      Match:  275 (486+ 211- 303=)
 Yomi AI            vs Rotate R-P-S        Match:  662 (697+  35- 268=)
 Yomi AI            vs Beat The Last Move  Match:   42 (358+ 316- 326=)
 Yomi AI            vs Always Switchin'    Match:  121 (373+ 252- 375=)
 Yomi AI            vs Beat Frequent Pick  Match:  362 (551+ 189- 260=)
 Yomi AI            vs * Pi                Match:   42 (360+ 318- 322=)
 Yomi AI            vs * Switch A Lot      Match:   77 (379+ 302- 319=)
 Yomi AI            vs * Flat              Match:  120 (408+ 288- 304=)
 Yomi AI            vs * Anti-Flat         Match:  999 (999+   0-   1=)
 Yomi AI            vs * Foxtrot           Match:  285 (496+ 211- 293=)
 Yomi AI            vs * De Bruijn         Match:   -2 (318+ 320- 362=)
 Yomi AI            vs * Text              Match:  111 (395+ 284- 321=)
 Yomi AI            vs * Anti-rotn         Match:   -2 (334+ 336- 330=)
 Yomi AI            vs * Copy-drift        Match:   -6 (332+ 338- 330=)
 Yomi AI            vs * Add-react         Match:  -29 (314+ 343- 343=)
 Yomi AI            vs * Add-drift         Match:   19 (338+ 319- 343=)
 Yomi AI            vs Iocaine Powder      Match:   -7 (321+ 328- 351=)
 Yomi AI            vs Phasenbott          Match:  -66 (309+ 375- 316=)
 Yomi AI            vs MegaHAL             Match:   31 (347+ 316- 337=)
 Yomi AI            vs RussRocker4         Match:   18 (359+ 341- 300=)
 Yomi AI            vs Biopic              Match:    0 (333+ 333- 334=)
 Yomi AI            vs Simple Modeller     Match:  -14 (333+ 347- 320=)
 Yomi AI            vs Simple Predictor    Match:   24 (352+ 328- 320=)
 Yomi AI            vs Robertot            Match:  -16 (305+ 321- 374=)
 Yomi AI            vs Boom                Match:   14 (338+ 324- 338=)
 Yomi AI            vs Shofar              Match:   43 (368+ 325- 307=)
 Yomi AI            vs ACT-R Lag2          Match:   18 (348+ 330- 322=)
 Yomi AI            vs Majikthise          Match:   -6 (329+ 335- 336=)
 Yomi AI            vs Vroomfondel         Match:    9 (342+ 333- 325=)
 Yomi AI            vs Granite             Match:   45 (379+ 334- 287=)
 Yomi AI            vs Marble              Match:   46 (390+ 344- 266=)
 Yomi AI            vs ZQ Bot              Match:   73 (389+ 316- 295=)
 Yomi AI            vs Sweet Rocky         Match:   55 (366+ 311- 323=)
 Yomi AI            vs Piedra              Match:   42 (371+ 329- 300=)
 Yomi AI            vs Mixed Strategy      Match:   50 (373+ 323- 304=)
 Yomi AI            vs Multi-strategy      Match:  165 (442+ 277- 281=)
 Yomi AI            vs Inocencio           Match:   38 (362+ 324- 314=)
 Yomi AI            vs Peterbot            Match:    9 (328+ 319- 353=)
 Yomi AI            vs Bugbrain            Match:   32 (343+ 311- 346=)
 Yomi AI            vs Knucklehead         Match:  328 (501+ 173- 326=)
 Final results (draw value = 50):

 Tournament results: 

    Player Name          total     1    2    3    4    5    6    7    8    9   10   11   12   13   14   15   16   17   18   19   20   21   22   23   24   25   26   27   28   29   30   31   32   33   34   35   36   37   38   39   40   41   42
  1 Iocaine Powder       11009     0   40   33  100   41  162   44  523   21  -24  235   40   40   41  302   40  256   42   39    7    7    7  341   49    0  203  356  107  204  291  215  109  539  102  194 1000  412  931  991  988  989  992
  2 Phasenbott           10076   -40    0   16   71   28   97   68  500   19   -8  235   39   78   65  264   40  276   43  -16   66   90   -9  249   32  -28  223  314  130   52  306  122   86  394   39  251  914  165  946  983  988  994  994
  3 Simple Modeller       9665   -33  -16    0   -1  -53  260   45    3   28   21  127    7   73   28  289   40   85   46  -14   14   79   17  218  -68  -12  735   13  206  282  114  126  123  271  223  488  926  411  591  991  990  997  995
  4 MegaHAL               9541  -100  -71    1    0   25   32   62   47   33   11  230   31   72   53  250    1  260   50  -36  -31   64  -16  236  -37  -27  153  116  202   29  290  166  189  392  226  460  870  382  952  992  988  998  996
  5 Biopic                9045   -41  -28   53  -25    0   23   44   -8   -6   17  126   44   43   48  129  -46  136   45  -18    0  -10   64  272   15   18  124  411  -35   59   69  154  142  492  198  362  989  367  829  995  996  998 1000
  6 Simple Predictor      8288  -162  -97 -260  -32  -23    0  -21  -36    3  -41   47    9   54    5  152    9   57   57  -22  -24   75  -16  220  -62   19  675   34  322  269   91   70  154  315  181  444  849  423  587  984  990  993  996
  7 Robertot              7863   -44  -68  -45  -62  -44   21    0  -14  -10  -15   -9  -25   19   81   86  -13   13   45  -17   16   40   -3  296   12   16   67   24   73   99   57   76  174  431   87  470  877  371  830  963  996  996  996
  8 RussRocker4           7491  -523 -500   -3  -47    8   36   14    0   18  -14  157  -10   25   23  162    9  164   58    9  -18   62  -11  244  -66  -35  132  138  158  147  365   56   37  458  148  239  933  344  589  994  991 1000 1000
  9 Boom                  7295   -21  -19  -28  -33    6   -3   10  -18    0  -10   27  -53    7   24   46  -22   78   42  -26  -14  -17  -74  195   61   45   58  -30   37   29  104   59  115  381  238  487  514  371  753  991  990  995 1000
 10 Shofar                6760    24    8  -21  -11  -17   41   15   14   10    0   20   25   37   20   65    9   36   55  -24  -43   84   15   79   10  -15  534  -32    3   78    2   48  135  182  219  448    4  350  563  874  953  984  979
 11 Marble                6760  -235 -235 -127 -230 -126  -47    9 -157  -27  -20    0 -163   42   32   39 -109   -9   53  -13  -46  -10  -31  305  -88   16  644   32  -21   48  112  202  176  334  237  239  911  451  591  992  993 1000  996
 12 ACT-R Lag2            6693   -40  -39   -7  -31  -44   -9   25   10   53  -25  163    0   40   46   85   45  141    7   37  -18   57   28  244  -79  -20   81  -19    2   24   57   96   82  494  194  228  220  344  573  667  996  996  989
 13 Piedra                6597   -40  -78  -73  -72  -43  -54  -19  -25   -7  -37  -42  -40    0   38  -67  -32  -47   51  -28  -42   12  -16  167  -37  -15  -44   -6   20   87  269  138  177  259  150  200  933  394  592  990  995  998  991
 14 Sweet Rocky           6443   -41  -65  -28  -53  -48   -5  -81  -23  -24  -20  -32  -46  -38    0  -51  -62  -39   54  -57  -55   49  -40   59  -46  -16  776  -22   77   71  353  141  159  181  145  190  148  369  591  988  991 1000  993
 15 ZQ Bot                6085  -302 -264 -289 -250 -129 -152  -86 -162  -46  -65  -39  -85   67   51    0 -174  -34   67  -61  -73  -76  -22  203  -71   29  790   12   53   38  298  124  153  238  197  262  940  378  595  989  991  996  994
 16 Bugbrain              5985   -40  -40  -40   -1   46   -9   13   -9   22   -9  109  -45   32   62  174    0   73   34  -44  -32   50  -15  134  -12   36   17  -19   94   26  104   58   77  156   75  185  281  184  394  947  965  968  984
 17 Granite               5673  -256 -276  -85 -260 -136  -57  -13 -164  -78  -36    9 -141   47   39   34  -73    0   43  -15  -45   -7  -54  323  -53  -23   72   12   23   -6   95  143  177  324  109  194  846  385  591  992  995  998 1000
 18 * Anti-rotn           5429   -42  -43  -46  -50  -45  -57  -45  -58  -42  -55  -53   -7  -51  -54  -67  -34  -43    0    7    2   16   45  253  -71  -37  116   -9  -12   11    1  249   57   87  337  492  500  194  499  499  999 1000  986
 19 Majikthise            5196   -39   16   14   36   18   22   17   -9   26   24   13  -37   28   57   61   44   15   -7    0    6   18   20  177   65   16   95  -10    4   30   42  124   71  267  123  316   16  140  438  -39  990  992  996
 20 Yomi AI               5007    -7  -66  -14   31    0   24  -16   18   14   43   46   18   42   55   73   32   45   -2   -6    0   50    9  165   -2   42   38  285   19   -6  -29  120  111  328   77  121    9  275  362   42  662 1000  999
 21 Mixed Strategy        4670    -7  -90  -79  -64   10  -75  -40  -62   17  -84   10  -57  -12  -49   76  -50    7  -16  -18  -50    0  -18   32  -53   -3  -89  -51   26   43   35   16  174  107   89  145   38  400  479  974  972  995  992
 22 Vroomfondel           4548    -7    9  -17   16  -64   16    3   11   74  -15   31  -28   16   40   22   15   54  -45  -20   -9   18    0  176  -11   31   40   43   37    3  -33  109   -7  190  110  228  -14  128  436   -8  990  994  986
 23 Multi-strategy        2468  -341 -249 -218 -236 -272 -220 -296 -244 -195  -79 -305 -244 -167  -59 -203 -134 -323 -253 -177 -165  -32 -176    0  -50  -20 -146  -44  -14  259   34  186  123   75  292  462  500  409  999  997  997  999  998
 24 * De Bruijn            545   -49  -32   68   37  -15   62  -12   66  -61  -10   88   79   37   46   71   12   53   71  -65    2   53   11   50    0   -1   30  -20  -20  -40  -21   47   23  -23    0  -29    6  -10  128   -1   21    0 -107
 25 * Pi                   -25     0   28   12   27  -18  -19  -16   35  -45   15  -16   20   15   16  -29  -36   23   37  -16  -42    3  -31   20    1    0    3   -2   40    4  -12    0  -81   -3   29  -16   22  -11   30   22  -11  -11  -12
 26 Inocencio             -728  -203 -223 -735 -153 -124 -675  -67 -132  -58 -534 -644  -81   44 -776 -790  -17  -72 -116  -95  -38   89  -40  146  -30   -3    0  252   14   48   73   76  155  257  138  293  127  407  359 -556  987  983  986
 27 * Foxtrot            -1637  -356 -314  -13 -116 -411  -34  -24 -138   30   32  -32   19    6   22  -12   19  -12    9   10 -285   51  -43   44   20    2 -252    0   24   13  -30   21  -15   64   -6   44  -19    1   22   14   -6    3   11
 28 * Add-drift          -1639  -107 -130 -206 -202   35 -322  -73 -158  -37   -3   21   -2  -20  -77  -53  -94  -23   12   -4  -19  -26  -37   14   20  -40  -14  -24    0    3  -70  -24  -30   -4   25    8  -21   28   10   19  -34    9   11
 29 * Copy-drift         -1870  -204  -52 -282  -29  -59 -269  -99 -147  -29  -78  -48  -24  -87  -71  -38  -26    6  -11  -30    6  -43   -3 -259   40   -4  -48  -13   -3    0  -29    8   27  -13   67   11  -59  -21  -18   -5    1   34   31
 30 * Add-react          -2974  -291 -306 -114 -290  -69  -91  -57 -365 -104   -2 -112  -57 -269 -353 -298 -104  -95   -1  -42   29  -35   33  -34   21   12  -73   30   70   29    0   24  -42  -82   14   31  -23   67  -26   14   -7   -7    1
 31 * Flat               -3092  -215 -122 -126 -166 -154  -70  -76  -56  -59  -48 -202  -96 -138 -141 -124  -58 -143 -249 -124 -120  -16 -109 -186  -47    0  -76  -21   24   -8  -24    0  -32    4   13   15 -204   16  247  204   -1   -1 -403
 32 * Text               -3119  -109  -86 -123 -189 -142 -154 -174  -37 -115 -135 -176  -82 -177 -159 -153  -77 -177  -57  -71 -111 -174    7 -123  -23   81 -155   15   30  -27   42   32    0   24   -6  -12   25   -9 -185  -74  -11 -185  113
 33 Knucklehead          -3477  -539 -394 -271 -392 -492 -315 -431 -458 -381 -182 -334 -494 -259 -181 -238 -156 -324  -87 -267 -328 -107 -190  -75   23    3 -257  -64    4   13   82   -4  -24    0   22    5   20   98  144  657  783  963  950
 34 * Switch A Lot       -3980  -102  -39 -223 -226 -198 -181  -87 -148 -238 -219 -237 -194 -150 -145 -197  -75 -109 -337 -123  -77  -89 -110 -292    0  -29 -138    6  -25  -67  -14  -13    6  -22    0    1 -106  -13   16  292  -18   -7  -53
 35 Always Switchin'     -7198  -194 -251 -488 -460 -362 -444 -470 -239 -487 -448 -239 -228 -200 -190 -262 -185 -194 -492 -316 -121 -145 -228 -462   29   16 -293  -44   -8  -11  -31  -15   12   -5   -1    0 -256    2   30  489   -8   25  -24
 36 Peterbot             -7913  -1000 -914 -926 -870 -989 -849 -877 -933 -514   -4 -911 -220 -933 -148 -940 -281 -846 -500  -16   -9  -38   14 -500   -6  -22 -127   19   21   59   23  204  -25  -20  106  256    0  398  433  981  999  999  993
 37 R-P-S 20-20-60       -9487  -412 -165 -411 -382 -367 -423 -371 -344 -371 -350 -451 -344 -394 -369 -378 -184 -385 -194 -140 -275 -400 -128 -409   10   11 -407   -1  -28   21  -67  -16    9  -98   13   -2 -398    0 -412 -171    1 -343   38
 38 Beat Frequent Pick  -14093  -931 -946 -591 -952 -829 -587 -830 -589 -753 -563 -591 -573 -592 -591 -595 -394 -591 -499 -438 -362 -479 -436 -999 -128  -30 -359  -22  -10   18   26 -247  185 -144  -16  -30 -433  412    0 -600    0  999  997
 39 Beat The Last Move  -18072  -991 -983 -991 -992 -995 -984 -963 -994 -991 -874 -992 -667 -990 -988 -989 -947 -992 -499   39  -42 -974    8 -997    1  -22  556  -14  -19    5  -14 -204   74 -657 -292 -489 -981  171  600    0    1 1000 1000
 40 Rotate R-P-S        -25766  -988 -988 -990 -988 -996 -990 -996 -991 -990 -953 -993 -996 -995 -991 -991 -965 -995 -999 -990 -662 -972 -990 -997  -21   11 -987    6   34   -1    7    1   11 -783   18    8 -999   -1    0   -1    0    0 -663
 41 Good Ole Rock       -26343  -989 -994 -997 -998 -998 -993 -996 -1000 -995 -984 -1000 -996 -998 -1000 -996 -968 -998 -1000 -992 -1000 -995 -994 -999    0   11 -983   -3   -9  -34    7    1  185 -963    7  -25 -999  343 -999 -1000    0    0  998
 42 * Anti-Flat         -27719  -992 -994 -995 -996 -1000 -996 -996 -1000 -1000 -979 -996 -989 -991 -993 -994 -984 -1000 -986 -996 -999 -992 -986 -998  107   12 -986  -11  -11  -31   -1  403 -113 -950   53   24 -993  -38 -997 -1000  663 -998    0

 Match results (draw <= 50): 

    Player Name           total  W  L  D   1  2  3  4  5  6  7  8  9 10 11 12 13 14 15 16 17 18 19 20 21 22 23 24 25 26 27 28 29 30 31 32 33 34 35 36 37 38 39 40 41 42
  1 Phasenbott              69  28  0 13   1  1  2  1  1  2  1  1  2  2  1  1  1  2  1  2  2  1  2  1  2  2  2  1  2  2  2  2  2  2  2  2  2  2  2  2  1  2  2  2  2  2
  2 Iocaine Powder          65  24  0 17   1  1  2  1  1  2  1  1  2  1  1  1  1  1  1  1  1  1  2  1  2  2  1  1  2  2  2  2  2  2  2  2  2  2  2  2  2  2  2  2  2  2
  3 MegaHAL                 63  24  2 15   0  0  1  1  1  1  1  1  1  2  1  1  1  1  1  2  2  1  2  1  2  2  2  1  2  2  2  2  2  1  2  2  2  2  2  2  2  2  2  2  2  2
  4 Biopic                  63  22  0 19   1  1  1  1  2  1  1  1  1  1  1  1  1  1  2  1  1  1  2  1  2  2  1  1  2  2  2  2  1  2  2  2  2  2  2  2  2  2  2  2  2  2
  5 Simple Modeller         62  23  2 16   1  1  1  0  1  1  1  1  2  1  1  1  1  1  1  1  2  0  2  1  2  2  2  1  2  1  2  2  2  2  2  2  2  2  2  2  2  2  2  2  2  2
  6 RussRocker4             60  22  3 16   0  0  1  1  1  1  1  1  1  1  1  1  1  1  1  1  1  0  2  2  2  2  2  1  2  2  2  2  2  2  2  2  2  2  1  2  2  2  2  2  2  2
  7 ACT-R Lag2              60  20  1 20   1  1  1  1  1  1  1  1  1  1  1  2  1  1  1  1  1  0  2  1  2  2  2  1  2  1  2  2  1  1  2  2  2  2  2  2  2  2  2  2  2  2
  8 Bugbrain                60  19  0 22   1  1  1  1  1  1  1  1  1  1  1  1  1  1  1  2  1  1  2  1  2  2  1  1  1  1  2  2  2  1  2  2  2  2  2  2  2  2  2  2  2  2
  9 Simple Predictor        59  22  4 15   0  0  1  1  0  1  1  1  1  1  1  1  1  1  1  1  2  0  1  2  2  2  2  1  2  1  2  2  2  2  2  2  2  2  2  2  2  2  2  2  2  2
 10 Robertot                58  19  2 20   0  1  0  1  1  1  1  1  1  1  1  1  1  1  1  2  1  1  1  1  2  1  1  1  2  1  2  2  2  2  2  2  2  2  2  2  2  2  2  2  2  2
 11 Shofar                  57  16  0 25   1  1  1  1  1  1  1  1  1  1  1  1  1  1  1  1  1  1  1  2  2  1  2  1  2  1  2  1  1  2  1  2  2  1  2  2  2  2  2  2  2  2
 12 Boom                    56  17  2 22   1  1  1  1  1  1  0  1  1  1  1  1  1  1  0  1  1  2  1  1  1  2  1  1  2  1  2  2  1  1  2  2  2  2  2  2  2  2  2  2  2  2
 13 Majikthise              56  15  0 26   1  1  1  1  1  1  1  1  1  1  1  1  1  1  1  2  1  2  1  1  2  1  1  1  2  1  2  1  1  1  1  2  1  2  2  2  2  2  2  2  2  2
 14 Yomi AI                 54  14  1 26   0  1  1  1  1  1  1  1  1  1  1  1  1  1  1  2  1  1  1  1  2  1  1  1  1  2  2  1  1  1  1  2  1  2  2  2  2  2  2  2  2  2
 15 Vroomfondel             52  12  1 28   1  1  1  0  1  1  1  1  1  1  1  2  1  1  1  1  1  1  1  1  1  2  1  1  1  1  2  1  1  1  1  2  1  2  1  2  2  2  2  2  2  2
 16 Sweet Rocky             52  18  7 16   0  1  0  1  1  1  1  0  1  0  1  1  0  0  1  1  1  1  1  2  0  1  1  1  2  1  2  2  2  2  2  2  2  2  2  2  2  2  2  2  2  2
 17 Piedra                  52  16  5 20   0  1  0  1  0  1  1  1  0  1  1  1  1  1  1  1  1  1  1  2  0  1  1  1  1  1  2  2  1  2  2  2  2  2  2  2  2  2  2  2  2  2
 18 * De Bruijn             48  10  3 28   1  1  1  1  2  2  2  1  2  1  1  0  0  1  1  1  1  1  2  2  2  2  2  1  1  1  1  1  1  1  1  1  1  1  1  1  1  1  2  0  1  1
 19 Marble                  48  16  9 16   0  0  0  0  0  0  0  0  1  1  1  1  1  1  1  1  1  0  1  2  1  1  1  1  2  1  2  2  1  1  2  2  2  2  2  2  2  2  2  2  2  2
 20 * Anti-rotn             47  14  8 19   1  1  1  1  1  0  1  1  0  1  0  1  1  1  1  0  0  0  0  1  0  1  1  1  2  1  2  2  1  1  1  2  2  2  2  2  2  2  2  2  2  2
 21 ZQ Bot                  45  19 15  7   0  0  0  0  0  0  0  0  0  0  0  1  0  0  1  2  2  0  1  2  1  1  0  1  2  1  2  2  2  1  2  2  2  2  2  2  2  2  2  2  2  2
 22 Granite                 44  15 12 14   0  0  0  0  0  0  0  0  0  1  1  0  1  1  0  1  1  0  1  1  1  1  1  1  2  1  2  2  1  1  2  2  2  2  2  2  2  2  2  2  2  2
 23 Mixed Strategy          42  11 10 20   0  1  0  1  0  0  0  1  0  1  0  1  1  1  1  1  1  0  1  1  2  1  1  1  0  0  1  1  1  1  1  2  2  1  2  2  2  2  2  2  2  2
 24 * Pi                    40   0  1 40   1  1  1  1  1  1  1  1  1  1  1  1  1  1  1  1  1  1  1  1  1  1  1  1  1  1  1  1  1  1  1  1  1  1  0  1  1  1  1  1  1  1
 25 Inocencio               38  15 18  8   0  0  0  0  0  0  0  1  0  0  0  0  0  1  1  0  1  1  0  0  0  0  2  1  1  2  2  2  1  1  2  2  0  2  2  2  2  2  2  2  2  2
 26 * Foxtrot               36   2  7 32   0  0  0  0  1  0  1  1  1  1  1  1  1  0  1  1  1  1  1  1  1  1  2  1  0  1  1  1  1  1  1  2  1  1  1  1  1  1  1  1  1  1
 27 Multi-strategy          32  13 22  6   0  0  0  0  0  0  0  0  0  0  0  0  0  0  0  0  0  1  0  0  0  0  1  1  0  1  1  2  1  2  1  2  2  2  2  2  2  2  2  2  2  2
 28 Peterbot                32  10 19 12   0  0  0  0  0  0  0  0  0  0  1  0  1  1  1  0  0  1  0  0  0  0  1  1  0  1  0  1  1  2  1  1  2  2  1  2  2  2  2  2  2  2
 29 * Add-drift             30   0 11 30   0  0  0  1  0  0  1  0  0  0  1  1  1  1  1  0  1  1  1  1  0  1  1  1  1  1  1  1  1  1  0  1  1  1  1  1  1  1  1  1  1  1
 30 * Copy-drift            30   1 12 28   0  0  1  0  0  0  1  1  0  0  0  1  1  1  1  0  0  1  1  1  1  1  1  1  1  1  0  0  1  1  1  1  1  1  1  1  2  1  1  1  1  1
 31 * Add-react             25   2 18 21   0  0  0  0  0  0  0  0  0  0  1  0  1  1  1  0  0  1  0  1  0  0  1  1  0  1  1  1  2  1  1  0  1  1  1  1  1  1  1  1  1  2
 32 Knucklehead             23   7 25  9   0  0  0  0  0  0  0  0  0  0  0  0  0  0  0  0  0  1  0  0  0  0  0  1  0  0  0  1  1  1  2  1  2  1  1  1  1  2  2  2  2  2
 33 Beat The Last Move      22   6 25 10   0  0  0  0  0  0  0  0  0  0  0  0  1  1  1  0  0  1  0  0  0  0  0  1  2  1  0  0  1  1  1  0  1  0  2  0  0  2  2  2  1  2
 34 * Flat                  19   2 24 15   0  0  0  0  0  0  0  0  0  0  1  0  0  0  0  0  0  1  0  0  0  0  1  1  0  1  0  0  1  1  1  1  2  1  1  1  1  1  2  0  1  1
 35 * Text                  18   2 25 14   0  0  0  0  0  1  0  0  0  0  0  0  0  0  1  0  0  1  0  0  0  0  0  2  0  1  0  1  1  1  1  1  0  1  1  1  1  0  0  2  1  1
 36 Always Switchin'        17   1 25 15   0  0  0  0  0  0  0  0  0  0  0  0  0  0  0  0  0  1  0  0  0  0  0  1  0  1  0  0  1  1  1  1  2  1  1  1  1  1  1  1  1  1
 37 * Switch A Lot          16   1 26 14   1  0  0  0  0  0  0  0  0  0  0  0  0  0  0  0  0  1  0  0  0  0  0  1  0  1  0  0  1  0  1  1  2  1  1  1  1  1  1  0  1  1
 38 Good Ole Rock           16   3 28 10   0  0  0  0  0  0  0  0  0  0  0  0  0  0  0  0  0  1  0  0  0  0  0  1  0  1  0  0  1  1  1  0  0  1  2  1  1  1  0  2  1  2
 39 Beat Frequent Pick      16   4 29  8   0  0  0  0  0  0  0  0  0  0  0  0  0  0  0  0  0  0  0  0  0  0  0  1  0  1  0  0  1  1  1  0  0  0  2  1  1  2  1  2  1  2
 40 * Anti-Flat             15   4 30  7   0  0  0  0  0  0  0  0  0  0  0  0  0  0  0  0  0  2  0  0  0  0  0  1  0  1  0  0  1  1  1  0  0  2  0  1  2  0  0  1  2  1
 41 Rotate R-P-S            14   0 27 14   0  0  0  0  0  0  0  0  0  0  0  0  0  0  0  0  0  1  0  0  0  0  0  1  0  1  0  0  1  1  1  0  1  1  1  1  1  1  1  0  1  1
 42 R-P-S 20-20-60          11   0 30 11   0  0  0  0  0  0  0  0  0  0  0  0  0  0  0  0  0  1  0  0  0  0  0  1  0  1  0  0  1  1  0  0  0  1  1  1  1  0  0  1  1  1


   Yomi AI is match ranked 14

 Tournament results:
    Player Name          total 
  1 Yomi AI               5007 
 15 * Anti-rotn           5429 
 19 Iocaine Powder       11009 
 20 Phasenbott           10076 
 21 MegaHAL               9541 
 22 RussRocker4           7491 
 23 Biopic                9045 
 24 Simple Modeller       9665 
 25 Simple Predictor      8288 
 26 Robertot              7863 
 27 Boom                  7295 
 28 Shofar                6760 
 29 ACT-R Lag2            6693 
 30 Majikthise            5196 
 32 Granite               5673 
 33 Marble                6760 
 34 ZQ Bot                6085 
 35 Sweet Rocky           6443 
 36 Piedra                6597 
 41 Bugbrain              5985 

   Yomi is tournament ranked 20

