 Playing 1 tournaments with 1000 trials per match...

 Yomi AI            vs Good Ole Rock       Match: 1000 (1000+   0-   0=)
 Yomi AI            vs R-P-S 20-20-60      Match:  391 (592+ 201- 207=)
 Yomi AI            vs Rotate R-P-S        Match:  997 (998+   1-   1=)
 Yomi AI            vs Beat The Last Move  Match:  191 (472+ 281- 247=)
 Yomi AI            vs Always Switchin'    Match:  228 (501+ 273- 226=)
 Yomi AI            vs Beat Frequent Pick  Match:  677 (808+ 131-  61=)
 Yomi AI            vs * Pi                Match:  -22 (322+ 344- 334=)
 Yomi AI            vs * Switch A Lot      Match:  201 (454+ 253- 293=)
 Yomi AI            vs * Flat              Match:  141 (418+ 277- 305=)
 Yomi AI            vs * Anti-Flat         Match:  994 (996+   2-   2=)
 Yomi AI            vs * Foxtrot           Match:  452 (631+ 179- 190=)
 Yomi AI            vs * De Bruijn         Match:   -9 (321+ 330- 349=)
 Yomi AI            vs * Text              Match:  161 (439+ 278- 283=)
 Yomi AI            vs * Anti-rotn         Match:   17 (355+ 338- 307=)
 Yomi AI            vs * Copy-drift        Match:   34 (352+ 318- 330=)
 Yomi AI            vs * Add-react         Match:  101 (379+ 278- 343=)
 Yomi AI            vs * Add-drift         Match:   47 (362+ 315- 323=)
 Yomi AI            vs Iocaine Powder      Match:   -5 (342+ 347- 311=)
 Yomi AI            vs Phasenbott          Match:   -2 (331+ 333- 336=)
 Yomi AI            vs MegaHAL             Match:  -11 (344+ 355- 301=)
 Yomi AI            vs RussRocker4         Match:   -7 (359+ 366- 275=)
 Yomi AI            vs Biopic              Match:   51 (358+ 307- 335=)
 Yomi AI            vs Simple Modeller     Match:  -23 (335+ 358- 307=)
 Yomi AI            vs Simple Predictor    Match:   24 (371+ 347- 282=)
 Yomi AI            vs Robertot            Match:   34 (358+ 324- 318=)
 Yomi AI            vs Boom                Match:   -5 (333+ 338- 329=)
 Yomi AI            vs Shofar              Match:  -49 (326+ 375- 299=)
 Yomi AI            vs ACT-R Lag2          Match:  -55 (308+ 363- 329=)
 Yomi AI            vs Majikthise          Match:   23 (356+ 333- 311=)
 Yomi AI            vs Vroomfondel         Match:  -69 (310+ 379- 311=)
 Yomi AI            vs Granite             Match:  122 (467+ 345- 188=)
 Yomi AI            vs Marble              Match:  122 (469+ 347- 184=)
 Yomi AI            vs ZQ Bot              Match:  155 (469+ 314- 217=)
 Yomi AI            vs Sweet Rocky         Match:   41 (378+ 337- 285=)
 Yomi AI            vs Piedra              Match:   58 (383+ 325- 292=)
 Yomi AI            vs Mixed Strategy      Match:   82 (411+ 329- 260=)
 Yomi AI            vs Multi-strategy      Match:  234 (493+ 259- 248=)
 Yomi AI            vs Inocencio           Match:  810 (889+  79-  32=)
 Yomi AI            vs Peterbot            Match:  342 (567+ 225- 208=)
 Yomi AI            vs Bugbrain            Match:   30 (351+ 321- 328=)
 Yomi AI            vs Knucklehead         Match:  575 (708+ 133- 159=)
 Final results (draw value = 50):

 Tournament results: 

    Player Name          total     1    2    3    4    5    6    7    8    9   10   11   12   13   14   15   16   17   18   19   20   21   22   23   24   25   26   27   28   29   30   31   32   33   34   35   36   37   38   39   40   41   42
  1 Iocaine Powder       10773     0  159   28   38    5   81  492   17   67  170  231  232  -18   21  302   84   26   22   46  -15   34   15  303   13  278  -46  120  188  300  144  359   76   84  560  903  213  379  911  991  983  993  984
  2 Phasenbott            9863  -159    0   48   19    2   44  520    8   51  129  222  188   -9   25  243   45   17   92   50   10   50   22  241   42  175   -8   90   74  385  101  327   97  108  361  930  263  167  940  984  990  993  986
  3 MegaHAL               9659   -28  -48    0    7   11   29  108    4   51   55  300  267  -51  -44  206   16   29   49   49    6   61  -60  183  -21  193   26  228   61   95  218  274  133  277  375  900  443  353  929  990  989 1000  996
  4 Simple Modeller       8437   -38  -19   -7    0   23    5  -62   21   91  249   66   79  -12   56  280   -7   24   38   40  -67   81  -92  181    4  571  -12  235  266    9   76  102  133  181  237  284  431  422  591  991  993  999  994
  5 Yomi AI               8078    -5   -2  -11  -23    0   51   -7   -5   34   24  122  122  -49   30  155  -55   58   41   17  -69   82   23  234   -9  810  -22   47   34  452  141  101  161  201  575  342  228  391  677  191  997 1000  994
  6 Biopic                7963   -81  -44  -29   -5  -51    0  -16   24  -43   66  123  124   -1    2   78    3   77   25   34  -44   82  -18  320  -12  141    2   28  133  408  -32   24  143  185  483  738  290  322  501  995  993  996  999
  7 RussRocker4           7799  -492 -520 -108   62    7   16    0   -6    9   65  170  165   29   23  148   21   28   41   52   -8   89   15  298  -19  114  -42  223  122  209   77  350   83  123  480  930  227  255  588  988  992  998  997
  8 Boom                  7638   -17   -8   -4  -21    5  -24    6    0  -38   30   30   95  -21  -38   52  -26   72   71   50  -32   15   -8  261    9   33   36   29  105  -16   43   91  151   89  473  561  464  406  753  982  989  996  994
  9 Robertot              7234   -67  -51  -51  -91  -34   43   -9   38    0   62   49   48   -5  -26  101  -22   16   25   62  -20  117  -26  257    9   59  -17   29   43   92   75   76  166  120  338  412  444  386  775  821  995  998  997
 10 Simple Predictor      7124  -170 -129  -55 -249  -24  -66  -65  -30  -62    0    9   30   -2   47  151   -6   21   38   57   -8   76   12  220  -79  480  -14  303  285  -18  -29  125  149  172  262  320  429  389  588  986  989  993  999
 11 Marble                6711  -231 -222 -300  -66 -122 -123 -170  -30  -49   -9    0   14  -21  -93  119  -95   73   28   46    7    5  -45  319  -21  522  -38   66   72   45  139  139  174  147  299  927  248  380  592  991  995  999 1000
 12 Granite               6461  -232 -188 -267  -79 -122 -124 -165  -95  -48  -30  -14    0  -37 -115   -1 -143   41   68   48    4   17  -47  252  -48  649   -3   19  114   67  155   66  183  117  300  913  250  387  594  994  990 1000  991
 13 Shofar                6077    18    9   51   12   49    1  -29   21    5    2   21   37    0  -60   68    4   36   47   35  -20   44   22  103  -17   16  -15  -42  101    0    5    4   76  165  134  130  409  283  555  901  928  985  983
 14 Bugbrain              5991   -21  -25   44  -56  -30   -2  -23   38   26  -47   93  115   60    0  165    2   66   69   47    1   34  -13  170  -47   11  -51   77   25  -27   21   87   14   77  185  263  244  161  375  947  948  991  977
 15 ZQ Bot                5989  -302 -243 -206 -280 -155  -78 -148  -52 -101 -151 -119    1  -68 -165    0  -60    1   53   41  -10   -9  -91  232  -48  780  -19   19   64  -22  138  302  156  195  244  866  270  383  596  993  987  996  999
 16 ACT-R Lag2            5812   -84  -45  -16    7   55   -3  -21   26   22    6   95  143   -4   -2   60    0   15   61   42   29    8   -8  229  -84   74    5    7  -28  -55  156   42  112  123  488  217  233  347  561   11  994  996  998
 17 Piedra                5680   -26  -17  -29  -24  -58  -77  -28  -72  -16  -21  -73  -41  -36  -66   -1  -15    0   68   54  -15  -42  -44   55  -27  -55  -19   33  -26  -15  108  258  185  114  124  245  319  382  592  996  991  999 1000
 18 Sweet Rocky           5342   -22  -92  -49  -38  -41  -25  -41  -71  -25  -38  -28  -68  -47  -69  -53  -61  -68    0   45  -45    4  -45   98  -10  -42  -27   64   20   44  107  197  187   97  176  164  178  400  593  987  994  998  994
 19 * Anti-rotn           5212   -46  -50  -49  -40  -17  -34  -52  -50  -62  -57  -46  -48  -35  -47  -41  -42  -54  -45    0    3  -14   -7  255  -70  524  -43    6  -52  -62  190    7   52  354   44   58  485  204  598  499  999  997 1000
 20 Vroomfondel           5059    15  -10   -6   67   69   44    8   32   20    8   -7   -4   20   -1   10  -29   15   45   -3    0   29   47  229   12   33   -5   38   62   28   66  -34   43  128  168   29  239  171  491   11  992  994  995
 21 Mixed Strategy        5026   -34  -50  -61  -81  -82  -82  -89  -15 -117  -76   -5  -17  -44  -34    9   -8   42   -4   14  -29    0  -31  105   -5  -28   -2   -4   31   -1   53   25  175  121  167  231  134  414  465  977  975  995  992
 22 Majikthise            4900   -15  -22   60   92  -23   18  -15    8   26  -12   45   47  -22   13   91    8   44   45    7  -47   31    0  206  -24   71  -12    5   13   10   70   -8    7   68  224   48  248  148  454   21  987  995  990
 23 Multi-strategy        1605  -303 -241 -183 -181 -234 -320 -298 -261 -257 -220 -319 -252 -103 -170 -232 -229  -55  -98 -255 -229 -105 -206    0  -50 -108  -20   10  151    0   89   28  123  273   33  -38  501  374  999  997  997  999  998
 24 * De Bruijn            660   -13  -42   21   -4    9   12   19   -9   -9   79   21   48   17   47   48   84   27   10   70  -12    5   24   50    0   12   -1   50   11    1   17   -8   23   13  -16   20   25  -35  128   -1   21    0 -102
 25 Inocencio              650  -278 -175 -193 -571 -810 -141 -114  -33  -59 -480 -522 -649  -16  -11 -780  -74   55   42 -524  -33   28  -71  108  -12    0  -28   24   26  347   86   60  153   68  218  136  266  372  362  923  984  985  981
 26 * Pi                   329    46    8  -26   12   22   -2   42  -36   17   14   38    3   15   51   19   -5   19   27   43    5    2   12   20    1   28    0  -13   17    6    4    4  -81  -17  -49   17   58  -12   30   22  -11  -11  -10
 27 * Add-drift          -1723  -120  -90 -228 -235  -47  -28 -223  -29  -29 -303  -66  -19   42  -77  -19   -7  -33  -64   -6  -38    4   -5  -10  -50  -24   13    0   49   33   45 -101  -13   -1   27   36   44   54  -27  -73  -21  -36  -48
 28 * Copy-drift         -2049  -188  -74  -61 -266  -34 -133 -122 -105  -43 -285  -72 -114 -101  -25  -64   28   26  -20   52  -62  -31  -13 -151  -11  -26  -17  -49    0   -2  -24    1    7  -15  -43  -44  -20   -9   10    0   12    0   39
 29 * Foxtrot            -2250  -300 -385  -95   -9 -452 -408 -209   16  -92   18  -45  -67    0   27   22   55   15  -44   62  -28    1  -10    0   -1 -347   -6  -33    2    0   36    7   20   41  -22  -16    7    6   15  -22   23    2  -34
 30 * Flat               -2567  -144 -101 -218  -76 -141   32  -77  -43  -75   29 -139 -155   -5  -21 -138 -156 -108 -107 -190  -66  -53  -70  -89  -17  -86   -4  -45   24  -36    0  -32  -12    3   27 -198  -39  -13  209  197  -27   -1 -406
 31 * Add-react          -2800  -359 -327 -274 -102 -101  -24 -350  -91  -76 -125 -139  -66   -4  -87 -302  -42 -258 -197   -7   34  -25    8  -28    8  -60   -4  101   -1   -7   32    0  -30   17   10   -7  -21   -9    9   18   -2    2   86
 32 * Text               -3174   -76  -97 -133 -133 -161 -143  -83 -151 -166 -149 -174 -183  -76  -14 -156 -112 -185 -187  -52  -43 -175   -7 -123  -23 -153   81   13   -7  -20   12   30    0   10   17   28  -37   -3 -185  -74  -11 -185  112
 33 * Switch A Lot       -3390   -84 -108 -277 -181 -201 -185 -123  -89 -120 -172 -147 -117 -165  -77 -195 -123 -114  -97 -354 -128 -121  -68 -273  -13  -68   17    1   15  -41   -3  -17  -10    0  -14 -120  -13    6   46  357   12   -1  -25
 34 Knucklehead          -3636  -560 -361 -375 -237 -575 -483 -480 -473 -338 -262 -299 -300 -134 -185 -244 -488 -124 -176  -44 -168 -167 -224  -33   16 -218   49  -27   43   22  -27  -10  -17   14    0  -31   34  120  165  867  128  999  967
 35 Peterbot             -5127  -903 -930 -900 -284 -342 -738 -930 -561 -412 -320 -927 -913 -130 -263 -866 -217 -245 -164  -58  -29 -231  -48   38  -20 -136  -17  -36   44   16  198    7  -28  120   31    0  254  401  441  982  998  998  993
 36 Always Switchin'     -7312  -213 -263 -443 -431 -228 -290 -227 -464 -444 -429 -248 -250 -409 -244 -270 -233 -319 -178 -485 -239 -134 -248 -501  -25 -266  -58  -44   20   -7   39   21   37   13  -34 -254    0  -38    0  514  -19   14  -35
 37 R-P-S 20-20-60       -9240  -379 -167 -353 -422 -391 -322 -255 -406 -386 -389 -380 -387 -283 -161 -383 -347 -382 -400 -204 -171 -414 -148 -374   35 -372   12  -54    9   -6   13    9    3   -6 -120 -401   38    0 -461 -158  -22 -399  144
 38 Beat Frequent Pick  -14061  -911 -940 -929 -591 -677 -501 -588 -753 -775 -588 -592 -594 -555 -375 -596 -561 -592 -593 -598 -491 -465 -454 -999 -128 -362  -30   27  -10  -15 -209   -9  185  -46 -165 -441    0  461    0 -600    0  999 1000
 39 Beat The Last Move  -19195  -991 -984 -990 -991 -191 -995 -988 -982 -821 -986 -991 -994 -901 -947 -993  -11 -996 -987 -499  -11 -977  -21 -997    1 -923  -22   73    0   22 -197  -18   74 -357 -867 -982 -514  158  600    0    1 1000 1000
 40 Rotate R-P-S        -25439  -983 -990 -989 -993 -997 -993 -992 -989 -995 -989 -995 -990 -928 -948 -987 -994 -991 -994 -999 -992 -975 -987 -997  -21 -984   11   21  -12  -23   27    2   11  -12 -128 -998   19   22    0   -1    0    0 -686
 41 Good Ole Rock       -26276  -993 -993 -1000 -999 -1000 -996 -998 -996 -998 -993 -999 -1000 -985 -991 -996 -996 -999 -998 -997 -994 -995 -995 -999    0 -985   11   36    0   -2    1   -2  185    1 -999 -998  -14  399 -999 -1000    0    0 1000
 42 * Anti-Flat         -27833  -984 -986 -996 -994 -994 -999 -997 -994 -997 -999 -1000 -991 -983 -977 -999 -998 -1000 -994 -1000 -995 -992 -990 -998  102 -981   10   48  -39   34  406  -86 -112   25 -967 -993   35 -144 -1000 -1000  686 -1000    0

 Match results (draw <= 50): 

    Player Name           total  W  L  D   1  2  3  4  5  6  7  8  9 10 11 12 13 14 15 16 17 18 19 20 21 22 23 24 25 26 27 28 29 30 31 32 33 34 35 36 37 38 39 40 41 42
  1 Iocaine Powder          68  27  0 14   1  2  1  2  1  1  2  1  1  2  2  1  1  1  2  2  1  2  1  1  1  1  2  1  2  2  2  2  2  2  2  2  2  2  2  2  2  2  2  2  2  2
  2 Phasenbott              65  25  1 15   0  1  1  2  1  1  1  1  1  2  1  1  1  1  2  2  1  2  2  1  1  1  2  1  2  2  2  2  2  2  2  2  2  2  2  2  2  2  2  2  2  2
  3 MegaHAL                 64  25  2 14   1  1  1  2  1  1  1  1  1  2  1  0  0  1  2  2  1  2  1  1  2  1  2  1  2  2  2  2  2  2  2  2  2  2  2  2  2  2  2  2  2  2
  4 RussRocker4             63  25  3 13   0  0  0  1  2  1  1  1  1  1  1  1  1  1  2  2  1  2  1  2  2  1  2  1  2  2  2  2  2  2  2  2  2  2  2  2  2  2  2  2  2  2
  5 Simple Modeller         62  24  3 14   1  1  1  0  1  1  1  1  2  2  1  1  0  0  2  2  1  2  1  1  2  1  2  1  2  1  2  2  2  2  2  2  2  2  2  2  2  2  2  2  2  2
  6 Yomi AI                 61  22  2 17   1  1  1  1  1  1  2  1  1  1  0  1  1  0  1  2  2  2  1  1  2  1  2  1  2  2  1  2  2  1  2  2  2  2  2  2  2  2  2  2  2  2
  7 Biopic                  60  21  2 18   0  1  1  1  1  0  1  1  1  1  1  1  1  1  2  2  2  2  1  1  2  1  2  1  2  2  1  2  2  2  1  2  1  2  2  2  2  2  2  2  2  2
  8 Boom                    59  18  0 23   1  1  1  1  1  1  1  1  1  1  1  1  1  1  1  1  2  2  2  1  1  1  2  1  1  1  1  2  2  2  2  2  1  2  2  2  2  2  2  2  2  2
  9 Bugbrain                58  19  2 20   1  1  1  1  0  1  1  1  1  1  1  2  1  1  1  2  2  2  2  1  1  1  2  0  1  1  2  2  2  1  2  2  1  2  1  2  2  2  2  2  2  2
 10 Robertot                57  20  4 17   0  0  0  1  0  1  1  1  1  1  1  1  1  1  2  1  1  1  1  2  2  1  2  1  2  2  1  2  2  1  2  2  2  2  2  2  2  2  2  2  2  2
 11 ACT-R Lag2              56  18  3 20   0  1  1  1  1  2  1  1  1  1  1  1  1  1  1  2  1  2  2  1  1  0  2  1  2  0  1  2  2  1  1  2  2  1  2  2  2  2  2  2  2  2
 12 Shofar                  55  15  1 25   1  1  2  1  1  1  1  1  0  1  1  1  1  1  1  1  1  1  1  1  1  1  2  1  1  1  1  2  2  2  1  2  1  2  2  2  2  2  2  2  2  2
 13 Majikthise              55  14  0 27   1  1  2  1  2  1  1  1  1  1  1  1  1  1  1  1  1  1  1  1  1  1  2  1  2  1  1  2  1  1  1  2  2  1  1  2  2  2  2  2  2  2
 14 Vroomfondel             54  13  0 28   1  1  1  1  2  2  1  1  1  1  1  1  1  1  1  1  1  1  1  1  1  1  1  1  1  1  1  2  1  2  1  2  2  1  1  2  2  2  2  2  2  2
 15 Simple Predictor        52  19  8 14   0  0  0  0  0  1  0  1  1  0  1  1  1  1  1  1  1  1  1  2  2  0  2  1  2  1  2  2  2  2  2  2  1  2  2  2  2  2  2  2  2  2
 16 Marble                  51  19  9 13   0  0  0  0  0  0  0  1  0  1  0  1  1  1  1  1  2  1  1  1  1  1  2  1  2  1  2  2  2  2  2  2  2  2  2  2  2  2  2  2  2  2
 17 Piedra                  51  16  6 19   1  1  1  1  1  0  0  0  0  1  1  1  1  1  1  0  1  1  2  2  1  1  1  1  0  1  1  2  2  1  2  2  2  2  2  2  2  2  2  2  2  2
 18 Granite                 49  18 10 13   0  0  0  0  0  0  0  0  0  1  0  1  1  1  1  1  1  1  2  1  1  1  1  1  2  2  1  2  2  2  2  2  2  2  2  2  2  2  2  2  2  2
 19 Sweet Rocky             49  15  7 19   1  0  1  1  1  1  1  0  0  1  0  1  1  1  1  1  0  0  1  1  1  1  0  1  1  1  2  2  2  1  2  2  2  2  2  2  2  2  2  2  2  2
 20 * Anti-rotn             47  13  7 21   1  1  1  0  1  1  1  1  1  0  1  1  1  1  0  1  0  1  1  1  1  0  1  1  2  0  1  2  2  0  1  1  2  2  2  2  2  2  2  2  2  2
 21 Mixed Strategy          47  13  7 21   1  1  0  0  0  0  0  1  1  0  1  1  1  1  0  1  1  1  1  1  1  1  1  1  1  1  1  2  2  1  1  2  2  2  2  2  2  2  2  2  2  2
 22 * De Bruijn             44   4  1 36   1  1  1  1  1  1  1  1  1  1  2  1  1  1  2  1  1  1  1  2  1  1  1  1  1  1  1  1  1  1  1  1  1  1  1  1  1  1  2  1  0  1
 23 ZQ Bot                  43  17 15  9   0  0  0  0  0  0  0  0  0  0  0  0  0  1  0  0  1  1  2  1  1  1  1  1  2  1  1  2  2  2  2  2  2  2  2  2  2  2  2  2  2  2
 24 * Pi                    42   2  1 38   1  1  1  1  1  1  1  1  2  1  1  1  1  1  1  1  1  1  1  1  1  1  1  1  1  1  1  1  1  1  1  1  1  1  0  1  1  2  1  1  1  1
 25 Inocencio               42  16 15 10   0  0  0  0  0  0  0  1  1  0  0  1  0  1  0  0  2  0  1  0  1  1  0  1  1  2  1  2  2  1  2  2  2  2  2  2  2  2  2  2  2  2
 26 * Foxtrot               34   2  9 30   0  0  0  0  1  0  0  1  1  0  2  1  1  1  1  1  1  0  1  2  1  1  1  1  0  1  1  1  1  1  1  1  1  1  1  1  1  1  1  1  1  1
 27 * Add-drift             31   1 11 29   0  0  0  0  0  1  1  1  0  1  1  1  1  1  0  0  1  1  0  1  1  1  1  1  1  1  1  1  1  1  0  1  1  0  1  1  1  1  1  1  1  2
 28 Multi-strategy          29  11 23  7   0  0  0  0  0  0  0  0  0  0  0  0  0  0  0  0  0  0  0  0  0  1  0  1  0  1  1  1  1  2  1  1  2  2  2  2  2  2  2  2  2  2
 29 Peterbot                29   9 21 11   0  0  0  0  0  0  0  0  0  0  0  0  1  1  0  0  0  0  0  0  0  1  0  1  0  1  1  1  1  1  1  1  2  2  1  2  2  2  2  2  2  2
 30 * Copy-drift            28   1 14 26   0  0  0  0  0  1  0  0  1  1  1  0  1  0  0  0  1  0  1  2  1  1  0  1  1  1  1  0  1  1  1  1  1  1  1  1  1  1  1  1  1  1
 31 * Add-react             27   2 16 23   0  0  0  0  0  0  1  0  0  0  1  1  1  1  0  0  0  0  0  1  1  1  0  1  0  1  2  1  1  1  1  1  1  1  1  1  1  1  1  1  2  1
 32 Knucklehead             25   6 22 13   0  0  0  0  0  0  0  0  0  0  0  0  0  0  0  0  0  0  0  1  0  1  0  1  0  1  1  1  1  1  1  1  1  2  1  1  2  1  2  2  2  2
 33 * Flat                  22   2 21 18   0  0  0  0  0  0  1  1  1  0  0  1  0  0  1  0  0  0  0  0  0  1  0  1  0  1  1  0  0  1  1  1  1  2  1  1  1  1  2  1  0  1
 34 Beat The Last Move      21   6 26  9   0  0  0  0  0  0  0  0  0  0  1  0  1  1  0  0  0  0  0  0  0  1  0  1  0  1  2  0  0  1  1  0  0  1  2  0  2  0  2  1  2  2
 35 * Text                  19   2 24 15   0  0  0  0  0  0  0  0  1  0  0  0  1  1  0  0  0  0  0  0  0  1  0  2  0  1  1  0  1  1  1  1  1  0  1  1  0  1  0  1  2  1
 36 * Switch A Lot          17   1 25 15   0  0  0  0  0  0  0  0  0  0  0  0  0  0  0  0  0  0  0  0  0  1  0  1  0  1  1  0  0  1  1  1  1  2  1  1  1  1  1  1  1  1
 37 Good Ole Rock           16   3 28 10   0  0  0  0  0  0  0  0  0  0  0  0  0  0  0  0  0  0  0  0  0  1  0  1  0  1  1  0  0  1  1  0  1  0  2  1  1  1  0  1  2  2
 38 Always Switchin'        16   1 26 14   0  0  0  0  0  0  0  0  0  0  0  0  0  0  0  0  0  0  0  0  0  1  0  0  0  1  1  0  0  1  1  1  1  2  1  1  1  1  1  1  1  1
 39 Beat Frequent Pick      16   4 29  8   0  0  0  0  0  0  0  0  0  0  0  0  0  0  0  0  0  0  0  0  0  0  0  1  0  1  1  0  0  1  1  0  0  0  2  1  2  1  1  1  2  2
 40 Rotate R-P-S            14   0 27 14   0  0  0  0  0  0  0  0  0  0  0  0  0  0  0  0  0  0  0  0  0  1  0  1  0  1  1  0  0  1  1  0  1  1  1  1  1  1  1  1  0  1
 41 * Anti-Flat             12   3 32  6   0  0  0  0  0  0  0  0  0  0  0  0  0  0  0  0  0  0  0  0  0  2  0  1  0  1  1  0  0  1  0  0  2  0  0  1  0  1  0  2  1  0
 42 R-P-S 20-20-60          12   1 30 10   0  0  0  0  0  0  0  0  0  0  0  0  0  0  0  0  0  0  0  0  0  1  0  1  0  1  0  0  0  1  1  0  1  0  1  1  0  1  0  1  2  1


   Yomi AI is match ranked 6

 Tournament results:
    Player Name          total 
  1 Yomi AI               8078 
 19 Iocaine Powder       10773 
 20 Phasenbott            9863 
 21 MegaHAL               9659 
 24 Simple Modeller       8437 

   Yomi is tournament ranked 5

