 Playing 1 tournaments with 1000 trials per match...

 Yomi AI            vs Good Ole Rock       Match: 1000 (1000+   0-   0=)
 Yomi AI            vs R-P-S 20-20-60      Match:  135 (429+ 294- 277=)
 Yomi AI            vs Rotate R-P-S        Match:  635 (740+ 105- 155=)
 Yomi AI            vs Beat The Last Move  Match:   96 (385+ 289- 326=)
 Yomi AI            vs Always Switchin'    Match:  165 (429+ 264- 307=)
 Yomi AI            vs Beat Frequent Pick  Match:  364 (582+ 218- 200=)
 Yomi AI            vs * Pi                Match:    0 (342+ 342- 316=)
 Yomi AI            vs * Switch A Lot      Match:  106 (397+ 291- 312=)
 Yomi AI            vs * Flat              Match:   58 (374+ 316- 310=)
 Yomi AI            vs * Anti-Flat         Match:  999 (999+   0-   1=)
 Yomi AI            vs * Foxtrot           Match:  261 (504+ 243- 253=)
 Yomi AI            vs * De Bruijn         Match:   12 (331+ 319- 350=)
 Yomi AI            vs * Text              Match:   34 (348+ 314- 338=)
 Yomi AI            vs * Anti-rotn         Match:    5 (344+ 339- 317=)
 Yomi AI            vs * Copy-drift        Match:   54 (362+ 308- 330=)
 Yomi AI            vs * Add-react         Match:   22 (340+ 318- 342=)
 Yomi AI            vs * Add-drift         Match:   19 (341+ 322- 337=)
 Yomi AI            vs Iocaine Powder      Match:   10 (351+ 341- 308=)
 Yomi AI            vs Phasenbott          Match:  -40 (320+ 360- 320=)
 Yomi AI            vs MegaHAL             Match:    7 (357+ 350- 293=)
 Yomi AI            vs RussRocker4         Match:  -31 (336+ 367- 297=)
 Yomi AI            vs Biopic              Match:   32 (368+ 336- 296=)
 Yomi AI            vs Simple Modeller     Match:   -5 (340+ 345- 315=)
 Yomi AI            vs Simple Predictor    Match:   33 (352+ 319- 329=)
 Yomi AI            vs Robertot            Match:   36 (367+ 331- 302=)
 Yomi AI            vs Boom                Match:    7 (348+ 341- 311=)
 Yomi AI            vs Shofar              Match:    8 (353+ 345- 302=)
 Yomi AI            vs ACT-R Lag2          Match:  -43 (322+ 365- 313=)
 Yomi AI            vs Majikthise          Match:    2 (336+ 334- 330=)
 Yomi AI            vs Vroomfondel         Match:    2 (338+ 336- 326=)
 Yomi AI            vs Granite             Match:   41 (382+ 341- 277=)
 Yomi AI            vs Marble              Match:  113 (442+ 329- 229=)
 Yomi AI            vs ZQ Bot              Match:  102 (427+ 325- 248=)
 Yomi AI            vs Sweet Rocky         Match:   18 (354+ 336- 310=)
 Yomi AI            vs Piedra              Match:   44 (382+ 338- 280=)
 Yomi AI            vs Mixed Strategy      Match:   37 (370+ 333- 297=)
 Yomi AI            vs Multi-strategy      Match:  156 (429+ 273- 298=)
 Yomi AI            vs Inocencio           Match:   29 (351+ 322- 327=)
 Yomi AI            vs Peterbot            Match:   33 (352+ 319- 329=)
 Yomi AI            vs Bugbrain            Match:   16 (333+ 317- 350=)
 Yomi AI            vs Knucklehead         Match:  303 (520+ 217- 263=)
 Final results (draw value = 50):

 Tournament results: 

    Player Name          total     1    2    3    4    5    6    7    8    9   10   11   12   13   14   15   16   17   18   19   20   21   22   23   24   25   26   27   28   29   30   31   32   33   34   35   36   37   38   39   40   41   42
  1 Iocaine Powder       10820     0   36  107   26   20  514    2   21  186  248  285   16   40  -27   23   42  294   50  -15    5  -10   22  247  258   -2   18  192  347  223  596  318  184   98   73  882  229  385  924  994  988  992  989
  2 MegaHAL              10218   -36    0  -20  -22    3   99    6   25   40  272  168  -30   13   -6   51   16  256   92  124  -54   -7  -19  142  947  -20  -16  136   99  111  418  289   90  133  240  898  404  447  944  993  993  999 1000
  3 Phasenbott            9876  -107   20    0   -8   33  513   30   84  134  265  241  -12   64   40   29   55  238   61   46   38   40  -18  195  177   39  -48  134  365   94  379  369  119   75   74  893  222  133  906  988  992  993  991
  4 Simple Modeller       8857   -26   22    8    0   49  -18   25  -14  253   59   78  -50   -4    6   44   64  313   54   45   20    5   -9  202  804  -35  -23  257   -9  277  250  114   96  106  189  300  419  410  595  994  990  998  999
  5 Biopic                8381   -20   -3  -33  -49    0  -24   14   41   44  124  115  -15   62  -29   59   19  112   39   24    5  -32  -13  193  119  -32  -28   36  407   41  504   57  166  152  152  807  370  396  623  991  997  998  992
  6 RussRocker4           7918  -514  -99 -513   18   24    0   27   25   72  130  166   13    8   24   41   63  166   55   22   21   31  -10  317  151   27  -72  133  177  152  479  316  124   94  150  945  260  317  596  994  993  998  997
  7 Boom                  7438    -2   -6  -30  -25  -14  -27    0   13  -31    3   79  -22  -31   12   45   27   29   57   40  -26   -7  -44  244   34    5  -20  140   31   22  430  104   96  118  186  501  414  380  753  981  990  995  994
  8 Robertot              7315   -21  -25  -84   14  -41  -25  -13    0   -8   38  105  -85  -15    1   26    2   66   43   36    9  -36   19  325  105  -10  -32   33    4   61  410   94   74  159   87  501  489  386  822  806  996  999 1000
  9 Simple Predictor      6904  -186  -40 -134 -253  -44  -72   31    8    0    6    3   -3  -82   16   32   51  167   54   30  -51  -33  -10  191   46  -73  -21  318    1  278  318  148  114  154  200  293  464  431  587  984  990  995  996
 10 Granite               6845  -248 -272 -265  -59 -124 -130   -3  -38   -6    0   35   -2 -159 -143   55   34   88   42   30  -36  -41  -22  333  647  -43  -17   14   30   79  285  119  165  174  167  921  264  398  591  994  992 1000  996
 11 Marble                6572  -285 -168 -241  -78 -115 -166  -79 -105   -3  -35    0  -51  -99 -105   63   64   68   78   36  -51 -113  -66  263  652  -91  -19   65   26   28  268  144  165  184  218  919  229  393  592  996  995 1000  996
 12 Shofar                6360   -16   30   12   50   15  -13   22   85    3    2   51    0   42   -7   20   12   63   33   12   12   -8    1   88   77   -2  -35   10  -28   66   78   66   70  161  227   35  426  365  556  873  933  992  981
 13 ACT-R Lag2            6342   -40  -13  -64    4  -62   -8   31   15   82  159   99  -42    0   13   46   17   77   -9   12    2   43   36  182   63  -75   42  -51  -40   33  502   79  162   65  126  253  311  293  572  443  993  995  996
 14 Bugbrain              6048    27    6  -40   -6   29  -24  -12   -1  -16  143  105    7  -13    0   32   74  165   44   15   17  -16   18  108   59  -24  -20  140   22    5  148  101  -14   72   72  161  223  164  405  932  980  983  977
 15 Sweet Rocky           5865   -23  -51  -29  -44  -59  -41  -45  -26  -32  -55  -63  -20  -46  -32    0   40  -31   42   21  -50  -18  -51   90    2  -64    1   30   13   24  176  309   94  178  201  301  214  347  590  995  990  994  993
 16 Piedra                5347   -42  -16  -55  -64  -19  -63  -27   -2  -51  -34  -64  -12  -17  -74  -40    0  -41  -15    4  -55  -44  -20    8  -58  -14    5   76   29   -3  152   37  115  163  251  184  212  382  591  995  988  996  989
 17 ZQ Bot                5055  -294 -256 -238 -313 -112 -166  -29  -66 -167  -88  -68  -63  -77 -165   31   41    0   48   20  -33 -102  -43  217  -29  -50  -24   86  -18   37  266  220  154  152  163  927  129  402  594  989  989  998  993
 18 * Anti-rotn           5050   -50  -92  -61  -54  -39  -55  -57  -43  -54  -42  -78  -33    9  -44  -42   15  -48    0  -39  -16   -5   30  240  -36  -40  -38  -15  -43    7   39  -22  160   54  322  499  472  176  596  486  998  998  995
 19 Mixed Strategy        5024    15 -124  -46  -45  -24  -22  -40  -36  -30  -30  -36  -12  -12  -15  -21   -4  -20   39    0  -46  -37   -1   98   12  -70  -26   -5  -32  115  234   23   27  153    8  192  138  354  442  973  953  999  983
 20 Majikthise            4885    -5   54  -38  -20   -5  -21   26   -9   51   36   51  -12   -2  -17   50   55   33   16   46    0   -2    3  204   63  -19  -37   -6   56   -7  231    0  103    1  131    5  298  164  455  -23  989  992  995
 21 Yomi AI               4875    10    7  -40   -5   32  -31    7   36   33   41  113    8  -43   16   18   44  102    5   37    2    0    2  156   29   12    0   19  261   54  303   22   58   34  106   33  165  135  364   96  635 1000  999
 22 Vroomfondel           4650   -22   19   18    9   13   10   44  -19   10   22   66   -1  -36  -18   51   20   43  -30    1   -3   -2    0  115   65  -29   31   23   16    9  170   -7   70   50   98   12  262  125  446   23  990  995  991
 23 Multi-strategy        2798  -247 -142 -195 -202 -193 -317 -244 -325 -191 -333 -263  -88 -182 -108  -90   -8 -217 -240  -98 -204 -156 -115    0 -133  -50  -20    3  -18  271  -26   16  208  123  231  500  445  416  999  997  997  999  998
 24 Inocencio             1937  -258 -947 -177 -804 -119 -151  -34 -105  -46 -647 -652  -77  -63  -59   -2   58   29   36  -12  -63  -29  -65  133    0  -45  -31   42  297   64  152   74  190  161  110   94  232  391  362  959  978  980  981
 25 * De Bruijn            626     2   20  -39   35   32  -27   -5   10   73   43   91    2   75   24   64   14   50   40   70   19  -12   29   50   45    0   -1  -42    2  -21  -24   -6  -25   23    2  -14   -3  -10  128   -1   21    0 -108
 26 * Pi                   416   -18   16   48   23   28   72   20   32   21   17   19   35  -42   20   -1   -5   24   38   26   37    0  -31   20   31    1    0    5  -19   -2  -33  -11  -11  -81   57    7   61   -8   30   22  -11  -11  -10
 27 * Add-drift          -1966  -192 -136 -134 -257  -36 -133 -140  -33 -318  -14  -65  -10   51 -140  -30  -76  -86   15    5    6  -19  -23   -3  -42   42   -5    0   21   50  -68   24  -29   12  -25  -16  -13  -21  -28  -13   -7  -22  -58
 28 * Foxtrot            -2098  -347  -99 -365    9 -407 -177  -31   -4   -1  -30  -26   28   40  -22  -13  -29   18   43   32  -56 -261  -16   18 -297   -2   19  -21    0  -10   14   22    0   -7   14  -26  -45  -12   55  -16  -18  -26  -46
 29 * Copy-drift         -2237  -223 -111  -94 -277  -41 -152  -22  -61 -278  -79  -28  -66  -33   -5  -24    3  -37   -7 -115    7  -54   -9 -271  -64   21    2  -50   10    0  -60  -11  -28  -18   36  -38  -46   23   19  -14  -38  -17   13
 30 Knucklehead          -2598  -596 -418 -379 -250 -504 -479 -430 -410 -318 -285 -268  -78 -502 -148 -176 -152 -266  -39 -234 -231 -303 -170   26 -152   24   33   68  -14   60    0   55   20  -22    0  -21    1   86  144  995  821  950  964
 31 * Add-react          -2906  -318 -289 -369 -114  -57 -316 -104  -94 -148 -119 -144  -66  -79 -101 -309  -37 -220   22  -23    0  -22    7  -16  -74    6   11  -24  -22   11  -55    0   54   55  -11  -47    9   12    2    0   62    3   18
 32 * Flat               -3016  -184  -90 -119  -96 -166 -124  -96  -74 -114 -165 -165  -70 -162   14  -94 -115 -154 -160  -27 -103  -58  -70 -208 -190   25   11   29    0   28  -20  -54    0  -35   -2 -191  -49    3  239  209    1    1 -421
 33 * Text               -3044   -98 -133  -75 -106 -152  -94 -118 -159 -154 -174 -184 -161  -65  -72 -178 -163 -152  -54 -153   -1  -34  -50 -123 -161  -23   81  -12    7   18   22  -55   35    0    3   14   10   14 -185  -74  -11 -185  111
 34 * Switch A Lot       -3675   -73 -240  -74 -189 -152 -150 -186  -87 -200 -167 -218 -227 -126  -72 -201 -251 -163 -322   -8 -131 -106  -98 -231 -110   -2  -57   25  -14  -36    0   11    2   -3    0 -118   23  -27   49  293   19    2  -60
 35 Peterbot             -5526  -882 -898 -893 -300 -807 -945 -501 -501 -293 -921 -919  -35 -253 -161 -301 -184 -927 -499 -192   -5  -33  -12 -500  -94   14   -7   16   26   38   21   47  191  -14  118    0  258  416  433  981  999  998  995
 36 Always Switchin'     -6949  -229 -404 -222 -419 -370 -260 -414 -489 -464 -264 -229 -426 -311 -223 -214 -212 -129 -472 -138 -298 -165 -262 -445 -232    3  -61   13   45   46   -1   -9   49  -10  -23 -258    0   44   -4  518  -26   18   -2
 37 R-P-S 20-20-60       -8977  -385 -447 -133 -410 -396 -317 -380 -386 -431 -398 -393 -365 -293 -164 -347 -382 -402 -176 -354 -164 -135 -125 -416 -391   10    8   21   12  -23  -86  -12   -3  -14   27 -416  -44    0 -421 -165  -13 -375  307
 38 Beat Frequent Pick  -13967  -924 -944 -906 -595 -623 -596 -753 -822 -587 -591 -592 -556 -572 -405 -590 -591 -594 -596 -442 -455 -364 -446 -999 -362 -128  -30   28  -55  -19 -144   -2 -239  185  -49 -433    4  421    0 -600    0  999 1000
 39 Beat The Last Move  -19587  -994 -993 -988 -994 -991 -994 -981 -806 -984 -994 -996 -873 -443 -932 -995 -995 -989 -486 -973   23  -96  -23 -997 -959    1  -22   13   16   14 -995    0 -209   74 -293 -981 -518  165  600    0    1 1000 1000
 40 Rotate R-P-S        -25803  -988 -993 -992 -990 -997 -993 -990 -996 -990 -992 -995 -933 -993 -980 -990 -988 -989 -998 -953 -989 -635 -990 -997 -978  -21   11    7   18   38 -821  -62   -1   11  -19 -999   26   13    0   -1    0    0 -674
 41 Good Ole Rock       -26224  -992 -999 -993 -998 -998 -998 -995 -999 -995 -1000 -1000 -992 -995 -983 -994 -996 -998 -998 -999 -992 -1000 -995 -999 -980    0   11   22   26   17 -950   -3   -1  185   -2 -998  -18  375 -999 -1000    0    0  999
 42 * Anti-Flat         -27849  -989 -1000 -991 -999 -992 -997 -994 -1000 -996 -996 -996 -981 -996 -977 -993 -989 -993 -995 -983 -995 -999 -991 -998 -981  108   10   58   46  -13 -964  -18  421 -111   60 -995    2 -307 -1000 -1000  674 -999    0

 Match results (draw <= 50): 

    Player Name           total  W  L  D   1  2  3  4  5  6  7  8  9 10 11 12 13 14 15 16 17 18 19 20 21 22 23 24 25 26 27 28 29 30 31 32 33 34 35 36 37 38 39 40 41 42
  1 Phasenbott              67  27  1 13   1  0  1  1  1  2  1  1  1  2  1  1  2  1  2  2  1  1  2  1  2  2  2  1  2  2  2  2  2  2  2  2  2  2  2  2  2  2  2  2  2  2
  2 Iocaine Powder          65  24  0 17   2  1  1  1  1  2  1  1  1  1  1  1  1  1  2  2  1  1  1  1  2  1  2  1  2  2  2  2  2  2  2  2  2  2  2  2  2  2  2  2  2  2
  3 MegaHAL                 65  25  1 15   1  1  1  1  1  2  1  1  1  1  0  1  1  1  1  2  2  2  2  1  2  1  2  1  2  2  2  2  2  2  2  2  2  2  2  2  2  2  2  2  2  2
  4 Simple Modeller         64  23  0 18   1  1  1  1  1  1  1  1  1  1  1  1  1  1  2  2  1  1  2  1  2  2  2  1  2  1  2  2  2  2  2  2  2  2  2  2  2  2  2  2  2  2
  5 Biopic                  62  21  0 20   1  1  1  1  1  1  1  1  1  1  1  1  2  1  1  2  1  2  1  1  2  1  2  1  2  2  2  2  1  2  1  2  2  2  2  2  2  2  2  2  2  2
  6 RussRocker4             61  24  4 13   0  0  0  1  1  1  1  1  1  1  1  1  1  1  2  2  1  1  2  1  2  2  2  0  2  2  2  2  2  2  2  2  2  2  2  2  2  2  2  2  2  2
  7 Bugbrain                60  19  0 22   1  1  1  1  1  1  1  1  1  1  1  1  1  1  1  2  1  1  1  1  2  2  2  1  2  1  2  2  2  2  1  2  2  1  2  2  2  2  2  2  2  2
  8 Shofar                  59  18  0 23   1  1  1  1  1  1  1  1  1  2  1  1  1  1  1  1  1  1  1  1  2  1  2  1  2  1  2  1  1  2  2  2  2  2  2  2  2  2  2  2  2  2
  9 Boom                    58  17  0 24   1  1  1  1  1  1  1  1  1  1  1  1  1  1  1  1  1  1  2  1  2  1  1  1  1  1  2  2  2  2  1  2  2  2  2  2  2  2  2  2  2  2
 10 Robertot                57  18  2 21   0  1  1  1  1  1  1  0  1  1  1  1  1  1  1  1  1  1  1  1  2  1  2  1  2  1  2  2  1  2  2  2  2  2  2  2  2  2  2  2  2  2
 11 Majikthise              57  16  0 25   1  1  2  1  1  1  1  1  1  1  1  1  1  1  2  1  1  1  1  1  2  2  2  1  1  2  2  1  1  2  1  1  1  2  1  2  2  2  2  2  2  2
 12 Yomi AI                 56  15  0 26   1  1  1  1  1  1  1  1  1  1  1  1  1  1  1  1  1  1  1  1  2  1  1  1  2  2  2  1  1  2  2  1  2  2  1  2  2  2  2  2  2  2
 13 ACT-R Lag2              56  19  4 18   0  1  1  1  0  1  1  1  1  1  1  1  1  1  2  2  1  1  1  0  2  1  2  1  2  1  2  2  0  2  1  2  2  2  2  2  2  2  2  2  2  2
 14 Vroomfondel             54  13  0 28   1  1  1  1  1  1  1  1  1  1  1  1  1  1  1  1  1  2  1  1  2  1  2  1  1  1  2  1  1  2  1  1  1  2  1  2  2  2  2  2  2  2
 15 Simple Predictor        53  19  7 15   0  0  1  0  1  0  1  1  1  1  0  1  0  1  1  1  1  1  2  0  1  2  1  1  2  1  2  2  2  2  2  2  2  2  2  2  2  2  2  2  2  2
 16 Granite                 51  18  8 15   0  0  0  0  0  0  0  1  1  1  1  1  0  1  1  1  1  2  1  1  1  1  2  1  2  1  2  2  1  2  2  2  2  2  2  2  2  2  2  2  2  2
 17 Mixed Strategy          51  12  2 27   1  1  0  1  1  1  1  1  1  1  1  1  1  1  1  1  1  1  1  0  1  1  1  1  1  1  2  2  1  2  2  1  2  1  2  2  2  1  2  2  2  2
 18 Sweet Rocky             49  14  6 21   1  1  0  1  0  1  1  1  1  1  1  1  1  0  1  0  1  1  1  0  0  1  1  1  1  1  2  2  1  2  1  2  2  2  2  2  2  2  2  2  2  2
 19 * Anti-rotn             46  12  7 22   0  1  0  0  1  0  1  1  0  1  1  1  1  1  0  1  1  1  1  1  0  1  1  1  1  1  2  2  1  1  1  1  2  2  2  2  2  2  2  2  2  2
 20 * De Bruijn             46   6  1 34   1  1  1  1  1  1  1  1  1  1  1  1  2  1  2  1  2  2  1  1  2  1  1  1  1  1  1  1  1  1  1  1  1  1  1  1  1  1  2  0  1  1
 21 Marble                  46  20 15  6   0  0  0  0  0  0  0  0  0  0  0  0  0  0  1  1  1  2  2  0  1  2  2  1  2  1  2  2  2  2  1  2  2  2  2  2  2  2  2  2  2  2
 22 Piedra                  46  13  8 20   0  1  1  0  1  0  0  1  1  1  0  1  1  1  0  1  1  1  1  1  0  1  0  1  1  1  1  2  2  2  1  1  2  2  2  2  2  2  2  2  2  2
 23 Inocencio               44  17 14 10   0  0  0  0  0  0  0  0  1  0  0  1  0  0  1  0  1  1  1  1  0  2  1  1  1  2  2  2  1  2  2  2  2  2  2  2  2  2  2  2  2  2
 24 * Pi                    43   3  1 37   1  1  1  1  1  2  1  1  1  1  1  1  1  1  1  1  1  1  1  1  1  1  1  1  1  1  1  1  1  1  1  1  1  1  0  2  1  2  1  1  1  1
 25 ZQ Bot                  42  15 14 12   0  0  0  0  0  0  0  0  1  0  1  0  0  1  0  0  1  1  1  1  0  1  1  1  1  1  2  2  2  2  1  2  2  2  2  2  2  2  2  2  2  2
 26 * Foxtrot               34   1  8 32   0  0  0  1  0  0  1  1  1  1  0  0  1  1  1  1  1  1  1  1  1  1  0  1  1  1  1  1  1  1  1  1  1  1  1  1  1  1  2  1  1  1
 27 Multi-strategy          31  12 22  7   0  0  0  0  0  0  0  0  0  0  0  0  0  0  0  0  0  0  0  1  0  1  0  1  0  1  1  2  1  1  2  1  2  2  2  2  2  2  2  2  2  2
 28 Peterbot                30   9 20 12   0  0  0  0  0  0  0  1  0  0  1  1  0  1  0  0  0  0  0  1  0  0  0  1  0  1  0  1  1  1  1  1  2  2  1  2  2  2  2  2  2  2
 29 * Add-drift             29   1 13 27   0  0  0  0  1  0  0  1  0  1  1  1  2  1  0  1  1  1  1  1  0  0  1  1  0  1  1  1  1  0  1  1  1  1  1  1  1  1  1  0  1  1
 30 Knucklehead             28   9 22 10   0  0  0  0  0  0  0  0  0  0  0  0  0  0  0  0  0  0  1  1  0  0  0  1  0  1  1  1  2  1  2  2  2  1  1  1  2  1  2  2  2  2
 31 * Copy-drift            27   0 14 27   0  0  0  0  1  0  1  0  1  0  1  0  1  1  0  0  0  1  1  1  1  1  0  1  1  1  0  1  1  0  1  1  1  1  1  1  1  1  1  1  1  1
 32 * Add-react             26   3 18 20   0  0  0  0  0  0  0  0  0  0  1  1  0  1  0  0  1  0  1  1  0  1  0  1  0  1  1  1  1  0  1  1  1  2  2  1  1  1  1  1  1  2
 33 Beat The Last Move      19   5 27  9   0  0  0  0  0  0  0  0  0  0  1  0  0  1  0  0  0  0  0  1  0  0  0  1  0  1  0  0  1  0  1  1  1  0  2  0  2  0  2  2  2  1
 34 * Flat                  18   2 25 14   0  0  0  0  0  0  1  0  0  0  0  0  0  0  0  0  1  0  0  1  0  0  0  1  0  1  0  0  1  1  1  0  2  1  1  1  1  1  2  0  1  1
 35 * Text                  18   2 25 14   0  0  0  0  0  0  0  0  0  0  1  1  0  1  0  0  0  0  0  1  0  0  0  2  0  1  0  1  1  1  1  0  0  1  1  1  0  1  0  2  1  1
 36 Always Switchin'        16   1 26 14   0  0  0  0  0  0  0  0  0  0  0  0  0  0  0  0  0  0  0  1  0  0  0  0  0  1  0  0  1  1  1  1  2  1  1  1  1  1  1  1  1  1
 37 Good Ole Rock           16   3 28 10   0  0  0  0  0  0  0  0  0  0  0  0  0  0  0  0  0  0  0  1  0  0  0  1  0  1  0  0  1  0  1  1  0  1  2  1  1  1  0  2  2  1
 38 * Switch A Lot          16   1 26 14   0  0  0  0  0  0  0  0  0  0  0  0  0  0  0  0  1  0  0  1  0  0  0  0  0  1  0  0  1  1  1  1  2  1  1  1  1  1  1  0  1  1
 39 Beat Frequent Pick      15   4 30  7   0  0  0  0  0  0  0  0  0  0  0  0  0  0  0  0  0  0  0  0  0  0  0  1  0  0  0  0  1  0  1  1  0  0  2  1  2  1  1  2  2  1
 40 * Anti-Flat             15   5 31  5   0  0  0  0  0  0  0  0  0  0  0  0  0  0  0  0  0  0  0  2  0  0  0  1  0  1  0  0  2  0  1  1  0  2  0  1  0  2  0  1  0  2
 41 R-P-S 20-20-60          13   1 29 11   0  0  0  0  0  0  0  0  0  0  0  0  0  0  0  0  0  0  0  1  0  0  0  1  0  1  0  0  1  0  1  1  0  1  1  1  0  1  0  2  1  1
 42 Rotate R-P-S            13   0 28 13   0  0  0  0  0  0  0  0  0  0  0  0  0  0  0  0  0  0  0  1  0  0  0  1  0  1  0  0  1  0  1  0  1  1  1  1  1  1  1  0  1  1


   Yomi AI is match ranked 12

 Tournament results:
    Player Name          total 
  1 Yomi AI               4875 
 15 * Anti-rotn           5050 
 19 Iocaine Powder       10820 
 20 Phasenbott            9876 
 21 MegaHAL              10218 
 22 RussRocker4           7918 
 23 Biopic                8381 
 24 Simple Modeller       8857 
 25 Simple Predictor      6904 
 26 Robertot              7315 
 27 Boom                  7438 
 28 Shofar                6360 
 29 ACT-R Lag2            6342 
 30 Majikthise            4885 
 32 Granite               6845 
 33 Marble                6572 
 34 ZQ Bot                5055 
 35 Sweet Rocky           5865 
 36 Piedra                5347 
 37 Mixed Strategy        5024 
 41 Bugbrain              6048 

   Yomi is tournament ranked 21

