 Playing 1 tournaments with 1000 trials per match...

 Yomi AI            vs Good Ole Rock       Match: 1000 (1000+   0-   0=)
 Yomi AI            vs R-P-S 20-20-60      Match:  228 (496+ 268- 236=)
 Yomi AI            vs Rotate R-P-S        Match:  768 (883+ 115-   2=)
 Yomi AI            vs Beat The Last Move  Match:   36 (373+ 337- 290=)
 Yomi AI            vs Always Switchin'    Match:  200 (441+ 241- 318=)
 Yomi AI            vs Beat Frequent Pick  Match:  503 (721+ 218-  61=)
 Yomi AI            vs * Pi                Match:  -15 (334+ 349- 317=)
 Yomi AI            vs * Switch A Lot      Match:  127 (423+ 296- 281=)
 Yomi AI            vs * Flat              Match:   76 (396+ 320- 284=)
 Yomi AI            vs * Anti-Flat         Match:  783 (885+ 102-  13=)
 Yomi AI            vs * Foxtrot           Match:  283 (550+ 267- 183=)
 Yomi AI            vs * De Bruijn         Match:  -10 (334+ 344- 322=)
 Yomi AI            vs * Text              Match:   32 (351+ 319- 330=)
 Yomi AI            vs * Anti-rotn         Match:   27 (348+ 321- 331=)
 Yomi AI            vs * Copy-drift        Match:  -29 (327+ 356- 317=)
 Yomi AI            vs * Add-react         Match:   33 (351+ 318- 331=)
 Yomi AI            vs * Add-drift         Match:   -8 (353+ 361- 286=)
 Yomi AI            vs Iocaine Powder      Match:  -45 (317+ 362- 321=)
 Yomi AI            vs Phasenbott          Match:  -65 (307+ 372- 321=)
 Yomi AI            vs MegaHAL             Match:  -21 (341+ 362- 297=)
 Yomi AI            vs RussRocker4         Match:  -18 (335+ 353- 312=)
 Yomi AI            vs Biopic              Match:  -21 (354+ 375- 271=)
 Yomi AI            vs Simple Modeller     Match:    5 (345+ 340- 315=)
 Yomi AI            vs Simple Predictor    Match:   26 (367+ 341- 292=)
 Yomi AI            vs Robertot            Match:   18 (371+ 353- 276=)
 Yomi AI            vs Boom                Match:   17 (347+ 330- 323=)
 Yomi AI            vs Shofar              Match:  -26 (312+ 338- 350=)
 Yomi AI            vs ACT-R Lag2          Match:    6 (359+ 353- 288=)
 Yomi AI            vs Majikthise          Match:    9 (338+ 329- 333=)
 Yomi AI            vs Vroomfondel         Match:  -23 (321+ 344- 335=)
 Yomi AI            vs Granite             Match:  122 (460+ 338- 202=)
 Yomi AI            vs Marble              Match:   83 (419+ 336- 245=)
 Yomi AI            vs ZQ Bot              Match:   69 (404+ 335- 261=)
 Yomi AI            vs Sweet Rocky         Match:   54 (380+ 326- 294=)
 Yomi AI            vs Piedra              Match:   25 (351+ 326- 323=)
 Yomi AI            vs Mixed Strategy      Match:   15 (365+ 350- 285=)
 Yomi AI            vs Multi-strategy      Match:  241 (504+ 263- 233=)
 Yomi AI            vs Inocencio           Match:  108 (424+ 316- 260=)
 Yomi AI            vs Peterbot            Match:   36 (368+ 332- 300=)
 Yomi AI            vs Bugbrain            Match:   -1 (337+ 338- 325=)
 Yomi AI            vs Knucklehead         Match:  390 (601+ 211- 188=)
 Final results (draw value = 50):

 Tournament results: 

    Player Name          total     1    2    3    4    5    6    7    8    9   10   11   12   13   14   15   16   17   18   19   20   21   22   23   24   25   26   27   28   29   30   31   32   33   34   35   36   37   38   39   40   41   42
  1 Iocaine Powder       10794     0    4   33   68   21  215   38  490   37    0  253   33  226  308  -13   30   65   79   45   63   50  -36  310   35  -14  489   56  359  145  213  316  525   97   47  179  834  345  885  991  986  994  993
  2 Phasenbott           10020    -4    0   67   43   28  147   20  534   64   -6  206    3  202  234    7   74   33   64   65   20  -20   24  248   29  -38  188  158  367   40  129  261  381   87   75  230  998  157  946  986  992  994  987
  3 MegaHAL               9558   -33  -67    0    3   34   48   78   93   24   27  239   67  244  264  -35    9   38   77   21   26  -29  -37  193  -18  -32  181  196   42   76  111  276  380  142  243  448  909  396  944  990  990 1000 1000
  4 Simple Modeller       9072   -68  -43   -3    0   15  221  -21   -4   11   28   64    9  142  283   -3   61   24   48   -5   70    8   21  192  -24  -16  533  190  -15  257   74   88  224  128  246  459  911  393  592  990  993 1000  999
  5 Biopic                8219   -21  -28  -34  -15    0   18   26   35   51   -6  103   20  115  118    7   -7   36   40   21  -10   -5  -18  232   -6   26  154  -38  414   49  141   -3  491  135  121  340  721  411  607  992  990  999  997
  6 Simple Predictor      7621  -215 -147  -48 -221  -18    0  -30  -84 -105   27  -44   12   29  180  -39   28   29   48  -26   33  -31  -36  220  -79   19  778  266  -21  226   90   92  282  154  239  390  659  410  587  984  990  993 1000
  7 Robertot              7541   -38  -20  -78   21  -26   30    0   -2   21   38   45   75   53   22  -20   21   46   39  -18   65    0  -12  297    9  -10   32   -4  -39   56   48   79  355  171   87  467  569  380  830  968  997  996  991
  8 RussRocker4           7431  -490 -534  -93    4  -35   84    2    0   41   12  171   29  125  161   14  -63   13   54   18   58    3  -23  232  -39  -44  109  131  194  110   99  369  472   67  104  273  902  328  589  993  992  999 1000
  9 ACT-R Lag2            7388   -37  -64  -24  -11  -51  105  -21  -41    0   28  114   42  135   95   49   31   23   39   -6   69    6   -8  282  -90  -12  779    2   42    9  143    8  502   80  196  253  813  317  576   29  994  997  995
 10 Boom                  7250     0    6  -27  -28    6  -27  -38  -12  -28    0   47   31   87   67    6  -10   23   59  -17   15  -23    7  244  -76  -14   62   92  -34   58   66  110  444  145  199  361  286  438  753  991  990  997  994
 11 Granite               6949  -253 -206 -239  -64 -103   44  -45 -171 -114  -47    0   27   -9  -27  -24 -109   55   60 -122   35  -57    6  379  -51  -20  646   53   48   81  208  154  281  175  189  262  935  400  594  996  994 1000  988
 12 Piedra                6936   -33   -3  -67   -9  -20  -12  -75  -29  -42  -31  -27    0    4  -42  -49  -49    0   47  -25  -36  -10  -21   18  -33    7  777   74  -34    9  122  179  263  167  140  261  602  350  593  989  991  994  996
 13 Marble                6464  -226 -202 -244 -142 -115  -29  -53 -125 -135  -87    9   -4    0   38  -60  -62   20   66  -83    7  -32  -28  323  -70  -31  636   56   29   55  152   89  317  181  126  276  869  371  592  992  990  998 1000
 14 ZQ Bot                6253  -308 -234 -264 -283 -118 -180  -22 -161  -95  -67   27   42  -38    0  -58 -168   33   81  -69   49  -41  -42  239  -37  -73  782   65   31   75  157  425  239  167  148  173  804  402  590  989  998  998  997
 15 Shofar                6149    13   -7   35    3   -7   39   20  -14  -49   -6   24   49   60   58    0  -29   31   49   26   50   -7  -20  102  -41   14   31   10   -7   45   36   15   79  121  270  422   78  327  553  871  950  976  979
 16 Bugbrain              5884   -30  -74   -9  -61    7  -28  -21   63  -31   10  109   49   62  168   29    0   82   38    1    3  -40  -48   29  -21  -15   44   78  -25   86   57  108  196   70   80  248  217  183  382  974  957  992  965
 17 Sweet Rocky           5805   -65  -33  -38  -24  -36  -29  -46  -13  -23  -23  -55    0  -20  -33  -31  -82    0   49  -54  -20   -1  -75  153  -17    7  -42   73   16   25  118  214  197  149  145  199  283  382  589  988  991  997  990
 18 * Anti-rotn           5584   -79  -64  -77  -48  -40  -48  -39  -54  -39  -59  -60  -47  -66  -81  -49  -38  -49    0  -27    6  -29   24  241  -57  -42  609  -22    3   -8  183   28   37   55  325  473  499  131  597  499  999  998  999
 19 Yomi AI               5038   -45  -65  -21    5  -21   26   18  -18    6   17  122   25   83   69  -26   -1   54   27    0   15  -23    9  241  -10  -15  108   -8  283  -29   76   33  390   32  127  200   36  228  503   36  768 1000  783
 20 Mixed Strategy        4934   -63  -20  -26  -70   10  -33  -65  -58  -69  -15  -35   36   -7  -49  -50   -3   20   -6  -15    0   -4  -38   19  -94  -39   22    4  -10   78    5  -28  165  187  150   45  262  367  487  933  963  996  982
 21 Vroomfondel           4917   -50   20   29   -8    5   31    0   -3   -6   23   57   10   32   41    7   40    1   29   23    4    0   18  213  -12   25   84    3   40  -29   88   41  214   20   80  252   34  151  473  -37  990  992  992
 22 Majikthise            4815    36  -24   37  -21   18   36   12   23    8   -7   -6   21   28   42   20   48   75  -24   -9   38  -18    0  201   13   37   60  -24   -7  -17  107  -29  228   -1  123  232   74  108  422  -19  992  995  987
 23 Multi-strategy        1888  -310 -248 -193 -192 -232 -220 -297 -232 -282 -244 -379  -18 -323 -239 -102  -29 -153 -241 -241  -19 -213 -201    0  -50  -20 -153   -2  -20  260  117   46   62  123  270  480  -32  424  999  997  997  999  999
 24 * De Bruijn            928   -35  -29   18   24    6   79   -9   39   90   76   51   33   70   37   41   21   17   57   10   94   12  -13   50    0   -1   22   54    9   11   13   -6    8   23   -6   -7  -33   54  128   -1   21    0 -100
 25 * Pi                   279    14   38   32   16  -26  -19   10   44   12   14   20   -7   31   73  -14   15   -7   42   15   39  -25  -37   20    1    0   27  -23  -16   57  -14    0  -12  -81  -11  -26   16   40   30   22  -11  -11   -9
 26 Inocencio             -674  -489 -188 -181 -533 -154 -778  -32 -109 -779  -62 -646 -777 -636 -782  -31  -44   42 -609 -108  -22  -84  -60  153  -22  -27    0   10  352  120  137   98  227  167  109  303   84  394  358  972  983  989  981
 27 * Add-drift          -1257   -56 -158 -196 -190   38 -266    4 -131   -2  -92  -53  -74  -56  -65  -10  -78  -73   22    8   -4   -3   24    2  -54   23  -10    0   -7   17   24  -12   26   27   11  -17    4   38   36   16  -20   32   18
 28 * Foxtrot            -2108  -359 -367  -42   15 -414   21   39 -194  -42   34  -48   34  -29  -31    7   25  -16   -3 -283   10  -40    7   20   -9   16 -352    7    0    5  -25   -2   32   36  -54    0  -16  -62  -24  -16   -4   29  -13
 29 * Copy-drift         -2180  -145  -40  -76 -257  -49 -226  -56 -110   -9  -58  -81   -9  -55  -75  -45  -86  -25    8   29  -78   29   17 -260  -11  -57 -120  -17   -5    0  -19  -58  -98  -20  -55    7  -44    4    0  -44    1    4    9
 30 * Flat               -2786  -213 -129 -111  -74 -141  -90  -48  -99 -143  -66 -208 -122 -152 -157  -36  -57 -118 -183  -76   -5  -88 -107 -117  -13   14 -137  -24   25   19    0   16   22   17  -15  -17 -113  -58  229  199    2   -1 -411
 31 * Add-react          -3012  -316 -261 -276  -88    3  -92  -79 -369   -8 -110 -154 -179  -89 -425  -15 -108 -214  -28  -33   28  -41   29  -46    6    0  -98   12    2   58  -16    0  -37   14  -26    8  -37   -7   -3  -64   23   -3   27
 32 Knucklehead          -3120  -525 -381 -380 -224 -491 -282 -355 -472 -502 -444 -281 -263 -317 -239  -79 -196 -197  -37 -390 -165 -214 -228  -62   -8   12 -227  -26  -32   98  -22   37    0  -33    6   56  955   18   49  912   10  925  874
 33 * Text               -3199   -97  -87 -142 -128 -135 -154 -171  -67  -80 -145 -175 -167 -181 -167 -121  -70 -149  -55  -32 -187  -20    1 -123  -23   81 -167  -27  -36   20  -17  -14   33    0  -24  -54   12   13 -185  -74  -11 -185  111
 34 * Switch A Lot       -3360   -47  -75 -243 -246 -121 -239  -87 -104 -196 -199 -189 -140 -126 -148 -270  -80 -145 -325 -127 -150  -80 -123 -270    6   11 -109  -11   54   55   15   26   -6   24    0   11 -166   46   25  331   13   37    8
 35 Always Switchin'     -6881  -179 -230 -448 -459 -340 -390 -467 -273 -253 -361 -262 -261 -276 -173 -422 -248 -199 -473 -200  -45 -252 -232 -480    7   26 -303   17    0   -7   17   -8  -56   54  -11    0 -224    4   15  482   19    7    3
 36 Peterbot             -7899  -834 -998 -909 -911 -721 -659 -569 -902 -813 -286 -935 -602 -869 -804  -78 -217 -283 -499  -36 -262  -34  -74   32   33  -16  -84   -4   16   44  113   37 -955  -12  166  224    0  392  430  981  999 1000 1000
 37 R-P-S 20-20-60       -9033  -345 -157 -396 -393 -411 -410 -380 -328 -317 -438 -400 -350 -371 -402 -327 -183 -382 -131 -228 -367 -151 -108 -424  -54  -40 -394  -38   62   -4   58    7  -18  -13  -46   -4 -392    0 -447 -135  -10 -377  211
 38 Beat Frequent Pick  -13929  -885 -946 -944 -592 -607 -587 -830 -589 -576 -753 -594 -593 -592 -590 -553 -382 -589 -597 -503 -487 -473 -422 -999 -128  -30 -358  -36   24    0 -229    3  -49  185  -25  -15 -430  447    0 -600    0  999  996
 39 Beat The Last Move  -19106  -991 -986 -990 -990 -992 -984 -968 -993  -29 -991 -996 -989 -992 -989 -871 -974 -988 -499  -36 -933   37   19 -997    1  -22 -972  -16   16   44 -199   64 -912   74 -331 -482 -981  135  600    0    1 1000  996
 40 Rotate R-P-S        -25176  -986 -992 -990 -993 -990 -990 -997 -992 -994 -990 -994 -991 -990 -998 -950 -957 -991 -999 -768 -963 -990 -992 -997  -21   11 -983   20    4   -1   -2  -23  -10   11  -13  -19 -999   10    0   -1    0    0 -666
 41 Good Ole Rock       -26349  -994 -994 -1000 -1000 -999 -993 -996 -999 -997 -997 -1000 -994 -998 -998 -976 -992 -997 -998 -1000 -996 -992 -995 -999    0   11 -989  -32  -29   -4    1    3 -925  185  -37   -7 -1000  377 -999 -1000    0    0 1000
 42 * Anti-Flat         -27648  -993 -987 -1000 -999 -997 -1000 -991 -1000 -995 -994 -988 -996 -1000 -997 -979 -965 -990 -999 -783 -982 -992 -987 -999  100    9 -981  -18   13   -9  411  -27 -874 -111   -8   -3 -1000 -211 -996 -996  666 -1000    0

 Match results (draw <= 50): 

    Player Name           total  W  L  D   1  2  3  4  5  6  7  8  9 10 11 12 13 14 15 16 17 18 19 20 21 22 23 24 25 26 27 28 29 30 31 32 33 34 35 36 37 38 39 40 41 42
  1 Phasenbott              68  27  0 14   1  1  2  1  2  1  1  2  1  2  2  1  1  1  2  1  1  1  2  2  2  1  2  1  2  2  2  2  2  2  2  1  2  2  2  2  2  2  2  2  2  2
  2 Iocaine Powder          67  26  0 15   1  1  1  2  2  1  1  1  1  1  1  1  1  1  2  1  2  1  2  2  2  2  2  1  2  2  2  2  2  2  2  2  2  1  2  2  2  2  2  2  2  2
  3 MegaHAL                 64  24  1 16   0  1  1  1  2  1  1  1  2  1  1  1  1  2  1  1  1  1  2  2  2  1  2  1  2  1  2  2  2  2  2  2  2  2  2  2  2  2  2  2  2  2
  4 Simple Modeller         63  23  1 17   1  0  1  1  1  1  1  2  1  1  1  1  1  1  2  1  1  1  2  2  2  2  1  1  2  1  2  2  2  2  2  2  2  2  2  2  2  2  2  2  2  2
  5 RussRocker4             61  24  4 13   0  0  0  1  1  1  1  0  1  1  1  1  1  1  2  1  1  1  2  2  2  2  2  1  2  2  2  2  2  2  2  2  2  2  2  2  2  2  2  2  2  2
  6 Biopic                  60  19  0 22   1  1  1  1  1  1  1  1  1  1  2  1  1  1  1  1  1  1  2  2  2  1  1  1  2  2  2  2  1  1  2  1  2  2  2  2  2  2  2  2  2  2
  7 Boom                    60  20  1 20   1  1  1  1  1  1  1  1  1  1  1  1  1  1  1  1  1  0  1  2  2  1  2  1  2  1  2  2  2  2  2  2  2  2  2  2  2  2  2  2  2  2
  8 Bugbrain                59  20  2 19   0  1  1  0  2  1  1  1  1  1  1  1  1  1  1  1  2  1  2  2  2  1  1  1  1  1  1  2  2  2  2  2  2  2  2  2  2  2  2  2  2  2
  9 Robertot                57  17  1 23   1  1  0  1  1  1  1  1  1  1  1  1  1  2  1  1  1  1  1  2  1  2  1  1  1  1  2  2  1  2  2  2  2  2  1  2  2  2  2  2  2  2
 10 Yomi AI                 56  16  1 24   0  1  1  1  1  1  1  1  1  1  1  1  1  1  1  1  2  1  2  2  2  1  1  1  2  2  2  1  1  1  2  1  1  2  2  1  2  2  2  2  2  2
 11 ACT-R Lag2              56  18  3 20   0  1  1  1  1  0  1  1  1  1  1  1  1  1  2  1  1  0  2  2  2  2  1  1  2  1  2  2  1  1  2  1  1  2  2  2  2  2  2  2  2  2
 12 Shofar                  55  14  0 27   1  1  1  1  1  1  1  1  1  1  1  1  1  1  1  1  1  1  1  2  2  1  1  1  1  1  2  2  1  1  2  1  2  2  1  2  2  2  2  2  2  2
 13 Majikthise              54  13  0 28   1  1  1  1  1  1  1  1  1  1  1  1  1  1  1  1  2  1  1  1  1  1  1  1  2  1  2  2  1  1  2  1  1  2  2  1  2  2  2  2  2  2
 14 Piedra                  54  15  2 24   1  1  0  1  1  1  1  1  0  1  1  1  1  1  1  1  1  1  1  1  1  1  1  1  2  1  1  2  2  2  2  1  2  2  2  2  2  2  2  2  2  2
 15 Simple Predictor        53  18  6 17   0  0  1  0  0  1  1  1  1  1  0  1  1  1  1  1  1  0  1  1  2  1  1  1  2  1  2  2  2  2  2  2  2  2  2  2  2  2  2  2  2  2
 16 Vroomfondel             53  12  0 29   1  1  1  1  1  1  1  1  1  1  1  1  1  1  1  1  1  1  2  1  1  1  1  1  2  1  2  1  1  1  2  1  1  2  2  1  2  2  2  2  2  2
 17 Sweet Rocky             51  15  5 21   1  0  1  1  1  1  1  0  1  0  1  1  0  1  1  1  1  1  0  1  1  1  1  1  1  1  2  2  2  2  2  1  2  2  2  2  2  2  2  2  2  2
 18 * De Bruijn             50  10  1 30   1  1  1  1  1  1  2  1  1  1  2  1  1  1  2  1  1  1  2  2  1  2  2  1  1  1  1  1  2  1  1  1  1  1  1  1  1  2  1  2  1  0
 19 Granite                 49  19 11 11   0  0  0  0  0  0  1  0  1  0  0  1  1  1  1  0  2  0  1  1  1  1  2  1  2  1  2  2  2  2  2  2  2  2  2  2  2  2  2  2  2  2
 20 Marble                  46  18 13 10   0  0  0  0  0  0  0  0  0  0  0  0  1  1  1  1  1  0  1  1  1  1  2  1  2  1  2  2  2  2  2  2  2  2  2  2  2  2  2  2  2  2
 21 ZQ Bot                  46  18 13 10   0  0  0  0  0  0  0  0  1  0  0  0  1  1  0  1  1  1  1  1  1  1  2  0  2  1  2  2  2  2  2  2  2  2  2  2  2  2  2  2  2  2
 22 Mixed Strategy          46  11  6 24   1  0  1  0  0  1  1  1  0  1  0  1  1  1  1  1  1  0  1  1  1  1  1  1  1  1  1  2  1  1  2  2  2  2  1  2  1  2  2  2  2  2
 23 * Anti-rotn             45  13  9 19   0  0  0  1  0  1  0  1  1  1  1  1  1  1  1  1  1  0  0  0  0  1  1  1  2  1  2  2  1  1  1  1  2  2  2  2  2  2  2  2  2  2
 24 * Pi                    42   2  1 38   1  1  1  1  1  1  1  1  1  1  1  1  1  1  1  1  1  1  1  1  2  1  1  1  1  1  1  1  1  1  1  2  1  1  1  0  1  1  1  1  1  1
 25 Inocencio               40  16 17  8   0  0  0  0  0  0  0  1  1  0  0  1  0  0  0  0  1  1  0  0  0  1  0  1  1  2  2  2  1  2  2  2  2  2  2  2  2  2  2  2  2  2
 26 * Foxtrot               33   0  8 33   0  0  1  1  0  0  1  1  1  0  1  1  1  1  1  1  1  1  1  1  1  1  1  1  0  1  1  1  1  1  1  1  1  0  1  1  1  1  1  0  1  1
 27 Multi-strategy          33  12 20  9   0  0  0  0  0  0  0  1  0  0  0  0  0  1  0  0  0  1  0  0  0  1  0  1  0  1  1  1  1  1  2  2  2  2  2  2  2  2  2  2  2  2
 28 Peterbot                28   9 22 10   0  0  0  0  0  0  0  0  0  1  0  0  0  0  0  1  0  1  0  0  0  0  0  1  0  1  1  1  1  1  0  1  2  2  2  1  2  2  2  2  2  2
 29 * Add-drift             27   0 14 27   0  0  0  0  0  1  0  0  1  1  1  1  1  0  0  1  0  0  0  0  0  1  1  1  1  1  1  1  1  1  1  1  1  1  1  1  1  1  1  1  1  1
 30 * Add-react             26   1 16 24   0  0  0  0  0  1  0  0  0  1  1  1  1  0  0  1  0  1  0  0  0  1  1  1  0  1  1  1  1  1  1  2  0  1  1  1  1  1  1  1  1  1
 31 Knucklehead             24   6 23 12   0  0  0  0  0  0  0  0  0  0  0  0  0  0  0  0  0  1  0  0  0  0  1  1  0  1  0  2  1  1  1  2  2  1  1  1  2  1  2  1  1  2
 32 * Copy-drift            23   0 18 23   1  0  0  0  0  1  0  0  0  1  1  1  1  1  0  1  1  1  0  0  0  0  1  0  0  1  0  1  1  0  0  1  1  0  1  1  1  1  1  1  1  1
 33 Beat The Last Move      22   6 25 10   0  0  0  0  0  0  0  0  0  1  1  0  1  0  0  1  0  1  0  0  0  0  0  1  0  1  0  0  1  2  0  1  1  0  0  2  0  2  2  2  1  2
 34 * Switch A Lot          20   3 24 14   0  1  0  0  0  0  0  0  0  0  0  0  0  0  0  0  0  1  0  0  0  0  0  1  0  2  0  0  1  1  1  2  2  1  1  1  1  1  1  1  1  1
 35 * Flat                  19   2 24 15   0  0  0  0  0  0  0  0  1  0  0  1  0  0  0  0  0  1  0  0  0  1  0  1  0  1  0  0  1  1  1  1  2  1  1  1  1  2  1  0  1  0
 36 * Text                  18   2 25 14   0  0  0  0  0  0  0  0  0  1  0  0  1  0  0  1  0  1  0  0  0  0  0  2  0  1  0  1  1  1  1  1  0  1  1  1  0  0  0  1  1  2
 37 Always Switchin'        18   2 25 14   0  0  0  0  0  0  0  0  0  0  0  0  0  0  0  0  0  1  0  0  0  1  0  1  0  1  0  0  1  1  0  1  2  1  1  2  1  1  1  1  1  1
 38 Beat Frequent Pick      17   4 28  9   0  0  0  0  0  0  0  0  0  0  0  0  0  0  0  0  0  0  0  0  0  0  0  1  0  1  0  0  1  1  1  1  0  1  0  2  1  1  2  2  1  2
 39 Good Ole Rock           16   3 28 10   0  0  0  0  0  0  0  0  0  0  0  0  0  0  0  0  0  1  0  0  0  0  0  1  0  1  0  0  1  1  0  1  0  1  1  2  1  0  1  2  1  2
 40 R-P-S 20-20-60          15   3 29  9   0  0  0  0  0  0  0  0  0  0  0  0  0  0  0  0  0  0  0  0  0  0  0  1  0  2  0  0  1  1  1  1  0  1  2  1  1  0  0  1  1  2
 41 Rotate R-P-S            15   0 26 15   0  0  0  0  0  0  0  0  0  0  0  0  0  0  0  0  0  1  0  0  0  0  0  1  0  1  0  0  1  1  1  1  1  1  1  1  1  1  1  1  1  0
 42 * Anti-Flat             13   3 31  7   0  0  0  0  0  0  0  0  0  0  0  0  0  0  0  0  0  2  0  0  0  0  0  1  0  1  0  0  1  1  0  1  0  1  2  0  1  0  0  0  2  1


   Yomi AI is match ranked 10

 Tournament results:
    Player Name          total 
  1 Yomi AI               5038 
 15 * Anti-rotn           5584 
 19 Iocaine Powder       10794 
 20 Phasenbott           10020 
 21 MegaHAL               9558 
 22 RussRocker4           7431 
 23 Biopic                8219 
 24 Simple Modeller       9072 
 25 Simple Predictor      7621 
 26 Robertot              7541 
 27 Boom                  7250 
 28 Shofar                6149 
 29 ACT-R Lag2            7388 
 32 Granite               6949 
 33 Marble                6464 
 34 ZQ Bot                6253 
 35 Sweet Rocky           5805 
 36 Piedra                6936 
 41 Bugbrain              5884 

   Yomi is tournament ranked 19

