 Playing 1 tournaments with 1000 trials per match...

 Yomi AI            vs Good Ole Rock       Match:  998 (999+   1-   0=)
 Yomi AI            vs R-P-S 20-20-60      Match:  204 (454+ 250- 296=)
 Yomi AI            vs Rotate R-P-S        Match:  -40 (306+ 346- 348=)
 Yomi AI            vs Beat The Last Move  Match:  -21 (340+ 361- 299=)
 Yomi AI            vs Always Switchin'    Match:   45 (365+ 320- 315=)
 Yomi AI            vs Beat Frequent Pick  Match:   -1 (422+ 423- 155=)
 Yomi AI            vs * Pi                Match:   38 (353+ 315- 332=)
 Yomi AI            vs * Switch A Lot      Match:   44 (360+ 316- 324=)
 Yomi AI            vs * Flat              Match:   12 (336+ 324- 340=)
 Yomi AI            vs * Anti-Flat         Match:  858 (861+   3- 136=)
 Yomi AI            vs * Foxtrot           Match:   14 (322+ 308- 370=)
 Yomi AI            vs * De Bruijn         Match:  -65 (291+ 356- 353=)
 Yomi AI            vs * Text              Match:   43 (358+ 315- 327=)
 Yomi AI            vs * Anti-rotn         Match:    2 (344+ 342- 314=)
 Yomi AI            vs * Copy-drift        Match:  -16 (319+ 335- 346=)
 Yomi AI            vs * Add-react         Match:    1 (337+ 336- 327=)
 Yomi AI            vs * Add-drift         Match:  -18 (316+ 334- 350=)
 Yomi AI            vs Iocaine Powder      Match:   24 (335+ 311- 354=)
 Yomi AI            vs Phasenbott          Match:  -28 (315+ 343- 342=)
 Yomi AI            vs MegaHAL             Match:   12 (354+ 342- 304=)
 Yomi AI            vs RussRocker4         Match:   38 (344+ 306- 350=)
 Yomi AI            vs Biopic              Match:   -7 (343+ 350- 307=)
 Yomi AI            vs Simple Modeller     Match:  -25 (339+ 364- 297=)
 Yomi AI            vs Simple Predictor    Match:  -26 (339+ 365- 296=)
 Yomi AI            vs Robertot            Match:  -62 (354+ 416- 230=)
 Yomi AI            vs Boom                Match:  -31 (317+ 348- 335=)
 Yomi AI            vs Shofar              Match:  -32 (313+ 345- 342=)
 Yomi AI            vs ACT-R Lag2          Match:  -15 (332+ 347- 321=)
 Yomi AI            vs Majikthise          Match:   20 (333+ 313- 354=)
 Yomi AI            vs Vroomfondel         Match:  -22 (323+ 345- 332=)
 Yomi AI            vs Granite             Match:  -35 (393+ 428- 179=)
 Yomi AI            vs Marble              Match:  -49 (365+ 414- 221=)
 Yomi AI            vs ZQ Bot              Match:   11 (354+ 343- 303=)
 Yomi AI            vs Sweet Rocky         Match:  -42 (325+ 367- 308=)
 Yomi AI            vs Piedra              Match:  -19 (340+ 359- 301=)
 Yomi AI            vs Mixed Strategy      Match:   28 (371+ 343- 286=)
 Yomi AI            vs Multi-strategy      Match:   32 (343+ 311- 346=)
 Yomi AI            vs Inocencio           Match:  -21 (328+ 349- 323=)
 Yomi AI            vs Peterbot            Match:   15 (345+ 330- 325=)
 Yomi AI            vs Bugbrain            Match:    1 (331+ 330- 339=)
 Yomi AI            vs Knucklehead         Match:   34 (354+ 320- 326=)
 Final results (draw value = 50):

 Tournament results: 

    Player Name          total     1    2    3    4    5    6    7    8    9   10   11   12   13   14   15   16   17   18   19   20   21   22   23   24   25   26   27   28   29   30   31   32   33   34   35   36   37   38   39   40   41   42
  1 Iocaine Powder       10735     0  209   41   30   42  192   17  511   -8   29  256   37   59  292   10    9   73  309  -10   14   18  266  -24   45  166   12  341  117  183  157  546  117   47  289  863  209  394  930  987  992  992  976
  2 Phasenbott            9750  -209    0   80    0   26  143   43  550    5    4  209   32    1  240   -6  -10   48  249   12   28   40  174   28   30  168  -29  358  150  129   71  406   70   96  357  934  278  153  938  983  995  995  981
  3 MegaHAL               9429   -41  -80    0  -19   25   28  -12   59   57   52  259   27   26  251  -10   -9   46  234  -11   35    9  213  -12  -16  206  -18   63  223   93   83  327  133  251  300  947  415  376  944  992  987 1000  996
  4 Simple Modeller       9137   -30    0   19    0   22  243    1    4   42   74   66   -1   69  117    3   75   40  314    8  104  -10  270   25  -67  787  -13  -34  291  199   81  276  162  175  124  317  445  373  592  993  991  999  991
  5 Biopic                8277   -42  -26  -25  -22    0   49   69  -14  -11   64  100   22   21  113  -35   25   53  117   -3   50  -30  253    7  -59  143   12  409   17   34  172  470  158  177   76  733  328  392  502  994  996  996  992
  6 Simple Predictor      7827  -192 -143  -28 -243  -49    0  -49  -87  -89   59  -15    0   35   11   -8   57   18  174  -17   41  -28  179   26  -79  654   19  -36  244  231   94  354  166  218   95  825  422  415  587  986  989  995  996
  7 ACT-R Lag2            7777   -17  -43   12   -1  -69   49    0  -10   37   35   95   34   35  181   26  -31   16  131   42   92   28  294   15  -93  768   16   17    5   -9  127  494   54   96   65  252  203  324  569  948  996  997  997
  8 RussRocker4           7705  -511 -550  -59   -4   14   87   10    0   81   30  122   38   30  119    4  -22   63  181   -1  140   37  195  -38  -20  133  -12  187  200  155   46  461   55  145  344  927  247  294  593  994  991  999 1000
  9 Robertot              7371     8   -5  -57  -42   11   89  -37  -81    0   16   37    5   35   62   -8  -26   23   80  -46   46   -7  342   62  -26   19    5  -15    6   41   82  466  165   70  102  413  478  431  830  812  993  995  997
 10 Sweet Rocky           7103   -29   -4  -52  -74  -64  -59  -35  -30  -16    0  -64  -11    7  -31  -59  -33   50  -58  -30  -18  -27  131   42  -38  634  -12  -33   53   35   80  144  157  152  374  833  195  425  594  993  992  999  990
 11 Granite               7053  -256 -209 -259  -66 -100   15  -95 -122  -37   64    0  -28   54   31  -31  -81   72  -13 -102   31  -37  340   35  -62  645    7    4   44   53  226  316  181  205   81  899  253  419  592  994  995  999  996
 12 Boom                  7021   -37  -32  -27    1  -22    0  -34  -38   -5   11   28    0    2  101   -8  -54   34   61  -41    4   -5  268   31   33   72   -4   28   42   44   32  340  150  168   96  257  385  414  753  991  990  996  996
 13 Piedra                6524   -59   -1  -26  -69  -21  -35  -35  -30  -35   -7  -54   -2    0  -24  -29  -25   14  -29  -56  -17  -31  132   19   -2  -28  -36  -28   80  -10  134  140  160  139  353  940  201  338  595  988  987  995  998
 14 Marble                6349  -292 -240 -251 -117 -113  -11 -181 -119  -62   31  -31 -101   24    0  -49 -121   59   21  -56   49  -21  239   49  -63  659  -34   31   12   49  176  311  178  118  109  913  224  390  591  994  993  999  992
 15 Shofar                6306   -10    6   10   -3   35    8  -26   -4    8   59   31    8   29   49    0    0   60  108  -54   35  -21   99   32   -1   45   11    4   20    4   13  159  108  187   49  139  424  362  552  892  934  971  974
 16 Bugbrain              5909    -9   10    9  -75  -25  -57   31   22   26   33   81   54   25  121    0    0   39  180   -1   53   -8   41   -1  -27   62   11   25   99   60   10   67   27   78   88  187  224  217  397  937  970  982  946
 17 * Anti-rotn           5221   -73  -48  -46  -40  -53  -18  -16  -63  -23  -50  -72  -34  -14  -59  -60  -39    0  -57   17  -56   -1  268   -2  -75  627  -61  -12   21    9  170   61   55  311    6   37  488  147  500  499  999  997  981
 18 ZQ Bot                5196  -309 -249 -234 -314 -117 -174 -131 -181  -80   58   13  -61   29  -21 -108 -180   57    0  -34   35  -70  286  -11  -43  -21  -50   47  110   38  121  264  154  110  296  820  198  378  594  992  989  995 1000
 19 Majikthise            4936    10  -12   11   -8    3   17  -42    1   46   30  102   41   56   56   54    1  -17   34    0   29   -2  214  -20   -4   62   37    4  -29   -1   69  189   25  156    7    2  241  167  467  -36  992  992  992
 20 Mixed Strategy        4637   -14  -28  -35 -104  -50  -41  -92 -140  -46   18  -31   -4   17  -49  -35  -53   56  -35  -29    0  -56  -12  -28  -78    5  -33  -39   -3   11   98  115  157   21   43  331   59  396  516  974  867  993  995
 21 Vroomfondel           4632   -18  -40   -9   10   30   28  -28  -37    7   27   37    5   31   21   21    8    1   70    2   56    0  186   22  -29   77    0  -17  -29   53   79  227   23   74   10   -8  209  131  486  -49  997  995  973
 22 Multi-strategy        2028  -266 -174 -213 -270 -253 -179 -294 -195 -342 -131 -340 -268 -132 -239  -99  -41 -268 -286 -214   12 -186    0  -32  -50  -72  -20  -49   -5  200  181   53  123  243   63  -40  468  354  999  997  997  999  997
 23 Yomi AI               1899    24  -28   12  -25   -7  -26  -15   38  -62  -42  -35  -31  -19  -49  -32    1    2   11   20   28  -22   32    0  -65  -21   38   14  -18  -16   12   34   43   44    1   15   45  204   -1  -21  -40  998  858
 24 * De Bruijn            779   -45  -30   16   67   59   79   93   20   26   38   62  -33    2   63    1   27   75   43    4   78   29   50   65    0   16   -1  -27   26    3   -1   -2   23    3  -23  -26  -20  -24  128   -1   21    0 -105
 25 Inocencio              183  -166 -168 -206 -787 -143 -654 -768 -133  -19 -634 -645  -72   28 -659  -45  -62 -627   21  -62   -5  -77   72   21  -16    0  -23  303  -49   88  192  263  159  181   27  105  235  390  357  820  977  980  984
 26 * Pi                   117   -12   29   18   13  -12  -19  -16   12   -5   12   -7    4   36   34  -11  -11   61   50  -37   33    0   20  -38    1   23    0   13    0  -12  -39  -22  -81    4   16   28   -4   17   30   22  -11  -11  -11
 27 * Foxtrot            -1537  -341 -358  -63   34 -409   36  -17 -187   15   33   -4  -28   28  -31   -4  -25   12  -47   -4   39   17   49  -14   27 -303  -13    0   13  -13   -6   47   -8   31   18  -12  -34  -13  -36   28   31  -11  -14
 28 * Add-drift          -1645  -117 -150 -223 -291  -17 -244   -5 -200   -6  -53  -44  -42  -80  -12  -20  -99  -21 -110   29    3   29    5   18  -26   49    0  -13    0   17    2   -7   36  -34    0   27   21  -21  -39  -20   35    0  -22
 29 * Copy-drift         -1710  -183 -129  -93 -199  -34 -231    9 -155  -41  -35  -53  -44   10  -49   -4  -60   -9  -38    1  -11  -53 -200   16   -3  -88   12   13  -17    0   43  -48   21   65   -5  -64  -45  -16   -2  -33    6   17   19
 30 * Flat               -2748  -157  -71  -83  -81 -172  -94 -127  -46  -82  -80 -226  -32 -134 -176  -13  -10 -170 -121  -69  -98  -79 -181  -12    1 -192   39    6   -2  -43    0  -18  -55   -2  -21 -198  -38    1  238  247   28   -1 -424
 31 Knucklehead          -2791  -546 -406 -327 -276 -470 -354 -494 -461 -466 -144 -316 -340 -140 -311 -159  -67  -61 -264 -189 -115 -227  -53  -34    2 -263   22  -47    7   48   18    0   21   -1   42  -41    6   53  151  734  702  977  998
 32 * Text               -3037  -117  -70 -133 -162 -158 -166  -54  -55 -165 -157 -181 -150 -160 -178 -108  -27  -55 -154  -25 -157  -23 -123  -43  -23 -159   81    8  -36  -21   55  -21    0   18  -12   -2   16   24 -185  -74  -11 -185  111
 33 * Switch A Lot       -3426   -47  -96 -251 -175 -177 -218  -96 -145  -70 -152 -205 -168 -139 -118 -187  -78 -311 -110 -156  -21  -74 -243  -44   -3 -181   -4  -31   34  -65    2    1  -18    0   -7 -129   -3  -23   15  330  -12   -1  -50
 34 * Add-react          -3538  -289 -357 -300 -124  -76  -95  -65 -344 -102 -374  -81  -96 -353 -109  -49  -88   -6 -296   -7  -43  -10  -63   -1   23  -27  -16  -18    0    5   21  -42   12    7    0  -50   -5   -6   -2  -22  -46    2  -46
 35 Peterbot             -6064  -863 -934 -947 -317 -733 -825 -252 -927 -413 -833 -899 -257 -940 -913 -139 -187  -37 -820   -2 -331    8   40  -15   26 -105  -28   12  -27   64  198   41    2  129   50    0  258  433  441  982  997  999 1000
 36 Always Switchin'     -6563  -209 -278 -415 -445 -328 -422 -203 -247 -478 -195 -253 -385 -201 -224 -424 -224 -488 -198 -241  -59 -209 -468  -45   20 -235    4   34  -21   45   38   -6  -16    3    5 -258    0    0   41  497   15   -3  -87
 37 R-P-S 20-20-60       -8862  -394 -153 -376 -373 -392 -415 -324 -294 -431 -425 -419 -414 -338 -390 -362 -217 -147 -378 -167 -396 -131 -354 -204   24 -390  -17   13   21   16   -1  -53  -24   23    6 -433    0    0 -400 -133  -24 -360  364
 38 Beat Frequent Pick  -13462  -930 -938 -944 -592 -502 -587 -569 -593 -830 -594 -592 -753 -595 -591 -552 -397 -500 -594 -467 -516 -486 -999    1 -128 -357  -30   36   39    2 -238 -151  185  -15    2 -441  -41  400    0 -600    0  999  996
 39 Beat The Last Move  -19613  -987 -983 -992 -993 -994 -986 -948 -994 -812 -993 -994 -991 -988 -994 -892 -937 -499 -992   36 -974   49 -997   21    1 -820  -22  -28   20   33 -247 -734   74 -330   22 -982 -497  133  600    0    1 1000  997
 40 Rotate R-P-S        -24953  -992 -995 -987 -991 -996 -989 -996 -991 -993 -992 -995 -990 -987 -993 -934 -970 -999 -989 -992 -867 -997 -997   40  -21 -977   11  -31  -35   -6  -28 -702   11   12   46 -997  -15   24    0   -1    0    0 -652
 41 Good Ole Rock       -26280  -992 -995 -1000 -999 -996 -995 -997 -999 -995 -999 -999 -996 -995 -999 -971 -982 -997 -995 -992 -993 -995 -999 -998    0 -980   11   11    0  -17    1 -977  185    1   -2 -999    3  360 -999 -1000    0    0 1000
 42 * Anti-Flat         -27672  -976 -981 -996 -991 -992 -996 -997 -1000 -997 -990 -996 -996 -998 -992 -974 -946 -981 -1000 -992 -995 -973 -997 -858  105 -984   11   14   22  -19  424 -998 -111   50   46 -1000   87 -364 -996 -997  652 -1000    0

 Match results (draw <= 50): 

    Player Name           total  W  L  D   1  2  3  4  5  6  7  8  9 10 11 12 13 14 15 16 17 18 19 20 21 22 23 24 25 26 27 28 29 30 31 32 33 34 35 36 37 38 39 40 41 42
  1 Iocaine Powder          66  25  0 16   1  1  2  1  2  1  1  1  1  1  1  2  1  1  2  1  2  1  1  2  2  2  1  1  2  2  2  2  2  2  2  2  2  2  2  1  2  2  2  2  2  2
  2 Simple Modeller         65  25  1 15   1  1  1  1  1  1  1  2  1  1  1  2  1  1  2  0  2  2  2  2  2  1  1  1  2  1  2  2  2  2  2  2  2  2  2  2  2  2  2  2  2  2
  3 Phasenbott              64  24  1 16   0  1  1  2  2  1  1  1  1  1  1  2  1  1  1  1  2  1  1  2  2  1  1  1  2  2  2  2  2  2  2  2  2  2  2  2  2  2  2  2  2  2
  4 MegaHAL                 64  24  1 16   1  1  0  1  2  1  1  1  2  1  1  1  1  1  1  1  2  2  1  2  2  1  1  1  2  2  2  2  2  2  2  2  2  2  2  2  2  2  2  2  2  2
  5 RussRocker4             62  24  3 14   0  1  0  0  1  1  1  1  2  1  1  2  1  1  1  1  2  1  2  2  2  2  1  1  2  2  2  2  2  2  2  2  1  2  2  2  2  2  2  2  2  2
  6 Biopic                  62  22  1 18   1  1  1  1  1  1  2  1  1  1  1  1  1  1  1  0  2  2  1  2  2  2  1  1  2  2  2  2  1  1  2  2  2  2  2  2  2  2  2  2  2  2
  7 ACT-R Lag2              58  19  2 20   1  1  1  1  1  0  1  1  1  1  1  1  1  1  1  0  2  1  2  2  2  1  1  1  2  1  2  2  1  1  2  2  2  2  2  2  2  2  2  2  2  2
  8 Bugbrain                58  19  2 20   1  0  1  1  1  1  1  1  1  2  1  0  1  1  1  1  2  1  2  2  2  1  1  1  2  1  1  2  2  2  2  2  1  1  2  2  2  2  2  2  2  2
  9 Robertot                57  18  2 21   1  1  1  0  0  1  1  1  1  1  1  2  1  1  1  1  1  1  1  2  2  1  2  1  1  1  2  2  1  1  2  2  2  2  2  2  2  2  2  2  2  2
 10 Boom                    56  16  1 24   1  1  1  1  1  1  1  0  1  1  1  1  1  1  1  1  1  1  1  2  2  1  1  1  2  1  2  2  1  1  2  2  1  2  2  2  2  2  2  2  2  2
 11 Majikthise              56  15  0 26   1  1  1  1  1  1  1  1  1  1  1  1  2  1  2  1  2  1  1  2  1  1  1  1  2  1  2  1  1  1  1  2  2  1  1  2  2  2  2  2  2  2
 12 Simple Predictor        55  20  6 15   0  0  0  1  0  1  1  2  0  1  1  1  1  1  1  0  1  2  1  1  2  1  1  1  2  1  2  2  2  2  2  2  2  2  2  2  2  2  2  2  2  2
 13 Shofar                  55  15  1 25   1  1  1  1  1  1  1  1  1  1  0  1  1  1  1  1  1  2  1  1  2  2  1  1  1  1  2  2  1  1  1  2  1  2  2  2  2  2  2  2  2  2
 14 Vroomfondel             55  14  0 27   1  1  1  1  1  1  1  1  1  1  1  1  1  1  1  1  1  1  2  1  2  1  1  1  2  1  2  1  1  2  1  2  2  1  1  2  2  2  2  2  2  2
 15 Piedra                  52  15  4 22   0  0  1  1  1  1  1  1  1  1  0  1  1  1  1  1  0  1  1  1  1  1  1  1  1  1  2  2  2  1  2  2  2  2  2  2  2  2  2  2  2  2
 16 * De Bruijn             50  10  1 30   1  2  1  1  1  2  2  1  1  1  1  2  1  1  1  1  2  1  2  2  1  2  2  1  1  1  1  1  1  1  1  1  1  1  1  1  1  2  1  1  0  1
 17 Granite                 50  19 10 12   0  0  0  0  0  0  0  0  1  1  0  1  1  1  2  0  1  2  1  1  1  2  1  1  2  1  2  2  1  2  2  2  2  2  2  2  2  2  2  2  2  2
 18 Sweet Rocky             50  16  7 18   1  0  1  0  1  0  1  1  1  1  1  0  0  1  1  1  0  1  1  1  0  1  1  1  2  1  2  2  2  1  2  2  2  2  2  2  2  2  2  2  2  2
 19 Mixed Strategy          47  12  6 23   1  0  1  1  0  1  0  0  1  1  1  1  1  0  1  0  1  1  1  1  1  2  1  1  1  1  1  2  1  1  1  2  2  2  2  1  2  2  2  2  2  2
 20 Marble                  45  16 12 13   0  0  0  0  0  0  0  0  0  0  0  1  1  1  1  0  1  1  1  1  1  2  1  1  2  1  2  2  1  1  2  2  2  2  2  2  2  2  2  2  2  2
 21 ZQ Bot                  45  17 13 11   0  0  0  0  0  0  0  0  0  0  1  0  0  0  1  1  1  2  1  1  1  2  1  1  1  1  2  2  2  1  2  2  2  2  2  2  2  2  2  2  2  2
 22 * Anti-rotn             44  13 10 18   0  1  1  1  0  0  1  1  1  1  1  1  0  1  1  0  0  1  0  0  0  1  1  0  2  1  2  1  1  1  1  2  2  2  2  2  2  2  2  2  2  2
 23 Yomi AI                 42   3  2 36   1  1  1  1  1  1  1  1  0  1  1  1  1  1  1  0  1  1  1  1  1  1  1  1  1  1  1  1  1  1  1  1  1  1  1  1  1  1  2  1  2  2
 24 * Pi                    41   1  1 39   1  1  1  1  1  1  1  1  1  1  1  1  1  1  1  1  1  1  1  1  1  2  1  1  1  1  1  1  1  1  1  1  1  0  1  1  1  1  1  1  1  1
 25 Inocencio               40  15 16 10   0  0  0  0  0  0  0  0  1  0  0  0  1  0  1  1  0  0  1  0  1  0  1  1  1  2  2  2  1  2  1  2  2  2  2  2  2  2  2  2  2  2
 26 * Foxtrot               35   0  6 35   0  1  0  0  0  0  1  1  1  1  1  1  1  1  1  1  1  1  1  1  1  1  1  1  0  1  1  1  1  1  1  1  1  1  1  1  1  1  1  1  1  1
 27 Multi-strategy          34  13 20  8   0  0  0  0  0  0  0  1  0  0  0  0  0  0  0  1  0  0  1  0  0  0  1  1  0  1  1  1  1  2  2  2  2  2  2  2  2  2  2  2  2  2
 28 Peterbot                32  10 19 12   0  0  0  0  0  0  0  0  0  0  1  0  0  1  0  1  0  0  0  0  0  1  1  1  0  1  1  1  1  2  1  1  2  1  2  2  2  2  2  2  2  2
 29 * Add-drift             31   0 10 31   0  0  0  0  0  1  1  0  1  1  1  0  1  1  0  1  1  0  1  1  0  1  1  1  1  1  1  1  1  1  1  1  1  1  1  1  1  1  1  1  1  1
 30 * Copy-drift            30   1 12 28   0  0  0  0  0  1  1  0  1  1  1  0  1  0  1  1  0  1  1  1  1  1  1  1  0  1  0  0  1  1  1  1  1  1  1  2  1  1  1  1  1  1
 31 * Add-react             24   0 17 24   0  0  0  0  0  0  0  0  0  0  1  0  1  1  0  1  0  0  1  0  0  1  1  1  1  1  0  1  1  1  1  1  1  1  1  1  1  1  1  1  1  1
 32 Knucklehead             24   6 23 12   0  0  0  0  0  0  0  0  0  0  0  0  0  0  0  1  0  0  0  0  0  0  1  1  0  1  0  1  1  1  1  1  1  1  2  1  1  2  2  2  2  2
 33 * Flat                  21   2 22 17   0  0  0  0  1  0  0  1  0  1  0  0  1  0  0  1  0  0  0  0  0  0  1  1  0  1  0  0  1  1  1  1  1  0  2  1  1  2  1  1  0  1
 34 * Text                  21   3 23 15   0  0  0  0  0  0  0  1  0  0  1  0  0  1  0  1  0  0  0  0  0  0  1  2  0  1  0  1  1  1  1  1  2  1  0  1  1  0  0  1  2  1
 35 Beat The Last Move      20   5 26 10   0  0  0  0  0  0  0  0  0  0  1  0  0  1  0  1  0  0  0  0  0  0  1  1  0  1  0  0  1  1  1  0  0  2  1  0  0  2  2  1  2  2
 36 * Switch A Lot          19   1 23 17   1  0  0  0  0  0  0  0  0  0  0  0  0  0  0  1  0  0  1  0  0  0  1  1  0  1  0  0  1  0  1  1  1  1  2  1  1  1  1  1  1  1
 37 Always Switchin'        17   1 25 15   0  0  0  0  0  0  0  0  0  0  0  0  0  0  0  1  0  0  0  0  0  0  1  1  0  1  0  0  1  1  1  1  1  1  2  1  1  1  1  1  0  1
 38 Beat Frequent Pick      17   4 28  9   0  0  0  0  0  0  0  0  0  0  0  0  0  0  0  0  0  0  0  0  0  0  1  1  0  1  0  0  1  1  1  0  0  2  0  1  1  1  2  1  2  2
 39 Good Ole Rock           16   3 28 10   0  0  0  0  0  0  0  0  0  0  0  0  0  0  0  1  0  0  0  0  0  0  0  1  0  1  0  0  1  1  1  0  1  2  0  1  1  0  1  1  2  2
 40 Rotate R-P-S            15   0 26 15   0  0  0  0  0  0  0  0  0  0  0  0  0  0  0  1  0  0  0  0  0  0  1  1  0  1  0  0  1  1  1  0  1  1  1  1  1  1  1  1  0  1
 41 * Anti-Flat             14   4 31  6   0  0  0  0  0  0  0  0  0  0  0  0  0  0  0  2  0  0  0  0  0  0  0  1  0  1  0  0  1  1  1  0  2  0  0  1  2  0  0  2  1  0
 42 R-P-S 20-20-60          13   1 29 11   0  0  0  0  0  0  0  0  0  0  0  0  0  0  0  1  0  0  0  0  0  0  0  1  0  1  0  0  1  1  1  0  1  1  0  1  1  0  0  1  2  1


   Yomi AI is match ranked 23

 Tournament results:
    Player Name          total 
  1 Yomi AI               1899 
 15 * Anti-rotn           5221 
 19 Iocaine Powder       10735 
 20 Phasenbott            9750 
 21 MegaHAL               9429 
 22 RussRocker4           7705 
 23 Biopic                8277 
 24 Simple Modeller       9137 
 25 Simple Predictor      7827 
 26 Robertot              7371 
 27 Boom                  7021 
 28 Shofar                6306 
 29 ACT-R Lag2            7777 
 30 Majikthise            4936 
 31 Vroomfondel           4632 
 32 Granite               7053 
 33 Marble                6349 
 34 ZQ Bot                5196 
 35 Sweet Rocky           7103 
 36 Piedra                6524 
 37 Mixed Strategy        4637 
 38 Multi-strategy        2028 
 41 Bugbrain              5909 

   Yomi is tournament ranked 23

