 Playing 1 tournaments with 1000 trials per match...

 Yomi AI            vs Good Ole Rock       Match:  998 (999+   1-   0=)
 Yomi AI            vs R-P-S 20-20-60      Match: -367 (213+ 580- 207=)
 Yomi AI            vs Rotate R-P-S        Match:   -2 (334+ 336- 330=)
 Yomi AI            vs Beat The Last Move  Match: -860 ( 49+ 909-  42=)
 Yomi AI            vs Always Switchin'    Match:   11 (339+ 328- 333=)
 Yomi AI            vs Beat Frequent Pick  Match: -865 ( 49+ 914-  37=)
 Yomi AI            vs * Pi                Match:   -8 (330+ 338- 332=)
 Yomi AI            vs * Switch A Lot      Match:   -5 (334+ 339- 327=)
 Yomi AI            vs * Flat              Match:    9 (340+ 331- 329=)
 Yomi AI            vs * Anti-Flat         Match:  994 (995+   1-   4=)
 Yomi AI            vs * Foxtrot           Match:   39 (355+ 316- 329=)
 Yomi AI            vs * De Bruijn         Match:   -6 (331+ 337- 332=)
 Yomi AI            vs * Text              Match: -140 (291+ 431- 278=)
 Yomi AI            vs * Anti-rotn         Match: -865 ( 46+ 911-  43=)
 Yomi AI            vs * Copy-drift        Match:   50 (366+ 316- 318=)
 Yomi AI            vs * Add-react         Match:   -6 (330+ 336- 334=)
 Yomi AI            vs * Add-drift         Match:  -19 (339+ 358- 303=)
 Yomi AI            vs Iocaine Powder      Match: -876 ( 38+ 914-  48=)
 Yomi AI            vs Phasenbott          Match: -849 ( 51+ 900-  49=)
 Yomi AI            vs MegaHAL             Match: -877 ( 42+ 919-  39=)
 Yomi AI            vs RussRocker4         Match: -858 ( 53+ 911-  36=)
 Yomi AI            vs Biopic              Match: -870 ( 48+ 918-  34=)
 Yomi AI            vs Simple Modeller     Match: -881 ( 39+ 920-  41=)
 Yomi AI            vs Simple Predictor    Match: -842 ( 63+ 905-  32=)
 Yomi AI            vs Robertot            Match: -879 ( 41+ 920-  39=)
 Yomi AI            vs Boom                Match: -834 ( 65+ 899-  36=)
 Yomi AI            vs Shofar              Match: -846 ( 58+ 904-  38=)
 Yomi AI            vs ACT-R Lag2          Match: -857 ( 51+ 908-  41=)
 Yomi AI            vs Majikthise          Match: -836 ( 52+ 888-  60=)
 Yomi AI            vs Vroomfondel         Match: -871 ( 45+ 916-  39=)
 Yomi AI            vs Granite             Match: -839 ( 62+ 901-  37=)
 Yomi AI            vs Marble              Match: -872 ( 47+ 919-  34=)
 Yomi AI            vs ZQ Bot              Match: -864 ( 49+ 913-  38=)
 Yomi AI            vs Sweet Rocky         Match: -879 ( 41+ 920-  39=)
 Yomi AI            vs Piedra              Match: -873 ( 42+ 915-  43=)
 Yomi AI            vs Mixed Strategy      Match: -880 ( 48+ 928-  24=)
 Yomi AI            vs Multi-strategy      Match: -853 ( 58+ 911-  31=)
 Yomi AI            vs Inocencio           Match: -874 ( 46+ 920-  34=)
 Yomi AI            vs Peterbot            Match: -865 ( 48+ 913-  39=)
 Yomi AI            vs Bugbrain            Match: -820 ( 54+ 874-  72=)
 Yomi AI            vs Knucklehead         Match: -627 (107+ 734- 159=)
 Final results (draw value = 50):

 Tournament results: 

    Player Name          total     1    2    3    4    5    6    7    8    9   10   11   12   13   14   15   16   17   18   19   20   21   22   23   24   25   26   27   28   29   30   31   32   33   34   35   36   37   38   39   40   41   42
  1 Iocaine Powder       11710     0   58   26   44   25   28    8  544   58  192   36  249  197   54   70   31   59   35  304   -4  -13  330   13    2  359   -7  154  341  555  199   95  316  -11  913  259  439  916  991  876  988  991  990
  2 Phasenbott           11156   -58    0    1   66   35  -17   60  518   40  155   58  243  214   29   89   50   98   50  241    5   39  300   36   -3  220   93  104  382  416   66   70  334  124  998  208  172  918  986  849  989  993  985
  3 Simple Modeller      10406   -26   -1    0   18   47   12  -17   -4   56  269   50   96  101   35   41   -2   61   85  279    4  -16  218  -52  -19  792  239  218  -16  234  107  114   89  221  888  459  364  595  994  881  994  999  999
  4 MegaHAL              10345   -44  -66  -18    0   12   41  -25  104   50   96   22  184  245  -37  -48   20   38   86  261  -50   29  298  -14  -42  174  132   74  151  344  102  142  254  276  928  451  375  941  994  877  990  998 1000
  5 Biopic                9092   -25  -35  -47  -12    0    9   28  -11   52   89   20  147  167  -38  -17  -16   34   70  105  -45    6  266  -29  -13  130   55   87  422  488  110  160   55  111  777  275  369  493  997  870  996  995  997
  6 Boom                  8989   -28   17  -12  -41   -9    0   21  -31   32  -31   64   53   34  -51  -21  -25   40   52  115   -2  -28  191   23   -5  819   54    3  -28  525   62  137   82  193  448  399  380  753  991  834  990  995  994
  7 Robertot              8563    -8  -60   17   25  -28  -21    0  -32   54   -3   49   12   56  -30    7  -43   47   80  103   -3  -33  257   23    5   58   53   17    2  371   53  174  107  160  660  448  421  763  941  879  995  995  992
  8 RussRocker4           8514  -544 -518    4 -104   11   31   32    0   26  109   50  144  144   19   -1    3   56  143  151  -28   -8  383  -43  -27  161  138   37  200  449   53   80  311   86  942  235  358  593  988  858  993  999 1000
  9 Sweet Rocky           8428   -58  -40  -56  -50  -52  -32  -54  -26    0  -30    3  -56  -30  -31  -60  -45   53  -22  -55  -47  -12  131  -39  -16  795   17   -9   -5  206  213  178  330  214 1000  298  377  590  987  879  990 1000  992
 10 Simple Predictor      7656  -192 -155 -269  -96  -89   31    3 -109   30    0   37   18   63  -21  -17   38   43   35  176   -3   11  191  -79  -14  122  259  266  -11  326   75  149  105  209  316  436  377  587  985  842  986  995 1000
 11 Piedra                7651   -36  -58  -50  -22  -20  -64  -49  -50   -3  -37    0  -70  -18  -33  -67  -59   54   -9  -66  -59  -40  134  -58  -33  788   15   48  -23  112  209  157  236   51  701  253  371  595  992  873  992  994 1000
 12 Marble                7650  -249 -243  -96 -184 -147  -53  -12 -144   56  -18   70    0   45  -59 -145  -70   56   17   22  -24 -100  254  -30   -7  643   39   35   34  306  127  181   97  215  925  267  398  591  996  872  995  998  992
 13 Granite               7543  -197 -214 -101 -245 -167  -34  -56 -144   30  -63   18  -45    0  -26 -133  -58   47   12   58  -44  -22  302 -113  -50  642   23   56   79  343  197  175   83  177  929  282  383  594  992  839  995  999 1000
 14 Shofar                7012   -54  -29  -35   37   38   51   30  -19   31   21   33   59   26    0  -34   48   52   62   49  -16   -6  140  -26   -1   62   30   28   33   98   25  154  -30  190   79  437  273  555  904  846  924  978  969
 15 ACT-R Lag2            6917   -70  -89  -41   48   17   21   -7    1   60   17   67  145  133   34    0  -16   70   32  150   30   15  237  -48  -17   86   18    2  -72  519   98   71    7  168  267  245  301  572    0  857  997  995  997
 16 Bugbrain              6796   -31  -50    2  -20   16   25   43   -3   45  -38   59   70   58  -48   16    0   61   84  144  -19  -18  135    0    2   39   81  -18  -14  111   43   76  109   97  174  271  232  401  962  820  910  986  983
 17 * Anti-rotn           6778   -59  -98  -61  -38  -34  -40  -47  -56  -53  -43  -54  -56  -47  -52  -70  -61    0   12  -47    5   39  228  -38  -60  674  -12   -8   24   98  203   56   -6  340  500  512  171  598  496  865 1000  998  999
 18 Mixed Strategy        6342   -35  -50  -85  -86  -70  -52  -80 -143   22  -35    9  -17  -12  -62  -32  -84  -12    0  -32   -1  -18   10 -116  -11  608  -14   17   22  277  -22  159   67  134  209  185  422  449  968  880  981  994  998
 19 ZQ Bot                5937  -304 -241 -279 -261 -105 -115 -103 -151   55 -176   66  -22  -58  -49 -150 -144   47   32    0  -66  -68  144  -13    0  -47   53   63   -8  227  172  134  306  128  848  182  406  593  989  864  995 1000  993
 20 Vroomfondel           5656     4   -5   -4   50   45    2    3   28   47    3   59   24   44   16  -30   19   -5    1   66    0  -22  178   25    6   49  -26  -16  -19  220   64   21   11  110    7  257  150  433    1  871  993  993  983
 21 Majikthise            5648    13  -39   16  -29   -6   28   33    8   12  -11   40  100   22    6  -15   18  -39   18   68   22    0  255   -4   17   13  -11   28   14  183  141   26   33  125  -32  246  133  428  -24  836  990  992  994
 22 Multi-strategy        3525  -330 -300 -218 -298 -266 -191 -257 -383 -131 -191 -134 -254 -302 -140 -237 -135 -228  -10 -144 -178 -255    0  -50  -20  -72   46  238   37   18  211  123   28  305  500  477  422  999  997  853  997  999  999
 23 * De Bruijn            758   -13  -36   52   14   29  -23  -23   43   39   79   58   30  113   26   48    0   38  116   13  -25    4   50    0   -1   19   35   -7   14  -25    9   23   42    1  -12   -3  -11  128   -1    6   21    0 -112
 24 * Pi                   206    -2    3   19   42   13    5   -5   27   16   14   33    7   50    1   17   -2   60   11    0   -6  -17   20    1    0   26  -26  -11   50  -31   23  -81  -49  -37    9    0   -2   30   22    8  -11  -11  -10
 25 Inocencio              -57  -359 -220 -792 -174 -130 -819  -58 -161 -795 -122 -788 -643 -642  -62  -86  -39 -674 -608   47  -49  -13   72  -19  -26    0   20  108  319  275  136  151   32  104  203  252  391  354  946  874  982  980  976
 26 * Add-drift          -1324     7  -93 -239 -132  -55  -54  -53 -138  -17 -259  -15  -39  -23  -30  -18  -81   12   14  -53   26   11  -46  -35   26  -20    0  -50   19   30  -35  -28   14   10   40    9   22   17  -39   19  -30   20  -38
 27 * Copy-drift         -1471  -154 -104 -218  -74  -87   -3  -17  -37    9 -266  -48  -35  -56  -28   -2   18    8  -17  -63   16  -28 -238    7   11 -108   50    0  -38  -14   27   49   -9   17  -50   38   33   -5    6  -50  -11    5   -5
 28 * Foxtrot            -1797  -341 -382   16 -151 -422   28   -2 -200    5   11   23  -34  -79  -33   72   14  -24  -22    8   19  -14  -37  -14  -50 -319  -19   38    0   57   -7   17   14  -13  -31    0   71  -35    0  -39    2   53   23
 29 Knucklehead          -2229  -555 -416 -234 -344 -488 -525 -371 -449 -206 -326 -112 -306 -343  -98 -519 -111  -98 -277 -227 -220 -183  -18   25   31 -275  -30   14  -57    0   -9    3   14  -32   12  -14  108  100  891  627  886  942  961
 30 * Flat               -2893  -199  -66 -107 -102 -110  -62  -53  -53 -213  -75 -209 -127 -197  -25  -98  -43 -203   22 -172  -64 -141 -211   -9  -23 -136   35  -27    7    9    0  -35   -1  -24 -141    1  -23  250  183   -9  -13    1 -430
 31 * Text               -2942   -95  -70 -114 -142 -160 -137 -174  -80 -178 -149 -157 -181 -175 -154  -71  -76  -56 -159 -134  -21  -26 -123  -23   81 -151   28  -49  -17   -3   35    0   -6   -6   31   -2  -25 -185  -74  140  -11 -185  112
 32 * Add-react          -3023  -316 -334  -89 -254  -55  -82 -107 -311 -330 -105 -236  -97  -83   30   -7 -109    6  -67 -306  -11  -33  -28  -42   49  -32  -14    9  -14  -14    1    6    0   10  -63  -26   10   12   24    6   -6    5  -20
 33 * Switch A Lot       -3454    11 -124 -221 -276 -111 -193 -160  -86 -214 -209  -51 -215 -177 -190 -168  -97 -340 -134 -128 -110 -125 -305   -1   37 -104  -10  -17   13   32   24    6  -10    0 -120  -14  -27   34  294    5    8    9   10
 34 Peterbot             -6951  -913 -998 -888 -928 -777 -448 -660 -942 -1000 -316 -701 -925 -929  -79 -267 -174 -500 -209 -848   -7   32 -500   12   -9 -203  -40   50   31  -12  141  -31   63  120    0  255  388  422  982  865  997 1000  995
 35 Always Switchin'     -7080  -259 -208 -459 -451 -275 -399 -448 -235 -298 -436 -253 -267 -282 -437 -245 -271 -512 -185 -182 -257 -246 -477    3    0 -252   -9  -38    0   14   -1    2   26   14 -255    0  -35   28  482  -11   21   23  -10
 36 R-P-S 20-20-60       -8782  -439 -172 -364 -375 -369 -380 -421 -358 -377 -377 -371 -398 -383 -273 -301 -232 -171 -422 -406 -150 -133 -422   11    2 -391  -22  -33  -71 -108   23   25  -10   27 -388   35    0 -413 -143  367    8 -441   34
 37 Beat Frequent Pick  -12430  -916 -918 -595 -941 -493 -753 -763 -593 -590 -587 -595 -591 -594 -555 -572 -401 -598 -449 -593 -433 -428 -999 -128  -30 -354  -17    5   35 -100 -250  185  -12  -34 -422  -28  413    0 -600  865    0  999 1000
 38 Beat The Last Move  -18239  -991 -986 -994 -994 -997 -991 -941 -988 -987 -985 -992 -996 -992 -904    0 -962 -496 -968 -989   -1   24 -997    1  -22 -946   39   -6    0 -891 -183   74  -24 -294 -982 -482  143  600    0  860    1 1000 1000
 39 Yomi AI             -21464  -876 -849 -881 -877 -870 -834 -879 -858 -879 -842 -873 -872 -839 -846 -857 -820 -865 -880 -864 -871 -836 -853   -6   -8 -874  -19   50   39 -627    9 -140   -6   -5 -865   11 -367 -865 -860    0   -2  998  994
 40 Rotate R-P-S        -25207  -988 -989 -994 -990 -996 -990 -995 -993 -990 -986 -992 -995 -995 -924 -997 -910 -1000 -981 -995 -993 -990 -997  -21   11 -982   30   11   -2 -886   13   11    6   -8 -997  -21   -8    0   -1    2    0    0 -685
 41 Good Ole Rock       -26286  -991 -993 -999 -998 -995 -995 -995 -999 -1000 -995 -994 -998 -999 -978 -995 -986 -998 -994 -1000 -993 -992 -999    0   11 -980  -20   -5  -53 -942   -1  185   -5   -9 -1000  -23  441 -999 -1000 -998    0    0  998
 42 * Anti-Flat         -27649  -990 -985 -999 -1000 -997 -994 -992 -1000 -992 -1000 -1000 -992 -1000 -969 -997 -983 -999 -998 -993 -983 -994 -999  112   10 -976   38    5  -23 -961  430 -112   20  -10 -995   10  -34 -1000 -1000 -994  685 -998    0

 Match results (draw <= 50): 

    Player Name           total  W  L  D   1  2  3  4  5  6  7  8  9 10 11 12 13 14 15 16 17 18 19 20 21 22 23 24 25 26 27 28 29 30 31 32 33 34 35 36 37 38 39 40 41 42
  1 Phasenbott              69  29  1 11   1  0  1  2  1  2  1  2  1  1  2  2  1  1  1  2  2  2  1  2  1  2  1  2  2  2  2  2  2  2  2  2  2  2  2  2  2  2  2  2  2  2
  2 Iocaine Powder          68  27  0 14   2  1  1  1  1  2  1  1  1  2  2  2  1  1  2  1  2  2  1  2  1  2  1  2  2  2  1  2  2  2  2  2  2  2  1  2  2  2  2  2  2  2
  3 Biopic                  66  25  0 16   1  1  1  1  1  1  1  1  1  1  1  2  1  1  2  1  2  2  1  2  2  1  1  2  2  2  2  2  2  2  2  2  2  2  2  2  2  2  2  2  2  2
  4 MegaHAL                 65  25  1 15   0  1  1  1  1  2  1  1  1  1  1  2  1  1  1  1  2  2  1  2  2  1  1  2  2  2  2  2  2  2  2  2  2  2  2  2  2  2  2  2  2  2
  5 Simple Modeller         65  25  1 15   1  1  1  1  1  1  1  1  1  1  1  2  1  1  2  1  2  2  0  2  2  2  1  2  1  2  2  2  2  2  2  2  2  2  2  2  2  2  2  2  2  2
  6 RussRocker4             62  24  3 14   0  0  1  0  1  1  1  1  1  1  1  2  1  1  1  1  2  2  1  2  2  2  1  2  2  2  2  1  2  2  2  2  2  2  2  2  2  2  2  2  2  2
  7 Bugbrain                62  21  0 20   1  1  1  1  1  1  1  1  1  1  1  1  1  1  1  2  2  2  1  2  2  2  1  1  1  2  2  1  2  2  2  2  1  2  2  2  2  2  2  2  2  2
  8 Robertot                61  21  1 19   0  1  1  1  1  1  1  1  1  1  1  1  1  1  2  1  2  1  1  2  2  1  1  2  1  2  2  1  2  2  2  2  2  2  2  2  2  2  2  2  2  2
  9 Boom                    61  21  1 19   1  1  1  1  1  1  1  1  1  0  1  1  1  1  1  2  1  2  1  2  2  1  1  2  1  2  2  1  2  2  2  2  2  2  2  2  2  2  2  2  2  2
 10 Shofar                  58  18  1 22   1  0  1  1  1  1  1  1  2  1  1  1  1  1  1  1  1  2  1  1  2  2  1  2  1  2  1  1  2  2  1  2  1  2  2  2  2  2  2  2  2  2
 11 ACT-R Lag2              58  20  3 18   0  0  1  1  1  1  1  1  1  1  1  1  1  1  2  2  2  2  1  2  1  2  1  2  0  2  1  1  2  2  1  1  2  2  2  2  2  2  2  2  2  2
 12 Simple Predictor        54  20  7 14   0  0  0  0  0  0  1  1  1  1  1  1  1  1  1  1  2  1  0  2  1  1  1  2  1  2  2  2  2  2  2  2  2  2  2  2  2  2  2  2  2  2
 13 Majikthise              54  13  0 28   1  1  1  1  1  1  1  1  1  1  1  1  1  1  1  1  1  2  1  2  1  1  1  1  1  2  1  1  1  2  1  1  2  1  2  2  2  2  2  2  2  2
 14 Vroomfondel             54  13  0 28   1  1  1  1  1  1  1  1  1  1  1  1  1  1  1  2  1  1  1  2  1  1  1  1  1  2  1  1  1  2  1  1  2  1  2  2  2  2  2  2  2  2
 15 Sweet Rocky             51  17  7 17   1  0  0  1  0  1  1  0  1  1  0  1  1  1  1  1  1  0  1  0  1  2  1  2  1  2  1  1  2  2  2  2  2  2  2  2  2  2  2  2  2  2
 16 Piedra                  50  17  8 16   0  1  1  1  1  1  0  1  0  1  0  1  1  0  1  1  1  0  0  0  1  2  1  2  1  2  1  1  2  2  2  2  2  2  2  2  2  2  2  2  2  2
 17 Granite                 49  19 11 11   0  0  0  0  0  0  0  0  1  1  0  0  1  1  1  1  1  1  0  2  1  1  1  2  2  2  1  2  2  2  2  2  2  2  2  2  2  2  2  2  2  2
 18 Marble                  49  19 11 11   0  0  0  0  0  0  0  1  0  0  0  1  0  1  2  2  1  1  1  1  1  2  1  2  1  2  1  1  2  2  2  2  2  2  2  2  2  2  2  2  2  2
 19 * De Bruijn             46   6  1 34   1  1  1  1  2  1  1  1  1  1  1  2  1  1  1  2  2  1  1  1  2  1  1  1  1  1  1  1  1  1  1  1  1  1  1  1  2  1  1  0  1  1
 20 ZQ Bot                  46  19 14  8   0  0  0  0  0  0  0  0  0  1  0  0  0  0  2  2  0  1  1  1  1  1  1  1  1  2  2  2  2  2  2  2  2  2  2  2  2  2  2  2  2  2
 21 Mixed Strategy          46  14  9 18   1  1  0  0  0  0  0  0  0  0  1  1  1  1  1  1  1  1  0  1  1  1  1  2  1  1  1  1  2  2  2  2  1  2  2  2  2  2  2  2  2  2
 22 * Anti-rotn             45  15 11 15   0  0  1  1  0  0  0  1  1  0  0  1  1  1  0  0  1  0  1  1  1  1  0  2  1  2  1  1  2  2  1  2  2  2  2  2  2  2  2  2  2  2
 23 * Pi                    41   1  1 39   1  1  1  1  1  1  1  1  1  1  1  1  1  1  1  1  1  1  1  1  1  2  1  1  1  1  1  1  1  1  1  1  1  0  1  1  1  1  1  1  1  1
 24 Inocencio               40  16 17  8   0  0  0  0  0  0  1  0  0  0  0  0  1  1  0  0  0  0  1  1  0  0  1  1  2  2  1  2  2  2  1  2  2  2  2  2  2  2  2  2  2  2
 25 * Foxtrot               38   4  7 30   0  0  0  0  1  0  1  1  1  1  2  1  1  1  1  1  0  1  1  1  1  1  1  0  1  1  1  1  1  2  1  1  1  1  1  1  1  1  2  1  1  2
 26 Multi-strategy          33  13 21  7   0  0  0  0  0  0  0  0  0  0  0  0  0  0  0  0  0  0  1  0  1  0  1  0  1  1  1  2  2  1  1  2  2  2  2  2  2  2  2  2  2  2
 27 * Add-drift             31   0 10 31   0  1  0  0  0  0  0  0  0  1  1  0  1  1  1  1  1  1  1  0  1  1  1  1  1  1  1  1  1  1  1  1  1  1  1  1  1  1  1  1  1  1
 28 * Copy-drift            31   0 10 31   0  0  0  0  0  1  1  1  1  1  1  0  1  1  1  1  0  1  1  0  1  1  1  0  1  0  1  1  1  1  1  1  1  1  1  1  1  1  1  1  1  1
 29 Peterbot                31  11 21  9   0  0  0  0  0  0  0  0  0  0  0  0  1  1  0  0  0  0  1  0  0  0  1  0  1  0  1  1  1  1  2  2  2  1  2  2  2  2  2  2  2  2
 30 Knucklehead             25   7 23 11   0  0  0  0  0  0  0  0  0  0  0  0  0  0  0  0  0  0  1  0  0  0  1  0  0  1  1  1  1  1  1  2  1  1  1  1  2  2  2  2  2  2
 31 * Add-react             24   0 17 24   0  0  0  0  0  0  0  0  0  1  1  0  1  1  0  0  0  0  1  0  0  1  1  1  1  1  1  1  0  1  1  1  1  1  1  1  1  1  1  1  1  1
 32 Beat The Last Move      22   6 25 10   0  0  0  0  0  0  0  0  0  0  1  0  1  1  0  0  0  0  1  0  0  0  1  0  1  0  1  1  0  0  1  1  0  2  0  0  2  1  2  2  2  2
 33 * Flat                  21   2 22 17   0  0  0  0  0  0  1  0  0  1  0  0  0  0  0  0  0  0  1  0  1  0  1  0  1  0  1  1  0  1  1  2  1  1  1  1  2  1  1  0  1  1
 34 * Text                  20   3 24 14   0  0  0  0  0  0  0  0  0  0  0  0  1  1  0  0  0  0  1  0  0  0  2  0  1  0  1  1  1  1  1  0  1  1  1  1  0  1  0  2  2  1
 35 * Switch A Lot          19   1 23 17   0  1  0  0  0  0  0  0  0  0  0  0  0  0  0  0  0  0  1  0  0  0  1  0  1  0  1  1  0  1  1  2  1  1  1  1  1  1  1  1  1  1
 36 Always Switchin'        18   1 24 16   0  0  0  0  0  0  0  0  0  0  0  0  0  0  0  0  0  0  1  0  0  0  1  0  1  0  1  1  0  1  1  2  1  1  1  1  1  1  1  1  1  1
 37 Beat Frequent Pick      18   5 28  8   0  0  0  0  0  0  0  0  0  0  0  0  0  0  0  0  0  0  0  0  0  0  1  0  1  0  1  1  0  0  1  0  0  2  1  1  1  1  2  2  2  2
 38 Rotate R-P-S            15   0 26 15   0  0  0  0  0  0  0  0  0  0  0  0  0  0  0  0  0  0  1  0  0  0  1  0  1  0  1  1  0  0  1  1  1  1  1  1  1  1  1  0  1  1
 39 Good Ole Rock           15   3 29  9   0  0  0  0  0  0  0  0  0  0  0  0  0  0  0  0  0  0  1  0  0  0  1  0  0  0  1  1  0  0  1  0  1  2  1  1  0  1  1  2  0  2
 40 * Anti-Flat             14   3 30  8   0  0  0  0  0  0  0  0  0  0  0  0  0  0  0  0  0  0  2  0  0  0  1  0  1  0  1  1  0  0  1  0  2  0  1  1  0  2  0  1  0  1
 41 Yomi AI                 14   2 29 10   0  0  0  0  0  0  0  0  0  0  0  0  0  0  0  0  0  0  1  0  0  0  1  0  1  0  1  1  0  0  1  0  1  0  1  1  0  1  2  2  1  0
 42 R-P-S 20-20-60          13   1 29 11   0  0  0  0  0  0  0  0  0  0  0  0  0  0  0  0  0  0  1  0  0  0  1  0  0  0  1  1  0  0  1  0  1  1  1  1  0  1  0  1  2  1


   Yomi AI is match ranked 41

 Tournament results:
    Player Name          total 
  1 Yomi AI             -21464 
  3 R-P-S 20-20-60       -8782 
  5 Beat The Last Move  -18239 
  6 Always Switchin'     -7080 
  7 Beat Frequent Pick  -12430 
  8 * Pi                   206 
  9 * Switch A Lot       -3454 
 10 * Flat               -2893 
 12 * Foxtrot            -1797 
 13 * De Bruijn            758 
 14 * Text               -2942 
 15 * Anti-rotn           6778 
 16 * Copy-drift         -1471 
 17 * Add-react          -3023 
 18 * Add-drift          -1324 
 19 Iocaine Powder       11710 
 20 Phasenbott           11156 
 21 MegaHAL              10345 
 22 RussRocker4           8514 
 23 Biopic                9092 
 24 Simple Modeller      10406 
 25 Simple Predictor      7656 
 26 Robertot              8563 
 27 Boom                  8989 
 28 Shofar                7012 
 29 ACT-R Lag2            6917 
 30 Majikthise            5648 
 31 Vroomfondel           5656 
 32 Granite               7543 
 33 Marble                7650 
 34 ZQ Bot                5937 
 35 Sweet Rocky           8428 
 36 Piedra                7651 
 37 Mixed Strategy        6342 
 38 Multi-strategy        3525 
 39 Inocencio              -57 
 40 Peterbot             -6951 
 41 Bugbrain              6796 
 42 Knucklehead          -2229 

   Yomi is tournament ranked 39

