 Playing 1 tournaments with 1000 trials per match...

 Yomi AI            vs Good Ole Rock       Match:  984 (988+   4-   8=)
 Yomi AI            vs R-P-S 20-20-60      Match:  368 (579+ 211- 210=)
 Yomi AI            vs Rotate R-P-S        Match:  964 (973+   9-  18=)
 Yomi AI            vs Beat The Last Move  Match:  143 (405+ 262- 333=)
 Yomi AI            vs Always Switchin'    Match:  228 (477+ 249- 274=)
 Yomi AI            vs Beat Frequent Pick  Match:  719 (841+ 122-  37=)
 Yomi AI            vs * Pi                Match:  -14 (329+ 343- 328=)
 Yomi AI            vs * Switch A Lot      Match:  129 (422+ 293- 285=)
 Yomi AI            vs * Flat              Match:  167 (408+ 241- 351=)
 Yomi AI            vs * Anti-Flat         Match:  956 (965+   9-  26=)
 Yomi AI            vs * Foxtrot           Match:  425 (604+ 179- 217=)
 Yomi AI            vs * De Bruijn         Match:  -64 (303+ 367- 330=)
 Yomi AI            vs * Text              Match:  149 (431+ 282- 287=)
 Yomi AI            vs * Anti-rotn         Match:   42 (360+ 318- 322=)
 Yomi AI            vs * Copy-drift        Match:   16 (350+ 334- 316=)
 Yomi AI            vs * Add-react         Match:   74 (380+ 306- 314=)
 Yomi AI            vs * Add-drift         Match:   48 (361+ 313- 326=)
 Yomi AI            vs Iocaine Powder      Match: -125 (297+ 422- 281=)
 Yomi AI            vs Phasenbott          Match: -158 (300+ 458- 242=)
 Yomi AI            vs MegaHAL             Match:    8 (367+ 359- 274=)
 Yomi AI            vs RussRocker4         Match:  -55 (349+ 404- 247=)
 Yomi AI            vs Biopic              Match:  -28 (360+ 388- 252=)
 Yomi AI            vs Simple Modeller     Match:  -57 (317+ 374- 309=)
 Yomi AI            vs Simple Predictor    Match:   27 (369+ 342- 289=)
 Yomi AI            vs Robertot            Match:   28 (399+ 371- 230=)
 Yomi AI            vs Boom                Match:   22 (364+ 342- 294=)
 Yomi AI            vs Shofar              Match:   41 (344+ 303- 353=)
 Yomi AI            vs ACT-R Lag2          Match:  -45 (332+ 377- 291=)
 Yomi AI            vs Majikthise          Match:  -25 (357+ 382- 261=)
 Yomi AI            vs Vroomfondel         Match:   11 (348+ 337- 315=)
 Yomi AI            vs Granite             Match:  105 (458+ 353- 189=)
 Yomi AI            vs Marble              Match:   89 (454+ 365- 181=)
 Yomi AI            vs ZQ Bot              Match:  151 (475+ 324- 201=)
 Yomi AI            vs Sweet Rocky         Match:   44 (389+ 345- 266=)
 Yomi AI            vs Piedra              Match:   30 (374+ 344- 282=)
 Yomi AI            vs Mixed Strategy      Match:   65 (404+ 339- 257=)
 Yomi AI            vs Multi-strategy      Match:  245 (498+ 253- 249=)
 Yomi AI            vs Inocencio           Match:  272 (558+ 286- 156=)
 Yomi AI            vs Peterbot            Match:   94 (405+ 311- 284=)
 Yomi AI            vs Bugbrain            Match:   25 (358+ 333- 309=)
 Yomi AI            vs Knucklehead         Match:  581 (714+ 133- 153=)
 Final results (draw value = 50):

 Tournament results: 

    Player Name          total     1    2    3    4    5    6    7    8    9   10   11   12   13   14   15   16   17   18   19   20   21   22   23   24   25   26   27   28   29   30   31   32   33   34   35   36   37   38   39   40   41   42
  1 Iocaine Powder       11158     0    3   68   70   45    0  162  101  520  125  214   27  283   56  228   66   -7   11   83   30   11   22  233   28  -18  483  124  184  321  103  269   98  113  572  899  351  413  910  984  989  992  992
  2 Phasenbott           10635    -3    0   69   20   55   19  158   33  535  158  233    0  244   96  222   37   59   40   61   -1   85   91  317   26    1  305  143   20  389  101  316  100  102  388  941  264  124  925  980  993  996  993
  3 MegaHAL               9474   -68  -69    0   11    3   28   80   71  100   -8  236  -38  232   -1  244   65   14   19   51  -46   22   28  121    1  -38  189  196  103   86   96  235  133  303  436  903  423  415  932  987  986  999  994
  4 Biopic                8597   -70  -20  -11    0  -37    7   50   47  -31   28  151   -7   87   52  131   75    7   -1   54   16   -6   99  300  -33  -20  164   45  121  412  163   98  155  155  489  795  309  326  516  994  997 1000  990
  5 Simple Modeller       8112   -45  -55   -3   37    0  -32  276  -21   -6   57  120  -38  311  -59  101   25   56  108   37   -1  -32  104  162  -39  -17   93  251  257   -3   43  117   99  200  240  321  471  402  590  995  994  997  999
  6 Boom                  7740     0  -19  -28   -7   32    0   28   34   19  -22   74  -38   31  -25   39   29   29  -42   45  -24   -5  -16  269   20  -31   58   71   42  -31   61   64  130  173  453  804  474  324  753  991  990  997  994
  7 Simple Predictor      7699  -162 -158  -80  -50 -276  -28    0  -71  -99  -27   52  -37  151  -11   36   41   54   57   24    0  -52   73  179  -79  -14  666  271  257   -4    8   95  149  234  242  919  416  364  592  986  990  993  998
  8 Robertot              7686  -101  -33  -71  -47   21  -34   71    0  -24  -28   34  -30   63   57   76   35   62   12   53   -9  -16   38  296  -25    5   46   21   76   22   59   72  152   89  428  690  461  419  806  959  989  998  994
  9 RussRocker4           7592  -520 -535 -100   31    6  -19   99   24    0   55  138  -15  161   -7  133   43   12   -9   55    2  -42   14  240   11  -19  131  161  197  160   58  309   78  138  495  918  258  353  593  994  993  998 1000
 10 Yomi AI               6679  -125 -158    8  -28  -57   22   27   28  -55    0  105   41  151  -45   89   44   30   25   42   11  -25   65  245  -64  -14  272   48   16  425  167   74  149  129  581   94  228  368  719  143  964  984  956
 11 Granite               6424  -214 -233 -236 -151 -120  -74  -52  -34 -138 -105    0  -86   44  -94   20   12   20  -72   48  -38  -42   43  270  -36  -41  648    2   37   54  126  129  179  194  293  868  210  421  594  994  995  998  991
 12 Shofar                6394   -27    0   38    7   38   38   37   30   15  -41   86    0   32    7   89   37   15  -21   40  -17   14   78  110   11   -3   43    5  109   -4  114    9   91  114  196  112  423  284  554  901  909  964  957
 13 ZQ Bot                6373  -283 -244 -232  -87 -311  -31 -151  -63 -161 -151  -44  -32    0  -45   39   42   25 -184   79 -102  -32  -17  217  -30   -8  795   90  105   56  169  342  151  164  245  927  163  407  592  992  992  996  993
 14 ACT-R Lag2            6317   -56  -96    1  -52   59   25   11  -57    7   45   94   -7   45    0   98    5   43   22   46    1   17   38  283  -71  -54  800    9  -30  -50  146   76   53  131  507   45  263  332  575   23  996  997  997
 15 Marble                6296  -228 -222 -244 -131 -101  -39  -36  -76 -133  -89  -20  -89  -39  -98    0   49   21  -80   49   -2  -35   26  271  -78    1  651   -6   19   74  107  117  177  119  287  868  260  370  594  992  995  999  996
 16 Sweet Rocky           6258   -66  -37  -65  -75  -25  -29  -41  -35  -43  -44  -12  -37  -42   -5  -49    0   18  -72   74  -47  -32  -10  159  -38    3  -30   17   79   19  156  174  180  109  185  806  170  371  593  997  987  997  998
 17 Piedra                5788     7  -59  -14   -7  -56  -29  -54  -62  -12  -30  -20  -15  -25  -43  -21  -18    0  -64   48    4  -53  -25   36    7  -49   -5   94   -1   19  130  229  151  186  195  153  196  429  592  990  996  995  993
 18 Bugbrain              5693   -11  -40  -19    1 -108   42  -57  -12    9  -25   72   21  184  -22   80   72   64    0   22  -24    3   39  100   -9  -47   29  127   48  -24   12   91   26  119  108  111  197  222  376  977  979  985  975
 19 * Anti-rotn           5075   -83  -61  -51  -54  -37  -45  -24  -53  -55  -42  -48  -40  -79  -46  -49  -74  -48  -22    0  -18   -4  -20   36  -36  -46  629   69  -29   -5  219  -13   56  334   53   21  498  155  597  495  998  997 1000
 20 Vroomfondel           4937   -30    1   46  -16    1   24    0    9   -2  -11   38   17  102   -1    2   47   -4   24   18    0  -15   61  162  -18   13   33   27   52   62  104   -3   49  115  167   -3  289  131  457   10  993  993  993
 21 Majikthise            4652   -11  -85  -22    6   32    5   52   16   42   25   42  -14   32  -17   35   32   53   -3    4   15    0   -6  181  -21  -46   75    0   39  -14   98  -18   20  107  254  -25  233   98  473   -6  994  996  981
 22 Mixed Strategy        4568   -22  -91  -28  -99 -104   16  -73  -38  -14  -65  -43  -78   17  -38  -26   10   25  -39   20  -61    6    0   18  -90  -18  -21   22  -20    9  -91   78  182   57  187  132   38  369  532  981  939  995  994
 23 Multi-strategy        2235  -233 -317 -121 -300 -162 -269 -179 -296 -240 -245 -270 -110 -217 -283 -271 -159  -36 -100  -36 -162 -181  -18    0  -50  -20  -83  -25  259   14  178  -26  123  271   12  -60  462  394  999  997  997  999  999
 24 * De Bruijn            705   -28  -26   -1   33   39  -20   79   25  -11   64   36  -11   30   71   78   38   -7    9   36   18   21   90   50    0   -1   43    7   13   -9   14  -29   23  -21    8    7  -12   13  128   -1   21    0 -112
 25 * Pi                   377    18   -1   38   20   17   31   14   -5   19   14   41    3    8   54   -1   -3   49   47   46  -13   46   18   20    1    0   17   26  -15    1  -21   20  -81   -1  -41    8   -7  -29   30   22  -11  -11  -11
 26 Inocencio            -1631  -483 -305 -189 -164  -93  -58 -666  -46 -131 -272 -648  -43 -795 -800 -651   30    5  -29 -629  -33  -75   21   83  -43  -17    0  -14   67  302  120  129  151   73  177   99  244  444  354 -686  982  984  974
 27 * Add-drift          -1770  -124 -143 -196  -45 -251  -71 -271  -21 -161  -48   -2   -5  -90   -9    6  -17  -94 -127  -69  -27    0  -22   25   -7  -26   14    0   34   24  -24   -8  -45  -20  -20   19   30  -33  -17   43  -14  -15   57
 28 * Copy-drift         -2072  -184  -20 -103 -121 -257  -42 -257  -76 -197  -16  -37 -109 -105   30  -19  -79    1  -48   29  -52  -39   20 -259  -13   15  -67  -34    0    6   -6    5  -25   12  -98   -5   23   45  -21  -25  -10   50   16
 29 * Foxtrot            -2197  -321 -389  -86 -412    3   31    4  -22 -160 -425  -54    4  -56   50  -74  -19  -19   24    5  -62   14   -9  -14    9   -1 -302  -24   -6    0   18  -14   32   56   46  -31  -42  -14  -58   25   56   44   -4
 30 * Flat               -2630  -103 -101  -96 -163  -43  -61   -8  -59  -58 -167 -126 -114 -169 -146 -107 -156 -130  -12 -219 -104  -98   91 -178  -14   21 -120   24    6  -18    0  -15   17    9    8 -177   38  -20  224  197  -46    1 -438
 31 * Add-react          -2946  -269 -316 -235  -98 -117  -64  -95  -72 -309  -74 -129   -9 -342  -76 -117 -174 -229  -91   13    3   18  -78   26   29  -20 -129    8   -5   14   15    0   -7   13  -16  -38    5   -3    2   53   -5  -19   -9
 32 * Text               -3135   -98 -100 -133 -155  -99 -130 -149 -152  -78 -149 -179  -91 -151  -53 -177 -180 -151  -26  -56  -49  -20 -182 -123  -23   81 -151   45   25  -32  -17    7    0   -1  -39    6   -4   -7 -185  -74  -11 -185  111
 33 * Switch A Lot       -3635  -113 -102 -303 -155 -200 -173 -234  -89 -138 -129 -194 -114 -164 -131 -119 -109 -186 -119 -334 -115 -107  -57 -271   21    1  -73   20  -12  -56   -9  -13    1    0  -41 -116  -23   -8    8  323    6  -12    4
 34 Knucklehead          -3761  -572 -388 -436 -489 -240 -453 -242 -428 -495 -581 -293 -196 -245 -507 -287 -185 -195 -108  -53 -167 -254 -187  -12   -8   41 -177   20   98  -46   -8   16   39   41    0  -15   28   76  165  967   47  969  999
 35 Peterbot             -5896  -899 -941 -903 -795 -321 -804 -919 -690 -918  -94 -868 -112 -927  -45 -868 -806 -153 -111  -21    3   25 -132   60   -7   -8  -99  -19    5   31  177   38   -6  116   15    0  245  455  447  963  999  998  993
 36 Always Switchin'     -7039  -351 -264 -423 -309 -471 -474 -416 -461 -258 -228 -210 -423 -163 -263 -260 -170 -196 -197 -498 -289 -233  -38 -462   12    7 -244  -30  -23   42  -38   -5    4   23  -28 -245    0   51   12  506    9    9  -44
 37 R-P-S 20-20-60       -9194  -413 -124 -415 -326 -402 -324 -364 -419 -353 -368 -421 -284 -407 -332 -370 -371 -429 -222 -155 -131  -98 -369 -394  -13   29 -444   33  -45   14   20    3    7    8  -76 -455  -51    0 -367 -155  -15 -350  154
 38 Beat Frequent Pick  -14191  -910 -925 -932 -516 -590 -753 -592 -806 -593 -719 -594 -554 -592 -575 -594 -593 -592 -376 -597 -457 -473 -532 -999 -128  -30 -354   17   21   58 -224   -2  185   -8 -165 -447  -12  367    0 -600    0  999  996
 39 Beat The Last Move  -17917  -984 -980 -987 -994 -995 -991 -986 -959 -994 -143 -994 -901 -992  -23 -992 -997 -990 -977 -495  -10    6 -981 -997    1  -22  686  -43   25  -25 -197  -53   74 -323 -967 -963 -506  155  600    0    1 1000  996
 40 Rotate R-P-S        -25347  -989 -993 -986 -997 -994 -990 -990 -989 -993 -964 -995 -909 -992 -996 -995 -987 -996 -979 -998 -993 -994 -939 -997  -21   11 -982   14   10  -56   46    5   11   -6  -47 -999   -9   15    0   -1    0    0 -683
 41 Good Ole Rock       -26327  -992 -996 -999 -1000 -997 -997 -993 -998 -998 -984 -998 -964 -996 -997 -999 -997 -995 -985 -997 -993 -996 -995 -999    0   11 -984   15  -50  -44   -1   19  185   12 -969 -998   -9  350 -999 -1000    0    0 1000
 42 * Anti-Flat         -27776  -992 -993 -994 -990 -999 -994 -998 -994 -1000 -956 -991 -957 -993 -997 -996 -998 -993 -975 -1000 -993 -981 -994 -999  112   11 -974  -57  -16    4  438    9 -111   -4 -999 -993   44 -154 -996 -996  683 -1000    0

 Match results (draw <= 50): 

    Player Name           total  W  L  D   1  2  3  4  5  6  7  8  9 10 11 12 13 14 15 16 17 18 19 20 21 22 23 24 25 26 27 28 29 30 31 32 33 34 35 36 37 38 39 40 41 42
  1 Iocaine Powder          71  30  0 11   1  1  2  2  1  2  2  1  1  1  2  1  2  1  2  2  2  1  1  2  2  2  1  1  2  2  2  2  2  2  2  2  2  2  2  2  2  2  2  2  2  2
  2 Phasenbott              71  30  0 11   1  1  2  1  2  2  1  1  1  1  2  1  2  2  1  2  2  2  1  2  2  2  2  1  2  2  2  2  2  1  2  2  2  2  2  2  2  2  2  2  2  2
  3 MegaHAL                 65  26  2 13   0  0  1  1  1  2  2  1  1  1  1  1  2  1  2  1  2  1  1  2  2  2  1  1  2  2  2  2  2  2  2  2  2  2  2  2  2  2  2  2  2  2
  4 Biopic                  64  24  1 16   0  1  1  1  1  1  1  1  1  1  1  1  1  1  2  2  2  1  1  2  2  2  2  1  2  2  2  1  2  2  2  2  2  2  2  2  2  2  2  2  2  2
  5 Simple Modeller         63  24  2 15   1  0  1  1  1  1  1  1  1  2  2  1  2  1  1  0  2  2  1  1  2  2  2  1  2  2  1  2  2  2  2  2  1  2  2  2  2  2  2  2  2  2
  6 RussRocker4             62  24  3 14   0  0  0  1  1  1  1  1  1  1  2  1  2  1  1  1  2  1  1  2  2  2  1  1  2  2  2  2  2  2  2  2  2  2  2  2  2  2  2  2  2  2
  7 Robertot                60  21  2 18   0  1  0  1  1  1  1  1  1  1  1  1  2  1  1  2  2  2  1  2  1  2  1  1  1  2  1  1  2  2  2  2  2  2  2  2  2  2  2  2  2  2
  8 Boom                    58  17  0 24   1  1  1  1  1  1  1  1  1  1  1  1  1  1  1  1  1  1  1  1  2  1  1  1  2  2  1  2  2  1  2  2  2  2  2  2  2  2  2  2  2  2
  9 Shofar                  58  17  0 24   1  1  1  1  1  1  1  1  1  1  1  1  1  1  1  1  1  1  1  1  2  2  2  1  1  2  1  1  2  2  2  1  2  2  2  2  2  2  2  2  2  2
 10 Bugbrain                57  18  2 21   1  1  1  1  0  1  1  1  1  1  1  1  0  1  2  1  2  2  1  1  2  2  1  1  1  2  1  2  2  1  2  2  1  2  1  2  2  2  2  2  2  2
 11 Yomi AI                 56  20  5 16   0  0  1  1  0  0  1  1  1  1  1  1  1  1  1  1  2  1  0  1  2  2  2  1  2  2  2  1  2  1  2  2  2  2  2  2  2  2  2  2  2  2
 12 Vroomfondel             55  14  0 27   1  1  1  1  1  1  1  1  1  1  1  1  1  1  1  1  2  1  1  1  1  1  2  1  1  1  2  1  2  2  2  1  2  1  1  2  2  2  2  2  2  2
 13 Simple Predictor        54  21  8 12   0  0  0  1  0  0  0  1  1  2  1  1  1  0  1  1  2  2  0  1  2  1  2  1  2  2  1  2  2  2  2  2  1  2  2  2  2  2  2  2  2  2
 14 Majikthise              53  13  1 27   1  0  1  1  1  1  1  1  1  1  1  1  2  1  1  1  1  2  1  1  1  1  1  1  2  1  1  1  2  1  2  1  2  1  1  2  2  2  2  2  2  2
 15 Sweet Rocky             53  16  4 21   0  1  0  0  1  1  1  1  1  0  1  1  1  1  1  1  1  1  1  2  1  1  1  1  1  2  1  1  2  2  2  2  2  2  2  2  2  2  2  2  2  2
 16 ACT-R Lag2              51  16  6 19   0  0  1  0  2  1  0  1  1  1  1  1  1  1  1  1  1  1  0  1  2  2  1  0  2  1  1  1  2  1  2  2  2  1  2  2  2  2  2  2  2  2
 17 ZQ Bot                  49  19 11 11   0  0  0  0  0  0  0  1  1  0  0  0  0  1  1  1  1  1  1  2  1  1  1  1  2  2  2  2  2  2  2  2  2  2  2  2  2  2  2  2  2  2
 18 Piedra                  49  14  6 21   1  0  1  1  0  1  0  1  1  0  1  1  0  0  1  1  1  1  1  1  1  1  1  1  1  2  1  2  1  1  2  2  2  2  2  2  2  2  2  2  2  2
 19 * De Bruijn             46   6  1 34   1  1  1  1  1  1  1  1  1  1  2  1  2  1  1  2  1  1  1  1  1  2  2  1  1  1  1  1  1  1  1  1  1  1  1  1  2  1  1  1  0  1
 20 * Anti-rotn             46  13  8 20   0  0  0  0  1  0  0  1  1  1  1  1  1  1  0  1  0  1  1  1  1  1  1  1  2  1  1  2  1  1  2  1  2  2  2  2  2  2  2  2  2  2
 21 Granite                 45  16 12 13   0  0  0  0  0  0  1  0  0  0  0  1  0  1  1  0  1  1  1  1  1  1  1  1  2  2  2  1  2  1  2  2  2  2  2  2  2  2  2  2  2  2
 22 Marble                  45  16 12 13   0  0  0  0  0  0  0  1  0  0  0  1  1  1  1  0  1  1  0  1  1  1  1  1  2  2  2  1  2  1  2  2  2  2  2  2  2  2  2  2  2  2
 23 Mixed Strategy          43  11  9 21   1  0  1  0  0  1  1  1  0  1  0  0  0  1  1  1  1  1  0  1  1  1  1  1  1  2  1  1  1  1  2  2  0  2  2  1  2  2  2  2  2  2
 24 * Pi                    41   1  1 39   1  1  1  1  1  1  1  1  1  1  1  1  1  1  1  2  1  1  1  1  1  1  1  1  1  1  1  1  1  1  1  1  1  1  0  1  1  1  1  1  1  1
 25 Inocencio               40  15 16 10   0  0  0  0  0  0  1  0  1  1  0  1  0  0  1  0  0  1  1  0  0  0  1  1  1  2  2  1  2  2  2  2  2  0  2  2  2  2  2  2  2  2
 26 Peterbot                32  10 19 12   0  0  0  0  0  0  0  0  0  0  0  1  0  1  0  1  0  0  1  1  0  0  0  1  0  1  1  1  2  1  1  1  2  2  1  2  2  2  2  2  2  2
 27 * Foxtrot               31   2 12 27   0  0  0  0  1  0  1  1  1  1  0  0  1  1  1  1  0  1  1  1  0  0  1  1  0  1  1  1  1  1  1  1  1  1  1  1  0  1  2  2  1  1
 28 * Add-drift             31   1 11 29   0  0  0  1  0  0  1  0  1  0  1  1  0  1  1  1  0  0  1  0  1  1  1  1  1  1  1  1  1  1  1  1  1  1  1  1  1  1  1  1  2  1
 29 Multi-strategy          31  11 21  9   0  0  0  0  0  0  0  0  0  0  0  0  0  0  0  0  0  1  1  1  0  0  1  1  0  0  1  1  1  2  1  1  2  2  2  2  2  2  2  2  2  2
 30 * Copy-drift            27   0 14 27   0  1  0  0  0  0  0  1  0  1  1  0  0  1  0  1  0  1  1  1  1  1  1  1  0  1  1  1  0  1  0  1  1  1  1  1  1  1  1  1  1  1
 31 Knucklehead             24   6 23 12   0  0  0  0  0  0  0  0  0  0  0  0  0  0  0  0  0  0  1  0  0  0  0  1  0  1  1  1  1  2  1  1  1  2  1  1  2  2  1  1  2  2
 32 * Add-react             23   1 19 21   0  0  0  0  0  0  0  0  1  0  0  1  0  1  0  0  0  0  1  1  0  0  0  1  0  1  1  1  1  1  1  1  1  2  1  1  1  1  1  1  1  1
 33 * Flat                  22   3 22 16   0  0  0  0  1  0  0  0  0  1  0  0  1  0  0  0  0  0  1  0  0  0  2  1  0  0  1  1  0  1  1  1  1  2  1  1  2  1  1  1  0  1
 34 Beat The Last Move      21   6 26  9   0  0  0  0  0  0  0  0  0  0  0  1  0  1  0  1  0  0  1  0  0  0  0  1  2  0  1  1  0  1  0  0  0  1  2  0  2  2  0  1  2  2
 35 * Text                  19   2 24 15   0  0  0  0  0  0  0  0  0  1  0  1  0  1  0  0  0  0  1  0  0  0  0  2  0  1  1  1  0  1  1  1  1  0  1  1  0  0  1  1  2  1
 36 Always Switchin'        19   2 24 15   0  0  0  0  0  0  0  0  0  0  0  0  0  0  0  0  0  0  1  0  0  0  1  1  0  0  1  1  0  1  1  1  1  2  1  1  1  1  1  1  1  2
 37 Beat Frequent Pick      17   5 29  7   0  0  0  0  0  0  0  0  0  0  0  0  0  0  0  0  0  0  0  0  0  0  0  1  0  0  2  1  0  1  0  1  0  0  2  1  1  2  1  1  2  2
 38 Good Ole Rock           16   3 28 10   0  0  0  0  0  0  0  0  0  0  0  0  0  0  0  0  0  0  1  0  0  0  0  1  0  0  1  1  0  1  0  1  1  0  2  1  0  1  1  1  2  2
 39 * Switch A Lot          16   1 26 14   0  0  0  0  0  0  0  0  0  0  0  0  0  0  0  0  0  0  1  0  0  0  0  1  0  0  0  1  0  1  1  1  1  2  1  1  1  1  1  1  1  1
 40 Rotate R-P-S            14   0 27 14   0  0  0  0  0  0  0  0  0  0  0  0  0  0  0  0  0  0  1  0  0  0  0  1  0  0  0  1  0  1  1  1  1  1  1  1  1  1  1  1  0  1
 41 * Anti-Flat             12   3 32  6   0  0  0  0  0  0  0  0  0  0  0  0  0  0  0  0  0  0  2  0  0  0  0  1  0  0  1  0  0  1  0  1  2  0  0  1  0  0  1  2  1  0
 42 R-P-S 20-20-60          12   1 30 10   0  0  0  0  0  0  0  0  0  0  0  0  0  0  0  0  0  0  1  0  0  0  0  1  0  0  1  1  0  1  0  1  1  0  1  0  0  0  1  1  2  1


   Yomi AI is match ranked 11

 Tournament results:
    Player Name          total 
  1 Yomi AI               6679 
 19 Iocaine Powder       11158 
 20 Phasenbott           10635 
 21 MegaHAL               9474 
 22 RussRocker4           7592 
 23 Biopic                8597 
 24 Simple Modeller       8112 
 25 Simple Predictor      7699 
 26 Robertot              7686 
 27 Boom                  7740 

   Yomi is tournament ranked 10

