 Playing 1 tournaments with 1000 trials per match...

 Yomi AI            vs Good Ole Rock       Match:  998 (999+   1-   0=)
 Yomi AI            vs R-P-S 20-20-60      Match: -361 (215+ 576- 209=)
 Yomi AI            vs Rotate R-P-S        Match:   -2 (333+ 335- 332=)
 Yomi AI            vs Beat The Last Move  Match: -830 ( 60+ 890-  50=)
 Yomi AI            vs Always Switchin'    Match:   12 (341+ 329- 330=)
 Yomi AI            vs Beat Frequent Pick  Match: -788 ( 86+ 874-  40=)
 Yomi AI            vs * Pi                Match:   -3 (333+ 336- 331=)
 Yomi AI            vs * Switch A Lot      Match:    0 (336+ 336- 328=)
 Yomi AI            vs * Flat              Match:   -2 (332+ 334- 334=)
 Yomi AI            vs * Anti-Flat         Match:  996 (997+   1-   2=)
 Yomi AI            vs * Foxtrot           Match:   37 (355+ 318- 327=)
 Yomi AI            vs * De Bruijn         Match:   -5 (333+ 338- 329=)
 Yomi AI            vs * Text              Match: -135 (297+ 432- 271=)
 Yomi AI            vs * Anti-rotn         Match: -841 ( 55+ 896-  49=)
 Yomi AI            vs * Copy-drift        Match:   50 (364+ 314- 322=)
 Yomi AI            vs * Add-react         Match:   -9 (327+ 336- 337=)
 Yomi AI            vs * Add-drift         Match:  -21 (338+ 359- 303=)
 Yomi AI            vs Iocaine Powder      Match: -845 ( 51+ 896-  53=)
 Yomi AI            vs Phasenbott          Match: -788 ( 66+ 854-  80=)
 Yomi AI            vs MegaHAL             Match: -827 ( 57+ 884-  59=)
 Yomi AI            vs RussRocker4         Match: -794 ( 75+ 869-  56=)
 Yomi AI            vs Biopic              Match: -829 ( 67+ 896-  37=)
 Yomi AI            vs Simple Modeller     Match: -843 ( 57+ 900-  43=)
 Yomi AI            vs Simple Predictor    Match: -785 ( 91+ 876-  33=)
 Yomi AI            vs Robertot            Match: -848 ( 56+ 904-  40=)
 Yomi AI            vs Boom                Match: -764 ( 97+ 861-  42=)
 Yomi AI            vs Shofar              Match: -802 ( 78+ 880-  42=)
 Yomi AI            vs ACT-R Lag2          Match: -804 ( 70+ 874-  56=)
 Yomi AI            vs Majikthise          Match: -799 ( 66+ 865-  69=)
 Yomi AI            vs Vroomfondel         Match: -838 ( 58+ 896-  46=)
 Yomi AI            vs Granite             Match: -777 ( 90+ 867-  43=)
 Yomi AI            vs Marble              Match: -839 ( 62+ 901-  37=)
 Yomi AI            vs ZQ Bot              Match: -829 ( 67+ 896-  37=)
 Yomi AI            vs Sweet Rocky         Match: -855 ( 48+ 903-  49=)
 Yomi AI            vs Piedra              Match: -870 ( 44+ 914-  42=)
 Yomi AI            vs Mixed Strategy      Match: -821 ( 71+ 892-  37=)
 Yomi AI            vs Multi-strategy      Match: -838 ( 56+ 894-  50=)
 Yomi AI            vs Inocencio           Match: -845 ( 59+ 904-  37=)
 Yomi AI            vs Peterbot            Match: -826 ( 69+ 895-  36=)
 Yomi AI            vs Bugbrain            Match: -731 ( 98+ 829-  73=)
 Yomi AI            vs Knucklehead         Match: -508 (163+ 671- 166=)
 Final results (draw value = 50):

 Tournament results: 

    Player Name          total     1    2    3    4    5    6    7    8    9   10   11   12   13   14   15   16   17   18   19   20   21   22   23   24   25   26   27   28   29   30   31   32   33   34   35   36   37   38   39   40   41   42
  1 Iocaine Powder       12025     0  143   10   27   58  509   29   23  152  221   58  253   57   30   39   12  321   59   49   70   65  293  617   37  -51   42  274  232  553  111  126  327   86  894  214  378  906  982  845  982  993  999
  2 Phasenbott           10944  -143    0  107   47   -6  542   65   35  139  261   47  226   39   11   59   33  256   89   19  107  -12  193  178   53    7  154  399  122  376   74   72  303   84  998  224  118  923  987  788  990  994  986
  3 MegaHAL              10273   -10 -107    0  -33   -6   58   27    3   67  259    5  289   54   -5   -2    1  269   50  -13  120  -19  144  187    1    7  203   62   34  367  137  142  283  231  888  452  379  944  993  827  991  998  996
  4 Simple Modeller       9483   -27  -47   33    0   22  -33  -19   25  313   98   45   96   43    2   -3   48  289   41    6   74  -59  218   59   -4  -76  270  -26  274  226   29  156  106  226  829  458  375  593  994  843  993  996  997
  5 Biopic                9131   -58    6    6  -22    0  -60   35   -8   65  150   44  130   37  -35   20   17   88   44  -31  -16   -7  273  162   31    1   46  370   10  481  190  155   30  157  729  309  367  594 1000  829  997  995 1000
  6 RussRocker4           8506  -509 -542  -58   33   60    0   55   31   81  128   39  155   27  -18  -50   31  150   90  -25  126   33  182  146  -45  -75  167  201  159  497  134   81  329  104  912  241  272  591  992  794  991 1000  996
  7 Robertot              8423   -29  -65  -27   19  -35  -55    0  -14   18   38   49   48   35  -15  -29    9  105   50   22   35   37  241   13    1  -13   66   20   12  458  102  180  109  109  472  458  400  823  942  848  995  996  995
  8 Boom                  8343   -23  -35   -3  -25    8  -31   14    0   10   53   34   38   59   16  -36  -28  108   62  -26   33  -16  213  185   28   15   -1   16  100  417   70   89   81  118  473  467  373  753  991  764  990  995  994
  9 Simple Predictor      7907  -152 -139  -67 -313  -65  -81  -18  -10    0   14   15    6   24   -1  -96   47  168   45    2   53  -44  179  562  -73  -21  306  -20  256  295   98  154  107  198  321  434  389  587  986  785  990  993  993
 10 Granite               7703  -221 -261 -259  -98 -150 -128  -38  -53  -14    0   33   10   74  -52  -95  -52   74   32  -40   95  -32  348  637  -79   -7    5   75   86  326  174  181  100   97  937  260  385  594  994  777  996  998  994
 11 Piedra                7553   -58  -47   -5  -45  -44  -39  -49  -34  -15  -33    0  -36  -15  -25   -1  -28  -46  -28  -67   13  -26  142  782  -22   10   63   53   40  168  217  156  364   58  122  208  376  590  996  870  993  999  996
 12 Marble                7497  -253 -226 -289  -96 -130 -155  -48  -38   -6  -10   36    0   31  -63  -96  -60   20   52  -66    3   -7  251  650 -100  -12   40   98   67  328  173  177   84  131  926  266  411  591  992  839  995  999  992
 13 Sweet Rocky           7323   -57  -39  -54  -43  -37  -27  -35  -59  -24  -74   15  -31    0   13  -44  -32  -25   42  -62   56  -50   91  419  -31  -11   45   12  -31  167  141  180  370  297  189  252  383  591  994  855  990  997  990
 14 Shofar                7032   -30  -11    5   -2   35   18   15  -16    1   52   25   63  -13    0  -12   14   48   36   22   33   27   83   72  -23   -6   10   35  106  130   11  162   52  171   82  431  259  559  899  802  936  976  975
 15 ACT-R Lag2            6873   -39  -59    2    3  -20   50   29   36   96   95    1   96   44   12    0  -15  101   10  -28   73  -21  334   36  -92  -16  -27    7    0  506  142   78   36  156   15  234  286  574  346  804  997  998  993
 16 Bugbrain              6424   -12  -33   -1  -48  -17  -31   -9   28  -47   52   28   60   32  -14   15    0  166   34   29   35  -17   86   52   -1  -17  108  -41   19   88   82   67   82   89  120  281  216  380  937  731  945  974  976
 17 ZQ Bot                6125  -321 -256 -269 -289  -88 -150 -105 -108 -168  -74   46  -20   25  -48 -101 -166    0   44  -26    2  -74  262  -51  -66  -31   27  -41   55  241  132  173  381  168  943  296  396  590  991  829  991  996  989
 18 * Anti-rotn           5989   -59  -89  -50  -41  -44  -90  -50  -62  -45  -32   28  -52  -42  -36  -10  -34  -44    0   -5  -30   -4  255  346  -36  -36  -16  -51    0  152  195   52    5  355   66  511  155  499  493  841  997  998  999
 19 Vroomfondel           5869   -49  -19   13   -6   31   25  -22   26   -2   40   67   66   62  -22   28  -29   26    5    0   15   17  256   30   -9  -30   17   47   31  181   72   47    4  165   43  294  147  461   19  838  994  995  995
 20 Mixed Strategy        5546   -70 -107 -120  -74   16 -126  -35  -33  -53  -95  -13   -3  -56  -33  -73  -35   -2   30  -15    0  -40  -30  -77 -108  -41  -12   -6   87  216   -4  174   41   91  361  154  400  548  981  821  985  994  908
 21 Majikthise            5401   -65   12   19   59    7  -33  -37   16   44   32   26    7   50  -27   21   17   74    4  -17   40    0  186   51  -28   21  -21  -12    1  162   65   15   33  131  -41  262  127  474  -35  799  997  996  969
 22 Multi-strategy        3069  -293 -193 -144 -218 -273 -182 -241 -213 -179 -348 -142 -251  -91  -83 -334  -86 -262 -255 -256   30 -186    0 -174  -50  -20  -20    4  216   29  121  123   26  303   -7  482  408  999  997  838  997  999  998
 23 Inocencio             1952  -617 -178 -187  -59 -162 -146  -13 -185 -562 -637 -782 -650 -419  -72  -36  -52   51 -346  -30   77  -51  174    0  -24  -22   43  349   93  135  158  160   70  118  148  248  378  353  847  845  982  972  981
 24 * De Bruijn            568   -37  -53   -1    4  -31   45   -1  -28   73   79   22  100   31   23   92    1   66   36    9  108   28   50   24    0   -1  -24  -40  -43    5  -19   23  -33  -17    7   43  -14  128   -1    5   21    0 -112
 25 * Pi                   399    51   -7   -7   76   -1   75   13  -15   21    7  -10   12   11    6   16   17   31   36   30   41  -21   20   22    1    0    3  -12   30   15  -33  -81    1   57   14  -16  -27   30   22    3  -11  -11  -10
 26 * Add-drift          -1614   -42 -154 -203 -270  -46 -167  -66    1 -306   -5  -63  -40  -45  -10   27 -108  -27   16  -17   12   21   20  -43   24   -3    0   20  -20   -3   17    8  -98   10    9    1   15  -39  -15   21  -43    6   -9
 27 * Foxtrot            -1844  -274 -399  -62   26 -370 -201  -20  -16   20  -75  -53  -98  -12  -35   -7   41   41   51  -47    6   12   -4 -349   40   12  -20    0  -38   10    7    0   -6  -16  -28   29   27   12   -7  -37  -19   42  -27
 28 * Copy-drift         -1848  -232 -122  -34 -274  -10 -159  -12 -100 -256  -86  -40  -67   31 -106    0  -19  -55    0  -31  -87   -1 -216  -93   43  -30   20   38    0  -35   24   10   36   -1   15   35   50  -22  -21  -50   20  -30   19
 29 Knucklehead          -1951  -553 -376 -367 -226 -481 -497 -458 -417 -295 -326 -168 -328 -167 -130 -506  -88 -241 -152 -181 -216 -162  -29 -135   -5  -15    3  -10   35    0  -21   31   88  -25  -76  -24  107  153  917  508  930  972  980
 30 * Flat               -2667  -111  -74 -137  -29 -190 -134 -102  -70  -98 -174 -217 -173 -141  -11 -142  -82 -132 -195  -72    4  -65 -121 -158   19   33  -17   -7  -24   21    0   22   73   19 -180  -16  -20  254  192    2   14   -1 -427
 31 * Text               -2963  -126  -72 -142 -156 -155  -81 -180  -89 -154 -181 -156 -177 -180 -162  -78  -67 -173  -52  -47 -174  -15 -123 -160  -23   81   -8    0  -10  -31  -22    0   16    7   33   40   63 -185  -74  135  -11 -185  111
 32 * Add-react          -3275  -327 -303 -283 -106  -30 -329 -109  -81 -107 -100 -364  -84 -370  -52  -36  -82 -381   -5   -4  -41  -33  -26  -70   33   -1   98    6  -36  -88  -73  -16    0   10  -47  -10   14  -27   32    9   67   -4   81
 33 * Switch A Lot       -3448   -86  -84 -231 -226 -157 -104 -109 -118 -198  -97  -58 -131 -297 -171 -156  -89 -168 -355 -165  -91 -131 -303 -118   17  -57  -10   16    1   25  -19   -7  -10    0 -116  -12   14   44  301    0   42    5  -39
 34 Peterbot             -4184  -894 -998 -888 -829 -729 -912 -472 -473 -321 -937 -122 -926 -189  -82  -15 -120 -943  -66  -43 -361   41    7 -148   -7  -14   -9   28  -15   76  180  -33   47  116    0  267  370  430  982  826  998  999  995
 35 Always Switchin'     -7235  -214 -224 -452 -458 -309 -241 -458 -467 -434 -260 -208 -266 -252 -431 -234 -281 -296 -511 -294 -154 -262 -482 -248  -43   16   -1  -29  -35   24   16  -40   10   12 -267    0   12   49  477  -12    9   25  -22
 36 R-P-S 20-20-60       -8564  -378 -118 -379 -375 -367 -272 -400 -373 -389 -385 -376 -411 -383 -259 -286 -216 -396 -155 -147 -400 -127 -408 -378   14   27  -15  -27  -50 -107   20  -63  -14  -14 -370  -12    0 -419 -149  361  -16 -440   88
 37 Beat Frequent Pick  -12742  -906 -923 -944 -593 -594 -591 -823 -753 -587 -594 -590 -591 -591 -559 -574 -380 -590 -499 -461 -548 -474 -999 -353 -128  -30   39  -12   22 -153 -254  185   27  -44 -430  -49  419    0 -600  788    0  999  996
 38 Beat The Last Move  -18543  -982 -987 -993 -994 -1000 -992 -942 -991 -986 -994 -996 -992 -994 -899 -346 -937 -991 -493  -19 -981   35 -997 -847    1  -22   15    7   21 -917 -192   74  -32 -301 -982 -477  149  600    0  830    1 1000 1000
 39 Yomi AI             -20209  -845 -788 -827 -843 -829 -794 -848 -764 -785 -777 -870 -839 -855 -802 -804 -731 -829 -841 -838 -821 -799 -838 -845   -5   -3  -21   37   50 -508   -2 -135   -9    0 -826   12 -361 -788 -830    0   -2  998  996
 40 Rotate R-P-S        -25407  -982 -990 -991 -993 -997 -991 -995 -990 -990 -996 -993 -995 -990 -936 -997 -945 -991 -997 -994 -985 -997 -997 -982  -21   11   43   19  -20 -930  -14   11  -67  -42 -998   -9   16    0   -1    2    0    0 -693
 41 Good Ole Rock       -26226  -993 -994 -998 -996 -995 -1000 -996 -995 -993 -998 -999 -999 -997 -976 -998 -974 -996 -998 -995 -994 -996 -999 -972    0   11   -6  -42   30 -972    1  185    4   -5 -999  -25  440 -999 -1000 -998    0    0 1000
 42 * Anti-Flat         -27638  -999 -986 -996 -997 -1000 -996 -995 -994 -993 -994 -996 -992 -990 -975 -993 -976 -989 -999 -995 -908 -969 -998 -981  112   10    9   27  -19 -980  427 -111  -81   39 -995   22  -88 -996 -1000 -996  693 -1000    0

 Match results (draw <= 50): 

    Player Name           total  W  L  D   1  2  3  4  5  6  7  8  9 10 11 12 13 14 15 16 17 18 19 20 21 22 23 24 25 26 27 28 29 30 31 32 33 34 35 36 37 38 39 40 41 42
  1 Iocaine Powder          70  30  1 10   1  2  1  2  1  1  1  2  1  1  2  1  1  2  2  2  2  2  2  1  0  2  2  2  2  2  2  1  2  2  2  2  2  2  2  2  2  2  2  2  2  2
  2 Phasenbott              70  30  1 10   0  1  2  2  1  1  1  1  1  2  1  2  1  1  2  1  2  2  2  2  1  2  2  2  2  2  2  2  2  2  2  2  2  2  2  2  2  2  2  2  2  2
  3 MegaHAL                 65  25  1 15   1  0  1  2  1  1  1  1  1  1  1  1  1  1  2  2  2  1  2  1  1  2  2  2  2  2  2  2  1  2  2  2  2  2  2  2  2  2  2  2  2  2
  4 RussRocker4             64  27  4 10   0  0  0  1  1  1  1  2  1  1  1  2  1  1  2  1  2  2  2  1  0  2  2  2  2  2  2  2  2  2  2  2  2  2  2  2  2  2  2  2  2  2
  5 Boom                    62  21  0 20   1  1  1  1  1  1  1  1  1  1  1  1  1  1  1  2  2  2  1  1  1  2  1  2  1  2  2  1  2  2  2  2  2  2  2  2  2  2  2  2  2  2
  6 Simple Modeller         61  22  2 17   1  1  1  1  1  1  1  1  1  1  1  1  1  0  2  1  2  1  2  1  0  2  2  2  1  2  2  2  2  2  2  1  2  2  2  2  2  2  2  2  2  2
  7 Bugbrain                61  20  0 21   1  1  1  1  1  1  1  1  1  1  1  1  1  1  1  1  2  1  2  1  1  2  1  2  1  2  2  2  1  2  2  2  2  2  2  2  2  2  2  2  2  2
  8 Biopic                  59  20  2 19   0  1  1  0  1  1  1  1  1  1  1  1  1  1  2  1  2  1  2  1  1  2  1  2  2  2  2  1  1  1  2  2  2  2  2  2  2  2  2  2  2  2
  9 Shofar                  59  18  0 23   1  1  1  1  1  1  1  1  1  1  1  1  1  1  1  1  2  1  2  1  1  2  1  1  1  2  2  1  2  2  2  1  2  2  2  2  2  2  2  2  2  2
 10 ACT-R Lag2              57  18  2 21   1  0  1  1  1  1  1  1  1  1  1  1  1  1  2  1  2  1  2  0  1  1  2  2  1  1  2  1  1  1  2  2  2  2  2  2  2  2  2  2  2  2
 11 Piedra                  57  18  2 21   0  1  1  1  1  1  1  1  1  1  1  1  0  1  1  1  1  1  1  1  1  2  1  1  2  2  2  2  1  2  2  2  2  2  2  2  2  2  2  2  2  2
 12 Robertot                56  17  2 22   1  0  1  0  1  1  1  1  1  1  1  1  1  1  1  1  1  1  1  1  1  1  1  2  1  2  2  2  1  2  2  2  2  2  2  2  2  2  2  2  2  2
 13 Vroomfondel             55  14  0 27   1  1  1  1  1  1  1  1  1  1  2  1  1  1  1  2  1  1  2  1  1  1  1  1  1  1  2  1  1  1  2  2  1  1  2  2  2  2  2  2  2  2
 14 Majikthise              54  14  1 26   0  1  1  1  1  2  1  1  1  1  1  1  1  1  1  1  1  1  1  1  1  2  1  2  1  1  2  1  1  1  2  2  1  1  2  2  2  2  2  2  2  2
 15 Simple Predictor        53  20  8 13   0  0  0  0  1  0  1  0  1  0  1  1  1  1  1  1  1  1  1  0  1  2  2  2  1  2  2  2  2  2  2  2  2  2  2  2  2  2  2  2  2  2
 16 Sweet Rocky             53  17  5 19   0  1  0  1  0  1  1  1  1  1  1  1  0  1  1  1  0  1  1  1  1  2  2  1  1  2  2  1  1  2  2  2  2  2  2  2  2  2  2  2  2  2
 17 Granite                 51  21 11  9   0  0  0  0  0  0  0  0  0  0  1  1  1  1  1  2  1  1  1  0  1  2  2  2  2  2  2  1  2  2  2  2  2  2  2  2  2  2  2  2  2  2
 18 * Anti-rotn             50  15  6 20   0  0  1  0  0  1  1  1  1  1  1  1  1  1  1  1  1  1  0  1  1  2  1  1  0  2  2  1  1  1  2  2  2  2  2  2  2  2  2  2  2  2
 19 Marble                  49  19 11 11   0  0  0  0  1  0  0  0  0  0  1  1  0  1  1  1  1  2  1  0  1  2  1  1  2  2  2  1  2  2  2  2  2  2  2  2  2  2  2  2  2  2
 20 * De Bruijn             46   7  2 32   1  0  1  1  1  1  1  1  1  2  1  1  1  1  2  1  2  1  2  1  1  1  2  2  1  1  1  1  1  1  1  1  1  1  1  2  1  1  1  1  1  0
 21 * Pi                    44   4  1 36   2  1  1  2  1  2  1  1  1  1  1  1  1  1  1  1  1  1  1  1  1  1  1  1  1  1  1  1  1  1  1  1  0  1  1  1  2  1  1  1  1  1
 22 Inocencio               44  19 16  6   0  0  0  0  0  0  0  0  0  1  0  1  1  0  0  0  0  0  0  1  1  1  2  2  2  2  2  1  2  2  2  2  2  2  2  2  2  2  2  2  2  2
 23 Mixed Strategy          43  13 11 17   0  0  0  0  1  0  1  1  1  0  1  1  1  1  0  0  0  1  1  0  1  0  1  1  1  2  1  1  2  1  2  1  2  2  2  2  2  2  2  2  2  2
 24 ZQ Bot                  42  16 15 10   0  0  0  0  0  0  0  0  1  0  1  0  1  0  0  1  0  1  1  0  1  0  1  1  1  2  2  1  2  2  2  2  2  2  2  2  2  2  2  2  2  2
 25 * Foxtrot               33   1  9 31   0  0  0  0  1  1  1  0  1  1  0  1  1  1  1  1  0  2  0  1  1  0  1  1  1  1  1  1  1  1  1  1  1  1  1  1  1  1  1  1  1  1
 26 Peterbot                33  11 19 11   0  0  0  0  0  0  0  0  0  1  0  0  1  1  0  0  0  0  0  1  1  0  0  0  1  1  1  1  1  1  2  2  1  2  2  2  2  2  2  2  2  2
 27 Multi-strategy          32  12 21  8   0  0  0  0  0  0  0  0  0  0  0  0  0  0  0  0  0  0  0  1  1  0  1  0  1  1  1  1  2  1  1  2  2  2  2  2  2  2  2  2  2  2
 28 * Add-drift             32   0  9 32   1  0  0  0  1  0  0  1  1  1  0  0  1  1  0  1  1  1  1  1  1  1  1  1  1  1  1  1  1  0  1  1  1  1  1  1  1  1  1  1  1  1
 29 * Copy-drift            28   0 13 28   0  0  1  0  0  0  1  1  0  1  1  1  1  1  0  1  0  1  0  1  1  0  0  0  1  1  0  1  1  1  1  1  1  1  1  1  1  1  1  1  1  1
 30 * Add-react             26   3 18 20   0  0  0  0  0  0  0  1  0  1  0  0  1  1  0  0  0  1  0  1  1  0  1  0  1  1  1  2  1  1  0  0  1  1  1  1  1  1  2  1  1  2
 31 Knucklehead             26   8 23 10   0  0  0  0  0  0  0  0  0  0  0  0  0  0  0  0  0  0  0  1  1  0  0  0  1  0  1  1  1  2  1  1  1  2  1  2  1  2  2  2  2  2
 32 * Flat                  22   3 22 16   0  0  0  0  0  1  0  0  1  0  0  0  0  0  0  0  0  0  0  1  1  0  1  0  1  0  0  1  1  2  1  1  1  2  1  2  1  1  1  1  1  0
 33 * Text                  21   4 24 13   0  0  0  0  0  0  0  0  0  0  0  0  1  1  0  0  0  0  0  1  2  0  0  0  1  1  0  1  1  1  1  1  1  0  1  0  1  0  1  2  2  2
 34 Beat The Last Move      21   6 26  9   0  0  0  0  0  0  0  0  0  0  0  0  1  1  0  0  0  0  0  1  1  0  0  0  1  0  0  1  1  1  0  0  2  1  0  2  0  2  1  2  2  2
 35 Always Switchin'        18   1 24 16   0  0  0  0  0  0  0  0  0  0  0  0  0  0  0  0  0  0  0  1  1  0  0  0  1  0  0  1  1  1  1  1  1  2  1  1  1  1  1  1  1  1
 36 Beat Frequent Pick      18   5 28  8   0  0  0  0  0  0  0  0  0  0  0  0  0  0  0  0  0  0  0  0  1  0  0  0  1  0  0  1  1  1  0  0  2  0  1  1  1  2  1  2  2  2
 37 * Switch A Lot          17   1 25 15   0  0  0  0  0  0  0  0  0  0  0  0  0  0  0  0  0  0  0  1  0  0  0  0  1  0  0  1  1  1  1  1  1  2  1  1  1  1  1  1  1  1
 38 Good Ole Rock           16   3 28 10   0  0  0  0  0  0  0  0  0  0  0  0  0  0  0  0  0  0  0  1  1  0  0  0  1  0  0  1  1  1  0  1  2  0  1  0  1  1  1  2  0  2
 39 Rotate R-P-S            14   0 27 14   0  0  0  0  0  0  0  0  0  0  0  0  0  0  0  0  0  0  0  1  1  0  0  0  1  0  0  1  1  0  0  1  1  1  1  1  1  1  1  1  1  0
 40 R-P-S 20-20-60          14   2 29 10   0  0  0  0  0  0  0  0  0  0  0  0  0  0  0  0  0  0  0  1  1  0  0  0  1  0  0  1  1  1  0  1  0  0  1  0  1  0  1  1  2  2
 41 Yomi AI                 14   2 29 10   0  0  0  0  0  0  0  0  0  0  0  0  0  0  0  0  0  0  0  1  1  0  0  0  1  0  0  1  1  1  0  1  0  0  1  0  1  2  1  0  1  2
 42 * Anti-Flat             12   3 32  6   0  0  0  0  0  0  0  0  0  0  0  0  0  0  0  0  0  0  0  2  1  0  0  0  1  0  0  1  1  0  0  2  0  0  1  0  1  0  2  0  0  1


   Yomi AI is match ranked 41

 Tournament results:
    Player Name          total 
  1 Yomi AI             -20209 
  3 R-P-S 20-20-60       -8564 
  5 Beat The Last Move  -18543 
  6 Always Switchin'     -7235 
  7 Beat Frequent Pick  -12742 
  8 * Pi                   399 
  9 * Switch A Lot       -3448 
 10 * Flat               -2667 
 12 * Foxtrot            -1844 
 13 * De Bruijn            568 
 14 * Text               -2963 
 15 * Anti-rotn           5989 
 16 * Copy-drift         -1848 
 17 * Add-react          -3275 
 18 * Add-drift          -1614 
 19 Iocaine Powder       12025 
 20 Phasenbott           10944 
 21 MegaHAL              10273 
 22 RussRocker4           8506 
 23 Biopic                9131 
 24 Simple Modeller       9483 
 25 Simple Predictor      7907 
 26 Robertot              8423 
 27 Boom                  8343 
 28 Shofar                7032 
 29 ACT-R Lag2            6873 
 30 Majikthise            5401 
 31 Vroomfondel           5869 
 32 Granite               7703 
 33 Marble                7497 
 34 ZQ Bot                6125 
 35 Sweet Rocky           7323 
 36 Piedra                7553 
 37 Mixed Strategy        5546 
 38 Multi-strategy        3069 
 39 Inocencio             1952 
 40 Peterbot             -4184 
 41 Bugbrain              6424 
 42 Knucklehead          -1951 

   Yomi is tournament ranked 39

