 Playing 1 tournaments with 1000 trials per match...

 Yomi AI            vs Good Ole Rock       Match:  998 (999+   1-   0=)
 Yomi AI            vs R-P-S 20-20-60      Match:  124 (425+ 301- 274=)
 Yomi AI            vs Rotate R-P-S        Match:  -79 (311+ 390- 299=)
 Yomi AI            vs Beat The Last Move  Match:  -42 (303+ 345- 352=)
 Yomi AI            vs Always Switchin'    Match:   27 (349+ 322- 329=)
 Yomi AI            vs Beat Frequent Pick  Match:   32 (428+ 396- 176=)
 Yomi AI            vs * Pi                Match:   51 (370+ 319- 311=)
 Yomi AI            vs * Switch A Lot      Match:   19 (332+ 313- 355=)
 Yomi AI            vs * Flat              Match:  -18 (330+ 348- 322=)
 Yomi AI            vs * Anti-Flat         Match:  996 (996+   0-   4=)
 Yomi AI            vs * Foxtrot           Match:   38 (359+ 321- 320=)
 Yomi AI            vs * De Bruijn         Match:    1 (333+ 332- 335=)
 Yomi AI            vs * Text              Match:   24 (340+ 316- 344=)
 Yomi AI            vs * Anti-rotn         Match:  -24 (322+ 346- 332=)
 Yomi AI            vs * Copy-drift        Match:   -9 (330+ 339- 331=)
 Yomi AI            vs * Add-react         Match:  -28 (319+ 347- 334=)
 Yomi AI            vs * Add-drift         Match:   31 (338+ 307- 355=)
 Yomi AI            vs Iocaine Powder      Match:   21 (345+ 324- 331=)
 Yomi AI            vs Phasenbott          Match:  -11 (330+ 341- 329=)
 Yomi AI            vs MegaHAL             Match:   -4 (347+ 351- 302=)
 Yomi AI            vs RussRocker4         Match:  -26 (334+ 360- 306=)
 Yomi AI            vs Biopic              Match:  -55 (324+ 379- 297=)
 Yomi AI            vs Simple Modeller     Match:  -10 (339+ 349- 312=)
 Yomi AI            vs Simple Predictor    Match:   17 (347+ 330- 323=)
 Yomi AI            vs Robertot            Match:   -7 (386+ 393- 221=)
 Yomi AI            vs Boom                Match:  -41 (312+ 353- 335=)
 Yomi AI            vs Shofar              Match:  -43 (314+ 357- 329=)
 Yomi AI            vs ACT-R Lag2          Match:   -7 (343+ 350- 307=)
 Yomi AI            vs Majikthise          Match:  -13 (320+ 333- 347=)
 Yomi AI            vs Vroomfondel         Match:  -55 (312+ 367- 321=)
 Yomi AI            vs Granite             Match:  -21 (372+ 393- 235=)
 Yomi AI            vs Marble              Match:   35 (372+ 337- 291=)
 Yomi AI            vs ZQ Bot              Match:   -2 (354+ 356- 290=)
 Yomi AI            vs Sweet Rocky         Match:   18 (363+ 345- 292=)
 Yomi AI            vs Piedra              Match:  -21 (342+ 363- 295=)
 Yomi AI            vs Mixed Strategy      Match:   18 (386+ 368- 246=)
 Yomi AI            vs Multi-strategy      Match:   -8 (341+ 349- 310=)
 Yomi AI            vs Inocencio           Match:  -58 (337+ 395- 268=)
 Yomi AI            vs Peterbot            Match:  -11 (334+ 345- 321=)
 Yomi AI            vs Bugbrain            Match:   16 (344+ 328- 328=)
 Yomi AI            vs Knucklehead         Match:   24 (354+ 330- 316=)
 Final results (draw value = 50):

 Tournament results: 

    Player Name          total     1    2    3    4    5    6    7    8    9   10   11   12   13   14   15   16   17   18   19   20   21   22   23   24   25   26   27   28   29   30   31   32   33   34   35   36   37   38   39   40   41   42
  1 Iocaine Powder       10918     0  134   75   46   15  521   42  186  219   82   24    4   57  236  315   48   56   26   54  -12   33  221  201  -21   35   -2  307  179  137  595  151  102  327   41  251  969  402  912  988  984  994  984
  2 Phasenbott           10223  -134    0   54   80   29  545   41  108  210   52   57   62   58  252  247  102    7   67   97   13    2  231  229   11   70  -14  383  123  137  373  151   93  319   33  180  923  149  929  991  988  995  980
  3 MegaHAL               9554   -75  -54    0  -38   11   23   90   82  236   14    5   51  105  249  244   10    6   -9   63  -67   -8  237  228    4  -25   49   72   47  226  372  115  142  304  215  432  914  361  944  990  989 1000 1000
  4 Simple Modeller       8398   -46  -80   38    0   19   -9    0  262   60   33   43  -14   73   86  313   44  -37   72   89   13   18  181  154   10  -53   16  -46  224  221  342  134  124  118  246  460  322  402  586  993  991  997  999
  5 Biopic                8267   -15  -29  -11  -19    0  -11  -45   25   76   -3   45   55   28  157   64  102   15   10   38    9  -22  252  128   55  -33    9  370   73    4  485  175   91   54  180  314  742  323  595  993  999  996  993
  6 RussRocker4           7766  -521 -545  -23    9   11    0   28  134  106   43   60   41   43  175  179   22    4   -3   63  -46  -57  273  155   26  -17  -36  167  141  130  485   89  101  355  102  226  921  345  591  994  995 1000 1000
  7 Robertot              7700   -42  -41  -90    0   45  -28    0   24   21   67   38   51   47   90  101    7  -41    7  -25   -8  -39  165   40    7   40  -28   19   74   57  375  104  171   76  123  440  836  378  835  808  998 1000  998
  8 Simple Predictor      7295  -186 -108  -82 -262  -25 -134  -24    0  -15   48   53   40   44   -3  178  -64  -11   26   19   -1  -10  191   19  -17  -73  -14  -56  307  380  321   93  149   96  256  362  862  376  592  986  990  996  996
  9 Granite               6866  -219 -210 -236  -60  -76 -106  -21   15    0  -23   19   36   41   -7   13 -156  -22 -113    9  -32  -13  283  646   21  -27  -37   37   75   47  234  171  179   95  169  277  890  391  594  992  997 1000  993
 10 Boom                  6808   -82  -52  -14  -33    3  -43  -67  -48   23    0   32   51   41    4  103  -35  -24  -66   69  -37  -33  132  148   41  -31   -8   -3  -70   38  427   62   83  113  161  452  410  331  753  991  989  997 1000
 11 Piedra                6576   -24  -57   -5  -43  -45  -60  -38  -53  -19  -32    0  -75  -31  -62  -49  -42  -50  -30   38    1  -50  174  -21   21  -36    4    1   15   37  142  176  159  321  164  212 1000  368  588  994  988  996  999
 12 Sweet Rocky           6552    -4  -62  -51   14  -55  -41  -51  -40  -36  -51   75    0   30   -9  -55  -70  -37   -9   25  -33  -22  110  -49  -18  -15  -31   19  -41    9  165  120  136  359  135  190  997  376  594  987  991 1000 1000
 13 * Anti-rotn           6458   -57  -58 -105  -73  -28  -43  -47  -44  -41  -41   31  -30    0  -39 -100  -49  -40  -51  -37   64   34  254  630   24  -81  -46    3  -26   27  -17  246   53   40  334  504  500  174  598 1000 1000  998  997
 14 Marble                6389  -236 -252 -249  -86 -157 -175  -90    3    7   -4   62    9   39    0   23 -114  -62  -84    2  -79  -16  159  653  -35 -113   11   67    9   57  304  192  175   83  175  231  926  380  591  994  996  998  995
 15 ZQ Bot                6372  -315 -247 -244 -313  -64 -179 -101 -178  -13 -103   49   55  100  -23    0 -135 -100 -155  -13  -75   16  259  780    2  -70  -37   -5  100   92  285  156  144  310  182  338  895  408  594  987  993 1000  997
 16 ACT-R Lag2            6354   -48 -102  -10  -44 -102  -22   -7   64  156   35   42   70   49  114  135    0   30  -10   83   -8    2  217   87    7  -62  -31  -26   31   43  492   95  119   46  147  255  296  379  584  262  992  998  996
 17 Shofar                6146   -56   -7   -6   37  -15   -4   41   11   22   24   50   37   40   62  100  -30    0  -19   36  -81   -2  155   49   43  -20  -17   21   45    0   84  -14  117   54  218  420  115  323  551  902  938  978  944
 18 Bugbrain              6052   -26  -67    9  -72  -10    3   -7  -26  113   66   30    9   51   84  155   10   19    0   42  -32   64   94  114  -16  -37   14  -28   93   83  138   64   37  118  119  258  179  208  399  899  942  993  966
 19 Mixed Strategy        5282   -54  -97  -63  -89  -38  -63   25  -19   -9  -69  -38  -25   37   -2   13  -83  -36  -42    0  -75  -24   59   -5  -18  -42  -34   -1  131   36  257   46  147   84   30  289  300  307  525  977  979  972  994
 20 Majikthise            5197    12  -13   67  -13   -9   46    8    1   32   37   -1   33  -64   79   75    8   81   32   75    0   39  174   62   13  -25   37   -2   37   12  264   81   17   47  146  253  -44  108  448   65  998  993  988
 21 Vroomfondel           4911   -33   -2    8  -18   22   57   39   10   13   33   50   22  -34   16  -16   -2    2  -64   24  -39    0  163   52   55   34   11   10   34  -20  264  108   56   20  145  237   16  179  472   22  992  994  979
 22 Multi-strategy        2610  -221 -231 -237 -181 -252 -273 -165 -191 -283 -132 -174 -110 -254 -159 -259 -217 -155  -94  -59 -174 -163    0  -94    8  -50  -20   30  238   43  100   90  123   27  256  495  -49  408  999  997  997  999  997
 23 Inocencio             2002  -201 -229 -228 -154 -128 -155  -40  -19 -646 -148   21   49 -630 -653 -780  -87  -49 -114    5  -62  -52   94    0   58  -12  -20  303   99   43  235  116  151   84   97  339  146  331  360  936  982  985  975
 24 Yomi AI               1897    21  -11   -4  -10  -55  -26   -7   17  -21  -41  -21   18  -24   35   -2   -7  -43   16   18  -13  -55   -8  -58    0    1   51   38   -9   31   24  -18   24  -28   19   27  -11  124   32  -42  -79  998  996
 25 * De Bruijn            568   -35  -70   25   53   33   17  -40   73   27   31   36   15   81  113   70   62   20   37   42   25  -34   50   12   -1    0   -1  -28   -7   15  -26   10   23  -46    7  -25  -12  -15  128   -1   21    0 -117
 26 * Pi                   152     2   14  -49  -16   -9   36   28   14   37    8   -4   31   46  -11   37   31   17  -14   34  -37  -11   20   20  -51    1    0    5  -36  -12   -7    1  -81    1   19   33   -8   45   30   22  -11  -11  -12
 27 * Foxtrot            -1727  -307 -383  -72   46 -370 -167  -19   56  -37    3   -1  -19   -3  -67    5   26  -21   28    1    2  -10  -30 -303  -38   28   -5    0  -16   17  -15   -8  -10  -10  -51  -44  -19  -20   -4   16   44   24   26
 28 * Copy-drift         -1794  -179 -123  -47 -224  -73 -141  -74 -307  -75   70  -15   41   26   -9 -100  -31  -45  -93 -131  -37  -34 -238  -99    9    7   36   16    0   43  -55   10    2   38   11   16  -33   41  -24   -6  -10    6   37
 29 * Add-drift          -1878  -137 -137 -226 -221   -4 -130  -57 -380  -47  -38  -37   -9  -27  -57  -92  -43    0  -83  -36  -12   20  -43  -43  -31  -15   12  -17  -43    0    2  -13   12   10   -2  -33   -8  -14   15   24   11    6   45
 30 Knucklehead          -1971  -595 -373 -372 -342 -485 -485 -375 -321 -234 -427 -142 -165   17 -304 -285 -492  -84 -138 -257 -264 -264 -100 -235  -24   26    7   15   55   -2    0  -37    8   48   13   -8  922   44   95  951  639 1000  999
 31 * Flat               -2693  -151 -151 -115 -134 -175  -89 -104  -93 -171  -62 -176 -120 -246 -192 -156  -95   14  -64  -46  -81 -108  -90 -116   18  -10   -1    8  -10   13   37    0   29   19   28   16 -200  -19  246  237   51   -1 -433
 32 * Text               -3063  -102  -93 -142 -124  -91 -101 -171 -149 -179  -83 -159 -136  -53 -175 -144 -119 -117  -37 -147  -17  -56 -123 -151  -24  -23   81   10   -2  -12   -8  -29    0  -24  -37  -10   -2   28 -185  -74  -11 -185  113
 33 * Add-react          -3461  -327 -319 -304 -118  -54 -355  -76  -96  -95 -113 -321 -359  -40  -83 -310  -46  -54 -118  -84  -47  -20  -27  -84   28   46   -1   10  -38  -10  -48  -19   24    0    6  -28  -15    8    7   40  -32   -3   14
 34 * Switch A Lot       -3514   -41  -33 -215 -246 -180 -102 -123 -256 -169 -161 -164 -135 -334 -175 -182 -147 -218 -119  -30 -146 -145 -256  -97  -19   -7  -19   51  -11    2  -13  -28   37   -6    0  -45  -98  -10   39  316  -49   11    9
 35 Always Switchin'     -7079  -251 -180 -432 -460 -314 -226 -440 -362 -277 -452 -212 -190 -504 -231 -338 -255 -420 -258 -289 -253 -237 -495 -339  -27   25  -33   44  -16   33    8  -16   10   28   45    0 -242    0   10  488   40   -6  -55
 36 Peterbot             -8481  -969 -923 -914 -322 -742 -921 -836 -862 -890 -410 -1000 -997 -500 -926 -895 -296 -115 -179 -300   44  -16   49 -146   11   12    8   19   33    8 -922  200    2   15   98  242    0  447  433  982  998  999 1000
 37 R-P-S 20-20-60       -8574  -402 -149 -361 -402 -323 -345 -378 -376 -391 -331 -368 -376 -174 -380 -408 -379 -323 -208 -307 -108 -179 -408 -331 -124   15  -45   20  -41   14  -44   19  -28   -8   10    0 -447    0 -377 -136   12 -409  402
 38 Beat Frequent Pick  -13684  -912 -929 -944 -586 -595 -591 -835 -592 -594 -753 -588 -594 -598 -591 -594 -584 -551 -399 -525 -448 -472 -999 -360  -32 -128  -30    4   24  -15  -95 -246  185   -7  -39  -10 -433  377    0 -600    0  999  996
 39 Beat The Last Move  -19967  -988 -991 -990 -993 -993 -994 -808 -986 -992 -991 -994 -987 -1000 -994 -987 -262 -902 -899 -977  -65  -22 -997 -936   42    1  -22  -16    6  -24 -951 -237   74  -40 -316 -488 -982  136  600    0    1 1000  997
 40 Rotate R-P-S        -25015  -984 -988 -989 -991 -999 -995 -998 -990 -997 -989 -988 -991 -1000 -996 -993 -992 -938 -942 -979 -998 -992 -997 -982   79  -21   11  -44   10  -11 -639  -51   11   32   49  -40 -998  -12    0   -1    0    0 -682
 41 Good Ole Rock       -26309  -994 -995 -1000 -997 -996 -1000 -1000 -996 -1000 -997 -996 -1000 -998 -998 -1000 -998 -978 -993 -972 -993 -994 -999 -985 -998    0   11  -24   -6   -6 -1000    1  185    3  -11    6 -999  409 -999 -1000    0    0  998
 42 * Anti-Flat         -28103  -984 -980 -1000 -999 -993 -1000 -998 -996 -993 -1000 -999 -1000 -997 -995 -997 -996 -944 -966 -994 -988 -979 -997 -975 -996  117   12  -26  -37  -45 -999  433 -113  -14   -9   55 -1000 -402 -996 -997  682 -998    0

 Match results (draw <= 50): 

    Player Name           total  W  L  D   1  2  3  4  5  6  7  8  9 10 11 12 13 14 15 16 17 18 19 20 21 22 23 24 25 26 27 28 29 30 31 32 33 34 35 36 37 38 39 40 41 42
  1 Phasenbott              72  32  1  8   1  0  1  2  2  2  2  1  2  1  2  1  1  2  2  2  2  2  2  2  2  2  2  1  1  2  2  2  2  2  2  2  1  2  2  2  2  2  2  2  2  2
  2 Iocaine Powder          69  28  0 13   2  1  1  2  1  2  1  1  1  1  2  2  1  2  1  2  1  2  2  1  2  2  2  1  1  2  2  2  2  2  2  2  1  2  2  2  2  2  2  2  2  2
  3 Biopic                  64  23  0 18   1  1  1  1  1  1  1  1  2  1  1  1  1  1  1  2  2  1  2  1  2  1  2  2  1  2  1  2  2  2  2  2  2  2  2  2  2  2  2  2  2  2
  4 MegaHAL                 63  25  3 13   0  0  1  1  1  1  1  2  1  0  1  1  1  2  1  2  2  2  2  1  2  2  2  1  1  2  2  2  2  1  2  2  2  2  2  2  2  2  2  2  2  2
  5 Simple Modeller         63  24  2 15   0  1  1  1  1  1  2  1  1  1  1  1  1  2  1  2  1  2  2  0  2  2  2  1  1  1  2  2  2  2  2  2  2  2  2  2  2  2  2  2  2  2
  6 RussRocker4             62  24  3 14   0  0  1  1  1  1  1  1  1  1  1  1  0  2  2  2  1  1  2  1  2  2  2  1  1  2  2  2  2  2  2  2  2  2  2  2  2  2  2  2  2  2
  7 Bugbrain                61  22  2 17   0  1  1  1  0  1  1  1  1  1  2  1  2  1  1  2  1  2  2  1  2  1  2  1  1  1  2  2  2  2  2  2  2  2  1  2  2  2  2  2  2  2
  8 Robertot                60  20  1 20   1  1  1  0  1  1  1  1  1  1  2  1  1  1  1  1  2  1  2  1  2  1  1  1  1  1  2  2  2  2  2  2  2  2  2  2  2  2  2  2  2  2
  9 ACT-R Lag2              58  20  3 18   0  1  0  1  1  1  1  1  1  1  1  1  1  2  1  2  2  1  2  0  2  2  2  1  1  1  1  2  2  1  2  1  2  2  2  2  2  2  2  2  2  2
 10 Majikthise              57  17  1 23   1  1  1  2  1  1  1  1  1  1  1  2  1  1  1  1  1  0  2  1  2  2  2  1  1  1  1  2  1  1  2  1  2  2  1  2  2  2  2  2  2  2
 11 Boom                    54  18  5 18   0  0  1  1  1  1  0  0  1  1  1  1  1  1  1  1  2  1  1  1  2  2  2  1  1  1  1  2  2  0  2  2  2  2  2  2  2  2  2  2  2  2
 12 Shofar                  54  15  2 24   1  0  1  1  1  1  1  1  1  0  1  1  1  1  1  1  1  1  2  1  2  1  1  1  1  1  1  2  2  1  2  2  2  1  2  2  2  2  2  2  2  2
 13 Vroomfondel             54  14  1 26   1  1  1  1  1  2  0  1  1  1  1  1  1  1  1  1  1  1  1  1  1  1  2  2  1  1  1  2  1  1  2  1  2  2  2  1  2  2  2  2  2  2
 14 Simple Predictor        51  18  8 15   0  0  1  0  0  0  1  1  0  1  1  1  1  1  2  1  1  1  1  0  2  1  1  1  1  0  2  2  2  2  2  2  2  2  2  2  2  2  2  2  2  2
 15 Piedra                  50  14  5 22   0  1  1  1  1  0  1  1  1  1  1  1  1  0  1  1  0  1  0  1  1  1  1  1  1  1  1  2  2  1  2  2  2  2  2  2  2  2  2  2  2  2
 16 Granite                 49  16  8 17   0  0  0  0  0  0  0  1  0  1  1  1  1  1  1  1  1  1  1  1  1  1  2  1  1  1  1  2  2  2  2  2  2  2  2  2  2  2  2  2  2  2
 17 Sweet Rocky             49  15  7 19   0  1  0  0  1  1  1  0  0  1  0  1  1  1  2  1  1  1  1  1  0  1  1  1  1  1  1  2  2  1  2  2  2  2  2  2  2  2  2  2  2  2
 18 * Anti-rotn             48  14  7 20   0  0  1  0  0  1  0  1  1  2  1  1  1  1  1  1  1  1  1  0  0  1  2  1  1  1  1  2  2  1  1  1  2  2  2  2  2  2  2  2  2  2
 19 Marble                  47  18 12 11   0  0  0  0  0  0  0  0  0  0  1  0  1  1  2  1  1  1  1  0  1  1  2  1  1  2  2  2  2  1  2  2  2  2  2  2  2  2  2  2  2  2
 20 * De Bruijn             46   7  2 32   0  1  1  1  2  1  1  1  2  1  1  1  1  2  1  1  1  2  2  1  2  1  1  1  1  1  1  1  1  1  1  1  1  1  1  1  1  2  1  1  1  0
 21 ZQ Bot                  46  19 14  8   0  0  0  0  0  0  0  0  0  0  0  0  1  0  1  1  2  2  1  0  1  1  2  1  1  1  2  2  2  2  2  2  2  2  2  2  2  2  2  2  2  2
 22 Mixed Strategy          46  13  8 20   0  0  1  0  0  0  1  1  0  0  0  1  1  1  1  1  1  1  1  1  1  1  1  1  1  1  1  2  2  2  2  2  1  1  2  2  2  2  2  2  2  2
 23 Inocencio               43  17 15  9   0  0  0  0  0  0  0  1  0  0  0  1  0  1  1  0  1  0  0  1  0  1  1  2  1  2  1  2  2  2  2  2  2  2  2  2  2  2  2  2  2  2
 24 Yomi AI                 41   4  4 33   1  1  0  1  1  1  1  1  1  1  1  1  0  1  1  1  1  1  1  1  1  1  0  1  2  1  1  1  1  1  1  1  1  1  1  1  1  1  2  0  2  2
 25 * Pi                    39   0  2 39   1  1  1  1  1  1  1  1  1  1  1  1  1  1  1  1  1  1  1  1  1  1  1  0  1  1  1  1  1  1  1  1  1  1  0  1  1  1  1  1  1  1
 26 * Foxtrot               34   1  8 32   0  0  0  0  1  0  1  1  1  1  1  1  1  2  1  1  1  1  0  1  1  1  0  1  1  1  1  1  1  1  1  1  0  1  1  1  1  1  1  1  1  1
 27 * Add-drift             31   0 10 31   0  0  1  0  0  0  0  0  1  1  1  1  1  0  1  1  1  1  0  1  0  1  1  1  1  1  1  1  1  1  1  1  1  1  1  1  1  1  1  1  1  1
 28 Multi-strategy          31  12 22  7   0  0  0  0  0  0  0  0  0  0  0  0  0  0  0  0  0  0  0  1  0  0  0  1  1  1  1  1  1  2  2  1  2  2  2  2  2  2  2  2  2  2
 29 Peterbot                29   9 21 11   0  0  0  0  0  0  0  0  0  1  0  0  1  0  0  0  0  0  0  1  0  0  0  1  1  1  1  1  1  1  0  1  2  2  1  2  2  2  2  2  2  2
 30 * Copy-drift            28   1 14 26   0  0  0  1  0  0  0  0  1  1  2  1  1  0  1  0  1  1  1  1  0  0  0  1  1  1  1  0  1  1  0  1  1  1  1  1  1  1  1  1  1  1
 31 Knucklehead             26   7 22 12   0  0  0  0  0  0  0  0  0  0  0  0  0  0  0  0  0  1  0  1  0  0  0  1  1  1  1  0  2  2  1  1  1  1  1  2  1  2  2  2  1  2
 32 * Add-react             23   0 18 23   0  0  0  0  0  0  0  0  1  1  0  0  1  0  0  0  0  1  0  1  0  0  0  1  1  1  1  1  1  1  1  1  1  1  1  1  1  1  1  1  1  1
 33 * Switch A Lot          22   2 21 18   1  1  0  0  0  0  0  0  0  0  0  0  0  0  0  0  0  0  0  1  0  1  0  1  1  2  1  0  0  1  1  1  1  1  1  2  1  1  1  1  1  1
 34 * Flat                  21   3 23 15   0  0  0  0  0  0  0  0  0  0  0  1  0  0  0  0  0  0  0  1  0  1  0  1  1  1  1  0  0  1  1  1  1  1  1  2  1  2  1  2  1  0
 35 * Text                  19   2 24 15   0  0  0  0  0  0  1  0  0  1  0  0  0  0  0  0  0  0  0  1  0  0  0  1  2  1  1  0  1  1  1  1  1  1  1  0  1  0  0  1  1  2
 36 Beat The Last Move      19   5 27  9   0  0  0  0  0  0  0  0  0  0  0  0  1  0  0  0  0  0  0  1  0  0  0  1  1  1  1  0  0  1  0  1  0  0  2  1  0  2  2  1  2  2
 37 Always Switchin'        17   1 25 15   0  0  0  0  0  0  0  0  0  0  0  0  0  0  0  0  0  0  0  1  0  0  0  1  1  1  1  0  0  1  1  1  1  1  1  2  1  1  1  1  1  0
 38 Beat Frequent Pick      17   4 28  9   0  0  0  0  0  0  0  0  0  0  0  0  0  0  0  0  0  0  0  0  0  0  0  1  1  1  1  0  0  1  0  1  1  0  2  0  1  1  2  1  2  2
 39 Good Ole Rock           16   3 28 10   0  0  0  0  0  0  0  0  0  0  0  0  0  0  0  0  0  0  0  1  0  0  0  0  1  1  1  0  0  1  0  1  1  1  2  0  1  0  1  1  2  2
 40 Rotate R-P-S            15   1 27 13   0  0  0  0  0  0  0  0  0  0  0  0  0  0  0  0  0  0  0  1  0  0  0  2  1  1  1  0  0  1  0  1  1  0  1  1  1  1  1  1  1  0
 41 R-P-S 20-20-60          14   1 28 12   0  0  0  0  0  0  0  0  0  0  0  0  0  0  0  0  0  0  0  1  0  0  0  0  1  1  1  0  0  1  1  1  1  1  1  0  1  0  0  1  1  2
 42 * Anti-Flat             14   4 31  6   0  0  0  0  0  0  0  0  0  0  0  0  0  0  0  0  0  0  0  2  0  0  0  0  1  1  1  0  0  1  0  1  1  2  0  0  2  0  0  2  0  1


   Yomi AI is match ranked 24

 Tournament results:
    Player Name          total 
  1 Yomi AI               1897 
 15 * Anti-rotn           6458 
 19 Iocaine Powder       10918 
 20 Phasenbott           10223 
 21 MegaHAL               9554 
 22 RussRocker4           7766 
 23 Biopic                8267 
 24 Simple Modeller       8398 
 25 Simple Predictor      7295 
 26 Robertot              7700 
 27 Boom                  6808 
 28 Shofar                6146 
 29 ACT-R Lag2            6354 
 30 Majikthise            5197 
 31 Vroomfondel           4911 
 32 Granite               6866 
 33 Marble                6389 
 34 ZQ Bot                6372 
 35 Sweet Rocky           6552 
 36 Piedra                6576 
 37 Mixed Strategy        5282 
 38 Multi-strategy        2610 
 39 Inocencio             2002 
 41 Bugbrain              6052 

   Yomi is tournament ranked 24

