 Playing 1 tournaments with 1000 trials per match...

 Yomi AI            vs Good Ole Rock       Match:  -19 (317+ 336- 347=)
 Yomi AI            vs R-P-S 20-20-60      Match:   34 (341+ 307- 352=)
 Yomi AI            vs Rotate R-P-S        Match:   57 (353+ 296- 351=)
 Yomi AI            vs Beat The Last Move  Match:   12 (336+ 324- 340=)
 Yomi AI            vs Always Switchin'    Match:   22 (336+ 314- 350=)
 Yomi AI            vs Beat Frequent Pick  Match:   -3 (344+ 347- 309=)
 Yomi AI            vs * Pi                Match:   35 (360+ 325- 315=)
 Yomi AI            vs * Switch A Lot      Match:   23 (335+ 312- 353=)
 Yomi AI            vs * Flat              Match:   31 (343+ 312- 345=)
 Yomi AI            vs * Anti-Flat         Match:    9 (339+ 330- 331=)
 Yomi AI            vs * Foxtrot           Match:   30 (337+ 307- 356=)
 Yomi AI            vs * De Bruijn         Match:  -18 (315+ 333- 352=)
 Yomi AI            vs * Text              Match:  -58 (311+ 369- 320=)
 Yomi AI            vs * Anti-rotn         Match:  -33 (326+ 359- 315=)
 Yomi AI            vs * Copy-drift        Match:   25 (360+ 335- 305=)
 Yomi AI            vs * Add-react         Match:   38 (342+ 304- 354=)
 Yomi AI            vs * Add-drift         Match:   15 (343+ 328- 329=)
 Yomi AI            vs Iocaine Powder      Match:  -10 (337+ 347- 316=)
 Yomi AI            vs Phasenbott          Match:  -44 (317+ 361- 322=)
 Yomi AI            vs MegaHAL             Match:    4 (325+ 321- 354=)
 Yomi AI            vs RussRocker4         Match:  -46 (305+ 351- 344=)
 Yomi AI            vs Biopic              Match:   34 (354+ 320- 326=)
 Yomi AI            vs Simple Modeller     Match:    1 (350+ 349- 301=)
 Yomi AI            vs Simple Predictor    Match:  -38 (309+ 347- 344=)
 Yomi AI            vs Robertot            Match:  -16 (324+ 340- 336=)
 Yomi AI            vs Boom                Match:   32 (342+ 310- 348=)
 Yomi AI            vs Shofar              Match:   16 (349+ 333- 318=)
 Yomi AI            vs ACT-R Lag2          Match:   -1 (328+ 329- 343=)
 Yomi AI            vs Majikthise          Match:  -35 (311+ 346- 343=)
 Yomi AI            vs Vroomfondel         Match:   13 (344+ 331- 325=)
 Yomi AI            vs Granite             Match:  -18 (314+ 332- 354=)
 Yomi AI            vs Marble              Match:   12 (350+ 338- 312=)
 Yomi AI            vs ZQ Bot              Match:  -10 (326+ 336- 338=)
 Yomi AI            vs Sweet Rocky         Match:    1 (331+ 330- 339=)
 Yomi AI            vs Piedra              Match:   54 (364+ 310- 326=)
 Yomi AI            vs Mixed Strategy      Match:   -9 (335+ 344- 321=)
 Yomi AI            vs Multi-strategy      Match:  -14 (329+ 343- 328=)
 Yomi AI            vs Inocencio           Match:  -63 (300+ 363- 337=)
 Yomi AI            vs Peterbot            Match:   17 (351+ 334- 315=)
 Yomi AI            vs Bugbrain            Match:   36 (343+ 307- 350=)
 Yomi AI            vs Knucklehead         Match:  -19 (328+ 347- 325=)
 Final results (draw value = 50):

 Tournament results: 

    Player Name          total     1    2    3    4    5    6    7    8    9   10   11   12   13   14   15   16   17   18   19   20   21   22   23   24   25   26   27   28   29   30   31   32   33   34   35   36   37   38   39   40   41   42
  1 Iocaine Powder       11083     0   45   19   29   64   37  500  143   61   62  215  213   17  102  -10   70   46  305   46  116   10  362   14  219   10  -31  558  331  221  241  244  288  104   77  157  884  385  969  986  991  990  993
  2 MegaHAL              10426   -45    0  -40   -2   13   25   77   95   47    4  273  273  -21   26    3   43   39  244  -64   75  -64  276   22  949   -4   29  393   42  163   34  134  283  189  273  419  874  430  944  986  998  995  996
  3 Phasenbott           10130   -19   40    0   24   18   47  527  100    6   79  221  220   -7   14   32   68   12  278   19   43   52  232   35  231   44  -27  382  407  107  157   25  368   88   50  249  959  151  957  982  995  994  970
  4 Biopic                8396   -29    2  -24    0  -37   18  -38   61  -53  -22  121  132  -39   11   21   48   34  116  -13   17   24  246   -4  135  -34    8  483  382   -5   74  208   81  143  205  292  721  409  721  997 1000  996  988
  5 Simple Modeller       8171   -64  -13  -18   37    0   31   -4  281   25   24   38  105  -32  -22   35   59   -1  262  -13  127    4  187  -57  244   -1   18  279   -8  274  196  122   96  119  146  421  337  365  595  989  997  995  996
  6 Robertot              8150   -37  -25  -47  -18  -31    0  -40   71  -42   62   88   31   -3  -22   -1   40    4   79   -7   56  -37  181   17   68   16    6  474    9   77   74   43   92  185  124  439  998  376  874  988  998  995  995
  7 RussRocker4           7962  -500  -77 -527   38    4   40    0  113   31   41  122  150   15   28   38   44   34  140    1   58    4  276  -73  142   46   -8  503  184  155  165  109  351   43  208  216  926  322  616  994 1000  995  995
  8 Simple Predictor      7880  -143  -95 -100  -61 -281  -71 -113    0   20   20  -33   22  -42 -101   56   34   15  144    0   19    1  191  -73  781   38   19  207   -5  241  254  106  134  166  216  409  928  418  592  985  996  990  996
  9 Boom                  7645   -61  -47   -6   53  -25   42  -31  -20    0   22   16   35   12  -23    2   53   61   20  -16   58    2  269    9  181  -32   17  472  -30   29  116   39   64  117  141  439  540  397  753  991  997  989 1000
 10 Piedra                7548   -62   -4  -79   22  -24  -62  -41  -20  -22    0  -75  -11  -41  -23  -55   38   47  -50  -82  -13  -30   65  -66  626  -54   13  220  -16   70   43  168  375  167  181  364  996  423  592  991  996  990  991
 11 Granite               6978  -215 -273 -221 -121  -38  -88 -122   33  -16   75    0    0  -67  -71 -101   52   43   23  -23  -13  -34  320  -78  645   18    1  258   56   24   68  219   88  179  163  269  972  384  591  992 1000  991  995
 12 Marble                6732  -213 -273 -220 -132 -105  -31 -150  -22  -35   11    0    0  -63  -86  -82   39   77   30  -44   50  -60  293  -83  650  -12    1  331   55   73   14  175  109  179  140  250  922  373  591  990  999  995  996
 13 Shofar                6391   -17   21    7   39   32    3  -15   42  -12   41   67   63    0  -36   16   44   34   73  -13   93   11  181  -20   44  -16   15  102   18   60  107   42  -20  113  132  428  117  281  555  874  977  936  972
 14 ACT-R Lag2            6221  -102  -26  -14  -11   22   22  -28  101   23   23   71   86   36    0  -13    4   55   74   47   55    5  294  -48  276    1   14  549  -19   14   35  112   48   69  111  200  141  324  584   99  995  994  998
 15 Bugbrain              6065    10   -3  -32  -21  -35    1  -38  -56   -2   55  101   82  -16   13    0   59   37  148   12   97   50   59   16   40  -36   -5  139   24   77   26   55   93   24  110  261  187  216  423  990  975  953  976
 16 * Anti-rotn           5787   -70  -43  -68  -48  -59  -40  -44  -34  -53  -38  -52  -39  -44   -4  -59    0  -45  -61   48  -35   42  254  -36  476   33  -41   61    6   11  -40  203   -9   60  352  488  500  133  598  500 1000  996  988
 17 Sweet Rocky           5598   -46  -39  -12  -34    1   -4  -34  -15  -61  -47  -43  -77  -34  -55  -37   45    0  -34  -40   17  -68   27  -37  -49   -1  -33  128   12   71   25  151  300  175  122  225  140  398  593  990  997  984  997
 18 ZQ Bot                5547  -305 -244 -278 -116 -262  -79 -140 -144  -20   50  -23  -30  -73  -74 -148   61   34    0  -57   38  -27  284  -30  -54   10    2  259   27   13   20  174  293  155  133  250  867  417  596  989  994  990  995
 19 Majikthise            4888   -46   64  -19   13   13    7   -1    0   16   82   23   44   13  -47  -12  -48   40   57    0   73  -13  164    5   27   35   46  215   21    0  -24   74   16   23   60  286   57  183  462    1  994  989  995
 20 Mixed Strategy        4803  -116  -75  -43  -17 -127  -56  -58  -19  -58   13   13  -50  -93  -55  -97   35  -17  -38  -73    0  -36   -7  -68   23    9  -23  226   21   16   55   -1  -57  145  162  232  219  397  478  971  994  986  992
 21 Vroomfondel           4794   -10   64  -52  -24   -4   37   -4   -1   -2   30   34   60  -11   -5  -50  -42   68   27   13   36    0  129   -9   79  -13   28  240   49   44   27   71  -33   -5  115  260   23  154  485    8  991  994  993
 22 Multi-strategy        2700  -362 -276 -232 -246 -187 -181 -276 -191 -269  -65 -320 -293 -181 -294  -59 -254  -27 -284 -164    7 -129    0  -50  -64   14  -20   87  -30  -19  222  162  -29  123  276  471  500  351  999  997  999  997  997
 23 * De Bruijn            735   -14  -22  -35    4   57  -17   73   73   -9   66   78   83   20   48  -16   36   37   30   -5   68    9   50    0    8   18   -1  -20   28   25   11    9    0   23   13  -10  -12  -12  128   -1    0   21 -107
 24 Inocencio              678  -219 -949 -231 -135 -244  -68 -142 -781 -181 -626 -645 -650  -44 -276  -40 -476   49   54  -27  -23  -79   64   -8    0   63  -18  229  316   36   97  173   96  165  112  265  147  408  356  966  984  986  974
 25 Yomi AI                 97   -10    4  -44   34    1  -16  -46  -38   32   54  -18   12   16   -1   36  -33    1  -10  -35   -9   13  -14  -18  -63    0   35  -19   30   15   25   31   38  -58   23   22   17   34   -3   12  -19   57    9
 26 * Pi                   -79    31  -29   27   -8  -18   -6    8  -19  -17  -13   -1   -1  -15  -14    5   41   33   -2  -46   23  -28   20    1   18  -35    0  -13  -12   -4   24  -13  -33  -81   51    2   20    5   30   22  -11  -11  -10
 27 Knucklehead          -1845  -558 -393 -382 -483 -279 -474 -503 -207 -472 -220 -258 -331 -102 -549 -139  -61 -128 -259 -215 -226 -240  -87   20 -229   19   13    0  -29    0   57    6   18  -20   22   40  994   85  172  994  845  740  974
 28 * Foxtrot            -1855  -331  -42 -407 -382    8   -9 -184    5   30   16  -56  -55  -18   19  -24   -6  -12  -27  -21  -21  -49   30  -28 -316  -30   12   29    0   17   -7  -11    5    1   12    9  -24   -3    1   -1   -4    2   17
 29 * Add-drift          -1962  -221 -163 -107    5 -274  -77 -155 -241  -29  -70  -24  -73  -60  -14  -77  -11  -71  -13    0  -16  -44   19  -25  -36  -15    4    0  -17    0    2  -34  -97   46  -35  -19    3   33  -10   25  -22  -22  -27
 30 * Copy-drift         -2055  -241  -34 -157  -74 -196  -74 -165 -254 -116  -43  -68  -14 -107  -35  -26   40  -25  -20   24  -55  -27 -222  -11  -97  -25  -24  -57    7   -2    0    6   18   18    8   63  -33  -34  -30   -5   -6   18   20
 31 * Flat               -2913  -244 -134  -25 -208 -122  -43 -109 -106  -39 -168 -219 -175  -42 -112  -55 -203 -151 -174  -74    1  -71 -162   -9 -173  -31   13   -6   11   34   -6    0  -17    7   35   -3 -200    3  268  198   -1   11 -412
 32 * Add-react          -2949  -288 -283 -368  -81  -96  -92 -351 -134  -64 -375  -88 -109   20  -48  -93    9 -300 -293  -16   57   33   29    0  -96  -38   33  -18   -5   97  -18   17    0   34    0   -5  -48   14  -16  -20    2   64  -15
 33 * Text               -3065  -104 -189  -88 -143 -119 -185  -43 -166 -117 -167 -179 -179 -113  -69  -24  -60 -175 -155  -23 -145    5 -123  -23 -165   58   81   20   -1  -46  -18   -7  -34    0   31  -64   19  -12 -185  -74 -185  -11  112
 34 * Switch A Lot       -3479   -77 -273  -50 -205 -146 -124 -208 -216 -141 -181 -163 -140 -132 -111 -110 -352 -122 -133  -60 -162 -115 -276  -13 -112  -23  -51  -22  -12   35   -8  -35    0  -31    0  -14 -128   21   11  370  -13   47   -4
 35 Always Switchin'     -6982  -157 -419 -249 -292 -421 -439 -216 -409 -439 -364 -269 -250 -428 -200 -261 -488 -225 -250 -286 -232 -260 -471   10 -265  -22   -2  -40   -9   19  -63    3    5   64   14    0 -237   60    2  509   14   28  -47
 36 Peterbot             -8468  -884 -874 -959 -721 -337 -998 -926 -928 -540 -996 -972 -922 -117 -141 -187 -500 -140 -867  -57 -219  -23 -500   12 -147  -17  -20 -994   24   -3   33  200   48  -19  128  237    0  456  442  963  998  999 1000
 37 R-P-S 20-20-60       -9206  -385 -430 -151 -409 -365 -376 -322 -418 -397 -423 -384 -373 -281 -324 -216 -133 -398 -417 -183 -397 -154 -351   12 -408  -34   -5  -85    3  -33   34   -3  -14   12  -21  -60 -456    0 -389 -128 -399    0   55
 38 Beat Frequent Pick  -13949  -969 -944 -957 -721 -595 -874 -616 -592 -753 -592 -591 -591 -555 -584 -423 -598 -593 -596 -462 -478 -485 -999 -128 -356    3  -30 -172   -1   10   30 -268   16  185  -11   -2 -442  389    0 -600  999    0  997
 39 Beat The Last Move  -19519  -986 -986 -982 -997 -989 -988 -994 -985 -991 -991 -992 -990 -874  -99 -990 -500 -990 -989   -1 -971   -8 -997    1 -966  -12  -22 -994    1  -25    5 -198   20   74 -370 -509 -963  128  600    0 1000    1 1000
 40 Good Ole Rock       -25067  -991 -998 -995 -1000 -997 -998 -1000 -996 -997 -996 -1000 -999 -977 -995 -975 -1000 -997 -994 -994 -994 -991 -999    0 -984   19   11 -845    4   22    6    1   -2  185   13  -14 -998  399 -999 -1000    0    0  998
 41 Rotate R-P-S        -25356  -990 -995 -994 -996 -995 -995 -995 -990 -989 -990 -991 -995 -936 -994 -953 -996 -984 -990 -989 -986 -994 -997  -21 -986  -57   11 -740   -2   22  -18  -11  -64   11  -47  -28 -999    0    0   -1    0    0 -692
 42 * Anti-Flat         -26656  -993 -996 -970 -988 -996 -995 -995 -996 -1000 -991 -995 -996 -972 -998 -976 -988 -997 -995 -995 -992 -993 -997  107 -974   -9   10 -974  -17   27  -20  412   15 -112    4   47 -1000  -55 -997 -1000 -998  692    0

 Match results (draw <= 50): 

    Player Name           total  W  L  D   1  2  3  4  5  6  7  8  9 10 11 12 13 14 15 16 17 18 19 20 21 22 23 24 25 26 27 28 29 30 31 32 33 34 35 36 37 38 39 40 41 42
  1 Iocaine Powder          70  29  0 12   1  1  1  1  1  2  2  1  2  2  1  1  1  2  1  2  2  1  2  2  2  2  1  2  1  2  2  2  2  2  2  2  2  2  2  2  2  2  2  2  2  2
  2 Phasenbott              65  24  0 17   1  1  1  1  1  1  1  1  2  1  1  1  2  2  1  2  2  1  2  2  2  2  1  1  1  2  2  2  2  2  2  2  1  2  2  2  1  2  2  2  2  2
  3 Robertot                62  21  0 20   1  1  1  1  1  1  1  1  1  1  1  1  1  2  1  2  2  1  1  1  2  2  1  2  1  1  2  2  2  2  2  2  1  2  2  2  2  2  2  2  2  2
  4 MegaHAL                 61  22  2 17   1  1  1  1  1  1  1  1  2  1  1  0  0  2  1  2  1  1  2  1  2  2  1  2  1  1  2  2  1  2  2  2  2  2  2  2  2  2  2  2  2  2
  5 Biopic                  61  21  1 19   1  1  1  1  1  1  1  1  1  0  1  1  1  2  1  2  1  1  2  1  2  2  1  1  1  2  2  1  2  2  2  2  2  2  2  2  2  2  2  2  2  2
  6 Simple Modeller         61  22  2 17   0  1  1  1  1  1  1  1  1  1  1  1  1  2  1  1  1  0  2  2  2  2  1  2  1  1  2  2  2  2  2  2  2  2  2  2  2  2  2  2  2  2
  7 ACT-R Lag2              60  20  1 20   0  1  1  1  1  1  1  1  1  1  1  1  1  2  2  2  1  1  2  1  2  2  1  2  1  1  2  1  1  1  2  2  2  2  2  2  2  2  2  2  2  2
  8 Bugbrain                60  20  1 20   1  1  1  1  1  1  1  1  1  1  1  1  1  0  1  2  2  1  2  2  1  2  1  2  1  1  2  2  1  2  2  2  2  1  2  2  2  2  2  2  2  2
  9 RussRocker4             59  22  4 15   0  0  1  0  1  1  1  1  1  1  1  1  1  2  1  2  1  0  2  1  2  2  1  2  1  2  2  2  2  2  2  2  2  1  2  2  2  2  2  2  2  2
 10 Boom                    59  19  1 21   0  1  1  1  2  1  1  1  1  1  1  1  1  1  2  1  1  1  1  2  2  1  1  2  1  1  2  1  2  2  2  2  1  2  2  2  2  2  2  2  2  2
 11 Shofar                  59  18  0 23   1  1  1  1  1  1  1  1  1  1  1  1  1  1  1  2  1  1  2  1  1  2  1  2  1  1  2  2  2  1  2  2  1  2  2  2  2  2  2  2  2  2
 12 Majikthise              56  15  0 26   1  1  1  2  1  1  1  1  1  1  1  1  1  1  1  1  2  1  1  1  1  2  1  2  1  1  2  1  1  1  2  2  2  1  1  2  2  2  2  2  2  2
 13 Vroomfondel             54  14  1 26   1  0  1  2  1  1  1  1  1  1  1  1  1  1  2  1  1  1  2  1  2  1  1  1  1  1  2  1  1  1  1  2  2  1  1  2  2  2  2  2  2  2
 14 Simple Predictor        51  19  9 13   0  0  0  0  0  0  0  2  0  1  1  1  1  1  1  1  1  0  1  1  2  2  1  1  1  1  2  2  2  2  2  2  2  2  2  2  2  2  2  2  2  2
 15 Sweet Rocky             51  14  4 23   1  1  1  1  1  1  0  1  1  0  1  1  0  1  1  1  1  1  0  1  1  1  1  1  1  1  1  2  1  2  2  2  2  2  2  2  2  2  2  2  2  2
 16 Granite                 50  19 10 12   0  0  0  0  0  1  0  0  0  1  0  1  1  1  1  1  2  0  1  2  2  1  1  1  1  2  2  1  2  2  2  2  2  2  2  2  2  2  2  2  2  2
 17 Piedra                  49  16  8 17   0  0  0  1  1  1  1  0  1  1  1  0  1  1  1  0  1  0  1  1  2  1  0  1  1  1  2  2  1  2  2  2  2  2  2  2  2  2  2  2  2  2
 18 * De Bruijn             48   8  1 32   1  1  1  1  1  2  1  1  2  1  1  1  1  2  1  2  2  1  2  1  1  1  1  2  1  1  1  1  1  1  1  1  1  1  1  1  1  1  2  0  1  1
 19 Marble                  48  18 11 12   0  0  1  0  0  0  0  0  0  1  0  1  0  1  2  1  1  0  1  1  2  1  1  1  1  2  2  2  1  2  2  2  2  2  2  2  2  2  2  2  2  2
 20 * Anti-rotn             48  14  7 20   0  0  1  1  1  0  1  0  1  0  1  1  1  1  1  0  1  1  1  1  2  0  1  1  1  1  2  1  1  1  2  2  2  2  2  2  2  2  2  2  2  2
 21 Inocencio               44  18 15  8   0  0  0  0  0  0  0  1  0  0  1  1  0  0  1  0  0  1  0  0  1  2  2  1  1  2  2  1  2  2  2  2  2  2  2  2  2  2  2  2  2  2
 22 ZQ Bot                  43  15 13 13   0  0  0  0  0  0  0  0  0  1  0  0  1  0  1  1  1  1  1  2  0  1  1  1  1  1  2  1  1  2  2  2  2  2  2  2  2  2  2  2  2  2
 23 Yomi AI                 41   2  2 37   1  1  1  1  1  1  1  1  1  1  1  1  1  1  1  1  2  1  1  1  0  1  1  1  1  1  1  1  1  1  1  1  1  0  1  1  1  1  1  1  1  2
 24 Mixed Strategy          41  12 12 17   0  1  0  0  1  0  0  0  0  0  0  0  1  1  1  1  1  0  1  1  1  1  1  1  1  1  1  1  2  0  2  2  1  2  2  2  2  2  2  2  2  2
 25 * Pi                    41   1  1 39   1  1  1  1  1  1  1  1  1  1  1  1  1  1  1  1  1  1  1  1  1  1  1  1  1  1  1  1  1  1  1  1  1  0  1  1  2  1  1  1  1  1
 26 * Foxtrot               34   0  7 34   0  0  1  1  0  1  1  1  0  1  1  1  1  1  1  0  1  1  0  1  0  1  1  1  1  1  1  1  1  1  1  1  1  1  1  1  1  1  1  1  1  1
 27 Multi-strategy          34  13 20  8   0  0  0  0  0  0  0  0  0  0  0  0  0  0  1  0  0  1  0  0  0  0  1  1  1  1  1  1  2  1  2  2  2  2  2  2  2  2  2  2  2  2
 28 * Add-drift             28   0 13 28   0  0  0  0  1  0  1  0  0  1  0  1  1  0  0  1  0  1  0  1  1  1  1  1  1  1  1  1  1  0  1  1  1  1  1  1  1  1  1  1  1  1
 29 * Copy-drift            28   1 14 26   0  0  0  1  0  0  1  1  0  0  0  1  1  0  1  0  1  1  1  1  0  1  1  0  1  1  0  1  1  1  1  0  1  1  1  2  1  1  1  1  1  1
 30 * Add-react             28   3 16 22   0  0  0  0  0  0  1  0  0  0  1  1  1  0  0  0  0  1  0  1  0  0  1  2  1  1  1  2  1  1  1  1  1  1  1  1  1  1  1  1  1  2
 31 Peterbot                27   9 23  9   0  0  0  0  0  0  0  0  0  0  0  0  1  0  0  0  0  1  0  0  0  0  1  0  1  1  0  1  1  1  1  0  2  1  2  2  2  2  2  2  2  2
 32 Knucklehead             26   8 23 10   0  0  0  0  0  0  0  0  0  0  0  0  0  0  0  0  0  1  0  0  0  0  1  0  1  1  0  1  2  1  2  1  1  1  2  1  1  2  2  2  2  2
 33 * Flat                  23   2 20 19   0  1  1  0  0  0  0  0  0  1  1  0  0  0  0  0  0  1  0  0  0  0  1  1  1  1  0  1  1  1  0  1  1  1  2  1  1  1  2  0  1  1
 34 * Text                  21   3 23 15   0  0  0  0  0  0  0  1  1  0  0  1  1  0  0  0  0  1  0  0  0  0  2  0  2  1  0  1  1  1  1  1  1  1  0  0  1  0  0  2  1  1
 35 Beat The Last Move      20   5 26 10   0  0  0  0  0  0  0  0  0  0  0  1  1  0  0  0  0  1  0  0  0  0  1  0  1  1  0  1  1  1  0  0  0  2  1  0  0  2  2  2  2  1
 36 Always Switchin'        19   3 25 13   0  0  0  0  0  0  0  0  0  0  0  0  0  0  0  0  0  1  0  0  0  0  1  0  1  1  0  1  0  1  0  1  1  2  2  1  1  1  1  1  2  1
 37 * Switch A Lot          18   1 24 16   0  1  0  0  0  0  0  0  0  0  0  0  0  0  0  0  0  1  0  0  0  0  1  0  0  1  0  1  1  1  0  1  1  1  2  1  1  1  1  1  1  1
 38 Good Ole Rock           17   3 27 11   0  0  0  0  0  0  0  0  0  0  0  0  0  0  0  0  0  1  0  0  0  0  1  0  1  1  0  1  1  1  0  0  1  2  0  1  1  1  0  2  2  1
 39 Beat Frequent Pick      17   4 28  9   0  0  0  0  0  0  0  0  0  0  0  0  0  0  0  0  0  0  0  0  0  0  1  0  1  1  0  1  1  1  0  0  0  2  0  1  1  2  1  2  2  1
 40 * Anti-Flat             14   3 30  8   0  0  0  0  0  0  0  0  0  0  0  0  0  0  0  0  0  2  0  0  0  0  1  0  1  1  0  1  1  1  0  0  2  0  0  1  1  0  0  1  0  2
 41 R-P-S 20-20-60          13   1 29 11   0  0  0  0  0  0  0  0  0  0  0  0  0  0  0  0  0  1  0  0  0  0  1  0  1  1  0  1  1  1  0  0  1  1  0  0  1  0  0  2  1  1
 42 Rotate R-P-S            13   0 28 13   0  0  0  0  0  0  0  0  0  0  0  0  0  0  0  0  0  1  0  0  0  0  0  0  1  1  0  1  1  0  0  0  1  1  1  1  1  1  1  0  1  1


   Yomi AI is match ranked 23

 Tournament results:
    Player Name          total 
  1 Yomi AI                 97 
 13 * De Bruijn            735 
 15 * Anti-rotn           5787 
 19 Iocaine Powder       11083 
 20 Phasenbott           10130 
 21 MegaHAL              10426 
 22 RussRocker4           7962 
 23 Biopic                8396 
 24 Simple Modeller       8171 
 25 Simple Predictor      7880 
 26 Robertot              8150 
 27 Boom                  7645 
 28 Shofar                6391 
 29 ACT-R Lag2            6221 
 30 Majikthise            4888 
 31 Vroomfondel           4794 
 32 Granite               6978 
 33 Marble                6732 
 34 ZQ Bot                5547 
 35 Sweet Rocky           5598 
 36 Piedra                7548 
 37 Mixed Strategy        4803 
 38 Multi-strategy        2700 
 39 Inocencio              678 
 41 Bugbrain              6065 

   Yomi is tournament ranked 25

