 Playing 1 tournaments with 1000 trials per match...

 Yomi AI            vs Good Ole Rock       Match:  998 (999+   1-   0=)
 Yomi AI            vs R-P-S 20-20-60      Match:  396 (594+ 198- 208=)
 Yomi AI            vs Rotate R-P-S        Match:  975 (979+   4-  17=)
 Yomi AI            vs Beat The Last Move  Match:  -12 (332+ 344- 324=)
 Yomi AI            vs Always Switchin'    Match:  194 (468+ 274- 258=)
 Yomi AI            vs Beat Frequent Pick  Match:  579 (739+ 160- 101=)
 Yomi AI            vs * Pi                Match:  -25 (325+ 350- 325=)
 Yomi AI            vs * Switch A Lot      Match:   25 (340+ 315- 345=)
 Yomi AI            vs * Flat              Match:  115 (411+ 296- 293=)
 Yomi AI            vs * Anti-Flat         Match:  968 (977+   9-  14=)
 Yomi AI            vs * Foxtrot           Match:  355 (578+ 223- 199=)
 Yomi AI            vs * De Bruijn         Match:   13 (339+ 326- 335=)
 Yomi AI            vs * Text              Match:  100 (393+ 293- 314=)
 Yomi AI            vs * Anti-rotn         Match:   -6 (325+ 331- 344=)
 Yomi AI            vs * Copy-drift        Match:    3 (334+ 331- 335=)
 Yomi AI            vs * Add-react         Match:  -17 (337+ 354- 309=)
 Yomi AI            vs * Add-drift         Match:   13 (340+ 327- 333=)
 Yomi AI            vs Iocaine Powder      Match:  -54 (316+ 370- 314=)
 Yomi AI            vs Phasenbott          Match:  -23 (322+ 345- 333=)
 Yomi AI            vs MegaHAL             Match:  -39 (319+ 358- 323=)
 Yomi AI            vs RussRocker4         Match:   61 (370+ 309- 321=)
 Yomi AI            vs Biopic              Match:  -10 (344+ 354- 302=)
 Yomi AI            vs Simple Modeller     Match:    0 (337+ 337- 326=)
 Yomi AI            vs Simple Predictor    Match:   16 (375+ 359- 266=)
 Yomi AI            vs Robertot            Match:  -12 (330+ 342- 328=)
 Yomi AI            vs Boom                Match:    3 (328+ 325- 347=)
 Yomi AI            vs Shofar              Match:  -36 (314+ 350- 336=)
 Yomi AI            vs ACT-R Lag2          Match:   15 (352+ 337- 311=)
 Yomi AI            vs Majikthise          Match:   15 (337+ 322- 341=)
 Yomi AI            vs Vroomfondel         Match:  -43 (308+ 351- 341=)
 Yomi AI            vs Granite             Match:   70 (432+ 362- 206=)
 Yomi AI            vs Marble              Match:   36 (412+ 376- 212=)
 Yomi AI            vs ZQ Bot              Match:    1 (355+ 354- 291=)
 Yomi AI            vs Sweet Rocky         Match:   38 (396+ 358- 246=)
 Yomi AI            vs Piedra              Match:   48 (395+ 347- 258=)
 Yomi AI            vs Mixed Strategy      Match:   15 (349+ 334- 317=)
 Yomi AI            vs Multi-strategy      Match:  148 (463+ 315- 222=)
 Yomi AI            vs Inocencio           Match:  166 (493+ 327- 180=)
 Yomi AI            vs Peterbot            Match:  139 (442+ 303- 255=)
 Yomi AI            vs Bugbrain            Match:   20 (352+ 332- 316=)
 Yomi AI            vs Knucklehead         Match:  547 (689+ 142- 169=)
 Final results (draw value = 50):

 Tournament results: 

    Player Name          total     1    2    3    4    5    6    7    8    9   10   11   12   13   14   15   16   17   18   19   20   21   22   23   24   25   26   27   28   29   30   31   32   33   34   35   36   37   38   39   40   41   42
  1 Iocaine Powder       11534     0   82  118   40   37  521   30  177   21  239   36   37  292   42    4   12   54  316   57    6   13   16  252  784   35  -24  259  173  307  308  102  205  548   50  912  215  379  928  991  989  987  984
  2 Phasenbott           10379   -82    0   87   33   41  524   96  123   11  211   69   29  222   63   24   38   23  279   58   45  137   63  304  210   70   13   60  123  383  276   93  145  387   57  925  236  126  928  990  990  989  980
  3 MegaHAL               9624  -118  -87    0   46  -33   84   34   74   53  261   11   61  225   30   13   28   39  250  105  -29   51  -14  160  217  -25   38   19  226   72  284  142  209  362  179  931  414  391  944  990  998  989 1000
  4 Biopic                8748   -40  -33  -46    0  -28    0   38   36   24  140   61  104  130    7   -8   12   10   69   28    3   31   41  326  277  -33   40   62  -45  370   89   91   91  547  119  877  301  405  675  994  995  995  993
  5 Simple Modeller       8686   -37  -41   33   28    0  -87  -19  260   42   87   -8   57  143   52    1   -2    0  285   73  -28  100  -38  193   67  -53   11  256  280  -46  110  124  134  252  231  848  422  386  594  990  996  991  999
  6 RussRocker4           7890  -521 -524  -84    0   87    0   15  103    8  116  -23   35  167   49   16   -1  -61  156   43   14  148   13  274  138  -17   -8  159  140  167  358  101  101  480  140  970  229  329  587  993  998  995 1000
  7 Robertot              7461   -30  -96  -34  -38   19  -15    0  -44  -26  -15  -37   13   41   32   -5  -27   12  123   47   11   91  -11  283   54   40  -49   66   10   19   85  171  104  445  113  500  452  376  822  971  998  992  998
  8 Simple Predictor      7390  -177 -123  -74  -36 -260 -103   44    0   -8  -16  -26   60   52   39   20    4  -16  156   44  -64   37    0  179  672  -73   19  296  302  -56   97  149   93  266  239  324  396  383  587  986  996  986  996
  9 Boom                  7261   -21  -11  -53  -24  -42   -8   26    8    0   38  -68   35   90   42  -35  -58   -3   36   41  -27   62  -16  250   38  -31  -47  -12  114   -3  117   83   62  433  202  565  393  354  753  991  997  990 1000
 10 Marble                6733  -239 -211 -261 -140  -87 -116   15   16  -38    0 -126   60    6   44  -72 -101  -36   41   51  -31    6  -29  305  652 -113   24   71   66   67   61  175  192  250  149  886  223  394  594  996  998  996  995
 11 ACT-R Lag2            6691   -36  -69  -11  -61    8   23   37   26   68  126    0   46  109   53   28  -17  -15   80   -1   12   28   24  217   90  -62    9   15    3  -26   37  119   95  465  164  199  204  334  587  795  997  995  996
 12 Sweet Rocky           6378   -37  -29  -61 -104  -57  -35  -13  -60  -35  -60  -46    0  -48  -10  -41   -7  -38  -30   42  -35    0  -54  116  -50  -15   18   27   96   19  270  136  120  144  186  874  248  379  591  993 1000  984 1000
 13 Granite               6362  -292 -222 -225 -130 -143 -167  -41  -52  -90   -6 -109   48    0    5  -14  -95  -70  -20   40  -15  -19  -30  319  650  -27    5  -43   14   37   77  179  171  366  126  921  235  412  591  992  998  993  993
 14 Piedra                6261   -42  -63  -30   -7  -52  -49  -32  -39  -42  -44  -53   10   -5    0  -38  -27  -48  -32   23  -31    4    2   98  -92  -36  -10  -27  -55    1  187  159  176  180  155  999  173  364  591  995 1000  999  999
 15 Shofar                6216    -4  -24  -13    8   -1  -16    5  -20   35   72  -28   41   14   38    0  -39   36   56   36  -26   40  -23  106   46  -10   18   70  -59    4   70  149   63  144  254   88  415  309  552  900  974  949  987
 16 Bugbrain              5929   -12  -38  -28  -12    2    1   27   -4   58  101   17    7   95   27   39    0  -20  182   53  -17   11   -1  109   58  -37  -25   21   44  -28   95   37   64  162  156   83  231  208  375  965  985  972  966
 17 Yomi AI               5795   -54  -23  -39  -10    0   61  -12   16    3   36   15   38   70   48  -36   20    0    1   -6  -43   15   15  148  166   13  -25    3   13  355  -17  100  115  547   25  139  194  396  579  -12  998  975  968
 18 ZQ Bot                5707  -316 -279 -250  -69 -285 -156 -123 -156  -36  -41  -80   30   20   32  -56 -182   -1    0   45  -57   48  -35  218   25  -70   26  -23  131   -5  279  144  156  296  197  998  333  378  595  988 1000  991  997
 19 * Anti-rotn           5280   -57  -58 -105  -28  -73  -43  -47  -44  -41  -51    1  -42  -40  -23  -36  -53    6  -45    0  -11   33   -3  253  449  -81  -38  -26   27    3   40   53  251   17  301   61  487  161  596  492  998  999  997
 20 Vroomfondel           4949    -6  -45   29   -3   28  -14  -11   64   27   31  -12   35   15   31   26   17   43   57   11    0    6   16  159  132   34   19  -66   -8   10   -5   56  108  227  134   33  252  145  431  -27  996  995  979
 21 Mixed Strategy        4760   -13 -137  -51  -31 -100 -148  -91  -37  -62   -6  -28    0   19   -4  -40  -11  -15  -48  -33   -6    0  -33    8   18  -42  -20    8   17   -1   89  147   46  135   68  187  232  380  443  973  994  959  994
 22 Majikthise            4488   -16  -63   14  -41   38  -13   11    0   16   29  -24   54   30   -2   23    1  -15   35    3  -16   33    0  154   20  -25   21  -58  -14   -2  -25   17   81  214  102   19  269  164  440   36  998  992  988
 23 Multi-strategy        2173  -252 -304 -160 -326 -193 -274 -283 -179 -250 -305 -217 -116 -319  -98 -106 -109 -148 -218 -253 -159   -8 -154    0 -114  -50  -20  224   36   30   71  123   90   84  291  -49  519  380  999  997  999  997  997
 24 Inocencio              857  -784 -210 -217 -277  -67 -138  -54 -672  -38 -652  -90   50 -650   92  -46  -58 -166  -25 -449 -132  -18  -20  114    0  -12  -27   81   76  303  126  151  116  237   90  121  306  372  359  136  981  973  975
 25 * De Bruijn            546   -35  -70   25   33   53   17  -40   73   31  113   62   15   27   36   10   37  -13   70   81  -34   42   25   50   12    0   -1   -7   15  -28  -46   23   24  -26  -11  -12  -18  -18  128   -1    0   21 -117
 26 * Pi                    -7    24  -13  -38  -40  -11    8   49  -19   47  -24   -9  -18   -5   10  -18   25   25  -26   38  -19   20  -21   20   27    1    0  -10    1  -22    8  -81  -40   -7    1   28   37   29   30   22  -11  -11  -14
 27 * Copy-drift         -1375  -259  -60  -19  -62 -256 -159  -66 -296   12  -71  -15  -27   43   27  -70  -21   -3   23   26   66   -8   58 -224  -81    7   10    0   41   16  -51    2    8  -73   31   31    4    4   19  -11    8  -16   37
 28 * Add-drift          -1702  -173 -123 -226   45 -280 -140  -10 -302 -114  -66   -3  -96  -14   55   59  -44  -13 -131  -27    8  -17   14  -36  -76  -15   -1  -41    0  -17   30   12    6   -4  -29  -27   16  -16   53  -24  -10   30   45
 29 * Foxtrot            -2026  -307 -383  -72 -370   46 -167  -19   56    3  -67   26  -19  -37   -1   -4   28 -355    5   -3  -10    1    2  -30 -303   28   22  -16   17    0  -10  -10   15  -15  -48  -19  -49    2   41   -5   -9  -16   26
 30 * Add-react          -2833  -308 -276 -284  -89 -110 -358  -85  -97 -117  -61  -37 -270  -77 -187  -70  -95   17 -279  -40    5  -89   25  -71 -126   46   -8   51  -30   10    0   24   -2   -7   22  -59  -51   33   -1   36   60  108   14
 31 * Text               -3074  -102  -93 -142  -91 -124 -101 -171 -149  -83 -175 -119 -136 -179 -159 -149  -37 -100 -144  -53  -56 -147  -17 -123 -151  -23   81   -2  -12   10  -24    0   42   -8  -19   -2   16   10 -185  -74 -185  -11  113
 32 * Flat               -3144  -205 -145 -209  -91 -134 -101 -104  -93  -62 -192  -95 -120 -171 -176  -63  -64 -115 -156 -251 -108  -46  -81  -90 -116  -24   40   -8   -6  -15    2  -42    0   37  -23 -200   34   15  254  209    0   16 -445
 33 Knucklehead          -3350  -548 -387 -362 -547 -252 -480 -445 -266 -433 -250 -465 -144 -366 -180 -144 -162 -547 -296  -17 -227 -135 -214  -84 -237   26    7   73    4   15    7    8  -37    0   17  -70   23   36   60  740 1000  930  999
 34 * Switch A Lot       -3451   -50  -57 -179 -119 -231 -140 -113 -239 -202 -149 -164 -186 -126 -155 -254 -156  -25 -197 -301 -134  -68 -102 -291  -90   11   -1  -31   29   48  -22   19   23  -17    0  -68  -26   14   -2  321   15  -10  -26
 35 Peterbot             -6968  -912 -925 -931 -877 -848 -970 -500 -324 -565 -886 -199 -874 -921 -999  -88  -83 -139 -998  -61  -33 -187  -19   49 -121   12  -28  -31   27   19   59    2  200   70   68    0  228  425  434  963  998  997 1000
 36 Always Switchin'     -7094  -215 -236 -414 -301 -422 -229 -452 -396 -393 -223 -204 -248 -235 -173 -415 -231 -194 -333 -487 -252 -232 -269 -519 -306   18  -37   -4  -16   49   51  -16  -34  -23   26 -228    0   -1  -12  489   -7   67  -37
 37 R-P-S 20-20-60       -9201  -379 -126 -391 -405 -386 -329 -376 -383 -354 -394 -334 -379 -412 -364 -309 -208 -396 -378 -161 -145 -380 -164 -380 -372   18  -29   -4   16   -2  -33  -10  -15  -36  -14 -425    1    0 -405 -189 -404   -3  238
 38 Beat Frequent Pick  -14160  -928 -928 -944 -675 -594 -587 -822 -587 -753 -594 -587 -591 -591 -591 -552 -375 -579 -595 -596 -431 -443 -440 -999 -359 -128  -30  -19  -53  -41    1  185 -254  -60    2 -434   12  405    0 -600  999    0  996
 39 Beat The Last Move  -18994  -991 -990 -990 -994 -990 -993 -971 -986 -991 -996 -795 -993 -992 -995 -900 -965   12 -988 -492   27 -973  -36 -997 -136    1  -22   11   24    5  -36   74 -209 -740 -321 -963 -489  189  600    0 1000    1  996
 40 Good Ole Rock       -26327  -989 -990 -998 -995 -996 -998 -998 -996 -997 -998 -997 -1000 -998 -1000 -974 -985 -998 -1000 -998 -996 -994 -998 -999 -981    0   11   -8   10    9  -60  185    0 -1000  -15 -998    7  404 -999 -1000    0    0 1000
 41 Rotate R-P-S        -26445  -987 -989 -989 -995 -991 -995 -992 -986 -990 -996 -995 -984 -993 -999 -949 -972 -975 -991 -999 -995 -959 -992 -997 -973  -21   11   16  -30   16 -108   11  -16 -930   10 -997  -67    3    0   -1    0    0 -659
 42 * Anti-Flat         -27947  -984 -980 -1000 -993 -999 -1000 -998 -996 -1000 -995 -996 -1000 -993 -999 -987 -966 -968 -997 -997 -979 -994 -988 -997 -975  117   14  -37  -45  -26  -14 -113  445 -999   26 -1000   37 -238 -996 -996 -1000  659    0

 Match results (draw <= 50): 

    Player Name           total  W  L  D   1  2  3  4  5  6  7  8  9 10 11 12 13 14 15 16 17 18 19 20 21 22 23 24 25 26 27 28 29 30 31 32 33 34 35 36 37 38 39 40 41 42
  1 Phasenbott              71  31  1  9   1  0  2  1  1  2  1  2  1  2  1  1  1  2  2  2  1  2  2  2  2  2  2  2  1  2  2  2  2  2  2  2  2  2  2  2  2  2  2  2  2  2
  2 Iocaine Powder          67  26  0 15   2  1  2  1  1  2  1  1  1  1  2  1  1  2  2  1  1  1  2  1  1  2  2  2  1  2  2  2  2  2  2  2  2  1  2  2  2  2  2  2  2  2
  3 MegaHAL                 65  26  2 13   0  0  1  1  1  2  1  1  1  1  1  2  1  2  2  1  2  1  2  2  1  2  2  2  1  2  2  2  2  1  2  2  2  2  2  2  2  2  2  2  2  2
  4 Simple Modeller         64  25  2 14   1  1  1  1  1  0  1  1  1  1  1  1  1  2  2  1  2  2  2  2  0  2  2  2  1  1  2  2  2  2  2  2  2  2  2  2  2  2  2  2  2  2
  5 Biopic                  63  22  0 19   1  1  1  1  1  1  1  1  1  2  1  1  1  1  2  1  2  1  1  1  1  2  2  2  1  2  1  2  2  2  2  2  2  2  2  2  2  2  2  2  2  2
  6 RussRocker4             61  24  4 13   0  0  0  2  1  1  1  1  1  1  0  1  1  2  2  1  1  1  1  2  1  2  2  2  1  2  2  2  2  2  2  2  2  2  2  2  2  2  2  2  2  2
  7 Bugbrain                60  19  0 22   1  1  1  1  1  1  1  1  1  1  1  2  1  1  2  1  1  1  2  1  1  2  2  2  1  1  1  2  2  1  2  2  2  2  2  1  2  2  2  2  2  2
  8 Robertot                58  18  1 22   0  1  1  1  1  1  1  1  1  1  1  1  1  1  1  1  1  1  1  2  1  1  2  2  1  1  1  2  2  2  2  2  2  2  2  2  2  2  2  2  2  2
  9 Shofar                  57  17  1 23   1  1  1  1  1  1  1  1  1  1  1  1  1  1  2  1  1  1  1  1  1  1  1  2  1  1  0  2  2  2  2  2  2  2  2  2  2  2  2  2  2  2
 10 ACT-R Lag2              57  19  3 19   0  1  1  1  0  1  1  1  1  1  1  2  1  1  2  1  1  2  1  1  0  2  2  2  1  1  1  2  2  1  1  2  2  2  2  2  2  2  2  2  2  2
 11 Yomi AI                 55  15  1 25   1  0  1  1  1  2  1  1  1  1  1  1  1  1  1  1  1  1  1  1  1  2  2  1  1  2  1  2  2  1  1  2  1  1  2  2  2  2  2  2  2  2
 12 Boom                    55  17  3 21   1  1  0  1  1  1  0  1  1  0  1  1  1  1  1  1  1  1  1  2  1  2  1  1  1  1  2  2  2  1  2  2  2  2  2  2  2  2  2  2  2  2
 13 Vroomfondel             54  14  1 26   1  1  1  1  1  1  1  1  1  1  1  1  1  2  1  1  1  1  1  1  1  1  2  2  1  1  1  2  1  0  1  2  1  2  2  2  2  2  2  2  2  2
 14 Simple Predictor        53  20  8 13   0  0  0  0  1  0  1  1  1  1  1  1  0  1  1  1  2  1  1  1  0  2  2  2  1  0  2  2  2  2  2  2  2  2  2  2  2  2  2  2  2  2
 15 Marble                  51  20 10 11   0  0  0  0  0  0  0  1  0  0  1  1  1  1  1  1  2  1  2  1  0  1  2  1  1  2  2  2  2  2  2  2  2  2  2  2  2  2  2  2  2  2
 16 Majikthise              50  11  2 28   0  1  1  1  1  1  1  1  1  1  1  1  1  1  1  1  2  1  1  1  1  1  1  1  1  1  1  2  1  0  1  2  1  2  2  1  2  2  2  2  2  2
 17 Sweet Rocky             50  15  6 20   1  1  0  0  0  1  1  1  1  1  1  1  1  0  0  0  1  1  1  1  1  1  1  1  1  1  2  2  2  1  2  2  2  2  2  2  2  2  2  2  2  2
 18 Piedra                  50  14  5 22   0  1  1  0  1  1  1  1  1  0  1  1  1  1  1  1  1  1  1  1  1  1  0  1  1  1  0  2  2  1  2  2  2  2  2  2  2  2  2  2  2  2
 19 * Anti-rotn             47  13  7 21   0  0  0  0  1  1  0  1  1  1  1  1  1  1  0  1  1  1  1  1  0  1  2  1  1  1  1  2  2  1  1  1  2  2  2  2  2  2  2  2  2  2
 20 Mixed Strategy          47  12  6 23   0  1  0  0  1  0  1  0  1  1  1  0  1  1  1  1  1  1  1  1  1  1  1  1  1  1  1  1  2  1  2  2  2  2  2  2  1  2  2  2  2  2
 21 * De Bruijn             46   7  2 32   0  1  1  2  1  1  1  1  1  2  1  1  1  2  2  1  1  1  2  1  1  1  1  2  1  1  1  1  1  1  1  1  1  1  1  1  1  1  2  1  0  1
 22 Granite                 45  15 11 15   0  0  0  0  0  0  0  1  1  0  0  0  1  0  1  1  1  1  1  1  1  1  2  1  1  1  1  2  2  1  2  2  2  2  2  2  2  2  2  2  2  2
 23 Inocencio               44  18 15  8   0  0  0  0  0  0  0  0  1  0  0  1  0  0  0  1  1  2  0  1  1  0  1  1  1  2  2  2  2  2  2  2  2  2  2  2  2  2  2  2  2  2
 24 ZQ Bot                  43  15 13 13   0  0  0  0  0  0  0  0  0  0  1  1  0  0  1  1  1  1  1  1  0  1  1  1  1  1  2  2  2  1  2  2  2  2  2  2  2  2  2  2  2  2
 25 * Pi                    40   0  1 40   1  1  1  1  1  1  1  1  1  1  1  1  1  1  1  1  1  1  1  1  1  1  1  1  1  1  1  1  1  1  1  1  1  1  1  0  1  1  1  1  1  1
 26 * Foxtrot               34   1  8 32   0  0  0  1  0  0  1  1  1  1  0  1  1  2  0  1  1  1  1  1  1  1  0  1  1  1  1  1  1  1  1  1  1  1  1  1  1  1  1  1  1  1
 27 * Add-drift             33   3 11 27   0  0  0  0  1  0  1  1  2  1  1  0  1  0  0  1  0  2  1  1  1  1  0  0  1  1  1  1  1  1  1  1  1  1  1  1  1  1  2  1  1  1
 28 Multi-strategy          32  13 22  6   0  0  0  0  0  0  0  0  0  0  0  0  0  0  0  0  0  0  0  1  1  0  0  0  1  1  1  1  1  2  2  2  2  2  2  2  2  2  2  2  2  2
 29 Peterbot                31  11 21  9   0  0  0  0  0  0  0  0  0  0  0  0  1  0  0  1  0  0  0  0  1  0  0  0  1  1  1  1  1  1  2  2  2  2  2  1  2  2  2  2  2  2
 30 * Copy-drift            30   2 13 26   0  0  1  0  0  0  1  0  0  1  1  1  2  0  0  2  1  1  1  1  1  1  0  1  1  1  1  0  1  1  0  0  1  1  1  1  1  1  1  1  1  1
 31 * Add-react             23   3 21 17   0  0  0  0  0  0  0  0  0  1  1  0  1  0  0  1  0  0  1  0  1  0  0  0  1  1  1  0  0  2  1  1  1  1  0  1  1  2  1  1  1  2
 32 Knucklehead             23   6 24 11   0  0  0  0  0  0  0  0  0  0  0  0  0  0  0  0  0  0  1  0  1  0  0  0  1  1  1  0  0  2  1  1  2  1  1  1  1  2  2  1  2  2
 33 Beat The Last Move      20   5 26 10   0  0  0  0  0  0  0  0  0  0  1  0  1  0  0  1  0  0  0  0  1  0  0  0  1  1  1  0  0  1  1  0  1  0  0  2  0  2  2  2  2  1
 34 * Switch A Lot          19   1 23 17   0  1  0  0  0  0  0  0  0  0  1  0  0  0  0  0  0  0  0  0  1  0  0  0  1  1  1  0  0  1  1  1  2  1  1  1  1  1  1  1  1  1
 35 Always Switchin'        19   3 25 13   0  0  0  0  0  0  0  0  0  0  0  0  0  0  0  0  0  0  0  0  1  0  0  0  1  1  1  0  0  1  2  1  2  1  1  1  1  1  1  1  1  2
 36 * Text                  18   2 25 14   0  0  0  0  0  0  1  0  0  0  0  0  0  0  0  1  0  0  0  0  1  0  0  0  2  1  1  0  1  1  1  1  0  1  1  1  1  0  0  1  2  1
 37 * Flat                  18   2 25 14   0  0  0  0  0  0  0  0  0  0  0  0  0  0  0  0  0  0  0  1  1  0  0  0  1  1  1  0  0  1  1  1  2  1  1  1  1  1  2  1  0  1
 38 Good Ole Rock           15   3 29  9   0  0  0  0  0  0  0  0  0  0  0  0  0  0  0  0  0  0  0  0  1  0  0  0  1  1  1  0  0  1  0  0  0  1  1  2  1  1  0  2  2  1
 39 Beat Frequent Pick      15   4 30  7   0  0  0  0  0  0  0  0  0  0  0  0  0  0  0  0  0  0  0  0  0  0  0  0  1  1  0  0  0  1  1  0  0  1  1  2  0  2  1  2  2  1
 40 R-P-S 20-20-60          14   1 28 12   0  0  0  0  0  0  0  0  0  0  0  0  0  0  0  0  0  0  0  0  1  0  0  0  1  1  1  0  0  1  1  1  0  1  1  1  1  0  0  1  2  1
 41 * Anti-Flat             13   3 31  7   0  0  0  0  0  0  0  0  0  0  0  0  0  0  0  0  0  0  0  0  2  0  0  0  1  1  1  0  0  1  1  0  0  1  1  0  2  0  0  0  1  2
 42 Rotate R-P-S            12   0 29 12   0  0  0  0  0  0  0  0  0  0  0  0  0  0  0  0  0  0  0  0  1  0  0  0  1  1  1  0  0  1  0  0  1  1  0  1  1  1  1  1  0  1


   Yomi AI is match ranked 11

 Tournament results:
    Player Name          total 
  1 Yomi AI               5795 
 19 Iocaine Powder       11534 
 20 Phasenbott           10379 
 21 MegaHAL               9624 
 22 RussRocker4           7890 
 23 Biopic                8748 
 24 Simple Modeller       8686 
 25 Simple Predictor      7390 
 26 Robertot              7461 
 27 Boom                  7261 
 28 Shofar                6216 
 29 ACT-R Lag2            6691 
 32 Granite               6362 
 33 Marble                6733 
 35 Sweet Rocky           6378 
 36 Piedra                6261 
 41 Bugbrain              5929 

   Yomi is tournament ranked 17

