 Playing 1 tournaments with 1000 trials per match...

 Yomi AI            vs Good Ole Rock       Match:  998 (999+   1-   0=)
 Yomi AI            vs R-P-S 20-20-60      Match:  380 (579+ 199- 222=)
 Yomi AI            vs Rotate R-P-S        Match:  994 (996+   2-   2=)
 Yomi AI            vs Beat The Last Move  Match:  253 (478+ 225- 297=)
 Yomi AI            vs Always Switchin'    Match:  230 (494+ 264- 242=)
 Yomi AI            vs Beat Frequent Pick  Match:  672 (798+ 126-  76=)
 Yomi AI            vs * Pi                Match:  -29 (316+ 345- 339=)
 Yomi AI            vs * Switch A Lot      Match:  134 (424+ 290- 286=)
 Yomi AI            vs * Flat              Match:  157 (396+ 239- 365=)
 Yomi AI            vs * Anti-Flat         Match:  999 (999+   0-   1=)
 Yomi AI            vs * Foxtrot           Match:  395 (586+ 191- 223=)
 Yomi AI            vs * De Bruijn         Match:    4 (329+ 325- 346=)
 Yomi AI            vs * Text              Match:  170 (445+ 275- 280=)
 Yomi AI            vs * Anti-rotn         Match:   16 (346+ 330- 324=)
 Yomi AI            vs * Copy-drift        Match:   46 (361+ 315- 324=)
 Yomi AI            vs * Add-react         Match:   86 (390+ 304- 306=)
 Yomi AI            vs * Add-drift         Match:   19 (363+ 344- 293=)
 Yomi AI            vs Iocaine Powder      Match:   26 (368+ 342- 290=)
 Yomi AI            vs Phasenbott          Match:  -36 (303+ 339- 358=)
 Yomi AI            vs MegaHAL             Match:  -23 (330+ 353- 317=)
 Yomi AI            vs RussRocker4         Match:  -15 (343+ 358- 299=)
 Yomi AI            vs Biopic              Match:  -34 (342+ 376- 282=)
 Yomi AI            vs Simple Modeller     Match:  -10 (332+ 342- 326=)
 Yomi AI            vs Simple Predictor    Match:  155 (465+ 310- 225=)
 Yomi AI            vs Robertot            Match:   37 (390+ 353- 257=)
 Yomi AI            vs Boom                Match:   35 (365+ 330- 305=)
 Yomi AI            vs Shofar              Match:  -34 (332+ 366- 302=)
 Yomi AI            vs ACT-R Lag2          Match:   18 (365+ 347- 288=)
 Yomi AI            vs Majikthise          Match:  -25 (342+ 367- 291=)
 Yomi AI            vs Vroomfondel         Match:    7 (347+ 340- 313=)
 Yomi AI            vs Granite             Match:   44 (412+ 368- 220=)
 Yomi AI            vs Marble              Match:  126 (455+ 329- 216=)
 Yomi AI            vs ZQ Bot              Match:  112 (434+ 322- 244=)
 Yomi AI            vs Sweet Rocky         Match:   56 (355+ 299- 346=)
 Yomi AI            vs Piedra              Match:   75 (391+ 316- 293=)
 Yomi AI            vs Mixed Strategy      Match:    4 (345+ 341- 314=)
 Yomi AI            vs Multi-strategy      Match:  240 (503+ 263- 234=)
 Yomi AI            vs Inocencio           Match:  360 (613+ 253- 134=)
 Yomi AI            vs Peterbot            Match:   74 (393+ 319- 288=)
 Yomi AI            vs Bugbrain            Match:  -40 (313+ 353- 334=)
 Yomi AI            vs Knucklehead         Match:  546 (698+ 152- 150=)
 Final results (draw value = 50):

 Tournament results: 

    Player Name          total     1    2    3    4    5    6    7    8    9   10   11   12   13   14   15   16   17   18   19   20   21   22   23   24   25   26   27   28   29   30   31   32   33   34   35   36   37   38   39   40   41   42
  1 Iocaine Powder       10998     0  253   81   10   28   35  498  -26  195   29  -20  251   73  202   54  334   58   12   55   15   30  109  206  189    4  -21  176  211  350  159  303  100   69  618  202  885  376  918  991  987  999 1000
  2 Phasenbott            9773  -253    0   56    1   22   84  531   36  135   -8    8  237   84  187   50  281   30   41  109   -6   19   59  236  178   24  -55   55  168  350   92  300   71   59  400  218  922  170  914  993  997  996  982
  3 MegaHAL               9378   -81  -56    0  -11   17   93   21   23   45   28   -3  200   -8  258    6  232   28   31   48  -39   15   52  177  174    6   23   36  158  120  146  274  189  214  311  425  895  424  944  987  987 1000  989
  4 Simple Modeller       8888   -10   -1   11    0   12   28    2   10  265   36    1   67   30  104   72  293   48   49   54   -9    7   78  162  124  -59    4  250  214  -19   62  120  131  216  255  449  844  414  591  997  992  998  996
  5 Biopic                8229   -28  -22  -17  -12    0   59  -27   34    6  -20    0  130   20  120    5  106   10   49   47  -34    3   33  302  130  -20   22  128   -4  364  169   98  129  144  489  321  670  344  501  995  994  995  996
  6 Robertot              7808   -35  -84  -93  -28  -59    0   10  -37   16   29   -6   49  -13   31   53   57   -1   16   55   12   13    7  296   69    0  -18   67   23  -16   50   81  177  135  411  467  999  390  730  967  993  995 1000
  7 RussRocker4           7778  -498 -531  -21   -2   27  -10    0   15  142   26    7  140   -4  157   19  139    1   45   45    6   -7   61  205  203   -6   -2  189  166  180   97  337   58   98  476  223  919  303  591  993  993  998 1000
  8 Yomi AI               7222    26  -36  -23  -10  -34   37  -15    0  155   35  -34   44   18  126   56  112  -40   75   16  -25    7    4  240  360    4  -29   46   19  395  157   86  170  134  546  230   74  380  672  253  994  998  999
  9 Simple Predictor      7220  -195 -135  -45 -265   -6  -16 -142 -155    0    9    5   56  -79   22   58  192   13   35   45  -77  -33   45  179   60  -79   19  307  336  -27   98  146  166  239  273  347  899  374  592  984  986  996  993
 10 Boom                  7118   -29    8  -28  -36   20  -29  -26  -35   -9    0  -39   39  -28   21   71   62  -22   45   44  -37  -24   34  191   22    1  -37   54    1   16    9  103  143  133  491  430  501  330  753  991  989  995 1000
 11 Shofar                7108    20   -8    3   -1    0    6   -7   34   -5   39    0   95    4   44   -8   23  -11   33   30  -12   15   36  119  666   -4   17   93   52   19   66   65  152  228  146  416  103  311  549  872  936  987  985
 12 Granite               6673  -251 -237 -200  -67 -130  -49 -140  -44  -56  -39  -95    0 -171   36   38    3 -104   55   42  -39   13  -17  358  650  -43  -24   45   25   53  225   94  178  172  266  249  913  386  592  994  997 1000  995
 13 ACT-R Lag2            6639   -73  -84    8  -30  -20   13    4  -18   79   28   -4  171    0  113   29   91    7   22   39  -19    1   33  238   96  -77  -22   24  110  -21  139   14   65  134  472  225  906  303  566   86  996  995 1000
 14 Marble                6632  -202 -187 -258 -104 -120  -31 -157 -126  -22  -21  -44  -36 -113    0   31   49  -60    6   59   -3  -12   34  304  656  -60  -13    2   -1   56  128  106  177  166  296  288  834  433  592  992  993 1000 1000
 15 Sweet Rocky           6629   -54  -50   -6  -72   -5  -53  -19  -56  -58  -71    8  -38  -29  -31    0  -43  -19  -51   50   15  -45   90   42  -59  -42   10   43    9  -30   95  340  174  206  262  301  885  369  591  988  991  996  995
 16 ZQ Bot                6087  -334 -281 -232 -293 -106  -57 -139 -112 -192  -62  -23   -3  -91  -49   43    0 -131   61   69  -93  -72   48  245  746  -34  -54   -4   42   -4  128  193  154  166  405  254  944  387  594  989  996  998  991
 17 Bugbrain              6055   -58  -30  -28  -48  -10    1   -1   40  -13   22   11  104   -7   60   19  131    0   36   45  -10   20   78   80   77   57  -36   33  135   -3   35  100   60  105  183  229  184  193  429  917  929  987  999
 18 Piedra                5943   -12  -41  -31  -49  -49  -16  -45  -75  -35  -45  -33  -55  -22   -6   51  -61  -36    0   50  -32  -41   18  110  -41  -20   36    4   52  -17  125  363  166  196  216  213  187  342  594  993  996  997  996
 19 * Anti-rotn           5133   -55 -109  -48  -54  -47  -55  -45  -16  -45  -44  -30  -42  -39  -59  -50  -69  -45  -50    0   25   55  -42  264  383  -54  -42  -46   23  -10  235   -3   56  331   95  512   17  168  598  487  997  998  988
 20 Majikthise            5017   -15    6   39    9   34  -12   -6   25   77   37   12   39   19    3  -15   93   10   32  -25    0  -17  -10  202   22    7  -50   31    0   56   59   -3   59  110  215  257   35  203  447   53  990  996  993
 21 Vroomfondel           4793   -30  -19  -15   -7   -3  -13    7   -7   33   24  -15  -13   -1   12   45   72  -20   41  -55   17    0   37  141  144   47   33   10   -5   39   99  -35   56   79  228  250   40  186  439  -27  991  994  994
 22 Mixed Strategy        4723  -109  -59  -52  -78  -33   -7  -61   -4  -45  -34  -36   17  -33  -34  -90  -48  -78  -18   42   10  -37    0   52   34  -69  -13   58   16    5  131    6  150   -3  228  188  -33  349  506  970  964  973  998
 23 Multi-strategy        2664  -206 -236 -177 -162 -302 -296 -205 -240 -179 -191 -119 -358 -238 -304  -42 -245  -80 -110 -264 -202 -141  -52    0 -142  -50  -20  224    3   27   71   34  123  266   91  490  500  406  999  997  997  999  998
 24 Inocencio             1426  -189 -178 -174 -124 -130  -69 -203 -360  -60  -22 -666 -650  -96 -656   59 -746  -77   41 -383  -22 -144  -34  142    0  -29    6   99   48  271  130   32  161  134  275  351  121  347  354  943  970  980  974
 25 * De Bruijn            606    -4  -24   -6   59   20    0    6   -4   79   -1    4   43   77   60   42   34  -57   20   54   -7  -47   69   50   29    0   -1  -36   51   -3    3    8   23  -20   43   19   -6   -6  128   -1   21    0 -113
 26 * Pi                   133    21   55  -23   -4  -22   18    2   29  -19   37  -17   24   22   13  -10   54   36  -36   42   50  -33   13   20   -6    1    0   -2   14    4  -31    3  -81  -47    2  -60   31   16   30   22  -11  -11  -13
 27 * Copy-drift         -1851  -176  -55  -36 -250 -128  -67 -189  -46 -307  -54  -93  -45  -24   -2  -43    4  -33   -4   46  -31  -10  -58 -224  -99   36    2    0  -16  -12  -34  -26   53   -2  -58   24   -2   69   -1  -38    4   12   62
 28 * Add-drift          -2027  -211 -168 -158 -214    4  -23 -166  -19 -336   -1  -52  -25 -110    1   -9  -42 -135  -52  -23    0    5  -16   -3  -48  -51  -14   16    0  -11  -17  -95  -34   -1  -35  -22   -5  -11    2   27   14   -2   13
 29 * Foxtrot            -2231  -350 -350 -120   19 -364   16 -180 -395   27  -16  -19  -53   21  -56   30    4    3   17   10  -56  -39   -5  -27 -271    3   -4   12   11    0    2   -7  -17   23  -13  -47  -35    2  -23   -9   20   11   -6
 30 * Flat               -2655  -159  -92 -146  -62 -169  -50  -97 -157  -98   -9  -66 -225 -139 -128  -95 -128  -35 -125 -235  -59  -99 -131  -71 -130   -3   31   34   17   -2    0  -33   -5   26   23   40 -192   -8  219  249   65    1 -412
 31 * Add-react          -2941  -303 -300 -274 -120  -98  -81 -337  -86 -146 -103  -65  -94  -14 -106 -340 -193 -100 -363    3    3   35   -6  -34  -32   -8   -3   26   95    7   33    0   14   18  -39  -19  -50   10   -4   52   33  -14   62
 32 * Text               -3381  -100  -71 -189 -131 -129 -177  -58 -170 -166 -143 -152 -178  -65 -177 -174 -154  -60 -166  -56  -59  -56 -150 -123 -161  -23   81  -53   34   17    5  -14    0  -32   24  -41   18   11 -185  -74  -11 -185  112
 33 * Switch A Lot       -3553   -69  -59 -214 -216 -144 -135  -98 -134 -239 -133 -228 -172 -134 -166 -206 -166 -105 -196 -331 -110  -79    3 -266 -134   20   47    2    1  -23  -26  -18   32    0  -28  -57  -88   -8   41  309  -34    2    6
 34 Knucklehead          -4048  -618 -400 -311 -255 -489 -411 -476 -546 -273 -491 -146 -266 -472 -296 -262 -405 -183 -216  -95 -215 -228 -228  -91 -275  -43   -2   58   35   13  -23   39  -24   28    0   -4    4   29  148  855  503 1000  984
 35 Always Switchin'     -7037  -202 -218 -425 -449 -321 -467 -223 -230 -347 -430 -416 -249 -225 -288 -301 -254 -229 -213 -512 -257 -250 -188 -490 -351  -19   60  -24   22   47  -40   19   41   57    4    0 -239    7   62  497   30   -4  -22
 36 Peterbot             -7877  -885 -922 -895 -844 -670 -999 -919  -74 -899 -501 -103 -913 -906 -834 -885 -944 -184 -187  -17  -35  -40   33 -500 -121    6  -31    2    5   35  192   50  -18   88   -4  239    0  383  441  981  999  999 1000
 37 R-P-S 20-20-60       -8896  -376 -170 -424 -414 -344 -390 -303 -380 -374 -330 -311 -386 -303 -433 -369 -387 -193 -342 -168 -203 -186 -349 -406 -347    6  -16  -69   11   -2    8  -10  -11    8  -29   -7 -383    0 -359 -135    7 -418  391
 38 Beat Frequent Pick  -14159  -918 -914 -944 -591 -501 -730 -591 -672 -592 -753 -549 -592 -566 -592 -591 -594 -429 -594 -598 -447 -439 -506 -999 -354 -128  -30    1   -2   23 -219    4  185  -41 -148  -62 -441  359    0 -600    0  999  997
 39 Beat The Last Move  -19542  -991 -993 -987 -997 -995 -967 -993 -253 -984 -991 -872 -994  -86 -992 -988 -989 -917 -993 -487  -53   27 -970 -997 -943    1  -22   38  -27    9 -249  -52   74 -309 -855 -497 -981  135  600    0    1 1000  997
 40 Rotate R-P-S        -25965  -987 -997 -987 -992 -994 -993 -993 -994 -986 -989 -936 -997 -996 -993 -991 -996 -929 -996 -997 -990 -991 -964 -997 -970  -21   11   -4  -14  -20  -65  -33   11   34 -503  -30 -999   -7    0   -1    0    0 -669
 41 Good Ole Rock       -26260  -999 -996 -1000 -998 -995 -995 -998 -998 -996 -995 -987 -1000 -995 -1000 -996 -998 -987 -997 -998 -996 -994 -973 -999 -980    0   11  -12    2  -11   -1   14  185   -2 -1000    4 -999  418 -999 -1000    0    0 1000
 42 * Anti-Flat         -28250  -1000 -982 -989 -996 -996 -1000 -1000 -999 -993 -1000 -985 -995 -1000 -1000 -995 -991 -999 -996 -988 -993 -994 -998 -998 -974  113   13  -62  -13    6  412  -62 -112   -6 -984   22 -1000 -391 -997 -997  669 -1000    0

 Match results (draw <= 50): 

    Player Name           total  W  L  D   1  2  3  4  5  6  7  8  9 10 11 12 13 14 15 16 17 18 19 20 21 22 23 24 25 26 27 28 29 30 31 32 33 34 35 36 37 38 39 40 41 42
  1 Iocaine Powder          71  30  0 11   1  2  1  1  2  1  2  2  1  1  2  1  1  1  2  1  2  2  2  1  2  2  2  1  2  2  2  2  2  2  2  2  2  2  2  2  2  2  2  2  2  2
  2 Phasenbott              67  28  2 11   0  1  1  1  2  1  2  1  1  1  2  2  1  1  2  1  2  2  2  1  1  2  2  0  2  2  2  2  2  2  2  2  2  2  2  2  2  2  2  2  2  2
  3 Simple Modeller         64  24  1 16   1  1  1  1  1  1  1  1  1  1  1  1  1  1  2  1  2  2  2  0  2  2  2  1  2  2  2  1  2  2  2  2  2  2  2  2  2  2  2  2  2  2
  4 Yomi AI                 62  21  0 20   1  1  1  1  1  1  1  1  1  1  1  1  1  2  2  1  1  1  2  1  2  1  2  1  2  2  1  2  2  1  2  2  2  2  2  2  2  2  2  2  2  2
  5 RussRocker4             62  23  2 16   0  0  1  1  1  1  1  1  1  1  1  1  1  1  2  1  1  2  2  1  1  2  2  1  2  2  2  2  2  2  2  2  2  2  2  2  2  2  2  2  2  2
  6 Biopic                  62  21  0 20   1  1  1  1  1  1  1  1  1  1  1  2  1  1  1  1  1  2  2  1  1  1  2  1  2  2  2  2  2  1  2  2  2  2  2  2  2  2  2  2  2  2
  7 MegaHAL                 61  22  2 17   0  0  1  1  1  1  1  1  1  1  1  2  1  1  1  1  1  2  2  1  1  2  2  1  2  2  1  2  2  2  2  2  2  2  2  2  2  2  2  2  2  2
  8 Bugbrain                60  20  1 20   0  1  1  1  1  1  1  1  1  1  1  1  1  1  1  1  1  2  2  2  1  2  2  1  2  2  1  1  2  2  2  2  1  2  2  2  2  2  2  2  2  2
  9 Shofar                  59  18  0 23   1  1  1  1  1  1  1  1  1  1  1  1  1  1  1  1  1  2  1  1  1  1  1  1  2  2  2  1  2  2  2  2  2  2  2  2  2  2  2  2  2  2
 10 Boom                    57  16  0 25   1  1  1  1  1  1  1  1  1  1  1  1  1  1  1  1  1  1  1  1  2  1  2  1  1  2  2  1  2  1  2  2  1  2  2  2  2  2  2  2  2  2
 11 ACT-R Lag2              57  19  3 19   0  0  1  1  1  1  1  1  1  1  1  1  1  1  2  1  1  2  2  0  1  1  2  1  2  2  1  1  2  2  1  2  2  2  2  2  2  2  2  2  2  2
 12 Robertot                56  18  3 20   1  0  1  1  1  0  0  1  1  1  1  1  1  1  1  1  2  1  1  1  2  1  2  1  2  2  2  1  2  1  2  2  1  2  2  2  2  2  2  2  2  2
 13 Majikthise              56  15  0 26   1  1  1  1  1  1  1  1  1  1  1  1  1  1  2  1  1  1  1  1  1  1  2  1  1  2  1  2  1  1  1  2  2  2  2  2  2  2  2  2  2  2
 14 Piedra                  54  16  3 22   1  1  1  0  1  1  1  1  1  1  1  1  1  1  1  1  1  0  1  1  2  1  0  1  1  2  1  1  2  2  2  2  2  2  2  2  2  2  2  2  2  2
 15 Simple Predictor        53  20  8 13   0  0  0  0  0  1  1  1  1  1  0  1  0  1  1  1  1  2  1  0  2  1  2  1  2  2  2  1  2  2  2  2  2  2  2  2  2  2  2  2  2  2
 16 Vroomfondel             53  13  1 27   1  1  1  1  1  1  1  1  1  1  1  1  1  1  1  1  0  1  1  1  1  1  2  1  2  2  1  1  1  1  1  2  2  2  1  2  2  2  2  2  2  2
 17 * Anti-rotn             48  14  7 20   0  0  0  1  1  1  1  1  1  1  1  0  1  1  1  2  1  1  0  0  1  1  0  1  2  2  1  1  1  1  1  2  2  2  2  2  2  2  2  2  2  2
 18 Granite                 48  17 10 14   0  0  0  1  0  0  0  0  0  1  0  1  1  2  0  1  1  1  1  1  1  1  1  1  2  2  1  2  2  1  2  2  2  2  2  2  2  2  2  2  2  2
 19 Marble                  48  17 10 14   0  0  0  0  0  0  0  0  1  1  0  1  1  1  1  1  2  1  1  0  1  1  1  1  2  2  1  2  2  1  2  2  2  2  2  2  2  2  2  2  2  2
 20 * De Bruijn             47   8  2 31   1  1  2  1  1  1  1  0  1  1  2  1  1  1  2  1  2  1  2  1  1  2  1  1  1  1  1  1  1  2  1  1  1  1  1  1  1  1  2  1  1  0
 21 Sweet Rocky             47  14  8 19   0  1  0  0  1  1  1  1  1  0  1  0  1  0  0  1  1  1  1  1  1  2  1  1  0  1  1  1  2  1  2  2  2  2  2  2  2  2  2  2  2  2
 22 Mixed Strategy          45  12  8 21   0  0  0  1  0  1  0  0  1  1  1  1  1  1  1  1  1  1  1  0  0  1  1  1  1  2  2  1  1  1  1  2  2  2  2  1  2  2  2  2  2  2
 23 ZQ Bot                  43  17 15  9   0  0  0  0  0  0  0  0  1  0  0  0  0  2  0  0  2  1  1  1  1  1  1  0  2  2  1  1  2  1  2  2  2  2  2  2  2  2  2  2  2  2
 24 * Pi                    41   2  2 37   1  2  1  1  1  1  1  1  1  1  1  1  1  1  1  1  1  1  1  1  1  1  2  1  1  1  1  1  1  1  1  1  1  0  1  1  1  0  1  1  1  1
 25 Inocencio               40  16 17  8   0  0  0  0  0  0  0  0  0  1  0  0  1  1  0  0  0  0  0  1  2  1  0  1  1  2  2  2  2  1  1  2  2  2  2  2  2  2  2  2  2  2
 26 Multi-strategy          32  13 22  6   0  0  0  0  0  0  0  0  0  0  0  0  0  0  0  0  0  0  0  1  1  0  0  1  0  1  2  1  2  1  1  2  2  2  2  2  2  2  2  2  2  2
 27 * Copy-drift            31   3 13 25   0  0  0  1  0  0  1  1  0  0  1  0  1  1  0  1  1  1  1  1  1  0  1  1  0  0  1  1  1  1  1  0  1  1  1  1  1  2  1  2  1  2
 28 * Foxtrot               31   0 10 31   0  0  1  0  0  0  0  1  1  1  1  1  0  1  1  1  1  0  0  1  1  1  1  1  0  1  1  1  1  1  1  1  1  1  1  1  1  1  1  1  1  1
 29 Peterbot                30   9 20 12   0  0  0  0  0  0  0  0  0  0  0  0  1  0  0  1  1  0  0  1  0  1  0  1  0  0  1  1  1  1  1  1  2  2  2  2  2  1  2  2  2  2
 30 * Add-drift             29   0 12 29   0  0  0  1  0  1  0  0  0  1  0  1  1  0  0  1  1  1  1  0  1  1  1  1  1  1  1  1  1  1  0  1  1  1  1  1  1  1  1  1  1  1
 31 * Add-react             27   3 17 21   0  0  0  0  0  0  0  0  0  0  1  0  1  0  0  1  1  0  0  1  0  1  0  1  1  1  1  1  1  2  1  1  1  1  2  1  1  1  1  1  1  2
 32 Knucklehead             23   6 24 11   0  0  0  0  0  0  0  0  0  0  0  0  0  0  0  0  0  0  0  1  0  0  0  1  0  0  2  1  1  1  1  1  1  1  2  1  2  1  2  1  2  2
 33 * Flat                  21   3 23 15   0  0  0  0  0  0  0  1  0  1  0  1  0  0  0  0  0  0  0  1  0  0  0  1  0  0  1  1  0  1  1  1  1  1  2  1  1  1  2  1  2  0
 34 Always Switchin'        20   4 25 12   0  0  0  0  0  0  0  0  0  0  0  0  0  0  0  0  0  0  0  1  0  0  0  2  0  0  1  1  0  1  1  1  1  1  2  2  1  1  2  1  1  1
 35 Beat The Last Move      17   5 29  7   0  0  0  0  0  0  0  0  0  0  0  0  0  0  0  1  0  0  0  1  0  0  0  1  0  0  1  1  0  1  0  0  0  0  1  0  2  2  2  2  1  2
 36 * Switch A Lot          17   1 25 15   0  0  0  0  0  0  0  0  0  0  0  0  0  0  0  0  0  0  0  1  0  1  0  1  0  0  1  1  0  1  1  1  1  0  2  1  1  1  1  1  1  1
 37 Good Ole Rock           16   3 28 10   0  0  0  0  0  0  0  0  0  0  0  0  0  0  0  0  0  0  0  1  0  0  0  1  0  0  1  1  0  1  1  0  1  1  0  1  1  2  0  2  1  2
 38 * Text                  15   2 28 11   0  0  0  0  0  0  0  0  0  0  0  0  0  0  0  0  0  0  0  1  0  0  0  2  0  0  0  1  1  1  1  1  1  1  0  1  0  1  0  1  1  2
 39 Beat Frequent Pick      15   4 30  7   0  0  0  0  0  0  0  0  0  0  0  0  0  0  0  0  0  0  0  0  0  0  0  1  0  0  1  1  0  1  1  0  0  0  0  1  2  2  1  2  1  2
 40 R-P-S 20-20-60          13   1 29 11   0  0  0  0  0  0  0  0  0  0  0  0  0  0  0  0  0  0  0  1  0  0  0  1  0  0  0  1  0  1  1  1  1  1  0  1  0  1  0  1  1  2
 41 Rotate R-P-S            13   0 28 13   0  0  0  0  0  0  0  0  0  0  0  0  0  0  0  0  0  0  0  1  0  0  0  1  0  0  1  1  0  1  1  0  0  1  1  1  1  1  1  1  1  0
 42 * Anti-Flat             11   3 33  5   0  0  0  0  0  0  0  0  0  0  0  0  0  0  0  0  0  0  0  2  0  0  0  1  0  0  0  1  0  1  0  0  2  1  0  1  0  0  0  0  2  1


   Yomi AI is match ranked 4

 Tournament results:
    Player Name          total 
  1 Yomi AI               7222 
 19 Iocaine Powder       10998 
 20 Phasenbott            9773 
 21 MegaHAL               9378 
 22 RussRocker4           7778 
 23 Biopic                8229 
 24 Simple Modeller       8888 
 26 Robertot              7808 

   Yomi is tournament ranked 8

