 Playing 1 tournaments with 1000 trials per match...

 Yomi AI            vs Good Ole Rock       Match:  998 (999+   1-   0=)
 Yomi AI            vs R-P-S 20-20-60      Match:  267 (509+ 242- 249=)
 Yomi AI            vs Rotate R-P-S        Match:  995 (996+   1-   3=)
 Yomi AI            vs Beat The Last Move  Match:  302 (520+ 218- 262=)
 Yomi AI            vs Always Switchin'    Match:  189 (437+ 248- 315=)
 Yomi AI            vs Beat Frequent Pick  Match:  501 (675+ 174- 151=)
 Yomi AI            vs * Pi                Match:   29 (354+ 325- 321=)
 Yomi AI            vs * Switch A Lot      Match:  149 (408+ 259- 333=)
 Yomi AI            vs * Flat              Match:   34 (350+ 316- 334=)
 Yomi AI            vs * Anti-Flat         Match:  953 (964+  11-  25=)
 Yomi AI            vs * Foxtrot           Match:  373 (573+ 200- 227=)
 Yomi AI            vs * De Bruijn         Match:  -29 (317+ 346- 337=)
 Yomi AI            vs * Text              Match:  124 (416+ 292- 292=)
 Yomi AI            vs * Anti-rotn         Match:    1 (331+ 330- 339=)
 Yomi AI            vs * Copy-drift        Match:  -27 (330+ 357- 313=)
 Yomi AI            vs * Add-react         Match:   43 (366+ 323- 311=)
 Yomi AI            vs * Add-drift         Match:   -7 (336+ 343- 321=)
 Yomi AI            vs Iocaine Powder      Match:  -45 (307+ 352- 341=)
 Yomi AI            vs Phasenbott          Match:  -13 (330+ 343- 327=)
 Yomi AI            vs MegaHAL             Match:   17 (348+ 331- 321=)
 Yomi AI            vs RussRocker4         Match:   -5 (337+ 342- 321=)
 Yomi AI            vs Biopic              Match:    4 (341+ 337- 322=)
 Yomi AI            vs Simple Modeller     Match:   34 (357+ 323- 320=)
 Yomi AI            vs Simple Predictor    Match:  103 (411+ 308- 281=)
 Yomi AI            vs Robertot            Match:   20 (350+ 330- 320=)
 Yomi AI            vs Boom                Match:    9 (347+ 338- 315=)
 Yomi AI            vs Shofar              Match:   25 (343+ 318- 339=)
 Yomi AI            vs ACT-R Lag2          Match:  -43 (310+ 353- 337=)
 Yomi AI            vs Majikthise          Match:    7 (340+ 333- 327=)
 Yomi AI            vs Vroomfondel         Match:   -1 (333+ 334- 333=)
 Yomi AI            vs Granite             Match:   49 (372+ 323- 305=)
 Yomi AI            vs Marble              Match:  122 (445+ 323- 232=)
 Yomi AI            vs ZQ Bot              Match:   89 (390+ 301- 309=)
 Yomi AI            vs Sweet Rocky         Match:   11 (348+ 337- 315=)
 Yomi AI            vs Piedra              Match:   44 (381+ 337- 282=)
 Yomi AI            vs Mixed Strategy      Match:   54 (384+ 330- 286=)
 Yomi AI            vs Multi-strategy      Match:  124 (418+ 294- 288=)
 Yomi AI            vs Inocencio           Match:   31 (356+ 325- 319=)
 Yomi AI            vs Peterbot            Match:   76 (378+ 302- 320=)
 Yomi AI            vs Bugbrain            Match:    4 (327+ 323- 350=)
 Yomi AI            vs Knucklehead         Match:  501 (661+ 160- 179=)
Error: return value out of range.
 Final results (draw value = 50):

 Tournament results: 

    Player Name          total     1    2    3    4    5    6    7    8    9   10   11   12   13   14   15   16   17   18   19   20   21   22   23   24   25   26   27   28   29   30   31   32   33   34   35   36   37   38   39   40   41   42
  1 Iocaine Powder       10336     0   67   17   42   16  511   36  158    2   20  -27  -11  -12   45  310   57  227  201   34  -19  -74   47  235  191   16   -5   78  177  335  122  223   65  325  572  221  883  371  925  988  978  997  992
  2 Phasenbott           10048   -67    0   16   29   19  519   52  141   46  -34   44  -31   38   13  277   42  254  216   51   71   17   51  255  173   38   18  116  101  395   74  129   78  330  396  229  940  123  918  985  994  992 1000
  3 MegaHAL               9316   -17  -16    0  -54   36   52   26   35   37   26    8   16   40  -17  233   17  243  262   36    2   32   55  144  220  -28   -8  153   29   19  142  113  221  285  362  439  941  326  930  993  990  999  994
  4 Simple Modeller       8950   -42  -29   54    0   22   19  -16  260   32   17   26   17   55  -34  279   34   34   38  128  -13   -7   47  173  185  -50   19  260  232    5  140  196  221  100  283  429  912  353  592  994  996  997  992
  5 Biopic                8376   -16  -19  -36  -22    0   22   18   30   70   -3  -23    6   40   -4  103   54  113  179   83   25   -4   46  222  150  -19    9   -3   47  407  153   88   95  114  491  334  770  375  501  994  993  996  997
  6 RussRocker4           7866  -511 -519  -52  -19  -22    0   70  132   58   34    7    3   45    5  168   -2  144  160   26  -42    1   64  167  311  -77    7  153  136  177   83  140  128  347  476  261  922  278  620  994  993 1000 1000
  7 Robertot              7693   -36  -52  -26   16  -18  -70    0   45   35    5    7   -4   16  -20   91    9   57   22    2  -58    4   55  254   58  -50   -1  -27  126  -49  175   65  110   32  407  446  917  404  878  886  993  998  991
  8 Simple Predictor      7504  -158 -141  -35 -260  -30 -132  -45    0   53   -9   18  -45   58 -103  154  -30    4   -7   27  -27  -39   55  191  674  -79  -14  276  274  -13  149  138  207  128  197  414  690  411  587  984  990  996  996
  9 Sweet Rocky           7354    -2  -46  -37  -32  -70  -58  -35  -53    0  -31  -62  -47   50  -11  -31  -31  -57  -48   42  -46  -38   70  159  793  -51   -9   18  -19   13  147  182  171  268  188  141 1000  356  593  992  991  999  995
 10 Boom                  7330   -20   34  -26  -17    3  -34   -5    9   31    0  -31  -37   54   -9   68  -32  -33   32   51  -66  -16   39  253    2   23   -3    2   12   -3  107  101  225  115  495  395  484  422  753  965  990  997 1000
 11 Bugbrain              6402    27  -44   -8  -26   23   -7   -7  -18   62   31    0    3   47   -4  170   44   82   72   33    6   -1   48   21   58  -10   14  106   24  -15   51   11   95   87   97  295  615  199  410  909  944  982  976
 12 Shofar                6292    11   31  -16  -17   -6   -3    4   45   47   37   -3    0    0  -25   49  -23   42  112  151   11  -33   37  155   46   18  -33    9   84  -36   78   30  131   11  165  437  122  305  553  873  945  968  980
 13 Piedra                6124    12  -38  -40  -55  -40  -45  -16  -58  -50  -54  -47    0    0  -44  -64  -55  -63  -58  -49  -35  -50   30  128  -17  -23  -19   68   21  -46  186  146  156  170  115  228  850  401  596  995  993  997  998
 14 Yomi AI               6112   -45  -13   17   34    4   -5   20  103   11    9    4   25   44    0   89  -43   49  122   54    7   -1    1  124   31  -29   29   -7  -27  373  124   34  149   43  501  189   76  267  501  302  995  998  953
 15 ZQ Bot                6029  -310 -277 -233 -279 -103 -168  -91 -154   31  -68 -170  -49   64  -89    0 -124  -13  -42   54  -47  -36   43  194  695   -5   -9   78   20  -32  142  123  107  351  372  178  898  425  592  991  990  996  984
 16 ACT-R Lag2            5947   -57  -42  -17  -34  -54    2   -9   30   31   32  -44   23   55   43  124    0  139  183   68   41    8   -4  177   80  -95    3   12    5  -37   98  144  168   78  489  307   99  288  580   47  994  997  995
 17 Granite               5940  -227 -254 -243  -34 -113 -144  -57   -4   57   33  -82  -42   63  -49   13 -139    0  -13  -14  -18  -66   74  218   -4  -70  -55   34    7   30  173  172  142   90  315  286  922  375  591  991  991  998  993
 18 Marble                5873  -201 -216 -262  -38 -179 -160  -22    7   48  -32  -72 -112   58 -122   42 -183   13    0  -16  -57  -59   76  357    1  -84  -27   49   25   50  180  172  149   83  304  250  834  445  594  994  993  998  993
 19 Mixed Strategy        5239   -34  -51  -36 -128  -83  -26   -2  -27  -42  -51  -33 -151   49  -54  -54  -68   14   16    0  -63  -19  -41  -20  558  -82  -37    4  122   14  132    9   94   52  119  116  310  343  458  980  957  997  997
 20 Majikthise            4952    19  -71   -2   13  -25   42   58   27   46   66   -6  -11   35   -7   47  -41   18   57   63    0    9  -28  184   37    0    0   -3   22   22   19   75  125   10  252  219   61  176  436   34  990  991  993
 21 Vroomfondel           4692    74  -17  -32    7    4   -1   -4   39   38   16    1   33   50    1   36   -8   66   59   19   -9    0   -1  207   49    3  -15   26   16   -4   30   47   15  -14  237  223  -10   88  433   24  992  996  978
 22 * Anti-rotn           4652   -47  -51  -55  -47  -46  -64  -55  -55  -70  -39  -48  -37  -30   -1  -43    4  -74  -76   41   28    1    0  217  -59  -42  -47  -45    6  -23   56  181  283   30   64  483   69  160  598  499 1000 1000  986
 23 Multi-strategy        2370  -235 -255 -144 -173 -222 -167 -254 -191 -159 -253  -21 -155 -128 -124 -194 -177 -218 -357   20 -184 -207 -217    0 -118  -50  -20   11  256   16  123  147  250   41   14  482 -126  369  999  997  997  999  998
 24 Inocencio             2043  -191 -173 -220 -185 -150 -311  -58 -674 -793   -2  -58  -46   17  -31 -695  -80    4   -1 -558  -37  -49   59  118    0  -20  -28    9   89  334  159  188   96  102  211  363   95  330  358  938  979  980  974
 25 * De Bruijn            871   -16  -38   28   50   19   77   50   79   51  -23   10  -18   23   29    5   95   70   84   82    0   -3   42   50   20    0   -1  -11  -24   -1   23   -7  -27   31   42   25    0   13  128   -1   21    0 -106
 26 * Pi                   164     5  -18    8  -19   -9   -7    1   14    9    3  -14   33   19  -29    9   -3   55   27   37    0   15   47   20   28    1    0    1  -13   -5  -81    1   -6   27    8  -11   20  -26   30   22  -11  -11  -13
 27 * Add-drift          -1323   -78 -116 -153 -260    3 -153   27 -276  -18   -2 -106   -9  -68    7  -78  -12  -34  -49   -4    3  -26   45  -11   -9   11   -1    0   -5   -3  -22   28  -23   20    2  -21    2    2   35   26  -30   33    0
 28 * Copy-drift         -1742  -177 -101  -29 -232  -47 -136 -126 -274   19  -12  -24  -84  -21   27  -20   -5   -7  -25 -122  -22  -16   -6 -256  -89   24   13    5    0   10  -29   36   17   35  -38  -50   -9    4  -40   52    3  -16   26
 29 * Foxtrot            -2025  -335 -395  -19   -5 -407 -177   49   13  -13    3   15   36   46 -373   32   37  -30  -50  -14  -22    4   23  -16 -334    1    5    3  -10    0    1  -16  -23  -28    3    7  -47  -30   11    4  -24   32   18
 30 * Text               -2964  -122  -74 -142 -140 -153  -83 -175 -149 -147 -107  -51  -78 -186 -124 -142  -98 -173 -180 -132  -19  -30  -56 -123 -159  -23   81   22   29   -1    0   38   46  -38   39   -8   19   17 -185  -74  -11 -185  113
 31 * Flat               -2997  -223 -129 -113 -196  -88 -140  -65 -138 -182 -101  -11  -30 -146  -34 -123 -144 -172 -172   -9  -75  -47 -181 -147 -188    7   -1  -28  -36   16  -38    0   37   38   21  -12 -167   22  202  230   -5    0 -429
 32 * Switch A Lot       -3215   -65  -78 -221 -221  -95 -128 -110 -207 -171 -225  -95 -131 -156 -149 -107 -168 -142 -149  -94 -125  -15 -283 -250  -96   27    6   23  -17   23  -46  -37    0   53   13   22 -133   -1   36  315   16   18  -52
 33 * Add-react          -3434  -325 -330 -285 -100 -114 -347  -32 -128 -268 -115  -87  -11 -170  -43 -351  -78  -90  -83  -52  -10   14  -30  -41 -102  -31  -27  -20  -35   28   38  -38  -53    0  -22   -5  -14   26   -8  -11  -73    7  -18
 34 Knucklehead          -3521  -572 -396 -362 -283 -491 -476 -407 -197 -188 -495  -97 -165 -115 -501 -372 -489 -315 -304 -119 -252 -237  -64  -14 -211  -42   -8   -2   38   -3  -39  -21  -13   22    0   16   23  -11  142  930  712  857 1000
 35 Always Switchin'     -7074  -221 -229 -439 -429 -334 -261 -446 -414 -141 -395 -295 -437 -228 -189 -178 -307 -286 -250 -116 -219 -223 -483 -482 -363  -25   11   21   50   -7    8   12  -22    5  -16    0 -236  -12   35  489    9  -17  -14
 36 Peterbot             -7904  -883 -940 -941 -912 -770 -922 -917 -690 -1000 -484 -615 -122 -850  -76 -898  -99 -922 -834 -310  -61   10  -69  126  -95    0  -20   -2    9   47  -19  167  133   14  -23  236    0  417  437  982  999  998  995
 37 R-P-S 20-20-60       -8768  -371 -123 -326 -353 -375 -278 -404 -411 -356 -422 -199 -305 -401 -267 -425 -288 -375 -445 -343 -176  -88 -160 -369 -330  -13   26   -2   -4   30  -17  -22    1  -26   11   12 -417    0 -433 -180  -65 -381  302
 38 Beat Frequent Pick  -13987  -925 -918 -930 -592 -501 -620 -878 -587 -593 -753 -410 -553 -596 -501 -592 -580 -591 -594 -458 -436 -433 -598 -999 -358 -128  -30  -35   40  -11  185 -202  -36    8 -142  -35 -437  433    0 -600    0  999 1000
 39 Beat The Last Move  -19532  -988 -985 -993 -994 -994 -994 -886 -984 -992 -965 -909 -873 -995 -302 -991  -47 -991 -994 -980  -34  -24 -499 -997 -938    1  -22  -26  -52   -4   74 -230 -315   11 -930 -489 -982  180  600    0    1 1000 1000
 40 Rotate R-P-S        -25877  -978 -994 -990 -996 -993 -993 -993 -990 -991 -990 -944 -945 -993 -995 -990 -994 -991 -993 -957 -990 -992 -1000 -997 -979  -21   11   30   -3   24   11    5  -16   73 -712   -9 -999   65    0   -1    0    0 -667
 41 Good Ole Rock       -26202  -997 -992 -999 -997 -996 -1000 -998 -996 -999 -997 -982 -968 -997 -998 -996 -997 -998 -998 -997 -991 -996 -1000 -999 -980    0   11  -33   16  -32  185    0  -18   -7 -857   17 -998  381 -999 -1000    0    0 1000
 42 * Anti-Flat         -27910  -992 -1000 -994 -992 -997 -1000 -991 -996 -995 -1000 -976 -980 -998 -953 -984 -995 -993 -993 -997 -993 -978 -986 -998 -974  106   13    0  -26  -18 -113  429   52   18 -1000   14 -995 -302 -1000 -1000  667 -1000    0

 Match results (draw <= 50): 

    Player Name           total  W  L  D   1  2  3  4  5  6  7  8  9 10 11 12 13 14 15 16 17 18 19 20 21 22 23 24 25 26 27 28 29 30 31 32 33 34 35 36 37 38 39 40 41 42
  1 Phasenbott              67  27  1 13   1  0  1  1  2  1  1  1  1  1  2  2  1  2  1  1  1  1  2  2  2  2  2  2  1  2  2  2  2  2  2  2  2  2  2  2  2  2  2  2  2  2
  2 Iocaine Powder          65  25  1 15   2  1  1  1  2  1  1  1  1  2  2  1  1  1  0  1  1  1  2  2  1  2  1  2  1  2  2  2  2  2  2  2  2  2  2  2  2  2  2  2  2  2
  3 Biopic                  63  22  0 19   1  1  1  1  1  1  1  1  1  2  1  1  1  1  1  2  1  1  2  2  1  2  2  2  1  2  1  1  2  2  2  2  2  2  2  2  2  2  2  2  2  2
  4 Simple Modeller         63  22  0 19   1  1  1  1  1  2  1  1  1  1  2  1  1  1  1  1  2  1  1  2  1  1  2  2  1  1  2  2  2  2  2  2  2  2  2  2  2  2  2  2  2  2
  5 RussRocker4             62  25  4 12   0  0  1  1  1  0  1  1  1  1  2  2  1  1  1  2  1  0  2  2  2  2  1  2  1  2  2  2  2  2  2  2  2  2  2  2  2  2  2  2  2  2
  6 MegaHAL                 61  21  1 19   1  1  1  0  2  1  1  1  1  1  1  1  1  1  1  1  1  1  2  2  2  2  1  2  1  1  2  1  2  2  2  2  2  2  2  2  2  2  2  2  2  2
  7 Bugbrain                59  18  0 23   1  1  1  1  1  1  1  1  1  1  1  1  1  1  1  2  1  1  2  2  1  2  1  2  1  1  2  1  1  2  2  2  1  2  2  2  2  2  2  2  2  2
  8 Yomi AI                 58  17  0 24   1  1  1  1  1  1  1  1  1  1  2  1  1  1  1  1  1  1  1  2  1  2  2  1  1  2  1  1  2  2  2  1  1  2  2  2  2  2  2  2  2  2
  9 Boom                    57  17  1 23   1  1  1  1  1  1  1  1  1  1  1  1  1  0  1  1  2  1  1  2  1  1  2  1  1  1  1  1  2  2  2  2  2  2  2  2  2  2  2  2  2  2
 10 ACT-R Lag2              57  19  3 19   1  0  0  1  1  1  1  1  1  1  1  1  1  1  1  1  2  0  2  2  1  2  2  2  1  1  1  1  2  2  2  2  2  1  2  2  2  2  2  2  2  2
 11 Simple Predictor        56  21  6 14   0  0  1  0  0  1  1  0  1  1  1  1  1  1  1  2  2  0  1  2  2  1  1  2  1  1  2  2  2  2  2  2  2  2  2  2  2  2  2  2  2  2
 12 Robertot                56  18  3 20   0  1  1  1  0  1  1  1  1  1  1  1  1  0  1  1  1  1  2  2  2  1  1  2  1  1  1  2  2  2  2  1  2  2  2  2  2  2  2  2  2  2
 13 Shofar                  56  15  0 26   1  1  1  1  1  1  1  1  1  1  1  1  1  1  1  1  1  1  1  1  1  2  2  1  1  1  1  2  2  2  2  1  1  2  2  2  2  2  2  2  2  2
 14 Majikthise              55  15  1 25   0  1  1  1  1  1  1  1  2  1  1  2  1  1  1  1  1  1  1  1  1  2  2  1  1  1  1  1  2  2  2  1  2  1  2  1  2  2  2  2  2  2
 15 Vroomfondel             52  11  0 30   1  2  1  1  1  1  1  1  1  1  1  1  1  1  1  1  1  1  2  1  1  2  1  1  1  1  1  1  2  1  2  1  1  1  1  1  2  2  2  2  2  2
 16 Sweet Rocky             51  16  6 19   1  1  0  1  0  1  0  1  1  1  0  1  1  1  1  1  1  0  0  1  2  1  1  2  1  1  1  1  2  2  2  2  2  2  2  2  2  2  2  2  2  2
 17 Piedra                  49  15  7 19   1  1  1  0  1  1  1  1  0  0  0  1  1  1  1  1  1  1  0  0  1  0  1  1  1  1  2  1  2  2  2  2  2  2  2  2  2  2  2  2  2  2
 18 * De Bruijn             48   8  1 32   1  1  1  1  2  1  1  1  1  2  2  1  1  1  1  2  1  1  2  1  1  2  2  1  1  1  1  1  1  1  1  1  1  1  1  1  1  1  1  2  0  1
 19 Granite                 47  17 11 13   0  0  0  1  0  0  0  1  1  0  1  0  1  1  0  2  2  0  1  1  2  1  1  1  0  1  1  1  2  2  2  2  2  2  2  2  2  2  2  2  2  2
 20 ZQ Bot                  47  18 12 11   0  0  0  0  0  0  0  0  0  0  0  0  1  1  1  1  2  1  1  1  1  1  2  2  1  1  2  1  2  2  2  2  2  2  2  2  2  2  2  2  2  2
 21 * Anti-rotn             45  13  9 19   0  1  1  1  0  0  1  1  1  1  0  0  1  1  1  0  1  1  0  1  1  0  1  0  1  1  1  1  2  2  2  1  2  2  2  2  2  2  2  2  2  2
 22 Marble                  45  16 12 13   0  0  0  1  0  0  0  0  1  0  1  1  0  0  0  1  2  0  1  1  2  1  1  1  1  1  1  1  2  2  2  2  2  2  2  2  2  2  2  2  2  2
 23 Mixed Strategy          45  14 10 17   0  1  0  0  1  1  1  0  0  0  1  1  0  0  1  1  1  0  1  0  1  1  1  2  1  1  1  2  1  2  2  2  1  2  2  2  2  2  2  2  2  2
 24 Inocencio               45  17 13 11   0  0  0  0  0  0  0  1  1  0  0  0  1  1  1  0  1  1  1  0  2  1  0  1  1  2  1  2  2  2  2  2  2  2  2  2  2  2  2  2  2  2
 25 * Pi                    41   1  1 39   1  1  1  1  1  1  1  1  1  1  1  1  1  1  1  1  1  1  2  1  1  1  1  1  1  1  1  1  1  1  1  1  1  1  1  0  1  1  1  1  1  1
 26 * Foxtrot               35   0  6 35   0  0  0  1  0  1  1  0  1  1  1  1  1  1  1  1  1  1  1  1  1  1  1  0  1  1  1  1  1  1  1  1  1  1  1  1  1  1  1  1  1  1
 27 * Add-drift             32   0  9 32   0  0  1  0  0  0  0  1  1  1  0  1  1  1  1  1  0  1  1  0  1  1  1  1  1  1  1  1  1  1  1  1  1  1  1  1  1  1  1  1  1  1
 28 * Copy-drift            32   1 10 30   0  0  1  0  0  1  1  1  1  1  0  0  0  1  1  1  1  1  1  1  1  1  0  0  1  1  1  1  0  1  1  1  1  2  1  1  1  1  1  1  1  1
 29 Multi-strategy          30  11 22  8   0  0  0  0  0  0  1  0  0  0  0  0  0  0  0  0  0  1  0  0  0  0  1  0  1  1  1  2  1  0  1  1  2  2  2  2  2  2  2  2  2  2
 30 Peterbot                29  10 22  9   0  0  0  0  0  0  0  0  0  0  0  0  0  0  1  0  0  1  0  0  0  0  0  0  1  1  1  1  2  1  1  1  2  2  2  1  2  2  2  2  2  2
 31 Knucklehead             23   5 23 13   0  0  0  0  0  0  0  0  0  0  0  0  0  0  0  0  0  1  0  0  0  0  0  0  1  1  1  1  1  1  1  1  1  2  1  1  1  2  2  2  2  1
 32 * Add-react             22   0 19 22   0  0  0  0  0  0  0  1  0  0  0  1  1  1  1  0  0  1  0  0  1  0  0  0  1  1  1  1  1  1  1  1  1  1  0  1  1  0  1  1  1  1
 33 * Flat                  22   2 21 18   0  0  0  0  0  0  1  1  0  0  0  0  1  0  1  0  0  1  0  0  0  0  1  0  1  1  1  1  0  0  1  1  1  2  1  1  1  1  1  2  0  1
 34 Beat The Last Move      19   5 27  9   0  0  0  0  0  0  0  0  0  1  0  0  0  1  1  0  0  1  0  0  0  0  0  0  1  1  1  0  0  0  0  1  0  1  0  2  0  1  2  2  2  2
 35 * Switch A Lot          18   2 25 14   0  0  0  0  0  0  0  0  0  0  0  0  0  0  1  0  0  1  0  0  0  0  0  0  1  1  1  1  0  0  1  2  1  2  1  1  1  1  1  1  0  1
 36 * Text                  18   2 25 14   0  0  0  0  0  0  0  0  0  0  0  0  0  1  1  0  0  1  0  0  0  0  0  0  2  1  1  1  0  1  1  1  1  0  1  1  1  1  0  0  2  1
 37 Always Switchin'        17   1 25 15   0  0  0  0  0  0  0  0  0  0  0  0  0  0  0  0  0  1  0  0  0  0  0  0  1  1  1  1  0  0  1  1  1  2  1  1  1  1  1  1  1  1
 38 Rotate R-P-S            16   2 27 12   0  0  0  0  0  0  0  0  0  0  0  0  0  0  0  0  0  1  0  0  0  0  0  0  1  1  1  1  0  0  0  2  1  1  1  1  1  1  1  1  0  2
 39 Good Ole Rock           16   3 28 10   0  0  0  0  0  0  0  0  0  0  0  0  0  0  0  0  0  1  0  0  0  0  0  0  1  1  1  1  0  0  0  1  1  0  1  2  1  1  1  0  2  2
 40 Beat Frequent Pick      16   4 29  8   0  0  0  0  0  0  0  0  0  0  0  0  0  0  0  0  0  0  0  0  0  0  0  0  1  1  1  1  0  0  0  1  0  0  1  2  1  1  2  1  2  2
 41 * Anti-Flat             14   4 31  6   0  0  0  0  0  0  0  0  0  0  0  0  0  0  0  0  0  2  0  0  0  0  0  0  1  1  1  1  0  0  0  1  2  0  2  0  1  2  0  0  1  0
 42 R-P-S 20-20-60          13   1 29 11   0  0  0  0  0  0  0  0  0  0  0  0  0  0  0  0  0  1  0  0  0  0  0  0  1  1  1  1  0  0  1  1  1  0  1  1  1  0  0  0  2  1


   Yomi AI is match ranked 8

 Tournament results:
    Player Name          total 
  1 Yomi AI               6112 
 19 Iocaine Powder       10336 
 20 Phasenbott           10048 
 21 MegaHAL               9316 
 22 RussRocker4           7866 
 23 Biopic                8376 
 24 Simple Modeller       8950 
 25 Simple Predictor      7504 
 26 Robertot              7693 
 27 Boom                  7330 
 28 Shofar                6292 
 35 Sweet Rocky           7354 
 36 Piedra                6124 
 41 Bugbrain              6402 

   Yomi is tournament ranked 14

