 Playing 1 tournaments with 1000 trials per match...

 Yomi AI            vs Good Ole Rock       Match:  998 (999+   1-   0=)
 Yomi AI            vs R-P-S 20-20-60      Match:  404 (613+ 209- 178=)
 Yomi AI            vs Rotate R-P-S        Match:  966 (973+   7-  20=)
 Yomi AI            vs Beat The Last Move  Match:    5 (329+ 324- 347=)
 Yomi AI            vs Always Switchin'    Match:  356 (475+ 119- 406=)
 Yomi AI            vs Beat Frequent Pick  Match:  629 (780+ 151-  69=)
 Yomi AI            vs * Pi                Match:  -23 (313+ 336- 351=)
 Yomi AI            vs * Switch A Lot      Match:   84 (389+ 305- 306=)
 Yomi AI            vs * Flat              Match:  106 (368+ 262- 370=)
 Yomi AI            vs * Anti-Flat         Match:  980 (986+   6-   8=)
 Yomi AI            vs * Foxtrot           Match:  366 (582+ 216- 202=)
 Yomi AI            vs * De Bruijn         Match:  -43 (303+ 346- 351=)
 Yomi AI            vs * Text              Match:   97 (386+ 289- 325=)
 Yomi AI            vs * Anti-rotn         Match:  -37 (309+ 346- 345=)
 Yomi AI            vs * Copy-drift        Match:  -29 (329+ 358- 313=)
 Yomi AI            vs * Add-react         Match:   62 (377+ 315- 308=)
 Yomi AI            vs * Add-drift         Match:  -48 (305+ 353- 342=)
 Yomi AI            vs Iocaine Powder      Match:  -39 (313+ 352- 335=)
 Yomi AI            vs Phasenbott          Match:  -48 (319+ 367- 314=)
 Yomi AI            vs MegaHAL             Match:   35 (357+ 322- 321=)
 Yomi AI            vs RussRocker4         Match:   26 (344+ 318- 338=)
 Yomi AI            vs Biopic              Match:   13 (371+ 358- 271=)
 Yomi AI            vs Simple Modeller     Match:    7 (359+ 352- 289=)
 Yomi AI            vs Simple Predictor    Match:   11 (363+ 352- 285=)
 Yomi AI            vs Robertot            Match:   20 (359+ 339- 302=)
 Yomi AI            vs Boom                Match:   21 (362+ 341- 297=)
 Yomi AI            vs Shofar              Match:   24 (346+ 322- 332=)
 Yomi AI            vs ACT-R Lag2          Match:  -55 (318+ 373- 309=)
 Yomi AI            vs Majikthise          Match:   29 (366+ 337- 297=)
 Yomi AI            vs Vroomfondel         Match:   25 (346+ 321- 333=)
 Yomi AI            vs Granite             Match:   12 (359+ 347- 294=)
 Yomi AI            vs Marble              Match:   97 (451+ 354- 195=)
 Yomi AI            vs ZQ Bot              Match:   16 (378+ 362- 260=)
 Yomi AI            vs Sweet Rocky         Match:   51 (403+ 352- 245=)
 Yomi AI            vs Piedra              Match:   37 (382+ 345- 273=)
 Yomi AI            vs Mixed Strategy      Match:    5 (336+ 331- 333=)
 Yomi AI            vs Multi-strategy      Match:  278 (524+ 246- 230=)
 Yomi AI            vs Inocencio           Match:   26 (369+ 343- 288=)
 Yomi AI            vs Peterbot            Match:  210 (474+ 264- 262=)
 Yomi AI            vs Bugbrain            Match:  -48 (301+ 349- 350=)
 Yomi AI            vs Knucklehead         Match:  504 (674+ 170- 156=)
 Final results (draw value = 50):

 Tournament results: 

    Player Name          total     1    2    3    4    5    6    7    8    9   10   11   12   13   14   15   16   17   18   19   20   21   22   23   24   25   26   27   28   29   30   31   32   33   34   35   36   37   38   39   40   41   42
  1 Iocaine Powder       10918     0  264   90   22  496   34   71   20  238  139  251   32   41   31   39   96   18  270   54  112   44  -36  273  174   39  -33  132  161  342  171   77  328    7  566  895  225  362  913  988  988  993  991
  2 Phasenbott            9861  -264    0   21   -6  501   46   39   34  223  157  225   37   39  -10   48   73   55  282   34   94   15   13  212  211   64  -18  176   86  377   83  105  295  101  395  909  225  123  907  987  991  994  982
  3 MegaHAL               9608   -90  -21    0   23  119   33   61  -11  237   77  227  -17   30   23  -35   17   58  267   63   97  -13  -24  257  158  -32  -68  157   76   91  150  142  297  244  388  872  423  410  944  990  992  999  997
  4 Simple Modeller       9171   -22    6  -23    0  -25    1  -46   27  111  307   58  -23   57   37   -7  -59   10  279   67  131  -18   37  167  728  -45   -3  246  273  -31   59  142  114  254  255  707  433  392  594  993  990  998 1000
  5 RussRocker4           8563  -496 -501 -119   25    0    6   41   11  169   43  111   30   71   23  -26   19   33  155   46  117   15  -15  345  789  -31  -29  164  165  196  135   45  338  156  491  931  216  321  594  988  992  999 1000
  6 Biopic                8135   -34  -46  -33   -1   -6    0   28   -7   79   50  117  -15   38   -8  -13  -46   29   57   57   43   -4  -56  201  257    0    7  -41   23  393  145   27   30  136  497  798  333  336  777  993  994 1000 1000
  7 Robertot              7605   -71  -39  -61   46  -41  -28    0  -16   37   43    4   18   41    2  -20  -19   60   51   54   27    8  -59  266   -1   10   10   44   44  -19   17  169   53   97  468  743  434  376  883  982  994  998 1000
  8 Boom                  7199   -20  -34   11  -27  -11    7   16    0   58   29   63  -31   38  -16  -21  -11   71   65   69  -17  -29  -36  164   25    4   24   11    2   15  -67  155   57  141  490  536  413  332  753  991  990  995  994
  9 Granite               6816  -238 -223 -237 -111 -169  -79  -37  -58    0    2    1  -41   57  -54  -12  -80   53   27   44   62  -45  -20  206  641  -56   -2   44   74   49  116  181  141  181  259  918  230  409  594  996  993 1000 1000
 10 Simple Predictor      6814  -139 -157  -77 -307  -43  -50  -43  -29   -2    0  -25  -62   60    2  -11  -39   36  126   42   57  -16  -70  179  309  -79  -21  313  285  -29  110  154  146  256  305  316  383  375  592  985  990  995  997
 11 Marble                6508  -251 -225 -227  -58 -111 -117   -4  -63   -1   25    0  -34   37  -65  -97 -140   -5   90   69  -61  -14  -18  221  651  -62    9    6  -12   55  201  177   94  155  389  712  225  389  591  994  991  998  994
 12 Shofar                6407   -32  -37   17   23  -30   15  -18   31   41   62   34    0   56  -11  -24   -9   48   51   46   64   29  -15   39  107  -20   58   16   35    4   37  105  -12  247  207  210  421  289  552  879  940  962  990
 13 Sweet Rocky           6331   -41  -39  -30  -57  -71  -38  -41  -38  -57  -60  -37  -56    0  -59  -51   -6  -52  -70   48  -18  -37    9   99  -32   -7   -4   21   38  -38   82  144  166  223  214  998  262  399  591  992  996  998  990
 14 Bugbrain              6179   -31   10  -23  -37  -23    8   -2   16   54   -2   65   11   59    0   48    5   48  187   57   33   -4    4   91   -2  -10   -8  109   31  -10   50    5   98  140  164  346  197  222  398  976  952  956  991
 15 Yomi AI               6130   -39  -48   35    7   26   13   20   21   12   11   97   24   51  -48    0  -55   37   16  -37    5   29   25  278   26  -43  -23  -48  -29  366  106   97   62   84  504  210  356  404  629    5  966  998  980
 16 ACT-R Lag2            5922   -96  -73  -17   59  -19   46   19   11   80   39  140    9    6   -5   55    0   15  109   20   69  -27   -4  231   64  -79  -13   24   28  -13   92   65  -11  153  505  223  279  335  575   52  994  996  986
 17 Piedra                5775   -18  -55  -58  -10  -33  -29  -60  -71  -53  -36    5  -48   52  -48  -37  -15    0  -61   41  -36  -41  -45  171  -43  -39    2   76    1   -9  155  178  267  164   93  319  171  360  592  992  994  996  991
 18 ZQ Bot                5437  -270 -282 -267 -279 -155  -57  -51  -65  -27 -126  -90  -51   70 -187  -16 -109   61    0   48  -59  -49 -109  202  -59  -61  -26   68   -1   28  176  152  370  162  373  886  298  375  594  994  988  995  993
 19 * Anti-rotn           5211   -54  -34  -63  -67  -46  -57  -54  -69  -44  -42  -69  -46  -48  -57   37  -20  -41  -48    0  -39   30  -36  233  577  -35  -63   10   38  -42  226   56   37  310   54   52  473  177  500  497  997  998  983
 20 Mixed Strategy        5001  -112  -94  -97 -131 -117  -43  -27   17  -62  -57   61  -64   18  -33   -5  -69   36   59   39    0   16  -62  -23   29  -63  -48   16   25   60   25  177   34   14  167  280  186  380  540  981  965  985  998
 21 Majikthise            4849   -44  -15   13   18  -15    4   -8   29   45   16   14  -29   37    4  -29   27   41   49  -30  -16    0   14  196  130   20    4  -30  -16   -1  124   63   16  111  211   41  265  171  466  -23  994  993  989
 22 Vroomfondel           4823    36  -13   24  -37   15   56   59   36   20   70   18   15   -9   -4  -25    4   45  109   36   62  -14    0  139   48   -9    9   -1  -14    8   33   40  -45  132  182   18  220  177  431  -25  992  993  992
 23 Multi-strategy        2917  -273 -212 -257 -167 -345 -201 -266 -164 -206 -179 -221  -39  -99  -91 -278 -231 -171 -202 -233   23 -196 -139    0 -153  -50  -20   28  270   -3  131  123   -1  291   41  500  525  392  999  997  997  999  998
 24 Inocencio             1254  -174 -211 -158 -728 -789 -257    1  -25 -641 -309 -651 -107   32    2  -26  -64   43   59 -577  -29 -130  -48  153    0   -9  -25   49  101  275  177  120  110   61  204   66  274  350  352  848  979  980  976
 25 * De Bruijn            751   -39  -64   32   45   31    0  -10   -4   56   79   62   20    7   10   43   79   39   61   35   63  -20    9   50    9    0   -1   41    3   -8    7   23   17   37    8    5  -17    2  128   -1   21    0 -107
 26 * Pi                   214    33   18   68    3   29   -7  -10  -24    2   21   -9  -58    4    8   23   13   -2   26   63   48   -4   -9   20   25    1    0  -15    0  -10   35  -81  -32   19  -34    2   21    8   30   22  -11  -11  -11
 27 * Add-drift          -1782  -132 -176 -157 -246 -164   41  -44  -11  -44 -313   -6  -16  -21 -109   48  -24  -76  -68  -10  -16   30    1  -28  -49  -41   15    0  -28  -34  -27   31   32  -29   -5  -59    7  -34  -51   38   30   -5  -32
 28 * Copy-drift         -1855  -161  -86  -76 -273 -165  -23  -44   -2  -74 -285   12  -35  -38  -31   29  -28   -1    1  -38  -25   16   14 -270 -101   -3    0   28    0   20  -19   -7    7  -37   -4  -58   15  -69    7   -8  -15    3  -31
 29 * Foxtrot            -2031  -342 -377  -91   31 -196 -393   19  -15  -49   29  -55   -4   38   10 -366   13    9  -28   42  -60    1   -8    3 -275    8   10   34  -20    0   27   32    2  -44   39  -35  -15    8  -33   19   37   10  -46
 30 * Flat               -2688  -171  -83 -150  -59 -135 -145  -17   67 -116 -110 -201  -37  -82  -50 -106  -92 -155 -176 -226  -25 -124  -33 -131 -177   -7  -35   27   19  -27    0   12    1   -7   -3 -172   18   26  250  206  -19    1 -444
 31 * Text               -2944   -77 -105 -142 -142  -45  -27 -169 -155 -181 -154 -177 -105 -144   -5  -97  -65 -178 -152  -56 -177  -63  -40 -123 -120  -23   81  -31    7  -32  -12    0   11   54    0   12    5   26 -185  -74  -11 -185  112
 32 * Add-react          -3127  -328 -295 -297 -114 -338  -30  -53  -57 -141 -146  -94   12 -166  -98  -62   11 -267 -370  -37  -34  -16   45    1 -110  -17   32  -32   -7   -2   -1  -11    0   14  -74  -37  -20   28   11   28  -50   -7    2
 33 * Switch A Lot       -3622    -7 -101 -244 -254 -156 -136  -97 -141 -181 -256 -155 -247 -223 -140  -84 -153 -164 -162 -310  -14 -111 -132 -291  -61  -37  -19   29   37   44    7  -54  -14    0  -20  -80  -12    5   10  326   -5   18  -37
 34 Knucklehead          -4351  -566 -395 -388 -255 -491 -497 -468 -490 -259 -305 -389 -207 -214 -164 -504 -505  -93 -373  -54 -167 -211 -182  -41 -204   -8   34    5    4  -39    3    0   74   20    0  -25   33   31  124  843   22 1000  950
 35 Peterbot             -6937  -895 -909 -872 -707 -931 -798 -743 -536 -918 -316 -712 -210 -998 -346 -210 -223 -319 -886  -52 -280  -41  -18 -500  -66   -5   -2   59   58   35  172  -12   37   80   25    0  259  430  441  981  998 1000  993
 36 Always Switchin'     -7253  -225 -225 -423 -433 -216 -333 -434 -413 -230 -383 -225 -421 -262 -197 -356 -279 -171 -298 -473 -186 -265 -220 -525 -274   17  -21   -7  -15   15  -18   -5   20   12  -33 -259    0   17   53  485    0   -8  -39
 37 R-P-S 20-20-60       -9080  -362 -123 -410 -392 -321 -336 -376 -332 -409 -375 -389 -289 -399 -222 -404 -335 -360 -375 -177 -380 -171 -177 -392 -350   -2   -8   34   69   -8  -26  -26  -28   -5  -31 -430  -17    0 -388 -180   12 -392  202
 38 Beat Frequent Pick  -14362  -913 -907 -944 -594 -594 -777 -883 -753 -594 -592 -591 -552 -591 -398 -629 -575 -592 -594 -500 -540 -466 -431 -999 -352 -128  -30   51   -7   33 -250  185  -11  -10 -124 -441  -53  388    0 -600    0  999  997
 39 Beat The Last Move  -19140  -988 -987 -990 -993 -988 -993 -982 -991 -996 -985 -994 -879 -992 -976   -5  -52 -992 -994 -497 -981   23   25 -997 -848    1  -22  -38    8  -19 -206   74  -28 -326 -843 -981 -485  180  600    0    1 1000  996
 40 Rotate R-P-S        -25337  -988 -991 -992 -990 -992 -994 -994 -990 -993 -990 -991 -940 -996 -952 -966 -994 -994 -988 -997 -965 -994 -992 -997 -979  -21   11  -30   15  -37   19   11   50    5  -22 -998    0  -12    0   -1    0    0 -668
 41 Good Ole Rock       -26243  -993 -994 -999 -998 -999 -1000 -998 -995 -1000 -995 -998 -962 -998 -956 -998 -996 -996 -995 -998 -985 -993 -993 -999 -980    0   11    5   -3  -10   -1  185    7  -18 -1000 -1000    8  392 -999 -1000    0    0  998
 42 * Anti-Flat         -27647  -991 -982 -997 -1000 -1000 -1000 -1000 -994 -1000 -997 -994 -990 -990 -991 -980 -986 -991 -993 -983 -998 -989 -992 -998 -976  107   11   32   31   46  444 -112   -2   37 -950 -993   39 -202 -997 -996  668 -998    0

 Match results (draw <= 50): 

    Player Name           total  W  L  D   1  2  3  4  5  6  7  8  9 10 11 12 13 14 15 16 17 18 19 20 21 22 23 24 25 26 27 28 29 30 31 32 33 34 35 36 37 38 39 40 41 42
  1 Iocaine Powder          69  28  0 13   1  2  2  1  2  1  1  1  1  2  1  1  2  2  1  1  2  2  1  2  1  2  2  1  2  2  2  2  2  2  2  2  2  2  2  2  1  2  2  2  2  2
  2 Phasenbott              67  27  1 13   0  1  1  1  2  1  1  1  1  2  1  1  2  1  1  2  2  2  2  1  1  2  2  1  2  2  2  2  2  2  2  2  2  2  2  2  2  2  2  2  2  2
  3 MegaHAL                 66  27  2 12   0  1  1  1  2  1  1  1  1  1  1  1  2  2  1  2  2  2  1  2  1  2  2  0  2  2  2  2  2  2  2  2  2  2  2  2  2  2  2  2  2  2
  4 Simple Modeller         64  24  1 16   1  1  1  1  1  1  1  1  1  0  1  1  2  1  1  1  2  2  1  2  2  2  2  1  2  1  2  2  2  2  2  2  2  2  2  2  2  2  2  2  2  2
  5 RussRocker4             60  22  3 16   0  0  0  1  1  1  1  1  1  1  1  1  1  1  1  1  2  2  1  1  2  2  2  1  2  2  2  2  2  2  2  2  2  1  2  2  2  2  2  2  2  2
  6 Bugbrain                59  18  0 23   1  1  1  1  1  1  1  1  1  1  1  1  1  1  1  1  2  2  1  2  2  1  1  1  2  1  2  2  1  2  2  1  2  1  2  2  2  2  2  2  2  2
  7 Biopic                  58  18  1 22   1  1  1  1  1  1  1  1  1  1  1  0  1  1  1  1  2  2  1  2  1  2  1  1  2  2  2  1  1  2  1  2  2  1  2  2  2  2  2  2  2  2
  8 Boom                    58  18  1 22   1  1  1  1  1  1  1  1  1  1  1  1  1  1  1  2  2  2  1  2  1  1  1  1  2  1  2  1  1  2  2  0  2  2  2  2  2  2  2  2  2  2
  9 Shofar                  58  17  0 24   1  1  1  1  1  1  1  1  1  1  1  1  2  1  1  1  1  1  1  1  2  2  2  2  2  1  1  1  1  2  1  1  2  2  2  2  2  2  2  2  2  2
 10 ACT-R Lag2              58  20  3 18   0  0  1  2  1  1  1  1  1  1  2  1  1  1  1  1  2  2  0  1  1  2  2  1  2  1  2  1  1  2  1  2  2  2  2  2  2  2  2  2  2  2
 11 Yomi AI                 56  16  1 24   1  1  1  1  1  1  1  1  1  0  1  1  1  1  1  1  1  2  1  1  2  1  1  1  1  2  2  1  1  2  2  2  2  2  1  2  2  2  2  2  2  2
 12 Vroomfondel             55  14  0 27   1  1  1  1  1  1  2  1  1  1  1  1  2  2  1  1  1  1  1  1  1  1  2  1  2  1  2  1  1  1  1  1  2  1  1  2  2  2  2  2  2  2
 13 Simple Predictor        54  20  7 14   0  0  0  0  1  1  1  1  0  1  1  0  1  1  1  1  1  1  0  1  2  2  2  1  2  1  2  2  2  2  2  2  2  2  2  2  2  2  2  2  2  2
 14 Robertot                54  16  3 22   0  1  0  1  1  1  1  1  1  1  1  0  1  1  1  2  1  1  1  2  1  1  1  1  2  1  2  1  1  2  2  1  2  2  2  2  2  2  2  2  2  2
 15 Majikthise              53  12  0 29   1  1  1  1  1  1  1  1  1  1  1  1  1  1  1  1  1  1  1  1  1  2  1  1  1  1  2  1  1  1  1  2  2  2  1  2  2  2  2  2  2  2
 16 Piedra                  51  16  6 19   1  0  0  1  1  1  1  0  1  1  1  1  1  0  1  1  0  1  1  1  2  1  1  1  0  1  2  2  1  2  2  2  2  2  2  2  2  2  2  2  2  2
 17 Granite                 50  19 10 12   0  0  0  0  0  0  0  0  1  0  1  1  1  1  1  2  1  1  0  1  2  2  2  1  1  1  2  1  2  2  2  2  2  2  2  2  2  2  2  2  2  2
 18 Marble                  47  18 12 11   0  0  0  0  0  0  0  0  1  0  0  1  1  1  1  1  1  1  0  2  1  2  0  1  2  2  2  1  1  2  2  2  2  2  2  2  2  2  2  2  2  2
 19 * De Bruijn             46   7  2 32   1  0  1  1  1  1  1  1  1  2  1  1  2  1  1  1  2  2  1  1  1  1  2  1  2  1  1  1  1  1  1  1  1  1  1  1  1  1  2  1  1  0
 20 * Anti-rotn             46  14  9 18   0  1  0  0  1  0  0  0  1  1  1  1  1  0  1  1  1  0  1  1  1  2  1  0  1  1  2  1  1  2  1  2  2  2  2  2  2  2  2  2  2  2
 21 Sweet Rocky             46  14  9 18   1  1  1  0  0  0  1  1  0  1  0  1  0  1  1  0  0  1  1  1  1  1  1  1  0  1  2  1  1  2  2  2  2  2  2  2  2  2  2  2  2  2
 22 Inocencio               45  17 13 11   0  0  0  0  0  1  0  1  0  0  1  1  0  1  0  1  0  0  1  0  1  1  1  1  2  2  2  1  2  2  2  2  2  2  2  2  2  2  2  2  2  2
 23 Mixed Strategy          43  13 11 17   0  0  0  0  0  1  1  1  0  0  1  0  0  1  1  1  0  2  0  1  1  1  1  1  2  2  1  1  1  2  1  1  2  2  2  2  1  2  2  2  2  2
 24 * Pi                    41   2  2 37   1  1  2  1  1  1  1  1  0  1  1  1  1  1  1  1  1  1  1  2  1  1  1  1  1  1  1  1  1  1  1  1  1  0  1  1  1  1  1  1  1  1
 25 ZQ Bot                  41  17 17  7   0  0  0  0  0  0  0  0  0  0  1  0  0  0  1  2  1  0  0  1  2  0  0  1  1  1  2  2  1  2  2  2  2  2  2  2  2  2  2  2  2  2
 26 * Foxtrot               32   0  9 32   0  0  0  1  0  1  0  1  1  1  0  1  1  1  1  1  1  0  1  1  1  0  0  1  1  1  1  1  1  1  1  1  1  1  1  1  1  1  1  1  1  1
 27 Multi-strategy          32  12 21  8   0  0  0  0  0  0  0  0  1  0  0  0  0  0  0  0  0  0  1  0  0  0  1  1  0  1  1  1  2  2  1  2  1  2  2  2  2  2  2  2  2  2
 28 * Add-drift             30   0 11 30   0  0  0  0  0  0  1  1  1  1  1  1  0  1  1  0  1  1  1  1  1  1  1  1  0  1  1  1  1  0  1  1  1  1  1  1  1  1  0  1  1  1
 29 * Copy-drift            30   0 11 30   0  0  0  0  0  1  1  1  1  1  1  1  0  1  1  1  0  1  1  1  1  0  1  1  1  1  0  1  1  0  1  1  1  1  1  1  1  1  1  1  0  1
 30 Peterbot                30  11 22  8   0  0  0  0  0  0  0  0  0  0  0  1  0  0  1  0  0  0  1  0  0  0  0  1  0  1  0  2  2  1  1  2  1  1  2  2  2  2  2  2  2  2
 31 * Add-react             24   0 17 24   0  0  0  0  0  0  1  0  1  1  0  1  0  0  1  0  0  0  1  1  0  0  1  1  0  1  1  1  1  1  1  1  0  1  1  1  1  1  1  1  1  1
 32 * Flat                  24   3 20 18   0  0  0  0  0  1  0  2  1  0  0  1  0  1  0  0  0  0  1  0  0  0  1  1  0  1  0  1  1  0  1  1  1  1  2  1  1  1  2  1  1  0
 33 Knucklehead             23   5 23 13   0  0  0  0  0  0  0  0  0  0  0  0  0  0  0  0  0  0  1  0  0  0  0  1  0  1  1  1  1  1  2  1  1  1  2  1  1  2  2  1  1  2
 34 * Text                  21   3 23 15   0  0  0  0  1  1  1  0  0  0  0  1  0  0  0  0  0  0  1  0  0  0  0  2  0  1  0  1  1  1  1  1  1  1  0  1  2  0  0  1  1  2
 35 Beat The Last Move      20   5 26 10   0  0  0  0  0  0  0  0  0  0  1  1  0  0  1  0  0  0  1  0  0  0  0  1  0  1  0  1  1  0  1  0  0  2  1  0  0  2  2  1  2  2
 36 Always Switchin'        18   2 25 14   0  0  0  0  0  0  0  0  0  0  0  0  0  0  0  0  0  0  1  0  0  0  0  1  0  1  0  1  1  0  1  1  1  1  2  1  1  1  2  1  1  1
 37 * Switch A Lot          18   1 24 16   1  0  0  0  0  0  0  0  0  0  0  0  0  0  0  0  0  0  1  0  0  0  1  1  0  1  0  1  1  0  1  1  1  0  2  1  1  1  1  1  1  1
 38 Good Ole Rock           16   3 28 10   0  0  0  0  0  0  0  0  0  0  0  0  0  0  0  0  0  0  1  0  0  0  0  1  0  1  0  1  1  0  1  1  0  2  0  1  1  1  0  1  2  2
 39 Beat Frequent Pick      16   5 30  6   0  0  0  0  0  0  0  0  0  0  0  0  0  0  0  0  0  0  0  0  0  0  0  1  0  1  0  2  1  0  1  0  0  2  0  0  1  2  1  1  2  2
 40 Rotate R-P-S            15   0 26 15   0  0  0  0  0  0  0  0  0  0  0  0  0  0  0  0  0  0  1  0  0  0  0  1  0  1  0  1  1  0  1  1  1  1  1  1  1  1  1  1  1  0
 41 R-P-S 20-20-60          15   2 28 11   0  0  0  0  0  0  0  0  0  0  0  0  0  0  0  0  0  0  1  0  0  0  0  1  0  1  0  1  2  0  1  1  1  1  0  1  1  0  0  1  1  2
 42 * Anti-Flat             13   3 31  7   0  0  0  0  0  0  0  0  0  0  0  0  0  0  0  0  0  0  2  0  0  0  0  1  0  1  0  1  1  0  1  2  0  0  0  1  1  0  0  2  0  1


   Yomi AI is match ranked 11

 Tournament results:
    Player Name          total 
  1 Yomi AI               6130 
 19 Iocaine Powder       10918 
 20 Phasenbott            9861 
 21 MegaHAL               9608 
 22 RussRocker4           8563 
 23 Biopic                8135 
 24 Simple Modeller       9171 
 25 Simple Predictor      6814 
 26 Robertot              7605 
 27 Boom                  7199 
 28 Shofar                6407 
 32 Granite               6816 
 33 Marble                6508 
 35 Sweet Rocky           6331 
 41 Bugbrain              6179 

   Yomi is tournament ranked 15

