 Playing 1 tournaments with 1000 trials per match...

 Yomi AI            vs Good Ole Rock       Match:  998 (999+   1-   0=)
 Yomi AI            vs R-P-S 20-20-60      Match:  408 (614+ 206- 180=)
 Yomi AI            vs Rotate R-P-S        Match:  967 (971+   4-  25=)
 Yomi AI            vs Beat The Last Move  Match:  194 (470+ 276- 254=)
 Yomi AI            vs Always Switchin'    Match:  331 (518+ 187- 295=)
 Yomi AI            vs Beat Frequent Pick  Match:  633 (772+ 139-  89=)
 Yomi AI            vs * Pi                Match:  -24 (324+ 348- 328=)
 Yomi AI            vs * Switch A Lot      Match:  166 (410+ 244- 346=)
 Yomi AI            vs * Flat              Match:  191 (461+ 270- 269=)
 Yomi AI            vs * Anti-Flat         Match:  996 (997+   1-   2=)
 Yomi AI            vs * Foxtrot           Match:  420 (625+ 205- 170=)
 Yomi AI            vs * De Bruijn         Match:  -58 (305+ 363- 332=)
 Yomi AI            vs * Text              Match:  152 (434+ 282- 284=)
 Yomi AI            vs * Anti-rotn         Match:   47 (372+ 325- 303=)
 Yomi AI            vs * Copy-drift        Match:   39 (359+ 320- 321=)
 Yomi AI            vs * Add-react         Match:   23 (344+ 321- 335=)
 Yomi AI            vs * Add-drift         Match:   57 (375+ 318- 307=)
 Yomi AI            vs Iocaine Powder      Match:    9 (339+ 330- 331=)
 Yomi AI            vs Phasenbott          Match:    8 (343+ 335- 322=)
 Yomi AI            vs MegaHAL             Match:  -27 (333+ 360- 307=)
 Yomi AI            vs RussRocker4         Match:  -24 (334+ 358- 308=)
 Yomi AI            vs Biopic              Match:   26 (342+ 316- 342=)
 Yomi AI            vs Simple Modeller     Match:   38 (361+ 323- 316=)
 Yomi AI            vs Simple Predictor    Match:   25 (377+ 352- 271=)
 Yomi AI            vs Robertot            Match:    4 (378+ 374- 248=)
 Yomi AI            vs Boom                Match:   45 (347+ 302- 351=)
 Yomi AI            vs Shofar              Match:   -1 (345+ 346- 309=)
 Yomi AI            vs ACT-R Lag2          Match:   -3 (332+ 335- 333=)
 Yomi AI            vs Majikthise          Match:   44 (375+ 331- 294=)
 Yomi AI            vs Vroomfondel         Match:    2 (348+ 346- 306=)
 Yomi AI            vs Granite             Match:  128 (459+ 331- 210=)
 Yomi AI            vs Marble              Match:   25 (392+ 367- 241=)
 Yomi AI            vs ZQ Bot              Match:  105 (453+ 348- 199=)
 Yomi AI            vs Sweet Rocky         Match:   26 (361+ 335- 304=)
 Yomi AI            vs Piedra              Match:   51 (387+ 336- 277=)
 Yomi AI            vs Mixed Strategy      Match:   36 (370+ 334- 296=)
 Yomi AI            vs Multi-strategy      Match:  358 (587+ 229- 184=)
 Yomi AI            vs Inocencio           Match:   73 (422+ 349- 229=)
 Yomi AI            vs Peterbot            Match:   85 (395+ 310- 295=)
 Yomi AI            vs Bugbrain            Match:  -49 (320+ 369- 311=)
 Yomi AI            vs Knucklehead         Match:  545 (699+ 154- 147=)
 Final results (draw value = 50):

 Tournament results: 

    Player Name          total     1    2    3    4    5    6    7    8    9   10   11   12   13   14   15   16   17   18   19   20   21   22   23   24   25   26   27   28   29   30   31   32   33   34   35   36   37   38   39   40   41   42
  1 Iocaine Powder       11100     0   18   57  266   25  495   20  215   40   45   -9   10  233  193   46    4   44  363   80   13   55   28  200   64    7  197  171  202  399  113  173  332  563   37  868  247  419  898  992  994  999  984
  2 Simple Modeller       9722   -18    0   14    4   26    9   54  284   25   69  -38   26   91  118    2   37   -2  266   80  -24   54    0  224    2  -32  696  215  244   21  136   80  114  317  252  997  461  345  591  993  992 1000  997
  3 MegaHAL               9653   -57  -14    0  -36   18  100   20   62   21   61   27   22  236  226   -9    3   -4  251   25  -46   48   20  253  -34   16  137   67  238  104  189  162  340  388  211  890  456  346  932  993  991 1000 1000
  4 Phasenbott            9546  -266   -4   36    0   23  554   26  133  -38   21   -8    8  220  194    0   29   10  255   50   -7  109   20  133   42   15  164   85  156  385   86  109  307  386   62  901  256  173  946  988  993  997  997
  5 Biopic                8642   -25  -26  -18  -23    0   -9    6   66   18   13  -26   39  161  148  -12   25  -35   99   55   31   47   -1  258  -21    2  146   92   13  394  131  224   51  517  136  736  308  340  809  991  992  998  992
  6 RussRocker4           7903  -495   -9 -100 -554    9    0   53  100   72   71   24   23  153  161   -8   13   40  175  139  -16   45   27  247  -34  -26  148  154  115  187   51  104  321  457  122  936  246  379  593  994  990  999  997
  7 Robertot              7763   -20  -54  -20  -26   -6  -53    0   95   31   43   -4   80  -28   87  -16    0  -66  110   35   16   55  -60  259  -29  -76   -7   46  -24  -47  188   34   94  421  142  862  484  364  878  982  996  999  998
  8 Simple Predictor      7721  -215 -284  -62 -133  -66 -100  -95    0   18   31  -25   65   21   11  -10    9  -63  177   59  -19   45   -9  179  -73  -21  494  312  326  -38  154  108  143  304  235  893  393  405  592  986  986  995  993
  9 Boom                  7109   -40  -25  -21   38  -18  -72  -31  -18    0   25  -45   59   37  -10   15  -22  -24   19   31  -43   44  -10  215   46  -25   51   53   51   20   89   72   98  521  146  381  426  352  753  991  989  997  994
 10 Piedra                7088   -45  -69  -61  -21  -13  -71  -43  -31  -25    0  -51  -53  -73  -26  -47  -52  -24  -82  -43  -11   45  -43   65  -59  -19  795   -3   95   -3  158   83  352  159  239  883  249  361  592  996  994  996  994
 11 Yomi AI               7069     9   38  -27    8   26  -24    4   25   45   51    0   26   25  128   -1  -49   -3  105   36   44   47    2  358  -58  -24   73   39   57  420  152  191   23  545  166   85  331  408  633  194  967  998  996
 12 Sweet Rocky           6878   -10  -26  -22   -8  -39  -23  -80  -65  -59   53  -26    0  -41  -50  -36  -54  -51  -29   -5  -52   62  -62  114  -13  -10  794  -35   36   67  152  218  280  178  117  321  335  384  589  987  991  996 1000
 13 Marble                6784  -233  -91 -236 -220 -161 -153   28  -21  -37   73  -25   41    0   -6  -53 -105 -103    7    6  -39   70  -42  271  -56   -8  649   91   20   45  183  198   99  337  176  948  193  363  592  994  995 1000  994
 14 Granite               6720  -193 -118 -226 -194 -148 -161  -87  -11   10   26 -128   50    6    0  -72 -100 -135   94  -22  -57   73  -30  393  -11   -8  645   26   40   72  178  178   94  346  127  899  186  401  594  992  995 1000  996
 15 Shofar                6516   -46   -2    9    0   12    8   16   10  -15   47    1   36   53   72    0  -14  -22   89   14  -39   44   -5  152  -15  -16  339   53   19  -26  151   37   62  132  192   88  435  315  558  870  943  975  984
 16 Bugbrain              6300    -4  -37   -3  -29  -25  -13    0   -9   22   52   49   54  105  100   14    0    4  170   69   34   39   11  115   -2   -7   37   35  105   13   60  134  111  192  106  206  193  175  387  926  929  989  993
 17 ACT-R Lag2            5882   -44    2    4  -10   35  -40   66   63   24   24    3   51  103  135   22   -4    0   90   61    2   16   34  192  -95   -7  109  -25    6  -48   39   63   23  472  141  241  270  284  560   39  991  996  994
 18 ZQ Bot                5832  -363 -266 -251 -255  -99 -175 -110 -177  -19   82 -105   29   -7  -94  -89 -170  -90    0  -11  -18   43  -60  205   -3   -4  425   15   94  -14  140  188  317  367  132  884  356  363  588  994  994  996 1000
 19 Mixed Strategy        4794   -80  -80  -25  -50  -55 -139  -35  -59  -31   43  -36    5   -6   22  -14  -69  -61   11    0  -24   30    3   24  -87   12   19   34   26   33  162  -10   96  123  109  -39  199  346  469  979  963  996  990
 20 Majikthise            4684   -13   24   46    7  -31   16  -16   19   43   11  -44   52   39   57   39  -34   -2   18   24    0  -36   16  162  -44  -13   88    4  -25   21   51   97   12  177   77    3  253  129  460   13  996  993  995
 21 * Anti-rotn           4538   -55  -54  -48 -109  -47  -45  -55  -45  -44  -45  -47  -62  -70  -73  -44  -39  -16  -43  -30   36    0    4  243  -62  -60  -74  -46   23    8   52  261   -3    8  327   54  506  165  597  490  997  998  985
 22 Vroomfondel           4530   -28    0  -20  -20    1  -27   60    9   10   43   -2   62   42   30    5  -11  -34   60   -3  -16   -4    0  160   15   12   32  -14   -9   36  -16   86   -2  208  120  -10  163  167  456   -4  987  993  993
 23 Multi-strategy        2165  -200 -224 -253 -133 -258 -247 -259 -179 -215  -65 -358 -114 -271 -393 -152 -115 -192 -205  -24 -162 -243 -160    0  -50  -20  -70  232   13  -21  123  114   38   69  312  -21  477  400  999  997  997  999  999
 24 * De Bruijn            709   -64   -2   34  -42   21   34   29   73  -46   59   58   13   56   11   15    2   95    3   87   44   62  -15   50    0   -1   27    6   38   23   23   10   -5    4   -4  -12  -27   14  128   -1   21    0 -112
 25 * Pi                   363    -7   32  -16  -15   -2   26   76   21   25   19   24   10    8    8   16    7    7    4  -12   13   60  -12   20    1    0   40  -17   -8   16  -81   15   28   -9   22   30    5  -11   30   22  -11  -11  -10
 26 Inocencio              278  -197 -696 -137 -164 -146 -148    7 -494  -51 -795  -73 -794 -649 -645 -339  -37 -109 -425  -19  -88   74  -32   70  -27  -40    0  149   37  326  152  120   94  218  110  155  374  380  359  827  978  977  976
 27 * Copy-drift         -1664  -171 -215  -67  -85  -92 -154  -46 -312  -53    3  -39   35  -91  -26  -53  -35   25  -15  -34   -4   46   14 -232   -6   17 -149    0   45    8   37   38   25  -75   23  -36  -29  -40   12   79  -29   -8   25
 28 * Add-drift          -1970  -202 -244 -238 -156  -13 -115   24 -326  -51  -95  -57  -36  -20  -40  -19 -105   -6  -94  -26   25  -23    9  -13  -38    8  -37  -45    0   22   18   27  -88  -11   25  -23  -26   -5   18  -19   22   20  -17
 29 * Foxtrot            -2323  -399  -21 -104 -385 -394 -187   47   38  -20    3 -420  -67  -45  -72   26  -13   48   14  -33  -21   -8  -36   21  -23  -16 -326   -8  -22    0    8    2   -7   25   79  -36   21    9  -32    6    4   26   -5
 30 * Text               -3283  -113 -136 -189  -86 -131  -51 -188 -154  -89 -158 -152 -152 -183 -178 -151  -60  -39 -140 -162  -51  -52   16 -123  -23   81 -152  -37  -18   -8    0    3  -15   19   -3   30  -84  -10 -185  -74  -11 -185  111
 31 * Flat               -3297  -173  -80 -162 -109 -224 -104  -34 -108  -72  -83 -191 -218 -198 -178  -37 -134  -63 -188   10  -97 -261  -86 -114  -10  -15 -120  -38  -27   -2   -3    0  -48   43  -66 -157   12   -5  244  207    4    1 -413
 32 * Add-react          -3302  -332 -114 -340 -307  -51 -321  -94 -143  -98 -352  -23 -280  -99  -94  -62 -111  -23 -317  -96  -12    3    2  -38    5  -28  -94  -25   88    7   15   48    0  -14   -1  -31  -34    5   16  -18  -24    4   81
 33 Knucklehead          -3486  -563 -317 -388 -386 -517 -457 -421 -304 -521 -159 -545 -178 -337 -346 -132 -192 -472 -367 -123 -177   -8 -208  -69   -4    9 -218   75   11  -25  -19  -43   14    0  -16 -107   -8   33  155  929  916 1000  999
 34 * Switch A Lot       -3736   -37 -252 -211  -62 -136 -122 -142 -235 -146 -239 -166 -117 -176 -127 -192 -106 -141 -132 -109  -77 -327 -120 -312    4  -22 -110  -23  -25  -79    3   66    1   16    0 -141  -31  -24    8  328  -35   -3   15
 35 Peterbot             -6582  -868 -997 -890 -901 -736 -936 -862 -893 -381 -883  -85 -321 -948 -899  -88 -206 -241 -884   39   -3  -54   10   21   12  -30 -155   36   23   36  -30  157   31  107  141    0  274  407  437  981  999  998 1000
 36 Always Switchin'     -7269  -247 -461 -456 -256 -308 -246 -484 -393 -426 -249 -331 -335 -193 -186 -435 -193 -270 -356 -199 -253 -506 -163 -477   27   -5 -374   29   26  -21   84  -12   34    8   31 -274    0    2   51  514   50    7  -23
 37 R-P-S 20-20-60       -8626  -419 -345 -346 -173 -340 -379 -364 -405 -352 -361 -408 -384 -363 -401 -315 -175 -284 -363 -346 -129 -165 -167 -400  -14   11 -380   40    5   -9   10    5   -5  -33   24 -407   -2    0 -372 -115   17 -395  378
 38 Beat Frequent Pick  -14536  -898 -591 -932 -946 -809 -593 -878 -592 -753 -592 -633 -589 -592 -594 -558 -387 -560 -588 -469 -460 -597 -456 -999 -128  -30 -359  -12  -18   32  185 -244  -16 -155   -8 -437  -51  372    0 -600    0  999 1000
 39 Beat The Last Move  -19446  -992 -993 -993 -988 -991 -994 -982 -986 -991 -996 -194 -987 -994 -992 -870 -926  -39 -994 -979  -13 -490    4 -997    1  -22 -827  -79   19   -6   74 -207   18 -929 -328 -981 -514  115  600    0    1 1000  996
 40 Rotate R-P-S        -26228  -994 -992 -991 -993 -992 -990 -996 -986 -989 -994 -967 -991 -995 -995 -943 -929 -991 -994 -963 -996 -997 -987 -997  -21   11 -978   29  -22   -4   11   -4   24 -916   35 -999  -50  -17    0   -1    0    0 -664
 41 Good Ole Rock       -26340  -999 -1000 -1000 -997 -998 -999 -999 -995 -997 -996 -998 -996 -1000 -1000 -975 -989 -996 -996 -996 -993 -998 -993 -999    0   11 -977    8  -20  -26  185   -1   -4 -1000    3 -998   -7  395 -999 -1000    0    0  999
 42 * Anti-Flat         -28201  -984 -997 -1000 -997 -992 -997 -998 -993 -994 -994 -996 -1000 -994 -996 -984 -993 -994 -1000 -990 -995 -985 -993 -999  112   10 -976  -25   17    5 -111  413  -81 -999  -15 -1000   23 -378 -1000 -996  664 -999    0

 Match results (draw <= 50): 

    Player Name           total  W  L  D   1  2  3  4  5  6  7  8  9 10 11 12 13 14 15 16 17 18 19 20 21 22 23 24 25 26 27 28 29 30 31 32 33 34 35 36 37 38 39 40 41 42
  1 Iocaine Powder          68  27  0 14   1  1  2  2  2  1  1  1  1  1  1  1  1  1  2  1  2  1  2  2  2  2  2  1  2  2  2  2  2  2  2  2  2  2  2  1  2  2  2  2  2  2
  2 Simple Modeller         66  25  0 16   1  1  1  1  1  1  1  1  1  1  1  1  2  1  2  1  2  2  1  2  2  2  2  1  2  1  2  2  2  2  2  2  2  2  2  2  2  2  2  2  2  2
  3 Phasenbott              64  24  1 16   0  1  1  1  2  1  1  1  1  1  1  1  1  1  2  1  2  1  1  2  2  1  2  1  2  2  2  2  2  2  2  2  2  2  2  2  2  2  2  2  2  2
  4 MegaHAL                 64  24  1 16   0  1  1  1  2  1  1  1  1  1  1  1  1  1  2  1  2  2  1  2  2  1  1  1  2  2  2  2  2  2  2  2  2  2  2  2  2  2  2  2  2  2
  5 RussRocker4             64  26  3 12   0  1  0  0  1  1  1  1  1  1  2  1  2  1  2  1  2  2  1  2  2  2  1  1  2  2  2  2  2  2  2  2  2  2  2  2  2  2  2  2  2  2
  6 Biopic                  63  22  0 19   1  1  1  1  1  1  1  1  1  1  1  1  1  1  2  1  2  1  1  2  2  2  1  1  2  2  2  2  2  1  2  2  2  2  2  2  2  2  2  2  2  2
  7 Bugbrain                62  21  0 20   1  1  1  1  1  1  1  1  1  1  1  1  1  1  1  2  2  2  1  2  2  2  1  1  1  1  2  2  1  2  2  2  2  2  2  2  2  2  2  2  2  2
  8 Yomi AI                 59  19  1 21   1  1  1  1  1  1  1  1  1  1  1  1  1  1  1  1  1  2  0  2  2  1  1  1  2  2  2  2  1  2  1  2  2  2  2  2  2  2  2  2  2  2
  9 Shofar                  59  18  0 23   1  1  1  1  1  1  1  1  1  1  1  1  1  1  1  1  2  1  1  2  2  1  1  1  2  1  2  2  2  1  2  2  1  2  2  2  2  2  2  2  2  2
 10 ACT-R Lag2              59  19  1 21   1  1  1  1  1  1  1  1  1  1  1  1  2  1  2  2  2  1  0  2  2  2  1  1  2  1  2  2  1  1  1  2  2  1  2  2  1  2  2  2  2  2
 11 Boom                    58  18  1 22   1  1  1  1  0  1  1  1  1  1  1  1  1  1  1  2  1  1  1  1  1  1  1  1  2  1  2  2  2  2  2  2  2  2  2  2  2  2  2  2  2  2
 12 Majikthise              55  14  0 27   1  1  1  1  1  1  1  1  1  1  1  1  1  1  1  2  1  1  1  2  1  1  1  1  2  1  2  1  1  1  1  2  2  1  2  2  2  2  2  2  2  2
 13 Robertot                54  18  5 18   1  0  1  1  0  1  1  1  1  0  1  1  1  0  2  2  1  1  1  2  2  1  2  0  1  1  2  2  1  1  2  2  1  2  2  2  2  2  2  2  2  2
 14 Vroomfondel             54  13  0 28   1  1  1  1  1  1  1  1  1  1  1  1  2  1  1  2  1  1  1  1  2  1  1  1  1  1  2  1  1  1  1  2  2  1  2  2  1  2  2  2  2  2
 15 Simple Predictor        52  20  9 12   0  0  0  0  0  0  1  1  1  0  1  1  0  1  1  2  1  1  0  1  2  2  1  1  2  1  2  2  2  2  2  2  2  2  2  2  2  2  2  2  2  2
 16 Sweet Rocky             52  18  7 16   1  1  1  1  1  1  0  1  1  0  0  0  0  0  0  1  1  2  1  1  1  1  2  1  2  2  2  2  1  1  2  2  2  2  2  2  2  2  2  2  2  2
 17 Marble                  49  18 10 13   0  0  0  0  0  0  0  1  0  0  1  1  1  1  1  1  1  2  0  1  1  1  2  1  2  1  2  2  2  1  2  2  2  2  2  2  2  2  2  2  2  2
 18 Piedra                  48  16  9 16   1  0  1  0  0  1  0  0  1  1  1  1  1  1  1  0  0  1  0  1  0  1  1  1  2  1  2  2  1  2  2  2  2  2  2  2  2  2  2  2  2  2
 19 * De Bruijn             47   8  2 31   0  1  1  1  1  1  1  2  1  2  1  1  1  1  2  1  2  2  1  1  1  2  2  1  1  1  1  1  1  1  1  1  1  1  1  1  1  1  2  1  1  0
 20 Granite                 47  18 12 11   0  0  0  0  0  0  0  0  0  0  1  0  0  1  1  1  1  1  1  1  2  1  2  1  2  2  2  2  1  1  2  2  2  2  2  2  2  2  2  2  2  2
 21 ZQ Bot                  44  17 14 10   0  0  0  0  0  0  0  0  0  0  1  1  0  0  0  1  1  2  1  0  1  1  1  1  2  1  2  2  1  2  2  2  2  2  2  2  2  2  2  2  2  2
 22 Mixed Strategy          44  11  8 22   0  0  1  1  0  0  0  1  1  0  1  1  1  1  0  1  1  1  0  1  1  1  1  1  1  1  1  1  1  1  2  2  1  2  2  2  2  2  2  2  2  2
 23 * Anti-rotn             43  12 10 19   0  0  0  1  1  1  1  1  1  1  1  1  0  1  1  0  0  1  0  0  1  1  1  0  0  1  2  2  1  1  1  1  2  2  2  2  2  2  2  2  2  2
 24 * Pi                    42   2  1 38   1  1  1  1  1  1  1  1  1  1  1  1  2  1  1  1  1  1  1  1  1  1  2  1  1  1  1  1  1  1  1  1  1  1  1  1  0  1  1  1  1  1
 25 Inocencio               41  17 17  7   0  0  0  0  0  0  1  0  0  0  0  0  1  1  0  0  0  0  1  0  0  1  2  1  1  2  2  2  2  1  2  2  2  2  2  2  2  2  2  2  2  2
 26 * Foxtrot               33   1  9 31   0  1  0  0  0  0  1  0  1  1  1  1  1  1  1  0  1  1  1  0  1  1  1  1  0  1  1  1  1  1  1  1  1  1  1  2  1  1  1  1  1  1
 27 Multi-strategy          31  12 22  7   0  0  0  0  0  0  0  0  0  0  0  0  0  0  0  0  0  0  1  0  0  1  0  1  0  1  1  1  2  1  1  2  2  2  2  2  2  2  2  2  2  2
 28 Peterbot                31  10 20 11   0  0  0  0  0  0  0  0  0  0  0  1  0  1  0  0  0  0  1  0  0  1  0  1  0  1  1  1  1  1  1  2  2  2  2  2  1  2  2  2  2  2
 29 * Copy-drift            29   1 13 27   0  0  0  0  0  0  1  1  0  1  0  1  1  1  0  1  0  1  1  1  1  1  1  1  0  1  0  1  1  1  1  0  1  2  1  1  1  1  1  1  1  1
 30 * Add-drift             29   0 12 29   0  0  0  0  0  1  0  0  1  1  0  1  1  1  0  1  1  0  1  1  0  1  1  1  1  1  1  1  1  1  0  1  1  1  1  1  1  1  1  1  1  1
 31 * Add-react             25   2 18 21   0  0  0  0  0  0  0  1  0  1  0  1  0  1  0  0  0  0  1  0  0  0  1  1  0  1  1  1  1  2  1  1  1  1  1  1  1  1  1  1  1  2
 32 Knucklehead             23   6 24 11   0  0  0  0  0  0  0  0  0  0  0  0  0  0  0  0  0  0  1  0  0  0  1  1  0  1  0  0  2  1  1  1  1  2  1  1  1  2  2  2  1  2
 33 * Flat                  19   2 24 15   0  0  0  0  0  0  0  0  1  0  0  0  1  0  0  0  0  0  1  0  0  1  0  1  0  1  0  0  1  1  1  1  1  2  1  0  1  1  2  1  1  0
 34 Beat The Last Move      19   5 27  9   0  0  0  0  0  0  0  0  0  1  0  1  0  1  0  0  0  0  1  0  0  0  0  1  0  1  0  0  0  1  1  0  0  1  0  0  2  2  2  1  2  2
 35 Always Switchin'        19   3 25 13   0  0  0  0  0  0  0  0  0  0  0  0  0  0  0  0  0  0  1  0  0  0  0  1  0  1  0  0  1  1  1  1  1  2  1  1  2  1  2  1  1  1
 36 * Switch A Lot          18   2 25 14   1  0  0  0  0  0  0  0  0  0  0  0  0  0  0  0  0  0  1  0  0  0  0  1  0  0  0  0  1  1  1  1  2  2  1  1  1  1  1  1  1  1
 37 * Text                  17   2 26 13   0  0  0  0  0  0  0  0  0  1  0  0  0  1  0  0  0  0  1  0  0  0  0  2  0  1  0  1  1  1  1  1  1  0  0  1  1  0  0  1  1  2
 38 Good Ole Rock           16   3 28 10   0  0  0  0  0  0  0  0  0  0  0  0  0  0  0  0  0  0  1  0  0  0  0  1  0  1  0  0  1  1  1  0  1  0  1  1  2  1  0  1  2  2
 39 Beat Frequent Pick      15   4 30  7   0  0  0  0  0  0  0  0  0  0  0  0  0  0  0  0  0  0  0  0  0  0  0  1  0  1  0  0  1  1  1  0  0  0  0  1  2  2  1  1  2  2
 40 Rotate R-P-S            14   0 27 14   0  0  0  0  0  0  0  0  0  0  0  0  0  0  0  0  0  0  1  0  0  0  0  1  0  1  0  0  1  1  1  0  1  1  1  1  1  1  1  1  1  0
 41 R-P-S 20-20-60          14   1 28 12   0  0  0  0  0  0  0  0  0  0  0  0  0  0  0  0  0  0  1  0  0  0  0  1  0  1  0  0  1  1  1  1  1  0  1  1  1  0  0  1  1  2
 42 * Anti-Flat             12   3 32  6   0  0  0  0  0  0  0  0  0  0  0  0  0  0  0  0  0  0  2  0  0  0  0  1  0  1  0  0  1  1  0  0  2  0  1  1  0  0  0  2  0  1


   Yomi AI is match ranked 8

 Tournament results:
    Player Name          total 
  1 Yomi AI               7069 
 19 Iocaine Powder       11100 
 20 Phasenbott            9546 
 21 MegaHAL               9653 
 22 RussRocker4           7903 
 23 Biopic                8642 
 24 Simple Modeller       9722 
 25 Simple Predictor      7721 
 26 Robertot              7763 
 27 Boom                  7109 
 36 Piedra                7088 

   Yomi is tournament ranked 11

