 Playing 1 tournaments with 1000 trials per match...

 Yomi AI            vs Good Ole Rock       Match: 1000 (1000+   0-   0=)
 Yomi AI            vs R-P-S 20-20-60      Match:  228 (478+ 250- 272=)
 Yomi AI            vs Rotate R-P-S        Match:  802 (841+  39- 120=)
 Yomi AI            vs Beat The Last Move  Match:   57 (370+ 313- 317=)
 Yomi AI            vs Always Switchin'    Match:  186 (457+ 271- 272=)
 Yomi AI            vs Beat Frequent Pick  Match:  445 (638+ 193- 169=)
 Yomi AI            vs * Pi                Match:  -23 (339+ 362- 299=)
 Yomi AI            vs * Switch A Lot      Match:  112 (401+ 289- 310=)
 Yomi AI            vs * Flat              Match:  100 (393+ 293- 314=)
 Yomi AI            vs * Anti-Flat         Match:  777 (817+  40- 143=)
 Yomi AI            vs * Foxtrot           Match:  340 (549+ 209- 242=)
 Yomi AI            vs * De Bruijn         Match:  -23 (321+ 344- 335=)
 Yomi AI            vs * Text              Match:  120 (414+ 294- 292=)
 Yomi AI            vs * Anti-rotn         Match:   80 (368+ 288- 344=)
 Yomi AI            vs * Copy-drift        Match:   -8 (334+ 342- 324=)
 Yomi AI            vs * Add-react         Match:   61 (362+ 301- 337=)
 Yomi AI            vs * Add-drift         Match:  -40 (304+ 344- 352=)
 Yomi AI            vs Iocaine Powder      Match:  -50 (312+ 362- 326=)
 Yomi AI            vs Phasenbott          Match:   50 (358+ 308- 334=)
 Yomi AI            vs MegaHAL             Match:   51 (362+ 311- 327=)
 Yomi AI            vs RussRocker4         Match:   22 (343+ 321- 336=)
 Yomi AI            vs Biopic              Match:   31 (365+ 334- 301=)
 Yomi AI            vs Simple Modeller     Match:   -3 (333+ 336- 331=)
 Yomi AI            vs Simple Predictor    Match:    6 (352+ 346- 302=)
 Yomi AI            vs Robertot            Match:   16 (334+ 318- 348=)
 Yomi AI            vs Boom                Match:   20 (348+ 328- 324=)
 Yomi AI            vs Shofar              Match:  -17 (327+ 344- 329=)
 Yomi AI            vs ACT-R Lag2          Match:   -6 (322+ 328- 350=)
 Yomi AI            vs Majikthise          Match:    0 (349+ 349- 302=)
 Yomi AI            vs Vroomfondel         Match:  -15 (320+ 335- 345=)
 Yomi AI            vs Granite             Match:  103 (427+ 324- 249=)
 Yomi AI            vs Marble              Match:   81 (418+ 337- 245=)
 Yomi AI            vs ZQ Bot              Match:  110 (434+ 324- 242=)
 Yomi AI            vs Sweet Rocky         Match:   69 (368+ 299- 333=)
 Yomi AI            vs Piedra              Match:   91 (393+ 302- 305=)
 Yomi AI            vs Mixed Strategy      Match:   19 (357+ 338- 305=)
 Yomi AI            vs Multi-strategy      Match:  197 (464+ 267- 269=)
 Yomi AI            vs Inocencio           Match:   78 (382+ 304- 314=)
 Yomi AI            vs Peterbot            Match:   45 (367+ 322- 311=)
 Yomi AI            vs Bugbrain            Match:   10 (336+ 326- 338=)
 Yomi AI            vs Knucklehead         Match:  428 (596+ 168- 236=)
 Final results (draw value = 50):

 Tournament results: 

    Player Name          total     1    2    3    4    5    6    7    8    9   10   11   12   13   14   15   16   17   18   19   20   21   22   23   24   25   26   27   28   29   30   31   32   33   34   35   36   37   38   39   40   41   42
  1 Iocaine Powder       11050     0  189   61   46   72  217  502   31   52   21  237  281   35   43   43  264    9   50   80   65   23   -6  263  281   50  -35   68  213  369  260  191  135   65  576  200  901  320  920  991  980  994  993
  2 Phasenbott            9988  -189    0   25   78   16  143  525   59   49   29  222  256   45    7   46  289   19  -50   89   67   78   19  234  215   50    0  100   78  394  280   97   80   76  402  206  899  152  947  985  989  994  988
  3 MegaHAL               9513   -61  -25    0  -26   13   40   61   81   19   29  266  234   40  -41  -28  236    9  -51   80   67   22   25  245  214   19    6  151   16   78  265  144  142  268  376  438  831  409  952  985  989  999  996
  4 Simple Modeller       9096   -46  -78   26    0  -34  276  -34   30   61  -11   75   93   49    1   34  305   42    3  106   46  -26    6  206  395  -42  -24  259  238    2  110  102  139  290  304  455  797  360  595  993  997  999  997
  5 Biopic                8300   -72  -16  -13   34    0  -37  -31   35   52   23  105  125    5  -33   50   95   29  -31   22   39    0    3  319  215  -29  -32   17   43  367   89  110  131  219  518  346  716  335  567  996  996  998  995
  6 Simple Predictor      8096  -217 -143  -40 -276   37    0  -51  -35   81   34   21    1   30   46  -37  173   59   -6  101   55   14  -64  220  716  -73  -14  290  289   13   97   63  149  221  177  398  825  391  587  986  986  996  996
  7 RussRocker4           7846  -502 -525  -61   34   31   51    0   43   54   20  171  158   62  -26    5  126    4  -22   27   69    4   33  222  172  -10  -12  188  132  167  337   78   87  121  491  280  923  336  591  994  993 1000 1000
  8 Robertot              7655   -31  -59  -81  -30  -35   35  -43    0   34    4   76   64   53  -45  -22   41   -3  -16   22   18  -24   -9  209   33    0   -2   43   68    2   88   50  174   95  458  511  746  422  857  967  996  998  991
  9 Piedra                7120   -52  -49  -19  -61  -52  -81  -54  -34    0  -55  -40  -59   31  -28  -23  -61  -31  -91   -3   41  -18   -9   85  793  -13    6   11   42   34   78  120  186  223  138  338  882  378  593  994  992  995  993
 10 Boom                  6891   -21  -29  -29   11  -23  -34  -20   -4   55    0   69  -48   46    2  -45   26   -5  -20   51   43  -26    0  158   36   25   -6   41   -5   -2  116    8  145  112  334  439  364  402  753  991  990  997  994
 11 Marble                6513  -237 -222 -266  -75 -105  -21 -171  -76   40  -69    0    3   33  -39 -127   32  -74  -81   42   51  -69   10  334  650  -68  -30  -32   41   38   99  183  176   93  310  246  925  392  592  992  995  998 1000
 12 Granite               6413  -281 -256 -234  -93 -125   -1 -158  -64   59   48   -3    0   54  -35 -194  -15  -79 -103    9   77  -68  -33  245  648  -65  -11  -10   47   21  113  145  178  111  354  209  924  422  593  992  992 1000 1000
 13 Sweet Rocky           6401   -35  -45  -40  -49   -5  -30  -62  -53  -31  -46  -33  -54    0  -60  -13    2  -31  -69   35   49  -34  -60   78  -33  -27   -1  -32   56    4  314  112  147  220  189  165  897  411  591  994  988  996  996
 14 Shofar                6269   -43   -7   41   -1   33  -46   26   45   28   -2   39   35   60    0    3   64  -56   17   19   61   31  -19  114   52  -20  -21  -17   55   -8   50   35   99  202  164  429  214  278  557  868  936  977  977
 15 ACT-R Lag2            6030   -43  -46   28  -34  -50   37   -5   22   23   45  127  194   13   -3    0  130    7    6   34   34   41   -2  309   71  -44   -9   25  -12  -35  -41  112   97  173  511  222  205  317  574    7  993  997 1000
 16 ZQ Bot                5998  -264 -289 -236 -305  -95 -173 -126  -41   61  -26  -32   15   -2  -64 -130    0 -163 -110    5   62  -80  -10  225  484  -48  -22   89   64    9  340  143  142  161  302  287  904  356  590  991  989  995 1000
 17 Bugbrain              5768    -9  -19   -9  -42  -29  -59   -4    3   31    5   74   79   31   56   -7  163    0  -10   28   33    7   -5  133   55  -12   -8  157   84   -2   90    1   34   73  133  243  157  167  398  910  947  926  965
 18 Yomi AI               5550   -50   50   51   -3   31    6   22   16   91   20   81  103   69  -17   -6  110   10    0   19   80    0  -15  197   78  -23  -23  -40   -8  340   61  100  120  112  428  186   45  228  445   57  802 1000  777
 19 Mixed Strategy        4917   -80  -89  -80 -106  -22 -101  -27  -22    3  -51  -42   -9  -35  -19  -34   -5  -28  -19    0   71  -73  -10   39   -9  -69  -49  -16   95    7   -8    6  174   35  279  104  255  462  468  971  957  996  998
 20 * Anti-rotn           4759   -65  -67  -67  -46  -39  -55  -69  -18  -41  -43  -51  -77  -49  -61  -34  -62  -33  -80  -71    0    5   65  240  -48  -76  -51  -16  -39  -52  -24  176   56  311   43  483  499  142  597  491  997  998  990
 21 Majikthise            4707   -23  -78  -22   26    0  -14   -4   24   18   26   69   68   34  -31  -41   80   -7    0   73   -5    0   14  166   76  -37   18   52  -20    7  -39   82   46  142  227  213  -51  151  491   -4  991  994  995
 22 Vroomfondel           4605     6  -19  -25   -6   -3   64  -33    9    9    0  -10   33   60   19    2   10    5   15   10  -65  -14    0  193   28  -11  -14  -31   12   32   -9   43   62  123  272  257   65  129  433  -21  997  991  987
 23 Multi-strategy        2511  -263 -234 -245 -206 -319 -220 -222 -209  -85 -158 -334 -245  -78 -114 -309 -225 -133 -197  -39 -240 -166 -193    0  -98  -50  -20  -16  253   -2  -23  140  123  293   42  468  500  346  999  997  997  999  997
 24 Inocencio             1075  -281 -215 -214 -395 -215 -716 -172  -33 -793  -36 -650 -648   33  -52  -71 -484  -55  -78    9   48  -76  -28   98    0  -21  -26   33  110  288  104  205  141  103  209  244   73  406  358  926  982  979  985
 25 * De Bruijn            675   -50  -50  -19   42   29   73   10    0   13  -25   68   65   27   20   44   48   12   23   69   76   37   11   50   21    0   -1   35   20   10  -17   28   23  -35   -8   -6    0  -10  128   -1   21    0 -106
 26 * Pi                   246    35    0   -6   24   32   14   12    2   -6    6   30   11    1   21    9   22    8   23   49   51  -18   14   20   26    1    0   11  -24  -26   -2   -1  -81  -16  -13  -32   21    8   30   22  -11  -11  -10
 27 * Add-drift          -1368   -68 -100 -151 -259  -17 -290 -188  -43  -11  -41   32   10   32   17  -25  -89 -157   40   16   16  -52   31   16  -33  -35  -11    0   11    2  -78   34   -7  -48   24    5   -3  -17   36   54    9   -9  -21
 28 * Copy-drift         -1874  -213  -78  -16 -238  -43 -289 -132  -68  -42    5  -41  -47  -56  -55   12  -64  -84    8  -95   39   20  -12 -253 -110  -20   24  -11    0   -3   -5  -10   13   39  -74   -3   -7   21   13  -20  -12   16   17
 29 * Foxtrot            -2089  -369 -394  -78   -2 -367  -13 -167   -2  -34    2  -38  -21   -4    8   35   -9    2 -340   -7   52   -7  -32    2 -288  -10   26   -2    3    0   -3   48   -7   -8  -15    7  -25  -46   -1    6   -4   32  -19
 30 * Add-react          -2493  -260 -280 -265 -110  -89  -97 -337  -88  -78 -116  -99 -113 -314  -50   41 -340  -90  -61    8   24   39    9   23 -104   17    2   78    5    3    0   28  -34   26  -85    5   14   42    9   39  -40  154   -9
 31 * Flat               -2611  -191  -97 -144 -102 -110  -63  -78  -50 -120   -8 -183 -145 -112  -35 -112 -143   -1 -100   -6 -176  -82  -43 -140 -205  -28    1  -34   10  -48  -28    0   24   -2    5   40 -175   34  246  222  -15   -1 -416
 32 * Text               -3226  -135  -80 -142 -139 -131 -149  -87 -174 -186 -145 -176 -178 -147  -99  -97 -142  -34 -120 -174  -56  -46  -62 -123 -141  -23   81    7  -13    7   34  -24    0    1  -13  -12   14   20 -185  -74  -11 -185  113
 33 * Switch A Lot       -3628   -65  -76 -268 -290 -219 -221 -121  -95 -223 -112  -93 -111 -220 -202 -173 -161  -73 -112  -35 -311 -142 -123 -293 -103   35   16   48  -39    8  -26    2   -1    0  -34   16 -142  -35   18  315   75  -30  -12
 34 Knucklehead          -4059  -576 -402 -376 -304 -518 -177 -491 -458 -138 -334 -310 -354 -189 -164 -511 -302 -133 -428 -279  -43 -227 -272  -42 -209    8   13  -24   74   15   85   -5   13   34    0   -5    1   50  155  268  549  996  951
 35 Always Switchin'     -7103  -200 -206 -438 -455 -346 -398 -280 -511 -338 -439 -246 -209 -165 -429 -222 -287 -243 -186 -104 -483 -213 -257 -468 -244    6   32   -5    3   -7   -5  -40   12  -16    5    0 -219   14    8  502    8   19  -53
 36 Peterbot             -8250  -901 -899 -831 -797 -716 -825 -923 -746 -882 -364 -925 -924 -897 -214 -205 -904 -157  -45 -255 -499   51  -65 -500  -73    0  -21    3    7   25  -14  175  -14  142   -1  219    0  346  426  982  998 1000  973
 37 R-P-S 20-20-60       -9051  -320 -152 -409 -360 -335 -391 -336 -422 -378 -402 -392 -422 -411 -278 -317 -356 -167 -228 -462 -142 -151 -129 -346 -406   10   -8   17  -21   46  -42  -34  -20   35  -50  -14 -346    0 -385 -148   -1 -429   51
 38 Beat Frequent Pick  -14151  -920 -947 -952 -595 -567 -587 -591 -857 -593 -753 -592 -593 -591 -557 -574 -590 -398 -445 -468 -597 -491 -433 -999 -358 -128  -30  -36  -13    1   -9 -246  185  -18 -155   -8 -426  385    0 -600    0  999  996
 39 Beat The Last Move  -18619  -991 -985 -985 -993 -996 -986 -994 -967 -994 -991 -992 -992 -994 -868   -7 -991 -910  -57 -971 -491    4   21 -997 -926    1  -22  -54   20   -6  -39 -222   74 -315 -268 -502 -982  148  600    0    1 1000 1000
 40 Rotate R-P-S        -25712  -980 -989 -989 -997 -996 -986 -993 -996 -992 -990 -995 -992 -988 -936 -993 -989 -947 -802 -957 -997 -991 -997 -997 -982  -21   11   -9   12    4   40   15   11  -75 -549   -8 -998    1    0   -1    0    0 -674
 41 Good Ole Rock       -26367  -994 -994 -999 -999 -998 -996 -1000 -998 -995 -997 -998 -1000 -996 -977 -997 -995 -926 -1000 -996 -998 -994 -991 -999 -979    0   11    9  -16  -32 -154    1  185   30 -996  -19 -1000  429 -999 -1000    0    0 1000
 42 * Anti-Flat         -27391  -993 -988 -996 -997 -995 -996 -1000 -991 -993 -994 -1000 -1000 -996 -977 -1000 -1000 -965 -777 -998 -990 -995 -987 -997 -985  106   10   21  -17   19    9  416 -113   12 -951   53 -973  -51 -996 -1000  674 -1000    0

 Match results (draw <= 50): 

    Player Name           total  W  L  D   1  2  3  4  5  6  7  8  9 10 11 12 13 14 15 16 17 18 19 20 21 22 23 24 25 26 27 28 29 30 31 32 33 34 35 36 37 38 39 40 41 42
  1 Iocaine Powder          70  29  0 12   1  2  1  2  2  1  2  1  2  1  1  1  1  1  1  1  2  2  2  1  2  2  2  1  2  2  2  2  2  2  2  2  2  2  2  2  2  2  2  2  2  2
  2 Phasenbott              68  28  1 12   0  1  1  1  2  2  1  1  2  1  1  1  2  2  1  1  2  2  1  1  2  2  2  1  2  2  2  2  2  2  2  2  2  2  2  2  2  2  2  2  2  2
  3 Yomi AI                 63  22  0 19   1  1  1  2  1  1  1  1  1  1  1  1  1  1  1  2  2  2  2  1  1  2  2  1  2  2  1  2  1  1  2  2  2  2  2  2  2  2  2  2  2  2
  4 MegaHAL                 63  24  2 15   0  1  0  1  2  1  1  1  1  1  1  1  2  1  1  1  2  2  1  1  2  2  2  1  2  2  2  2  2  1  2  2  2  2  2  2  2  2  2  2  2  2
  5 RussRocker4             63  25  3 13   0  0  1  0  1  1  1  1  2  1  1  1  1  1  1  2  2  2  2  1  1  2  2  1  2  2  2  2  2  2  2  2  2  2  2  2  2  2  2  2  2  2
  6 Simple Modeller         63  23  1 17   1  0  1  1  1  1  1  1  2  1  1  1  1  1  1  1  2  2  2  1  2  2  2  1  1  1  2  2  2  2  2  2  2  2  2  2  2  2  2  2  2  2
  7 Biopic                  60  20  1 20   0  1  1  1  1  1  1  1  1  1  1  1  1  1  1  1  2  2  2  1  1  2  2  1  1  2  1  2  2  1  2  2  2  2  2  2  2  2  2  2  2  2
  8 Bugbrain                59  19  1 21   1  1  1  1  1  1  1  1  0  1  2  1  1  1  1  1  2  2  1  1  1  2  2  1  1  1  2  2  2  2  2  2  1  2  2  1  2  2  2  2  2  2
  9 Simple Predictor        57  22  6 13   0  0  1  1  0  0  1  2  1  1  1  1  1  1  0  1  2  1  2  0  2  1  2  1  2  1  2  2  2  2  2  2  2  2  2  2  2  2  2  2  2  2
 10 Boom                    57  16  0 25   1  1  1  1  1  1  1  1  1  1  1  1  1  1  1  1  1  1  2  1  2  2  1  1  1  1  1  2  2  1  2  2  1  2  2  2  2  2  2  2  2  2
 11 Shofar                  57  17  1 23   1  1  1  1  1  1  1  0  1  1  1  1  1  1  1  2  2  1  1  1  1  1  2  1  2  1  1  2  2  2  2  1  1  2  2  2  2  2  2  2  2  2
 12 ACT-R Lag2              57  16  0 25   1  1  1  1  1  1  1  1  1  1  1  1  1  1  1  1  2  2  1  1  1  2  2  1  1  1  1  2  2  1  2  1  2  1  2  2  2  2  2  2  2  2
 13 Robertot                56  17  2 22   1  0  1  0  1  1  1  1  1  1  1  1  1  1  1  2  1  2  1  1  1  2  1  1  1  1  1  2  2  2  2  2  1  2  2  2  2  2  2  2  2  2
 14 Majikthise              55  16  2 23   1  0  1  1  1  1  1  1  1  1  1  1  1  1  1  1  2  2  1  1  2  2  2  1  1  1  2  2  0  1  2  1  2  1  2  1  2  2  2  2  2  2
 15 Vroomfondel             53  13  1 27   1  1  1  1  1  1  1  1  2  1  1  1  1  1  1  2  1  1  1  1  1  1  1  1  0  1  1  2  2  1  2  1  1  1  2  2  2  2  2  2  2  2
 16 Sweet Rocky             50  15  6 20   1  1  0  1  0  1  1  1  1  1  0  1  0  1  0  1  1  0  1  1  1  1  1  1  1  1  1  2  2  2  2  2  2  2  2  2  2  2  2  2  2  2
 17 ZQ Bot                  48  19 12 10   0  0  0  0  0  0  0  0  0  1  0  0  1  0  1  1  1  1  2  1  1  1  2  1  2  1  2  2  2  2  2  2  2  2  2  2  2  2  2  2  2  2
 18 Granite                 47  18 12 11   0  0  0  0  0  0  0  0  1  1  1  0  0  0  1  2  1  1  2  0  1  1  2  1  2  1  1  2  2  1  2  2  2  2  2  2  2  2  2  2  2  2
 19 Piedra                  47  15  9 17   0  1  0  1  0  0  0  1  0  0  1  1  1  1  1  1  0  0  1  1  1  1  2  1  1  1  1  2  2  1  2  2  2  2  2  2  2  2  2  2  2  2
 20 * De Bruijn             46   6  1 34   1  1  1  1  1  1  1  1  2  1  1  1  1  1  1  1  1  2  1  1  2  2  1  1  2  1  1  1  1  1  1  1  1  1  1  1  2  1  1  0  1  1
 21 Mixed Strategy          45  12  8 21   0  0  1  0  1  0  1  1  0  0  1  1  1  0  1  1  1  1  1  0  1  1  1  1  2  1  1  1  2  2  2  1  1  2  1  2  2  2  2  2  2  2
 22 Marble                  44  16 13 12   0  0  0  0  0  0  0  0  1  0  1  0  0  0  1  1  1  1  1  0  1  1  2  1  2  1  1  2  2  1  2  2  2  2  2  2  2  2  2  2  2  2
 23 Inocencio               41  16 16  9   0  0  0  0  0  0  0  0  0  1  0  0  1  0  1  1  0  0  0  1  1  0  1  1  1  2  1  2  2  2  2  2  2  2  2  2  2  2  2  2  2  2
 24 * Pi                    41   1  1 39   1  1  1  1  1  1  1  1  1  1  1  1  1  1  1  1  1  1  1  1  1  1  1  1  2  1  1  1  1  1  1  1  1  1  1  0  1  1  1  1  1  1
 25 * Anti-rotn             40  13 14 14   0  0  0  0  0  1  1  1  0  1  0  1  1  1  2  1  0  0  1  0  0  0  1  0  1  0  1  2  2  1  1  1  2  2  2  2  2  2  2  2  2  2
 26 * Foxtrot               35   1  7 33   0  0  0  0  0  1  0  1  1  1  1  1  1  1  1  1  1  1  1  1  1  1  0  1  2  1  1  1  1  1  1  1  1  1  1  1  1  1  1  1  1  1
 27 * Add-drift             32   1 10 30   0  0  1  0  0  0  1  0  0  1  1  1  1  0  1  1  0  1  1  1  1  1  1  1  1  1  1  1  1  1  1  0  1  2  1  1  1  1  1  1  1  1
 28 Multi-strategy          31  12 22  7   0  0  0  0  0  0  0  0  0  0  0  0  0  0  0  0  0  0  0  1  1  0  0  1  0  1  1  1  2  2  1  1  2  2  2  2  2  2  2  2  2  2
 29 Peterbot                29  10 22  9   0  0  1  0  0  0  0  0  0  0  0  0  0  2  0  0  0  0  0  1  0  0  0  1  0  1  1  0  1  1  1  1  2  2  2  1  2  2  2  2  2  2
 30 * Copy-drift            27   0 14 27   0  0  1  1  0  0  1  0  0  1  0  1  0  1  1  0  0  1  1  1  0  1  0  1  1  1  1  0  1  1  0  1  1  1  1  1  1  1  1  1  1  1
 31 Knucklehead             26   7 22 12   0  0  0  0  0  0  0  0  0  0  0  0  0  0  0  0  0  0  0  1  0  0  0  1  1  1  1  1  1  2  1  2  1  2  1  1  2  1  2  2  1  2
 32 * Add-react             25   2 18 21   0  0  0  0  0  0  0  0  0  0  1  1  0  1  1  0  0  0  0  1  1  0  0  1  1  1  2  1  1  1  0  1  1  1  1  1  1  1  2  1  1  1
 33 * Flat                  23   2 20 19   0  0  0  0  0  0  0  1  0  1  1  0  1  0  1  0  0  0  0  1  1  0  0  1  0  1  1  0  0  1  1  1  1  2  1  1  2  1  1  0  1  1
 34 Beat The Last Move      19   5 27  9   0  0  0  0  0  0  0  0  0  0  0  1  0  1  1  0  0  0  0  1  0  0  0  1  0  1  0  0  0  1  0  1  0  1  0  2  2  0  2  2  2  1
 35 * Switch A Lot          19   2 24 15   0  0  0  0  0  0  0  0  0  0  0  0  0  0  0  0  0  0  0  1  1  0  0  1  0  1  1  0  0  1  1  1  1  2  1  1  1  1  1  1  1  2
 36 * Text                  18   2 25 14   0  0  0  0  0  0  0  1  0  0  0  0  0  1  0  0  0  0  0  1  0  0  0  2  0  1  1  0  1  1  1  1  1  0  1  1  0  1  0  2  1  1
 37 Beat Frequent Pick      16   4 29  8   0  0  0  0  0  0  0  0  0  0  0  0  0  0  0  0  0  0  0  0  0  0  0  1  0  1  1  0  0  1  0  1  0  0  1  2  1  1  2  2  2  1
 38 Always Switchin'        16   1 26 14   0  0  0  0  0  0  0  0  0  0  0  0  0  0  0  0  0  0  0  1  0  0  0  1  0  1  1  0  0  1  1  1  1  2  1  1  1  1  1  0  1  1
 39 Good Ole Rock           15   3 29  9   0  0  0  0  0  0  0  0  0  0  0  0  0  0  0  0  0  0  0  1  0  0  0  1  0  1  1  0  0  1  0  0  1  0  1  2  0  1  1  2  2  1
 40 * Anti-Flat             14   4 31  6   0  0  0  0  0  0  0  0  0  0  0  0  0  0  0  0  0  0  0  2  0  0  0  1  0  1  1  0  0  1  0  1  2  0  1  0  0  2  0  1  0  2
 41 R-P-S 20-20-60          14   1 28 12   0  0  0  0  0  0  0  0  0  0  0  0  0  0  0  0  0  0  0  1  0  0  0  1  0  1  1  0  0  1  1  1  1  0  1  1  0  1  0  2  1  1
 42 Rotate R-P-S            13   0 28 13   0  0  0  0  0  0  0  0  0  0  0  0  0  0  0  0  0  0  0  1  0  0  0  1  0  1  1  0  0  1  0  1  1  1  0  1  1  1  1  0  1  1


   Yomi AI is match ranked 3

 Tournament results:
    Player Name          total 
  1 Yomi AI               5550 
 19 Iocaine Powder       11050 
 20 Phasenbott            9988 
 21 MegaHAL               9513 
 22 RussRocker4           7846 
 23 Biopic                8300 
 24 Simple Modeller       9096 
 25 Simple Predictor      8096 
 26 Robertot              7655 
 27 Boom                  6891 
 28 Shofar                6269 
 29 ACT-R Lag2            6030 
 32 Granite               6413 
 33 Marble                6513 
 34 ZQ Bot                5998 
 35 Sweet Rocky           6401 
 36 Piedra                7120 
 41 Bugbrain              5768 

   Yomi is tournament ranked 18

