 Playing 1 tournaments with 1000 trials per match...

 Yomi AI            vs Good Ole Rock       Match: 1000 (1000+   0-   0=)
 Yomi AI            vs R-P-S 20-20-60      Match:  314 (542+ 228- 230=)
 Yomi AI            vs Rotate R-P-S        Match:  989 (994+   5-   1=)
 Yomi AI            vs Beat The Last Move  Match:  140 (436+ 296- 268=)
 Yomi AI            vs Always Switchin'    Match:  276 (473+ 197- 330=)
 Yomi AI            vs Beat Frequent Pick  Match:  642 (791+ 149-  60=)
 Yomi AI            vs * Pi                Match:    8 (339+ 331- 330=)
 Yomi AI            vs * Switch A Lot      Match:  132 (422+ 290- 288=)
 Yomi AI            vs * Flat              Match:  128 (426+ 298- 276=)
 Yomi AI            vs * Anti-Flat         Match:  999 (999+   0-   1=)
 Yomi AI            vs * Foxtrot           Match:  381 (595+ 214- 191=)
 Yomi AI            vs * De Bruijn         Match:   -8 (332+ 340- 328=)
 Yomi AI            vs * Text              Match:  129 (418+ 289- 293=)
 Yomi AI            vs * Anti-rotn         Match:   26 (361+ 335- 304=)
 Yomi AI            vs * Copy-drift        Match:   11 (345+ 334- 321=)
 Yomi AI            vs * Add-react         Match:   34 (364+ 330- 306=)
 Yomi AI            vs * Add-drift         Match:   10 (337+ 327- 336=)
 Yomi AI            vs Iocaine Powder      Match:   -2 (340+ 342- 318=)
 Yomi AI            vs Phasenbott          Match:    5 (338+ 333- 329=)
 Yomi AI            vs MegaHAL             Match:  -23 (328+ 351- 321=)
 Yomi AI            vs RussRocker4         Match:  -31 (331+ 362- 307=)
 Yomi AI            vs Biopic              Match:   -9 (351+ 360- 289=)
 Yomi AI            vs Simple Modeller     Match:  -33 (337+ 370- 293=)
 Yomi AI            vs Simple Predictor    Match:   37 (358+ 321- 321=)
 Yomi AI            vs Robertot            Match:   61 (386+ 325- 289=)
 Yomi AI            vs Boom                Match:   17 (354+ 337- 309=)
 Yomi AI            vs Shofar              Match:   25 (341+ 316- 343=)
 Yomi AI            vs ACT-R Lag2          Match:  -23 (327+ 350- 323=)
 Yomi AI            vs Majikthise          Match:   37 (350+ 313- 337=)
 Yomi AI            vs Vroomfondel         Match:    7 (343+ 336- 321=)
 Yomi AI            vs Granite             Match:   54 (413+ 359- 228=)
 Yomi AI            vs Marble              Match:  111 (448+ 337- 215=)
 Yomi AI            vs ZQ Bot              Match:   54 (386+ 332- 282=)
 Yomi AI            vs Sweet Rocky         Match:   55 (382+ 327- 291=)
 Yomi AI            vs Piedra              Match:   16 (362+ 346- 292=)
 Yomi AI            vs Mixed Strategy      Match:  -16 (340+ 356- 304=)
 Yomi AI            vs Multi-strategy      Match:  333 (553+ 220- 227=)
 Yomi AI            vs Inocencio           Match:   17 (358+ 341- 301=)
 Yomi AI            vs Peterbot            Match:  -16 (320+ 336- 344=)
 Yomi AI            vs Bugbrain            Match:   13 (354+ 341- 305=)
 Yomi AI            vs Knucklehead         Match:  503 (677+ 174- 149=)
 Final results (draw value = 50):

 Tournament results: 

    Player Name          total     1    2    3    4    5    6    7    8    9   10   11   12   13   14   15   16   17   18   19   20   21   22   23   24   25   26   27   28   29   30   31   32   33   34   35   36   37   38   39   40   41   42
  1 Iocaine Powder       11003     0  177   63   13   42  -17  530  -25  175   55  186   68    2  219   -9   17   16   66   78  306   72   16  255   57  -18  215  188  143  344  212  353  138  566  122  907  194  380  930  984  984  999 1000
  2 Phasenbott           10093  -177    0   35   16   46   34  532   21  135    7  187   61   -5  251   66   43    9   81   87  272   45    5  197   52  -11  242   84  121  399  105  344   79  433   86  865  247  196  934  992  992  993  992
  3 MegaHAL               9484   -63  -35    0   11   -3   22   74   33   90   38  214   26   23  291  -34   52    3   19   40  261    6   55  176  -27  -25  217  142   31   76   92  295  133  375  209  898  434  401  955  990  990  999 1000
  4 Biopic                8539   -13  -16  -11    0  -27   49   -6  -24   63  -15   78    8    9  135   10   34    0   38   69   98  -16    9  174   -2  -11  150    0   99  409  127   53  155  486  229  776  357  382  703  992  994  996  998
  5 Simple Modeller       8374   -42  -46    3   27    0  -36   20   26  277   10  139   80   33  100  -21   51   60   34   57  316   -4    3  173  -38   23  100  236  327    5    1  112  132  202  186  327  483  443  595  990  992  999  999
  6 Robertot              7690    17  -34  -22  -49   36    0  -19  -19   19   37   27   13  -61   26   22   39  -40   68   44   97   23  -27  266   12  -33   63   32   96   20   23   64  157  369   39  731  458  408  855  943  997  998  995
  7 RussRocker4           7639  -530 -532  -74    6  -20   19    0   40  118   40  105   27   31  180  -30   34   32   17   57  158   -1  -19  281  -55   16  191  130   91  163   63  332   94  485  101  943  256  317  587  994  994  998 1000
  8 Boom                  7576    25  -21  -33   24  -26   19  -40    0  -28  -44   68   44  -17   65  -28   52  -42   79   49   60  -13   17  365  -15  -11   12  -10  -22   26   29  110  105  422  218  673  369  364  753  991  990  997 1000
  9 Simple Predictor      7502  -175 -135  -90  -63 -277  -19 -118   28    0  -49   33   37  -37    8  -20   51   44   42   53  158  -39  -22  191  -79  -14  454  261  242  -12   91  145  149  289  167  829  423  403  592  986  986  995  994
 10 ACT-R Lag2            7039   -55   -7  -38   15  -10  -37  -40   44   49    0   99   51   23  104   -1   42   21   61    4  104  -33  -21  280  -50  -19  536   15    5  -35  108   69   54  521  190  103  280  293  575  760  994  999  986
 11 Marble                6845  -186 -187 -214  -78 -139  -27 -105  -68  -33  -99    0   51 -111    4  -57   30  -86   65   65  102  -56  -83  353  -29  -28  645    4   52   28  129   78  181  285  144  924  277  436  594  994  996  999  995
 12 Sweet Rocky           6583   -68  -61  -26   -8  -80  -13  -27  -44  -37  -51  -51    0  -55  -32  -23   28  -23   21   33  -26  -42  -38  171  -28   20  711   50   20  -18  118  376  154  118  101  323  121  399  592  991  991  998  998
 13 Yomi AI               6403    -2    5  -23   -9  -33   61  -31   17   37  -23  111   55    0   54   25   16   13  -16   26   54    7   37  333   -8    8   17   10   11  381  128   34  129  503  132  -16  276  314  642  140  989 1000  999
 14 Granite               6393  -219 -251 -291 -135 -100  -26 -180  -65   -8 -104   -4   32  -54    0  -26   27  -76   33   57   35  -37  -22  246  -47  -23  641   46   18   15  122   95  172  327  178  826  231  382  591  994  994  999 1000
 15 Shofar                6251     9  -66   34  -10   21  -22   30   28   20    1   57   23  -25   26    0   42  -34   14   27   33   21   49  120    0   -7   62   42   39   -2   12   -8  139  127  209  136  440  368  555  866  940  968  967
 16 Piedra                6132   -17  -43  -52  -34  -51  -39  -34  -52  -51  -42  -30  -28  -16  -27  -42    0  -66    8   41  -46  -26  -46  114  -21  -16  295   34   61   -5  145  143  157  176  163  318  279  405  591  994  998  999  995
 17 Bugbrain              5951   -16   -9   -3    0  -60   40  -32   42  -44  -21   86   23  -13   76   34   66    0   85   42  187   31  -26  101  -68   32  110  155  -10  -24   64   94   20   92   53  209  213  179  383  914  969  989  988
 18 Mixed Strategy        5696   -66  -81  -19  -38  -34  -68  -17  -79  -42  -61  -65  -21   16  -33  -14   -8  -85    0   29  -19  -19   -9   -5 -102  -32  751   -2   59    8  151   75  180  249   51  208   63  359  516  968  948  993  991
 19 * Anti-rotn           5630   -78  -87  -40  -69  -57  -44  -57  -49  -53   -4  -65  -33  -26  -57  -27  -41  -42  -29    0  -40  -30  -12  251  -53  -36  470  -30   13  -50  261   22   61   37  344  499  497  197  596  499  999  999  994
 20 ZQ Bot                5505  -306 -272 -261  -98 -316  -97 -158  -60 -158 -104 -102   26  -54  -35  -33   46 -187   19   40    0    2  -53  184  -42   -1  182   42   44   63  160  400  154  251  189  886  257  316  594  992  998  997 1000
 21 Vroomfondel           4801   -72  -45   -6   16    4  -23    1   13   39   33   56   42   -7   37  -21   26  -31   19   30   -2    0  -20  242    2   17   83   -3  -25   32   83   41   53  269  107  -27  230  163  452   11  991  996  995
 22 Majikthise            4798   -16   -5  -55   -9   -3   27   19  -17   22   21   83   38  -37   22  -49   46   26    9   12   53   20    0  171   34    1   71   18   -4  -32   75   14   27  222  118  -23  323  141  479  -20  989  993  994
 23 Multi-strategy        1841  -255 -197 -176 -174 -173 -266 -281 -365 -191 -280 -353 -171 -333 -246 -120 -114 -101    5 -251 -184 -242 -171    0  -50  -20  -80   29  267   29  114   23  123  -35  283  -74  457  423  999  997  997  999  999
 24 * De Bruijn            675   -57  -52   27    2   38  -12   55   15   79   50   29   28    8   47    0   21   68  102   53   42   -2  -34   50    0   -1    8   -9    2   13   14   -1   23  -40   43  -19   -4   59  128   -1   21    0 -118
 25 * Pi                   373    18   11   25   11  -23   33  -16   11   14   19   28  -20   -8   23    7   16  -32   32   36    1  -17   -1   20    1    0   15   28    7   22    7   -5  -81   15   21   42   52   43   30   22  -11  -11  -12
 26 Inocencio              -32  -215 -242 -217 -150 -100  -63 -191  -12 -454 -536 -645 -711  -17 -641  -62 -295 -110 -751 -470 -182  -83  -71   80   -8  -15    0   41  141  299  139   70  149  208  108   81  271  392  361  933  984  981  971
 27 * Add-drift          -1478  -188  -84 -142    0 -236  -32 -130   10 -261  -15   -4  -50  -10  -46  -42  -34 -155    2   30  -42    3  -18  -29    9  -28  -41    0   -9    6  -35    8   16  -14   24  -15   15   21  -30   10    2   19   37
 28 * Copy-drift         -1684  -143 -121  -31  -99 -327  -96  -91   22 -242   -5  -52  -20  -11  -18  -39  -61   10  -59  -13  -44   25    4 -267   -2   -7 -141    9    0   -6   15   29   37  -52   68  -14   28   29   -8  -12   12  -41   50
 29 * Foxtrot            -2203  -344 -399  -76 -409   -5  -20 -163  -26   12   35  -28   18 -381  -15    2    5   24   -8   50  -63  -32   32  -29  -13  -22 -299   -6    6    0   18   -2    9  -44  -66   -2   41   17  -28   27  -18   16  -17
 30 * Flat               -2758  -212 -105  -92 -127   -1  -23  -63  -29  -91 -108 -129 -118 -128 -122  -12 -145  -64 -151 -261 -160  -83  -75 -114  -14   -7 -139   35  -15  -18    0  -36   12    2  -49 -171   13   11  252  205  -20   -1 -405
 31 * Add-react          -3084  -353 -344 -295  -53 -112  -64 -332 -110 -145  -69  -78 -376  -34  -95    8 -143  -94  -75  -22 -400  -41  -14  -23    1    5  -70   -8  -29    2   36    0    7  -71   16  -34   46   52    1  -64  107    0  183
 32 * Text               -3256  -138  -79 -133 -155 -132 -157  -94 -105 -149  -54 -181 -154 -129 -172 -139 -157  -20 -180  -61 -154  -53  -27 -123  -23   81 -149  -16  -37   -9  -12   -7    0  -62   14   32   -8   28 -185  -74  -11 -185  113
 33 Knucklehead          -3359  -566 -433 -375 -486 -202 -369 -485 -422 -289 -521 -285 -118 -503 -327 -127 -176  -92 -249  -37 -251 -269 -222   35   40  -15 -208   14   52   44   -2   71   62    0   14  -52   20   84  141  766  394  986  999
 34 * Switch A Lot       -3672  -122  -86 -209 -229 -186  -39 -101 -218 -167 -190 -144 -101 -132 -178 -209 -163  -53  -51 -344 -189 -107 -118 -283  -43  -21 -108  -24  -68   66   49  -16  -14  -14    0 -101  -27   -6   29  295    8   -4  -54
 35 Peterbot             -5923  -907 -865 -898 -776 -327 -731 -943 -673 -829 -103 -924 -323   16 -826 -136 -318 -209 -208 -499 -886   27   23   74   19  -42  -81   15   14    2  171   34  -32   52  101    0  242  419  440  981  998  998  987
 36 Always Switchin'     -7360  -194 -247 -434 -357 -483 -458 -256 -369 -423 -280 -277 -121 -276 -231 -440 -279 -213  -63 -497 -257 -230 -323 -457    4  -52 -271  -15  -28  -41  -13  -46    8  -20   27 -242    0   -2   23  475   25   15  -42
 37 R-P-S 20-20-60       -9770  -380 -196 -401 -382 -443 -408 -317 -364 -403 -293 -436 -399 -314 -382 -368 -405 -179 -359 -197 -316 -163 -141 -423  -59  -43 -392  -21  -29  -17  -11  -52  -28  -84    6 -419    2    0 -409 -158   -9 -404   26
 38 Beat Frequent Pick  -14412  -930 -934 -955 -703 -595 -855 -587 -753 -592 -575 -594 -592 -642 -591 -555 -591 -383 -516 -596 -594 -452 -479 -999 -128  -30 -361   30    8   28 -252   -1  185 -141  -29 -440  -23  409    0 -600    0  999  997
 39 Beat The Last Move  -19769  -984 -992 -990 -992 -990 -943 -994 -991 -986 -760 -994 -991 -140 -994 -866 -994 -914 -968 -499 -992  -11   20 -997    1  -22 -933  -10   12  -27 -205   64   74 -766 -295 -981 -475  158  600    0    1 1000  997
 40 Rotate R-P-S        -25906  -984 -992 -990 -994 -992 -997 -994 -990 -986 -994 -996 -991 -989 -994 -940 -998 -969 -948 -999 -998 -991 -989 -997  -21   11 -984   -2  -12   18   20 -107   11 -394   -8 -998  -25    9    0   -1    0    0 -711
 41 Good Ole Rock       -26270  -999 -993 -999 -996 -999 -998 -998 -997 -995 -999 -999 -998 -1000 -999 -968 -999 -989 -993 -999 -997 -996 -993 -999    0   11 -981  -19   41  -16    1    0  185 -986    4 -998  -15  404 -999 -1000    0    0 1000
 42 * Anti-Flat         -27880  -1000 -992 -1000 -998 -999 -995 -1000 -1000 -994 -986 -995 -998 -999 -1000 -967 -995 -988 -991 -994 -1000 -995 -994 -999  118   12 -971  -37  -50   17  405 -183 -113 -999   54 -987   42  -26 -997 -997  711 -1000    0

 Match results (draw <= 50): 

    Player Name           total  W  L  D   1  2  3  4  5  6  7  8  9 10 11 12 13 14 15 16 17 18 19 20 21 22 23 24 25 26 27 28 29 30 31 32 33 34 35 36 37 38 39 40 41 42
  1 Iocaine Powder          72  31  0 10   1  2  1  2  1  2  2  1  1  1  1  2  1  1  2  1  2  2  2  2  2  2  2  1  2  2  2  2  2  2  2  2  2  2  2  2  2  2  2  2  2  2
  2 Phasenbott              68  28  1 12   0  1  1  1  1  2  1  1  1  1  1  2  2  1  1  1  2  2  2  2  2  2  2  1  2  2  2  2  2  2  2  2  2  2  2  2  2  2  2  2  2  2
  3 Simple Modeller         65  24  0 17   1  1  1  1  1  1  1  1  1  2  1  2  1  1  1  2  2  2  1  2  1  2  2  1  2  2  1  2  2  2  2  2  1  2  2  2  2  2  2  2  2  2
  4 MegaHAL                 64  24  1 16   0  1  1  1  1  2  1  1  1  1  1  2  1  2  1  2  1  2  1  2  1  1  2  1  2  2  2  2  1  2  2  2  2  2  2  2  2  2  2  2  2  2
  5 Biopic                  63  22  0 19   1  1  1  1  1  1  1  1  1  1  1  2  1  1  1  1  1  2  1  2  1  2  2  1  2  1  2  2  2  2  2  2  2  2  2  2  2  2  2  2  2  2
  6 RussRocker4             60  23  4 14   0  0  1  0  1  1  1  1  1  1  1  2  1  1  1  1  1  2  1  2  0  2  2  1  2  2  2  2  2  2  2  2  2  2  2  2  2  2  2  2  2  2
  7 ACT-R Lag2              60  20  1 20   0  1  1  1  1  1  1  1  1  1  1  1  1  1  1  1  2  2  2  2  1  1  2  1  2  1  1  2  1  2  2  2  2  2  2  2  2  2  2  2  2  2
  8 Yomi AI                 59  18  0 23   1  1  1  1  1  1  1  1  1  1  2  1  1  1  1  1  2  2  1  2  1  1  2  1  1  1  2  1  1  2  2  1  2  2  2  2  2  2  2  2  2  2
  9 Boom                    59  18  0 23   1  1  1  1  1  1  1  1  1  1  1  1  1  1  1  2  1  2  2  2  1  1  2  1  1  1  1  2  1  2  2  2  1  2  2  2  2  2  2  2  2  2
 10 Bugbrain                59  20  2 19   1  1  0  1  1  1  1  1  1  1  1  1  1  1  1  2  1  2  2  2  0  1  2  1  2  2  1  2  1  2  2  2  2  2  1  2  2  2  2  2  2  2
 11 Robertot                56  16  1 24   1  1  1  1  1  1  1  0  1  1  1  1  1  1  1  1  1  1  2  1  1  1  2  1  2  1  1  2  2  2  2  2  1  2  2  1  2  2  2  2  2  2
 12 Simple Predictor        54  20  7 14   0  0  0  0  0  0  1  1  1  1  1  1  1  1  1  2  1  1  1  1  0  2  2  1  2  2  1  2  2  2  2  2  2  2  2  2  2  2  2  2  2  2
 13 Shofar                  54  14  1 26   1  0  1  1  1  1  1  1  1  1  1  1  1  1  1  1  1  2  1  1  1  1  1  1  2  1  1  2  1  2  2  1  1  2  2  2  2  2  2  2  2  2
 14 Majikthise              53  13  1 27   1  1  1  0  1  1  1  1  1  1  1  1  1  1  1  1  1  2  1  1  1  1  2  1  2  1  1  1  1  2  2  1  2  1  1  2  2  2  2  2  2  2
 15 Vroomfondel             53  13  1 27   0  1  1  1  1  1  1  1  1  1  1  1  1  1  1  1  1  2  1  1  1  1  1  1  2  1  1  1  1  2  2  1  2  1  2  2  2  2  2  2  2  2
 16 Piedra                  52  16  5 20   1  1  0  0  1  1  1  1  0  0  1  0  1  1  1  1  1  1  1  1  1  1  1  1  2  1  1  2  2  2  2  2  2  2  2  2  2  2  2  2  2  2
 17 Sweet Rocky             50  15  6 20   0  0  0  1  1  1  0  0  1  1  1  1  1  1  1  1  1  0  1  1  1  1  1  1  2  1  1  2  1  2  2  2  2  2  2  2  2  2  2  2  2  2
 18 Marble                  48  20 13  8   0  0  0  0  0  0  0  0  0  0  1  1  0  0  0  1  2  1  2  1  1  2  2  1  2  1  1  2  2  2  2  2  2  2  2  2  2  2  2  2  2  2
 19 Mixed Strategy          48  15  8 18   0  0  1  1  1  1  0  1  0  0  0  1  1  1  1  1  1  0  1  1  0  1  1  1  2  1  1  2  2  1  2  2  2  2  2  2  2  2  2  2  2  2
 20 Granite                 47  16 10 15   0  0  0  0  0  0  0  0  0  0  1  1  1  1  1  1  1  1  1  1  1  2  1  1  2  1  1  2  1  2  2  2  2  2  2  2  2  2  2  2  2  2
 21 * De Bruijn             45   7  3 31   0  0  1  1  1  2  1  1  1  2  1  2  1  1  1  1  1  1  2  1  1  2  1  1  1  1  1  1  1  1  1  1  1  1  1  1  1  2  1  0  1  2
 22 * Anti-rotn             45  13  9 19   0  0  0  1  0  0  1  1  1  1  1  0  1  1  1  1  1  0  1  0  0  1  1  1  2  1  1  2  1  2  1  1  2  2  2  2  2  2  2  2  2  2
 23 ZQ Bot                  43  16 14 11   0  0  0  0  0  0  0  0  0  0  0  0  1  0  1  1  1  0  1  1  1  1  1  1  2  1  2  2  1  2  2  2  2  2  2  2  2  2  2  2  2  2
 24 * Pi                    41   1  1 39   1  1  1  1  1  1  1  1  1  1  1  1  1  1  1  1  1  1  1  1  1  1  1  1  1  1  1  1  1  1  1  1  1  1  0  1  1  1  2  1  1  1
 25 Inocencio               37  16 20  5   0  0  0  0  0  0  0  1  1  0  0  0  0  0  0  0  0  0  0  0  1  0  0  1  1  1  2  2  2  2  2  2  2  2  2  2  2  2  2  2  2  2
 26 * Add-drift             34   0  7 34   0  0  0  0  1  0  1  1  1  0  1  0  1  1  1  1  1  1  1  1  1  1  1  1  1  1  1  1  1  1  1  1  1  1  1  1  1  1  1  1  1  1
 27 * Foxtrot               32   0  9 32   0  0  1  0  0  0  1  0  1  1  1  1  1  1  1  1  1  1  1  1  1  1  0  1  0  1  1  1  1  1  1  1  1  1  1  0  1  1  1  1  1  1
 28 Peterbot                32  11 20 10   0  0  0  0  0  0  0  1  0  0  0  0  0  1  1  0  0  0  0  0  1  0  0  1  0  1  1  1  1  2  2  1  2  2  1  2  2  2  2  2  2  2
 29 * Copy-drift            29   1 13 27   0  0  0  1  0  0  1  1  1  1  0  0  1  1  1  0  1  0  0  1  1  1  1  1  0  1  1  1  1  0  0  1  1  1  1  2  1  1  1  1  1  1
 30 Multi-strategy          29  11 23  7   0  0  0  0  0  0  0  0  0  0  0  0  0  0  0  0  0  0  1  0  1  0  0  1  0  1  1  0  2  1  1  1  2  2  2  2  2  2  2  2  2  2
 31 Knucklehead             27   9 23  9   0  0  0  0  0  0  0  0  0  0  0  0  0  0  0  0  0  0  0  0  1  1  0  1  0  1  1  0  2  1  1  2  1  2  2  1  2  2  1  2  2  2
 32 * Add-react             24   3 20 18   0  0  0  0  0  0  0  1  0  0  0  0  1  1  1  0  0  0  0  0  1  1  0  1  0  1  1  1  1  1  0  1  1  0  1  1  1  1  1  2  2  2
 33 * Flat                  21   2 22 17   0  0  1  0  0  0  0  0  1  0  1  0  1  0  0  0  0  0  0  0  1  0  0  1  0  1  1  0  1  0  1  1  1  2  1  1  1  2  1  0  1  1
 34 Beat The Last Move      20   6 27  8   0  0  0  0  0  0  0  0  0  0  0  0  0  1  1  0  0  0  0  0  1  0  0  1  0  1  1  0  1  0  0  2  0  1  2  0  2  2  0  2  1  2
 35 * Text                  17   2 26 13   0  0  0  0  0  0  0  0  0  1  0  0  0  1  0  0  0  0  0  0  1  0  0  2  0  1  1  1  1  0  0  1  1  0  1  1  0  0  1  2  1  1
 36 * Switch A Lot          17   2 26 13   0  0  0  0  0  0  0  0  0  0  1  0  0  0  0  0  0  0  0  0  1  0  0  1  0  1  2  0  0  0  1  1  1  2  1  1  1  1  1  0  1  1
 37 Good Ole Rock           16   3 28 10   0  0  0  0  0  0  0  0  0  0  0  0  0  0  0  0  0  0  0  0  1  0  0  1  0  1  1  0  1  0  0  1  1  0  2  1  1  0  1  2  1  2
 38 Beat Frequent Pick      16   4 29  8   0  0  0  0  0  0  0  0  0  0  0  0  0  0  0  0  0  0  0  0  0  0  0  1  0  1  1  0  1  0  0  1  0  0  2  1  2  1  1  2  1  2
 39 Always Switchin'        16   1 26 14   0  0  0  0  0  0  0  0  0  0  0  0  0  0  0  0  0  0  0  0  1  0  0  0  0  1  1  0  1  0  1  1  1  2  1  1  1  1  1  1  1  1
 40 * Anti-Flat             14   4 31  6   0  0  0  0  0  0  0  0  0  0  0  0  0  0  0  0  0  0  0  0  2  0  0  1  0  1  1  0  1  0  0  0  2  0  0  2  0  0  1  1  2  1
 41 Rotate R-P-S            13   0 28 13   0  0  0  0  0  0  0  0  0  0  0  0  0  0  0  0  0  0  0  0  1  0  0  1  0  1  1  0  1  0  0  0  1  1  1  1  1  1  1  0  1  1
 42 R-P-S 20-20-60          10   0 31 10   0  0  0  0  0  0  0  0  0  0  0  0  0  0  0  0  0  0  0  0  0  0  0  1  0  1  1  0  1  0  0  0  1  0  1  1  0  0  1  1  1  1


   Yomi AI is match ranked 8

 Tournament results:
    Player Name          total 
  1 Yomi AI               6403 
 19 Iocaine Powder       11003 
 20 Phasenbott           10093 
 21 MegaHAL               9484 
 22 RussRocker4           7639 
 23 Biopic                8539 
 24 Simple Modeller       8374 
 25 Simple Predictor      7502 
 26 Robertot              7690 
 27 Boom                  7576 
 29 ACT-R Lag2            7039 
 33 Marble                6845 
 35 Sweet Rocky           6583 

   Yomi is tournament ranked 13

