 Playing 1 tournaments with 1000 trials per match...

 Yomi AI            vs Good Ole Rock       Match: 1000 (1000+   0-   0=)
 Yomi AI            vs R-P-S 20-20-60      Match:  128 (420+ 292- 288=)
 Yomi AI            vs Rotate R-P-S        Match:  478 (618+ 140- 242=)
 Yomi AI            vs Beat The Last Move  Match:  -27 (333+ 360- 307=)
 Yomi AI            vs Always Switchin'    Match:  154 (424+ 270- 306=)
 Yomi AI            vs Beat Frequent Pick  Match:  360 (588+ 228- 184=)
 Yomi AI            vs * Pi                Match:   34 (366+ 332- 302=)
 Yomi AI            vs * Switch A Lot      Match:   61 (378+ 317- 305=)
 Yomi AI            vs * Flat              Match:   32 (344+ 312- 344=)
 Yomi AI            vs * Anti-Flat         Match:  999 (999+   0-   1=)
 Yomi AI            vs * Foxtrot           Match:  216 (473+ 257- 270=)
 Yomi AI            vs * De Bruijn         Match:  -17 (315+ 332- 353=)
 Yomi AI            vs * Text              Match:   38 (369+ 331- 300=)
 Yomi AI            vs * Anti-rotn         Match:    0 (337+ 337- 326=)
 Yomi AI            vs * Copy-drift        Match:  -44 (306+ 350- 344=)
 Yomi AI            vs * Add-react         Match:   14 (335+ 321- 344=)
 Yomi AI            vs * Add-drift         Match:  -13 (317+ 330- 353=)
 Yomi AI            vs Iocaine Powder      Match:  -34 (327+ 361- 312=)
 Yomi AI            vs Phasenbott          Match:   22 (341+ 319- 340=)
 Yomi AI            vs MegaHAL             Match:   16 (341+ 325- 334=)
 Yomi AI            vs RussRocker4         Match:   35 (346+ 311- 343=)
 Yomi AI            vs Biopic              Match:    7 (350+ 343- 307=)
 Yomi AI            vs Simple Modeller     Match:  -10 (330+ 340- 330=)
 Yomi AI            vs Simple Predictor    Match:  -36 (322+ 358- 320=)
 Yomi AI            vs Robertot            Match:   30 (362+ 332- 306=)
 Yomi AI            vs Boom                Match:  -10 (336+ 346- 318=)
 Yomi AI            vs Shofar              Match:   28 (342+ 314- 344=)
 Yomi AI            vs ACT-R Lag2          Match:   11 (345+ 334- 321=)
 Yomi AI            vs Majikthise          Match:  -39 (309+ 348- 343=)
 Yomi AI            vs Vroomfondel         Match:  -29 (331+ 360- 309=)
 Yomi AI            vs Granite             Match:   87 (409+ 322- 269=)
 Yomi AI            vs Marble              Match:   30 (372+ 342- 286=)
 Yomi AI            vs ZQ Bot              Match:   38 (348+ 310- 342=)
 Yomi AI            vs Sweet Rocky         Match:   30 (364+ 334- 302=)
 Yomi AI            vs Piedra              Match:   45 (369+ 324- 307=)
 Yomi AI            vs Mixed Strategy      Match:   94 (409+ 315- 276=)
 Yomi AI            vs Multi-strategy      Match:  193 (458+ 265- 277=)
 Yomi AI            vs Inocencio           Match:   34 (368+ 334- 298=)
 Yomi AI            vs Peterbot            Match:   -9 (329+ 338- 333=)
 Yomi AI            vs Bugbrain            Match:  -13 (323+ 336- 341=)
 Yomi AI            vs Knucklehead         Match:  272 (498+ 226- 276=)
 Final results (draw value = 50):

 Tournament results: 

    Player Name          total     1    2    3    4    5    6    7    8    9   10   11   12   13   14   15   16   17   18   19   20   21   22   23   24   25   26   27   28   29   30   31   32   33   34   35   36   37   38   39   40   41   42
  1 Iocaine Powder       11269     0  201   57   35   30  512  -10   62  274   91  162   23  228   10   16   63  312   38   91    0   57   34  354  229   21   11  149  224  392  190   61  318  575  113  845  209  430  915  987  983  994  983
  2 Phasenbott           10035  -201    0   85   46   48  513   30   24  227   56  136   54  254  -27   27   58  268  108   38   15   16  -22  208  171   26   42  105   55  404   90   67  369  402   82  910  256  165  950  993  991  997  999
  3 MegaHAL               9287   -57  -85    0  -53    4   47   60    1  240   -2  118   72  243    9  -62   56  229   83   41    0  -18  -16  215  152  -25  -23  193   42   38  115  195  289  379  133  869  459  426  944  989  989  998 1000
  4 Simple Modeller       8665   -35  -46   53    0  -39   -3   52   34   55  -33  265   53  101   15   20   83  302   84   77  -15  -25   10  218  366    6   -7  253  248  -11  134  205  114  258  139  308  436  416  595  993  989 1000  997
  5 Biopic                8408   -30  -48   -4   39    0    5    2   49  153   42   81   23  147   -8    0   38  141    7   41  -13  -64   -7  281  195   -8   -1   21   64  411  -18  129   57  482  137  785  357  394  541  995  995  999  998
  6 RussRocker4           8315  -512 -513  -47    3   -5    0   62   15  146  -12  146   13  140   56  -27   48  137   63   24   52   54  -35  288  788  -78  -66  193  112  179   57   81  316  494   49  945  260  302  601  994  993  999 1000
  7 Robertot              7733    10  -30  -60  -52   -2  -62    0  -39   37    2   36   48   58   16   21   67   86   64   58  -50  -53  -30  233    2  -31  -52    3  106  -15   65   61   94  443  171  777  473  398  909  998  994  996  983
  8 Boom                  7710   -62  -24   -1  -34  -49  -15   39    0   39  -24   28  -82   66   -9  -29   38   53   -3   89  -16  -50   10  365  869  -38    5   26  -20   36   33  143  104  407  136  225  356  405  753  991  990  995  965
  9 Marble                6950  -274 -227 -240  -55 -153 -146  -37  -39    0 -107   27   14  -15  -62  -34   52   45   35   66   13  -63  -30  306  646  -76  -23   -7   28   60  156  262  144  317  181  921  251  437  592  996  995  999  995
 10 ACT-R Lag2            6676   -91  -56    2   33  -42   12   -2   24  107    0    1   29  132  -31   38   32  117   59   36   -9   32  -11  302   83  -97   13   14   33  -19  117  161   79  461   67   91  288  278  568  836  994  997  998
 11 Simple Predictor      6500  -162 -136 -118 -265  -81 -146  -36  -28  -27   -1    0   37  -17   20  -15   48  180   68   17   -5  -43   36  220   57  -62  -14  301  229  -61  103  152  148  266  149  290  445  405  588  985  986  993  994
 12 Piedra                6444   -23  -54  -72  -53  -23  -13  -48   82  -14  -29  -37    0  -69  -46  -52   43  -32  -19   32  -26  -44  -45   49  -10  -21  -18   20   -3   11  167   86   37  295  174  991  233  403  595  995  995 1000  987
 13 Granite               6421  -228 -254 -243 -101 -147 -140  -58  -66   15 -132   17   69    0  -69  -39   76   -1    3   33  -77   23  -87  225  658  -54  -52    6   79   43  189  110  119  239  181  873  277  368  591  989  993  998  995
 14 Bugbrain              6101   -10   27   -9  -15    8  -56  -16    9   62   31  -20   46   69    0   33   41  163   77   62   28   14   13  146   48    8   31   74    5  -29   52   52  106  101   96  209  239  154  418  901  958  979  996
 15 Shofar                6084   -16  -27   62  -20    0   27  -21   29   34  -38   15   52   39  -33    0   30   28   33   37   37  -33  -28  130   20  -52   11   23  105  -21   42  166   14  137  107   83  440  323  556  876  943  990  984
 16 * Anti-rotn           5627   -63  -58  -56  -83  -38  -48  -67  -38  -52  -32  -48  -43  -76  -41  -30    0  -46  -16  -62  -25   12    0  260  475  -45  -45   -9   -8  -29  245  338    5   25   56   35  468  176  596 1000  997  997 1000
 17 ZQ Bot                5513  -312 -268 -229 -302 -141 -137  -86  -53  -45 -117 -180   32    1 -163  -28   46    0   55   58  -11   21  -38  258  -46  -28  -82   84   37   33  183  177  220  400  170  931  133  374  592  997  992  993  992
 18 Mixed Strategy        5392   -38 -108  -83  -84   -7  -63  -64    3  -35  -59  -68   19   -3  -77  -33   16  -55    0    9   -5    2  -94   19  485  -73    9  -12  115  -38   25   65   23  230  138  141  325  379  470  959  969  995  995
 19 Sweet Rocky           5370   -91  -38  -41  -77  -41  -24  -58  -89  -66  -36  -17  -32  -33  -62  -37   62  -58   -9    0  -43  -34  -30  117  -39  -28  -67   37   24    2   87  145  309  244  170   91  193  377  594  994  990  995  989
 20 Majikthise            4775     0  -15    0   15   13  -52   50   16  -13    9    5   26   77  -28  -37   25   11    5   43    0    1   39   84   39   20   16  -20   -7   60   92   85    0  280   31   18  284  141  470   17  993  992  990
 21 Vroomfondel           4684   -57  -16   18   25   64  -54   53   50   63  -32   43   44  -23  -14   33  -12  -21   -2   34   -1    0   29  117   74  -10   15   47    9    7   84   95   -7  171   43    9  262  130  461  -17  994  994  982
 22 Yomi AI               4205   -34   22   16  -10    7   35   30  -10   30   11  -36   45   87  -13   28    0   38   94   30  -39  -29    0  193   34  -17   34  -13  -44  216   32   61   14  272   38   -9  154  128  360  -27  478 1000  999
 23 Multi-strategy        2520  -354 -208 -215 -218 -281 -288 -233 -365 -306 -302 -220  -49 -225 -146 -130 -260 -258  -19 -117  -84 -117 -193    0 -132  -50  -20   14  271    0  148  296   16   86  123  500  448  419  999  997  997  999  997
 24 Inocencio              875  -229 -171 -152 -366 -195 -788   -2 -869 -646  -83  -57   10 -658  -48  -20 -475   46 -485   39  -39  -74  -34  132    0  -26  -21    2   64  298  211   53   69  248  145  131  218  395  355  958  981  986  972
 25 * De Bruijn            766   -21  -26   25   -6    8   78   31   38   76   97   62   21   54   -8   52   45   28   73   28  -20   10   17   50   26    0   -1  -42    3   -8   29  -66   25  -13   23   -9   27   17  128   -1   21    0 -105
 26 * Pi                    91   -11  -42   23    7    1   66   52   -5   23  -13   14   18   52  -31  -11   45   82   -9   67  -16  -15  -34   20   21    1    0  -41  -38   25  -32   16  -19   30  -81   -4  -50  -37   30   22  -11  -11  -13
 27 * Add-drift          -1405  -149 -105 -193 -253  -21 -193   -3  -26    7  -14 -301  -20   -6  -74  -23    9  -84   12  -37   20  -47   13  -14   -2   42   41    0   40    7  -11   -1   24    4   38  -10  -23  -22    7    1   47  -51  -34
 28 * Copy-drift         -1961  -224  -55  -42 -248  -64 -112 -106   20  -28  -33 -229    3  -79   -5 -105    8  -37 -115  -24    7   -9   44 -271  -64   -3   38  -40    0  -29  -21  -60   25  -60   44  -38  -37  -23   14  -35    9   -1   24
 29 * Foxtrot            -2024  -392 -404  -38   11 -411 -179   15  -36  -60   19   61  -11  -43   29   21   29  -33   38   -2  -60   -7 -216    0 -298    8  -25   -7   29    0  -42   39   13  -17    9  -37   44   20    8   -7  -56  -28   -8
 30 * Flat               -2742  -190  -90 -115 -134   18  -57  -65  -33 -156 -117 -103 -167 -189  -52  -42 -245 -183  -25  -87  -92  -84  -32 -148 -211  -29   32   11   21   42    0    2  -22  -29    1 -169   19   -7  221  200  -24   -1 -411
 31 * Switch A Lot       -2951   -61  -67 -195 -205 -129  -81  -61 -143 -262 -161 -152  -86 -110  -52 -166 -338 -177  -65 -145  -85  -95  -61 -296  -53   66  -16    1   60  -39   -2    0   30   14    5 -131   -4    1   12  291    5    6   -4
 32 * Add-react          -2961  -318 -369 -289 -114  -57 -316  -94 -104 -144  -79 -148  -37 -119 -106  -14   -5 -220  -23 -309    0    7  -14  -16  -69  -25   19  -24  -25  -13   22  -30    0  -37   27  -44   14   67   -1  -10   76    0  -20
 33 Knucklehead          -2975  -575 -402 -379 -258 -482 -494 -443 -407 -317 -461 -266 -295 -239 -101 -137  -25 -400 -230 -244 -280 -171 -272  -86 -248   13  -30   -4   60   17   29  -14   37    0   20   20    2   95  170  952  934  936 1000
 34 * Text               -3227  -113  -82 -133 -139 -137  -49 -171 -136 -181  -67 -149 -174 -181  -96 -107  -56 -170 -138 -170  -31  -43  -38 -123 -145  -23   81  -38  -44   -9   -1   -5  -27  -20    0   14   -9   25 -185  -74  -11 -185  113
 35 Peterbot             -5489  -845 -910 -869 -308 -785 -945 -777 -225 -921  -91 -290 -991 -873 -209  -83  -35 -931 -141  -91  -18   -9    9 -500 -131    9    4   10   38   37  169  131   44  -20  -14    0  259  440  420  963  997 1000  993
 36 Always Switchin'     -7150  -209 -256 -459 -436 -357 -260 -473 -356 -251 -288 -445 -233 -277 -239 -440 -468 -133 -325 -193 -284 -262 -154 -448 -218  -27   50   23   37  -44  -19    4  -14   -2    9 -259    0   37    1  508    2   13   -5
 37 R-P-S 20-20-60       -9255  -430 -165 -426 -416 -394 -302 -398 -405 -437 -278 -405 -403 -368 -154 -323 -176 -374 -379 -377 -141 -130 -128 -419 -395  -17   37   22   23  -20    7   -1  -67  -95  -25 -440  -37    0 -451 -143   16 -347  106
 38 Beat Frequent Pick  -13991  -915 -950 -944 -595 -541 -601 -909 -753 -592 -568 -588 -595 -591 -418 -556 -596 -592 -470 -594 -470 -461 -360 -999 -355 -128  -30   -7  -14   -8 -221  -12    1 -170  185 -420   -1  451    0 -600    0  999  997
 39 Beat The Last Move  -20462  -987 -993 -989 -993 -995 -994 -998 -991 -996 -836 -985 -995 -989 -901 -876 -1000 -997 -959 -994  -17   17   27 -997 -958    1  -22   -1   35    7 -200 -291   10 -952   74 -963 -508  143  600    0    1 1000 1000
 40 Rotate R-P-S        -25839  -983 -991 -989 -989 -995 -993 -994 -990 -995 -994 -986 -995 -993 -958 -943 -997 -992 -969 -990 -993 -994 -478 -997 -981  -21   11  -47   -9   56   24   -5  -76 -934   11 -997   -2  -16    0   -1    0    0 -654
 41 Good Ole Rock       -26215  -994 -997 -998 -1000 -999 -999 -996 -995 -999 -997 -993 -1000 -998 -979 -990 -997 -993 -995 -995 -992 -994 -1000 -999 -986    0   11   51    1   28    1   -6    0 -936  185 -1000  -13  347 -999 -1000    0    0 1000
 42 * Anti-Flat         -27769  -983 -999 -1000 -997 -998 -1000 -983 -965 -995 -998 -994 -987 -995 -996 -984 -1000 -992 -995 -989 -990 -982 -999 -997 -972  105   13   34  -24    8  411    4   20 -1000 -113 -993    5 -106 -997 -1000  654 -1000    0

 Match results (draw <= 50): 

    Player Name           total  W  L  D   1  2  3  4  5  6  7  8  9 10 11 12 13 14 15 16 17 18 19 20 21 22 23 24 25 26 27 28 29 30 31 32 33 34 35 36 37 38 39 40 41 42
  1 Iocaine Powder          71  30  0 11   1  2  1  2  2  1  1  2  1  2  1  1  2  2  1  2  1  2  1  2  1  2  2  1  2  2  2  2  2  2  2  2  2  2  2  2  2  2  2  2  2  2
  2 Phasenbott              68  28  1 12   0  1  1  2  2  1  1  2  1  1  1  1  1  2  1  2  2  1  1  2  1  2  2  2  2  2  2  2  2  2  2  2  2  2  2  2  2  2  2  2  2  2
  3 Simple Modeller         68  27  0 14   1  1  1  1  2  1  1  1  2  1  1  1  1  2  1  2  2  2  1  2  1  2  2  2  2  1  2  2  2  2  2  2  2  2  2  2  2  2  2  2  2  2
  4 RussRocker4             63  26  4 11   0  0  1  1  1  1  2  1  2  1  1  1  2  2  2  2  1  1  0  2  0  1  2  2  2  2  2  2  2  2  2  2  2  1  2  2  2  2  2  2  2  2
  5 MegaHAL                 61  24  4 13   0  0  0  1  1  1  1  1  2  1  0  1  1  2  1  2  2  1  1  2  1  2  2  2  2  1  2  2  2  1  2  2  2  2  2  2  2  2  2  2  2  2
  6 Biopic                  60  20  1 20   1  1  1  1  1  1  1  1  1  1  1  1  0  2  1  2  1  1  1  2  1  1  2  1  2  2  2  1  2  2  2  2  1  2  2  2  2  2  2  2  2  2
  7 Bugbrain                60  20  1 20   1  1  1  0  1  1  1  1  1  1  1  1  1  1  1  2  1  2  1  2  1  1  2  2  1  1  2  2  2  1  2  2  2  2  2  2  2  2  2  2  2  2
  8 ACT-R Lag2              57  19  3 19   0  0  1  1  1  1  1  1  1  1  1  1  1  1  1  2  1  1  0  2  1  1  2  2  2  1  2  1  2  1  2  2  2  2  2  2  2  2  2  2  2  2
  9 Robertot                56  20  5 16   1  1  0  0  0  1  1  1  1  1  1  1  0  1  1  1  1  2  1  2  0  2  2  2  1  1  2  1  2  2  2  2  2  2  2  2  2  2  2  2  2  2
 10 Boom                    56  17  2 22   0  1  1  1  1  1  1  1  1  1  1  1  1  1  1  1  0  2  1  2  1  1  2  1  2  1  2  1  2  1  2  2  1  2  2  2  2  2  2  2  2  2
 11 Shofar                  55  15  1 25   1  1  1  1  2  1  1  1  1  1  1  1  1  1  1  1  2  1  0  1  1  1  1  1  1  1  2  1  2  2  1  2  1  2  2  2  2  2  2  2  2  2
 12 Yomi AI                 53  12  0 29   1  1  1  1  1  1  1  1  1  1  1  1  1  1  1  1  1  1  1  1  1  1  2  2  1  2  2  1  1  1  1  2  1  1  1  2  2  2  2  2  2  2
 13 Vroomfondel             53  14  2 25   0  1  1  0  1  2  1  1  2  1  1  1  1  1  1  2  1  1  1  1  1  1  1  1  2  1  2  1  1  1  1  2  2  1  1  2  2  2  2  2  2  2
 14 Simple Predictor        52  19  8 14   0  0  0  0  0  0  1  1  1  1  1  1  1  1  1  1  1  1  0  2  1  1  1  2  2  0  2  2  2  2  2  2  2  2  2  2  2  2  2  2  2  2
 15 Majikthise              52  12  1 28   1  1  1  0  1  1  1  1  1  1  1  1  1  1  1  1  1  1  1  1  1  1  2  1  1  2  2  1  1  1  1  2  2  1  1  2  2  2  2  2  2  2
 16 Marble                  49  18 10 13   0  0  0  0  0  0  0  0  1  1  1  1  0  1  1  1  1  2  0  1  1  2  1  1  2  2  2  1  2  1  2  2  2  2  2  2  2  2  2  2  2  2
 17 Piedra                  49  13  5 23   1  0  0  1  0  1  1  1  1  2  0  1  1  1  1  1  1  1  1  1  1  1  0  1  1  1  1  1  2  1  1  2  2  2  2  2  2  2  2  2  2  2
 18 Sweet Rocky             48  15  8 18   0  1  0  1  1  1  0  1  0  0  1  1  1  1  1  0  1  1  1  0  0  2  1  1  1  1  2  1  2  1  2  2  2  2  2  2  2  2  2  2  2  2
 19 * De Bruijn             47   8  2 31   1  1  1  2  1  1  1  2  1  1  2  1  1  2  1  2  1  1  1  1  1  1  2  2  1  1  1  1  1  1  1  1  1  1  1  0  1  1  2  1  0  1
 20 ZQ Bot                  46  17 12 12   0  0  0  0  0  0  0  0  0  0  1  1  1  0  1  1  1  2  1  1  0  1  1  2  1  1  2  2  2  1  2  2  2  2  2  2  2  2  2  2  2  2
 21 * Pi                    45   5  1 35   1  1  1  2  1  1  1  1  2  1  1  1  1  1  1  1  1  2  1  2  1  1  2  1  1  1  1  1  1  1  1  1  1  0  1  1  1  1  1  1  1  1
 22 * Anti-rotn             45  12  8 21   0  0  0  1  0  1  1  1  0  1  1  1  1  1  1  0  1  0  1  1  1  1  0  1  2  1  2  1  1  1  1  1  2  2  2  2  2  2  2  2  2  2
 23 Granite                 45  18 14  9   0  0  0  0  0  0  0  0  0  0  1  0  1  1  0  1  2  1  0  1  0  2  1  1  2  1  2  1  2  2  2  2  2  2  2  2  2  2  2  2  2  2
 24 Mixed Strategy          43  13 11 17   1  0  0  0  0  1  0  0  0  1  1  0  1  0  1  1  1  1  0  0  1  1  1  1  2  1  1  1  2  2  1  2  1  2  2  2  2  2  2  2  2  2
 25 Inocencio               43  16 14 11   0  0  0  0  0  0  1  0  1  0  1  1  0  0  1  0  1  1  1  1  1  0  0  0  1  2  2  1  2  2  2  2  2  2  2  2  2  2  2  2  2  2
 26 * Foxtrot               33   1  9 31   0  0  1  0  1  0  1  1  1  1  1  0  1  2  0  0  1  1  1  1  1  1  1  1  0  1  1  1  1  1  1  1  1  1  1  1  1  1  1  0  1  1
 27 Multi-strategy          33  13 21  7   0  0  0  0  0  0  0  0  0  0  0  0  0  0  0  0  1  0  1  0  1  0  0  1  0  1  1  1  2  2  1  2  2  2  2  2  2  2  2  2  2  2
 28 * Add-drift             32   0  9 32   0  0  0  0  0  1  0  1  1  1  1  1  1  0  1  1  1  1  1  0  1  1  1  1  1  1  1  1  1  1  1  1  1  1  1  1  0  1  1  1  1  1
 29 Peterbot                30   9 20 12   0  0  0  0  0  0  0  0  0  0  0  1  1  0  1  0  0  0  1  0  1  1  0  0  0  1  0  1  1  1  1  1  2  1  2  2  2  2  2  2  2  2
 30 * Copy-drift            27   0 14 27   0  0  0  0  1  0  1  1  0  1  0  1  1  0  1  1  1  1  1  1  1  1  0  0  0  1  0  1  1  1  1  0  1  1  1  0  1  1  1  1  1  1
 31 * Add-react             27   2 16 23   0  0  0  0  0  0  0  0  0  0  1  1  1  0  1  0  1  0  1  0  1  1  0  1  0  1  1  1  1  1  1  1  1  1  1  1  1  1  1  2  1  2
 32 Knucklehead             25   7 23 11   0  0  0  0  0  0  0  0  0  0  0  0  0  0  0  0  0  0  1  0  1  1  0  0  0  1  0  1  1  2  1  1  1  1  2  1  2  1  2  2  2  2
 33 * Flat                  22   2 21 18   0  0  0  0  0  1  0  0  0  1  1  1  0  0  0  0  0  0  1  0  1  0  0  1  0  1  0  1  0  1  1  1  1  1  2  1  1  1  2  1  0  1
 34 * Text                  20   2 23 16   0  0  0  1  0  0  0  0  0  0  0  1  1  0  1  0  0  0  1  0  2  0  0  0  0  1  0  1  1  1  1  1  1  1  0  1  0  1  0  1  2  1
 35 Beat The Last Move      20   5 26 10   0  0  0  0  0  0  0  0  0  0  0  1  1  0  1  0  0  0  1  0  1  0  0  0  0  1  0  1  0  1  1  0  0  2  1  0  2  0  2  1  2  2
 36 * Switch A Lot          19   3 25 13   0  0  0  0  0  0  0  0  0  0  0  0  0  0  0  0  0  0  2  0  1  0  0  0  0  1  0  1  0  2  1  1  1  1  2  1  1  1  1  1  1  1
 37 Good Ole Rock           17   4 28  9   0  0  0  0  0  0  0  0  0  0  0  0  0  0  0  0  0  0  1  0  1  0  0  0  0  1  0  2  0  1  1  0  1  2  0  1  1  1  0  1  2  2
 38 Always Switchin'        17   1 25 15   0  0  0  0  0  0  0  0  0  0  0  0  0  0  0  0  0  0  1  0  1  0  0  0  0  1  0  1  0  1  1  1  1  1  2  1  1  1  1  1  1  1
 39 Beat Frequent Pick      16   4 29  8   0  0  0  0  0  0  0  0  0  0  0  0  0  0  0  0  0  0  0  0  1  0  0  0  0  1  0  1  0  1  1  0  0  2  0  1  2  1  1  1  2  2
 40 Rotate R-P-S            14   1 28 12   0  0  0  0  0  0  0  0  0  0  0  0  0  0  0  0  0  0  1  0  1  0  0  0  0  2  0  1  0  1  0  0  1  1  1  1  1  1  1  1  0  1
 41 * Anti-Flat             13   3 31  7   0  0  0  0  0  0  0  0  0  0  0  0  0  0  0  0  0  0  2  0  1  0  0  0  0  1  0  1  0  1  1  0  2  0  0  1  0  1  0  2  1  0
 42 R-P-S 20-20-60          12   1 30 10   0  0  0  0  0  0  0  0  0  0  0  0  0  0  0  0  0  0  1  0  1  0  0  0  0  1  0  1  0  1  0  0  1  1  0  1  0  1  0  1  2  1


   Yomi AI is match ranked 12

 Tournament results:
    Player Name          total 
  1 Yomi AI               4205 
 15 * Anti-rotn           5627 
 19 Iocaine Powder       11269 
 20 Phasenbott           10035 
 21 MegaHAL               9287 
 22 RussRocker4           8315 
 23 Biopic                8408 
 24 Simple Modeller       8665 
 25 Simple Predictor      6500 
 26 Robertot              7733 
 27 Boom                  7710 
 28 Shofar                6084 
 29 ACT-R Lag2            6676 
 30 Majikthise            4775 
 31 Vroomfondel           4684 
 32 Granite               6421 
 33 Marble                6950 
 34 ZQ Bot                5513 
 35 Sweet Rocky           5370 
 36 Piedra                6444 
 37 Mixed Strategy        5392 
 41 Bugbrain              6101 

   Yomi is tournament ranked 22

