 Playing 1 tournaments with 1000 trials per match...

 Yomi AI            vs Good Ole Rock       Match: 1000 (1000+   0-   0=)
 Yomi AI            vs R-P-S 20-20-60      Match:  315 (548+ 233- 219=)
 Yomi AI            vs Rotate R-P-S        Match:  995 (997+   2-   1=)
 Yomi AI            vs Beat The Last Move  Match:  220 (490+ 270- 240=)
 Yomi AI            vs Always Switchin'    Match:  284 (478+ 194- 328=)
 Yomi AI            vs Beat Frequent Pick  Match:  699 (827+ 128-  45=)
 Yomi AI            vs * Pi                Match:   22 (348+ 326- 326=)
 Yomi AI            vs * Switch A Lot      Match:  158 (443+ 285- 272=)
 Yomi AI            vs * Flat              Match:  149 (438+ 289- 273=)
 Yomi AI            vs * Anti-Flat         Match:  999 (999+   0-   1=)
 Yomi AI            vs * Foxtrot           Match:  384 (597+ 213- 190=)
 Yomi AI            vs * De Bruijn         Match:   23 (336+ 313- 351=)
 Yomi AI            vs * Text              Match:  132 (418+ 286- 296=)
 Yomi AI            vs * Anti-rotn         Match:  -20 (331+ 351- 318=)
 Yomi AI            vs * Copy-drift        Match:   40 (353+ 313- 334=)
 Yomi AI            vs * Add-react         Match:   28 (361+ 333- 306=)
 Yomi AI            vs * Add-drift         Match:   12 (356+ 344- 300=)
 Yomi AI            vs Iocaine Powder      Match:  -65 (285+ 350- 365=)
 Yomi AI            vs Phasenbott          Match:   -8 (343+ 351- 306=)
 Yomi AI            vs MegaHAL             Match:  -18 (341+ 359- 300=)
 Yomi AI            vs RussRocker4         Match:   10 (345+ 335- 320=)
 Yomi AI            vs Biopic              Match:  -16 (337+ 353- 310=)
 Yomi AI            vs Simple Modeller     Match:   38 (357+ 319- 324=)
 Yomi AI            vs Simple Predictor    Match:   21 (364+ 343- 293=)
 Yomi AI            vs Robertot            Match:   14 (363+ 349- 288=)
 Yomi AI            vs Boom                Match:   10 (349+ 339- 312=)
 Yomi AI            vs Shofar              Match:   36 (358+ 322- 320=)
 Yomi AI            vs ACT-R Lag2          Match:  -19 (332+ 351- 317=)
 Yomi AI            vs Majikthise          Match:   26 (354+ 328- 318=)
 Yomi AI            vs Vroomfondel         Match:   16 (346+ 330- 324=)
 Yomi AI            vs Granite             Match:  136 (473+ 337- 190=)
 Yomi AI            vs Marble              Match:   93 (423+ 330- 247=)
 Yomi AI            vs ZQ Bot              Match:   87 (428+ 341- 231=)
 Yomi AI            vs Sweet Rocky         Match:   13 (370+ 357- 273=)
 Yomi AI            vs Piedra              Match:   65 (385+ 320- 295=)
 Yomi AI            vs Mixed Strategy      Match:  151 (449+ 298- 253=)
 Yomi AI            vs Multi-strategy      Match:  255 (508+ 253- 239=)
 Yomi AI            vs Inocencio           Match:  708 (832+ 124-  44=)
 Yomi AI            vs Peterbot            Match:  983 (991+   8-   1=)
 Yomi AI            vs Bugbrain            Match:   13 (346+ 333- 321=)
 Yomi AI            vs Knucklehead         Match:  562 (703+ 141- 156=)
 Final results (draw value = 50):

 Tournament results: 

    Player Name          total     1    2    3    4    5    6    7    8    9   10   11   12   13   14   15   16   17   18   19   20   21   22   23   24   25   26   27   28   29   30   31   32   33   34   35   36   37   38   39   40   41   42
  1 Iocaine Powder       10879     0   59   48   27   27   65  514  -23   25  176  208  211  -42   34   49   42   50   57  302   27   41   45  212  196   37   12  158  378  120  200  360  541  122  146  240  936  412  921  990  989  990  977
  2 Phasenbott            9922   -59    0    9   10   39    8  514   27   35  155  193  205  -16   31   59    5   35   51  245  -35   10   91  177  173   54  -44  188  401   92   75  313  382   89   98  256  998  134  953  988  995  996  992
  3 MegaHAL               9556   -48   -9    0  -12    3   18   54   28   17   54  270  253  -22   -9   32   22   77   61  267  -24  -18   42  193  243  -39  -23  154   40   58  135  284  373  189  252  451  871  407  941  990  999  987  995
  4 Simple Modeller       8803   -27  -10   12    0   17  -38   -4  -51   48  317   81  115  -25   -3   30   42   -8   46  263  -16    5  146  179  104  -71  -26  250  -47  264   80  115  244   99  214  498  938  444  594  995  997  993  999
  5 Biopic                8579   -27  -39   -3  -17    0   16  -47    6    3   73   83  164    6   45    9  -88   43   44  104    3   -9   83  240  107    0  -12   47  372   53  197   29  492  133  174  361  999  387  561  994  999  997  997
  6 Yomi AI               8551   -65   -8  -18   38  -16    0   10   14   10   21  136   93   36  -19   13   13   65  -20   87   26   16  151  255  708   23   22   12  384   40  149   28  562  132  158  284  983  315  699  220 1000  995  999
  7 RussRocker4           7985  -514 -514  -54    4   47  -10    0   16   43   96  122  149   -9   49   67   16  100   78  175  -24    9   45  264  117  -26  -17   93  253  115  102  389  496   98  106  284  967  286  590  988  998  994  997
  8 Robertot              7874    23  -27  -28   51   -6  -14  -16    0  -25    0   39   29  -15  -18   30   27   41   41   92  -38  -31   75  276   93  -13    0   -1  -51  107   58   92  458  166   91  464  670  396  881  968  998  994  997
  9 Boom                  7559   -25  -35  -17  -48   -3  -10  -43   25    0   21   76   21   12   42   61  -13   25   54   51  -23   19   60  235   41    5   -2   23  -10   68  102  101  333  140  213  456  476  399  753  991  995  990 1000
 10 Simple Predictor      7510  -176 -155  -54 -317  -73  -21  -96    0  -21    0   20   47  -55  -83   22   31   15   81  194   15  -29   60  179  531  -62   19  307  -17  268  108   89  284  149  182  410  694  408  587  986  996  989  998
 11 Granite               6728  -208 -193 -270  -81  -83 -136 -122  -39  -76  -20    0   -9  -45 -109   46  -61   45   48  -49  -34  -15   21  297  649  -65  -30    8   87  113  148   81  422  178  178  175  921  384  591  990 1000  995  996
 12 Marble                6601  -211 -205 -253 -115 -164  -93 -149  -29  -21  -47    9    0  -61 -133   42  -87   48   43   29   18  -42   29  303  656  -47  -28   -4   27  -10  150   74  308  183  194  237  937  440  594  990  999  990 1000
 13 Shofar                6595    42   16   22   25   -6  -36    9   15  -12   55   45   61    0   10   22  -13   27   44   50  -18   -8   90  133   86   -5   17   29   29   47   29   77  154  109  225  440  106  348  553  906  976  923  973
 14 ACT-R Lag2            6488   -34  -31    9    3  -45   19  -49   18  -42   83  109  133  -10    0   62   21   45    5   72   37   13   48  274   61  -29  -23   16  -24   16  102   16  513   88  193  289  206  274  572  501  996  994  987
 15 Sweet Rocky           6442   -49  -59  -32  -30   -9  -13  -67  -30  -61  -22  -46  -42  -22  -62    0  -58    1   45  -27  -26  -24  -23   80  545  -47  -63  -27  -24   26  109  269  183  177  225  172  523  394  589  993  993  988  993
 16 Bugbrain              5981   -42   -5  -22  -42   88  -13  -16  -27   13  -31   61   87   13  -21   58    0   50   49  170  -39   28   95   88   37    6    8   89   -9   23  101   76  116   40   82  195  285  136  418  942  956  948  990
 17 Piedra                5562   -50  -35  -77    8  -43  -65 -100  -41  -25  -15  -45  -48  -27  -45   -1  -50    0  -18  -39  -39  -54  -23  147  -14  -24  -46   29   15   26  178  207  101  187  136  363  128  395  593  991  996  991  995
 18 * Anti-rotn           5435   -57  -51  -61  -46  -44   20  -78  -41  -54  -81  -48  -43  -44   -5  -45  -49   18    0  -68   18  -11  -21  221  504  -36  -36   10  -62   67  197   29  115   53  326  498   39  212  598  495  998  998 1000
 19 ZQ Bot                5282  -302 -245 -267 -263 -104  -87 -175  -92  -51 -194   49  -29  -50  -72   27 -170   39   68    0  -69  -37    7  265 -105  -35  -70   62   48   62  138  247  311  176   67  302  941  325  587  993  999  989  997
 20 Majikthise            4841   -27   35   24   16   -3  -26   24   38   23  -15   34  -18   18  -37   26   39   39  -18   69    0  -22   57  142  110   22   24  -16   13  -28   84    9  227   40   99  222   -4  148  475   15  995  990  998
 21 Vroomfondel           4813   -41  -10   18   -5    9  -16   -9   31  -19   29   15   42    8  -13   24  -28   54   11   37   22    0   43  210   58  -23   35    7   34  -41  105   39  236   59  106  227   25  140  450  -33  996  994  987
 22 Mixed Strategy        4344   -45  -91  -42 -146  -83 -151  -45  -75  -60  -60  -21  -29  -90  -48   23  -95   23   21   -7  -57  -43    0  -26  -44  -98  -36    6  -37    9   32  -25  270  131  142  142  208  353  545  984  983  932  994
 23 Multi-strategy        2153  -212 -177 -193 -179 -240 -255 -264 -276 -235 -179 -297 -303 -133 -274  -80  -88 -147 -221 -265 -142 -210   26    0 -105  -50  -20  -14    5  282  143   38   29  123  302  456 -103  421  999  997  999  997  998
 24 Inocencio             1385  -196 -173 -243 -104 -107 -708 -117  -93  -41 -531 -649 -656  -86  -61 -545  -37   14 -504  105 -110  -58   44  105    0  -18  -22   17  325   42  151   89  187  151  155  235  152  406  362  967  980  981  976
 25 * De Bruijn            663   -37  -54   39   71    0  -23   26   13   -5   62   65   47    5   29   47   -6   24   36   35  -22   23   98   50   18    0   -1   27   12    3    4   17  -12   23  -11   -4   -2   25  128   -1    0   21 -107
 26 * Pi                   416   -12   44   23   26   12  -22   17    0    2  -19   30   28  -17   23   63   -8   46   36   70  -24  -35   36   20   22    1    0   -1  -35   16  -17   37   14  -81   34   38   19   13   30   22  -11  -11  -13
 27 * Add-drift          -1512  -158 -188 -154 -250  -47  -12  -93    1  -23 -307   -8    4  -29  -16   27  -89  -29  -10  -62   16   -7   -6   14  -17  -27    1    0   25   10  -29  -79   22   29   -9   18   -7    6  -31  -20    6    3   13
 28 * Foxtrot            -1899  -378 -401  -40   47 -372 -384 -253   51   10   17  -87  -27  -29   24   24    9  -15   62  -48  -13  -34   37   -5 -325  -12   35  -25    0   36   39  -23   51   17    7   29    5   20   27  -30    9   20   26
 29 * Copy-drift         -1937  -120  -92  -58 -264  -53  -40 -115 -107  -68 -268 -113   10  -47  -16  -26  -23  -26  -67  -62   28   41   -9 -282  -42   -3  -16  -10  -36    0  -66   37  -59   39   76  -42  -30   10   14  -20    7  -37   18
 30 * Flat               -2886  -200  -75 -135  -80 -197 -149 -102  -58 -102 -108 -148 -150  -29 -102 -109 -101 -178 -197 -138  -84 -105  -32 -143 -151   -4   17   29  -39   66    0  -24   40   24  -16  -15 -157  -12  244  193    0   41 -400
 31 * Add-react          -3017  -360 -313 -284 -115  -29  -28 -389  -92 -101  -89  -81  -74  -77  -16 -269  -76 -207  -29 -247   -9  -39   25  -38  -89  -17  -37   79   23  -37   24    0  -82   60   -5    2  -75   50   -4  -25   -3   96  -40
 32 Knucklehead          -3272  -541 -382 -373 -244 -492 -562 -496 -458 -333 -284 -422 -308 -154 -513 -183 -116 -101 -115 -311 -227 -236 -270  -29 -187   12  -14  -22  -51   59  -40   82    0   36   19   22    5  106  108  891  953  899 1000
 33 * Text               -3449  -122  -89 -189  -99 -133 -132  -98 -166 -140 -149 -178 -183 -109  -88 -177  -40 -187  -53 -176  -40  -59 -131 -123 -151  -23   81  -29  -17  -39  -24  -60  -36    0   52  -23   22    3 -185  -74 -185  -11  111
 34 * Switch A Lot       -4007  -146  -98 -252 -214 -174 -158 -106  -91 -213 -182 -178 -194 -225 -193 -225  -82 -136 -326  -67  -99 -106 -142 -302 -155   11  -34    9   -7  -76   16    5  -19  -52    0  -27 -138   28   27  288  -16   29   13
 35 Always Switchin'     -7366  -240 -256 -451 -498 -361 -284 -284 -464 -456 -410 -175 -237 -440 -289 -172 -195 -363 -498 -302 -222 -227 -142 -456 -235    4  -38  -18  -29   42   15   -2  -22   23   27    0 -244   33   50  484   17  -23  -28
 36 Peterbot             -7466  -936 -998 -871 -938 -999 -983 -967 -670 -476 -694 -921 -937 -106 -206 -523 -285 -128  -39 -941    4  -25 -208  103 -152    2  -19    7   -5   30  157   75   -5  -22  138  244    0  415  435  982  999  997 1000
 37 R-P-S 20-20-60       -9575  -412 -134 -407 -444 -387 -315 -286 -396 -399 -408 -384 -440 -348 -274 -394 -136 -395 -212 -325 -148 -140 -353 -421 -406  -25  -13   -6  -20  -10   12  -50 -106   -3  -28  -33 -415    0 -407 -140 -389   -9   31
 38 Beat Frequent Pick  -14446  -921 -953 -941 -594 -561 -699 -590 -881 -753 -587 -591 -594 -553 -572 -589 -418 -593 -598 -587 -475 -450 -545 -999 -362 -128  -30   31  -27  -14 -244    4 -108  185  -27  -50 -435  407    0 -600  999    0  997
 39 Beat The Last Move  -19793  -990 -988 -990 -995 -994 -220 -988 -968 -991 -986 -990 -990 -906 -501 -993 -942 -991 -495 -993  -15   33 -984 -997 -967    1  -22   20   30   20 -193   25 -891   74 -288 -484 -982  140  600    0 1000    1  997
 40 Good Ole Rock       -26219  -989 -995 -999 -997 -999 -1000 -998 -998 -995 -996 -1000 -999 -976 -996 -993 -956 -996 -998 -999 -995 -996 -983 -999 -980    0   11   -6   -9   -7    0    3 -953  185   16  -17 -999  389 -999 -1000    0    0  999
 41 Rotate R-P-S        -26370  -990 -996 -987 -993 -997 -995 -994 -994 -990 -989 -995 -990 -923 -994 -988 -948 -991 -998 -989 -990 -994 -932 -997 -981  -21   11   -3  -20   37  -41  -96 -899   11  -29   23 -997    9    0   -1    0    0 -719
 42 * Anti-Flat         -27733  -977 -992 -995 -999 -997 -999 -997 -997 -1000 -998 -996 -1000 -973 -987 -993 -990 -995 -1000 -997 -998 -987 -994 -998 -976  107   13  -13  -26  -18  400   40 -1000 -111  -13   28 -1000  -31 -997 -997 -999  719    0

 Match results (draw <= 50): 

    Player Name           total  W  L  D   1  2  3  4  5  6  7  8  9 10 11 12 13 14 15 16 17 18 19 20 21 22 23 24 25 26 27 28 29 30 31 32 33 34 35 36 37 38 39 40 41 42
  1 Iocaine Powder          67  26  0 15   1  2  1  2  1  1  1  1  2  1  1  1  1  1  2  1  1  2  2  2  1  2  1  1  2  2  2  2  2  2  2  2  2  2  2  2  2  2  2  2  2  2
  2 Phasenbott              67  27  1 13   0  1  1  2  1  1  1  1  1  1  1  1  1  1  2  1  2  2  2  2  2  2  1  2  2  2  2  2  2  2  2  2  2  2  2  2  2  2  2  2  2  2
  3 MegaHAL                 65  24  0 17   1  1  1  2  1  1  1  1  1  1  1  1  1  1  2  2  1  2  2  2  1  2  1  1  2  1  2  2  2  2  2  2  2  2  2  2  2  2  2  2  2  2
  4 RussRocker4             63  25  3 13   0  0  0  1  1  1  1  1  1  1  1  1  1  1  2  2  2  2  2  2  1  2  1  1  2  2  2  2  2  2  2  2  2  2  2  2  2  2  2  2  2  2
  5 Biopic                  61  21  1 19   1  1  1  1  1  1  1  0  1  1  1  1  1  1  2  1  1  1  2  2  1  2  1  2  2  2  1  2  2  2  1  2  2  2  2  2  2  2  2  2  2  2
  6 Simple Modeller         61  22  2 17   1  1  1  1  1  1  1  1  1  1  0  1  1  1  2  1  1  1  2  2  0  2  1  2  2  1  2  2  2  2  2  2  2  2  2  2  2  2  2  2  2  2
  7 Boom                    61  20  0 21   1  1  1  1  1  1  1  1  1  1  1  1  1  1  1  1  2  2  2  1  1  2  1  2  1  1  1  2  2  2  2  2  2  2  2  2  2  2  2  2  2  2
  8 Bugbrain                61  20  0 21   1  1  1  1  2  1  1  1  1  1  1  1  1  1  1  1  2  1  2  2  1  2  1  2  1  1  2  2  2  1  2  2  2  2  1  2  2  2  2  2  2  2
  9 Yomi AI                 60  20  1 20   0  1  1  1  1  1  1  1  1  1  1  1  1  1  1  2  1  1  2  2  1  2  1  2  2  2  1  2  2  1  1  2  2  2  2  2  2  2  2  2  2  2
 10 ACT-R Lag2              60  19  0 22   1  1  1  1  1  1  1  1  1  1  1  1  1  1  2  1  2  1  2  2  1  2  1  1  2  1  1  2  2  1  1  2  2  2  2  2  2  2  2  2  2  2
 11 Robertot                59  19  1 21   1  1  1  1  1  2  1  1  1  1  1  1  1  1  1  1  1  1  1  1  1  2  1  2  2  0  1  2  2  2  2  2  2  2  2  2  2  2  2  2  2  2
 12 Shofar                  58  17  0 24   1  1  1  1  1  1  1  1  1  1  1  1  1  1  2  1  1  1  1  2  1  1  1  2  2  1  1  2  2  1  2  2  1  2  2  2  2  2  2  2  2  2
 13 Majikthise              54  13  0 28   1  1  1  1  1  1  1  1  1  1  1  1  1  1  1  1  1  1  1  1  1  2  1  2  2  1  1  1  2  1  1  2  2  1  1  2  2  2  2  2  2  2
 14 Vroomfondel             54  13  0 28   1  1  1  1  1  1  1  1  1  1  1  1  1  1  1  2  1  1  1  1  1  1  1  1  2  1  1  1  2  1  1  2  2  1  2  2  2  2  2  2  2  2
 15 Simple Predictor        52  20  9 12   0  0  0  0  0  0  1  1  1  0  1  0  1  1  1  1  1  2  1  1  0  2  1  2  2  1  2  2  2  2  2  2  2  2  2  2  2  2  2  2  2  2
 16 Piedra                  51  14  4 23   1  1  0  0  1  1  1  1  0  1  1  1  1  0  1  1  1  1  1  1  1  1  1  1  1  1  1  2  2  1  2  2  2  2  2  2  2  2  2  2  2  2
 17 Sweet Rocky             50  15  6 20   1  0  1  0  1  1  0  0  1  0  1  1  1  1  1  1  1  1  1  1  1  1  0  1  2  1  1  2  2  1  2  2  2  2  2  2  2  2  2  2  2  2
 18 * Anti-rotn             47  14  8 19   0  0  0  0  1  1  0  1  1  1  1  1  1  1  0  1  1  1  1  1  1  0  1  1  2  0  1  1  2  2  1  2  2  2  2  2  2  2  2  2  2  2
 19 Granite                 47  17 11 13   0  0  0  0  0  0  0  0  0  0  1  1  1  1  1  1  1  1  1  1  0  1  1  1  2  2  1  2  2  2  2  2  2  2  2  2  2  2  2  2  2  2
 20 Marble                  46  15 10 16   0  0  0  0  0  0  1  0  0  0  1  0  1  1  1  1  1  1  1  1  1  1  1  1  2  1  1  2  2  1  2  2  2  2  2  2  2  2  2  2  2  2
 21 * De Bruijn             44   5  2 34   1  0  1  1  1  2  1  1  1  1  1  1  1  1  2  1  1  1  2  1  1  1  1  2  1  1  1  1  1  1  1  1  1  1  1  1  1  2  1  0  1  1
 22 ZQ Bot                  43  17 15  9   0  0  0  0  0  0  0  0  0  0  0  1  0  1  0  1  1  2  1  1  1  1  0  1  0  1  2  2  2  2  2  2  2  2  2  2  2  2  2  2  2  2
 23 * Pi                    42   2  1 38   1  1  1  1  1  1  1  1  1  1  1  1  1  1  1  1  2  1  1  1  1  2  1  1  1  1  1  1  1  1  1  1  1  1  0  1  1  1  1  1  1  1
 24 Mixed Strategy          41  11 11 19   1  0  1  1  0  0  0  0  0  1  0  0  0  1  0  1  1  1  1  1  0  1  1  1  1  1  1  2  1  1  1  2  1  2  2  2  2  2  2  2  2  2
 25 Inocencio               40  16 17  8   0  0  0  0  0  0  1  1  0  0  0  0  0  0  0  1  0  0  0  0  1  2  1  1  1  2  1  2  2  1  2  2  2  2  2  2  2  2  2  2  2  2
 26 * Foxtrot               37   3  7 31   0  0  1  0  0  1  1  1  0  1  2  1  1  1  1  1  1  2  0  1  1  1  1  1  0  1  1  1  1  1  1  2  1  1  1  1  1  1  1  1  1  1
 27 * Add-drift             32   0  9 32   0  0  0  0  1  0  1  0  1  1  1  1  1  1  0  1  1  1  1  1  1  0  1  1  1  1  1  1  1  1  0  1  1  1  1  1  1  1  1  1  1  1
 28 Peterbot                32  11 20 10   0  0  0  0  0  0  0  0  0  0  0  0  1  1  0  0  0  1  0  0  1  0  1  0  0  1  1  1  2  1  2  1  2  2  1  2  2  2  2  2  2  2
 29 Multi-strategy          29  11 23  7   0  0  0  0  0  0  0  0  0  0  0  0  0  0  0  0  0  0  0  0  1  0  1  1  0  1  1  0  1  2  1  1  2  2  2  2  2  2  2  2  2  2
 30 * Copy-drift            27   1 15 25   0  0  0  0  0  0  0  1  1  1  0  1  1  1  0  1  1  0  0  1  1  0  1  1  1  1  1  1  0  1  1  0  0  1  1  1  1  1  2  1  1  1
 31 * Add-react             26   3 18 20   0  0  0  0  1  0  0  0  1  1  0  0  1  1  0  0  0  1  0  0  1  0  1  1  0  1  2  0  1  1  1  0  1  1  2  1  1  1  1  1  2  1
 32 Knucklehead             25   8 24  9   0  0  0  0  0  0  0  0  0  0  0  0  0  0  0  0  0  0  0  0  1  0  1  0  0  0  1  1  1  2  2  1  1  2  1  1  2  2  1  2  2  2
 33 * Flat                  20   3 24 14   0  0  0  0  0  0  0  0  0  0  0  1  0  0  0  0  0  0  0  0  1  0  1  1  0  1  1  0  0  2  1  1  1  2  1  1  1  2  1  0  1  1
 34 Beat The Last Move      19   5 27  9   0  0  0  0  0  0  0  0  0  0  0  0  1  1  0  0  0  0  0  0  1  0  1  0  0  1  1  0  0  1  1  0  0  1  2  0  2  2  0  2  1  2
 35 * Text                  18   3 26 12   0  0  0  0  0  0  0  1  0  0  0  0  1  0  0  0  0  0  0  0  1  0  2  0  0  1  1  1  0  1  0  1  1  0  1  1  0  0  2  2  1  1
 36 Always Switchin'        17   1 25 15   0  0  0  0  0  0  0  0  0  0  0  0  0  0  0  0  0  0  0  0  1  0  1  0  0  1  1  0  0  1  1  1  1  2  1  1  1  1  1  1  1  1
 37 Good Ole Rock           16   3 28 10   0  0  0  0  0  0  0  0  0  0  0  0  0  0  0  0  0  0  0  0  1  0  1  0  0  1  1  0  0  1  1  0  1  0  2  1  1  0  1  2  1  2
 38 Beat Frequent Pick      16   4 29  8   0  0  0  0  0  0  0  0  0  0  0  0  0  0  0  0  0  0  0  0  0  0  1  0  0  1  1  0  0  1  1  0  0  0  2  1  2  1  1  2  1  2
 39 * Switch A Lot          15   1 27 13   0  0  0  0  0  0  0  0  0  0  0  0  0  0  0  0  0  0  0  0  1  0  1  0  0  1  1  0  0  0  1  1  1  2  0  1  1  1  1  1  1  1
 40 * Anti-Flat             14   3 30  8   0  0  0  0  0  0  0  0  0  0  0  0  0  0  0  0  0  0  0  0  2  0  1  0  0  1  1  0  0  1  1  0  2  0  0  1  0  0  1  1  2  1
 41 Rotate R-P-S            13   0 28 13   0  0  0  0  0  0  0  0  0  0  0  0  0  0  0  0  0  0  0  0  1  0  1  0  0  1  1  0  0  1  0  0  1  1  1  1  1  1  1  0  1  1
 42 R-P-S 20-20-60          12   0 29 12   0  0  0  0  0  0  0  0  0  0  0  0  0  0  0  0  0  0  0  0  1  0  1  0  0  1  1  0  0  1  1  0  1  0  1  1  0  0  1  1  1  1


   Yomi AI is match ranked 9

 Tournament results:
    Player Name          total 
  1 Yomi AI               8551 
 19 Iocaine Powder       10879 
 20 Phasenbott            9922 
 21 MegaHAL               9556 
 23 Biopic                8579 
 24 Simple Modeller       8803 

   Yomi is tournament ranked 6

