 Playing 1 tournaments with 1000 trials per match...

 Yomi AI            vs Good Ole Rock       Match: 1000 (1000+   0-   0=)
 Yomi AI            vs R-P-S 20-20-60      Match:  228 (476+ 248- 276=)
 Yomi AI            vs Rotate R-P-S        Match:  522 (650+ 128- 222=)
 Yomi AI            vs Beat The Last Move  Match:   66 (379+ 313- 308=)
 Yomi AI            vs Always Switchin'    Match:  176 (406+ 230- 364=)
 Yomi AI            vs Beat Frequent Pick  Match:  395 (600+ 205- 195=)
 Yomi AI            vs * Pi                Match:   14 (342+ 328- 330=)
 Yomi AI            vs * Switch A Lot      Match:  122 (414+ 292- 294=)
 Yomi AI            vs * Flat              Match:   33 (351+ 318- 331=)
 Yomi AI            vs * Anti-Flat         Match:  999 (999+   0-   1=)
 Yomi AI            vs * Foxtrot           Match:  308 (526+ 218- 256=)
 Yomi AI            vs * De Bruijn         Match:   11 (335+ 324- 341=)
 Yomi AI            vs * Text              Match:   96 (394+ 298- 308=)
 Yomi AI            vs * Anti-rotn         Match:   47 (355+ 308- 337=)
 Yomi AI            vs * Copy-drift        Match:  -21 (332+ 353- 315=)
 Yomi AI            vs * Add-react         Match:   10 (332+ 322- 346=)
 Yomi AI            vs * Add-drift         Match:   -9 (315+ 324- 361=)
 Yomi AI            vs Iocaine Powder      Match:   23 (349+ 326- 325=)
 Yomi AI            vs Phasenbott          Match:  -24 (331+ 355- 314=)
 Yomi AI            vs MegaHAL             Match:  -39 (325+ 364- 311=)
 Yomi AI            vs RussRocker4         Match:   17 (337+ 320- 343=)
 Yomi AI            vs Biopic              Match:  -12 (336+ 348- 316=)
 Yomi AI            vs Simple Modeller     Match:   31 (353+ 322- 325=)
 Yomi AI            vs Simple Predictor    Match:   10 (359+ 349- 292=)
 Yomi AI            vs Robertot            Match:   37 (378+ 341- 281=)
 Yomi AI            vs Boom                Match:   28 (345+ 317- 338=)
 Yomi AI            vs Shofar              Match:    2 (335+ 333- 332=)
 Yomi AI            vs ACT-R Lag2          Match:   -3 (335+ 338- 327=)
 Yomi AI            vs Majikthise          Match:    2 (336+ 334- 330=)
 Yomi AI            vs Vroomfondel         Match:   26 (342+ 316- 342=)
 Yomi AI            vs Granite             Match:   70 (415+ 345- 240=)
 Yomi AI            vs Marble              Match:   86 (415+ 329- 256=)
 Yomi AI            vs ZQ Bot              Match:   84 (413+ 329- 258=)
 Yomi AI            vs Sweet Rocky         Match:   44 (376+ 332- 292=)
 Yomi AI            vs Piedra              Match:   35 (381+ 346- 273=)
 Yomi AI            vs Mixed Strategy      Match:   22 (364+ 342- 294=)
 Yomi AI            vs Multi-strategy      Match:  187 (444+ 257- 299=)
 Yomi AI            vs Inocencio           Match:   35 (362+ 327- 311=)
 Yomi AI            vs Peterbot            Match:    9 (346+ 337- 317=)
 Yomi AI            vs Bugbrain            Match:   33 (351+ 318- 331=)
 Yomi AI            vs Knucklehead         Match:  316 (527+ 211- 262=)
 Final results (draw value = 50):

 Tournament results: 

    Player Name          total     1    2    3    4    5    6    7    8    9   10   11   12   13   14   15   16   17   18   19   20   21   22   23   24   25   26   27   28   29   30   31   32   33   34   35   36   37   38   39   40   41   42
  1 Iocaine Powder       11015     0  125  166   50   64   28  507  189    8  250  230    0  -11   34   53   57  298  -23   77   26   40   37  228   49   36  343  116  354  127  188  554  313  126  140  858  155  361  927  985  982  991  977
  2 MegaHAL              10169  -125    0  -58   47   17   45   95   33   -9  237  252   17  -45   15  -11   -3  262   39   54    5   43  -30  197  -37  -13  942  103   97  149  129  365  328  133  235  881  465  409  930  990  992  998  996
  3 Phasenbott            9865  -166   58    0   25   15   17  538   38   23  230  261   41   31   25   69   16  305   24   57   30   60   15  190   32  -13  177  128  345  110   12  408  298   75   46  998  257  157  973  985  991  994  990
  4 Biopic                8456   -50  -47  -25    0    5  -11  -20   27   37  140  150   74   17   -2   30   -5  112   12   45  -35   69   29  157   15   -5  117   63  429   17   97  483   29  162  124  890  313  384  648  995  998  996  992
  5 Simple Modeller       8409   -64  -17  -15   -5    0    3  -28  307  -26   43   45   67  -39   68  -22   70  266  -31   45   -3   71   25  190  -68  -46  142  233  -21  236  103  206  103  144  200  795  462  408  585  990  991  999  997
  6 Boom                  8273   -28  -45  -17   11   -3    0  -36  -36   37   -1   44   48    1   -2  -35  -40   78  -28  119  -44   62  -49  175   61   -2  887   31    2   94   52  462   96  140  242  498  377  399  753  991  990  995  994
  7 RussRocker4           7684  -507  -95 -538   20   28   36    0  113   34  166  136   86    9   35    9   54  167  -17   81  -31   46   22  228  -66  -10  144  137  176  120  142  476  329   44  114  914  248  264  592  988  995  999  996
  8 Simple Predictor      7589  -189  -33  -38  -27 -307   36 -113    0  -26   25   -7   80  -19   16  -65   80  188  -10   77  -41   32  -18  191  -62   19  690  309   -1  264   66  321  122  149  209  333  405  379  588  984  990  996  996
  9 Robertot              7408    -8    9  -23  -37   26  -37  -34   26    0   92   53   67  -37  -52  -14   39   93  -37   49   -1   61  -48  201   12   -5   15   79  -46   73   88  376   77  177   80  430  466  419  818  968  995  998 1000
 10 Granite               6914  -250 -237 -230 -140  -43    1 -166  -25  -92    0    4   29  -55  -95  -72   51    2  -70  -24   15   73  -49  346  -53  -43  643   66   12   94  166  363   68  178  203  937  332  404  592  989  992  998 1000
 11 Marble                6447  -230 -252 -261 -150  -45  -44 -136    7  -53   -4    0   60  -82 -120 -151   15   67  -86   29  -36   40  -47  273  -88  -25  646   49   32   -1  165  367   57  177  104  944  265  386  591  996  995 1000  993
 12 Piedra                6364     0  -17  -41  -74  -67  -48  -86  -80  -67  -29  -60    0  -33  -64  -21  -28  -21  -35  -12  -23   52  -31   99  -37  -31  794   75   -6   62  186   82  300  173  112  133  281  354  593  989  994  998  998
 13 Shofar                6333    11   45  -31  -17   39   -1   -9   19   37   55   82   33    0  -32    3   44   52   -2   36  -16   48    7  160  -17  -32  170   27   -5   14  -22  130   41   88  206   16  439  363  559  907  924  994  968
 14 Bugbrain              6164   -34  -15  -25    2  -68    2  -35  -16   52   95  120   64   32    0   -9   66  136  -33   69    0   32    0  113   27  -17   64   30  -19  134   77  227   84   60  100  235  223  186  423  925  895  966  996
 15 ACT-R Lag2            5986   -53   11  -69  -30   22   35   -9   65   14   72  151   21   -3    9    0   42   51    3   67    8   38   -1  154  -79    5   95   17  -19   37  125  513   56   70  193  118  217  343  580  130  993  997  997
 16 Sweet Rocky           5598   -57    3  -16    5  -70   40  -54  -80  -39  -51  -15   28  -44  -66  -42    0  -45  -44  -46  -64   70  -62   97  -46    9  -49    2  -22   49  140  161  360  180  129  113  143  402  594  993  996  999  997
 17 ZQ Bot                5140  -298 -262 -305 -112 -266  -78 -167 -188  -93   -2  -67   21  -52 -136  -51   45    0  -84  -25  -15   41  -12  230  -71  -24  -28   -9   12   77  145  284  325  160  173  851  194  372  593  985  992  995  990
 18 Yomi AI               5016    23  -39  -24  -12   31   28   17   10   37   70   86   35    2   33   -3   44   84    0   22    2   47   26  187   11   14   35  -21  308   -9   33  316   10   96  122    9  176  228  395   66  522 1000  999
 19 Mixed Strategy        4974   -77  -54  -57  -45  -45 -119  -81  -77  -49   24  -29   12  -36  -69  -67   46   25  -22    0  -40  -23  -22   33  -53  -66  -17   -9  -51    0   53  231   66  175  114  384  226  396  457  965  905  990  980
 20 Majikthise            4908   -26   -5  -30   35    3   44   31   41    1  -15   36   23   16    0   -8   64   15   -2   40    0   32  -10  182   65   46   60  -19  -10  -16   97  236   -8   10  172   19  240  139  460  -18  989  990  989
 21 * Anti-rotn           4679   -40  -43  -60  -69  -71  -62  -46  -32  -61  -73  -40  -52  -48  -32  -38  -70  -41  -47   23  -32    0   27  273  -71  -36  -47    8  -11   10  197   63    7   61  330   25  503  190  598  493  998 1000  995
 22 Vroomfondel           4593   -37   30  -15  -29  -25   49  -22   18   48   49   47   31   -7    0    1   62   12  -26   22   10  -27    0  145  -11   13    1   -1   43    6  101  155    8   36   87   -3  231  189  444  -22  991  995  994
 23 Multi-strategy        2277  -228 -197 -190 -157 -190 -175 -228 -191 -201 -346 -273  -99 -160 -113 -154  -97 -230 -187  -33 -182 -273 -145    0  -50  -20 -130  195  -44   -3  125   56    7  123  282 -103  496  403  999  997  997  999  997
 24 * De Bruijn            596   -49   37  -32  -15   68  -61   66   62  -12   53   88   37   17  -27   79   46   71  -11   53  -65   71   11   50    0   -1   12  -40   38  -20    9   -9  -21   23   19  -18   57  -25  128   -1   21    0 -113
 25 * Pi                   368   -36   13   13    5   46    2   10  -19    5   43   25   31   32   17   -5   -9   24  -14   66  -46   36  -13   20    1    0   19   10    1   -4   23   11   58  -81   48   25   32  -39   30   22  -11  -11  -12
 26 Inocencio            -1263  -343 -942 -177 -117 -142 -887 -144 -690  -15 -643 -646 -794 -170  -64  -95   49   28  -35   17  -60   47   -1  130  -12  -19    0  144  252   29  110  166   83  160  102  194  195  405  360 -668  975  981  974
 27 * Copy-drift         -1730  -116 -103 -128  -63 -233  -31 -137 -309  -79  -66  -49  -75  -27  -30  -17   -2    9   21    9   19   -8    1 -195   40  -10 -144    0   -8  -14   72    2   24  -31   27  -52   -5   17  -30  -22    3    4    6
 28 * Foxtrot            -1782  -354  -97 -345 -429   21   -2 -176    1   46  -12  -32    6    5   19   19   22  -12 -308   51   10   11  -43   44  -38   -1 -252    8    0    3   17   64  -25   22  -19  -19   33    1   50   -1  -40  -27   -3
 29 * Add-drift          -1858  -127 -149 -110  -17 -236  -94 -120 -264  -73  -94    1  -62  -14 -134  -37  -49  -77    9    0   16  -10   -6    3   20    4  -29   14   -3    0  -49    9  -10   -1    0  -68    6   30    0   -2  -91  -63   19
 30 * Flat               -2721  -188 -129  -12  -97 -103  -52 -142  -66  -88 -166 -165 -186   22  -77 -125 -140 -145  -33  -53  -97 -197 -101 -125   -9  -23 -110  -72  -17   49    0    4    8   30   -4 -174  -23    3  235  196   49    1 -399
 31 Knucklehead          -3042  -554 -365 -408 -483 -206 -462 -476 -321 -376 -363 -367  -82 -130 -227 -513 -161 -284 -316 -231 -236  -63 -155  -56    9  -11 -166   -2  -64   -9   -4    0   52   13   13   11   16   31   94  964  927  920  999
 32 * Add-react          -3083  -313 -328 -298  -29 -103  -96 -329 -122  -77  -68  -57 -300  -41  -84  -56 -360 -325  -10  -66    8   -7   -8   -7   21  -58  -83  -24   25   10   -8  -52    0   39   43  -57   59  -22    9   30   65    2   -6
 33 * Text               -3154  -126 -133  -75 -162 -144 -140  -44 -149 -177 -178 -177 -173  -88  -60  -70 -180 -160  -96 -175  -10  -61  -36 -123  -23   81 -160   31  -22    1  -30  -13  -39    0    5   25   54   16 -185  -74  -11 -185  112
 34 * Switch A Lot       -3870  -140 -235  -46 -124 -200 -242 -114 -209  -80 -203 -104 -112 -206 -100 -193 -129 -173 -122 -114 -172 -330  -87 -282  -19  -48 -102  -27   19    0    4  -13  -43   -5    0 -113  -14    5  -10  283   -8  -15  -47
 35 Peterbot             -4950  -858 -881 -998 -890 -795 -498 -914 -333 -430 -937 -944 -133  -16 -235 -118 -113 -851   -9 -384  -19  -25    3  103   18  -25 -194   52   19   68  174  -11   57  -25  113    0  260  404  443  982  997  998  995
 36 Always Switchin'     -7256  -155 -465 -257 -313 -462 -377 -248 -405 -466 -332 -265 -281 -439 -223 -217 -143 -194 -176 -226 -240 -503 -231 -496  -57  -32 -195    5  -33   -6   23  -16  -59  -54   14 -260    0   11   14  493    1   13   -4
 37 R-P-S 20-20-60       -9333  -361 -409 -157 -384 -408 -399 -264 -379 -419 -404 -386 -354 -363 -186 -343 -402 -372 -228 -396 -139 -190 -189 -403   25   39 -405  -17   -1  -30   -3  -31   22  -16   -5 -404  -11    0 -416 -140    0 -435   30
 38 Beat Frequent Pick  -14015  -927 -930 -973 -648 -585 -753 -592 -588 -818 -592 -591 -593 -559 -423 -580 -594 -593 -395 -457 -460 -598 -444 -999 -128  -30 -360   30  -50    0 -235  -94   -9  185   10 -443  -14  416    0 -600    0  999 1000
 39 Beat The Last Move  -17732  -985 -990 -985 -995 -990 -991 -988 -984 -968 -989 -996 -989 -907 -925 -130 -993 -985  -66 -965   18 -493   22 -997    1  -22  668   22    1    2 -196 -964  -30   74 -283 -982 -493  140  600    0    1 1000 1000
 40 Rotate R-P-S        -25664  -982 -992 -991 -998 -991 -990 -995 -990 -995 -992 -995 -994 -924 -895 -993 -996 -992 -522 -905 -989 -998 -991 -997  -21   11 -975   -3   40   91  -49 -927  -65   11    8 -997   -1    0    0   -1    0    0 -679
 41 Good Ole Rock       -26069  -991 -998 -994 -996 -999 -995 -999 -996 -998 -998 -1000 -998 -994 -966 -997 -999 -995 -1000 -990 -990 -1000 -995 -999    0   11 -981   -4   27   63   -1 -920   -2  185   15 -998  -13  435 -999 -1000    0    0 1000
 42 * Anti-Flat         -27703  -977 -996 -990 -992 -997 -994 -996 -996 -1000 -1000 -993 -998 -968 -996 -997 -997 -990 -999 -980 -989 -995 -994 -997  113   12 -974   -6    3  -19  399 -999    6 -112   47 -995    4  -30 -1000 -1000  679 -1000    0

 Match results (draw <= 50): 

    Player Name           total  W  L  D   1  2  3  4  5  6  7  8  9 10 11 12 13 14 15 16 17 18 19 20 21 22 23 24 25 26 27 28 29 30 31 32 33 34 35 36 37 38 39 40 41 42
  1 Iocaine Powder          70  29  0 12   1  2  1  2  1  2  2  1  1  2  2  1  1  1  1  1  1  2  2  2  1  2  1  2  2  2  2  2  2  2  2  2  2  2  2  2  2  2  2  2  2  2
  2 Phasenbott              64  24  1 16   0  1  1  2  1  1  2  1  1  2  1  1  1  1  1  1  1  2  1  2  2  2  1  2  2  2  2  2  2  2  2  2  2  2  1  1  2  2  2  2  2  2
  3 Bugbrain                63  23  1 17   1  1  1  1  1  0  1  2  1  1  1  1  1  1  1  2  1  2  2  2  1  2  1  2  2  1  2  2  1  2  2  2  2  2  2  2  2  2  2  2  2  2
  4 MegaHAL                 62  23  2 16   0  0  1  1  1  1  2  1  1  1  1  1  1  1  1  1  1  2  1  2  1  2  1  2  2  2  2  2  2  2  2  2  2  2  2  2  2  2  2  2  2  2
  5 Biopic                  62  21  0 20   1  1  1  1  1  1  1  1  1  1  1  1  1  1  1  2  1  2  1  2  2  1  1  2  2  2  2  2  2  1  1  2  2  2  2  2  2  2  2  2  2  2
  6 Simple Modeller         62  23  2 16   0  1  2  1  1  1  1  1  1  1  2  1  1  1  1  2  0  1  2  1  2  1  1  2  2  1  2  2  2  2  2  2  2  2  2  2  2  2  2  2  2  2
  7 RussRocker4             61  24  4 13   0  0  1  0  1  1  1  1  1  1  2  1  1  1  1  2  0  2  2  2  1  2  1  2  2  2  2  2  2  2  2  2  2  1  2  2  2  2  2  2  2  2
  8 Robertot                61  21  1 19   1  1  0  1  1  1  1  1  1  1  1  1  1  1  1  2  1  2  1  2  2  1  1  2  1  1  2  2  2  2  2  2  2  2  2  2  2  2  2  2  2  2
  9 Boom                    61  20  0 21   1  1  1  1  1  1  1  1  1  1  1  1  1  1  1  1  2  1  1  1  2  2  1  2  2  1  2  2  1  2  2  2  2  2  2  2  2  2  2  2  2  2
 10 ACT-R Lag2              58  20  3 18   0  0  1  1  1  1  1  1  1  1  2  1  1  1  1  1  0  2  1  2  1  2  1  2  2  1  2  2  1  1  2  2  2  2  2  2  2  2  2  2  2  2
 11 Simple Predictor        57  21  5 15   0  1  1  1  1  0  0  1  1  0  1  1  1  1  1  2  0  1  2  1  1  2  1  2  2  1  2  2  2  2  2  2  2  2  2  2  2  2  2  2  2  2
 12 Yomi AI                 56  15  0 26   1  1  1  1  1  1  1  1  1  1  1  1  1  1  1  1  1  2  1  2  1  1  1  2  1  2  1  2  1  1  1  2  2  2  1  2  2  2  2  2  2  2
 13 Shofar                  56  15  0 26   1  1  1  1  1  1  1  1  1  1  1  1  1  1  1  1  1  2  1  2  1  1  1  2  2  1  1  2  1  1  1  2  2  2  1  2  2  2  2  2  2  2
 14 Majikthise              54  13  0 28   1  1  1  1  1  1  1  1  1  1  1  1  1  1  1  1  2  1  2  1  1  1  1  1  2  1  1  2  1  1  1  2  1  1  2  2  2  2  2  2  2  2
 15 Vroomfondel             52  11  0 30   1  1  1  1  1  1  1  1  1  1  1  1  1  1  1  1  1  1  2  1  1  1  1  1  1  1  1  2  1  1  1  2  1  1  2  2  2  2  2  2  2  2
 16 Piedra                  52  18  7 16   1  1  0  1  0  0  0  0  1  1  0  1  1  1  1  1  1  1  1  0  2  1  1  1  2  1  2  2  2  2  2  2  2  2  2  2  2  2  2  2  2  2
 17 * De Bruijn             49  11  3 27   1  1  1  1  1  2  2  1  0  2  2  1  1  0  1  1  1  2  1  2  2  2  1  2  1  1  1  1  1  1  1  1  1  1  1  1  1  2  0  1  2  1
 18 Granite                 49  19 11 11   0  0  0  0  0  1  0  0  1  0  1  0  0  1  1  1  0  1  2  1  2  1  1  1  2  1  2  2  2  2  2  2  2  2  2  2  2  2  2  2  2  2
 19 Sweet Rocky             48  15  8 18   0  1  0  1  1  0  0  1  1  1  0  1  1  0  0  1  1  0  1  1  2  1  1  1  1  1  2  2  1  1  2  2  2  2  2  2  2  2  2  2  2  2
 20 Marble                  47  17 11 13   0  0  0  0  0  1  0  0  1  0  1  0  0  1  1  2  0  1  1  1  1  1  1  2  2  1  2  2  1  1  2  2  2  2  2  2  2  2  2  2  2  2
 21 * Anti-rotn             44  12  9 20   1  0  1  1  0  0  1  0  0  1  1  1  1  1  1  0  0  0  0  1  1  1  1  1  1  1  1  2  1  1  1  2  2  2  2  2  2  2  2  2  2  2
 22 Mixed Strategy          43  13 11 17   0  0  0  0  1  1  0  1  0  0  0  1  1  1  1  1  0  1  1  1  1  1  0  1  1  0  2  1  1  1  2  2  2  2  2  2  2  2  2  2  2  2
 23 * Pi                    42   2  1 38   1  1  1  1  1  1  1  1  1  1  1  1  1  1  1  1  1  1  1  1  1  2  1  1  1  1  1  1  1  1  2  1  1  0  1  1  1  1  1  1  1  1
 24 ZQ Bot                  41  15 15 11   0  0  0  0  0  0  0  0  0  0  0  0  0  1  1  1  0  1  1  0  1  1  1  1  1  1  2  2  1  2  2  2  2  2  2  2  2  2  2  2  2  2
 25 Inocencio               40  15 16 10   0  0  0  0  0  0  0  1  0  0  0  1  0  0  1  0  1  0  1  0  1  1  1  1  1  2  2  2  2  1  2  2  0  2  2  2  2  2  2  2  2  2
 26 * Foxtrot               36   2  7 32   0  0  1  0  0  1  0  1  1  1  1  0  1  1  1  1  1  1  1  1  1  2  1  1  0  1  1  1  1  1  1  2  1  1  1  1  1  1  1  1  1  1
 27 Peterbot                36  13 18 10   0  0  0  0  0  0  0  0  0  0  0  1  1  1  1  0  1  0  0  0  1  0  1  0  0  1  1  2  2  2  2  1  2  1  2  2  2  2  2  2  2  2
 28 Multi-strategy          30  12 23  6   0  0  0  0  0  0  0  0  0  0  0  0  0  0  0  0  1  0  0  0  0  1  1  0  0  1  0  1  2  1  1  2  2  2  2  2  2  2  2  2  2  2
 29 * Copy-drift            29   1 13 27   0  0  1  0  0  0  0  0  1  1  0  1  1  1  1  0  1  0  1  1  1  1  1  1  0  1  0  0  1  1  1  1  1  1  2  1  1  1  1  1  1  1
 30 * Add-drift             26   0 15 26   0  0  0  0  1  0  0  0  0  1  0  1  1  1  1  0  1  0  1  1  1  1  1  0  1  1  0  1  1  1  1  1  1  1  1  1  0  1  1  0  1  1
 31 * Add-react             23   2 20 19   0  0  0  0  1  0  0  0  0  0  0  1  1  1  1  0  1  0  0  0  1  0  0  0  0  1  0  1  1  1  1  0  1  1  1  1  1  1  1  2  2  1
 32 Knucklehead             22   6 25 10   0  0  0  0  0  0  0  0  0  0  0  0  0  0  0  0  1  0  0  0  0  0  1  0  0  0  1  0  1  1  2  1  2  1  1  1  2  2  2  2  1  1
 33 Beat The Last Move      21   6 26  9   0  0  0  0  0  0  0  0  0  0  0  0  0  1  1  0  1  0  0  0  0  0  1  0  2  1  0  0  1  1  1  0  1  2  0  0  2  2  2  1  0  2
 34 * Text                  20   3 24 14   0  0  0  0  0  0  1  0  0  0  0  0  0  1  1  0  1  0  0  0  0  0  2  0  0  1  1  0  1  1  1  1  0  1  1  1  0  0  2  1  2  1
 35 * Flat                  19   2 24 15   0  1  0  0  0  0  0  0  0  0  0  1  1  0  0  0  1  0  0  0  0  0  1  0  0  1  0  0  0  1  1  1  2  1  1  1  1  2  0  1  1  1
 36 * Switch A Lot          18   1 24 16   0  1  0  0  0  0  0  0  0  0  0  0  0  0  0  0  1  0  0  0  0  0  1  0  0  1  0  0  1  1  1  1  2  1  1  1  1  1  1  1  1  1
 37 Good Ole Rock           17   4 28  9   0  0  0  0  0  0  0  0  0  0  0  0  0  0  0  0  1  0  0  0  0  0  1  0  0  1  0  0  1  2  1  0  0  2  1  1  1  0  2  1  1  2
 38 Beat Frequent Pick      16   4 29  8   0  0  0  0  0  0  0  0  0  0  0  0  0  0  0  0  0  0  0  0  0  0  1  0  0  1  0  0  1  1  1  0  0  2  0  1  2  1  2  1  1  2
 39 * Anti-Flat             14   3 30  8   0  0  0  0  0  0  0  0  0  0  0  0  0  0  0  0  2  0  0  0  0  0  1  0  0  1  0  0  1  1  1  0  0  0  2  1  0  0  1  2  1  1
 40 Rotate R-P-S            14   1 28 12   0  0  0  0  0  0  0  0  0  0  0  0  0  0  0  0  1  0  0  0  0  0  1  0  0  1  0  0  1  2  0  0  1  1  1  1  1  1  0  1  1  1
 41 Always Switchin'        14   1 28 12   0  0  0  0  0  0  0  0  0  0  0  0  0  0  0  0  0  0  0  0  0  0  1  0  0  1  0  0  1  1  0  1  2  0  1  1  1  1  1  1  1  1
 42 R-P-S 20-20-60          13   0 28 13   0  0  0  0  0  0  0  0  0  0  0  0  0  0  0  0  1  0  0  0  0  0  1  0  0  1  0  0  1  1  1  1  0  1  1  1  0  0  1  1  1  1


   Yomi AI is match ranked 12

 Tournament results:
    Player Name          total 
  1 Yomi AI               5016 
 19 Iocaine Powder       11015 
 20 Phasenbott            9865 
 21 MegaHAL              10169 
 22 RussRocker4           7684 
 23 Biopic                8456 
 24 Simple Modeller       8409 
 25 Simple Predictor      7589 
 26 Robertot              7408 
 27 Boom                  8273 
 28 Shofar                6333 
 29 ACT-R Lag2            5986 
 32 Granite               6914 
 33 Marble                6447 
 34 ZQ Bot                5140 
 35 Sweet Rocky           5598 
 36 Piedra                6364 
 41 Bugbrain              6164 

   Yomi is tournament ranked 18

