 Playing 1 tournaments with 1000 trials per match...

 Yomi AI            vs Good Ole Rock       Match: 1000 (1000+   0-   0=)
 Yomi AI            vs R-P-S 20-20-60      Match:  226 (483+ 257- 260=)
 Yomi AI            vs Rotate R-P-S        Match:  744 (866+ 122-  12=)
 Yomi AI            vs Beat The Last Move  Match:   -4 (330+ 334- 336=)
 Yomi AI            vs Always Switchin'    Match:  194 (470+ 276- 254=)
 Yomi AI            vs Beat Frequent Pick  Match:  452 (674+ 222- 104=)
 Yomi AI            vs * Pi                Match:  -45 (327+ 372- 301=)
 Yomi AI            vs * Switch A Lot      Match:   89 (393+ 304- 303=)
 Yomi AI            vs * Flat              Match:   86 (385+ 299- 316=)
 Yomi AI            vs * Anti-Flat         Match:  688 (832+ 144-  24=)
 Yomi AI            vs * Foxtrot           Match:  331 (563+ 232- 205=)
 Yomi AI            vs * De Bruijn         Match:   14 (344+ 330- 326=)
 Yomi AI            vs * Text              Match:   87 (395+ 308- 297=)
 Yomi AI            vs * Anti-rotn         Match:    2 (343+ 341- 316=)
 Yomi AI            vs * Copy-drift        Match:    5 (331+ 326- 343=)
 Yomi AI            vs * Add-react         Match:   -8 (328+ 336- 336=)
 Yomi AI            vs * Add-drift         Match:   23 (335+ 312- 353=)
 Yomi AI            vs Iocaine Powder      Match:  -36 (322+ 358- 320=)
 Yomi AI            vs Phasenbott          Match:   10 (332+ 322- 346=)
 Yomi AI            vs MegaHAL             Match:    1 (334+ 333- 333=)
 Yomi AI            vs RussRocker4         Match:    3 (342+ 339- 319=)
 Yomi AI            vs Biopic              Match:   25 (350+ 325- 325=)
 Yomi AI            vs Simple Modeller     Match:   14 (351+ 337- 312=)
 Yomi AI            vs Simple Predictor    Match:   42 (368+ 326- 306=)
 Yomi AI            vs Robertot            Match:    8 (359+ 351- 290=)
 Yomi AI            vs Boom                Match:   -5 (342+ 347- 311=)
 Yomi AI            vs Shofar              Match:    7 (350+ 343- 307=)
 Yomi AI            vs ACT-R Lag2          Match:   20 (355+ 335- 310=)
 Yomi AI            vs Majikthise          Match:    2 (340+ 338- 322=)
 Yomi AI            vs Vroomfondel         Match:   10 (325+ 315- 360=)
 Yomi AI            vs Granite             Match:   76 (414+ 338- 248=)
 Yomi AI            vs Marble              Match:   99 (433+ 334- 233=)
 Yomi AI            vs ZQ Bot              Match:   25 (380+ 355- 265=)
 Yomi AI            vs Sweet Rocky         Match:   36 (370+ 334- 296=)
 Yomi AI            vs Piedra              Match:   20 (358+ 338- 304=)
 Yomi AI            vs Mixed Strategy      Match:   35 (368+ 333- 299=)
 Yomi AI            vs Multi-strategy      Match:  204 (481+ 277- 242=)
 Yomi AI            vs Inocencio           Match:   40 (368+ 328- 304=)
 Yomi AI            vs Peterbot            Match:   11 (336+ 325- 339=)
 Yomi AI            vs Bugbrain            Match:    3 (338+ 335- 327=)
 Yomi AI            vs Knucklehead         Match:  379 (599+ 220- 181=)
 Final results (draw value = 50):

 Tournament results: 

    Player Name          total     1    2    3    4    5    6    7    8    9   10   11   12   13   14   15   16   17   18   19   20   21   22   23   24   25   26   27   28   29   30   31   32   33   34   35   36   37   38   39   40   41   42
  1 Iocaine Powder       10861     0   41   95   26   33   40  505   10  146   20  208   12  265   68    1   -4  276   36   69    5   78   56  413  202   23  -45   78  181  362  195  307  123   62  574  221  913  399  901  997  989  995  985
  2 Phasenbott           10077   -41    0   42   27   15   51  532   26  161    0  203   28  236   22   50   74  271  -10   37  -17   50   82  252  219   11   -5  147  119  396  112  282  110   55  399  209  890  155  929  982  987  993  996
  3 MegaHAL               9696   -95  -42    0   -8    9   54   99   36   52   49  260   51  255  -29   26   15  240   -1   11  -14   40   81  264  189  -39  -11  170   82  114  144  233  133  235  449  405  976  343  944  990  990 1000  996
  4 Simple Modeller       8884   -26  -27    8    0   21   -8  -12   32  272   19   62   58   69  -13   -3  117  325  -14   -6  -18   47   36  194  793  -19  -17  250  251  -13   28  105  127  276  294  459  263  385  594  992  989  998  996
  5 Biopic                8715   -33  -15   -9  -21    0  -11   39  -18   59   64  157   23  161   52    4  -21  116  -25   -8  -41   49   68  254  125  -19   14   36  136  405   82   87  136  142  476  294  678  404  890  995  996  996  998
  6 Robertot              7883   -40  -51  -54    8   11    0  -24   22   40   29   48   27   63  -11   28   21   80   -8  -29   -3   52   26  281   -3   49  -23  -38   18    1   35   82  171   92  334  458  999  396  835  968  993 1000 1000
  7 RussRocker4           7644  -505 -532  -99   12  -39   24    0   34   99   42  147   44  178   10  -34    4  176   -3  -63  -29   84   93  221  137  -38   -1  126  114  195  131  314   61  172  478  231  941  348  590  992  990  999 1000
  8 Boom                  7498   -10  -26  -36  -32   18  -22  -34    0  -53   22   97   39   67    4  -18   15   71    5  -32  -12   59  -66  283  103   11  -35   95   86   41   56   86  124  146  450  416  500  355  753  991  990  995  996
  9 Simple Predictor      6967  -146 -161  -52 -272  -59  -40  -99   53    0   21  -24   34   65  -65  -31   37  177  -42  -31  -48   68   65  191  237  -62  -14  254  242   51   84  166  166  229  297  377  337  402  592  985  989  995  999
 10 Sweet Rocky           6900   -20    0  -49  -19  -64  -29  -42  -22  -21    0  -37    9  -29  -12  -52  -49    1  -36  -44  -18  -41   31   40  251    1   13   57   47   39  175  185  151  201  181  199  940  399  589  992  993  998  992
 11 Marble                6548  -208 -203 -260  -62 -157  -48 -147  -97   24   37    0   25    9  -84  -79  -93   18  -99  -30  -74   64   74  322  651  -73   -8   24   61   58  171   92  181  164  284  208  858  371  592  992  995  999  996
 12 Piedra                6522   -12  -28  -51  -58  -23  -27  -44  -39  -34   -9  -25    0  -64  -80  -34  -71    0  -20  -55  -32   45  -28  101    8  -62  -69   85  -18  -53  133  196  181  150  269  301 1000  425  591  996  988 1000  989
 13 Granite               6225  -265 -236 -255  -69 -161  -63 -178  -67  -65   29   -9   64    0 -131  -53  -90   36  -76  -11  -58   42   -4  201  648  -45  -40   19   55   25  183   69  177  134  315  249  894  392  591  990  995  998  995
 14 ACT-R Lag2            6132   -68  -22   29   13  -52   11  -10   -4   65   12   84   80  131    0   49    8   88  -20  -21    7   55   90  380   99  -65  -12  -17   15  -71  105   81   82  106  552  240  204  318  570   30  994  998  998
 15 Shofar                6112    -1  -50  -26    3   -4  -28   34   18   31   52   79   34   53  -49    0   -6   50   -7  -12   30   17   31  109   46    2  -22  -38  141   23   10   58   98   63  174  438  165  270  550  872  944  979  981
 16 Bugbrain              5868     4  -74  -15 -117   21  -21   -4  -15  -37   49   93   71   90   -8    6    0  167   -3  -36    1   46   43  110   76  -12    1  100   17    7   14   89   64  102   96  187  251  234  369  972  953  985  992
 17 ZQ Bot                5101  -276 -271 -240 -325 -116  -80 -176  -71 -177   -1  -18    0  -36  -88  -50 -167    0  -25  -35  -35   55  -43  241  -28   -6   12   42   80   34  144  176  177  136  209  226  865  397  591  995  992  999  994
 18 Yomi AI               4913   -36   10    1   14   25    8    3   -5   42   36   99   20   76   20    7    3   25    0    2   10    2   35  204   40   14  -45   23    5  331   86   -8   87   89  379  194   11  226  452   -4  744 1000  688
 19 Majikthise            4904   -69  -37  -11    6    8   29   63   32   31   44   30   55   11   21   12   36   35   -2    0   23   18   57  172   87  -42   -1  -38    5   23   72   35   30   96  216  282   22  119  458    4  993  993  986
 20 Vroomfondel           4782    -5   17   14   18   41    3   29   12   48   18   74   32   58   -7  -30   -1   35  -10  -23    0   15   71  143   59   15  -19    2   11   10  113  -47   21   99  192  254  -30  131  454  -18  992  997  994
 21 * Anti-rotn           4717   -78  -50  -40  -47  -49  -52  -84  -59  -68   41  -64  -45  -42  -55  -17  -46  -55   -2  -18  -15    0   14  246  -28  -34  -43  -22   27   17  204  -16   55  303   80  485   45  145  596  495  997  999  997
 22 Mixed Strategy        4651   -56  -82  -81  -36  -68  -26  -93   66  -65  -31  -74   28    4  -90  -31  -43   43  -35  -57  -71  -14    0  -16    1 -128  -51  -17    9  -20   43   95  178   29  136   84  308  375  510  974  965  995  993
 23 Multi-strategy        2443  -413 -252 -264 -194 -254 -281 -221 -283 -191  -40 -322 -101 -201 -380 -109 -110 -241 -204 -172 -143 -246   16    0  -68  -50  -20   13  199   40  184   15  123  273   30  442  500  377  999  997  997  999  999
 24 Inocencio             2258  -202 -219 -189 -793 -125    3 -137 -103 -237 -251 -651   -8 -648  -99  -46  -76   28  -40  -87  -59   28   -1   68    0  -43  -50   40   55  347  129   67  166  122  262  252  124  413  345  932  983  979  979
 25 * De Bruijn            689   -23  -11   39   19   19  -49   38  -11   62   -1   73   62   45   65   -2   12    6  -14   42  -15   34  128   50   43    0   -1  -31  -17    2   -7   -1   23   23   49   -4  -12   14  128   -1   21    0 -108
 26 * Pi                   380    45    5   11   17  -14   23    1   35   14  -13    8   69   40   12   22   -1  -12   45    1   19   43   51   20   50    1    0  -24  -10   -8   -6   22  -81  -15  -23  -11   24   -2   30   22  -11  -11   -8
 27 * Add-drift          -1334   -78 -147 -170 -250  -36   38 -126  -95 -254  -57  -24  -85  -19   17   38 -100  -42  -23   38   -2   22   17  -13  -40   31   24    0   26    3   -4   13    3  -26  -24   24    5    3  -46    7   11   -7   14
 28 * Copy-drift         -2043  -181 -119  -82 -251 -136  -18 -114  -86 -242  -47  -61   18  -55  -15 -141  -17  -80   -5   -5  -11  -27   -9 -199  -55   17   10  -26    0  -17  -26   23   15   32 -105  -11  -20  -45   -9   26   20  -24   35
 29 * Foxtrot            -2312  -362 -396 -114   13 -405   -1 -195  -41  -51  -39  -58   53  -25   71  -23   -7  -34 -331  -23  -10  -17   20  -40 -347   -2    8   -3   17    0    1   -6    7  -43   -2  -51  -31   -8   47  -14   64   39   27
 30 * Flat               -2790  -195 -112 -144  -28  -82  -35 -131  -56  -84 -175 -171 -133 -183 -105  -10  -14 -144  -86  -72 -113 -204  -43 -184 -129    7    6    4   26   -1    0  -48  -59   52   34   -4 -126   -7  232  204  -12    0 -465
 31 * Add-react          -2832  -307 -282 -233 -105  -87  -82 -314  -86 -166 -185  -92 -196  -69  -81  -58  -89 -176    8  -35   47   16  -95  -15  -67    1  -22  -13  -23    6   48    0  -15   13  -42  -25    0   -4   -9   -2   27  -12  -11
 32 * Text               -3117  -123 -110 -133 -127 -136 -171  -61 -124 -166 -151 -181 -181 -177  -82  -98  -64 -177  -87  -30  -21  -55 -178 -123 -166  -23   81   -3  -15   -7   59   15    0    7    0  -24   17   42 -185  -74  -11 -185  111
 33 * Switch A Lot       -3404   -62  -55 -235 -276 -142  -92 -172 -146 -229 -201 -164 -150 -134 -106  -63 -102 -136  -89  -96  -99 -303  -29 -273 -122  -23   15   26  -32   43  -52  -13   -7    0  -20    0 -125    6   19  323   30  -17 -101
 34 Knucklehead          -4057  -574 -399 -449 -294 -476 -334 -478 -450 -297 -181 -284 -269 -315 -552 -174  -96 -209 -379 -216 -192  -80 -136  -30 -262  -49   23   24  105    2  -34   42    0   20    0    9  -82   89  117  865  -37  975 1000
 35 Always Switchin'     -6846  -221 -209 -405 -459 -294 -458 -231 -416 -377 -199 -208 -301 -249 -240 -438 -187 -226 -194 -282 -254 -485  -84 -442 -252    4   11  -24   11   51    4   25   24    0   -9    0 -271  -51    4  518   19    8  -59
 36 Peterbot             -7168  -913 -890 -976 -263 -678 -999 -941 -500 -337 -940 -858 -1000 -894 -204 -165 -251 -865  -11  -22   30  -45 -308 -500 -124   12  -24   -5   20   31  126    0  -17  125   82  271    0  453  432  981  999 1000 1000
 37 R-P-S 20-20-60       -9013  -399 -155 -343 -385 -404 -396 -348 -355 -402 -399 -371 -425 -392 -318 -270 -234 -397 -226 -119 -131 -145 -375 -377 -413  -14    2   -3   45    8    7    4  -42   -6  -89   51 -453    0 -358 -146   10 -380  130
 38 Beat Frequent Pick  -14292  -901 -929 -944 -594 -890 -835 -590 -753 -592 -589 -592 -591 -591 -570 -550 -369 -591 -452 -458 -454 -596 -510 -999 -345 -128  -30   46    9  -47 -232    9  185  -19 -117   -4 -432  358    0 -600    0  999  996
 39 Beat The Last Move  -19219  -997 -982 -990 -992 -995 -968 -992 -991 -985 -992 -992 -996 -990  -30 -872 -972 -995    4   -4   18 -495 -974 -997 -932    1  -22   -7  -26   14 -204    2   74 -323 -865 -518 -981  146  600    0    1 1000 1000
 40 Rotate R-P-S        -25253  -989 -987 -990 -989 -996 -993 -990 -990 -989 -993 -995 -988 -995 -994 -944 -953 -992 -744 -993 -992 -997 -965 -997 -983  -21   11  -11  -20  -64   12  -27   11  -30   37  -19 -999  -10    0   -1    0    0 -684
 41 Good Ole Rock       -26275  -995 -993 -1000 -998 -996 -1000 -999 -995 -995 -998 -999 -1000 -998 -998 -979 -985 -999 -1000 -993 -997 -999 -995 -999 -979    0   11    7   24  -39    0   12  185   17 -975   -8 -1000  380 -999 -1000    0    0  999
 42 * Anti-Flat         -27415  -985 -996 -996 -996 -998 -1000 -1000 -996 -999 -992 -996 -989 -995 -998 -981 -992 -994 -688 -986 -994 -997 -993 -999 -979  108    8  -14  -35  -27  465   11 -111  101 -1000   59 -1000 -130 -996 -1000  684 -999    0

 Match results (draw <= 50): 

    Player Name           total  W  L  D   1  2  3  4  5  6  7  8  9 10 11 12 13 14 15 16 17 18 19 20 21 22 23 24 25 26 27 28 29 30 31 32 33 34 35 36 37 38 39 40 41 42
  1 Iocaine Powder          69  28  0 13   1  1  2  1  1  2  1  1  2  1  2  1  1  1  2  1  2  1  1  2  2  2  1  2  2  2  2  2  2  2  2  2  2  2  2  2  2  2  2  2  2  2
  2 Phasenbott              67  26  0 15   1  1  1  1  1  2  1  1  1  2  2  1  2  1  1  1  2  1  1  2  1  2  1  2  2  2  2  2  2  2  2  2  2  2  2  2  2  2  2  2  2  2
  3 MegaHAL                 66  26  1 14   0  1  1  1  1  2  1  1  1  1  2  1  2  1  1  1  2  2  1  2  1  2  1  2  2  2  2  2  2  2  2  2  2  2  2  2  2  2  2  2  2  2
  4 Biopic                  65  24  0 17   1  1  1  1  1  1  1  1  2  1  2  1  1  1  1  2  2  1  1  2  1  2  1  2  2  2  2  1  2  2  2  2  2  2  2  2  2  2  2  2  2  2
  5 Simple Modeller         63  22  0 19   1  1  1  1  1  1  1  1  1  2  2  1  1  1  1  1  2  2  1  2  1  2  1  2  1  1  2  2  2  2  2  2  1  2  2  2  2  2  2  2  2  2
  6 RussRocker4             61  24  4 13   0  0  0  1  1  1  1  1  1  1  2  1  1  1  0  1  2  1  1  2  2  2  1  2  2  2  2  2  2  2  2  2  2  2  2  2  2  2  2  2  2  2
  7 Boom                    60  21  2 18   1  1  1  1  1  1  1  1  1  1  0  1  1  1  1  1  2  1  1  2  2  2  1  2  0  1  2  2  2  2  2  2  2  2  2  2  2  2  2  2  2  2
  8 Shofar                  58  17  0 24   1  1  1  1  1  1  1  1  1  1  1  1  1  1  1  2  2  1  1  1  1  2  1  1  1  1  2  1  2  2  2  2  1  2  2  2  2  2  2  2  2  2
  9 ACT-R Lag2              58  21  4 16   0  1  1  0  1  1  1  1  1  1  2  1  1  1  1  1  2  2  0  2  2  2  1  2  2  0  2  1  2  1  2  2  2  1  2  2  2  2  2  2  2  2
 10 Bugbrain                58  19  2 20   1  0  1  1  0  1  1  1  1  1  1  1  1  1  1  1  2  2  1  2  1  2  1  2  1  1  2  2  2  1  2  2  1  2  2  2  2  2  2  2  2  2
 11 Simple Predictor        56  23  8 10   0  0  0  0  0  0  2  1  0  1  1  1  1  1  1  1  1  1  0  2  2  2  1  2  2  2  2  2  2  2  2  2  2  2  2  2  2  2  2  2  2  2
 12 Yomi AI                 55  14  0 27   1  1  1  1  1  1  1  1  1  1  1  1  1  1  1  1  2  1  1  1  1  2  1  1  1  2  2  1  1  1  2  1  2  1  2  2  2  2  2  2  2  2
 13 Robertot                55  16  2 23   1  0  0  1  1  1  1  1  1  1  1  1  1  1  1  1  1  1  1  2  2  2  1  1  1  1  2  1  2  1  2  2  1  2  2  2  2  2  2  2  2  2
 14 Vroomfondel             55  14  0 27   1  1  1  1  1  1  1  1  1  1  1  1  1  1  1  1  2  1  1  1  1  2  1  2  2  1  2  1  1  1  2  1  2  1  1  2  2  2  2  2  2  2
 15 Majikthise              54  14  1 26   0  1  1  1  1  2  1  1  1  1  1  1  1  1  1  1  1  2  1  1  1  1  1  2  2  1  2  1  1  1  2  1  2  1  1  2  2  2  2  2  2  2
 16 Sweet Rocky             54  15  2 24   1  1  1  0  1  1  1  0  1  1  1  1  1  1  1  1  1  1  1  1  1  1  1  2  1  1  1  2  2  1  2  2  2  2  2  2  2  2  2  2  2  2
 17 Marble                  47  19 13  9   0  0  0  0  0  0  0  0  0  0  1  0  1  0  1  1  1  1  0  1  2  1  1  2  2  2  2  1  2  2  2  2  2  2  2  2  2  2  2  2  2  2
 18 Piedra                  47  15  9 17   1  1  0  1  0  1  1  1  0  0  1  1  1  1  0  1  1  1  0  1  1  0  0  1  1  0  2  2  2  1  2  2  2  2  2  2  2  2  2  2  2  2
 19 * De Bruijn             46   6  1 34   1  1  1  1  1  1  1  1  2  1  2  1  1  1  1  1  2  2  1  1  1  1  1  1  2  1  1  1  1  1  1  1  1  1  1  2  1  1  1  0  1  1
 20 ZQ Bot                  46  16 11 14   0  0  0  0  0  0  0  1  0  0  0  1  0  1  1  1  1  1  1  1  2  1  1  1  1  1  2  1  2  2  2  2  2  2  2  2  2  2  2  2  2  2
 21 * Anti-rotn             45  12  8 21   0  1  1  1  1  0  0  1  0  1  0  1  0  1  1  1  0  1  1  0  1  1  1  1  1  1  2  1  1  1  2  1  2  2  2  2  2  2  2  2  2  2
 22 Granite                 44  17 14 10   0  0  0  0  0  0  0  0  0  0  0  0  0  0  1  1  1  2  1  1  1  1  1  2  1  1  2  1  2  2  2  2  2  2  2  2  2  2  2  2  2  2
 23 * Pi                    42   2  1 38   1  1  1  1  1  1  1  1  1  1  1  1  1  1  1  1  1  2  1  1  1  1  1  1  2  1  1  1  1  1  1  1  1  1  0  1  1  1  1  1  1  1
 24 Inocencio               42  16 15 10   0  0  0  0  0  0  0  1  0  0  0  1  1  0  0  0  0  1  1  1  1  0  1  1  1  2  2  1  2  2  2  2  2  2  2  2  2  2  2  2  2  2
 25 Mixed Strategy          41  12 12 17   0  0  0  0  1  0  2  1  0  1  0  1  1  0  0  1  0  1  0  1  1  1  0  1  1  1  1  1  2  1  2  2  1  2  2  2  2  1  2  2  2  2
 26 * Foxtrot               34   3 10 28   0  0  0  0  1  0  1  1  2  1  0  0  1  1  1  1  0  2  1  1  1  1  1  0  1  1  1  1  1  1  1  1  1  1  1  1  1  1  0  1  2  1
 27 Multi-strategy          32  12 21  8   0  0  0  0  0  0  0  0  0  0  0  0  0  0  0  1  0  0  1  0  0  0  1  0  1  1  1  1  2  2  1  1  2  2  2  2  2  2  2  2  2  2
 28 * Add-drift             31   0 10 31   0  0  0  1  0  0  0  1  1  0  0  1  1  1  1  0  1  0  1  1  1  1  1  1  1  1  1  1  1  1  1  1  1  1  1  1  1  1  1  1  1  1
 29 Peterbot                31  10 20 11   0  0  0  0  0  0  0  0  0  0  0  1  0  1  1  0  0  0  1  0  1  0  1  0  0  1  0  1  1  1  2  1  2  2  1  2  2  2  2  2  2  2
 30 * Copy-drift            26   0 15 26   0  0  0  0  0  0  0  0  1  1  0  1  1  1  1  1  0  1  1  0  1  0  1  0  1  1  0  1  1  1  0  1  1  1  1  1  1  1  1  1  1  1
 31 Knucklehead             23   6 24 11   0  0  0  0  0  0  0  0  0  0  0  0  0  0  0  0  0  0  1  0  0  0  1  0  0  1  1  1  0  2  1  1  1  2  1  2  2  1  1  2  1  2
 32 * Add-react             22   0 19 22   0  0  0  0  0  0  0  0  0  0  0  1  0  1  1  0  0  0  1  0  1  0  1  0  0  1  1  1  1  1  1  1  1  1  1  1  1  1  1  1  1  1
 33 * Flat                  22   3 22 16   0  0  0  0  1  0  0  1  0  1  0  0  1  0  0  0  0  0  1  0  0  0  1  0  1  1  0  1  0  1  1  1  1  2  0  2  1  2  1  0  1  1
 34 Beat The Last Move      21   5 25 11   0  0  0  0  0  0  0  0  1  0  0  1  0  1  1  0  0  0  1  0  0  0  1  0  0  1  0  1  0  1  0  1  0  1  2  2  2  0  0  2  1  2
 35 * Text                  19   3 25 13   0  0  0  0  0  0  0  0  0  0  0  0  0  1  1  0  0  0  1  0  0  0  2  0  0  1  0  1  1  1  1  1  2  0  1  0  0  1  1  2  1  1
 36 Beat Frequent Pick      16   4 29  8   0  0  0  0  0  0  0  0  0  0  0  0  0  0  0  0  0  0  0  0  0  0  1  0  0  1  0  1  0  1  0  1  0  0  2  1  2  1  1  2  1  2
 37 Good Ole Rock           16   3 28 10   0  0  0  0  0  0  0  0  0  0  0  0  0  0  0  0  0  0  1  0  0  0  1  0  0  1  0  1  0  1  0  1  1  0  2  0  1  1  1  2  1  2
 38 * Switch A Lot          16   1 26 14   0  0  0  0  0  0  0  0  0  0  0  0  0  0  0  0  0  0  1  0  0  0  1  0  1  1  0  1  0  1  1  1  0  2  1  1  1  1  1  0  1  1
 39 Always Switchin'        16   2 27 12   0  0  0  0  0  0  0  0  0  0  0  0  0  0  0  0  0  0  1  0  0  0  1  0  0  2  0  1  0  1  1  1  1  2  1  1  1  1  1  0  1  0
 40 * Anti-Flat             15   5 31  5   0  0  0  0  0  0  0  0  0  0  0  0  0  0  0  0  0  0  2  0  0  0  1  0  0  1  0  1  0  1  0  1  2  0  0  0  0  2  2  1  2  0
 41 Rotate R-P-S            14   0 27 14   0  0  0  0  0  0  0  0  0  0  0  0  0  0  0  0  0  0  1  0  0  0  1  0  0  0  0  1  0  1  1  1  1  1  1  1  1  1  1  0  1  1
 42 R-P-S 20-20-60          14   2 29 10   0  0  0  0  0  0  0  0  0  0  0  0  0  0  0  0  0  0  1  0  0  0  1  0  0  1  0  1  0  1  0  1  1  0  1  0  0  1  2  2  1  1


   Yomi AI is match ranked 12

 Tournament results:
    Player Name          total 
  1 Yomi AI               4913 
 19 Iocaine Powder       10861 
 20 Phasenbott           10077 
 21 MegaHAL               9696 
 22 RussRocker4           7644 
 23 Biopic                8715 
 24 Simple Modeller       8884 
 25 Simple Predictor      6967 
 26 Robertot              7883 
 27 Boom                  7498 
 28 Shofar                6112 
 29 ACT-R Lag2            6132 
 32 Granite               6225 
 33 Marble                6548 
 34 ZQ Bot                5101 
 35 Sweet Rocky           6900 
 36 Piedra                6522 
 41 Bugbrain              5868 

   Yomi is tournament ranked 18

