 Playing 1 tournaments with 1000 trials per match...

 Yomi AI            vs Good Ole Rock       Match: 1000 (1000+   0-   0=)
 Yomi AI            vs R-P-S 20-20-60      Match:  192 (458+ 266- 276=)
 Yomi AI            vs Rotate R-P-S        Match:  576 (663+  87- 250=)
 Yomi AI            vs Beat The Last Move  Match:    5 (334+ 329- 337=)
 Yomi AI            vs Always Switchin'    Match:  196 (440+ 244- 316=)
 Yomi AI            vs Beat Frequent Pick  Match:  302 (532+ 230- 238=)
 Yomi AI            vs * Pi                Match:   27 (344+ 317- 339=)
 Yomi AI            vs * Switch A Lot      Match:  101 (385+ 284- 331=)
 Yomi AI            vs * Flat              Match:   69 (374+ 305- 321=)
 Yomi AI            vs * Anti-Flat         Match:  999 (999+   0-   1=)
 Yomi AI            vs * Foxtrot           Match:  352 (567+ 215- 218=)
 Yomi AI            vs * De Bruijn         Match:   -8 (322+ 330- 348=)
 Yomi AI            vs * Text              Match:   89 (386+ 297- 317=)
 Yomi AI            vs * Anti-rotn         Match:   19 (342+ 323- 335=)
 Yomi AI            vs * Copy-drift        Match:  -29 (322+ 351- 327=)
 Yomi AI            vs * Add-react         Match:   -5 (335+ 340- 325=)
 Yomi AI            vs * Add-drift         Match:   -6 (335+ 341- 324=)
 Yomi AI            vs Iocaine Powder      Match:    4 (333+ 329- 338=)
 Yomi AI            vs Phasenbott          Match:   10 (333+ 323- 344=)
 Yomi AI            vs MegaHAL             Match:   62 (358+ 296- 346=)
 Yomi AI            vs RussRocker4         Match:  -19 (326+ 345- 329=)
 Yomi AI            vs Biopic              Match:   30 (358+ 328- 314=)
 Yomi AI            vs Simple Modeller     Match:   -8 (349+ 357- 294=)
 Yomi AI            vs Simple Predictor    Match:   26 (352+ 326- 322=)
 Yomi AI            vs Robertot            Match:   27 (354+ 327- 319=)
 Yomi AI            vs Boom                Match:   13 (344+ 331- 325=)
 Yomi AI            vs Shofar              Match:   -4 (328+ 332- 340=)
 Yomi AI            vs ACT-R Lag2          Match:   40 (353+ 313- 334=)
 Yomi AI            vs Majikthise          Match:  -32 (320+ 352- 328=)
 Yomi AI            vs Vroomfondel         Match:   26 (346+ 320- 334=)
 Yomi AI            vs Granite             Match:  104 (411+ 307- 282=)
 Yomi AI            vs Marble              Match:   88 (381+ 293- 326=)
 Yomi AI            vs ZQ Bot              Match:   65 (390+ 325- 285=)
 Yomi AI            vs Sweet Rocky         Match:   27 (355+ 328- 317=)
 Yomi AI            vs Piedra              Match:   22 (347+ 325- 328=)
 Yomi AI            vs Mixed Strategy      Match:    7 (346+ 339- 315=)
 Yomi AI            vs Multi-strategy      Match:  223 (457+ 234- 309=)
 Yomi AI            vs Inocencio           Match:   46 (356+ 310- 334=)
 Yomi AI            vs Peterbot            Match:   -8 (326+ 334- 340=)
 Yomi AI            vs Bugbrain            Match:   -6 (327+ 333- 340=)
 Yomi AI            vs Knucklehead         Match:  345 (531+ 186- 283=)
 Final results (draw value = 50):

 Tournament results: 

    Player Name          total     1    2    3    4    5    6    7    8    9   10   11   12   13   14   15   16   17   18   19   20   21   22   23   24   25   26   27   28   29   30   31   32   33   34   35   36   37   38   39   40   41   42
  1 Iocaine Powder       11192     0  139   76   30   25  512   12  151   72   63  193  223   16  307   48   45   10   56  106    8   -4   40  203   19   11  237  184  247  328  208  594  302  106  119  883  320  401  942  993  979  999  989
  2 Phasenbott           10005  -139    0   35   32   -9  530   74  116   28   24  252  181   11  282   13   37   35   46   52   27  -10   71  229   51   28  243   67   70  389  121  395  399   89   85  894  240  135  928  981  993  995  985
  3 MegaHAL               9416   -76  -35    0    0   21   78  -18   46   54  -26  200  207   11  247  -12   43   77   90   -9   26  -62   -7  247  -11  -22  201  204   65   41  110  353  278  189  242  892  414  461  929  984  991  999  994
  4 Simple Modeller       8813   -30  -32    0    0   -7   12   16  306   -6   14  108   50   17  276   -2    8   79   67   51   15    8  -59  218  -19  -11  116  238  259  -15   72  276  115  146  239  882  439  395  595  991  991  998  997
  5 Biopic                8474   -25    9  -21    7    0  -28  -18   36  -23   39  127   94  -18  152    9   14   93   36   -1   -8  -30    3  236   -3  -36  232   14   72  412  137  501   47  140  197  701  314  398  690  993  994  998  990
  6 RussRocker4           7772  -512 -530  -78  -12   28    0   43  106   37   22   84  173   10  202  -57   32   51   43   96   -1   19  -38  227  -60   14  147  126  166  211  113  464  382   71  150  936  237  311  586  988  990  998  997
  7 Robertot              7615   -12  -74   18  -16   18  -43    0   52   13  -14  -14   45  -34   72  -28   23   55   61   34   48  -27    8  342  -38   -7   67  -64   41    3   88  453   92  169   94  458  460  441  860  980  999  996  996
  8 Simple Predictor      7452  -151 -116  -46 -306  -36 -106  -52    0   18  -55    6   29   12  166  -27   68   31   19   58    0  -26    2  220  -73  -21  100  329  305    3   91  334  114  154  185  891  406  374  587  985  989  995  996
  9 Boom                  7395   -72  -28  -54    6   23  -37  -13  -18    0  -30   63   41  -38   99  -34   68   40   44   33   -1  -13  -28  245   -9    5   21   39   49   39   43  479   80  136  209  440  485  373  753  976  990  995  996
 10 ACT-R Lag2            7030   -63  -24   26  -14  -39  -22   14   55   30    0  161  132   12   98   22   39   62    9  101  -50  -40  -47  182  -97    7  649  -43   38  -76   88  496   30  106  152  150  329  261  576  732  992  997  999
 11 Granite               6671  -193 -252 -200 -108 -127  -84   14   -6  -63 -161    0   27  -52   35  -55   45   15   58  -45  -23 -104  -28  339  -40    9  647  -35  102   28  232  391   92  177  120  693  244  414  592  989  995  998  991
 12 Marble                6551  -223 -181 -207  -50  -94 -173  -45  -29  -41 -132  -27    0  -98   25  -51   55   25   56   -2  -58  -88  -46  234  -54   25  650   46   -5   58  163  357   84  177  151  802  287  387  592  989  994  998 1000
 13 Bugbrain              6453   -16  -11  -11  -17   18  -10   34  -12   38  -12   52   98    0  150  -26   83   75   45   88   15    6   11   92   -8  -18   84  167   51   10   51  103   97   98   99  260  247  237  408  974  956  965  982
 14 ZQ Bot                6393  -307 -282 -247 -276 -152 -202  -72 -166  -99  -98  -35  -25 -150    0  -32   65   69   46   21   13  -65  -18  208  -54  -37  779   62   49  -32  193  323  428  157  190  928  242  398  596  993  990  993  999
 15 Shofar                6286   -48  -13   12    2   -9   57   28   27   34  -22   55   51   26   32    0   48   72   38   22   -7    4  -53  143  -24  -11  -22  -17   69   -1   59  167   71  111  218   94  414  327  555  869  939  985  984
 16 Sweet Rocky           6270   -45  -37  -43   -8  -14  -32  -23  -68  -68  -39  -45  -55  -83  -65  -48    0  -33   27  -53  -63  -27   12   27    3  -30  -12   22  -15    8  119  190  310  154  124  999  209  396  594  996 1000  994  992
 17 Piedra                5694   -10  -35  -77  -79  -93  -51  -55  -31  -40  -62  -15  -25  -75  -69  -72   33    0   76  -19  -40  -22  -41  118    0  -59  -27   19   38   73  154  129  177  177  177  283  320  345  592  994  997  994  995
 18 * Anti-rotn           5596   -56  -46  -90  -67  -36  -43  -61  -19  -44   -9  -58  -56  -45  -46  -38  -27  -76    0  -29    6  -19    0  240  -50  -37  268   -7    2    6  177   63    3   57  373   91  500  181  597 1000  999  997  995
 19 Mixed Strategy        5144  -106  -52    9  -51    1  -96  -34  -58  -33 -101   45    2  -88  -21  -22   53   19   29    0  -61   -7  -23  106  -40  -22   39   54   95   20   33   90   69  161   35  283  108  419  514  894  891  994  996
 20 Majikthise            4988    -8  -27  -26  -15    8    1  -48    0    1   50   23   58  -15  -13    7   63   40   -6   61    0   32   -1  214   20   50   48   -6    9   21  108  279   41   76  120    4  237  187  433  -19  994  996  991
 21 Yomi AI               4967     4   10   62   -8   30  -19   27   26   13   40  104   88   -6   65   -4   27   22   19    7  -32    0   26  223   -8   27   46   -6  -29  352   69  345   -5   89  101   -8  196  192  302    5  576 1000  999
 22 Vroomfondel           4701   -40  -71    7   59   -3   38   -8   -2   28   47   28   46  -11   18   53  -12   41    0   23    1  -26    0  152   20   20   78  -18  -49   38   98  154  -10    0  133   -5  315  144  482  -37  992  995  983
 23 Multi-strategy        1843  -203 -229 -247 -218 -236 -227 -342 -220 -245 -182 -339 -234  -92 -208 -143  -27 -118 -240 -106 -214 -223 -152    0  -50  -20 -121    2  248  -19   82   22  -19  123  256  -11  462  344  999  997  997  999  997
 24 * De Bruijn            698   -19  -51   11   19    3   60   38   73    9   97   40   54    8   54   24   -3    0   50   40  -20    8  -20   50    0   -1   18    1   -7   11   37   39  -12   23   13  -25    5   30  128   -1   21    0 -107
 25 * Pi                    68   -11  -28   22   11   36  -14    7   21   -5   -7   -9  -25   18   37   11   30   59   37   22  -50  -27  -20   20    1    0   -6  -63  -25   46  -11   -3  -24  -81   24   21   35    0   30   22  -11  -11  -11
 26 Inocencio              -20  -237 -243 -201 -116 -232 -147  -67 -100  -21 -649 -647 -650  -84 -779   22   12   27 -268  -39  -48  -46  -78  121  -18    6    0    7   40  314  134  221   69  164  126  124  211  393  358 -636  978  987  972
 27 * Add-drift          -1445  -184  -67 -204 -238  -14 -126   64 -329  -39   43   35  -46 -167  -62   17  -22  -19    7  -54    6    6   18   -2   -1   63   -7    0    0    3   30   -6  -73    4   -7  -31   30  -15  -22  -24    5   -9   -8
 28 * Copy-drift         -2118  -247  -70  -65 -259  -72 -166  -41 -305  -49  -38 -102    5  -51  -49  -69   15  -38   -2  -95   -9   29   49 -248    7   25  -40    0    0   -8  -23  -70    8   49   74  -30  -32  -55   -9  -69  -18  -23  -27
 29 * Foxtrot            -2357  -328 -389  -41   15 -412 -211   -3   -3  -39   76  -28  -58  -10   32    1   -8  -73   -6  -20  -21 -352  -38   19  -11  -46 -314   -3    8    0  -37   -3  -20   -5   17  -16  -17    0   -9    6   10  -10  -10
 30 * Flat               -2967  -208 -121 -110  -72 -137 -113  -88  -91  -43  -88 -232 -163  -51 -193  -59 -119 -154 -177  -33 -108  -69  -98  -82  -37   11 -134  -30   23   37    0   -7  -10   20  -27 -221   10    0  222  206    6   -1 -426
 31 Knucklehead          -2996  -594 -395 -353 -276 -501 -464 -453 -334 -479 -496 -391 -357 -103 -323 -167 -190 -129  -63  -90 -279 -345 -154  -22  -39    3 -221    6   70    3    7    0   60   23    8 1000    6   50  164  856  -23  991  998
 32 * Add-react          -3210  -302 -399 -278 -115  -47 -382  -92 -114  -80  -30  -92  -84  -97 -428  -71 -310 -177   -3  -69  -41    5   10   19   12   24  -69   73   -8   20   10  -60    0    6  -16  -42  -14  -19    1   58   -1   -3   -5
 33 * Text               -3372  -106  -89 -189 -146 -140  -71 -169 -154 -136 -106 -177 -177  -98 -157 -111 -154 -177  -57 -161  -76  -89    0 -123  -23   81 -164   -4  -49    5  -20  -23   -6    0    1   20   14    2 -185  -74  -11 -185  112
 34 * Switch A Lot       -3828  -119  -85 -242 -239 -197 -150  -94 -185 -209 -152 -120 -151  -99 -190 -218 -124 -177 -373  -35 -120 -101 -133 -256  -13  -24 -126    7  -74  -17   27   -8   16   -1    0 -117   51  -28  -14  335    9  -19  -63
 35 Peterbot             -7123  -883 -894 -892 -882 -701 -936 -458 -891 -440 -150 -693 -802 -260 -928  -94 -999 -283  -91 -283   -4    8    5   11   25  -21 -124   31   30   16  221 -1000   42  -20  117    0  266  422  433  981  998 1000 1000
 36 Always Switchin'     -7558  -320 -240 -414 -439 -314 -237 -460 -406 -485 -329 -244 -287 -247 -242 -414 -209 -320 -500 -108 -237 -196 -315 -462   -5  -35 -211  -30   32   17  -10   -6   14  -14  -51 -266    0    0    3  501  -53    5  -24
 37 R-P-S 20-20-60       -8891  -401 -135 -461 -395 -398 -311 -441 -374 -373 -261 -414 -387 -237 -398 -327 -396 -345 -181 -419 -187 -192 -144 -344  -30    0 -393   15   55    0    0  -50   19   -2   28 -422    0    0 -418 -159    4 -396  379
 38 Beat Frequent Pick  -13985  -942 -928 -929 -595 -690 -586 -860 -587 -753 -576 -592 -592 -408 -596 -555 -594 -592 -597 -514 -433 -302 -482 -999 -128  -30 -358   22    9    9 -222 -164   -1  185   14 -433   -3  418    0 -600    0  999 1000
 39 Beat The Last Move  -18651  -993 -981 -984 -991 -993 -988 -980 -985 -976 -732 -989 -989 -974 -993 -869 -996 -994 -1000 -894   19   -5   37 -997    1  -22  636   24   69   -6 -206 -856  -58   74 -335 -981 -501  159  600    0    1 1000  997
 40 Rotate R-P-S        -24819  -979 -993 -991 -991 -994 -990 -999 -989 -990 -992 -995 -994 -956 -990 -939 -1000 -997 -999 -891 -994 -576 -992 -997  -21   11 -978   -5   18  -10   -6   23    1   11   -9 -998   53   -4    0   -1    0    0 -676
 41 Good Ole Rock       -26205  -999 -995 -999 -998 -998 -998 -996 -995 -995 -997 -998 -998 -965 -993 -985 -994 -994 -997 -994 -996 -1000 -995 -999    0   11 -987    9   23   10    1 -991    3  185   19 -1000   -5  396 -999 -1000    0    0  998
 42 * Anti-Flat         -27942  -989 -985 -994 -997 -990 -997 -996 -996 -996 -999 -991 -1000 -982 -999 -984 -992 -995 -995 -996 -991 -999 -983 -997  107   11 -972    8   27   10  426 -998    5 -112   63 -1000   24 -379 -1000 -997  676 -998    0

 Match results (draw <= 50): 

    Player Name           total  W  L  D   1  2  3  4  5  6  7  8  9 10 11 12 13 14 15 16 17 18 19 20 21 22 23 24 25 26 27 28 29 30 31 32 33 34 35 36 37 38 39 40 41 42
  1 Iocaine Powder          70  29  0 12   1  2  1  2  1  1  2  1  1  2  1  2  1  2  1  2  2  2  2  1  1  2  1  1  2  2  2  2  2  2  2  2  2  2  2  2  2  2  2  2  2  2
  2 Phasenbott              67  27  1 13   0  1  1  1  1  1  2  1  2  1  1  1  1  2  2  1  2  2  2  1  1  2  2  1  2  2  2  2  2  2  2  2  2  2  2  2  2  2  2  2  2  2
  3 Bugbrain                64  23  0 18   1  1  1  1  1  1  1  1  1  1  1  1  1  1  1  1  2  2  2  2  2  2  1  1  2  1  2  2  2  2  2  2  2  2  2  2  2  2  2  2  2  2
  4 MegaHAL                 63  24  2 15   0  1  1  1  1  1  2  1  1  1  0  2  1  1  1  2  2  1  2  1  2  2  1  1  2  1  2  2  2  2  2  2  2  2  2  2  2  2  2  2  2  2
  5 Simple Modeller         63  23  1 17   1  1  1  1  1  1  1  1  1  1  1  1  1  2  0  2  1  2  2  1  2  2  1  1  2  1  2  2  2  2  2  2  2  2  2  2  2  2  2  2  2  2
  6 Biopic                  61  20  0 21   1  1  1  1  1  1  1  1  1  1  1  1  1  1  1  1  2  1  2  1  2  2  1  1  2  2  1  2  2  2  1  2  2  2  2  2  2  2  2  2  2  2
  7 RussRocker4             60  24  5 12   0  0  1  0  1  1  1  0  1  1  1  1  1  2  1  1  2  2  2  1  2  2  0  1  2  2  2  2  2  2  2  2  2  2  2  2  2  2  2  2  2  2
  8 Shofar                  59  19  1 21   1  1  1  1  1  1  2  1  1  1  1  1  1  1  0  1  2  1  2  1  2  1  1  1  1  1  1  2  2  2  2  2  2  2  2  2  2  2  2  2  2  2
  9 Robertot                58  19  2 20   1  0  1  1  1  1  1  1  1  1  1  1  1  2  1  2  1  1  1  1  2  2  1  1  2  1  0  2  2  1  2  2  2  2  2  2  2  2  2  2  2  2
 10 ACT-R Lag2              58  20  3 18   0  1  1  1  1  1  1  1  1  1  1  1  1  2  1  1  2  2  2  1  2  2  0  1  2  0  1  2  2  1  1  2  2  2  2  2  2  2  2  2  2  2
 11 Yomi AI                 57  16  0 25   1  1  1  2  1  1  1  1  1  1  1  1  1  1  1  1  2  1  2  1  1  2  1  1  1  2  1  2  1  1  1  2  1  2  2  2  2  2  2  2  2  2
 12 Boom                    55  16  2 23   0  1  1  0  1  1  1  1  1  1  1  1  1  1  1  1  1  1  2  2  1  2  1  1  1  1  1  2  2  1  2  2  2  1  2  2  2  2  2  2  2  2
 13 Majikthise              55  14  0 27   1  1  1  1  1  1  1  1  1  1  1  1  1  1  1  1  2  2  1  2  1  1  1  1  1  1  1  2  1  1  1  2  1  2  2  2  2  2  2  2  2  2
 14 Simple Predictor        54  20  7 14   0  0  1  1  0  1  0  1  0  0  1  1  1  1  1  1  1  2  1  2  1  2  0  1  2  1  2  2  2  2  2  2  2  2  2  2  2  2  2  2  2  2
 15 Vroomfondel             53  13  1 27   1  0  1  1  2  1  1  2  1  1  1  1  1  1  1  1  1  1  1  1  1  1  1  1  2  1  1  2  1  1  1  2  1  2  2  1  2  2  2  2  2  2
 16 * Anti-rotn             48  14  7 20   0  1  1  0  0  1  1  1  0  1  1  1  1  1  1  1  0  1  0  1  0  1  1  1  2  1  1  2  2  1  1  2  2  2  2  2  2  2  2  2  2  2
 17 Marble                  48  18 11 12   0  0  0  0  1  0  0  0  1  0  0  1  0  1  1  2  1  1  1  2  1  1  0  1  2  2  1  2  2  1  2  2  2  2  2  2  2  2  2  2  2  2
 18 Mixed Strategy          48  15  8 18   0  0  0  1  0  1  0  1  1  0  1  1  0  0  1  1  1  1  1  2  1  1  1  1  1  1  2  2  2  2  2  2  2  1  1  2  2  2  2  2  2  2
 19 Granite                 47  17 11 13   0  0  0  0  0  0  0  0  1  0  0  0  1  1  1  2  1  1  1  1  1  1  1  1  2  1  1  2  2  2  2  2  2  2  2  2  2  2  2  2  2  2
 20 Sweet Rocky             47  13  7 21   1  1  0  1  1  1  1  1  1  1  1  0  0  0  1  1  0  0  1  1  1  0  1  1  1  1  1  1  2  1  2  2  2  2  2  2  2  2  2  2  2  2
 21 Piedra                  47  16 10 15   1  1  0  0  0  0  0  0  0  0  1  1  1  1  1  2  1  1  1  1  1  0  1  0  1  2  1  2  2  1  2  2  2  2  2  2  2  2  2  2  2  2
 22 ZQ Bot                  46  18 13 10   0  0  0  0  0  0  0  1  0  0  0  0  1  0  1  1  1  1  1  2  2  1  0  1  2  1  2  2  2  1  2  2  2  2  2  2  2  2  2  2  2  2
 23 * De Bruijn             45   6  2 33   1  0  1  1  1  1  2  1  1  2  1  1  1  2  1  1  2  1  1  1  1  2  1  1  1  1  1  1  1  1  1  1  1  1  1  1  1  1  2  1  1  0
 24 * Pi                    40   1  2 38   1  1  1  1  1  1  1  1  1  1  1  1  1  1  1  1  1  1  1  1  2  1  1  1  1  1  0  1  1  1  1  1  1  1  1  0  1  1  1  1  1  1
 25 Inocencio               39  14 16 11   0  0  0  0  0  0  0  1  0  0  1  1  1  0  0  0  0  1  0  1  1  0  1  1  1  2  1  2  2  1  2  2  0  2  2  2  2  2  2  2  2  2
 26 * Foxtrot               34   1  8 32   0  0  1  1  1  0  0  1  1  2  0  1  1  1  1  1  0  1  1  1  0  1  1  1  0  1  1  1  1  1  1  1  1  1  1  1  1  1  1  1  1  1
 27 * Add-drift             33   2 10 29   0  0  0  0  0  1  0  1  2  1  1  1  1  0  1  1  1  0  1  1  1  0  1  2  1  1  1  1  1  1  0  1  1  1  1  1  1  1  1  1  1  1
 28 Multi-strategy          30  11 22  8   0  0  0  0  0  0  0  0  0  0  0  0  0  0  0  0  0  0  0  1  0  0  1  1  0  1  1  1  1  2  1  1  2  2  2  2  2  2  2  2  2  2
 29 Peterbot                29   9 21 11   0  0  0  0  0  0  0  0  0  0  1  0  1  0  1  0  0  0  0  0  0  0  1  1  0  1  1  1  1  1  1  0  2  2  2  1  2  2  2  2  2  2
 30 * Copy-drift            27   1 15 25   0  0  0  0  0  0  0  0  1  1  1  1  1  0  1  1  1  0  0  1  1  1  1  1  1  1  1  0  1  1  1  0  0  1  2  1  1  1  1  1  0  1
 31 * Add-react             25   2 18 21   0  0  0  0  0  1  0  0  0  1  1  0  1  0  1  1  0  0  0  0  0  0  1  1  0  1  2  1  1  1  1  0  2  1  1  1  1  1  1  1  1  1
 32 Knucklehead             25   7 23 11   0  0  0  0  0  0  0  0  0  0  0  0  0  0  0  0  0  0  0  0  0  0  1  1  0  1  1  1  2  2  2  1  2  1  1  1  2  1  2  1  1  2
 33 Beat The Last Move      22   7 26  8   0  0  0  0  0  0  0  0  0  0  1  0  1  0  1  0  0  0  0  0  0  0  1  1  2  1  1  0  0  2  0  0  1  0  0  2  2  1  2  0  2  2
 34 * Flat                  19   2 24 15   0  0  0  0  0  0  0  0  0  0  0  1  0  0  0  0  0  1  0  0  0  0  1  1  0  1  1  0  0  1  1  1  2  1  1  1  1  1  2  1  1  0
 35 * Switch A Lot          17   2 26 13   0  0  0  0  0  0  0  0  0  0  0  0  0  0  0  0  0  1  0  0  0  0  1  1  0  1  1  0  0  0  1  1  2  1  1  1  1  1  1  2  1  0
 36 * Text                  17   2 26 13   0  0  0  0  0  0  0  0  0  0  0  0  0  0  1  0  0  0  0  0  0  0  1  2  0  1  1  0  1  1  1  1  0  1  1  1  0  1  0  1  1  2
 37 Good Ole Rock           16   3 28 10   0  0  0  0  0  0  0  0  0  0  0  0  0  0  0  0  0  0  0  0  0  0  1  1  0  1  1  0  0  1  1  0  0  1  1  2  1  1  0  1  2  2
 38 Rotate R-P-S            16   1 26 14   0  0  0  0  0  0  0  0  0  0  0  0  0  0  0  0  0  0  0  0  0  0  1  1  0  1  1  0  0  1  1  1  1  1  1  1  1  1  1  2  1  0
 39 Beat Frequent Pick      16   4 29  8   0  0  0  0  0  0  0  0  0  0  0  0  0  0  0  0  0  0  0  0  0  0  0  1  0  1  1  0  0  1  1  0  0  0  1  2  2  1  1  1  2  2
 40 Always Switchin'        15   1 27 13   0  0  0  0  0  0  0  0  0  0  0  0  0  0  0  0  0  0  0  0  0  0  1  1  0  1  1  0  0  1  1  1  2  1  0  1  1  0  1  1  1  1
 41 R-P-S 20-20-60          15   2 28 11   0  0  0  0  0  0  0  0  0  0  0  0  0  0  0  0  0  0  0  0  0  0  1  1  0  1  1  0  0  2  1  1  0  1  1  1  0  1  0  1  1  2
 42 * Anti-Flat             14   4 31  6   0  0  0  0  0  0  0  0  0  0  0  0  0  0  0  0  0  0  0  0  0  0  2  1  0  1  1  0  0  1  1  0  0  2  2  0  0  2  0  1  0  1


   Yomi AI is match ranked 11

 Tournament results:
    Player Name          total 
  1 Yomi AI               4967 
 15 * Anti-rotn           5596 
 19 Iocaine Powder       11192 
 20 Phasenbott           10005 
 21 MegaHAL               9416 
 22 RussRocker4           7772 
 23 Biopic                8474 
 24 Simple Modeller       8813 
 25 Simple Predictor      7452 
 26 Robertot              7615 
 27 Boom                  7395 
 28 Shofar                6286 
 29 ACT-R Lag2            7030 
 30 Majikthise            4988 
 32 Granite               6671 
 33 Marble                6551 
 34 ZQ Bot                6393 
 35 Sweet Rocky           6270 
 36 Piedra                5694 
 37 Mixed Strategy        5144 
 41 Bugbrain              6453 

   Yomi is tournament ranked 21

