 Playing 1 tournaments with 1000 trials per match...

 Yomi AI            vs Good Ole Rock       Match: 1000 (1000+   0-   0=)
 Yomi AI            vs R-P-S 20-20-60      Match:   29 (341+ 312- 347=)
 Yomi AI            vs Rotate R-P-S        Match:  320 (471+ 151- 378=)
 Yomi AI            vs Beat The Last Move  Match:   44 (360+ 316- 324=)
 Yomi AI            vs Always Switchin'    Match:  106 (381+ 275- 344=)
 Yomi AI            vs Beat Frequent Pick  Match:  147 (406+ 259- 335=)
 Yomi AI            vs * Pi                Match:   11 (346+ 335- 319=)
 Yomi AI            vs * Switch A Lot      Match:   72 (378+ 306- 316=)
 Yomi AI            vs * Flat              Match:   23 (364+ 341- 295=)
 Yomi AI            vs * Anti-Flat         Match:  999 (999+   0-   1=)
 Yomi AI            vs * Foxtrot           Match:  147 (408+ 261- 331=)
 Yomi AI            vs * De Bruijn         Match:   26 (343+ 317- 340=)
 Yomi AI            vs * Text              Match:   74 (370+ 296- 334=)
 Yomi AI            vs * Anti-rotn         Match:  -19 (329+ 348- 323=)
 Yomi AI            vs * Copy-drift        Match:   14 (350+ 336- 314=)
 Yomi AI            vs * Add-react         Match:   -7 (331+ 338- 331=)
 Yomi AI            vs * Add-drift         Match:    7 (345+ 338- 317=)
 Yomi AI            vs Iocaine Powder      Match:  -43 (310+ 353- 337=)
 Yomi AI            vs Phasenbott          Match:  -18 (334+ 352- 314=)
 Yomi AI            vs MegaHAL             Match:    7 (345+ 338- 317=)
 Yomi AI            vs RussRocker4         Match:   -4 (354+ 358- 288=)
 Yomi AI            vs Biopic              Match:  -11 (335+ 346- 319=)
 Yomi AI            vs Simple Modeller     Match:   48 (365+ 317- 318=)
 Yomi AI            vs Simple Predictor    Match:    7 (367+ 360- 273=)
 Yomi AI            vs Robertot            Match:   30 (333+ 303- 364=)
 Yomi AI            vs Boom                Match:    7 (350+ 343- 307=)
 Yomi AI            vs Shofar              Match:    7 (347+ 340- 313=)
 Yomi AI            vs ACT-R Lag2          Match:    9 (341+ 332- 327=)
 Yomi AI            vs Majikthise          Match:   16 (339+ 323- 338=)
 Yomi AI            vs Vroomfondel         Match:   -6 (320+ 326- 354=)
 Yomi AI            vs Granite             Match:   46 (351+ 305- 344=)
 Yomi AI            vs Marble              Match:  106 (420+ 314- 266=)
 Yomi AI            vs ZQ Bot              Match:   45 (366+ 321- 313=)
 Yomi AI            vs Sweet Rocky         Match:    9 (336+ 327- 337=)
 Yomi AI            vs Piedra              Match:   33 (361+ 328- 311=)
 Yomi AI            vs Mixed Strategy      Match:    6 (340+ 334- 326=)
 Yomi AI            vs Multi-strategy      Match:  121 (392+ 271- 337=)
 Yomi AI            vs Inocencio           Match:   40 (358+ 318- 324=)
 Yomi AI            vs Peterbot            Match:  -20 (328+ 348- 324=)
 Yomi AI            vs Bugbrain            Match:   -2 (336+ 338- 326=)
 Yomi AI            vs Knucklehead         Match:  161 (397+ 236- 367=)
 Final results (draw value = 50):

 Tournament results: 

    Player Name          total     1    2    3    4    5    6    7    8    9   10   11   12   13   14   15   16   17   18   19   20   21   22   23   24   25   26   27   28   29   30   31   32   33   34   35   36   37   38   39   40   41   42
  1 Iocaine Powder       11139     0  239   98   14   43  528   30   21  233    6  254   50  234   39   12   28   41  273   10   17    0   43  248  230   -3   36  141  303  200  198  341  156  562  140  883  214  407  902  990  988  990 1000
  2 Phasenbott            9818  -239    0   86   69   13  515   35   19  151   37  255   12  211   33   99   29   43  279   42   13   16   18  190  196   18  -13  127  346  102   36  328   86  428   46  939  237  109  956  981  993  993  984
  3 MegaHAL               9719   -98  -86    0  -47   20  116   67    5   95    7  277   23  233   56  -34    8   44  245   72  -18   28   -7  259  183   12  -13  187   51  100  148  260  189  400  235  912  453  417  941  994  990  999  996
  4 Simple Modeller       8691   -14  -69   47    0   40    5   50   25  276   45   67   -6   75   48  -27   21   40  283   79   -6   14  -48  181  166  -81  -46  210  -19  218   75  108  133  298  200  824  464  447  593  994  988  998  995
  5 Biopic                8438   -43  -13  -20  -40    0  -57   32   20   57   34  108   13  168   76   47  -18   60  122   49   31  -16   11  281  199   -8   -5   17  401   44   87   63  159  505  124  762  317  389  497  995  998  998  994
  6 RussRocker4           7763  -528 -515 -116   -5   57    0   15   28   94   14  172   -7  149   64   35  -28   46  180  -10    1   51    4  270  137  -20  -10  134  181  179  138  347   58  506  114  939  247  273  589  992  993  999  996
  7 Robertot              7630   -30  -35  -67  -50  -32  -15    0    1    3   58   48    7   91   41    8   -4   53  104   75  -29  -42  -30  276   59   23   -5  124   34   87   40   74  163  401   80  377  471  401  915  968  997  999  991
  8 Boom                  7143   -21  -19   -5  -25  -20  -28   -1    0   25   34  -33  -35   29   61   14  -25   50  -10   48  -17   35   -7  245   34   -6   -2   48   25   21   71   72  111  486  242  197  476  362  753  991  990  995  982
  9 Simple Predictor      7029  -233 -151  -95 -276  -57  -94   -3  -25    0   27    2  -11   -3   33  -60   22   87  193   72  -36  -42   -7  179  421  -79   19  276  -14  276  136  111  149  285  209  339  420  406  588  985  990  996  994
 10 Sweet Rocky           6968    -6  -37   -7  -45  -34  -14  -58  -34  -27    0    1  -22  -62   36  -43  -31   51  -15  -42  -43  -34   -9  126  753   11    9   77  -16  -40  139  342  175  189  129  436  138  396  596  991  997  997  998
 11 Granite               6688  -254 -255 -277  -67 -108 -172  -48   33   -2   -1    0  -37  -56   28 -124  -65   71   11   43  -67  -59  -46  332  652  -55  -43   23   88   43  140   79  178  356  203  913  259  393  594  996  995  999  995
 12 Shofar                6595   -50  -12  -23    6  -13    7   -7   35   11   22   37    0   51   62   -1  -67   41   82   48    0   -6   -7   98  441  -23  -18  -20    8   87    8   72  149  165  210   87  436  356  559  902  915  974  973
 13 Marble                6540  -234 -211 -233  -75 -168 -149  -91  -29    3   62   56  -51    0   57 -101  -72   40   -7   26  -55   -3 -106  273  648  -29  -25  -21   47   66  136   95  177  260  104  921  267  393  591  994  990  999  995
 14 Piedra                6248   -39  -33  -56  -48  -76  -64  -41  -61  -33  -36  -28  -62  -57    0  -36  -39   43  -52   18  -44  -31  -33   59    0   -6  -31   20  -27   77  175  136  165  172  112  995  244  400  591  993  990  997  994
 15 ACT-R Lag2            5976   -12  -99   34   27  -47  -35   -8  -14   60   43  124    1  101   36    0   27   24   67   66   49   20   -9  222  194 -109    5    2  -33  -10  207   25   74  524  193  101  224  291  584   44  993  996  994
 16 Bugbrain              5815   -28  -29   -8  -21   18   28    4   25  -22   31   65   67   72   39  -27    0   24  183   42   23  -14    2  130   19   13  -17   40  -30   76   -1   87   35   47   30  258  185  204  401  970  928  989  977
 17 * Anti-rotn           5565   -41  -43  -44  -40  -60  -46  -53  -50  -87  -51  -71  -41  -40  -43  -24  -24    0  -90  -20    0  -14   19  243  -36  -46  -37    6  -25  -16  212    0   58   23  330  500  510  209  499 1000 1000  998 1000
 18 ZQ Bot                5535  -273 -279 -245 -283 -122 -180 -104   10 -193   15  -11  -82    7   52  -67 -183   90    0  -56  -20  -44  -45  133  275  -11  -24   53   61  -24  134  380  140  337  173  872  146  325  589  993  998  998 1000
 19 Mixed Strategy        4866   -10  -42  -72  -79  -49   10  -75  -48  -72   42  -43  -48  -26  -18  -66  -42   20   56    0  -13  -46   -6   54    5  -77  -66   26    8  108   18   92  164  147  114  142  103  301  454  980  956  994  970
 20 Majikthise            4818   -17  -13   18    6  -31   -1   29   17   36   43   67    0   55   44  -49  -23    0   20   13    0   -3  -16  218   31  -12   46    4   24  -34   82   -9   48  257  172  -10  240  137  442    6  993  993  995
 21 Vroomfondel           4800     0  -16  -28  -14   16  -51   42  -35   42   34   59    6    3   31  -20   14   14   44   46    3    0    6  164   60  -15   13   37   13   50   80  -24   23  272   87  -20  240  175  483  -10  991  993  992
 22 Yomi AI               3587   -43  -18    7   48  -11   -4   30    7    7    9   46    7  106   33    9   -2  -19   45    6   16   -6    0  121   40   26   11    7  147   14   23   -7   74  161   72  -20  106   29  147   44  320 1000  999
 23 Multi-strategy        2810  -248 -190 -259 -181 -281 -270 -276 -245 -179 -126 -332  -98 -273  -59 -222 -130 -243 -133  -54 -218 -164 -121    0 -109  -50  -20  -14    5  215  181   48  123   25  282  500  503  432  999  997  997  999  999
 24 Inocencio             1382  -230 -196 -183 -166 -199 -137  -59  -34 -421 -753 -652 -441 -648    0 -194  -19   36 -275   -5  -31  -60  -40  109    0  -32  -19   55  272   72  114   66  148  222  171  101  195  398  356  920  976  979  986
 25 * De Bruijn            648     3  -18  -12   81    8   20  -23    6   79  -11   55   23   29    6  109  -13   46   11   77   12   15  -26   50   32    0   -1    7  -43   30  -10   20   23   17   19    1  -12  -10  128   -1   21    0 -100
 26 * Pi                   192   -36   13   13   46    5   10    5    2  -19   -9   43   18   25   31   -5   17   37   24   66  -46  -13  -11   20   19    1    0   -4  -14  -19  -12   58  -81    7  -34   25   -1   -7   30   22  -11  -11  -12
 27 * Add-drift          -1584  -141 -127 -187 -210  -17 -134 -124  -48 -276  -77  -23   20   21  -20   -2  -40   -6  -53  -26   -4  -37   -7   14  -55   -7    4    0  -27   22  -56  -82    2   -7    0   13   22    2    3    9   16   17   44
 28 * Foxtrot            -1762  -303 -346  -51   19 -401 -181  -34  -25   14   16  -88   -8  -47   27   33   30   25  -61   -8  -24  -13 -147   -5 -272   43   14   27    0    6  -28   -5  -26   39  -19  -43   19   59   30   -6  -22   -8    8
 29 * Copy-drift         -2001  -200 -102 -100 -218  -44 -179  -87  -21 -276   40  -43  -87  -66  -77   10  -76   16   24 -108   34  -50  -14 -215  -72  -30   19  -22   -6    0  -19  -17   13   -3   27   -5    2   18  -41  -23   12  -39   24
 30 * Flat               -2579  -198  -36 -148  -75  -87 -138  -40  -71 -136 -139 -140   -8 -136 -175 -207    1 -212 -134  -18  -82  -80  -23 -181 -114   10   12   56   28   19    0  -38   26    7   -4 -185   10   -9  214  214   45   -1 -406
 31 * Add-react          -2907  -341 -328 -260 -108  -63 -347  -74  -72 -111 -342  -79  -72  -95 -136  -25  -87    0 -380  -92    9   24    7  -48  -66  -20  -58   82    5   17   38    0   22  -54   43  -12    8   55    9  -39   21    1   61
 32 * Text               -3173  -156  -86 -189 -133 -159  -58 -163 -111 -149 -175 -178 -149 -177 -165  -74  -35  -58 -140 -164  -48  -23  -74 -123 -148  -23   81   -2   26  -13  -26  -22    0  -20    5   24   23   52 -185  -74  -11 -185  112
 33 Knucklehead          -3389  -562 -428 -400 -298 -505 -506 -401 -486 -285 -189 -356 -165 -260 -172 -524  -47  -23 -337 -147 -257 -272 -161  -25 -222  -17   -7    7  -39    3   -7   54   20    0   16  -24   14   85  119  872  544 1000  999
 34 * Switch A Lot       -3730  -140  -46 -235 -200 -124 -114  -80 -242 -209 -129 -203 -210 -104 -112 -193  -30 -330 -173 -114 -172  -87  -72 -282 -171  -19   34    0   19  -27    4  -43   -5  -16    0 -115  -26   28   11  278  -28   -6  -47
 35 Peterbot             -6543  -883 -939 -912 -824 -762 -939 -377 -197 -339 -436 -913  -87 -921 -995 -101 -258 -500 -872 -142   10   20   20 -500 -101   -1  -25  -13   43    5  185   12  -24   24  115    0  268  410  443  981  997  999  986
 36 Always Switchin'     -6850  -214 -237 -453 -464 -317 -247 -471 -476 -420 -138 -259 -436 -267 -244 -224 -185 -510 -146 -103 -240 -240 -106 -503 -195   12    1  -22  -19   -2  -10   -8  -23  -14   26 -268    0   33   34  484   -9   14   16
 37 R-P-S 20-20-60       -9302  -407 -109 -417 -447 -389 -273 -401 -362 -406 -396 -393 -356 -393 -400 -291 -204 -209 -325 -301 -137 -175  -29 -432 -398   10    7   -2  -59  -18    9  -55  -52  -85  -28 -410  -33    0 -404 -156   -9 -399   32
 38 Beat Frequent Pick  -13615  -902 -956 -941 -593 -497 -589 -915 -753 -588 -596 -594 -559 -591 -591 -584 -401 -499 -589 -454 -442 -483 -147 -999 -356 -128  -30   -3  -30   41 -214   -9  185 -119  -11 -443  -34  404    0 -600    0  999  996
 39 Beat The Last Move  -19674  -990 -981 -994 -994 -995 -992 -968 -991 -985 -991 -996 -902 -994 -993  -44 -970 -1000 -993 -980   -6   10  -44 -997 -920    1  -22   -9    6   23 -214   39   74 -872 -278 -981 -484  156  600    0    1 1000  996
 40 Rotate R-P-S        -25213  -988 -993 -990 -988 -998 -993 -997 -990 -990 -997 -995 -915 -990 -990 -993 -928 -1000 -998 -956 -993 -991 -320 -997 -976  -21   11  -16   22  -12  -45  -21   11 -544   28 -997    9    9    0   -1    0    0 -680
 41 Good Ole Rock       -26255  -990 -993 -999 -998 -998 -999 -999 -995 -996 -997 -999 -974 -999 -997 -996 -989 -998 -998 -994 -993 -993 -1000 -999 -979    0   11  -17    8   39    1   -1  185 -1000    6 -999  -14  399 -999 -1000    0    0  998
 42 * Anti-Flat         -27826  -1000 -984 -996 -995 -994 -996 -991 -982 -994 -998 -995 -973 -995 -994 -994 -977 -1000 -1000 -970 -995 -992 -999 -999 -986  100   12  -44   -8  -24  406  -61 -112 -999   47 -986  -16  -32 -996 -996  680 -998    0

 Match results (draw <= 50): 

    Player Name           total  W  L  D   1  2  3  4  5  6  7  8  9 10 11 12 13 14 15 16 17 18 19 20 21 22 23 24 25 26 27 28 29 30 31 32 33 34 35 36 37 38 39 40 41 42
  1 Iocaine Powder          66  25  0 16   1  2  2  2  1  1  1  1  1  1  1  1  2  1  1  1  1  1  2  2  1  1  2  2  1  2  2  2  2  2  2  2  2  2  2  2  2  2  2  2  2  2
  2 MegaHAL                 65  26  2 13   0  1  0  2  1  1  2  1  1  1  1  1  2  1  1  1  2  2  2  2  1  1  2  2  1  2  2  2  2  2  2  2  2  2  2  2  2  2  2  2  2  2
  3 Phasenbott              64  24  1 16   0  2  1  2  1  2  1  1  2  1  1  1  2  1  1  1  1  1  2  2  1  1  2  2  1  2  2  2  2  2  2  2  1  2  2  1  2  2  2  2  2  2
  4 RussRocker4             63  25  3 13   0  0  0  1  2  1  1  1  1  1  1  1  2  1  1  2  2  1  2  2  1  1  2  2  1  2  2  2  2  2  2  2  2  2  2  2  2  2  2  2  2  2
  5 Biopic                  62  22  1 18   1  1  1  0  1  1  1  1  1  1  1  1  2  1  1  1  2  1  2  2  2  1  2  2  1  2  2  1  2  1  2  2  2  2  2  2  2  2  2  2  2  2
  6 Simple Modeller         61  22  2 17   1  1  0  1  1  1  1  1  1  1  1  1  2  1  1  1  1  2  2  2  1  0  2  2  1  1  2  2  2  2  2  2  2  2  2  2  2  2  2  2  2  2
  7 Robertot                61  21  1 19   1  0  1  1  1  1  1  1  1  1  2  1  1  1  1  1  1  2  2  2  2  1  1  2  1  1  2  2  2  2  2  2  1  2  2  2  2  2  2  2  2  2
  8 Shofar                  58  18  1 22   1  1  1  1  1  1  1  1  1  1  1  0  1  1  1  1  2  1  2  2  1  1  1  2  1  1  2  1  2  2  2  2  1  2  2  2  2  2  2  2  2  2
  9 ACT-R Lag2              57  18  2 21   1  1  0  1  1  1  1  1  1  1  1  1  2  1  1  1  1  2  2  2  1  0  2  2  1  1  2  1  2  1  2  1  2  1  2  2  2  2  2  2  2  2
 10 Boom                    56  15  0 26   1  1  1  1  1  1  1  1  1  1  1  1  1  1  1  1  2  1  1  1  1  1  1  1  1  1  2  1  2  1  2  2  2  2  2  2  2  2  2  2  2  2
 11 Sweet Rocky             56  17  2 22   1  1  1  1  1  1  0  1  1  1  1  1  1  1  1  1  1  1  0  1  2  1  1  2  1  1  2  2  2  1  2  2  2  2  2  2  2  2  2  2  2  2
 12 Bugbrain                56  15  0 26   1  1  1  1  1  1  1  2  1  1  1  1  1  1  1  1  1  1  2  2  1  1  2  1  1  1  2  1  2  2  1  2  1  2  1  1  2  2  2  2  2  2
 13 Simple Predictor        53  20  8 13   0  0  0  0  0  0  1  1  0  1  1  1  1  1  1  1  1  2  1  2  2  0  1  2  1  1  2  2  2  2  2  2  2  2  2  2  2  2  2  2  2  2
 14 Majikthise              53  12  0 29   1  1  1  1  1  1  1  1  1  1  1  1  1  1  1  1  1  1  2  1  1  1  2  1  1  1  2  1  1  1  2  1  2  1  1  2  2  2  2  2  2  2
 15 Yomi AI                 52  11  0 30   1  1  1  1  1  1  1  1  1  1  1  1  1  1  1  1  1  1  2  1  1  1  1  1  1  2  2  1  1  1  2  1  1  1  2  2  2  2  2  2  2  1
 16 Vroomfondel             52  12  1 28   1  1  1  0  1  1  1  1  1  1  1  1  1  1  1  1  1  1  1  1  1  1  2  2  1  1  2  1  1  1  2  1  2  1  1  2  2  2  2  2  2  2
 17 Piedra                  49  15  7 19   1  0  1  0  0  1  1  0  1  0  1  1  1  1  1  1  1  1  0  0  1  1  1  1  1  1  2  1  2  2  2  2  2  2  2  2  2  2  2  2  2  2
 18 Mixed Strategy          49  15  7 19   1  0  1  1  1  0  0  1  0  1  1  1  0  1  1  1  1  1  1  2  1  0  1  1  0  1  2  1  2  2  2  2  1  2  2  2  2  2  2  2  2  2
 19 Marble                  48  19 12 10   0  0  0  0  0  0  0  0  0  1  2  0  1  0  0  1  2  1  1  1  1  1  2  2  1  1  2  1  2  2  2  2  2  2  2  2  2  2  2  2  2  2
 20 ZQ Bot                  48  19 12 10   0  0  0  0  0  0  0  0  0  1  1  0  0  1  1  1  2  0  1  1  2  1  1  2  1  2  2  2  2  1  2  2  2  2  2  2  2  2  2  2  2  2
 21 * Anti-rotn             47  12  6 23   1  1  1  1  0  1  0  1  1  1  0  1  0  1  1  1  1  1  1  0  1  1  0  1  1  1  2  1  2  1  1  1  2  2  2  2  2  2  2  2  2  2
 22 * De Bruijn             46   6  1 34   1  1  1  1  1  2  1  1  2  1  1  1  2  1  1  1  1  2  1  1  1  1  2  1  1  1  1  1  1  1  1  1  1  1  1  1  1  1  2  1  0  1
 23 Granite                 46  17 12 12   0  0  0  0  0  0  1  1  0  1  1  0  1  0  1  0  1  1  0  1  2  0  1  2  1  2  2  1  2  1  2  2  2  2  2  2  2  2  2  2  2  2
 24 Inocencio               43  17 15  9   0  0  0  0  0  0  0  0  0  1  0  1  0  1  1  0  1  1  0  0  1  1  0  1  1  2  2  2  2  2  2  2  2  2  2  2  2  2  2  2  2  2
 25 * Pi                    42   2  1 38   1  1  1  1  1  1  1  1  1  1  1  1  1  1  1  1  1  2  1  1  1  1  1  1  1  1  1  1  1  1  1  2  1  1  0  1  1  1  1  1  1  1
 26 * Foxtrot               33   1  9 31   0  0  0  0  0  1  1  1  1  1  1  1  1  1  0  1  1  1  1  0  1  1  0  0  1  1  1  1  1  1  1  1  1  1  1  1  1  1  1  1  1  2
 27 Multi-strategy          30  12 23  6   0  0  0  0  0  0  0  0  0  0  0  0  0  0  0  0  0  0  0  0  0  1  0  0  1  1  1  1  2  2  1  1  2  2  2  2  2  2  2  2  2  2
 28 * Add-drift             29   0 12 29   0  0  0  0  1  0  0  1  1  1  0  1  0  1  1  1  1  1  1  0  1  1  1  0  1  1  1  1  1  1  1  0  0  1  1  1  1  1  1  1  1  1
 29 Peterbot                29   9 21 11   0  0  0  0  0  0  0  0  0  0  0  0  0  1  1  1  0  0  0  0  0  1  0  0  1  1  0  1  1  1  1  1  2  2  1  2  2  2  2  2  2  2
 30 * Copy-drift            27   0 14 27   0  0  0  0  1  0  0  0  1  1  1  0  0  1  1  1  0  0  0  1  1  1  1  0  1  1  0  1  1  1  1  1  1  1  1  1  1  1  1  1  1  1
 31 Knucklehead             27   7 21 13   0  0  0  0  0  0  0  0  0  0  0  1  0  0  0  0  0  0  0  0  1  1  0  0  1  1  1  1  1  1  1  2  1  2  1  1  1  2  2  2  2  2
 32 * Add-react             24   3 20 18   0  0  0  0  0  0  0  0  1  0  0  0  0  1  1  1  0  0  0  0  1  1  0  0  0  1  1  2  1  1  0  1  1  1  1  1  1  1  1  1  2  2
 33 * Flat                  24   3 20 18   0  0  1  0  0  0  1  1  0  0  0  1  0  0  1  0  0  1  0  0  0  1  0  0  1  1  0  2  0  1  1  1  1  2  1  1  1  1  2  1  0  1
 34 Beat The Last Move      21   5 25 11   0  0  0  0  0  0  0  0  1  0  0  0  0  1  1  1  0  0  0  0  0  1  0  0  1  1  0  1  0  1  0  1  0  1  2  0  0  2  2  1  2  2
 35 * Text                  20   3 24 14   0  0  0  0  0  0  0  0  0  0  0  1  0  1  0  1  0  0  0  0  0  1  0  0  2  1  0  1  1  1  1  1  1  0  1  1  1  0  0  1  2  2
 36 * Switch A Lot          19   1 23 17   0  0  1  0  0  0  0  0  0  0  0  1  0  0  0  0  0  0  0  0  0  1  0  0  1  1  0  1  0  1  1  1  1  2  1  1  1  1  1  1  1  1
 37 Always Switchin'        17   1 25 15   0  0  0  0  0  0  0  0  0  0  0  0  0  0  0  0  0  0  0  0  0  1  0  0  1  1  0  1  0  1  1  1  1  2  1  1  1  1  1  1  1  1
 38 Good Ole Rock           16   3 28 10   0  0  0  0  0  0  0  0  0  0  0  0  0  0  0  0  0  0  0  0  0  1  0  0  1  1  0  1  0  1  0  1  1  0  2  1  1  1  0  1  2  2
 39 Beat Frequent Pick      16   4 29  8   0  0  0  0  0  0  0  0  0  0  0  0  0  0  0  0  0  0  0  0  0  0  0  0  1  1  0  1  0  1  0  1  0  0  2  1  1  2  1  1  2  2
 40 Rotate R-P-S            14   0 27 14   0  0  0  0  0  0  0  0  0  0  0  0  0  0  0  0  0  0  0  0  0  1  0  0  1  1  0  1  0  1  0  1  1  1  1  1  1  1  1  1  0  1
 41 * Anti-Flat             13   3 31  7   0  0  0  0  0  0  0  0  0  0  0  0  0  0  0  0  0  0  0  0  0  2  0  0  1  1  0  1  0  1  0  0  2  0  0  1  1  0  0  2  1  1
 42 R-P-S 20-20-60          10   0 31 10   0  0  0  0  0  0  0  0  0  0  0  0  0  0  1  0  0  0  0  0  0  1  0  0  1  0  0  1  0  1  0  0  1  0  0  1  1  0  0  1  1  1


   Yomi AI is match ranked 15

 Tournament results:
    Player Name          total 
  1 Yomi AI               3587 
 15 * Anti-rotn           5565 
 19 Iocaine Powder       11139 
 20 Phasenbott            9818 
 21 MegaHAL               9719 
 22 RussRocker4           7763 
 23 Biopic                8438 
 24 Simple Modeller       8691 
 25 Simple Predictor      7029 
 26 Robertot              7630 
 27 Boom                  7143 
 28 Shofar                6595 
 29 ACT-R Lag2            5976 
 30 Majikthise            4818 
 31 Vroomfondel           4800 
 32 Granite               6688 
 33 Marble                6540 
 34 ZQ Bot                5535 
 35 Sweet Rocky           6968 
 36 Piedra                6248 
 37 Mixed Strategy        4866 
 41 Bugbrain              5815 

   Yomi is tournament ranked 22

