 Playing 1 tournaments with 1000 trials per match...

 Yomi AI            vs Good Ole Rock       Match: 1000 (1000+   0-   0=)
 Yomi AI            vs R-P-S 20-20-60      Match:  230 (475+ 245- 280=)
 Yomi AI            vs Rotate R-P-S        Match:  787 (838+  51- 111=)
 Yomi AI            vs Beat The Last Move  Match:   66 (391+ 325- 284=)
 Yomi AI            vs Always Switchin'    Match:  197 (454+ 257- 289=)
 Yomi AI            vs Beat Frequent Pick  Match:  528 (702+ 174- 124=)
 Yomi AI            vs * Pi                Match:    7 (336+ 329- 335=)
 Yomi AI            vs * Switch A Lot      Match:   68 (380+ 312- 308=)
 Yomi AI            vs * Flat              Match:   99 (389+ 290- 321=)
 Yomi AI            vs * Anti-Flat         Match:  852 (881+  29-  90=)
 Yomi AI            vs * Foxtrot           Match:  348 (561+ 213- 226=)
 Yomi AI            vs * De Bruijn         Match:   -5 (317+ 322- 361=)
 Yomi AI            vs * Text              Match:   89 (388+ 299- 313=)
 Yomi AI            vs * Anti-rotn         Match:  -21 (293+ 314- 393=)
 Yomi AI            vs * Copy-drift        Match:   48 (360+ 312- 328=)
 Yomi AI            vs * Add-react         Match:   -5 (337+ 342- 321=)
 Yomi AI            vs * Add-drift         Match:  -40 (314+ 354- 332=)
 Yomi AI            vs Iocaine Powder      Match:  -68 (315+ 383- 302=)
 Yomi AI            vs Phasenbott          Match:  -31 (326+ 357- 317=)
 Yomi AI            vs MegaHAL             Match:   27 (357+ 330- 313=)
 Yomi AI            vs RussRocker4         Match:   20 (340+ 320- 340=)
 Yomi AI            vs Biopic              Match:   24 (347+ 323- 330=)
 Yomi AI            vs Simple Modeller     Match:   53 (354+ 301- 345=)
 Yomi AI            vs Simple Predictor    Match:   37 (356+ 319- 325=)
 Yomi AI            vs Robertot            Match:    4 (352+ 348- 300=)
 Yomi AI            vs Boom                Match:   55 (368+ 313- 319=)
 Yomi AI            vs Shofar              Match:   23 (352+ 329- 319=)
 Yomi AI            vs ACT-R Lag2          Match:    6 (346+ 340- 314=)
 Yomi AI            vs Majikthise          Match:  -31 (326+ 357- 317=)
 Yomi AI            vs Vroomfondel         Match:  -63 (300+ 363- 337=)
 Yomi AI            vs Granite             Match:   98 (418+ 320- 262=)
 Yomi AI            vs Marble              Match:   99 (409+ 310- 281=)
 Yomi AI            vs ZQ Bot              Match:   -8 (345+ 353- 302=)
 Yomi AI            vs Sweet Rocky         Match:   18 (368+ 350- 282=)
 Yomi AI            vs Piedra              Match:   16 (354+ 338- 308=)
 Yomi AI            vs Mixed Strategy      Match:   12 (348+ 336- 316=)
 Yomi AI            vs Multi-strategy      Match:  247 (491+ 244- 265=)
 Yomi AI            vs Inocencio           Match:   73 (404+ 331- 265=)
 Yomi AI            vs Peterbot            Match:   19 (347+ 328- 325=)
 Yomi AI            vs Bugbrain            Match:   35 (349+ 314- 337=)
 Yomi AI            vs Knucklehead         Match:  412 (588+ 176- 236=)
 Final results (draw value = 50):

 Tournament results: 

    Player Name          total     1    2    3    4    5    6    7    8    9   10   11   12   13   14   15   16   17   18   19   20   21   22   23   24   25   26   27   28   29   30   31   32   33   34   35   36   37   38   39   40   41   42
  1 Iocaine Powder       10759     0  135   -8   67   51  532   51  131   35  230  215   47   45  -13  -18   -4  285   50   68    7   26   53  228   33    1  178  101  245  350  198  340  606  128   30  917  222  356  881  991  987 1000  982
  2 Phasenbott            9900  -135    0    6   24   44  536   50  167   32  226  229   57   72   22   -5   15  275   52   31   10   42   27  285   23  -20  164  135   71  394   96  302  361   68   57  905  238  144  931  981  992  996 1000
  3 Simple Modeller       9328     8   -6    0   32   -3  -32  -25  284   28   90   38   24   44   24  -34   33  290   40  -53  -24   65  -28  181  -20  -23  704  186  244  -10   56   93  360  145  242  958  470  367  594  993  994 1000  999
  4 MegaHAL               9325   -67  -24  -32    0   57   60   58   57   18  245  241   -2   67   41  -81   34  257   55  -27  -50  107   12   82  -22  -23  199  183   80   61  106  276  340  142  238  894  449  391  935  988  991  999  990
  5 Biopic                8765   -51  -44    3  -57    0  -42   57   13   -9   72  111   39   35  -18  -36   23   97   56  -24   -9   91   -9  257    5  -14  169  -30   70  429  175   59  511  169  151  890  351  373  914  996  993  999 1000
  6 RussRocker4           7556  -532 -536   32  -60   42    0  -12  136   35  159  150   23   24  -29    3   57  197   42  -20    7   21  -18  210    9   -6  133   76  102  129   79  385  517   69  146  939  252  218  594  994  991  998 1000
  7 Robertot              7553   -51  -50   25  -58  -57   12    0   27   15   54   48  -65   55   23    1   82   54   49   -4  -19    8    6  235  -39   -3   23   -9   28    3   76   13  356  188  105  752  473  413  855  938  999  998  994
  8 Simple Predictor      7201  -131 -167 -284  -57  -13 -136  -27    0   19   -6    4  -56   52   33  -18   31  193   66  -37  -38   56  -57  191  -79  -14  618  303  292  -14  108  106  272  149  168  300  425  394  588  984  989  996  998
  9 Boom                  7045   -35  -32  -28  -18    9  -35  -15  -19    0   48   72  -35   42  -23  -20   51   51   44  -55  -28   -1  -41  154    8   -8   56   37   23  -27   48   84  490  135  207  422  399  362  753  991  990  995  994
 10 Granite               6606  -230 -226  -90 -245  -72 -159  -54    6  -48    0   18 -168   38  -71  -13   29   37   48  -98  -29   30   27  322  -70  -40  648   69   25   61  135   87  236  178  113  922  210  413  591  990  992 1000  994
 11 Marble                6465  -215 -229  -38 -241 -111 -150  -48   -4  -72  -18    0 -138   54  -92  -68   63    8   62  -99  -56   20  -27  227  -63   -5  643  -24   44   62  156   78  312  177  153  928  230  369  592  996  995  998  996
 12 ACT-R Lag2            6463   -47  -57  -24    2  -39  -23   65   56   35  168  138    0   65   -4   14   71    8   36   -6  -26   18   33  239 -101  -22  688   88   26  -28  122    7  522  105  142   38  234  310  575   49  997  998  991
 13 Piedra                6366   -45  -72  -44  -67  -35  -24  -55  -52  -42  -38  -54  -65    0  -48  -16   33  -60    3  -16  -44   -8  -19    2  -19   -2  800   54   38   27  101  260  150  173  133  131  367  354  590  992  992  997  994
 14 Bugbrain              6347    13  -22  -24  -41   18   29  -23  -33   23   71   92    4   48    0  -13   59  188   44  -35  -48   78  -15  110  -12  -23   28   81   45    6   87   97  155   14  119  657  221  143  407  919  949  935  996
 15 Shofar                6296    18    5   34   81   36   -3   -1   18   20   13   68  -14   16   13    0   45   25   56  -23  -30   51   36   52   -5   38   57  -11  105    0  -41   54   80  173  215   42  427  304  554  903  925  981  979
 16 Sweet Rocky           6198     4  -15  -33  -34  -23  -57  -82  -31  -51  -29  -63  -71  -33  -59  -45    0  -61   45  -18  -26  -56  -32   62  -51   10  -39  113  -47  -26  146  166  137  158  155  942  265  418  595  990  988  997  989
 17 ZQ Bot                6193  -285 -275 -290 -257  -97 -197  -54 -193  -51  -37   -8   -8   60 -188  -25   61    0   45    8  -31   -8  -67  163  -20  -19  797   85   27    5  105  287  235  131  178  850  274  421  593  991  997  998  992
 18 * Anti-rotn           5407   -50  -52  -40  -55  -56  -42  -49  -66  -44  -48  -62  -36   -3  -44  -56  -45  -45    0   21   -7    1   37  215  -41  -36  702    8   35   -5  212    7   27   54  307   28  508  143  499  492  999  998  996
 19 Yomi AI               5325   -68  -31   53   27   24   20    4   37   55   98   99    6   16   35   23   18   -8  -21    0  -31   12  -63  247   -5    7   73  -40   48  348   99   -5  412   89   68   19  197  230  528   66  787 1000  852
 20 Majikthise            4901    -7  -10   24   50    9   -7   19   38   28   29   56   26   44   48   30   26   31    7   31    0   24  -10  153   28  -37   73  -26   24   12   83  -69  220   67  106   34  257  128  428  -35  989  991  989
 21 Mixed Strategy        4894   -26  -42  -65 -107  -91  -21   -8  -56    1  -30  -20  -18    8  -78  -51   56    8   -1  -12  -24    0  -19    6  -66  -42   14   35   32  -18   20    1  100  147   93  193  226  392  470  959  938  992  998
 22 Vroomfondel           4827   -53  -27   28  -12    9   18   -6   57   41  -27   27  -33   19   15  -36   32   67  -37   63   10   19    0  144    0  -16  128   27  -31    7   50   10  234    6  149   62  260  149  484   18  995  992  985
 23 Multi-strategy        3352  -228 -285 -181  -82 -257 -210 -235 -191 -154 -322 -227 -239   -2 -110  -52  -62 -163 -215 -247 -153   -6 -144    0  -50  -20 -136  -46  253   51  143   87   28  123  313  500  454  426  999  997  997  999  999
 24 * De Bruijn            517   -33  -23   20   22   -5   -9   39   79   -8   70   63  101   19   12    5   51   20   41    5  -28   66    0   50    0   -1   11   -7  -26  -16    0  -15   -7   23  -28  -23    0    8  128   -1   21    0 -107
 25 * Pi                   325    -1   20   23   23   14    6    3   14    8   40    5   22    2   23  -38  -10   19   36   -7   37   42   16   20    1    0   11  -21   -6   78    5  -18    8  -81  -13   16   14   -4   30   22  -11  -11  -12
 26 Inocencio             -531  -178 -164 -704 -199 -169 -133  -23 -618  -56 -648 -643 -688 -800  -28  -57   39 -797 -702  -73  -73  -14 -128  136  -11  -11    0    2  118  331  212   93  274  152   56   84  335  352  360  905  981  980  976
 27 * Add-drift          -1628  -101 -135 -186 -183   30  -76    9 -303  -37  -69   24  -88  -54  -81   11 -113  -85   -8   40   26  -35  -27   46    7   21   -2    0  -11   22  -22  -53  -31  -26   21   20  -39  -32  -20  -27  -33  -28    0
 28 * Copy-drift         -1862  -245  -71 -244  -80  -70 -102  -28 -292  -23  -25  -44  -26  -38  -45 -105   47  -27  -35  -48  -24  -32   31 -253   26    6 -118   11    0   17   -1    3  -36    7   19  -60   24   -3    8   10  -38    4   38
 29 * Foxtrot            -2427  -350 -394   10  -61 -429 -129   -3   14   27  -61  -62   28  -27   -6    0   26   -5    5 -348  -12   18   -7  -51   16  -78 -331  -22  -17    0  -35  -11  -24   20  -24    5    5  -32    4  -54    2  -23  -11
 30 * Flat               -2557  -198  -96  -56 -106 -175  -79  -76 -108  -48 -135 -156 -122 -101  -87   41 -146 -105 -212  -99  -83  -20  -50 -143    0   -5 -212   22    1   35    0   38  -11  -29   24 -170   24  -18  260  210   11    0 -377
 31 * Add-react          -2699  -340 -302  -93 -276  -59 -385  -13 -106  -84  -87  -78   -7 -260  -97  -54 -166 -287   -7    5   69   -1  -10  -87   15   18  -93   53   -3   11  -38    0  -32   25  -26  -48  -17   24   18    9   17  -18  111
 32 Knucklehead          -2905  -606 -361 -360 -340 -511 -517 -356 -272 -490 -236 -312 -522 -150 -155  -80 -137 -235  -27 -412 -220 -100 -234  -28    7   -8 -274   31   36   24   11   32    0    6    5   23   21   28  135  725  967  994  993
 33 * Text               -3183  -128  -68 -145 -142 -169  -69 -188 -149 -135 -178 -177 -105 -173  -14 -173 -158 -131  -54  -89  -67 -147   -6 -123  -23   81 -152   26   -7  -20   29  -25   -6    0   -6   24   -1   29 -185  -74  -11 -185  111
 34 * Switch A Lot       -3410   -30  -57 -242 -238 -151 -146 -105 -168 -207 -113 -153 -142 -133 -119 -215 -155 -178 -307  -68 -106  -93 -149 -313   28   13  -56  -21  -19   24  -24   26   -5    6    0 -112   -4  -25   18  314   21  -26   20
 35 Peterbot             -7097  -917 -905 -958 -894 -890 -939 -752 -300 -422 -922 -928  -38 -131 -657  -42 -942 -850  -28  -19  -34 -193  -62 -500   23  -16  -84  -20   60   -5  170   48  -23  -24  112    0  218  365  435  981  999 1000  987
 36 Always Switchin'     -7548  -222 -238 -470 -449 -351 -252 -473 -425 -399 -210 -230 -234 -367 -221 -427 -265 -274 -508 -197 -257 -226 -260 -454    0  -14 -335   39  -24   -5  -24   17  -21    1    4 -218    0   12   15  505  -31  -13  -47
 37 R-P-S 20-20-60       -8445  -356 -144 -367 -391 -373 -218 -413 -394 -362 -413 -369 -310 -354 -143 -304 -418 -421 -143 -230 -128 -392 -149 -426   -8    4 -352   32    3   32   18  -24  -28  -29   25 -365  -12    0 -373 -194   18 -407  433
 38 Beat Frequent Pick  -14387  -881 -931 -594 -935 -914 -594 -855 -588 -753 -591 -592 -575 -590 -407 -554 -595 -593 -499 -528 -428 -470 -484 -999 -128  -30 -360   20   -8   -4 -260  -18 -135  185  -18 -435  -15  373    0 -600    0  999  997
 39 Beat The Last Move  -18916  -991 -981 -993 -988 -996 -994 -938 -984 -991 -990 -996  -49 -992 -919 -903 -990 -991 -492  -66   35 -959  -18 -997    1  -22 -905   27  -10   54 -210   -9 -725   74 -314 -981 -505  194  600    0    1 1000  997
 40 Rotate R-P-S        -26035  -987 -992 -994 -991 -993 -991 -999 -989 -990 -992 -995 -997 -992 -949 -925 -988 -997 -999 -787 -989 -938 -995 -997  -21   11 -981   33   38   -2  -11  -17 -967   11  -21 -999   31  -18    0   -1    0    0 -655
 41 Good Ole Rock       -26125  -1000 -996 -1000 -999 -999 -998 -998 -996 -995 -1000 -998 -998 -997 -935 -981 -997 -998 -998 -1000 -991 -992 -992 -999    0   11 -980   28   -4   23    0   18 -994  185   26 -1000   13  407 -999 -1000    0    0  998
 42 * Anti-Flat         -28159  -982 -1000 -999 -990 -1000 -1000 -994 -998 -994 -994 -996 -991 -994 -996 -979 -989 -992 -996 -852 -989 -998 -985 -999  107   12 -976    0  -38   11  377 -111 -993 -111  -20 -987   47 -433 -997 -997  655 -998    0

 Match results (draw <= 50): 

    Player Name           total  W  L  D   1  2  3  4  5  6  7  8  9 10 11 12 13 14 15 16 17 18 19 20 21 22 23 24 25 26 27 28 29 30 31 32 33 34 35 36 37 38 39 40 41 42
  1 Iocaine Powder          69  28  0 13   1  2  2  2  2  1  1  1  1  2  1  2  2  2  1  1  2  2  1  1  2  1  1  1  2  2  2  2  2  2  2  2  2  2  2  1  2  2  2  2  2  2
  2 MegaHAL                 67  28  2 11   0  1  1  2  2  1  1  0  1  1  1  2  2  1  1  2  2  2  1  2  2  1  2  1  2  2  2  2  2  2  2  2  2  2  2  2  2  2  2  2  2  2
  3 Phasenbott              66  26  1 14   0  1  1  1  2  1  1  1  2  1  1  2  1  1  1  2  2  2  1  2  2  1  1  1  2  2  2  2  2  2  2  2  2  2  2  2  2  2  2  2  2  2
  4 Biopic                  62  23  2 16   0  0  1  1  1  1  1  1  1  1  1  1  2  1  1  1  2  2  1  2  2  1  2  1  2  2  2  2  2  1  2  2  2  2  2  2  2  2  2  2  2  2
  5 RussRocker4             61  23  3 15   0  0  0  1  1  1  1  1  1  1  1  2  1  1  1  1  2  2  1  1  2  2  1  1  2  2  2  2  2  2  2  2  2  2  2  2  2  2  2  2  2  2
  6 Simple Modeller         61  21  1 19   1  1  1  1  1  1  1  1  1  0  1  2  1  1  1  1  1  2  1  1  2  1  2  1  2  2  2  2  1  2  2  2  2  2  2  2  2  2  2  2  2  2
  7 Bugbrain                60  19  0 22   1  1  1  1  1  1  1  1  1  1  1  1  1  1  1  1  2  2  1  1  2  2  2  1  1  2  2  1  1  2  2  2  2  2  1  2  2  2  2  2  2  2
  8 Shofar                  59  18  0 23   1  2  1  1  1  1  1  1  1  1  1  1  1  1  1  1  2  1  1  2  1  1  2  1  2  2  1  2  1  1  2  2  2  1  2  2  2  2  2  2  2  2
  9 ACT-R Lag2              58  19  2 20   1  1  0  1  1  1  1  1  1  1  1  2  2  1  1  2  2  1  0  1  2  2  1  1  2  2  1  1  1  2  1  2  1  2  2  2  2  2  2  2  2  2
 10 Yomi AI                 57  18  2 21   0  1  1  1  1  2  1  1  1  1  2  1  1  0  1  1  2  1  1  1  2  1  1  1  2  2  1  1  2  1  1  2  2  2  2  2  2  2  2  2  2  2
 11 Boom                    57  17  1 23   1  1  1  1  1  1  1  1  1  0  1  1  1  1  1  1  2  2  1  1  1  2  1  1  2  2  2  1  1  1  2  2  2  1  2  2  2  2  2  2  2  2
 12 Simple Predictor        54  21  8 12   0  0  0  1  0  0  1  1  0  1  1  1  1  0  1  2  1  2  0  2  1  1  2  1  2  2  2  2  1  2  2  2  2  2  2  2  2  2  2  2  2  2
 13 Robertot                54  17  4 20   0  0  1  0  1  1  1  1  0  1  1  1  1  1  1  2  1  2  1  1  2  2  1  1  1  2  2  1  1  1  1  2  2  2  2  2  2  2  2  2  2  2
 14 Vroomfondel             54  14  1 26   0  1  1  1  1  1  1  1  1  2  1  2  1  1  1  1  1  2  1  1  1  1  1  1  2  2  2  1  1  1  1  2  1  1  1  2  2  2  2  2  2  2
 15 Majikthise              53  13  1 27   1  1  1  1  1  1  1  1  1  1  1  1  1  1  1  1  2  1  1  1  1  1  1  1  2  2  1  1  1  1  0  2  1  2  2  2  2  2  2  2  2  2
 16 Piedra                  49  15  7 19   1  0  0  1  1  1  1  1  0  1  1  0  0  1  1  1  0  0  1  1  1  1  1  1  2  1  2  1  1  2  2  2  2  2  2  2  2  2  2  2  2  2
 17 Marble                  48  19 12 10   0  0  0  0  0  1  0  0  0  0  0  1  1  1  0  2  1  1  0  2  1  2  1  1  2  2  2  1  2  1  2  2  2  2  2  2  2  2  2  2  2  2
 18 ZQ Bot                  48  18 11 12   0  0  0  0  0  0  0  1  1  1  0  0  0  0  1  2  1  1  1  1  1  2  1  1  2  2  2  1  1  2  2  2  2  2  2  2  2  2  2  2  2  2
 19 * De Bruijn             47   7  1 33   1  1  1  1  1  1  1  1  2  1  1  2  1  1  1  1  2  1  1  1  2  2  2  1  1  1  1  1  1  1  1  1  1  1  1  1  1  2  1  1  1  0
 20 * Anti-rotn             47  12  6 23   1  0  0  0  1  1  1  0  1  1  1  0  1  1  1  1  0  1  1  1  1  1  1  1  2  2  1  1  1  1  1  1  2  2  2  2  2  2  2  2  2  2
 21 Granite                 47  17 11 13   0  0  0  0  0  0  0  1  0  0  1  1  0  1  1  1  1  1  0  1  1  1  1  1  2  2  2  1  2  2  2  2  2  2  2  2  2  2  2  2  2  2
 22 Sweet Rocky             47  15  9 17   1  1  1  1  0  1  0  1  0  1  0  1  0  1  1  1  0  0  0  1  1  1  0  1  1  2  2  1  1  2  2  2  2  2  2  2  2  2  2  2  2  2
 23 Mixed Strategy          46  12  7 22   1  0  1  0  1  0  0  0  1  1  1  0  1  1  1  1  1  1  0  1  1  2  1  1  1  1  2  1  1  1  1  2  2  1  2  2  2  2  2  2  2  2
 24 * Pi                    41   1  1 39   1  1  1  1  1  1  1  1  1  1  1  1  1  1  1  1  1  1  1  1  1  1  1  1  1  1  1  1  2  1  1  1  1  1  0  1  1  1  1  1  1  1
 25 Inocencio               39  16 18  7   0  0  0  0  0  0  1  0  0  0  0  0  1  0  0  0  0  0  1  0  0  1  1  1  1  2  2  2  2  1  2  2  2  2  2  2  2  2  2  2  2  2
 26 Multi-strategy          34  14 21  6   0  0  0  0  0  0  0  0  0  0  0  0  0  0  0  1  0  0  1  0  0  0  1  1  0  1  2  2  2  1  2  1  2  2  2  2  2  2  2  2  2  2
 27 Peterbot                32  10 19 12   0  0  0  0  0  0  0  1  1  1  0  0  0  0  1  0  0  0  1  1  0  0  0  1  0  0  1  2  1  1  1  1  2  2  1  2  2  2  2  2  2  2
 28 * Copy-drift            30   0 11 30   0  0  0  0  0  0  1  0  1  1  1  0  1  1  1  1  1  1  1  1  1  1  1  1  0  0  0  1  1  1  1  1  1  1  1  1  1  1  1  1  1  1
 29 * Foxtrot               29   0 12 29   0  0  0  0  0  1  1  1  1  0  1  1  1  1  1  1  0  1  1  1  0  1  1  0  0  0  1  1  1  1  1  1  0  1  1  1  1  1  1  1  1  1
 30 * Add-drift             28   0 13 28   0  0  0  1  0  0  0  1  0  1  1  0  1  1  1  0  1  0  1  1  0  0  1  1  1  1  1  1  1  1  0  1  1  1  1  1  1  1  1  1  1  1
 31 * Add-react             27   3 17 21   0  0  0  0  0  0  0  0  1  1  0  0  1  1  2  0  0  0  1  1  0  0  1  1  0  0  1  1  1  2  1  1  1  1  1  1  1  1  1  1  1  2
 32 Knucklehead             24   5 22 14   0  0  0  0  0  0  0  0  0  0  0  0  0  0  0  0  0  0  1  1  0  0  0  1  0  1  1  1  1  1  1  1  2  1  1  1  1  2  2  1  2  2
 33 Beat The Last Move      21   6 26  9   0  0  0  0  0  0  0  0  1  0  0  0  0  1  1  0  0  0  1  0  0  0  0  1  0  0  0  1  2  1  1  0  1  0  2  0  0  2  2  2  1  2
 34 * Flat                  21   2 22 17   0  0  0  0  0  0  0  1  0  0  1  0  0  1  0  0  0  0  1  0  0  0  1  1  0  0  0  1  1  1  1  1  2  1  1  1  1  2  1  1  1  0
 35 * Text                  18   2 25 14   0  0  0  0  0  0  1  0  0  0  0  0  0  1  0  0  0  0  1  0  0  0  0  2  0  0  1  1  1  1  1  1  0  1  1  1  1  0  0  1  1  2
 36 * Switch A Lot          18   1 24 16   1  0  0  0  0  0  0  0  0  0  0  0  0  0  0  0  0  0  1  0  0  0  0  1  0  0  0  1  1  1  1  1  2  1  1  1  1  1  1  1  1  1
 37 Always Switchin'        17   1 25 15   0  0  0  0  0  0  0  0  0  0  0  0  0  0  0  0  0  0  1  0  0  0  0  1  0  0  0  1  1  1  1  1  2  1  1  1  1  1  1  1  1  1
 38 Beat Frequent Pick      16   4 29  8   0  0  0  0  0  0  0  0  0  0  0  0  0  0  0  0  0  0  0  0  0  0  0  1  0  0  0  1  1  1  1  0  0  0  2  1  1  1  2  2  1  2
 39 Good Ole Rock           16   3 28 10   0  0  0  0  0  0  0  0  0  0  0  0  0  0  0  0  0  0  1  0  0  0  0  1  0  0  0  1  1  1  1  0  0  1  2  1  1  0  1  2  1  2
 40 R-P-S 20-20-60          14   1 28 12   0  0  0  0  0  0  0  0  0  0  0  0  0  0  0  0  0  0  1  0  0  0  0  1  0  0  0  1  1  1  1  1  0  1  1  1  1  0  0  1  1  2
 41 Rotate R-P-S            14   0 27 14   0  0  0  0  0  0  0  0  0  0  0  0  0  0  0  0  0  0  1  0  0  0  0  1  0  0  0  1  1  1  1  0  1  1  1  1  1  1  1  1  1  0
 42 * Anti-Flat             12   3 32  6   0  0  0  0  0  0  0  0  0  0  0  0  0  0  0  0  0  0  2  0  0  0  0  1  0  0  0  1  1  1  0  0  0  2  0  1  1  0  0  0  2  1


   Yomi AI is match ranked 10

 Tournament results:
    Player Name          total 
  1 Yomi AI               5325 
 15 * Anti-rotn           5407 
 19 Iocaine Powder       10759 
 20 Phasenbott            9900 
 21 MegaHAL               9325 
 22 RussRocker4           7556 
 23 Biopic                8765 
 24 Simple Modeller       9328 
 25 Simple Predictor      7201 
 26 Robertot              7553 
 27 Boom                  7045 
 28 Shofar                6296 
 29 ACT-R Lag2            6463 
 32 Granite               6606 
 33 Marble                6465 
 34 ZQ Bot                6193 
 35 Sweet Rocky           6198 
 36 Piedra                6366 
 41 Bugbrain              6347 

   Yomi is tournament ranked 19

