 Playing 1 tournaments with 1000 trials per match...

 Yomi AI            vs Good Ole Rock       Match: 1000 (1000+   0-   0=)
 Yomi AI            vs R-P-S 20-20-60      Match:  238 (465+ 227- 308=)
 Yomi AI            vs Rotate R-P-S        Match:  653 (700+  47- 253=)
 Yomi AI            vs Beat The Last Move  Match:  105 (384+ 279- 337=)
 Yomi AI            vs Always Switchin'    Match:  141 (413+ 272- 315=)
 Yomi AI            vs Beat Frequent Pick  Match:  386 (579+ 193- 228=)
 Yomi AI            vs * Pi                Match:  -15 (339+ 354- 307=)
 Yomi AI            vs * Switch A Lot      Match:  108 (401+ 293- 306=)
 Yomi AI            vs * Flat              Match:   86 (392+ 306- 302=)
 Yomi AI            vs * Anti-Flat         Match:  999 (999+   0-   1=)
 Yomi AI            vs * Foxtrot           Match:  249 (474+ 225- 301=)
 Yomi AI            vs * De Bruijn         Match:  -10 (314+ 324- 362=)
 Yomi AI            vs * Text              Match:   91 (384+ 293- 323=)
 Yomi AI            vs * Anti-rotn         Match:    4 (341+ 337- 322=)
 Yomi AI            vs * Copy-drift        Match:   37 (357+ 320- 323=)
 Yomi AI            vs * Add-react         Match:   73 (382+ 309- 309=)
 Yomi AI            vs * Add-drift         Match:   10 (343+ 333- 324=)
 Yomi AI            vs Iocaine Powder      Match:    2 (333+ 331- 336=)
 Yomi AI            vs Phasenbott          Match:   10 (336+ 326- 338=)
 Yomi AI            vs MegaHAL             Match:   17 (353+ 336- 311=)
 Yomi AI            vs RussRocker4         Match:   15 (357+ 342- 301=)
 Yomi AI            vs Biopic              Match:   19 (350+ 331- 319=)
 Yomi AI            vs Simple Modeller     Match:   41 (357+ 316- 327=)
 Yomi AI            vs Simple Predictor    Match:   94 (385+ 291- 324=)
 Yomi AI            vs Robertot            Match:    1 (339+ 338- 323=)
 Yomi AI            vs Boom                Match:   43 (361+ 318- 321=)
 Yomi AI            vs Shofar              Match:    3 (330+ 327- 343=)
 Yomi AI            vs ACT-R Lag2          Match:    1 (338+ 337- 325=)
 Yomi AI            vs Majikthise          Match:   -6 (334+ 340- 326=)
 Yomi AI            vs Vroomfondel         Match:   29 (362+ 333- 305=)
 Yomi AI            vs Granite             Match:   46 (386+ 340- 274=)
 Yomi AI            vs Marble              Match:   41 (359+ 318- 323=)
 Yomi AI            vs ZQ Bot              Match:   35 (370+ 335- 295=)
 Yomi AI            vs Sweet Rocky         Match:   54 (362+ 308- 330=)
 Yomi AI            vs Piedra              Match:   39 (361+ 322- 317=)
 Yomi AI            vs Mixed Strategy      Match:   22 (355+ 333- 312=)
 Yomi AI            vs Multi-strategy      Match:  149 (415+ 266- 319=)
 Yomi AI            vs Inocencio           Match:   67 (367+ 300- 333=)
 Yomi AI            vs Peterbot            Match:  -18 (329+ 347- 324=)
 Yomi AI            vs Bugbrain            Match:   -4 (352+ 356- 292=)
 Yomi AI            vs Knucklehead         Match:  405 (563+ 158- 279=)
 Final results (draw value = 50):

 Tournament results: 

    Player Name          total     1    2    3    4    5    6    7    8    9   10   11   12   13   14   15   16   17   18   19   20   21   22   23   24   25   26   27   28   29   30   31   32   33   34   35   36   37   38   39   40   41   42
  1 Iocaine Powder       10810     0  108   79   44   19  535  159   36   48  231  272  -12  274   42   81   23   40   47   -2   75  -28   20  300  180   49  -49   98  121  356  193  582  126  354   70  904  215  371  905  985  987 1000  972
  2 Phasenbott            9913  -108    0   42   11  -20  545  149   31   46  237  230  -14  260   13   15    9   60   97  -10   35   38   12  272  168   32    6  122   87  314   75  418   75  343   57  962  212  184  930  989  994  996  999
  3 MegaHAL               9511   -79  -42    0   47    6  108   79   40   70  247  281  -34  245  -18   44    5   43   46  -17   32   14  -38  208  214  -37   -2  154   33  116   96  360  133  300  214  908  444  394  925  990  990  999  993
  4 Biopic                8768   -44  -11  -47    0   -2  -24  118   18    5  103  118    8  105   -5   33   26   69   21  -19  -61  -18  -37  292  223   15  -11  -41  -27  411  172  528  162   56  213  898  318  413  809  994  995  996  996
  5 Simple Modeller       8335   -19   20   -6    2    0  -11  301   27   28  103  114  -15  294   12    6   39   71   63  -41   69  -25    2  181  134  -68  -20  210  242   13   60  285  144  105  210  329  478  422  593  992  992  999 1000
  6 RussRocker4           8247  -535 -545 -108   24   11    0  128   23   34  152  168   -8  161   -2   34   23   46   -8  -15   35  -39    0  340  793  -66   18   80  116  138  112  509   44  359  154  949  240  318  585  994  991  999  995
  7 Simple Predictor      7597  -159 -149  -79 -118 -301 -128    0   -1  -16   35   -1  -34  172   46   21   40   32  -47  -94   72   -6   -4  191  557  -62  -21  277  290   34  112  250  149  132  174  865  424  386  592  985  989  993  999
  8 Boom                  7340   -36  -31  -40  -18  -27  -23    1    0   32   72   -4   -1   69  -33   40   20   62  -32  -43   60  -24  -23  229   77   61   11   81   14  -30   93  412  140  109  289  244  439  425  753  991  990  997  994
  9 Robertot              7160   -48  -46  -70   -5  -28  -34   16  -32    0  108   32  -27   83   15   33   10   61  -17   -1   72    5    2  203   37   12  -39   52   98   24   17  438  177   76   71  453  456  415  744  813  989  999  996
 10 Granite               6563  -231 -237 -247 -103 -103 -152  -35  -72 -108    0   21  -56   -5  -36   27   53   62 -114  -46    7  -43  -38  309  655  -53  -45  101  -18   12  192  324  178   88  179  906  224  390  593  994  995  999  996
 11 Marble                6505  -272 -230 -281 -118 -114 -168    1    4  -32  -21    0  -38   52  -48   25   50   58 -126  -41    5  -97  -10  340  632  -88  -27   14   19   32  157  325  177   81  138  896  226  410  594  991  990  999 1000
 12 Shofar                6354    12   14   34   -8   15    8   34    1   27   56   38    0   24   12   30   41   47  -10   -3   40   -2    0  134   45  -53   13   -2  111   42   -5  100  134   38  205   52  424  360  554  908  930  975  979
 13 ZQ Bot                6267  -274 -260 -245 -105 -294 -161 -172  -69  -83    5  -52  -24    0 -187   25   32   45  -46  -35   61  -56  -34  167  794  -71   -6   61   65   12  164  239  160  305  236  964  166  365  593  992  997  999  994
 14 Bugbrain              5791   -42  -13   18    5  -12    2  -46   33  -15   36   48  -12  187    0   15   32   30  -42    4   53  -20   17  137   74   27  -32   76   40  -19   39   84   60   99   83  158  233  191  433  939  944  977  970
 15 Sweet Rocky           5643   -81  -15  -44  -33   -6  -34  -21  -40  -33  -27  -25  -30  -25  -15    0   21   39  -34  -54  -32  -70  -41  124  -92  -46   22   26   16  -22  138  138  180  177   72  293  252  388  594  991  994 1000  998
 16 Piedra                5583   -23   -9   -5  -26  -39  -23  -40  -20  -10  -53  -50  -41  -32  -32  -21    0   46  -70  -39  -54  -27  -63   53  -56  -37  -17   44   44   -6  130  173  173  284  163  143  197  356  593  990  996  996  995
 17 * Anti-rotn           5444   -40  -60  -43  -69  -71  -46  -32  -62  -61  -62  -58  -47  -45  -30  -39  -46    0   15   -4  -35   34   -6  184  646  -71  -38   10    8  -23  215  127   61    7  335   41  487  181  596  494  998  996  997
 18 ACT-R Lag2            5424   -47  -97  -46  -21  -63    8   47   32   17  114  126   10   46   42   34   70  -15    0   -1   24  -18   -4  202   56  -79    8   16    4  -19   71  470   70   28  144    2  293  339  577    3  995 1000  986
 19 Yomi AI               5260     2   10   17   19   41   15   94   43    1   46   41    3   35   -4   54   39    4    1    0   22   29   -6  149   67  -10  -15   10   37  249   86  405   91   73  108  -18  141  238  386  105  653 1000  999
 20 Mixed Strategy        5226   -75  -35  -32   61  -69  -35  -72  -60  -72   -7   -5  -40  -61  -53   32   54   35  -24  -22    0  -33  -71   21   31  -53  -15   27   39  -51   26  137  175   94   72  331   75  426  548  963  977  994  993
 21 Vroomfondel           5053    28  -38  -14   18   25   39    6   24   -5   43   97    2   56   20   70   27  -34   18  -29   33    0  -37  173   43  -11   36   -1    5   43   93  244   36   -4  125   98  219  197  445  -13  992  993  991
 22 Majikthise            4910   -20  -12   38   37   -2    0    4   23   -2   38   10    0   34  -17   41   63    6    4    6   71   37    0  196   77   65   45   -4    0  -10   42  261   10   -5  114   26  242  131  422  -29  992  992  984
 23 Multi-strategy        2640  -300 -272 -208 -292 -181 -340 -191 -229 -203 -309 -340 -134 -167 -137 -124  -53 -184 -202 -149  -21 -173 -196    0  -86  -50  -20   -7  256  -44  168   39  123   22  269  500  473  413  999  997  997  999  997
 24 Inocencio              725  -180 -168 -214 -223 -134 -793 -557  -77  -37 -655 -632  -45 -794  -74   92   56 -646  -56  -67  -31  -43  -77   86    0  -12  -21  -40  105  252  117  245  160   64   79  163  208  421  364  948  979  981  981
 25 * De Bruijn            596   -49  -32   37  -15   68   66   62  -61  -12   53   88   53   71  -27   46   37   71   79   10   53   11  -65   50   12    0   -1  -20  -40    5   21   -9   23  -21   20  -18   -8    1  128   -1   21    0 -111
 26 * Pi                    42    49   -6    2   11   20  -18   21  -11   39   45   27  -13    6   32  -22   17   38   -8   15   15  -36  -45   20   21    1    0   34  -22  -41   -9  -18  -81  -45  -21   25   -8  -12   30   22  -11  -11  -10
 27 * Add-drift          -1509   -98 -122 -154   41 -210  -80 -277  -81  -52 -101  -14    2  -61  -76  -26  -44  -10  -16  -10  -27    1    4    7   40   20  -34    0   18  -24  -75  -13   -1   25   -4  -36    1   24   -7   11   13  -68    5
 28 * Copy-drift         -1719  -121  -87  -33   27 -242 -116 -290  -14  -98   18  -19 -111  -65  -40  -16  -44   -8   -4  -37  -39   -5    0 -256 -105   40   22  -18    0  -17   29  -29  -31   35  -26  -19  -16   15  -17   -4   28   -7    1
 29 * Foxtrot            -1781  -356 -314 -116 -411  -13 -138  -34   30  -24  -12  -32  -42  -12   19   22    6   23   19 -249   51  -43   10   44 -252   -5   41   24   17    0   26   64  -13  -30   -6  -19   41  -25   -2  -14  -23  -25   -8
 30 * Flat               -2849  -193  -75  -96 -172  -60 -112 -112  -93  -17 -192 -157    5 -164  -39 -138 -130 -215  -71  -86  -26  -93  -42 -168 -117  -21    9   75  -29  -26    0  -40  -28    1   -4 -214    2  -52  252  189    5    1 -406
 31 Knucklehead          -2943  -582 -418 -360 -528 -285 -509 -250 -412 -438 -324 -325 -100 -239  -84 -138 -173 -127 -470 -405 -137 -244 -261  -39 -245    9   18   13   29  -64   40    0   13   70   15    3   24   26  143  937  885  990  999
 32 * Text               -3237  -126  -75 -133 -162 -144  -44 -149 -140 -177 -178 -177 -134 -160  -60 -180 -173  -61  -70  -91 -175  -36  -10 -123 -160  -23   81    1   31   13   28  -13    0  -39  -32   25  -29    1 -185  -74  -11 -185  112
 33 * Add-react          -3317  -354 -343 -300  -56 -105 -359 -132 -109  -76  -88  -81  -38 -305  -99 -177 -284   -7  -28  -73  -94    4    5  -22  -64   21   45  -25  -35   30   -1  -70   39    0   -8  -52   15   10   13  -20  -59   -9  -26
 34 * Switch A Lot       -3532   -70  -57 -214 -213 -210 -154 -174 -289  -71 -179 -138 -205 -236  -83  -72 -163 -335 -144 -108  -72 -125 -114 -269  -79  -20   21    4   26    6    4  -15   32    8    0 -120  -26   43   11  285    0  -16   -1
 35 Peterbot             -5573  -904 -962 -908 -898 -329 -949 -865 -244 -453 -906 -896  -52 -964 -158 -293 -143  -41   -2   18 -331  -98  -26 -500 -163   18  -25   36   19   19  214   -3  -25   52  120    0  251  407  438  981  999  998  995
 36 Always Switchin'     -6782  -215 -212 -444 -318 -478 -240 -424 -439 -456 -224 -226 -424 -166 -233 -252 -197 -487 -293 -141  -75 -219 -242 -473 -208    8    8   -1   16  -41   -2  -24   29  -15   26 -251    0   12   14  488   16    9   12
 37 R-P-S 20-20-60       -9572  -371 -184 -394 -413 -422 -318 -386 -425 -415 -390 -410 -360 -365 -191 -388 -356 -181 -339 -238 -426 -197 -131 -413 -421   -1   12  -24  -15   25   52  -26   -1  -10  -43 -407  -12    0 -416 -140   -8 -440   16
 38 Beat Frequent Pick  -14133  -905 -930 -925 -809 -593 -585 -592 -753 -744 -593 -594 -554 -593 -433 -594 -593 -596 -577 -386 -548 -445 -422 -999 -364 -128  -30    7   17    2 -252 -143  185  -13  -11 -438  -14  416    0 -600    0  999  997
 39 Beat The Last Move  -19068  -985 -989 -990 -994 -992 -994 -985 -991 -813 -994 -991 -908 -992 -939 -991 -990 -494   -3 -105 -963   13   29 -997 -948    1  -22  -11    4   14 -189 -937   74   20 -285 -981 -488  140  600    0    1 1000  997
 40 Rotate R-P-S        -25860  -987 -994 -990 -995 -992 -991 -989 -990 -989 -995 -990 -930 -997 -944 -994 -996 -998 -995 -653 -977 -992 -992 -997 -979  -21   11  -13  -28   23   -5 -885   11   59    0 -999  -16    8    0   -1    0    0 -658
 41 Good Ole Rock       -26116  -1000 -996 -999 -996 -999 -999 -993 -997 -999 -999 -999 -975 -999 -977 -1000 -996 -996 -1000 -1000 -994 -993 -992 -999 -981    0   11   68    7   25   -1 -990  185    9   16 -998   -9  440 -999 -1000    0    0  998
 42 * Anti-Flat         -27716  -972 -999 -993 -996 -1000 -995 -999 -994 -996 -996 -1000 -979 -994 -970 -998 -995 -997 -986 -999 -993 -991 -984 -997 -981  111   10   -5   -1    8  406 -999 -112   26    1 -995  -12  -16 -997 -997  658 -998    0

 Match results (draw <= 50): 

    Player Name           total  W  L  D   1  2  3  4  5  6  7  8  9 10 11 12 13 14 15 16 17 18 19 20 21 22 23 24 25 26 27 28 29 30 31 32 33 34 35 36 37 38 39 40 41 42
  1 Iocaine Powder          68  27  0 14   1  2  1  2  1  1  1  1  2  1  1  1  1  1  2  2  1  1  2  2  1  2  2  2  1  2  2  2  2  2  2  2  2  2  2  2  2  2  2  2  2  2
  2 Phasenbott              65  25  1 15   0  1  1  1  1  1  1  1  2  1  1  1  1  2  2  1  1  1  2  2  2  2  1  2  1  2  2  2  2  2  2  2  2  2  2  2  2  2  2  2  2  2
  3 Simple Modeller         64  24  1 16   1  1  1  1  1  1  1  1  1  1  1  1  1  2  2  1  1  0  2  2  2  2  2  2  1  1  2  2  2  2  2  2  2  2  2  2  2  2  2  2  2  2
  4 MegaHAL                 63  23  1 17   0  1  1  1  1  1  2  1  2  1  1  1  1  1  2  1  1  1  2  2  1  2  1  2  1  2  1  2  2  2  2  2  2  2  2  2  2  2  2  2  2  2
  5 Boom                    62  21  0 20   1  1  1  1  1  1  1  1  1  1  1  1  1  1  1  1  1  2  1  2  2  2  2  2  1  1  1  2  2  2  2  2  2  2  2  2  2  2  2  2  2  2
  6 Biopic                  61  21  1 19   1  1  1  1  1  1  1  1  1  1  1  1  1  1  2  1  1  1  2  2  2  2  0  2  1  2  1  2  2  1  2  2  2  2  2  2  2  2  2  2  2  2
  7 Robertot                59  19  1 21   1  1  1  0  1  1  1  1  1  1  1  1  1  1  1  1  1  1  1  2  2  2  2  1  1  1  2  2  2  2  2  1  2  2  2  2  2  2  2  2  2  2
  8 Yomi AI                 58  17  0 24   1  1  1  1  1  1  1  1  1  1  1  1  1  1  2  2  1  1  1  1  1  1  1  2  1  2  1  2  1  1  2  2  2  2  2  2  2  2  2  2  2  2
  9 RussRocker4             58  21  4 16   0  0  1  0  1  1  1  1  1  1  1  1  1  1  2  1  1  0  2  2  1  2  1  2  1  2  2  2  2  2  2  2  2  2  1  2  2  2  2  2  2  2
 10 Bugbrain                58  17  0 24   1  1  1  1  1  1  1  1  1  1  1  1  1  1  1  1  1  1  1  1  1  2  2  2  1  1  1  2  2  2  2  1  2  2  2  2  2  2  2  2  2  2
 11 Vroomfondel             55  14  0 27   1  1  1  1  1  1  1  1  1  1  1  1  1  1  1  2  1  1  2  1  1  2  1  1  1  1  1  2  2  1  2  2  1  1  1  2  2  2  2  2  2  2
 12 Shofar                  54  14  1 26   1  1  1  1  1  1  1  1  1  1  1  1  1  1  1  1  1  0  1  2  1  1  1  1  1  1  2  2  2  1  2  1  2  1  2  2  2  2  2  2  2  2
 13 Majikthise              54  13  0 28   1  1  1  1  1  1  1  1  1  1  1  1  1  1  1  1  2  2  1  1  1  1  2  2  1  1  1  2  1  1  2  1  1  1  1  2  2  2  2  2  2  2
 14 ACT-R Lag2              53  15  3 23   1  0  0  1  1  1  1  1  1  1  1  1  1  1  1  1  2  0  2  2  1  1  1  2  1  1  1  2  1  1  2  2  1  1  2  2  2  2  2  2  2  2
 15 Simple Predictor        52  19  8 14   0  0  0  0  1  0  1  0  0  1  1  1  1  1  1  1  1  0  1  1  1  2  2  2  1  1  2  2  2  2  2  2  2  2  2  2  2  2  2  2  2  2
 16 Sweet Rocky             51  14  4 23   0  1  1  1  1  1  1  0  1  1  0  1  1  1  1  1  1  1  1  1  1  1  1  0  1  1  1  2  2  1  2  2  2  2  2  2  2  2  2  2  2  2
 17 Piedra                  50  14  5 22   1  1  1  1  1  1  1  1  1  1  1  1  0  0  1  1  1  1  1  0  1  1  0  0  1  1  1  2  2  1  2  2  2  2  2  2  2  2  2  2  2  2
 18 * De Bruijn             49  11  3 27   1  1  2  1  0  1  1  1  2  1  1  2  0  2  2  1  1  1  2  2  2  2  2  1  1  1  1  1  1  1  1  1  1  1  1  1  1  1  2  1  1  0
 19 Marble                  49  17  9 15   0  0  0  0  1  0  1  1  0  1  0  1  1  0  1  1  1  0  1  1  2  2  1  2  1  1  1  2  2  1  2  2  2  2  2  2  2  2  2  2  2  2
 20 Granite                 48  18 11 12   0  0  0  0  0  0  0  1  0  1  1  0  1  0  1  1  2  0  1  1  2  1  1  2  1  1  1  2  2  2  2  2  2  2  2  2  2  2  2  2  2  2
 21 * Anti-rotn             46  13  8 20   1  0  0  1  0  0  0  1  1  1  1  1  1  1  1  1  1  0  0  0  1  1  1  2  1  1  1  2  1  1  2  2  2  1  2  2  2  2  2  2  2  2
 22 ZQ Bot                  46  18 13 10   0  0  0  0  0  0  0  1  0  0  0  1  1  1  0  1  1  0  0  1  1  1  2  2  1  1  2  2  2  2  2  2  2  2  2  2  2  2  2  2  2  2
 23 Mixed Strategy          45  14 10 17   0  1  0  1  0  2  0  1  1  0  1  1  0  1  0  1  2  0  1  1  1  0  1  1  1  0  1  1  2  1  2  1  2  2  2  2  2  2  2  2  2  2
 24 Inocencio               43  18 16  7   0  0  0  0  0  0  1  0  0  0  1  1  0  0  0  2  2  1  0  0  0  0  1  1  1  2  2  2  2  1  2  2  2  2  2  2  2  2  2  2  2  2
 25 * Pi                    40   0  1 40   1  1  1  1  1  1  1  1  1  1  1  1  1  1  1  1  1  1  1  1  1  1  1  1  1  1  1  1  1  1  1  1  1  1  0  1  1  1  1  1  1  1
 26 * Foxtrot               36   2  7 32   0  0  1  0  1  0  1  0  0  1  1  1  1  1  1  1  1  1  1  1  1  1  2  0  1  1  1  1  1  1  2  1  1  1  1  1  1  1  1  1  1  1
 27 * Copy-drift            31   0 10 31   0  0  0  1  1  1  0  1  0  1  1  0  1  1  0  1  1  1  1  1  1  0  1  0  1  1  1  0  1  1  1  1  1  1  1  1  1  1  1  1  1  1
 28 Multi-strategy          31  12 22  7   0  0  0  0  0  0  0  0  0  0  0  0  0  0  0  0  0  1  0  0  0  0  1  0  1  1  2  1  2  1  1  2  2  1  2  2  2  2  2  2  2  2
 29 Peterbot                31  10 20 11   0  0  0  0  0  0  0  1  0  0  0  0  1  1  0  0  0  1  0  0  1  0  0  0  1  1  1  0  1  1  1  2  2  2  1  2  2  2  2  2  2  2
 30 * Add-drift             28   0 13 28   0  0  0  0  0  1  0  1  0  0  1  1  1  1  0  1  1  1  1  0  1  0  1  1  1  1  1  1  1  1  1  0  1  1  1  1  1  0  1  1  1  1
 31 Knucklehead             23   6 24 11   0  0  0  0  0  0  0  0  0  0  0  0  0  0  0  0  0  1  0  0  0  0  0  0  1  0  1  1  1  1  1  1  2  2  1  1  1  2  2  2  1  2
 32 * Flat                  22   3 22 16   0  0  0  0  0  0  1  0  0  1  0  1  1  0  0  0  0  1  0  0  0  0  1  0  1  1  1  0  0  2  1  1  2  1  1  1  1  1  2  1  0  0
 33 Beat The Last Move      20   5 26 10   0  0  0  0  0  0  0  0  0  0  1  0  1  1  0  0  0  1  0  0  0  0  0  0  1  1  1  0  0  1  0  0  1  1  2  0  0  2  2  1  2  2
 34 * Add-react             20   0 21 20   0  0  0  0  0  0  0  0  0  0  1  1  1  1  0  0  0  1  0  0  1  0  0  0  1  1  1  1  0  1  0  1  1  1  1  1  1  1  1  0  1  1
 35 * Text                  19   2 24 15   0  0  0  0  0  0  0  0  1  0  1  0  1  0  0  0  0  1  0  0  0  0  0  0  2  1  1  0  1  1  1  1  0  1  1  1  1  0  0  1  1  2
 36 * Switch A Lot          17   1 25 15   0  0  0  0  0  0  0  0  0  0  0  0  0  0  0  0  0  1  0  0  0  0  0  0  1  1  1  0  0  1  1  1  2  1  1  1  1  1  1  1  1  1
 37 Always Switchin'        17   1 25 15   0  0  0  0  0  0  0  0  0  0  0  0  0  0  0  0  0  1  0  0  0  0  0  0  1  1  1  0  0  1  1  1  2  1  1  1  1  1  1  1  1  1
 38 Good Ole Rock           17   4 28  9   0  0  0  0  0  0  0  0  0  0  0  0  0  0  0  0  0  1  0  0  0  0  0  0  1  1  1  0  0  2  0  1  0  1  2  1  1  1  0  1  2  2
 39 Beat Frequent Pick      16   4 29  8   0  0  0  0  0  0  0  0  0  0  0  0  0  0  0  0  0  0  0  0  0  0  0  0  1  1  1  0  0  1  0  0  0  1  2  1  1  2  1  1  2  2
 40 Rotate R-P-S            15   1 27 13   0  0  0  0  0  0  0  0  0  0  0  0  0  0  0  0  0  1  0  0  0  0  0  0  1  1  1  0  0  1  0  1  1  2  1  1  1  1  1  1  1  0
 41 R-P-S 20-20-60          14   1 28 12   0  0  0  0  0  0  0  0  0  0  0  0  0  0  0  0  0  1  0  0  0  0  0  0  1  1  1  0  0  1  1  2  0  1  1  1  1  0  0  1  1  1
 42 * Anti-Flat             14   3 30  8   0  0  0  0  0  0  0  0  0  0  0  0  0  0  0  0  0  2  0  0  0  0  0  0  1  1  1  0  0  1  0  2  0  1  0  1  1  0  0  2  1  1


   Yomi AI is match ranked 8

 Tournament results:
    Player Name          total 
  1 Yomi AI               5260 
 15 * Anti-rotn           5444 
 19 Iocaine Powder       10810 
 20 Phasenbott            9913 
 21 MegaHAL               9511 
 22 RussRocker4           8247 
 23 Biopic                8768 
 24 Simple Modeller       8335 
 25 Simple Predictor      7597 
 26 Robertot              7160 
 27 Boom                  7340 
 28 Shofar                6354 
 29 ACT-R Lag2            5424 
 32 Granite               6563 
 33 Marble                6505 
 34 ZQ Bot                6267 
 35 Sweet Rocky           5643 
 36 Piedra                5583 
 41 Bugbrain              5791 

   Yomi is tournament ranked 19

