 Playing 1 tournaments with 1000 trials per match...

 Yomi AI            vs Good Ole Rock       Match: 1000 (1000+   0-   0=)
 Yomi AI            vs R-P-S 20-20-60      Match:  318 (544+ 226- 230=)
 Yomi AI            vs Rotate R-P-S        Match:  995 (997+   2-   1=)
 Yomi AI            vs Beat The Last Move  Match:   46 (370+ 324- 306=)
 Yomi AI            vs Always Switchin'    Match:  281 (480+ 199- 321=)
 Yomi AI            vs Beat Frequent Pick  Match:  669 (802+ 133-  65=)
 Yomi AI            vs * Pi                Match:  -15 (334+ 349- 317=)
 Yomi AI            vs * Switch A Lot      Match:  136 (424+ 288- 288=)
 Yomi AI            vs * Flat              Match:   93 (402+ 309- 289=)
 Yomi AI            vs * Anti-Flat         Match:  999 (999+   0-   1=)
 Yomi AI            vs * Foxtrot           Match:  381 (587+ 206- 207=)
 Yomi AI            vs * De Bruijn         Match:   21 (332+ 311- 357=)
 Yomi AI            vs * Text              Match:  146 (430+ 284- 286=)
 Yomi AI            vs * Anti-rotn         Match:   43 (367+ 324- 309=)
 Yomi AI            vs * Copy-drift        Match:    1 (346+ 345- 309=)
 Yomi AI            vs * Add-react         Match:   89 (400+ 311- 289=)
 Yomi AI            vs * Add-drift         Match:   18 (360+ 342- 298=)
 Yomi AI            vs Iocaine Powder      Match:   35 (358+ 323- 319=)
 Yomi AI            vs Phasenbott          Match:   -5 (332+ 337- 331=)
 Yomi AI            vs MegaHAL             Match:   57 (372+ 315- 313=)
 Yomi AI            vs RussRocker4         Match:  -11 (334+ 345- 321=)
 Yomi AI            vs Biopic              Match:   -4 (361+ 365- 274=)
 Yomi AI            vs Simple Modeller     Match:   10 (332+ 322- 346=)
 Yomi AI            vs Simple Predictor    Match:   73 (392+ 319- 289=)
 Yomi AI            vs Robertot            Match:   24 (366+ 342- 292=)
 Yomi AI            vs Boom                Match:  -23 (320+ 343- 337=)
 Yomi AI            vs Shofar              Match:    7 (339+ 332- 329=)
 Yomi AI            vs ACT-R Lag2          Match:  -26 (328+ 354- 318=)
 Yomi AI            vs Majikthise          Match:  -30 (323+ 353- 324=)
 Yomi AI            vs Vroomfondel         Match:    7 (337+ 330- 333=)
 Yomi AI            vs Granite             Match:   79 (413+ 334- 253=)
 Yomi AI            vs Marble              Match:   75 (392+ 317- 291=)
 Yomi AI            vs ZQ Bot              Match:   73 (408+ 335- 257=)
 Yomi AI            vs Sweet Rocky         Match:   28 (380+ 352- 268=)
 Yomi AI            vs Piedra              Match:   62 (382+ 320- 298=)
 Yomi AI            vs Mixed Strategy      Match:   55 (383+ 328- 289=)
 Yomi AI            vs Multi-strategy      Match:  321 (540+ 219- 241=)
 Yomi AI            vs Inocencio           Match:   75 (409+ 334- 257=)
 Yomi AI            vs Peterbot            Match:   22 (348+ 326- 326=)
 Yomi AI            vs Bugbrain            Match:   31 (347+ 316- 337=)
 Yomi AI            vs Knucklehead         Match:  542 (697+ 155- 148=)
 Final results (draw value = 50):

 Tournament results: 

    Player Name          total     1    2    3    4    5    6    7    8    9   10   11   12   13   14   15   16   17   18   19   20   21   22   23   24   25   26   27   28   29   30   31   32   33   34   35   36   37   38   39   40   41   42
  1 Iocaine Powder       10639     0  125   26   36   12   12   35  535   62  250  -35  138   53  214    3   33   50  339   70   40    8   29  241   49  -49  202   89  356  191  567  193  263  126   70  199  887  366  905  997  988  992  972
  2 Phasenbott           10083  -125    0   33   64   16   26  122  523   35  234    5  148   35  222  -27   -1   45  276  111   60   18   48  258   32    6  195  156  314   82  400   75  357   75   57  170  998  140  930  985  992  994  999
  3 MegaHAL               9345   -26  -33    0   21  -12   38   25   76   28  227  -57   26   44  254   17    2  -57  258   43   43  -14    1  227  -37   -2  219  161  116   45  344   96  330  133  214  440  869  393  925  990  987  998  993
  4 Biopic                8933   -36  -64  -21    0  -15   37   35   -3   64  139    4   55   16  158   -9  -34   94  110   88   69   11  -11  241   15  -11  211  -27  411   19  532  172   53  162  213  335  736  392  809  996  995  996  996
  5 Simple Modeller       8395   -12  -16   12   15    0   40    8  -17   54  116  -10  281   32  117   -6    6   41  276  152   71  -16  -18  239  -68  -20   54  213   13  271  286   60   93  144  210  470  306  427  593  991  991  996 1000
  6 Boom                  8212   -12  -26  -38  -37  -40    0    4  -29   13  -38   23  -34   28   62  -16  -27  -40   60   16   62  -27  -31  260   61   11  909   63  -30   -7  442   93   82  140  289  483  413  410  753  991  987  995  994
  7 Robertot              7808   -35 -122  -25  -35   -8   -4    0   21    0   52  -24  -10   18   79   14    8  -29   98   25   61   39  -27  245   12  -39   19   -3   24   62  457   17   79  177   71  474 1000  408  744  980  994  995  996
  8 RussRocker4           7542  -535 -523  -76    3   17   29  -21    0   24  126   11  101   53  149  -17  -37   19  160   26   46  -14  -24  366  -66   18  148   87  138  114  509  112  335   44  154  265  915  321  585  993  993  999  995
  9 Piedra                7340   -62  -35  -28  -64  -54  -13    0  -24    0  -40  -62  -22  -53  -51  -45  -45  -31  -20    2   50  -28  -28   80  -37  -17  791  -22   -6   68  232  130  367  173  163  197  930  381  593  992  987  996  995
 10 Granite               6774  -250 -234 -227 -139 -116   38  -52 -126   40    0  -79  -50   24   15   -9  -49 -108    9   17   59  -16  -31  300  -53  -45  639   76   12   47  344  192   89  178  179  224  924  379  593  994  990 1000  996
 11 Yomi AI               6698    35   -5   57   -4   10  -23   24  -11   62   79    0   73   28   75    7   31  -26   73   55   43    7  -30  321   21  -15   75   18  381    1  542   93   89  146  136  281   22  318  669   46  995 1000  999
 12 Simple Predictor      6695  -138 -148  -26  -55 -281   34   10 -101   22   50  -73    0   46   34    8    8  -90  142    7   32  -27   -2  179  -62  -21   89  247   34  228  283  112  112  149  174  424  339  394  592  986  989  996  999
 13 Sweet Rocky           6662   -53  -35  -44  -16  -32  -28  -18  -53   53  -24  -28  -46    0  -60  -31  -19  -59  -27   47   41    1   14   88  -46   22  -51   34  -22   12  156  138  342  180   72  252  948  388  594  991  989  994  998
 14 Marble                6302  -214 -222 -254 -158 -117  -62  -79 -149   51  -15  -75  -34   60    0  -41  -70 -167   21   13   44  -73  -51  252  -88  -27  651  -14   32   19  319  157   80  177  138  226  954  434  594  994  996 1000 1000
 15 Shofar                6249    -3   27  -17    9    6   16  -14   17   45    9   -7   -8   31   41    0  -16   -1   28   32   29   30   18   98  -29   -4   49  -21   18  140  148    3   46  178  193  439   54  316  561  875  939  981  993
 16 Bugbrain              6149   -33    1   -2   34   -6   27   -8   37   45   49  -31   -8   19   70   16    0   -5  148   13   60  -21  -28   87   27  -32   64  121  -19   92  149   39   83   60   83  233  267  191  433  968  964  992  970
 17 ACT-R Lag2            5915   -50  -45   57  -94  -41   40   29  -19   31  108   26   90   59  167    1    5    0  116   47  -22    5   34  248  -79    8   84   12  -19   25  505   71   66   70  144  293  106  270  577   12  994  998  986
 18 ZQ Bot                5788  -339 -276 -258 -110 -276  -60  -98 -160   20   -9  -73 -142   27  -21  -28 -148 -116    0  -35   44  -87  -50  266  -71   -6  533   43   12   76  274  164  281  160  236  166  931  347  593  995  989 1000  994
 19 Mixed Strategy        5502   -70 -111  -43  -88 -152  -16  -25  -26   -2  -17  -55   -7  -47  -13  -32  -13  -47   35    0   20  -25  -38   60  -53  -15  745   57  -51   78  257   26   56  175   72   75   14  339  548  969  947  982  993
 20 * Anti-rotn           5294   -40  -60  -43  -69  -71  -62  -61  -46  -50  -59  -43  -32  -41  -44  -29  -60   22  -44  -20    0   -6  -11  242  -71  -38  519   10  -23    8   81  215    7   61  335  503   12  218  596  497  996  998  997
 21 Vroomfondel           4923    -8  -18   14  -11   16   27  -39   14   28   16   -7   27   -1   73  -30   21   -5   87   25    6    0    9  118  -11   36   70   -5   43   19  276   93   23   36  125  219   58  150  445   11  991  991  991
 22 Majikthise            4736   -29  -48   -1   11   18   31   27   24   28   31   30    2  -14   51  -18   28  -34   50   38   11   -9    0  223   65   45  113   -9  -10  -28  225   42   21   10  114  242  -20  149  422  -66  996  991  984
 23 Multi-strategy        1697  -241 -258 -227 -241 -239 -260 -245 -366  -80 -300 -321 -179  -88 -252  -98  -87 -248 -266  -60 -242 -118 -223    0  -50  -20  -92  -37  -44  224  -23  168    3  123  269  473  -62  415  999  997  997  999  997
 24 * De Bruijn            586   -49  -32   37  -15   68  -61  -12   66   37   53  -21   62   46   88   29  -27   79   71   53   71   11  -65   50    0   -1   12  -20    5  -40   -9   21  -21   23   20   32  -18    6  128   -1   21    0 -111
 25 * Pi                   128    49   -6    2   11   20  -11   39  -18   17   45   15   21  -22   27    4   32   -8    6   15   38  -36  -45   20    1    0   21   34  -41  -22  -18   -9  -45  -81  -21   66   25  -17   30   22  -11  -11  -10
 26 Inocencio             -241  -202 -195 -219 -211  -54 -909  -19 -148 -791 -639  -75  -89   51 -651  -49  -64  -84 -533 -745 -519  -70 -113   92  -12  -21    0  -21  252  139  169  117   68  160   79  208  194  411  364  943  984  980  981
 27 * Add-drift          -1310   -89 -156 -161   27 -213  -63    3  -87   22  -76  -18 -247  -34   14   21 -121  -12  -43  -57  -10    5    9   37   20  -34   21    0  -24   12   -9  -75   -5   -1   -4    2  -31    2   -7   -1   20   48    5
 28 * Foxtrot            -1720  -356 -314 -116 -411  -13   30  -24 -138    6  -12 -381  -34   22  -32  -18   19   19  -12   51   23  -43   10   44   -5   41 -252   24    0   17   64   26  -30  -13   -6   43  -19   21   -2   19   28   12   -8
 29 * Copy-drift         -2079  -191  -82  -45  -19 -271    7  -62 -114  -68  -47   -1 -228  -12  -19 -140  -92  -25  -76  -78   -8  -19   28 -224   40   22 -139  -12  -17    0 -100   29  -10  -31  -26   -3  -40    0  -17    1   23  -14    1
 30 Knucklehead          -2615  -567 -400 -344 -532 -286 -442 -457 -509 -232 -344 -542 -283 -156 -319 -148 -149 -505 -274 -257  -81 -276 -225   23    9   18 -169    9  -64  100    0   40   72   13   15   26  956   82  143  969  478  994  999
 31 * Flat               -2816  -193  -75  -96 -172  -60  -93  -17 -112 -130 -192  -93 -112 -138 -157   -3  -39  -71 -164  -26 -215  -93  -42 -168  -21    9 -117   75  -26  -29  -40    0    1  -28   -4  -24 -214  -19  252  213   24   -1 -406
 32 * Add-react          -3168  -263 -357 -330  -53  -93  -82  -79 -335 -367  -89  -89 -112 -342  -80  -46  -83  -66 -281  -56   -7  -23  -21   -3   21   45  -68    5   30   10  -72   -1    0   39   -8   13    1   51   13   34    0    2  -26
 33 * Text               -3356  -126  -75 -133 -162 -144 -140 -177  -44 -173 -178 -146 -149 -180 -177 -178  -60  -70 -160 -175  -61  -36  -10 -123  -23   81 -160    1   13   31  -13   28  -39    0  -32  -38   25  -10 -185  -74  -11 -185  112
 34 * Switch A Lot       -3532   -70  -57 -214 -213 -210 -289  -71 -154 -163 -179 -136 -174  -72 -138 -193  -83 -144 -236  -72 -335 -125 -114 -269  -20   21  -79    4    6   26  -15    4    8   32    0  -22 -120   35   11  282   12   -5   -1
 35 Always Switchin'     -7082  -199 -170 -440 -335 -470 -483 -474 -265 -197 -224 -281 -424 -252 -226 -439 -233 -293 -166  -75 -503 -219 -242 -473  -32  -66 -208   -2  -43    3  -26   24  -13   38   22    0 -251   47    8  493   -1    8    0
 36 Peterbot             -7299  -887 -998 -869 -736 -306 -413 -1000 -915 -930 -924  -22 -339 -948 -954  -54 -267 -106 -931  -14  -12  -58   20   62   18  -25 -194   31   19   40 -956  214   -1  -25  120  251    0  400  438  981  997  999  995
 37 R-P-S 20-20-60       -9428  -366 -140 -393 -392 -427 -410 -408 -321 -381 -379 -318 -394 -388 -434 -316 -191 -270 -347 -339 -218 -150 -149 -415   -6   17 -411   -2  -21    0  -82   19  -51   10  -35  -47 -400    0 -402 -143  -19 -405   96
 38 Beat Frequent Pick  -14431  -905 -930 -925 -809 -593 -753 -744 -585 -593 -593 -669 -592 -594 -594 -561 -433 -577 -593 -548 -596 -445 -422 -999 -128  -30 -364    7    2   17 -143 -252  -13  185  -11   -8 -438  402    0 -600    0  999  997
 39 Beat The Last Move  -19324  -997 -985 -990 -996 -991 -991 -980 -993 -992 -994  -46 -986 -991 -994 -875 -968  -12 -995 -969 -497  -11   66 -997    1  -22 -943    1  -19   -1 -969 -213  -34   74 -282 -493 -981  143  600    0    1 1000  997
 40 Rotate R-P-S        -25916  -988 -992 -987 -995 -991 -987 -994 -993 -987 -990 -995 -989 -989 -996 -939 -964 -994 -989 -947 -996 -991 -996 -997  -21   11 -984  -20  -28  -23 -478  -24    0   11  -12    1 -997   19    0   -1    0    0 -684
 41 Good Ole Rock       -26304  -992 -994 -998 -996 -996 -995 -995 -999 -996 -1000 -1000 -996 -994 -1000 -981 -992 -998 -1000 -982 -998 -991 -991 -999    0   11 -980  -48  -12   14 -994    1   -2  185    5   -8 -999  405 -999 -1000    0    0 1000
 42 * Anti-Flat         -27774  -972 -999 -993 -996 -1000 -994 -996 -995 -995 -996 -999 -999 -998 -1000 -993 -970 -986 -994 -993 -997 -991 -984 -997  111   10 -981   -5    8   -1 -999  406   26 -112    1    0 -995  -96 -997 -997  684 -1000    0

 Match results (draw <= 50): 

    Player Name           total  W  L  D   1  2  3  4  5  6  7  8  9 10 11 12 13 14 15 16 17 18 19 20 21 22 23 24 25 26 27 28 29 30 31 32 33 34 35 36 37 38 39 40 41 42
  1 Iocaine Powder          68  27  0 14   1  2  1  1  1  1  1  1  2  1  1  1  1  1  2  2  2  2  1  2  1  2  2  1  2  2  2  2  2  2  2  2  2  2  2  2  2  2  2  2  2  2
  2 Phasenbott              67  27  1 13   0  1  2  1  1  1  1  1  2  1  2  1  1  1  2  1  1  2  1  2  2  2  2  1  2  2  2  2  2  2  2  2  2  2  2  2  2  2  2  2  2  2
  3 Biopic                  64  24  1 16   1  0  1  1  1  1  1  1  1  2  1  1  1  1  2  1  2  2  1  2  2  2  2  1  2  2  2  1  2  1  2  2  2  2  2  2  2  2  2  2  2  2
  4 Simple Modeller         64  24  1 16   1  1  1  1  1  1  1  1  1  1  1  1  1  1  2  1  2  2  0  2  2  2  2  1  2  1  2  2  2  2  2  2  2  2  2  2  2  2  2  2  2  2
  5 Yomi AI                 62  21  0 20   1  1  1  1  1  1  2  1  1  1  1  1  1  1  2  1  2  2  1  2  1  2  2  1  2  2  1  1  2  1  2  2  2  1  2  2  2  2  2  2  2  2
  6 Boom                    61  20  0 21   1  1  1  1  1  1  1  1  1  1  1  1  1  1  1  1  1  1  2  1  2  2  2  1  2  1  2  2  2  1  2  2  2  2  2  2  2  2  2  2  2  2
  7 MegaHAL                 60  21  2 18   1  1  1  1  0  1  1  1  2  0  1  1  1  1  1  1  1  1  1  2  1  2  2  1  2  2  2  2  2  1  2  2  2  2  2  2  2  2  2  2  2  2
  8 Bugbrain                60  19  0 22   1  1  1  1  1  1  1  1  1  1  1  1  1  1  1  1  1  1  1  1  2  2  2  1  2  1  2  2  2  2  2  1  2  2  2  2  2  2  2  2  2  2
  9 RussRocker4             59  22  4 15   0  0  1  1  1  1  0  1  1  1  1  1  1  1  2  2  1  1  0  2  1  2  2  1  2  2  2  2  2  2  2  2  2  2  1  2  2  2  2  2  2  2
 10 ACT-R Lag2              59  20  2 19   1  1  0  1  1  1  2  1  1  1  1  1  1  1  2  2  1  1  0  2  1  2  2  1  2  1  2  1  2  1  2  2  2  1  2  2  2  2  2  2  2  2
 11 Robertot                58  18  1 22   1  0  1  1  1  1  1  1  1  1  1  1  1  1  1  1  1  1  1  2  2  2  2  1  1  1  2  1  2  2  2  1  2  2  2  2  2  2  2  2  2  2
 12 Vroomfondel             55  14  0 27   1  1  1  1  1  1  1  1  1  1  1  1  1  1  1  1  1  1  1  1  1  2  2  1  2  1  2  1  2  1  2  2  1  1  1  2  2  2  2  2  2  2
 13 Shofar                  54  13  0 28   1  1  1  1  1  1  1  1  1  1  1  1  1  1  1  1  1  1  1  1  1  1  1  1  1  1  2  1  2  2  2  1  1  2  2  2  2  2  2  2  2  2
 14 Majikthise              52  12  1 28   1  1  1  1  1  1  1  1  1  1  1  1  1  1  1  1  1  1  2  1  1  2  1  1  2  1  1  1  2  1  2  1  1  0  1  2  2  2  2  2  2  2
 15 Simple Predictor        51  18  8 15   0  0  0  0  0  1  1  1  0  0  1  1  1  1  1  1  1  1  0  1  1  1  2  1  2  1  2  2  2  2  2  2  2  2  2  2  2  2  2  2  2  2
 16 Sweet Rocky             51  15  5 21   0  1  1  1  1  1  1  1  0  0  1  1  1  1  1  1  2  1  1  1  1  0  1  1  0  1  2  1  2  1  2  2  2  2  2  2  2  2  2  2  2  2
 17 Piedra                  51  16  6 19   0  1  0  0  0  1  1  1  1  1  1  1  1  1  1  0  1  1  1  1  1  0  1  1  2  1  2  1  2  2  2  2  2  2  2  2  2  2  2  2  2  2
 18 Mixed Strategy          49  15  7 19   0  0  0  0  0  1  1  1  1  1  1  1  1  1  1  1  1  1  0  1  1  1  1  1  2  0  1  2  2  2  2  1  2  2  2  2  2  2  2  2  2  2
 19 * De Bruijn             48  10  3 28   1  1  1  2  1  0  1  1  2  2  1  1  1  0  2  1  1  2  1  2  2  2  2  1  1  1  1  1  1  1  1  1  1  1  1  1  1  2  1  1  0  1
 20 Granite                 48  17 10 14   0  0  0  0  0  1  0  1  0  0  0  1  1  1  1  1  1  1  0  1  2  1  1  1  2  1  2  2  2  1  2  2  2  2  2  2  2  2  2  2  2  2
 21 * Anti-rotn             46  13  8 20   1  0  0  0  1  0  1  0  1  1  0  1  1  1  1  1  1  1  0  0  1  1  1  1  2  1  1  1  2  1  2  2  1  2  2  2  2  2  2  2  2  2
 22 Marble                  44  17 14 10   0  0  0  0  0  0  0  0  0  0  0  0  1  0  1  2  2  1  0  1  1  1  1  1  2  1  2  1  2  1  2  2  2  2  2  2  2  2  2  2  2  2
 23 ZQ Bot                  43  16 14 11   0  0  0  0  0  0  0  0  0  0  0  0  1  1  0  1  1  1  0  1  1  1  1  1  2  1  2  1  2  2  2  2  2  2  2  2  2  2  2  2  2  2
 24 * Pi                    41   1  1 39   1  1  1  1  1  1  1  1  1  1  1  1  1  1  1  1  1  1  1  1  1  1  1  1  1  1  1  1  1  1  1  1  1  1  0  1  1  1  2  1  1  1
 25 Inocencio               39  17 19  5   0  0  0  0  0  0  0  0  0  0  1  0  1  0  0  2  0  0  1  0  0  0  0  1  1  2  2  1  2  2  2  2  2  2  2  2  2  2  2  2  2  2
 26 * Foxtrot               36   2  7 32   0  0  0  1  0  1  0  1  0  1  1  1  1  1  1  1  1  2  1  1  1  1  1  1  0  1  1  1  1  1  2  1  1  1  1  1  1  1  1  1  1  1
 27 Peterbot                31  10 20 11   0  0  0  0  1  0  0  0  0  0  0  0  0  1  0  0  0  1  1  0  1  0  0  1  0  1  1  1  2  1  0  2  1  2  1  2  2  2  2  2  2  2
 28 * Add-drift             30   0 11 30   0  0  1  0  1  0  0  0  0  1  1  1  1  1  0  1  1  0  1  0  1  1  1  1  1  1  1  1  1  1  1  0  1  1  1  1  1  1  1  1  1  1
 29 Multi-strategy          28  11 24  6   0  0  0  0  0  0  0  0  0  0  0  0  0  0  0  0  0  0  1  0  0  0  0  1  0  1  0  1  1  2  1  2  1  2  2  2  2  2  2  2  2  2
 30 * Copy-drift            27   0 14 27   0  0  1  0  1  1  1  0  0  1  0  1  0  1  0  1  0  0  1  1  1  1  0  1  0  1  1  1  0  1  0  1  1  1  1  1  1  1  1  1  1  1
 31 Knucklehead             26   9 24  8   0  0  0  0  0  0  0  0  0  0  0  0  0  0  0  0  0  0  1  0  0  0  0  1  0  0  2  1  1  2  1  1  2  2  1  1  2  2  1  2  2  2
 32 * Flat                  23   3 21 17   0  0  0  0  0  0  0  1  0  0  1  0  1  1  0  0  0  1  1  0  0  0  0  1  0  1  0  2  0  1  1  1  1  2  1  1  1  2  1  1  0  1
 33 * Add-react             22   1 20 20   0  0  0  0  0  0  0  0  0  0  0  1  1  1  0  0  0  0  1  0  1  0  0  1  0  1  1  1  1  1  0  1  1  1  1  1  1  1  1  1  1  2
 34 Beat The Last Move      22   6 25 10   0  0  0  0  1  0  0  0  0  1  0  1  0  2  0  0  0  0  1  0  0  0  0  1  0  1  0  1  0  1  0  0  1  1  2  0  2  2  0  1  2  2
 35 * Text                  19   2 24 15   0  0  0  0  0  0  0  0  1  0  0  1  0  1  0  0  0  0  1  0  0  0  0  2  0  1  1  1  0  1  1  1  1  0  1  1  0  0  1  1  2  1
 36 * Switch A Lot          17   1 25 15   0  0  0  0  0  0  0  0  0  0  0  0  0  0  0  0  0  0  1  0  0  0  0  1  0  1  0  1  0  1  1  1  1  2  1  1  1  1  1  1  1  1
 37 Good Ole Rock           16   3 28 10   0  0  0  0  0  0  0  0  0  0  0  0  0  0  0  0  0  0  1  0  0  0  0  1  0  1  0  1  0  1  0  1  1  0  2  1  1  0  1  1  2  2
 38 Beat Frequent Pick      16   4 29  8   0  0  0  0  0  0  0  0  0  0  0  0  0  0  0  0  0  0  0  0  0  0  0  1  0  1  0  1  0  1  0  0  1  0  2  1  2  1  1  1  2  2
 39 Always Switchin'        16   1 26 14   0  0  0  0  0  0  0  0  0  0  0  0  0  0  0  0  0  0  1  0  0  0  0  0  0  1  0  1  0  1  1  1  1  2  1  1  1  1  1  1  1  1
 40 Rotate R-P-S            14   0 27 14   0  0  0  0  0  0  0  0  0  0  0  0  0  0  0  0  0  0  1  0  0  0  0  1  0  1  0  1  0  1  0  1  1  1  1  1  1  1  1  1  0  1
 41 * Anti-Flat             13   3 31  7   0  0  0  0  0  0  0  0  0  0  0  0  0  0  0  0  0  0  2  0  0  0  0  1  0  1  0  1  0  1  0  2  1  0  0  1  0  0  1  2  1  0
 42 R-P-S 20-20-60          12   1 30 10   0  0  0  0  0  0  0  0  0  0  0  0  0  0  0  0  0  0  1  0  0  0  0  1  0  1  0  1  0  1  0  1  0  0  1  1  0  0  1  1  2  1


   Yomi AI is match ranked 5

 Tournament results:
    Player Name          total 
  1 Yomi AI               6698 
 19 Iocaine Powder       10639 
 20 Phasenbott           10083 
 21 MegaHAL               9345 
 22 RussRocker4           7542 
 23 Biopic                8933 
 24 Simple Modeller       8395 
 26 Robertot              7808 
 27 Boom                  8212 
 32 Granite               6774 
 36 Piedra                7340 

   Yomi is tournament ranked 11

