 Playing 1 tournaments with 1000 trials per match...

 Yomi AI            vs Good Ole Rock       Match: 1000 (1000+   0-   0=)
 Yomi AI            vs R-P-S 20-20-60      Match:  327 (547+ 220- 233=)
 Yomi AI            vs Rotate R-P-S        Match:  993 (996+   3-   1=)
 Yomi AI            vs Beat The Last Move  Match:  105 (397+ 292- 311=)
 Yomi AI            vs Always Switchin'    Match:  297 (484+ 187- 329=)
 Yomi AI            vs Beat Frequent Pick  Match:  717 (839+ 122-  39=)
 Yomi AI            vs * Pi                Match:  -26 (329+ 355- 316=)
 Yomi AI            vs * Switch A Lot      Match:  145 (428+ 283- 289=)
 Yomi AI            vs * Flat              Match:  106 (410+ 304- 286=)
 Yomi AI            vs * Anti-Flat         Match:  999 (999+   0-   1=)
 Yomi AI            vs * Foxtrot           Match:  388 (593+ 205- 202=)
 Yomi AI            vs * De Bruijn         Match:   42 (335+ 293- 372=)
 Yomi AI            vs * Text              Match:  156 (435+ 279- 286=)
 Yomi AI            vs * Anti-rotn         Match:   32 (359+ 327- 314=)
 Yomi AI            vs * Copy-drift        Match:  -25 (310+ 335- 355=)
 Yomi AI            vs * Add-react         Match:    6 (338+ 332- 330=)
 Yomi AI            vs * Add-drift         Match:    2 (329+ 327- 344=)
 Yomi AI            vs Iocaine Powder      Match:  -16 (335+ 351- 314=)
 Yomi AI            vs Phasenbott          Match:  -27 (333+ 360- 307=)
 Yomi AI            vs MegaHAL             Match:   25 (361+ 336- 303=)
 Yomi AI            vs RussRocker4         Match:  -12 (326+ 338- 336=)
 Yomi AI            vs Biopic              Match:    7 (342+ 335- 323=)
 Yomi AI            vs Simple Modeller     Match:    8 (343+ 335- 322=)
 Yomi AI            vs Simple Predictor    Match:   87 (404+ 317- 279=)
 Yomi AI            vs Robertot            Match:   30 (377+ 347- 276=)
 Yomi AI            vs Boom                Match:   18 (347+ 329- 324=)
 Yomi AI            vs Shofar              Match:    4 (337+ 333- 330=)
 Yomi AI            vs ACT-R Lag2          Match:    0 (340+ 340- 320=)
 Yomi AI            vs Majikthise          Match:  -25 (318+ 343- 339=)
 Yomi AI            vs Vroomfondel         Match:   41 (349+ 308- 343=)
 Yomi AI            vs Granite             Match:  123 (462+ 339- 199=)
 Yomi AI            vs Marble              Match:   94 (436+ 342- 222=)
 Yomi AI            vs ZQ Bot              Match:   65 (411+ 346- 243=)
 Yomi AI            vs Sweet Rocky         Match:   80 (390+ 310- 300=)
 Yomi AI            vs Piedra              Match:   66 (404+ 338- 258=)
 Yomi AI            vs Mixed Strategy      Match:   28 (365+ 337- 298=)
 Yomi AI            vs Multi-strategy      Match:  423 (614+ 191- 195=)
 Yomi AI            vs Inocencio           Match:  723 (837+ 114-  49=)
 Yomi AI            vs Peterbot            Match:  175 (463+ 288- 249=)
 Yomi AI            vs Bugbrain            Match:   -2 (339+ 341- 320=)
 Yomi AI            vs Knucklehead         Match:  490 (650+ 160- 190=)
 Final results (draw value = 50):

 Tournament results: 

    Player Name          total     1    2    3    4    5    6    7    8    9   10   11   12   13   14   15   16   17   18   19   20   21   22   23   24   25   26   27   28   29   30   31   32   33   34   35   36   37   38   39   40   41   42
  1 Iocaine Powder       10821     0   30   98   50   67  518   35   16   86   31  215   -4   51  263  244  336   35   33   61    7  -29   20  158  198   52    0  128  217  359  333  168   57  122  568  857  182  392  908  988  988  992  991
  2 Phasenbott           10111   -30    0   54    6   51  520   28   27   70   41  116   39   -4  203  226  250   30  103   51   50    0   11  212  212   49   -8  139  128  384  315   71   92   68  389  908  223  183  944  983  992  995  990
  3 MegaHAL               9400   -98  -54    0    2    4   91   16  -25  -18   53   58   11  -48  247  232  265   30   20   50   85    9    0  188  336  -32   -4  171   29   35  284   77  216  142  393  875  446  399  941  989  989 1000  996
  4 Simple Modeller       9174   -50   -6   -2    0  -34  -14   76   -8    2    5  268    3   27  122  113  294   45   79   40  133   -7   38  235  173  -25  -14  228  253    0  106   30  218  153  275  926  478  439  592  993  992  999  999
  5 Biopic                8521   -67  -51   -4   34    0  -72   23   -7   94    9   70   -4    9  125  138  121   28   35   47   53  -33   37  255  268  -40  -31  -11   88  429   36  160  127  152  502  750  292  374  617  989  992  998  989
  6 RussRocker4           7789  -518 -520  -91   14   72    0   12   12   -9   40   84   33    8  150  157  159   18   35   44   74    0  -20  148  275  -19  -21  160  116  158  334  139  116  112  471  903  251  331  588  988  991  999  995
  7 Robertot              7711   -35  -28  -16  -76  -23  -12    0  -30  -36  -11   69   14   29   34   68  136   44   81   44   47  -22  -16   -9  217  -30   -6   26   85    9   72   42   84  182  438  679  479  402  823  964  995  998 1000
  8 Yomi AI               7669   -16  -27   25    8    7  -12   30    0    0   18   87    4   -2   94  123   65   66   80   32   28   41  -25  723  423   42  -26    2  -25  388    6  106  145  156  490  175  297  327  717  105  993 1000  999
  9 ACT-R Lag2            7547   -86  -70   18   -2  -94    9   36    0    0   38   82   29   51  157  105   76   25   41   52   31    5   11  729  337  -65    3   24   72   10   75  147  165   82  499   56  255  298  584  778  993  998  993
 10 Boom                  7397   -31  -41  -53   -5   -9  -40   11  -18  -38    0  -39   -9    3   66   53   44   60   48   32   47  -38   18   80  358   21  -37   29   31   63  101   94  179  135  357  423  425  358  753  982  990  997  997
 11 Simple Predictor      6546  -215 -116  -58 -268  -70  -84  -69  -87  -82   39    0   22   20   54   36  192   32   74   47   21  -57  -56   55  179  -79  -14  289  250  -20  113   68  178  149  289  317  434  408  588  986  989  996  996
 12 Shofar                6208     4  -39  -11   -3    4  -33  -14   -4  -29    9  -22    0  -35   58   53   83   62   71   33   35  -62   16   26   79    9   -1   18   89   54   63   16  184  164  124  103  446  341  564  901  912  958  982
 13 Bugbrain              5883   -51    4   48  -27   -9   -8  -29    2  -51   -3  -20   35    0   75   82  167   43   24   29   39   -3   -3   38  120   12   34  101   35  -28   96   49   62   16  187   93  226  193  419  957  960  982  987
 14 Marble                5826  -263 -203 -247 -122 -125 -150  -34  -94 -157  -66  -54  -58  -75    0    3  -23   12   -6   43   -1   -8  -33    8  236  -97  -14   65   64   83   80  178  175  178  325  936  258  443  592  990  995 1000  992
 15 Granite               5612  -244 -226 -232 -113 -138 -157  -68 -123 -105  -53  -36  -53  -82   -3    0    1   62   22   63    7  -25  -15  -16  178  -71   18   23   63   24   97  193  123  181  234  908  204  386  594  996  995 1000 1000
 16 ZQ Bot                5582  -336 -250 -265 -294 -121 -159 -136  -65  -76  -44 -192  -83 -167   23   -1    0   82   62   45   34  -47  -41   23  284  -16  -46   71  100    7  230  203  201  169  232  919  329  338  593  996  988  996  996
 17 Piedra                5575   -35  -30  -30  -45  -28  -18  -44  -66  -25  -60  -32  -62  -43  -12  -62  -82    0  -16   67  -17  -33  -12  -29  157  -36  -26   10  -23    4  198  198  161  160  181  135  220  384  592  991  991  994  998
 18 Sweet Rocky           5372   -33 -103  -20  -79  -35  -35  -81  -80  -41  -48  -74  -71  -24    6  -22  -62   16    0   60  -21  -28  -49  -70   78  -34  -26   77   49   -3  106  130  163  167  204  201  203  396  593 1000  989  996  977
 19 * Anti-rotn           5222   -61  -51  -50  -40  -47  -44  -44  -32  -52  -32  -47  -33  -29  -43  -63  -45  -67  -60    0  -34   -7  -30   22  242  -61  -50   16   43  -13   -1  251  312   50   72  498  504  172  597  492  999  997  991
 20 Mixed Strategy        5088    -7  -50  -85 -133  -53  -74  -47  -28  -31  -47  -21  -35  -39    1   -7  -34   17   21   34    0  -31   -5   11   37  -41  -12   59   10    7   58  127   -3  170  242  312   45  317  488  971  963  997  984
 21 Vroomfondel           5017    29    0   -9    7   33    0   22  -41   -5   38   57   62    3    8   25   47   33   28    7   31    0   59   41  156  -44   25   13   26   14   41   77  105   41  206   20  238  176  460   14  991  992  991
 22 Majikthise            4722   -20  -11    0  -38  -37   20   16   25  -11  -18   56  -16    3   33   15   41   12   49   30    5  -59    0   -7  189   -1    4   -7   66    8  -20   45  111   32  247   95  321  143  459  -31  986  994  993
 23 Inocencio             3212  -158 -212 -188 -235 -255 -148    9 -723 -729  -80  -55  -26  -38   -8   16  -23   29   70  -22  -11  -41    7    0   75  -38  -43   -8   89  327   74   81   49  148  220  182  250  404  359  920  984  985  975
 24 Multi-strategy        2400  -198 -212 -336 -173 -268 -275 -217 -423 -337 -358 -179  -79 -120 -236 -178 -284 -157  -78 -242  -37 -156 -189  -75    0  -50  -20   15  246   20   10  178  304  123    5  500  468  418  999  997  997  999  998
 25 * De Bruijn            554   -52  -49   32   25   40   19   30  -42   65  -21   79   -9  -12   97   71   16   36   34   61   41   44    1   38   50    0   -1  -13    5    4    0   -8  -25   23    0  -19  -57    7  128   -1   21    0 -104
 26 * Pi                    88     0    8    4   14   31   21    6   26   -3   37   14    1  -34   14  -18   46   26   26   50   12  -25   -4   43   20    1    0  -56    0    0  -49  -35   -1  -81  -20   32  -23  -13   30   22  -11  -11  -12
 27 * Add-drift          -1623  -128 -139 -171 -228   11 -160  -26   -2  -24  -29 -289  -18 -101  -65  -23  -71  -10  -77  -16  -59  -13    7    8  -15   13   56    0  -28    6    8  -19   16  -15  -13   34   19    1  -73    9    3  -21   19
 28 * Copy-drift         -2227  -217 -128  -29 -253  -88 -116  -85   25  -72  -31 -250  -89  -35  -64  -63 -100   23  -49  -43  -10  -26  -66  -89 -246   -5    0   28    0   24   37  -36   32   -1  -90  -55   21   -8  -29  -22  -39   -1   18
 29 * Foxtrot            -2306  -359 -384  -35    0 -429 -158   -9 -388  -10  -63   20  -54   28  -83  -24   -7   -4    3   13   -7  -14   -8 -327  -20   -4    0   -6  -24    0  -16  -12   -1   15   10  -30   15   59  -11   24    5   20  -31
 30 * Add-react          -2735  -333 -315 -284 -106  -36 -334  -72   -6  -75 -101 -113  -63  -96  -80  -97 -230 -198 -106    1  -58  -41   20  -74  -10    0   49   -8  -37   16    0   27  -27   -1  -90  -43    9   57    4    4  114   -3    1
 31 * Flat               -2903  -168  -71  -77  -30 -160 -139  -42 -106 -147  -94  -68  -16  -49 -178 -193 -203 -198 -130 -251 -127  -77  -45  -81 -178    8   35   19   36   12  -27    0  -72   26   -3 -203   20  -16  254  211   28   -1 -402
 32 * Switch A Lot       -3186   -57  -92 -216 -218 -127 -116  -84 -145 -165 -179 -178 -184  -62 -175 -123 -201 -161 -163 -312    3 -105 -111  -49 -304   25    1  -16  -32    1   27   72    0   61   -5 -106  -14   25   12  280  -28   -9   44
 33 * Text               -3360  -122  -68 -142 -153 -152 -112 -182 -156  -82 -135 -149 -164  -16 -178 -181 -169 -160 -167  -50 -170  -41  -32 -148 -123  -23   81   15    1  -15    1  -26  -61    0  -13   14   47   14 -185  -74  -11 -185  112
 34 Knucklehead          -3544  -568 -389 -393 -275 -502 -471 -438 -490 -499 -357 -289 -124 -187 -325 -234 -232 -181 -204  -72 -242 -206 -247 -220   -5    0   20   13   90  -10   90    3    5   13    0    1   29   95  114  848  319 1000  976
 35 Peterbot             -6335  -857 -908 -875 -926 -750 -903 -679 -175  -56 -423 -317 -103  -93 -936 -908 -919 -135 -201 -498 -312  -20  -95 -182 -500   19  -32  -34   55   30   43  203  106  -14   -1    0  248  405  435  981  999  998  995
 36 Always Switchin'     -7204  -182 -223 -446 -478 -292 -251 -479 -297 -255 -425 -434 -446 -226 -258 -204 -329 -220 -203 -504  -45 -238 -321 -250 -468   57   23  -19  -21  -15   -9  -20   14  -47  -29 -248    0   35   41  478   -3   12   21
 37 R-P-S 20-20-60       -9504  -392 -183 -399 -439 -374 -331 -402 -327 -298 -358 -408 -341 -193 -443 -386 -338 -384 -396 -172 -317 -176 -143 -404 -418   -7   13   -1    8  -59  -57   16  -25  -14  -95 -405  -35    0 -401 -146   -5 -373  104
 38 Beat Frequent Pick  -14287  -908 -944 -941 -592 -617 -588 -823 -717 -584 -753 -588 -564 -419 -592 -594 -593 -592 -593 -597 -488 -460 -459 -359 -999 -128  -30   73   29   11   -4 -254  -12  185 -114 -435  -41  401    0 -600    0  999  997
 39 Beat The Last Move  -19956  -988 -983 -989 -993 -989 -988 -964 -105 -778 -982 -986 -901 -957 -990 -996 -996 -991 -1000 -492 -971  -14   31 -920 -997    1  -22   -9   22  -24   -4 -211 -280   74 -848 -981 -478  146  600    0    1 1000  996
 40 Rotate R-P-S        -25765  -988 -992 -989 -992 -992 -991 -995 -993 -993 -990 -989 -912 -960 -995 -995 -988 -991 -989 -999 -963 -991 -986 -984 -997  -21   11   -3   39   -5 -114  -28   28   11 -319 -999    3    5    0   -1    0    0 -718
 41 Good Ole Rock       -26289  -992 -995 -1000 -999 -998 -999 -998 -1000 -998 -997 -996 -958 -982 -1000 -1000 -996 -994 -996 -997 -997 -992 -994 -985 -999    0   11   21    1  -20    3    1    9  185 -1000 -998  -12  373 -999 -1000    0    0  998
 42 * Anti-Flat         -27823  -991 -990 -996 -999 -989 -995 -1000 -999 -993 -997 -996 -982 -987 -992 -1000 -996 -998 -977 -991 -984 -991 -993 -975 -998  104   12  -19  -18   31   -1  402  -44 -112 -976 -995  -21 -104 -997 -996  718 -998    0

 Match results (draw <= 50): 

    Player Name           total  W  L  D   1  2  3  4  5  6  7  8  9 10 11 12 13 14 15 16 17 18 19 20 21 22 23 24 25 26 27 28 29 30 31 32 33 34 35 36 37 38 39 40 41 42
  1 Iocaine Powder          70  29  0 12   1  1  1  1  2  2  2  1  1  2  1  2  1  1  1  2  1  1  2  2  2  2  2  2  1  2  2  2  2  2  2  2  2  2  2  2  2  2  2  2  2  2
  2 Phasenbott              69  28  0 13   1  1  1  1  2  2  2  1  1  2  1  1  1  1  1  2  2  1  2  2  2  2  2  1  1  2  2  2  2  2  2  2  2  2  2  2  2  2  2  2  2  2
  3 Simple Modeller         64  23  0 18   1  1  1  1  1  1  1  1  1  1  2  1  1  1  1  2  2  2  2  2  1  2  2  1  1  1  2  2  2  2  2  2  2  1  2  2  2  2  2  2  2  2
  4 Yomi AI                 62  21  0 20   1  1  1  1  1  1  1  1  1  1  1  1  1  1  2  2  2  1  2  2  1  2  2  1  1  2  2  1  2  2  1  1  2  2  2  2  2  2  2  2  2  2
  5 MegaHAL                 62  23  2 16   0  0  1  1  1  2  1  1  2  1  1  1  1  1  1  2  1  2  2  2  1  2  2  1  1  1  2  2  2  2  2  1  2  2  2  2  2  2  2  2  2  2
  6 RussRocker4             62  24  3 14   0  0  1  1  0  1  2  1  1  1  1  1  1  1  1  2  1  2  2  2  1  2  2  1  1  2  2  2  2  2  2  2  2  2  2  2  2  2  2  2  2  2
  7 Biopic                  60  22  3 16   0  0  1  1  1  0  1  1  1  2  1  1  1  1  1  2  1  2  2  2  1  2  2  1  1  2  2  1  2  2  1  2  2  2  2  2  2  2  2  2  2  2
  8 Shofar                  60  20  1 20   1  1  1  1  1  1  1  1  1  1  1  1  0  1  2  1  2  1  2  1  1  2  2  1  1  2  2  1  2  2  2  2  2  1  2  2  2  2  2  2  2  2
  9 Boom                    59  19  1 21   1  1  1  1  0  1  1  1  1  1  1  1  1  1  2  1  1  1  1  2  1  2  2  1  1  2  2  1  2  2  2  1  2  2  2  2  2  2  2  2  2  2
 10 ACT-R Lag2              59  22  4 15   0  0  1  1  1  1  0  1  1  1  1  2  1  1  1  2  1  1  2  2  2  2  2  0  1  1  2  1  2  2  2  2  2  2  2  2  2  2  2  2  2  2
 11 Robertot                58  18  1 22   1  1  0  1  1  1  1  1  1  1  1  1  1  1  1  2  2  1  2  1  1  2  1  1  1  1  2  1  2  2  2  2  2  1  2  2  2  2  2  2  2  2
 12 Bugbrain                55  16  2 23   0  1  1  1  1  1  1  1  1  0  1  1  1  1  1  1  1  1  2  1  1  2  2  1  1  1  2  2  2  2  2  1  2  1  2  2  1  2  2  2  2  2
 13 Vroomfondel             54  13  0 28   1  1  1  1  1  1  1  2  1  1  1  1  1  2  1  2  1  1  1  1  1  1  1  1  1  1  2  1  1  2  1  1  2  2  1  2  1  2  2  2  2  2
 14 Majikthise              52  12  1 28   1  1  1  1  1  1  1  1  1  1  1  1  0  1  1  2  1  1  1  1  1  1  1  1  1  1  2  1  2  2  1  2  2  1  1  2  1  2  2  2  2  2
 15 Piedra                  51  15  5 21   1  1  1  0  1  1  1  0  0  1  1  1  1  1  1  1  1  1  0  1  2  0  1  1  1  1  2  1  2  2  2  1  2  2  2  2  2  2  2  2  2  2
 16 Simple Predictor        49  20 12  9   0  0  0  0  0  0  0  1  1  0  0  1  0  0  1  1  2  1  2  2  1  1  2  0  1  1  2  2  2  2  2  2  2  2  2  2  2  2  2  2  2  2
 17 Sweet Rocky             49  16  8 17   1  0  0  0  1  1  1  0  1  1  0  1  1  1  1  0  1  1  0  0  2  1  1  1  1  1  2  2  2  2  2  1  2  2  2  2  2  2  2  2  2  2
 18 Mixed Strategy          49  12  4 25   1  1  0  1  0  0  0  1  1  1  1  1  1  1  1  1  1  1  1  1  1  1  1  1  1  1  1  2  2  2  2  1  1  2  2  1  2  2  2  2  2  2
 19 ZQ Bot                  47  18 12 11   0  0  0  0  0  0  0  0  1  0  0  0  1  1  2  0  2  1  1  1  1  1  1  1  1  1  2  2  2  2  2  2  2  2  2  2  2  2  2  2  2  2
 20 Inocencio               47  16 10 15   0  0  0  0  0  0  0  1  0  0  1  1  1  1  1  0  2  1  1  1  1  1  1  1  1  2  2  1  2  2  2  2  1  2  2  2  2  2  2  2  2  2
 21 * Anti-rotn             46  12  7 22   0  0  1  1  1  1  1  1  1  0  1  1  1  1  0  1  0  1  1  1  1  0  1  0  1  1  2  1  2  2  1  1  2  2  2  2  1  2  2  2  2  2
 22 Granite                 45  17 13 11   0  0  0  0  0  0  0  0  0  0  0  0  1  1  2  1  1  1  1  1  2  1  1  0  1  1  2  1  2  2  2  2  2  2  2  2  2  2  2  2  2  2
 23 Marble                  45  17 13 11   0  0  0  0  0  0  0  0  0  0  1  0  1  1  1  0  1  1  1  1  1  1  1  0  1  2  2  2  2  2  2  2  2  2  2  2  2  2  2  2  2  2
 24 * De Bruijn             44   6  3 32   0  1  1  1  1  1  1  1  1  2  1  1  1  1  1  2  1  1  1  1  2  2  2  1  1  1  1  1  1  1  1  1  1  1  1  0  1  2  1  1  0  1
 25 * Pi                    39   0  2 39   1  1  1  1  1  1  1  1  1  1  1  1  1  1  1  1  1  1  1  1  1  1  1  1  1  1  1  0  1  1  1  1  1  1  1  1  0  1  1  1  1  1
 26 * Foxtrot               33   1  9 31   0  0  1  0  1  0  0  0  0  1  1  1  1  1  1  1  1  1  1  0  1  1  0  1  1  1  1  1  1  1  1  1  1  1  1  1  1  1  1  1  1  2
 27 Multi-strategy          31  12 22  7   0  0  0  0  0  0  0  0  0  0  0  0  0  0  0  0  0  1  0  0  0  0  0  1  1  1  1  1  2  1  1  2  2  2  2  2  2  2  2  2  2  2
 28 * Add-drift             30   1 12 28   0  0  0  1  0  0  1  1  1  1  1  0  1  1  1  0  0  0  0  1  1  1  0  1  2  1  1  1  1  1  1  1  1  1  1  1  1  0  1  1  1  1
 29 Peterbot                28  10 23  8   0  0  0  0  0  0  0  0  0  0  0  0  1  0  0  0  0  0  0  0  0  0  0  1  1  1  0  1  1  1  1  2  2  2  2  2  1  2  2  2  2  2
 30 Knucklehead             26   8 23 10   0  0  0  0  0  0  0  0  0  0  0  0  0  0  0  0  0  0  0  0  0  0  0  1  1  1  1  1  1  1  2  2  1  1  2  1  1  2  2  2  2  2
 31 * Add-react             24   2 19 20   0  0  0  1  0  0  1  0  0  0  0  0  1  1  0  0  0  0  0  0  1  0  0  1  1  1  1  1  1  0  1  1  1  1  1  1  1  1  1  2  1  2
 32 * Copy-drift            24   0 17 24   0  0  0  1  1  0  0  0  1  0  0  1  1  0  1  0  1  1  0  0  1  0  0  1  1  1  0  1  0  0  1  1  1  1  1  1  1  1  1  1  1  1
 33 * Switch A Lot          21   3 23 15   0  0  0  0  0  0  0  0  0  0  0  0  0  0  0  0  0  1  0  1  0  0  0  1  1  1  0  1  0  1  1  1  1  2  2  1  2  1  1  1  1  1
 34 * Flat                  21   2 22 17   0  0  1  0  0  0  0  1  0  0  1  1  0  1  0  0  0  0  0  0  0  0  0  1  1  1  0  1  0  1  1  1  0  1  2  1  1  2  1  1  0  1
 35 Beat The Last Move      19   5 27  9   0  0  0  0  0  0  0  0  0  0  0  0  1  1  0  0  0  0  0  0  0  0  0  1  1  1  0  1  0  0  1  1  0  0  1  0  2  2  2  1  2  2
 36 Always Switchin'        19   2 24 15   0  0  0  0  0  0  0  0  0  0  0  0  0  0  0  0  0  1  0  0  0  0  0  2  1  1  0  1  0  1  1  1  1  1  2  1  1  1  1  1  1  1
 37 * Text                  19   2 24 15   0  0  0  0  0  0  0  0  0  0  0  1  1  1  0  0  0  0  0  0  1  0  0  1  2  1  0  1  1  1  1  1  0  1  0  1  1  0  0  1  2  1
 38 Beat Frequent Pick      17   5 29  7   0  0  0  0  0  0  0  0  0  0  0  0  0  0  0  0  0  0  0  0  0  0  0  0  1  1  0  2  0  0  1  1  1  0  0  1  2  1  2  1  2  2
 39 Good Ole Rock           16   3 28 10   0  0  0  0  0  0  0  0  0  0  0  0  0  0  0  0  0  0  0  0  0  0  0  1  1  1  0  1  0  0  1  1  1  1  0  1  2  0  1  1  2  2
 40 Rotate R-P-S            13   0 28 13   0  0  0  0  0  0  0  0  0  0  0  0  0  0  0  0  0  0  0  0  0  0  0  1  1  1  0  1  0  0  0  1  1  1  1  1  1  1  1  1  0  1
 41 * Anti-Flat             13   3 31  7   0  0  0  0  0  0  0  0  0  0  0  0  0  0  0  0  0  0  0  0  0  0  0  2  1  1  0  1  0  0  1  1  1  2  0  1  0  0  0  2  1  0
 42 R-P-S 20-20-60          11   1 31  9   0  0  0  0  0  0  0  0  0  0  0  0  0  0  0  0  0  0  0  0  0  0  0  1  1  0  0  1  0  0  0  1  1  1  0  1  1  0  0  1  2  1


   Yomi AI is match ranked 4

 Tournament results:
    Player Name          total 
  1 Yomi AI               7669 
 19 Iocaine Powder       10821 
 20 Phasenbott           10111 
 21 MegaHAL               9400 
 22 RussRocker4           7789 
 23 Biopic                8521 
 24 Simple Modeller       9174 
 26 Robertot              7711 

   Yomi is tournament ranked 8

