 Playing 1 tournaments with 1000 trials per match...

 Yomi AI            vs Good Ole Rock       Match: 1000 (1000+   0-   0=)
 Yomi AI            vs R-P-S 20-20-60      Match:   63 (344+ 281- 375=)
 Yomi AI            vs Rotate R-P-S        Match:   57 (319+ 262- 419=)
 Yomi AI            vs Beat The Last Move  Match:   12 (328+ 316- 356=)
 Yomi AI            vs Always Switchin'    Match:   61 (368+ 307- 325=)
 Yomi AI            vs Beat Frequent Pick  Match:   99 (361+ 262- 377=)
 Yomi AI            vs * Pi                Match:  -12 (337+ 349- 314=)
 Yomi AI            vs * Switch A Lot      Match:   71 (377+ 306- 317=)
 Yomi AI            vs * Flat              Match:   -3 (331+ 334- 335=)
 Yomi AI            vs * Anti-Flat         Match: 1000 (1000+   0-   0=)
 Yomi AI            vs * Foxtrot           Match:  -14 (321+ 335- 344=)
 Yomi AI            vs * De Bruijn         Match:  -25 (308+ 333- 359=)
 Yomi AI            vs * Text              Match:    0 (336+ 336- 328=)
 Yomi AI            vs * Anti-rotn         Match:   13 (349+ 336- 315=)
 Yomi AI            vs * Copy-drift        Match:   20 (345+ 325- 330=)
 Yomi AI            vs * Add-react         Match:  -64 (304+ 368- 328=)
 Yomi AI            vs * Add-drift         Match:   -4 (325+ 329- 346=)
 Yomi AI            vs Iocaine Powder      Match:    1 (337+ 336- 327=)
 Yomi AI            vs Phasenbott          Match:  -34 (312+ 346- 342=)
 Yomi AI            vs MegaHAL             Match:   29 (347+ 318- 335=)
 Yomi AI            vs RussRocker4         Match:   45 (347+ 302- 351=)
 Yomi AI            vs Biopic              Match:   17 (355+ 338- 307=)
 Yomi AI            vs Simple Modeller     Match:    3 (338+ 335- 327=)
 Yomi AI            vs Simple Predictor    Match:   34 (352+ 318- 330=)
 Yomi AI            vs Robertot            Match:  -35 (310+ 345- 345=)
 Yomi AI            vs Boom                Match:  -24 (319+ 343- 338=)
 Yomi AI            vs Shofar              Match:   49 (363+ 314- 323=)
 Yomi AI            vs ACT-R Lag2          Match:  -19 (321+ 340- 339=)
 Yomi AI            vs Majikthise          Match:   10 (329+ 319- 352=)
 Yomi AI            vs Vroomfondel         Match:    8 (331+ 323- 346=)
 Yomi AI            vs Granite             Match:   23 (343+ 320- 337=)
 Yomi AI            vs Marble              Match:   46 (383+ 337- 280=)
 Yomi AI            vs ZQ Bot              Match:   15 (351+ 336- 313=)
 Yomi AI            vs Sweet Rocky         Match:   59 (365+ 306- 329=)
 Yomi AI            vs Piedra              Match:   -3 (312+ 315- 373=)
 Yomi AI            vs Mixed Strategy      Match:   36 (344+ 308- 348=)
 Yomi AI            vs Multi-strategy      Match:   27 (351+ 324- 325=)
 Yomi AI            vs Inocencio           Match:   30 (341+ 311- 348=)
 Yomi AI            vs Peterbot            Match:   -2 (328+ 330- 342=)
 Yomi AI            vs Bugbrain            Match:  -11 (318+ 329- 353=)
 Yomi AI            vs Knucklehead         Match:   71 (355+ 284- 361=)
 Final results (draw value = 50):

 Tournament results: 

    Player Name          total     1    2    3    4    5    6    7    8    9   10   11   12   13   14   15   16   17   18   19   20   21   22   23   24   25   26   27   28   29   30   31   32   33   34   35   36   37   38   39   40   41   42
  1 Iocaine Powder       11153     0   83  224   47   32  537  192   35   -6  287   45  246   45    9  213   43   14   44  135   24   59   -1  217   59  -23  216  366  215  165  171  156   79  327  538  900  151  407  945  984  993  989  991
  2 MegaHAL               9943   -83    0  -78  -73   27   38   65   18   -5  249   -9  268   51   -3  280   31   -8   91   47  -16   18  -29  170  -34  -49  951   46  175   73  123  133  211  298  376  891  410  363  953  990  990  998  996
  3 Phasenbott            9553  -224   78    0   13   24  543   87   46   39  274   76  216   44  -34  213   35   33   47   54   48   65   34  240   21  -17  107  371  159  128   64   61   11  317  348  898  186   82  913  988  993  995  977
  4 Simple Modeller       9239   -47   73  -13    0   14    2  279   26  -15  315  -33   99    1    9   76   23   52   42    4  -29  -14   -3  202   13  -10  504  -45  253  255  111  118  244  100  271  917  463  421  592  992  990  997  990
  5 Biopic                8245   -32  -27  -24  -14    0   25   34   -3  -15   90   53  102   52  -53  123   21    5   46   81  -51  -29  -17  243   -8   14  196  402   66   76  165  143  148   74  488  694  306  385  507  988  995  998  998
  6 RussRocker4           7977  -537  -38 -543   -2  -25    0   76   33   15  166   -4  178   40   -5  120    0   -8   62   39    5  -91  -45  258  -20   10  785  173  139  170  119   84   80  333  463  895  225  247  599  993  995  998  995
  7 Simple Predictor      7812  -192  -65  -87 -279  -34  -76    0   19   -9  194  -50  -12   76   15   55   34    9   73   89  -30  -20  -34  220  -79  -14  795  -17  291  259  121  166  255  134  282  325  448  394  592  986  989  995  994
  8 Boom                  7708   -35  -18  -46  -26    3  -33  -19    0   44   66  -17   39   54  -14   73   11  -28   49   42  -25   -5   24  265   11  -56   21   27   41   73   14  116  242   92  457  813  433  364  753  924  990  995  994
  9 Robertot              7537     6    5  -39   15   15  -15    9  -44    0   83  -19    2   70   26   55   54   47   27   79  -15  -48   35  202  -15  -16   20   28  -39   54   25  162  102   64  387  666  427  341  830  963  991 1000  997
 10 ZQ Bot                6603  -287 -249 -274 -315  -90 -166 -194  -66  -83    0  -56  -47   69  -12   32   71 -195   69   62  -55  -47  -15  245  -62  -26  784   24  122   24  209  148  135  398  324  908  252  401  596  991  990  994  994
 11 ACT-R Lag2            6595   -45    9  -76   33  -53    4   50   17   19   56    0  113   32    5  160   74   22   30   98   24   16   19  286  -69   -4   43  -38    0    8   81   69  147   96  473  229  238  335  571  540  995  998  990
 12 Granite               6551  -246 -268 -216  -99 -102 -178   12  -39   -2   47 -113    0   26  -27    2   16  -91   65  -26  -49  -59  -23  309  -18  -36  636   20  -41   58  117  181  154   92  250  925  254  440  592  994  995  999 1000
 13 Sweet Rocky           6519   -45  -51  -44   -1  -52  -40  -76  -54  -70  -69  -32  -26    0  -37  -35    7  -44   16  -30  -25  -44  -59  111  -44  -13  -14   26   85   69  184  159  145  217  201  919  323  399  596  989  988  998  992
 14 Shofar                6165    -9    3   34   -9   53    5  -15   14  -26   12   -5   27   37    0   50   45  -40   36   -5  -18    5  -49  130  -29  -17   63  -19    3   55   86   85  104   88  287  157  440  230  554  889  947  991  976
 15 Marble                6125  -213 -280 -213  -76 -123 -120  -55  -73  -55  -32 -160   -2   35  -50    0   40  -91   42   33  -39   -8  -46  495  -55  -20   17   52   42   82  190  179  140   93  302  922  188  407  593  996  993 1000  995
 16 Piedra                6099   -43  -31  -35  -23  -21    0  -34  -11  -54  -71  -74  -16   -7  -45  -40    0   -6   50   -1  -35  -19    3   76  -13    9  -35  -62  -22    3  121  166  217  307  195  266  385  433  591  988  990  998  999
 17 Bugbrain              6022   -14    8  -33  -52   -5    8   -9   28  -47  195  -22   91   44   40   91    6    0   51   50  -32  -17   11   46   10    8   67   25  152   31    6   52  115   89  144  141  251  220  405  980  904  987  997
 18 * Anti-rotn           5677   -44  -91  -47  -42  -46  -62  -73  -49  -27  -69  -30  -65  -16  -36  -42  -50  -51    0   24    0  -16  -13  263  -43  -39  580  -32  -39    5  174   61  275  -54   53   66  491  172  598 1000  997  997  997
 19 Mixed Strategy        5337  -135  -47  -54   -4  -81  -39  -89  -42  -79  -62  -98   26   30    5  -33    1  -50  -24    0  -27   12  -36   48  -32  -63  718  -32  -47   26   -3  190   65   43  191  124  166  402  455  967  960  996  989
 20 Majikthise            4685   -24   16  -48   29   51   -5   30   25   15   55  -24   49   25   18   39   35   32    0   27    0  -15  -10  181  -23    9   18  -33  -19   15   49   46   96  -12  245   35  213  182  430  -40  990  997  986
 21 Vroomfondel           4620   -59  -18  -65   14   29   91   20    5   48   47  -16   59   44   -5    8   19   17   16  -12   15    0   -8  239  -24   34   55    5  -21  -26   56   30  112   12  165  -20  225  155  439  -49  995  993  996
 22 Yomi AI               2649     1   29  -34    3   17   45   34  -24  -35   15  -19   23   59   49   46   -3  -11   13   36   10    8    0   27  -25  -12   30  -14   -4   20   -3    0   71  -64   71   -2   61   63   99   12   57 1000 1000
 23 Multi-strategy        2037  -217 -170 -240 -202 -243 -258 -220 -265 -202 -245 -286 -309 -111 -130 -495  -76  -46 -263  -48 -181 -239  -27    0  -50  -20 -115   13   17  233  155  123  237   85   -5  -22  499  369  999  997  997  999  999
 24 * De Bruijn            529   -59   34  -21  -13    8   20   79  -11   15   62   69   18   44   29   55   13  -10   43   32   23   24   25   50    0   -1  -14   38  -21   -9   -6   23  -44  -20   30  -13   36  -42  128   -1   21    0 -105
 25 * Pi                   320    23   49   17   10  -14  -10   14   56   16   26    4   36   13   17   20   -9   -8   39   63   -9  -34   12   20    1    0   25   20  -13   10   24  -81  -34  -14   29   14   -5  -23   30   22  -11  -11  -14
 26 Inocencio             -592  -216 -951 -107 -504 -196 -785 -795  -21  -20 -784  -43 -636   14  -63  -17   35  -67 -580 -718  -18  -55  -30  115   14  -25    0  262    3  117  108  154   84   37  145   91  278  389  355  905  980  978  975
 27 * Foxtrot            -1559  -366  -46 -371   45 -402 -173   17  -27  -28  -24   38  -20  -26   19  -52   62  -25   32   32   33   -5   14  -13  -38  -20 -262    0   28   24  -31  -37   21  -16   -8  -36   11   44  -17    0   28    9   27
 28 * Add-drift          -1686  -215 -175 -159 -253  -66 -139 -291  -41   39 -122    0   41  -85   -3  -42   22 -152   39   47   19   21    4  -17   21   13   -3  -28    0   -6  -17  -37  -38 -106  -19  -25   -5   24    3   22   16    1   26
 29 * Copy-drift         -2056  -165  -73 -128 -255  -76 -170 -259  -73  -54  -24   -8  -58  -69  -55  -82   -3  -31   -5  -26  -15   26  -20 -233    9  -10 -117  -24    6    0   17   14    9   26 -104  -43   -9  -36    1   33   -5   20   13
 30 * Flat               -2549  -171 -123  -64 -111 -165 -119 -121  -14  -25 -209  -81 -117 -184  -86 -190 -121   -6 -174    3  -49  -56    3 -155    6  -24 -108   31   17  -17    0   16   19  -27  -35 -174   32   17  260  221  -38    1 -411
 31 * Text               -3094  -156 -133  -61 -118 -143  -84 -166 -116 -162 -148  -69 -181 -159  -85 -179 -166  -52  -61 -190  -46  -30    0 -123  -23   81 -154   37   37  -14  -16    0  -41   -8  -32   28  -30   12 -185  -74  -11 -185  112
 32 * Switch A Lot       -3113   -79 -211  -11 -244 -148  -80 -255 -242 -102 -135 -147 -154 -145 -104 -140 -217 -115 -275  -65  -96 -112  -71 -237   44   34  -84  -21   38   -9  -19   41    0   40    2 -139    8   -8   46  310  -22   17   -6
 33 * Add-react          -3141  -327 -298 -317 -100  -74 -333 -134  -92  -64 -398  -96  -92 -217  -88  -93 -307  -89   54  -43   12  -12   64  -85   20   14  -37   16  106  -26   27    8  -40    0  -20  -32   16   14  -19   28  -60  -10  -17
 34 Knucklehead          -3468  -538 -376 -348 -271 -488 -463 -282 -457 -387 -324 -473 -250 -201 -287 -302 -195 -144  -53 -191 -245 -165  -71    5  -30  -29 -145    8   19  104   35   32   -2   20    0   22   -6   42  135  877    3  953 1000
 35 Peterbot             -6287  -900 -891 -898 -917 -694 -895 -325 -813 -666 -908 -229 -925 -919 -157 -922 -266 -141  -66 -124  -35   20    2   22   13  -14  -91   36   25   43  174  -28  139   32  -22    0  251  391  440  981  998  999  993
 36 Always Switchin'     -7051  -151 -410 -186 -463 -306 -225 -448 -433 -427 -252 -238 -254 -323 -440 -188 -385 -251 -491 -166 -213 -225  -61 -499  -36    5 -278  -11    5    9  -32   30   -8  -16    6 -251    0  -21   14  491   23   44   10
 37 R-P-S 20-20-60       -8605  -407 -363  -82 -421 -385 -247 -394 -364 -341 -401 -335 -440 -399 -230 -407 -433 -220 -172 -402 -182 -155  -63 -369   42   23 -389  -44  -24   36  -17  -12    8  -14  -42 -391   21    0 -385 -173   12 -391  347
 38 Beat Frequent Pick  -13613  -945 -953 -913 -592 -507 -599 -592 -753 -830 -596 -571 -592 -596 -554 -593 -591 -405 -598 -455 -430 -439  -99 -999 -128  -30 -355   17   -3   -1 -260  185  -46   19 -135 -440  -14  385    0 -600    0  999  996
 39 Beat The Last Move  -20107  -984 -990 -988 -992 -988 -993 -986 -924 -963 -991 -540 -994 -989 -889 -996 -988 -980 -1000 -967   40   49  -12 -997    1  -22 -905    0  -22  -33 -221   74 -310  -28 -877 -981 -491  173  600    0    1 1000  996
 40 Rotate R-P-S        -24345  -993 -990 -993 -990 -995 -995 -989 -990 -991 -990 -995 -995 -988 -947 -993 -990 -904 -997 -960 -990 -995  -57 -997  -21   11 -980  -28  -16    5   38   11   22   60   -3 -998  -23  -12    0   -1    0    0 -686
 41 Good Ole Rock       -26338  -989 -998 -995 -997 -998 -998 -995 -995 -1000 -994 -998 -999 -998 -991 -1000 -998 -987 -997 -996 -997 -993 -1000 -999    0   11 -978   -9   -1  -20   -1  185  -17   10 -953 -999  -44  391 -999 -1000    0    0  998
 42 * Anti-Flat         -28096  -991 -996 -977 -990 -998 -995 -994 -994 -997 -994 -990 -1000 -992 -976 -995 -999 -997 -997 -989 -986 -996 -1000 -999  105   14 -975  -27  -26  -13  411 -112    6   17 -1000 -993  -10 -347 -996 -996  686 -998    0

 Match results (draw <= 50): 

    Player Name           total  W  L  D   1  2  3  4  5  6  7  8  9 10 11 12 13 14 15 16 17 18 19 20 21 22 23 24 25 26 27 28 29 30 31 32 33 34 35 36 37 38 39 40 41 42
  1 Iocaine Powder          69  28  0 13   1  2  1  1  2  2  1  1  1  2  1  1  1  2  1  1  1  2  2  1  2  2  2  1  2  2  2  2  2  2  2  2  2  2  2  2  2  2  2  2  2  2
  2 Phasenbott              66  26  1 14   0  1  1  1  2  2  1  1  1  2  1  2  1  2  1  1  1  2  2  1  2  2  1  1  2  2  2  2  2  2  2  2  2  2  2  1  2  2  2  2  2  2
  3 Simple Modeller         64  23  0 18   1  1  1  1  2  1  1  1  2  2  1  1  1  1  1  1  1  2  2  1  2  1  1  1  2  1  2  2  2  2  2  2  2  2  2  2  2  2  2  2  2  2
  4 Biopic                  63  24  2 15   1  1  1  1  1  1  1  0  1  1  1  2  0  1  1  2  1  2  2  1  2  2  1  1  2  2  2  2  2  2  2  2  2  2  2  2  2  2  2  2  2  2
  5 MegaHAL                 61  23  3 15   0  0  0  1  1  1  1  1  1  2  1  1  1  1  1  2  1  2  2  2  2  1  1  1  2  1  2  2  2  2  2  2  2  2  2  2  2  2  2  2  2  2
  6 RussRocker4             61  23  3 15   0  0  1  1  1  1  1  1  1  2  1  1  1  0  1  1  1  2  2  2  2  1  1  1  2  2  2  2  2  2  2  2  2  2  2  2  2  2  2  2  2  2
  7 Robertot                60  19  0 22   1  1  1  1  1  1  1  1  1  1  1  1  1  1  2  2  1  1  2  1  2  2  1  1  1  1  2  1  2  2  2  1  2  2  2  2  2  2  2  2  2  2
  8 Shofar                  58  17  0 24   1  1  1  2  1  1  1  1  1  1  1  1  1  1  1  1  1  1  1  1  1  1  1  1  2  1  2  1  2  2  2  2  2  2  2  2  2  2  2  2  2  2
  9 Bugbrain                58  18  1 22   1  1  0  1  1  1  1  1  1  1  1  1  1  1  1  1  1  2  2  2  2  1  1  1  2  1  1  2  2  2  1  1  2  2  2  2  2  2  2  2  2  2
 10 Simple Predictor        57  22  6 13   0  0  0  1  0  0  1  1  1  1  1  1  1  1  1  2  1  1  2  2  2  2  0  1  2  1  2  2  2  2  2  2  2  2  2  2  2  2  2  2  2  2
 11 Boom                    57  17  1 23   1  1  1  1  1  1  1  1  1  1  1  1  1  1  1  2  1  1  2  1  2  1  1  0  1  1  2  1  2  2  2  1  2  2  2  2  2  2  2  2  2  2
 12 ACT-R Lag2              57  19  3 19   1  0  1  0  1  1  1  1  1  1  1  1  1  1  2  1  1  2  2  1  2  2  0  1  1  1  2  1  2  2  1  2  2  2  2  2  2  2  2  2  2  2
 13 Majikthise              52  11  0 30   1  1  1  2  1  1  1  1  1  1  1  1  1  1  1  1  1  1  2  1  1  1  1  1  1  1  2  1  1  1  1  1  2  1  1  2  2  2  2  2  2  2
 14 Vroomfondel             52  13  2 26   0  0  1  1  1  2  1  1  1  1  1  1  1  1  1  1  1  2  1  1  1  1  1  1  2  1  2  1  1  1  1  2  2  1  1  2  2  2  2  2  2  2
 15 Piedra                  51  14  4 23   1  1  1  1  1  1  0  1  1  1  1  0  1  1  1  1  1  1  0  1  1  1  1  1  1  0  2  1  2  2  1  2  2  2  2  2  2  2  2  2  2  2
 16 Sweet Rocky             50  16  7 18   1  1  1  0  0  1  0  1  1  0  0  1  1  1  1  1  0  1  0  1  1  1  1  1  1  1  2  2  2  2  2  2  2  2  2  2  2  2  2  2  2  2
 17 Yomi AI                 49   9  1 31   1  1  1  1  1  1  1  1  1  1  1  1  1  1  1  2  1  1  1  1  1  1  1  1  1  1  1  1  1  0  1  1  2  1  1  2  2  2  2  2  2  2
 18 Granite                 49  17  9 15   0  0  0  0  0  0  1  1  0  1  1  0  1  0  1  1  1  1  1  2  1  1  1  1  2  1  2  1  2  2  2  2  2  2  2  2  2  2  2  2  2  2
 19 ZQ Bot                  48  20 13  8   0  0  0  0  0  0  0  1  0  0  0  0  0  1  2  2  1  1  1  2  1  2  0  1  2  1  2  2  2  2  1  2  2  2  2  2  2  2  2  2  2  2
 20 * Anti-rotn             48  14  7 20   1  1  1  1  0  0  1  1  0  0  1  1  1  1  1  1  1  0  0  1  1  1  1  1  2  1  2  1  2  0  1  2  2  2  2  2  2  2  2  2  2  2
 21 Marble                  45  16 12 13   0  0  0  0  0  0  0  1  0  0  0  0  1  1  1  1  1  1  1  1  1  1  0  1  1  2  2  1  2  2  2  2  2  2  2  2  2  2  2  2  2  2
 22 Mixed Strategy          45  12  8 21   0  0  1  0  1  1  0  1  1  0  1  0  1  1  1  1  1  1  0  1  1  1  1  0  2  1  1  1  2  1  1  1  2  2  2  2  2  2  2  2  2  2
 23 * De Bruijn             44   5  2 34   0  1  1  1  1  1  1  1  1  2  1  2  1  1  1  1  1  1  2  1  2  1  1  1  1  1  1  1  1  1  1  1  1  1  1  1  1  2  1  1  1  0
 24 * Pi                    42   2  1 38   1  1  1  1  1  1  1  1  1  1  2  1  1  1  1  1  1  1  1  1  1  2  1  1  1  1  1  1  1  1  1  1  1  1  0  1  1  1  1  1  1  1
 25 Inocencio               42  15 14 12   0  0  0  0  0  0  1  0  0  0  1  1  1  0  1  1  1  0  0  0  1  0  1  1  1  2  2  1  2  1  2  2  2  2  2  2  2  2  2  2  2  2
 26 * Foxtrot               36   1  6 34   0  0  1  0  1  0  1  1  1  1  1  1  1  1  2  1  1  1  1  1  0  1  1  1  0  1  1  1  1  1  1  1  1  1  1  1  1  1  1  1  1  1
 27 Multi-strategy          33  12 20  9   0  0  0  0  0  0  0  0  1  0  0  0  0  0  0  0  1  0  0  0  0  1  1  1  0  1  1  1  1  2  2  2  1  2  2  2  2  2  2  2  2  2
 28 * Add-drift             30   0 11 30   0  0  0  0  0  0  1  1  0  0  1  1  1  1  1  0  1  1  0  1  1  1  1  1  1  1  1  1  1  0  1  1  1  1  1  1  1  1  1  1  1  1
 29 Peterbot                30   9 20 12   0  0  0  0  0  0  0  0  0  0  0  0  1  1  0  0  1  0  0  0  0  0  1  1  0  1  1  1  1  1  1  2  1  2  1  2  2  2  2  2  2  2
 30 * Add-react             25   3 19 19   0  0  0  0  0  0  0  0  0  0  0  0  1  1  0  0  2  0  0  2  0  1  1  1  1  1  0  2  1  1  1  1  1  1  1  1  1  1  1  0  1  1
 31 * Copy-drift            25   0 16 25   0  0  0  0  0  0  0  0  1  0  0  1  1  1  1  0  1  0  1  1  0  1  1  1  0  1  0  1  1  1  1  1  0  1  1  1  1  1  1  1  1  1
 32 * Flat                  23   2 20 19   0  0  0  0  0  0  1  0  1  0  1  0  1  0  0  0  1  0  0  0  0  1  1  1  0  1  0  1  0  1  1  1  1  2  1  1  1  2  1  1  1  0
 33 Knucklehead             23   5 23 13   0  0  0  0  0  0  0  0  0  0  0  0  0  0  0  0  0  0  0  0  0  0  1  1  0  1  1  1  1  1  2  1  1  2  1  1  1  2  2  1  1  2
 34 Beat The Last Move      20   5 26 10   0  0  0  0  0  0  0  0  0  0  0  0  1  1  0  0  1  0  0  0  0  0  1  1  0  1  0  1  0  1  1  0  0  1  2  0  0  2  2  1  2  2
 35 * Text                  19   2 24 15   0  0  0  0  0  0  0  0  0  0  0  0  1  1  0  0  1  0  0  0  0  0  1  2  0  1  0  1  1  1  1  1  1  0  1  1  1  0  0  1  1  2
 36 * Switch A Lot          18   1 24 16   0  1  0  0  0  0  0  0  0  0  0  0  0  0  0  0  0  0  0  0  0  0  1  1  0  1  0  1  0  1  1  1  1  2  1  1  1  1  1  1  1  1
 37 Always Switchin'        17   1 25 15   0  0  0  0  0  0  0  0  0  0  0  0  0  0  0  0  0  0  0  0  0  0  1  1  0  1  0  1  0  1  1  1  1  2  1  1  1  1  1  1  1  1
 38 Beat Frequent Pick      16   4 29  8   0  0  0  0  0  0  0  0  0  0  0  0  0  0  0  0  0  0  0  0  0  0  0  1  0  1  0  1  0  1  1  0  0  0  2  1  1  1  2  1  2  2
 39 Good Ole Rock           16   3 28 10   0  0  0  0  0  0  0  0  0  0  0  0  0  0  0  0  0  0  0  0  0  0  1  1  0  1  0  1  0  1  1  1  0  0  2  1  1  0  1  1  2  2
 40 Rotate R-P-S            16   1 26 14   0  0  0  0  0  0  0  0  0  0  0  0  0  0  0  0  0  0  0  0  0  0  1  1  0  1  0  1  0  2  1  1  1  1  1  1  1  1  1  1  1  0
 41 R-P-S 20-20-60          14   1 28 12   0  0  0  0  0  0  0  0  0  0  0  0  0  0  0  0  0  0  0  0  0  0  1  1  0  1  0  1  0  1  1  1  1  0  1  1  1  0  0  1  1  2
 42 * Anti-Flat             13   3 31  7   0  0  0  0  0  0  0  0  0  0  0  0  0  0  0  0  0  0  0  0  0  0  2  1  0  1  0  1  0  1  1  2  0  0  0  1  1  0  0  2  0  1


   Yomi AI is match ranked 17

 Tournament results:
    Player Name          total 
  1 Yomi AI               2649 
 15 * Anti-rotn           5677 
 19 Iocaine Powder       11153 
 20 Phasenbott            9553 
 21 MegaHAL               9943 
 22 RussRocker4           7977 
 23 Biopic                8245 
 24 Simple Modeller       9239 
 25 Simple Predictor      7812 
 26 Robertot              7537 
 27 Boom                  7708 
 28 Shofar                6165 
 29 ACT-R Lag2            6595 
 30 Majikthise            4685 
 31 Vroomfondel           4620 
 32 Granite               6551 
 33 Marble                6125 
 34 ZQ Bot                6603 
 35 Sweet Rocky           6519 
 36 Piedra                6099 
 37 Mixed Strategy        5337 
 41 Bugbrain              6022 

   Yomi is tournament ranked 22

