 Playing 1 tournaments with 1000 trials per match...

 Yomi AI            vs Good Ole Rock       Match: 1000 (1000+   0-   0=)
 Yomi AI            vs R-P-S 20-20-60      Match:   67 (367+ 300- 333=)
 Yomi AI            vs Rotate R-P-S        Match:   92 (460+ 368- 172=)
 Yomi AI            vs Beat The Last Move  Match:  -19 (326+ 345- 329=)
 Yomi AI            vs Always Switchin'    Match:   51 (384+ 333- 283=)
 Yomi AI            vs Beat Frequent Pick  Match:  160 (483+ 323- 194=)
 Yomi AI            vs * Pi                Match:   -7 (328+ 335- 337=)
 Yomi AI            vs * Switch A Lot      Match:   -9 (342+ 351- 307=)
 Yomi AI            vs * Flat              Match:   38 (370+ 332- 298=)
 Yomi AI            vs * Anti-Flat         Match:  194 (526+ 332- 142=)
 Yomi AI            vs * Foxtrot           Match:  100 (417+ 317- 266=)
 Yomi AI            vs * De Bruijn         Match:  -29 (320+ 349- 331=)
 Yomi AI            vs * Text              Match:    9 (331+ 322- 347=)
 Yomi AI            vs * Anti-rotn         Match:  -24 (333+ 357- 310=)
 Yomi AI            vs * Copy-drift        Match:   22 (347+ 325- 328=)
 Yomi AI            vs * Add-react         Match:  -10 (327+ 337- 336=)
 Yomi AI            vs * Add-drift         Match:  -35 (322+ 357- 321=)
 Yomi AI            vs Iocaine Powder      Match:    0 (347+ 347- 306=)
 Yomi AI            vs Phasenbott          Match:   -8 (332+ 340- 328=)
 Yomi AI            vs MegaHAL             Match:   10 (351+ 341- 308=)
 Yomi AI            vs RussRocker4         Match:   17 (346+ 329- 325=)
 Yomi AI            vs Biopic              Match:   46 (350+ 304- 346=)
 Yomi AI            vs Simple Modeller     Match:  -12 (332+ 344- 324=)
 Yomi AI            vs Simple Predictor    Match:  -25 (330+ 355- 315=)
 Yomi AI            vs Robertot            Match:   50 (374+ 324- 302=)
 Yomi AI            vs Boom                Match:   -6 (338+ 344- 318=)
 Yomi AI            vs Shofar              Match:  -11 (329+ 340- 331=)
 Yomi AI            vs ACT-R Lag2          Match:  -23 (322+ 345- 333=)
 Yomi AI            vs Majikthise          Match:    5 (341+ 336- 323=)
 Yomi AI            vs Vroomfondel         Match:  -44 (310+ 354- 336=)
 Yomi AI            vs Granite             Match:   69 (408+ 339- 253=)
 Yomi AI            vs Marble              Match:   52 (407+ 355- 238=)
 Yomi AI            vs ZQ Bot              Match:   96 (408+ 312- 280=)
 Yomi AI            vs Sweet Rocky         Match:   39 (363+ 324- 313=)
 Yomi AI            vs Piedra              Match:   15 (360+ 345- 295=)
 Yomi AI            vs Mixed Strategy      Match:   45 (359+ 314- 327=)
 Yomi AI            vs Multi-strategy      Match:    9 (353+ 344- 303=)
 Yomi AI            vs Inocencio           Match:   35 (366+ 331- 303=)
 Yomi AI            vs Peterbot            Match:    5 (336+ 331- 333=)
 Yomi AI            vs Bugbrain            Match:   16 (352+ 336- 312=)
 Yomi AI            vs Knucklehead         Match:  159 (457+ 298- 245=)
 Final results (draw value = 50):

 Tournament results: 

    Player Name          total     1    2    3    4    5    6    7    8    9   10   11   12   13   14   15   16   17   18   19   20   21   22   23   24   25   26   27   28   29   30   31   32   33   34   35   36   37   38   39   40   41   42
  1 Iocaine Powder       10909     0   57  127  -28   33  -14  508  157   11   16  302    5  -32   22   41  335  239  143   64    3   25  323    0   33  183   11   90  187  400  110  571  184  340   29  914  251  365  950  985  990  992  987
  2 MegaHAL              10336   -57    0    2  -15   63   16   70   72   16   18  242   14  -52   50  -26  241  217   75   45   32  -11  179  -10   39  943   29  172   17  104  142  333  183  292  235  914  432  392  948  994  990 1000  996
  3 Phasenbott            9963  -127   -2    0   68   13  119  493  110  -15   71  256   35    7   58   39  271  249   44   45  -32  -18  242    8   40  220  -50  107   91  385  101  409  106  318   78  937  241  117  954  989  996  995  995
  4 Simple Modeller       8835    28   15  -68    0   15  -20  -11  313   16    5   17   34  -32   67   37  313   60  121   48   22    9  229   12  -49   90  -21  253  216   -6  113  293  103  106  301  832  467  352  591  988  990  998  988
  5 Biopic                8466   -33  -63  -13  -15    0   20  -31  -24   -3   38  132   70  -32   55  -22  133  110   88   26  -34   31  270  -46  -15  143   17   26   82  445  164  498  190   38  100  683  292  373  783  995  995 1000 1000
  6 Robertot              7850    14  -16 -119   20  -20    0  -25   36  -28   48   27   60   -3   43    7  127   97   23   48   27   -4  239  -50  -24   62   39   31   19   -9  150  354  100   93   91  753  456  385  855  964  998 1000  982
  7 RussRocker4           7705  -508  -70 -493   11   31   25    0   93   48   15  164   12  -22   36   15  168  155   27   93   -1  -15  215  -17    1  136   -2   98  116  177   74  492   83  371  109  905  238  357  588  991  994  999  996
  8 Simple Predictor      7624  -157  -72 -110 -313   24  -36  -93    0    3  -14   -3   43   38   45   26  163  -19   30   40  -10  -16  179   25  -79  788  -14  315  280  -21  149  345  103  109  196  338  395  392  592  986  986  993  998
  9 Boom                  7413   -11  -16   15  -16    3   28  -48   -3    0   -7   56   49  -40   41   -4   24   92   17   40  -13  -38  223    6    5   36    8   62   66    1  120  528   58   87  138  415  414  363  753  985  985  997  994
 10 ACT-R Lag2            7160   -16  -18  -71   -5  -38  -48  -15   14    7    0  120   33    3   40   32  114  148  116    7   31    6  339   23  -52   43   21   33   25  -24  108  511  140   76  143  100  307  372  580  983  991  994  987
 11 Marble                6664  -302 -242 -256  -17 -132  -27 -164    3  -56 -120    0   31  -71   68  -33   72   -9  -13   36  -37  -51  276  -52  -35  634  -29   -1   31   65  176  363  182  111  158  909  219  406  593  989  995  999  995
 12 Sweet Rocky           6554    -5  -14  -35  -34  -70  -60  -12  -43  -49  -33  -31    0  -11    7  -41  -31  -26  -30   48  -41  -11   85  -39  -71  -11  -39   49    6    1  169  201  159  355  115  858  288  373  593  994  993 1000  997
 13 Shofar                6399    32   52   -7   32   32    3   22  -38   40   -3   71   11    0  -20   36   82   91   28   17  -29   -7  141   11  -12   65   24   65  105  -30  113  167   39   55  206    6  420  260  562  861  944  979  973
 14 Piedra                6165   -22  -50  -58  -67  -55  -43  -36  -45  -41  -40  -68   -7   20    0  -35  -38  -50    3   75  -54  -40   19  -15  -47  784  -28   52   43    1  173  114  115   77  207  156  242  349  594  996  992  996  996
 15 Bugbrain              5804   -41   26  -39  -37   22   -7  -15  -26    4  -32   33   41  -36   35    0  190   80   93   40   30  -26  153  -16  -61   71    2  129   86   22    1   74   11   93   95  119  259  201  411  924  953  948  994
 16 ZQ Bot                5741  -335 -241 -271 -313 -133 -127 -168 -163  -24 -114  -72   31  -82   38 -190    0  -43   28   48  -59  -91  232  -96  -25  526   23   27   13   75  149  321  118  306  181  929  286  382  593  994  995 1000  993
 17 Granite               5613  -239 -217 -249  -60 -110  -97 -155   19  -92 -148    9   26  -91   50  -80   43    0   -4   63  -36  -35  142  -69 -137   31  -37   13   28   49  180  271  165  174  153  921  204  355  592  990  993  998 1000
 18 Mixed Strategy        5598  -143  -75  -44 -121  -88  -23  -27  -30  -17 -116   13   30  -28   -3  -93  -28    4    0    6  -34  -17   21  -45  -75  746  -28   -1   80    0  111  232   -8  105   81  185  100  435  555  987  960  994  997
 19 * Anti-rotn           5110   -64  -45  -45  -48  -26  -48  -93  -40  -40   -7  -36  -48  -17  -75  -40  -48  -63   -6    0  -21  -10  254   24  -72  -60  -77   -4  -31    8   48   82  219   -4  331  499  479  146  597  500  997  999  995
 20 Vroomfondel           4898    -3  -32   32  -22   34  -27    1   10   13  -31   37   41   29   54  -30   59   36   34   21    0   14  143   44  -27   73   18  -51   26   14   33  226   72   -9  150   81  248  139  478  -13  993  995  995
 21 Majikthise            4817   -25   11   18   -9  -31    4   15   16   38   -6   51   11    7   40   26   91   35   17   10  -14    0   97   -5   10   39    3   83    3    8   64  205  115  -51  133    4  238  153  446  -15  994  995  993
 22 Multi-strategy        3099  -323 -179 -242 -229 -270 -239 -215 -179 -223 -339 -276  -85 -141  -19 -153 -232 -142  -21 -254 -143  -97    0   -9  -50  -73  -20  -23  295  -38  123  -12  171   79  299  500  502  367  999  997  997  999  997
 23 Yomi AI               2139     0   10   -8  -12   46   50   17  -25   -6  -23   52   39  -11   15   16   96   69   45  -24  -44    5    9    0  -29   35   -7  -35   22  100    9  159   38  -10   -9    5   51   67  160  -19   92 1000  194
 24 * De Bruijn            766   -33  -39  -40   49   15   24   -1   79   -5   52   35   71   12   47   61   25  137   75   72   27  -10   50   29    0   18   -1   29   -6   31   23  -22   -9   -8  -34    1  -15  -14  128   -1   21    0 -107
 25 Inocencio              436  -183 -943 -220  -90 -143  -62 -136 -788  -36  -43 -634   11  -65 -784  -71 -526  -31 -746   60  -73  -39   73  -35  -18    0  -20   28  132  311  163  187  205   96   94  146  236  402  353  686  978  976  985
 26 * Pi                    99   -11  -29   50   21  -17  -39    2   14   -8  -21   29   39  -24   28   -2  -23   37   28   77  -18   -3   20    7    1   20    0  -41   24   -2  -81   -7   79  -35   -4   18  -28  -19   30   22  -11  -11  -13
 27 * Add-drift          -1481   -90 -172 -107 -253  -26  -31  -98 -315  -62  -33    1  -49  -65  -52 -129  -27  -13    1    4   51  -83   23   35  -29  -28   41    0    3    9  -30   30   35   -9   -7  -15   17  -17    0   39  -24  -10    4
 28 * Copy-drift         -1955  -187  -17  -91 -216  -82  -19 -116 -280  -66  -25  -31   -6 -105  -43  -86  -13  -28  -80   31  -26   -3 -295  -22    6 -132  -24   -3    0   -1   12  -41   -5  -24  -18   30  -14   49    7   36   -2   -8  -17
 29 * Foxtrot            -2093  -400 -104 -385    6 -445    9 -177   21   -1   24  -65   -1   30   -1  -22  -75  -49    0   -8  -14   -8   38 -100  -31 -311    2   -9    1    0    0   36    1   28    4  -37  -23  -42    6   13  -15    9    2
 30 * Text               -2797  -110 -142 -101 -113 -164 -150  -74 -149 -120 -108 -176 -169 -113 -173   -1 -149 -180 -111  -48  -33  -64 -123   -9  -23 -163   81   30  -12    0    0   -7   21    4   44   28   39   83 -185  -74  -11 -185  113
 31 Knucklehead          -2848  -571 -333 -409 -293 -498 -354 -492 -345 -528 -511 -363 -201 -167 -114  -74 -321 -271 -232  -82 -226 -205   12 -159   22 -187    7  -30   41  -36    7    0   21   82   24   38   19   85  110  991  749  958  988
 32 * Flat               -3005  -184 -183 -106 -103 -190 -100  -83 -103  -58 -140 -182 -159  -39 -115  -11 -118 -165    8 -219  -72 -115 -171  -38    9 -205  -79  -35    5   -1  -21  -21    0  -14   60 -138   28   43  245  233  -62    1 -407
 33 * Add-react          -3203  -340 -292 -318 -106  -38  -93 -371 -109  -87  -76 -111 -355  -55  -77  -93 -306 -174 -105    4    9   51  -79   10    8  -96   35    9   24  -28   -4  -82   14    0   47  -47    7   -3    2   38  -73  103  -46
 34 * Switch A Lot       -3487   -29 -235  -78 -301 -100  -91 -109 -196 -138 -143 -158 -115 -206 -207  -95 -181 -153  -81 -331 -150 -133 -299    9   34  -94    4    7   18   -4  -44  -24  -60  -47    0 -106   26    9  -19  337   -8   24  -20
 35 Peterbot             -6876  -914 -914 -937 -832 -683 -753 -905 -338 -415 -100 -909 -858   -6 -156 -119 -929 -921 -185 -499  -81   -4 -500   -5   -1 -146  -18   15  -30   37  -28  -38  138   47  106    0  242  368  441  963  998 1000  993
 36 Always Switchin'     -7048  -251 -432 -241 -467 -292 -456 -238 -395 -414 -307 -219 -288 -420 -242 -259 -286 -204 -100 -479 -248 -238 -502  -51   15 -236   28  -17   14   23  -39  -19  -28   -7  -26 -242    0  -11   56  492   22   -9  -35
 37 R-P-S 20-20-60       -8876  -365 -392 -117 -352 -373 -385 -357 -392 -363 -372 -406 -373 -260 -349 -201 -382 -355 -435 -146 -139 -153 -367  -67   14 -402   19   17  -49   42  -83  -85  -43    3   -9 -368   11    0 -436 -198   39 -452  205
 38 Beat Frequent Pick  -14110  -950 -948 -954 -591 -783 -855 -588 -592 -753 -580 -593 -593 -562 -594 -411 -593 -592 -555 -597 -478 -446 -999 -160 -128 -353  -30    0   -7   -6  185 -110 -245   -2   19 -441  -56  436    0 -600    0  999  996
 39 Beat The Last Move  -20025  -985 -994 -989 -988 -995 -964 -991 -986 -985 -983 -989 -994 -861 -996 -924 -994 -990 -987 -500   13   15 -997   19    1 -686  -22  -39  -36  -13   74 -991 -233  -38 -337 -963 -492  198  600    0    1 1000  996
 40 Rotate R-P-S        -25095  -990 -990 -996 -990 -995 -998 -994 -986 -985 -991 -995 -993 -944 -992 -953 -995 -993 -960 -997 -993 -994 -997  -92  -21 -978   11   24    2   15   11 -749   62   73    8 -998  -22  -39    0   -1    0    0 -680
 41 Good Ole Rock       -26265  -992 -1000 -995 -998 -1000 -1000 -999 -993 -997 -994 -999 -1000 -979 -996 -948 -1000 -998 -994 -999 -995 -995 -999 -1000    0 -976   11   10    8   -9  185 -958   -1 -103  -24 -1000    9  452 -999 -1000    0    0 1000
 42 * Anti-Flat         -26999  -987 -996 -995 -988 -1000 -982 -996 -998 -994 -987 -995 -997 -973 -996 -994 -993 -1000 -997 -995 -995 -993 -997 -194  107 -985   13   -4   17   -2 -113 -988  407   46   20 -993   35 -205 -996 -996  680 -1000    0

 Match results (draw <= 50): 

    Player Name           total  W  L  D   1  2  3  4  5  6  7  8  9 10 11 12 13 14 15 16 17 18 19 20 21 22 23 24 25 26 27 28 29 30 31 32 33 34 35 36 37 38 39 40 41 42
  1 Iocaine Powder          67  26  0 15   1  2  2  1  1  2  1  1  1  1  1  1  1  2  1  1  1  2  1  2  2  2  2  1  2  2  2  2  2  2  2  2  2  2  2  2  1  2  2  2  2  2
  2 Phasenbott              67  27  1 13   0  1  1  1  2  2  1  1  2  1  2  1  1  2  1  1  2  2  1  1  1  2  2  1  2  2  2  2  2  2  2  2  2  2  2  2  2  2  2  2  2  2
  3 MegaHAL                 63  24  2 15   0  1  1  2  1  2  0  1  1  1  1  1  1  2  1  1  1  2  1  2  1  2  2  1  2  2  2  2  1  2  2  2  2  2  2  2  2  2  2  2  2  2
  4 Biopic                  62  22  1 18   1  1  0  1  1  1  1  1  1  1  1  1  1  1  1  2  2  2  1  2  1  2  2  1  2  2  2  1  2  2  2  1  2  2  2  2  2  2  2  2  2  2
  5 Simple Modeller         62  22  1 18   1  0  1  1  1  1  1  1  1  1  1  1  1  2  1  1  2  1  1  2  1  2  2  1  2  2  1  2  2  2  2  2  2  2  2  2  2  2  2  2  2  2
  6 RussRocker4             61  23  3 15   0  0  0  1  1  1  1  1  1  1  1  1  1  2  1  1  1  2  1  1  2  2  2  1  2  2  2  2  2  2  2  2  2  2  2  2  2  2  2  2  2  2
  7 Shofar                  60  19  0 22   1  1  2  1  1  1  1  1  1  1  1  1  1  1  1  1  1  2  1  1  1  2  2  1  2  2  1  2  2  1  2  2  2  2  1  2  2  2  2  2  2  2
  8 Boom                    59  18  0 23   1  1  1  1  1  1  1  1  1  1  1  1  1  1  1  1  1  2  1  1  1  2  1  1  1  2  1  2  2  2  2  2  2  2  2  2  2  2  2  2  2  2
  9 Robertot                58  18  1 22   1  0  1  1  1  1  1  1  1  1  1  1  1  1  1  2  1  1  1  1  1  2  2  1  2  2  1  1  1  2  2  2  2  2  2  2  2  2  2  2  2  2
 10 Bugbrain                58  18  1 22   1  1  1  1  1  1  1  1  1  1  1  1  1  1  1  1  1  1  0  2  1  2  2  1  2  2  1  2  2  2  2  2  1  2  1  2  2  2  2  2  2  2
 11 ACT-R Lag2              57  18  2 21   1  0  1  1  1  1  1  1  1  1  1  1  1  1  1  1  1  2  0  2  1  2  1  1  2  2  1  1  1  2  2  2  2  2  2  2  2  2  2  2  2  2
 12 Majikthise              54  14  1 26   1  1  1  1  1  1  1  1  1  1  1  1  1  1  1  1  1  2  1  1  1  1  1  1  2  2  1  2  1  1  2  0  2  1  2  2  2  2  2  2  2  2
 13 Vroomfondel             54  14  1 26   1  1  1  1  1  1  1  1  1  1  1  1  1  1  1  1  2  1  1  1  1  1  2  1  2  2  1  0  1  2  2  1  1  1  2  2  2  2  2  2  2  2
 14 Simple Predictor        53  18  6 17   0  0  0  1  0  0  1  1  1  1  1  1  1  1  1  1  1  1  0  1  1  1  2  1  2  2  1  2  2  2  2  2  2  2  2  2  2  2  2  2  2  2
 15 Yomi AI                 52  11  0 30   1  1  1  1  1  1  1  1  1  1  1  1  1  1  1  1  1  2  1  1  1  2  1  1  2  1  2  1  1  1  2  1  1  1  1  2  1  2  2  2  2  2
 16 Sweet Rocky             52  14  3 24   1  1  1  0  1  1  1  1  0  1  1  1  1  1  1  1  1  1  0  1  1  1  1  1  1  2  1  1  1  2  2  2  2  2  2  2  2  2  2  2  2  2
 17 Piedra                  52  16  5 20   1  0  1  0  0  1  1  1  1  1  1  1  0  1  1  1  1  0  1  1  2  1  2  1  1  1  1  2  1  2  2  2  2  2  2  2  2  2  2  2  2  2
 18 Marble                  49  18 10 13   0  0  0  0  1  0  0  0  1  1  0  0  1  1  0  1  2  1  1  1  1  1  2  1  2  2  2  1  1  2  2  2  2  2  2  2  2  2  2  2  2  2
 19 * De Bruijn             48   8  1 32   1  1  1  1  1  1  1  1  1  2  2  1  1  2  1  2  1  1  1  2  2  2  1  1  1  1  1  1  1  1  1  1  1  1  1  1  1  1  1  2  0  1
 20 Mixed Strategy          48  14  7 20   0  1  0  0  0  1  1  1  1  0  0  1  1  1  1  1  1  1  0  1  1  1  2  1  1  1  1  1  2  2  2  2  2  2  1  2  2  2  2  2  2  2
 21 * Anti-rotn             46  12  7 22   0  1  1  1  1  0  1  1  1  1  1  1  1  1  1  1  0  1  0  1  1  0  0  0  1  2  1  1  1  2  2  1  1  2  2  2  2  2  2  2  2  2
 22 Granite                 43  15 13 13   0  0  0  0  0  0  0  0  0  0  0  1  1  1  0  1  1  1  0  1  2  1  1  1  1  2  1  1  1  2  2  2  2  2  2  2  2  2  2  2  2  2
 23 Inocencio               43  17 15  9   0  0  0  0  0  0  0  1  0  0  1  1  0  0  1  1  0  0  1  0  2  1  1  1  0  2  2  1  2  2  2  2  2  2  2  2  2  2  2  2  2  2
 24 * Pi                    42   2  1 38   1  1  1  1  1  1  1  1  1  1  1  1  1  1  1  1  1  1  1  1  2  1  1  1  1  1  1  1  1  1  1  1  0  1  2  1  1  1  1  1  1  1
 25 ZQ Bot                  42  16 15 10   0  0  0  0  0  0  0  1  0  0  0  0  0  0  0  1  1  0  1  1  1  1  2  1  1  2  2  1  1  2  2  2  2  2  2  2  2  2  2  2  2  2
 26 Multi-strategy          34  13 20  8   0  0  0  0  0  0  0  0  0  0  0  0  0  0  1  0  1  0  1  1  0  0  0  1  0  1  1  1  2  2  1  2  2  2  2  2  2  2  2  2  2  2
 27 * Foxtrot               32   0  9 32   0  0  0  0  1  0  1  1  1  1  1  1  1  1  0  1  1  0  1  1  1  1  0  1  0  1  1  1  1  1  1  1  1  1  1  1  1  1  1  1  1  1
 28 * Add-drift             31   1 11 29   0  0  0  1  0  0  0  0  1  0  1  0  2  0  1  1  0  1  1  1  1  1  1  1  1  1  1  1  1  1  1  1  1  1  1  1  1  1  1  1  1  1
 29 * Copy-drift            29   0 12 29   0  0  1  0  0  0  0  0  1  0  1  1  1  0  1  1  1  1  1  0  1  1  0  1  1  0  1  1  1  1  1  1  1  1  1  1  1  1  1  1  1  1
 30 Peterbot                29   9 21 11   0  0  0  0  0  0  1  0  0  0  0  1  0  0  1  0  0  0  1  0  0  0  0  1  0  0  1  1  1  1  1  1  1  2  2  2  2  2  2  2  2  2
 31 Knucklehead             25   7 23 11   0  0  0  0  0  0  0  0  0  0  0  0  0  0  0  0  0  0  1  0  0  0  0  1  0  1  1  1  1  1  1  2  1  2  1  1  1  2  2  2  2  2
 32 * Add-react             22   2 21 18   0  0  0  1  0  0  0  0  0  0  0  2  1  0  1  0  0  0  1  0  1  0  0  1  0  0  1  1  1  1  0  1  1  1  1  1  1  0  2  1  1  1
 33 * Text                  21   3 23 15   0  0  0  0  0  0  0  0  0  1  0  0  1  0  1  0  0  0  1  0  1  0  0  2  0  0  1  1  1  1  1  1  1  0  1  1  1  1  0  0  2  2
 34 Beat The Last Move      20   5 26 10   0  0  0  0  0  0  0  0  0  0  0  1  1  0  1  0  0  0  1  0  0  0  0  1  0  0  1  1  1  0  0  1  2  1  0  0  0  1  2  2  2  2
 35 * Flat                  20   3 24 14   0  0  0  0  0  0  1  0  0  1  0  0  0  0  1  0  0  0  1  1  0  0  0  0  0  0  1  1  1  0  1  1  1  2  1  1  2  0  1  2  0  1
 36 Always Switchin'        18   2 25 14   0  0  0  0  0  0  0  0  0  0  0  0  0  0  0  0  0  0  1  0  0  0  0  1  0  0  1  1  1  0  1  1  1  2  1  1  1  1  1  2  1  1
 37 * Switch A Lot          18   1 24 16   1  0  0  0  0  0  0  0  0  0  0  0  0  0  1  0  0  0  1  0  0  0  0  1  0  0  1  1  1  0  1  1  1  2  0  1  1  1  1  1  1  1
 38 Rotate R-P-S            16   2 27 12   0  0  0  0  0  0  0  0  0  0  0  0  0  0  0  0  0  0  1  0  0  0  0  1  0  0  1  1  1  0  0  2  1  1  2  1  1  1  1  1  0  1
 39 Good Ole Rock           15   3 29  9   0  0  0  0  0  0  0  0  0  0  0  0  0  0  0  0  0  0  1  0  0  0  0  1  0  0  1  1  1  0  0  0  2  0  1  1  1  1  1  0  2  2
 40 Beat Frequent Pick      15   4 30  7   0  0  0  0  0  0  0  0  0  0  0  0  0  0  0  0  0  0  0  0  0  0  0  1  0  0  1  1  1  0  0  1  2  0  0  0  1  1  2  1  2  2
 41 * Anti-Flat             13   3 31  7   0  0  0  0  0  0  0  0  0  0  0  0  0  0  0  0  0  0  2  0  0  0  0  1  0  0  1  1  1  0  0  1  0  0  2  1  1  2  0  0  1  0
 42 R-P-S 20-20-60          12   1 30 10   0  0  0  0  0  0  0  0  0  0  0  0  0  0  0  0  0  0  1  0  0  0  0  1  0  0  1  1  1  0  0  1  0  0  1  1  1  1  0  0  2  1


   Yomi AI is match ranked 15

 Tournament results:
    Player Name          total 
  1 Yomi AI               2139 
 15 * Anti-rotn           5110 
 19 Iocaine Powder       10909 
 20 Phasenbott            9963 
 21 MegaHAL              10336 
 22 RussRocker4           7705 
 23 Biopic                8466 
 24 Simple Modeller       8835 
 25 Simple Predictor      7624 
 26 Robertot              7850 
 27 Boom                  7413 
 28 Shofar                6399 
 29 ACT-R Lag2            7160 
 30 Majikthise            4817 
 31 Vroomfondel           4898 
 32 Granite               5613 
 33 Marble                6664 
 34 ZQ Bot                5741 
 35 Sweet Rocky           6554 
 36 Piedra                6165 
 37 Mixed Strategy        5598 
 38 Multi-strategy        3099 
 41 Bugbrain              5804 

   Yomi is tournament ranked 23

