 Playing 1 tournaments with 1000 trials per match...

 Yomi AI            vs Good Ole Rock       Match: 1000 (1000+   0-   0=)
 Yomi AI            vs R-P-S 20-20-60      Match:  302 (525+ 223- 252=)
 Yomi AI            vs Rotate R-P-S        Match:  818 (849+  31- 120=)
 Yomi AI            vs Beat The Last Move  Match:  153 (436+ 283- 281=)
 Yomi AI            vs Always Switchin'    Match:  224 (442+ 218- 340=)
 Yomi AI            vs Beat Frequent Pick  Match:  450 (646+ 196- 158=)
 Yomi AI            vs * Pi                Match:  -13 (322+ 335- 343=)
 Yomi AI            vs * Switch A Lot      Match:  126 (407+ 281- 312=)
 Yomi AI            vs * Flat              Match:  135 (423+ 288- 289=)
 Yomi AI            vs * Anti-Flat         Match:  821 (856+  35- 109=)
 Yomi AI            vs * Foxtrot           Match:  359 (577+ 218- 205=)
 Yomi AI            vs * De Bruijn         Match:  -14 (318+ 332- 350=)
 Yomi AI            vs * Text              Match:  149 (424+ 275- 301=)
 Yomi AI            vs * Anti-rotn         Match:   -6 (349+ 355- 296=)
 Yomi AI            vs * Copy-drift        Match:   29 (347+ 318- 335=)
 Yomi AI            vs * Add-react         Match:   22 (343+ 321- 336=)
 Yomi AI            vs * Add-drift         Match:   -5 (348+ 353- 299=)
 Yomi AI            vs Iocaine Powder      Match:  -40 (306+ 346- 348=)
 Yomi AI            vs Phasenbott          Match:    4 (341+ 337- 322=)
 Yomi AI            vs MegaHAL             Match:  -14 (327+ 341- 332=)
 Yomi AI            vs RussRocker4         Match:   26 (348+ 322- 330=)
 Yomi AI            vs Biopic              Match:  -12 (328+ 340- 332=)
 Yomi AI            vs Simple Modeller     Match:   32 (361+ 329- 310=)
 Yomi AI            vs Simple Predictor    Match:   32 (358+ 326- 316=)
 Yomi AI            vs Robertot            Match:   24 (365+ 341- 294=)
 Yomi AI            vs Boom                Match:    8 (335+ 327- 338=)
 Yomi AI            vs Shofar              Match:   -5 (332+ 337- 331=)
 Yomi AI            vs ACT-R Lag2          Match:    1 (342+ 341- 317=)
 Yomi AI            vs Majikthise          Match:   12 (329+ 317- 354=)
 Yomi AI            vs Vroomfondel         Match:   27 (348+ 321- 331=)
 Yomi AI            vs Granite             Match:  106 (431+ 325- 244=)
 Yomi AI            vs Marble              Match:   44 (363+ 319- 318=)
 Yomi AI            vs ZQ Bot              Match:   59 (385+ 326- 289=)
 Yomi AI            vs Sweet Rocky         Match:   44 (378+ 334- 288=)
 Yomi AI            vs Piedra              Match:   45 (377+ 332- 291=)
 Yomi AI            vs Mixed Strategy      Match:  134 (431+ 297- 272=)
 Yomi AI            vs Multi-strategy      Match:  334 (539+ 205- 256=)
 Yomi AI            vs Inocencio           Match:   83 (421+ 338- 241=)
 Yomi AI            vs Peterbot            Match:    4 (344+ 340- 316=)
 Yomi AI            vs Bugbrain            Match:  -12 (344+ 356- 300=)
 Yomi AI            vs Knucklehead         Match:  468 (630+ 162- 208=)
 Final results (draw value = 50):

 Tournament results: 

    Player Name          total     1    2    3    4    5    6    7    8    9   10   11   12   13   14   15   16   17   18   19   20   21   22   23   24   25   26   27   28   29   30   31   32   33   34   35   36   37   38   39   40   41   42
  1 Iocaine Powder       10949     0  -12   34   62   39  228   51  536   12  120  246  237   43  -15  244   40   43    7   66   -6  121   29  259   47   25  268  186  188  313  267  553  215   89  102  202  889  379  898  985  979  989  991
  2 Phasenbott           10056    12    0   70   23   38  139   33  538   27   85  257  187   63   -7  275   -4   63   18   45    1   19   37  193   47  -37  195   76   66  343  374  466  122   90   39  226  888  132  949  993  990  995  990
  3 MegaHAL               9576   -34  -70    0   36    0   71   38  108   61  -13  225  247   72   -5  269   14   23   68   68  -67   68  -18  175  -25  -31  187  168   59   53  328  348  166  142  226  431  869  394  944  990  996  999  996
  4 Simple Modeller       9440   -62  -23  -36    0  -43  268   19  -31    1   20  114  113   22  -23  298  -32   45   56   49   35   52  -18  174  -25   14  790  208  246  -11  101  251  126  110  223  494  910  435  588  992  993  997 1000
  5 Biopic                8742   -39  -38    0   43    0   80   -6   -6   50    9   84  122   16   -1  118   12  -22   22   41   -7   81  -53  207  -23   13  162   29   90  395   30  517  154  153  198  363  735  387  848  994  993  997  994
  6 Simple Predictor      7921  -228 -139  -71 -268  -80    0   10  -89    6  -62   27   -7   57  -47  126  -32   24   67   52  -10   40  -20  220  -62  -21  666  285  312   23  131  351   70  149  181  419  896  392  587  985  990  993  998
  7 Boom                  7579   -51  -33  -38  -19    6  -10    0    9   28  -24   29   65   46   -1   85   -8  -30   48   43   -9   -6   -3  143    2    2  645   22  -14   42  111  327   59  126  238  377  294  349  753  991  990  995 1000
  8 RussRocker4           7576  -536 -538 -108   31    6   89   -9    0   55   36  151  160   23   22  187  -26   13   38   72   16   43   -1  246  -51    6  159  124  181  181  297  474   56   46  148  216  923  274  589  992  995  999  997
  9 Robertot              7500   -12  -27  -61   -1  -50   -6  -28  -55    0   14   55   52    8   34   93  -24  -19   37   61   -2    4  -43  256  -12  -25   20   -5   88  -10   59  463   76  171   87  462  711  421  907  816  991  995  999
 10 ACT-R Lag2            6967  -120  -85   13  -20   -9   62   24  -36  -14    0  153  139   37   45   86   -1   71   50   32   37   34    4  225 -100  -20  729    3   30   10   28  496   96   81  194  216  233  379  581  308  993  996  987
 11 Granite               6596  -246 -257 -225 -114  -84  -27  -29 -151  -55 -153    0   17   28   11   63 -106  -87   33   43  -27   14  -16  287 -120  -23  650   33   75   85  124  375  143  176  109  166  930  377  592  992  995  998 1000
 12 Marble                6389  -237 -187 -247 -113 -122    7  -65 -160  -52 -139  -17    0   42  -56   12  -44  -94   29   46  -46  -23  -34  162  -76   16  647   56   46    9   96  300  202  183  237  223  792  427  594  994  993  998  990
 13 Piedra                6389   -43  -63  -72  -22  -16  -57  -46  -23   -8  -37  -28  -42    0  -35   14  -45  -53   43   27  -37   14  -77  122  -19  -15  -41   40   76   10  125  166  138  180  150  345  759  387  592  990  999  996  995
 14 Shofar                6359    15    7    5   23    1   47    1  -22  -34  -45  -11   56   35    0   70    5  -50   35   33  -20   73   15  121  -35   -3   36  -18  130   50   38  121   28  156  218  440  133  339  560  905  921  995  985
 15 ZQ Bot                6021  -244 -275 -269 -298 -118 -126  -85 -187  -93  -86  -63  -12  -14  -70    0  -59 -182   45   55  -35  -20    3  248  -35   29  801   39   15   23  276  257  124  161  197  223  897  332  590  987  998  995  997
 16 Yomi AI               5954   -40    4  -14   32  -12   32    8   26   24    1  106   44   45   -5   59    0  -12   44   -6   12  134   27  334  -14  -13   83   -5   29  359   22  468  135  149  126  224    4  302  450  153  818 1000  821
 17 Bugbrain              5922   -43  -63  -23  -45   22  -24   30  -13   19  -71   87   94   53   50  182   12    0   64   54  -14   76   23  143    0   36   46   65   -6   15  100   93   38   20   75  156  257  142  384  973  973  982  960
 18 Sweet Rocky           5826    -7  -18  -68  -56  -22  -67  -48  -38  -37  -50  -33  -29  -43  -35  -45  -44  -64    0   22  -35  -35   15  172  -35  -16  -39   68  -51    3  347  204  141  146  145  208  297  394  593  996 1000  998  992
 19 * Anti-rotn           5082   -66  -45  -68  -49  -41  -52  -43  -72  -61  -32  -43  -46  -27  -33  -55    6  -54  -22    0  -17    6    9  252  -33  -53  242    7   16  -46   31   12  249   56  337  500   35  208  596  496  996  998  988
 20 Majikthise            4898     6   -1   67  -35    7   10    9  -16    2  -37   27   46   37   20   35  -12   14   35   17    0   70   20  140   -7   16  114    6   27   12  -16  187  124   21  123  213   34  180  442  -18  994  997  988
 21 Mixed Strategy        4798  -121  -19  -68  -52  -81  -40    6  -43   -4  -34  -14   23  -14  -73   20 -134  -76   35   -6  -70    0  -47   21  -65   -3   25    9    9   -6   23  188   16  178   89  219  311  385  530  979  901  996  805
 22 Vroomfondel           4774   -29  -37   18   18   53   20    3    1   43   -4   16   34   77  -15   -3  -27  -23  -15   -9  -20   47    0  149    0   31   72   33   -5    7    5  285  109   36  110  220  -12  151  449   17  991  990  988
 23 Multi-strategy        2806  -259 -193 -175 -174 -207 -220 -143 -246 -256 -225 -287 -162 -122 -121 -248 -334 -143 -172 -252 -140  -21 -149    0  -50  -20  -65   71  235  -45   -5  -36  186  123  292  458  500  422  999  997  997  999  997
 24 * De Bruijn            800   -47  -47   25   25   23   62   -2   51   12  100  120   76   19   35   35   14    0   35   33    7   65    0   50    0   -1   17  -14   30  -34    2   12   47   23    0  -23   -2   11  128   -1   21    0 -107
 25 * Pi                    54   -25   37   31  -14  -13   21   -2   -6   25   20   23  -16   15    3  -29   13  -36   16   53  -16    3  -31   20    1    0    3   -5  -11   -9   34   -8  -13  -81   33  -17   22   -6   30   22  -11  -11  -11
 26 Inocencio             -165  -268 -195 -187 -790 -162 -666 -645 -159  -20 -729 -650 -647   41  -36 -801  -83  -46   39 -242 -114  -25  -72   65  -17   -3    0   54   88  282   65  204  131  161  138  342  118  410  364  940  984  979  987
 27 * Add-drift          -1592  -186  -76 -168 -208  -29 -285  -22 -124    5   -3  -33  -56  -40   18  -39    5  -65  -68   -7   -6   -9  -33  -71   14    5  -54    0   -7   -1  -57  -32  -24  -33   25   20   -8   20  -12  -16   49   39  -20
 28 * Copy-drift         -2021  -188  -66  -59 -246  -90 -312   14 -181  -88  -30  -75  -46  -76 -130  -15  -29    6   51  -16  -27   -9    5 -235  -30   11  -88    7    0  -12  -20  -52    8   38   67  -60   -2   27   -3  -23  -24  -13  -10
 29 * Foxtrot            -2081  -313 -343  -53   11 -395  -23  -42 -181   10  -10  -85   -9  -10  -50  -23 -359  -15   -3   46  -12    6   -7   45   34    9 -282    1   12    0  -41  -10   21   -4   -6   24  -23  -18   14  -32   -6   32    9
 30 * Add-react          -2620  -267 -374 -328 -101  -30 -131 -111 -297  -59  -28 -124  -96 -125  -38 -276  -22 -100 -347  -31   16  -23   -5    5   -2  -34  -65   57   20   41    0  -50   24   44   14    4  -13   52    0  -24   47    0  157
 31 Knucklehead          -2850  -553 -466 -348 -251 -517 -351 -327 -474 -463 -496 -375 -300 -166 -121 -257 -468  -93 -204  -12 -187 -188 -285   36  -12    8 -204   32   52   10   50    0   -7   11   22    7  -35  101  160  913  908 1000 1000
 32 * Flat               -3123  -215 -122 -166 -126 -154  -70  -59  -56  -76  -96 -143 -202 -138  -28 -124 -135  -38 -141 -249 -124  -16 -109 -186  -47   13 -131   24   -8  -21  -24    7    0  -32   13   10 -230    8  245  187   39    0 -403
 33 * Text               -3212   -89  -90 -142 -110 -153 -149 -126  -46 -171  -81 -176 -183 -180 -156 -161 -149  -20 -146  -56  -21 -178  -36 -123  -23   81 -161   33  -38    4  -44  -11   32    0   -6  -34   20   20 -185  -74  -11 -185  112
 34 * Switch A Lot       -4066  -102  -39 -226 -223 -198 -181 -238 -148  -87 -194 -109 -237 -150 -218 -197 -126  -75 -145 -337 -123  -89 -110 -292    0  -33 -138  -25  -67    6  -14  -22  -13    6    0  -27 -106   -2   24  288  -42   -4  -53
 35 Always Switchin'     -6974  -202 -226 -431 -494 -363 -419 -377 -216 -462 -216 -166 -223 -345 -440 -223 -224 -156 -208 -500 -213 -219 -220 -458   23   17 -342  -20   60  -24   -4   -7  -10   34   27    0 -257   -4   56  483    4   13  -22
 36 Peterbot             -6981  -889 -888 -869 -910 -735 -896 -294 -923 -711 -233 -930 -792 -759 -133 -897   -4 -257 -297  -35  -34 -311   12 -500    2  -22 -118    8    2   23   13   35  230  -20  106  257    0  392  430  982  998 1000  986
 37 R-P-S 20-20-60       -9547  -379 -132 -394 -435 -387 -392 -349 -274 -421 -379 -377 -427 -387 -339 -332 -302 -142 -394 -208 -180 -385 -151 -422  -11    6 -410  -20  -27   18  -52 -101   -8  -20    2    4 -392    0 -408 -164   10 -402   16
 38 Beat Frequent Pick  -14459  -898 -949 -944 -588 -848 -587 -753 -589 -907 -581 -592 -594 -592 -560 -590 -450 -384 -593 -596 -442 -530 -449 -999 -128  -30 -364   12    3  -14    0 -160 -245  185  -24  -56 -430  408    0 -600    0  999 1000
 39 Beat The Last Move  -19390  -985 -993 -990 -992 -994 -985 -991 -992 -816 -308 -992 -994 -990 -905 -987 -153 -973 -996 -496   18 -979  -17 -997    1  -22 -940   16   23   32   24 -913 -187   74 -288 -483 -982  164  600    0    1 1000  997
 40 Rotate R-P-S        -26168  -979 -990 -996 -993 -993 -990 -990 -995 -991 -993 -995 -993 -999 -921 -998 -818 -973 -1000 -996 -994 -901 -991 -997  -21   11 -984  -49   24    6  -47 -908  -39   11   42   -4 -998  -10    0   -1    0    0 -715
 41 Good Ole Rock       -26346  -989 -995 -999 -997 -997 -993 -995 -999 -995 -996 -998 -998 -996 -995 -995 -1000 -982 -998 -998 -997 -996 -990 -999    0   11 -979  -39   13  -32    0 -1000    0  185    4  -13 -1000  402 -999 -1000    0    0  998
 42 * Anti-Flat         -27379  -991 -990 -996 -1000 -994 -998 -1000 -997 -999 -987 -1000 -990 -995 -985 -997 -821 -960 -992 -988 -988 -805 -988 -997  107   11 -987   20   10   -9 -157 -1000  403 -112   53   22 -986  -16 -1000 -997  715 -998    0

 Match results (draw <= 50): 

    Player Name           total  W  L  D   1  2  3  4  5  6  7  8  9 10 11 12 13 14 15 16 17 18 19 20 21 22 23 24 25 26 27 28 29 30 31 32 33 34 35 36 37 38 39 40 41 42
  1 Iocaine Powder          69  28  0 13   1  1  1  2  1  2  1  1  1  2  1  2  2  1  1  1  1  2  1  2  2  2  2  2  1  2  2  2  2  2  2  2  2  2  2  2  2  2  2  2  2  2
  2 Phasenbott              67  26  0 15   1  1  2  1  1  2  2  1  1  1  1  2  2  1  1  1  2  2  1  1  2  2  1  2  1  2  2  2  2  2  2  2  2  2  2  2  2  1  2  2  2  2
  3 MegaHAL                 67  28  2 11   1  0  1  1  1  2  1  1  2  1  1  1  2  0  1  2  2  2  1  2  2  2  2  2  1  2  2  2  2  2  2  2  2  2  2  2  2  2  2  2  2  2
  4 Simple Modeller         63  23  1 17   0  1  1  1  1  1  1  1  1  1  1  1  2  1  1  2  1  2  1  1  2  2  2  2  1  1  2  2  2  2  2  2  2  2  2  2  2  2  2  2  2  2
  5 Biopic                  61  21  1 19   1  1  1  1  1  1  1  1  1  1  1  1  2  1  0  1  1  2  1  1  2  2  2  2  1  2  2  2  1  1  2  2  2  2  2  2  2  2  2  2  2  2
  6 RussRocker4             60  23  4 14   0  0  0  1  1  1  1  1  2  1  1  1  2  1  1  1  1  2  0  2  2  2  1  2  1  2  2  2  2  2  2  2  1  2  2  2  2  2  2  2  2  2
  7 Bugbrain                59  20  2 19   1  0  1  1  1  1  1  1  1  1  1  0  1  1  1  2  2  2  1  2  2  2  2  1  1  1  2  2  2  2  1  2  1  1  2  2  2  2  2  2  2  2
  8 Yomi AI                 58  17  0 24   1  1  1  1  1  1  1  1  1  1  1  1  1  1  1  1  1  2  1  1  1  2  2  2  1  2  2  1  1  1  1  2  2  2  2  2  2  2  2  2  2  2
  9 Robertot                58  19  2 20   1  1  0  1  1  0  1  1  1  1  1  1  1  1  1  1  1  2  1  2  2  2  1  1  1  1  2  2  1  2  2  2  2  2  2  2  2  2  2  2  2  2
 10 Boom                    57  17  1 23   0  1  1  1  1  1  1  1  1  1  1  1  1  1  1  1  1  1  1  1  2  2  1  2  1  1  2  2  1  2  1  2  2  2  2  2  2  2  2  2  2  2
 11 Shofar                  57  16  0 25   1  1  1  1  1  1  1  1  1  1  1  1  1  1  1  1  1  1  1  1  2  2  2  1  1  1  2  2  1  1  2  2  2  1  2  2  2  2  2  2  2  2
 12 ACT-R Lag2              57  19  3 19   0  0  1  1  1  1  2  1  1  1  1  1  2  1  1  1  1  2  0  1  2  2  1  2  1  1  2  2  1  1  1  2  2  2  2  2  2  2  2  2  2  2
 13 Simple Predictor        54  21  8 12   0  0  0  0  0  0  1  1  1  1  1  0  1  1  1  2  2  1  0  2  1  2  1  2  1  1  2  2  2  2  2  2  2  2  2  2  2  2  2  2  2  2
 14 Majikthise              54  13  0 28   1  1  2  1  1  1  1  1  1  1  1  1  1  1  1  1  1  1  1  1  1  1  2  2  1  1  2  1  1  1  1  2  1  2  1  2  2  2  2  2  2  2
 15 Vroomfondel             54  13  0 28   1  1  1  1  2  1  1  1  1  1  1  1  1  1  1  1  2  1  1  1  1  1  1  2  1  1  2  1  1  1  1  2  1  2  1  2  2  2  2  2  2  2
 16 Sweet Rocky             51  15  5 21   1  1  0  0  1  1  0  1  1  1  1  1  0  1  1  1  1  1  1  1  1  1  1  1  1  1  2  2  2  2  0  2  2  2  2  2  2  2  2  2  2  2
 17 Piedra                  51  15  5 21   1  0  0  1  1  1  0  1  1  1  1  1  0  1  0  1  1  1  1  1  1  1  1  1  1  1  2  2  1  2  2  2  2  2  2  2  2  2  2  2  2  2
 18 Granite                 48  18 11 12   0  0  0  0  0  0  0  0  0  1  1  0  1  1  1  1  1  1  0  1  1  2  1  2  1  2  2  2  1  2  2  2  2  2  2  2  2  2  2  2  2  2
 19 * De Bruijn             47   7  1 33   1  1  1  1  1  2  1  1  1  1  1  2  2  1  1  1  1  2  1  1  2  1  2  1  1  1  1  1  1  1  1  1  1  1  1  1  1  1  2  0  1  1
 20 * Anti-rotn             45  12  8 21   0  1  0  1  1  0  0  1  0  1  1  1  0  1  1  1  1  1  1  1  1  0  1  2  0  1  2  1  1  1  1  1  2  2  2  2  2  2  2  2  2  2
 21 Marble                  45  16 12 13   0  0  0  0  0  0  0  1  0  0  0  0  1  1  1  1  1  1  0  1  1  1  1  2  1  1  2  2  2  2  1  2  2  2  2  2  2  2  2  2  2  2
 22 ZQ Bot                  43  16 14 11   0  0  0  0  0  0  0  0  0  0  0  0  0  1  1  1  1  0  1  2  1  1  1  2  1  1  2  2  1  2  1  2  2  2  2  2  2  2  2  2  2  2
 23 Mixed Strategy          43  11  9 21   0  1  0  0  0  1  0  0  1  1  0  1  1  0  1  1  1  1  0  1  1  1  1  1  1  1  1  2  1  1  1  2  2  1  2  2  2  2  2  2  2  2
 24 Inocencio               42  17 16  8   0  0  0  0  0  0  1  0  1  0  1  0  0  0  0  1  1  0  1  0  0  0  1  1  1  2  2  2  2  2  2  2  2  2  2  2  2  2  2  2  2  2
 25 * Pi                    41   1  1 39   1  1  1  1  1  1  1  1  1  1  1  1  1  1  1  1  1  1  1  2  1  1  1  1  1  1  1  1  1  1  1  1  0  1  1  1  1  1  1  1  1  1
 26 * Foxtrot               33   0  8 33   0  0  0  1  0  0  1  0  1  1  1  1  1  1  1  1  1  0  1  1  1  1  1  0  1  1  1  1  1  1  1  1  1  1  1  1  1  1  1  1  1  1
 27 Multi-strategy          32  13 22  6   0  0  0  0  0  0  0  0  0  0  0  0  0  0  0  0  0  0  1  0  0  0  1  0  1  1  1  2  2  1  2  1  2  2  2  2  2  2  2  2  2  2
 28 Peterbot                30   9 20 12   0  0  0  0  0  0  0  1  0  0  0  0  0  1  1  0  0  0  1  1  0  0  0  0  1  1  0  1  1  1  1  1  1  2  2  2  2  2  2  2  2  2
 29 * Add-drift             29   0 12 29   0  0  0  0  1  0  0  1  1  1  1  1  0  1  1  0  1  1  1  1  0  1  1  0  1  1  0  1  1  0  1  1  1  1  1  1  1  1  1  1  1  1
 30 * Add-react             29   3 15 23   0  0  0  0  1  0  0  1  0  0  1  1  0  1  1  0  0  0  1  1  0  0  1  0  1  1  1  1  2  1  1  1  1  1  1  1  1  1  1  2  1  2
 31 * Copy-drift            28   2 15 24   0  0  0  0  0  0  1  1  0  1  0  1  0  1  1  2  0  0  1  1  1  1  1  0  1  1  0  1  1  1  1  0  1  1  1  0  1  2  1  1  1  1
 32 Knucklehead             26   7 22 12   0  0  0  0  0  0  0  0  0  0  0  0  0  0  0  0  0  0  1  1  0  0  0  0  1  1  1  1  1  1  2  1  1  1  2  1  2  1  2  2  2  2
 33 * Text                  20   2 23 16   0  0  0  0  0  1  1  0  0  0  0  0  0  1  1  0  0  0  1  0  0  0  0  0  2  1  0  1  1  1  1  1  1  1  0  1  0  1  0  2  1  1
 34 * Flat                  20   2 23 16   0  0  0  0  0  0  1  0  0  0  1  0  0  0  0  0  0  0  1  0  0  0  1  0  1  1  0  0  1  1  1  1  1  1  2  1  1  1  2  0  1  1
 35 Beat The Last Move      19   5 27  9   0  0  0  0  0  0  0  0  0  0  0  0  0  1  1  0  0  0  1  0  0  0  0  0  1  1  0  0  1  1  1  0  2  0  1  0  2  0  2  2  1  2
 36 Always Switchin'        19   3 25 13   0  0  0  0  0  0  0  0  0  0  0  0  0  0  0  0  0  0  1  0  0  0  0  0  1  1  0  0  1  1  2  1  1  1  2  1  1  1  2  1  1  1
 37 Good Ole Rock           16   3 28 10   0  0  0  0  0  0  0  0  0  0  0  0  0  0  0  0  0  0  1  0  0  0  0  0  1  1  0  0  1  1  1  0  2  1  0  1  1  1  0  2  1  2
 38 * Switch A Lot          16   1 26 14   0  1  0  0  0  0  0  0  0  0  0  0  0  0  0  0  0  0  1  0  0  0  0  0  1  1  0  0  1  1  0  1  1  1  2  1  1  1  1  0  1  1
 39 Beat Frequent Pick      15   4 30  7   0  0  0  0  0  0  0  0  0  0  0  0  0  0  0  0  0  0  0  0  0  0  0  0  1  1  0  0  1  1  1  0  2  0  0  0  2  1  1  2  1  2
 40 * Anti-Flat             14   4 31  6   0  0  0  0  0  0  0  0  0  0  0  0  0  0  0  0  0  0  2  0  0  0  0  0  1  1  0  0  1  0  1  0  0  2  0  1  0  2  0  1  2  1
 41 Rotate R-P-S            14   0 27 14   0  0  0  0  0  0  0  0  0  0  0  0  0  0  0  0  0  0  1  0  0  0  0  0  1  1  0  0  1  1  1  0  1  1  1  1  1  1  1  0  1  1
 42 R-P-S 20-20-60          11   0 30 11   0  0  0  0  0  0  0  0  0  0  0  0  0  0  0  0  0  0  1  0  0  0  0  0  1  1  0  0  1  0  1  0  1  1  0  1  0  1  0  1  1  1


   Yomi AI is match ranked 8

 Tournament results:
    Player Name          total 
  1 Yomi AI               5954 
 19 Iocaine Powder       10949 
 20 Phasenbott           10056 
 21 MegaHAL               9576 
 22 RussRocker4           7576 
 23 Biopic                8742 
 24 Simple Modeller       9440 
 25 Simple Predictor      7921 
 26 Robertot              7500 
 27 Boom                  7579 
 28 Shofar                6359 
 29 ACT-R Lag2            6967 
 32 Granite               6596 
 33 Marble                6389 
 34 ZQ Bot                6021 
 36 Piedra                6389 

   Yomi is tournament ranked 16

