 Playing 1 tournaments with 1000 trials per match...

 Yomi AI            vs Good Ole Rock       Match: 1000 (1000+   0-   0=)
 Yomi AI            vs R-P-S 20-20-60      Match:  166 (438+ 272- 290=)
 Yomi AI            vs Rotate R-P-S        Match:  505 (634+ 129- 237=)
 Yomi AI            vs Beat The Last Move  Match:    2 (321+ 319- 360=)
 Yomi AI            vs Always Switchin'    Match:  108 (392+ 284- 324=)
 Yomi AI            vs Beat Frequent Pick  Match:  335 (547+ 212- 241=)
 Yomi AI            vs * Pi                Match:   16 (348+ 332- 320=)
 Yomi AI            vs * Switch A Lot      Match:   88 (392+ 304- 304=)
 Yomi AI            vs * Flat              Match:   82 (396+ 314- 290=)
 Yomi AI            vs * Anti-Flat         Match:  999 (999+   0-   1=)
 Yomi AI            vs * Foxtrot           Match:  228 (479+ 251- 270=)
 Yomi AI            vs * De Bruijn         Match:  -31 (314+ 345- 341=)
 Yomi AI            vs * Text              Match:   64 (366+ 302- 332=)
 Yomi AI            vs * Anti-rotn         Match:   36 (358+ 322- 320=)
 Yomi AI            vs * Copy-drift        Match:   29 (349+ 320- 331=)
 Yomi AI            vs * Add-react         Match:   48 (365+ 317- 318=)
 Yomi AI            vs * Add-drift         Match:   43 (349+ 306- 345=)
 Yomi AI            vs Iocaine Powder      Match:  -52 (320+ 372- 308=)
 Yomi AI            vs Phasenbott          Match:  -12 (330+ 342- 328=)
 Yomi AI            vs MegaHAL             Match:   15 (332+ 317- 351=)
 Yomi AI            vs RussRocker4         Match:   10 (334+ 324- 342=)
 Yomi AI            vs Biopic              Match:  -29 (326+ 355- 319=)
 Yomi AI            vs Simple Modeller     Match:   39 (361+ 322- 317=)
 Yomi AI            vs Simple Predictor    Match:   13 (342+ 329- 329=)
 Yomi AI            vs Robertot            Match:   13 (341+ 328- 331=)
 Yomi AI            vs Boom                Match:   42 (352+ 310- 338=)
 Yomi AI            vs Shofar              Match:  -11 (320+ 331- 349=)
 Yomi AI            vs ACT-R Lag2          Match:   27 (346+ 319- 335=)
 Yomi AI            vs Majikthise          Match:  -36 (312+ 348- 340=)
 Yomi AI            vs Vroomfondel         Match:  -45 (321+ 366- 313=)
 Yomi AI            vs Granite             Match:   26 (363+ 337- 300=)
 Yomi AI            vs Marble              Match:   56 (412+ 356- 232=)
 Yomi AI            vs ZQ Bot              Match:   40 (362+ 322- 316=)
 Yomi AI            vs Sweet Rocky         Match:   35 (357+ 322- 321=)
 Yomi AI            vs Piedra              Match:   36 (369+ 333- 298=)
 Yomi AI            vs Mixed Strategy      Match:   23 (351+ 328- 321=)
 Yomi AI            vs Multi-strategy      Match:  178 (453+ 275- 272=)
 Yomi AI            vs Inocencio           Match:   38 (363+ 325- 312=)
 Yomi AI            vs Peterbot            Match:  -18 (329+ 347- 324=)
 Yomi AI            vs Bugbrain            Match:   53 (374+ 321- 305=)
 Yomi AI            vs Knucklehead         Match:  315 (525+ 210- 265=)
 Final results (draw value = 50):

 Tournament results: 

    Player Name          total     1    2    3    4    5    6    7    8    9   10   11   12   13   14   15   16   17   18   19   20   21   22   23   24   25   26   27   28   29   30   31   32   33   34   35   36   37   38   39   40   41   42
  1 Iocaine Powder       10541     0   41  110   37   25  485   10   13  138   20  195   27   14  204  280   74   10   50   68  -24   53   52  155   34  -15  192  132  104  382  527  226  347  108  132  227  868  372  895  997  989  999  988
  2 Phasenbott            9949   -41    0   41    2   33  521   14   22  122   16  206   11    4  208  234  -10   39   57   89   21   37   12  243   38  -24  192   35  165  382  375  191  346   95   49  197  988  156  917  988  992  993  993
  3 MegaHAL               9362  -110  -41    0   -2   18  118   25   62   89   14  223    9   64  223  250    8   24   23   49   -9   34  -15  149  -40    5  131   29  176  112  438   68  264  133  250  442  862  371  934  996  991  999  996
  4 Simple Modeller       9041   -37   -2    2    0  -29   -3   17   35  250   18   50    8   60  120  279   36   41  104   54  -40    9  -39  167  -43   52  209  244  244  -18  255   97  105  144  185  495  997  402  595  990  994  999  995
  5 Biopic                8641   -25  -33  -18   29    0   -8   75   64    4   56   58  -22   53  111  122  -41  -14   13   62   18   28   29  251    4    6  158   48   49  401  481  214   23  152  155  366  822  409  555  994  999  999  994
  6 RussRocker4           7681  -485 -521 -118    3    8    0   12   43   45   31  163   22   58  145  165   54    1   83   62   17   28  -10  319  -41    9  124  123  144  156  456  103  333   89   96  261  914  221  593  988  992  998  997
  7 Robertot              7635   -10  -14  -25  -17  -75  -12    0   22   20  -47   53  -32   39   19   87    9   34   43   59  -45   25  -13  173  -15  -12   -6   49    0   28  405   57   92  173   89  453  811  403  848  973  996 1000  998
  8 Piedra                7458   -13  -22  -62  -35  -64  -43  -22    0  -55  -36  -47  -38   29  -71  -54   -9  -45  -29   68  -51  -69  -36  112  -35    1  802   14   60   28  289  156  399  134  157  178  919  374  591  995  998  996  994
  9 Simple Predictor      7254  -138 -122  -89 -250   -4  -45  -20   55    0  -11   66  -13   69   -3  151  -84   35   70   46  -34  -63  -13  220  -73   19  337  288  275  -66  304  117  135  166  255  408  324  389  587  985  989  993  999
 10 Boom                  7084   -20  -16  -14  -18  -56  -31   47   36   11    0   19  -41   61  103   32  -16  -34   -5   61  -17  -21  -42  159   12  -56   50   14   16   11  417  -42   98  151  226  445  531  296  753  982  989  997  996
 11 Marble                6840  -195 -206 -223  -50  -58 -163  -53   47  -66  -19    0  -26   20    5   51  -74  -59   71   43  -44    2  -56  261  -67  -35  645   35    9   40  313  123  104  175  140  215  949  412  594  989  992  999 1000
 12 Shofar                6414   -27  -11   -9   -8   22  -22   32   38   13   41   26    0   53   61   33  -26  -26   56   33  -27  -14   11  105  -36    7   46  107   -3   16  200   61   71  140  259  435   87  318  554  884  952  990  972
 13 Sweet Rocky           6398   -14   -4  -64  -60  -53  -58  -39  -29  -69  -61  -20  -53    0  -50  -10  -26  -70   -4   47  -30  -47  -35   64  -35   -6  770   69   20  -21  124   67  284  149  219  236  266  380  592  992  986  998  993
 14 Granite               6323  -204 -208 -223 -120 -111 -145  -19   71    3 -103   -5  -61   50    0   10 -120 -102   -3   38  -59  -35  -26  262  -64  -19  375   42   50   45  358  163  106  176   88  275  890  369  592  994  995  998 1000
 15 ZQ Bot                6110  -280 -234 -250 -279 -122 -165  -87   54 -151  -32  -51  -33   10  -10    0 -112 -176  -35   49  -95    1  -40  226   13  -41  783   14   75    8  314  146  252  172  170  229  864  360  595  988  990  995  995
 16 ACT-R Lag2            5980   -74   10   -8  -36   41  -54   -9    9   84   16   74   26   26  120  112    0   -4   17   30    5  -18  -27  351  -55   21   64   -9  -12  -24  521  150   -5   82  165  296  197  228  575  106  995  996  998
 17 Bugbrain              5842   -10  -39  -24  -41   14   -1  -34   45  -35   34   59   26   70  102  176    4    0   56   50    7  -17  -53  109    0   -8   61  -13    5   -7  129   -3   98   59   84  249  236  225  407  934  919  990  979
 18 Mixed Strategy        5636   -50  -57  -23 -104  -13  -83  -43   29  -70    5  -71  -56    4    3   35  -17  -56    0   55  -43  -86  -23   64  -55  -11  738    7   61    9  188  -32   44  148  -20   14  296  415  548  970  929  997  990
 19 * Anti-rotn           5418   -68  -89  -49  -54  -62  -62  -59  -68  -46  -61  -43  -33  -47  -38  -49  -30  -50  -55    0   -1    6  -36  265  -36  -46  430  -31  -25  -25   27  218   48   55  273  492  499  181  598  497  997  998  997
 20 Vroomfondel           5058    24  -21    9   40  -18  -17   45   51   34   17   44   27   30   59   95   -5   -7   43    1    0  -12   45  235    4   50   57   -6  -12   -8  198   52   34   70   70  251   18  157  440    2  994  996  972
 21 Majikthise            4828   -53  -37  -34   -9  -28  -28  -25   69   63   21   -2   14   47   35   -1   18   17   86   -6   12    0   36  179    0   11   72   27   28   41  243   44   17   -2  122  298   17  178  441  -69  997  995  994
 22 Yomi AI               4474   -52  -12   15   39  -29   10   13   36   13   42   56  -11   35   26   40   27   53   23   36  -45  -36    0  178  -31   16   38   29   43  228  315   82   48   64   88  108  -18  166  335    2  505 1000  999
 23 Multi-strategy        2815  -155 -243 -149 -167 -251 -319 -173 -112 -220 -159 -261 -105  -64 -262 -226 -351 -109  -64 -265 -235 -179 -178    0  -50  -20  -97  253    1    0   84  139  -31  123  287  475  500  409  999  997  997  999  997
 24 * De Bruijn            730   -34  -38   40   43   -4   41   15   35   73  -12   67   36   35   64  -13   55    0   55   36   -4    0   31   50    0   -1   27  -23   20   14    5   -9    8   23   47  -10  -16   30  128   -1   21    0 -104
 25 * Pi                    43    15   24   -5  -52   -6   -9   12   -1  -19   56   35   -7    6   19   41  -21    8   11   46  -50  -11  -16   20    1    0    7   -6   25   13   48   23  -78  -81  -35   20   10  -18   30   22  -11  -11  -12
 26 Inocencio              -84  -192 -192 -131 -209 -158 -124    6 -802 -337  -50 -645  -46 -770 -375 -783  -64  -61 -738 -430  -57  -72  -38   97  -27   -7    0   70   11  316  241  160  117  150   45  262  104  393  359  960  974  981  978
 27 * Copy-drift         -1493  -132  -35  -29 -244  -48 -123  -49  -14 -288  -14  -35 -107  -69  -42  -14    9   13   -7   31    6  -27  -29 -253   23    6  -70    0  -34  -16    7   73    4   28   48   25  -21  -18   17  -67  -10   -6   18
 28 * Add-drift          -1550  -104 -165 -176 -244  -49 -144    0  -60 -275  -16   -9    3  -20  -50  -75   12   -5  -61   25   12  -28  -43   -1  -20  -25  -11   34    0    0   -5  -21   -9    3  -23   -8  -38   30   33   -6   29  -41    1
 29 * Foxtrot            -2106  -382 -382 -112   18 -401 -156  -28  -28   66  -11  -40  -16   21  -45   -8   24    7   -9   25    8  -41 -228    0  -14  -13 -316   16    0    0   -8  -10   -3  -18   15   28  -59  -34   13    6  -21  -11   41
 30 Knucklehead          -2141  -527 -375 -438 -255 -481 -456 -405 -289 -304 -417 -313 -200 -124 -358 -314 -521 -129 -188  -27 -198 -243 -315  -84   -5  -48 -241   -7    5    8    0  -12   70   36  -10   41 1000   10  147  895  933 1000  998
 31 * Flat               -2734  -226 -191  -68  -97 -214 -103  -57 -156 -117   42 -123  -61  -67 -163 -146 -150    3   32 -218  -52  -44  -82 -139    9  -23 -160  -73   21   10   12    0    1   10  -13   -4 -141  -49  247  202   39    1 -426
 32 * Add-react          -3162  -347 -346 -264 -105  -23 -333  -92 -399 -135  -98 -104  -71 -284 -106 -252    5  -98  -44  -48  -34  -17  -48   31   -8   78 -117   -4    9    3  -70   -1    0   35    6   49  -11   34   -2   -8   19    2   36
 33 * Text               -3189  -108  -95 -133 -144 -152  -89 -173 -134 -166 -151 -175 -140 -149 -176 -172  -82  -59 -148  -55  -70    2  -64 -123  -23   81 -150  -28   -3   18  -36  -10  -35    0   59   32   33  -28 -185  -74  -11 -185  112
 34 * Switch A Lot       -3484  -132  -49 -250 -185 -155  -96  -89 -157 -255 -226 -140 -259 -219  -88 -170 -165  -84   20 -273  -70 -122  -88 -287  -47   35  -45  -48   23  -15   10   13   -6  -59    0  -26 -151   33   18  288    8   11   13
 35 Always Switchin'     -7192  -227 -197 -442 -495 -366 -261 -453 -178 -408 -445 -215 -435 -236 -275 -229 -296 -249  -14 -492 -251 -298 -108 -475   10  -20 -262  -25    8  -28  -41    4  -49  -32   26    0 -270   11   16  483   23   -3    2
 36 Peterbot             -8448  -868 -988 -862 -997 -822 -914 -811 -919 -324 -531 -949  -87 -266 -890 -864 -197 -236 -296 -499  -18  -17   18 -500   16  -10 -104   21   38   59 -1000  141   11  -33  151  270    0  419  439  981  997  998  995
 37 R-P-S 20-20-60       -8950  -372 -156 -371 -402 -409 -221 -403 -374 -389 -296 -412 -318 -380 -369 -360 -228 -225 -415 -181 -157 -178 -166 -409  -30   18 -393   18  -30   34  -10   49  -34   28  -33  -11 -419    0 -423 -122  -17 -455   71
 38 Beat Frequent Pick  -13980  -895 -917 -934 -595 -555 -593 -848 -591 -587 -753 -594 -554 -592 -592 -595 -575 -407 -548 -598 -440 -441 -335 -999 -128  -30 -359  -17  -33  -13 -147 -247    2  185  -18  -16 -439  423    0 -600    0  999  996
 39 Beat The Last Move  -19136  -997 -988 -996 -990 -994 -988 -973 -995 -985 -982 -989 -884 -992 -994 -988 -106 -934 -970 -497   -2   69   -2 -997    1  -22 -960   67    6   -6 -895 -202    8   74 -288 -483 -981  122  600    0    1 1000  996
 40 Rotate R-P-S        -25831  -989 -992 -991 -994 -999 -992 -996 -998 -989 -989 -992 -952 -986 -995 -990 -995 -919 -929 -997 -994 -997 -505 -997  -21   11 -974   10  -29   21 -933  -39  -19   11   -8  -23 -997   17    0   -1    0    0 -680
 41 Good Ole Rock       -26205  -999 -993 -999 -999 -999 -998 -1000 -996 -993 -997 -999 -990 -998 -998 -995 -996 -990 -997 -998 -996 -995 -1000 -999    0   11 -981    6   41   11 -1000   -1   -2  185  -11    3 -998  455 -999 -1000    0    0  999
 42 * Anti-Flat         -27870  -988 -993 -996 -995 -994 -997 -998 -994 -999 -996 -1000 -972 -993 -1000 -995 -998 -979 -990 -997 -972 -994 -999 -997  104   12 -978  -18   -1  -41 -998  426  -36 -112  -13   -2 -995  -71 -996 -996  680 -999    0

 Match results (draw <= 50): 

    Player Name           total  W  L  D   1  2  3  4  5  6  7  8  9 10 11 12 13 14 15 16 17 18 19 20 21 22 23 24 25 26 27 28 29 30 31 32 33 34 35 36 37 38 39 40 41 42
  1 Iocaine Powder          69  28  0 13   1  1  1  2  1  2  1  1  1  2  1  2  1  2  2  1  1  2  1  2  2  2  1  1  2  2  2  2  2  2  2  2  2  2  2  2  2  2  2  2  2  2
  2 Simple Modeller         65  24  0 17   1  1  1  1  1  1  1  1  1  1  1  2  1  1  1  1  2  1  1  2  2  2  2  2  2  1  2  2  2  2  2  2  2  2  2  2  2  2  2  2  2  2
  3 Phasenbott              64  23  0 18   1  1  1  1  1  2  1  1  1  1  1  2  1  1  1  1  1  2  1  2  2  2  2  1  2  2  1  2  2  2  2  2  2  2  1  2  2  2  2  2  2  2
  4 MegaHAL                 64  24  1 16   0  1  1  1  1  2  1  1  1  1  1  2  1  1  1  2  2  2  1  2  1  2  1  1  2  2  1  2  2  2  2  2  2  2  2  2  2  2  2  2  2  2
  5 Biopic                  64  23  0 18   1  1  1  1  1  1  1  1  2  1  1  1  2  1  1  2  2  2  1  2  2  2  1  1  2  2  1  1  2  2  1  2  2  2  2  2  2  2  2  2  2  2
  6 RussRocker4             63  25  3 13   0  1  0  0  1  1  1  1  1  2  1  1  1  1  1  1  2  2  1  2  2  2  2  1  2  2  2  2  2  2  2  2  2  2  2  2  2  2  2  2  2  2
  7 Shofar                  59  18  0 23   1  1  1  1  1  1  1  1  1  1  1  1  1  1  1  1  2  1  1  1  1  2  2  1  1  1  2  1  2  2  2  2  2  2  2  2  2  2  2  2  2  2
  8 Bugbrain                59  19  1 21   1  1  1  1  1  1  1  1  1  1  1  1  1  0  1  1  2  2  1  2  1  2  2  1  2  1  1  1  2  2  2  2  2  1  2  2  2  2  2  2  2  2
  9 Robertot                57  17  1 23   1  1  1  1  0  1  1  1  1  1  1  1  1  1  1  1  1  2  1  2  2  1  1  1  1  1  1  1  2  2  2  2  2  2  2  2  2  2  2  2  2  2
 10 ACT-R Lag2              56  18  3 20   0  1  1  1  1  0  1  1  1  1  1  2  1  1  1  1  1  2  0  2  1  2  1  1  2  1  1  1  2  2  1  2  2  2  2  2  2  2  2  2  2  2
 11 Vroomfondel             56  15  0 26   1  1  1  1  1  1  1  1  1  1  1  1  1  1  1  2  1  1  1  2  1  2  1  1  2  1  1  1  2  1  1  2  1  2  2  2  2  2  2  2  2  2
 12 Simple Predictor        55  22  8 11   0  0  0  0  1  1  1  1  1  0  1  1  1  1  0  2  2  2  0  2  1  1  2  1  2  0  2  2  2  2  2  2  2  2  2  2  2  2  2  2  2  2
 13 Boom                    55  16  2 23   1  1  1  1  0  1  1  1  1  1  1  1  1  1  1  1  2  1  1  1  2  2  1  0  1  1  1  1  2  2  2  2  2  1  2  2  2  2  2  2  2  2
 14 Yomi AI                 54  14  1 26   0  1  1  1  1  1  1  2  1  1  1  1  1  1  1  1  1  2  1  1  1  1  1  1  1  2  1  1  2  1  1  2  1  2  2  2  2  2  2  2  2  2
 15 Majikthise              52  13  2 26   0  1  1  1  1  1  1  1  1  1  1  2  1  1  1  2  1  1  1  1  1  1  2  1  2  1  1  1  2  1  1  2  0  1  2  1  2  2  2  2  2  2
 16 Piedra                  51  17  7 17   1  1  1  0  0  1  1  1  1  1  0  0  1  1  0  1  1  1  1  0  2  0  1  1  2  1  1  2  2  2  2  2  2  2  2  2  2  2  2  2  2  2
 17 Sweet Rocky             49  16  8 17   1  0  1  0  0  0  0  0  1  1  1  0  0  1  1  1  1  1  1  1  1  1  1  1  2  1  2  1  2  2  2  2  2  2  2  2  2  2  2  2  2  2
 18 Marble                  47  17 11 13   0  1  0  0  0  0  1  0  0  0  1  0  1  0  1  1  1  1  0  2  1  1  2  1  2  1  1  1  2  2  2  2  2  2  2  2  2  2  2  2  2  2
 19 * De Bruijn             46   6  1 34   1  1  1  1  1  1  1  1  1  2  1  2  1  1  1  1  1  2  1  1  1  2  2  1  1  1  1  1  1  1  1  1  1  1  1  1  1  1  2  1  1  0
 20 ZQ Bot                  46  17 12 12   0  0  0  0  0  0  1  0  0  0  0  0  1  1  1  2  1  0  1  1  1  1  1  1  2  1  1  2  2  2  2  2  2  2  2  2  2  2  2  2  2  2
 21 * Anti-rotn             45  13  9 19   0  0  0  1  0  0  1  1  0  1  1  1  0  1  1  0  1  1  1  1  1  1  0  1  2  1  1  1  2  2  1  1  2  2  2  2  2  2  2  2  2  2
 22 Granite                 45  16 12 13   0  0  0  0  0  0  0  0  1  0  0  1  0  1  1  2  1  1  0  1  1  1  1  1  2  1  1  1  2  2  2  2  2  2  2  2  2  2  2  2  2  2
 23 Mixed Strategy          45  13  9 19   1  0  0  1  1  0  0  0  1  1  1  0  1  1  0  1  1  0  0  1  2  1  1  1  2  1  1  2  2  2  1  2  2  1  1  2  1  2  2  2  2  2
 24 * Pi                    39   1  3 37   1  0  1  1  1  1  1  1  1  1  1  1  2  1  1  1  1  1  1  1  1  1  1  1  1  1  1  1  1  1  0  1  1  1  1  0  1  1  1  1  1  1
 25 Inocencio               38  15 18  8   0  0  0  0  0  0  1  0  1  0  0  0  1  1  0  0  0  0  1  0  0  0  0  1  1  2  2  1  2  2  2  2  2  2  1  2  2  2  2  2  2  2
 26 * Foxtrot               34   1  8 32   0  1  0  0  0  0  1  1  1  1  1  2  1  0  1  1  1  1  1  1  1  1  1  1  0  1  1  1  1  0  1  1  1  1  1  1  1  1  1  1  1  1
 27 * Copy-drift            33   1  9 31   0  0  1  1  1  0  0  1  1  1  1  0  1  1  1  1  0  1  1  1  1  1  1  1  0  1  1  1  0  1  1  1  0  2  1  1  1  1  1  1  1  1
 28 * Add-drift             32   0  9 32   0  0  0  0  1  0  1  1  1  1  1  0  1  1  1  0  1  1  1  0  1  1  0  1  1  1  1  1  1  1  1  1  1  1  1  1  1  1  1  1  1  1
 29 Multi-strategy          31  13 23  5   0  0  0  0  0  0  0  0  0  0  0  0  0  0  0  0  0  0  1  0  0  0  0  1  0  1  2  1  1  2  1  2  2  2  2  2  2  2  2  2  2  2
 30 Peterbot                29  10 22  9   0  0  0  0  0  0  0  0  0  0  1  0  0  1  1  0  0  0  1  0  0  0  0  1  0  2  1  1  0  1  1  0  2  2  2  1  2  2  2  2  2  2
 31 * Add-react             25   1 17 23   0  0  0  0  1  0  0  0  0  1  1  0  0  1  1  0  0  0  1  0  1  0  1  2  0  1  1  1  1  1  1  0  1  1  1  1  1  1  1  1  1  1
 32 Knucklehead             25   7 23 11   0  0  0  0  0  0  0  0  0  0  0  0  0  0  0  0  0  0  1  0  1  0  0  1  0  1  1  1  0  2  2  1  2  1  1  1  1  2  2  2  1  2
 33 Beat The Last Move      22   7 26  8   0  0  0  0  0  0  0  0  0  0  1  0  0  1  2  0  0  0  1  0  0  0  0  1  0  1  2  1  0  0  1  0  1  0  0  2  0  2  2  1  2  2
 34 * Flat                  20   2 23 16   0  0  0  0  0  0  0  1  0  0  0  0  1  0  1  0  0  0  1  0  0  0  1  1  0  1  0  1  0  0  1  1  2  1  1  1  1  1  2  1  1  0
 35 * Switch A Lot          19   1 23 17   0  0  1  0  0  0  0  0  0  0  0  0  0  0  0  0  0  0  1  0  0  0  1  1  1  1  1  1  0  0  1  1  2  1  1  0  1  1  1  1  1  1
 36 * Text                  18   3 26 12   0  0  0  0  0  0  0  0  0  0  0  0  0  0  1  0  0  0  1  0  0  0  0  2  0  1  1  1  0  1  1  1  0  1  2  1  1  0  0  1  1  2
 37 Always Switchin'        18   1 24 16   0  0  0  0  0  0  0  0  0  0  0  0  0  0  0  0  0  0  1  0  0  0  1  1  0  1  1  1  0  0  1  1  2  1  1  1  1  1  1  1  1  1
 38 Good Ole Rock           16   3 28 10   0  0  0  0  0  0  0  0  0  0  0  0  0  0  0  0  0  0  1  0  0  0  0  1  0  1  1  1  0  0  1  0  0  1  1  2  1  1  0  1  2  2
 39 Beat Frequent Pick      16   4 29  8   0  0  0  0  0  0  0  0  0  0  0  0  0  0  0  0  0  0  0  0  0  0  0  1  0  1  1  1  0  0  1  0  0  0  1  2  1  2  1  1  2  2
 40 Rotate R-P-S            14   0 27 14   0  0  0  0  0  0  0  0  0  0  0  0  0  0  0  0  0  0  1  0  0  0  0  1  0  1  1  1  0  0  1  0  1  1  1  1  1  1  1  1  1  0
 41 R-P-S 20-20-60          14   1 28 12   0  0  0  0  0  0  0  0  0  0  0  0  0  0  0  0  0  0  1  0  0  0  0  1  0  1  1  1  0  0  1  1  0  1  1  1  1  0  0  1  1  2
 42 * Anti-Flat             13   3 31  7   0  0  0  0  0  0  0  0  0  0  0  0  0  0  0  0  0  0  2  0  0  0  0  1  0  1  1  1  0  0  1  0  0  2  1  0  1  0  0  2  0  1


   Yomi AI is match ranked 14

 Tournament results:
    Player Name          total 
  1 Yomi AI               4474 
 15 * Anti-rotn           5418 
 19 Iocaine Powder       10541 
 20 Phasenbott            9949 
 21 MegaHAL               9362 
 22 RussRocker4           7681 
 23 Biopic                8641 
 24 Simple Modeller       9041 
 25 Simple Predictor      7254 
 26 Robertot              7635 
 27 Boom                  7084 
 28 Shofar                6414 
 29 ACT-R Lag2            5980 
 30 Majikthise            4828 
 31 Vroomfondel           5058 
 32 Granite               6323 
 33 Marble                6840 
 34 ZQ Bot                6110 
 35 Sweet Rocky           6398 
 36 Piedra                7458 
 37 Mixed Strategy        5636 
 41 Bugbrain              5842 

   Yomi is tournament ranked 22

