 Playing 1 tournaments with 1000 trials per match...

 Yomi AI            vs Good Ole Rock       Match: 1000 (1000+   0-   0=)
 Yomi AI            vs R-P-S 20-20-60      Match:  256 (502+ 246- 252=)
 Yomi AI            vs Rotate R-P-S        Match:  928 (935+   7-  58=)
 Yomi AI            vs Beat The Last Move  Match:  106 (401+ 295- 304=)
 Yomi AI            vs Always Switchin'    Match:  204 (465+ 261- 274=)
 Yomi AI            vs Beat Frequent Pick  Match:  530 (698+ 168- 134=)
 Yomi AI            vs * Pi                Match:  -18 (337+ 355- 308=)
 Yomi AI            vs * Switch A Lot      Match:  126 (391+ 265- 344=)
 Yomi AI            vs * Flat              Match:   45 (354+ 309- 337=)
 Yomi AI            vs * Anti-Flat         Match:  938 (946+   8-  46=)
 Yomi AI            vs * Foxtrot           Match:  361 (564+ 203- 233=)
 Yomi AI            vs * De Bruijn         Match:   59 (367+ 308- 325=)
 Yomi AI            vs * Text              Match:  124 (414+ 290- 296=)
 Yomi AI            vs * Anti-rotn         Match:  -23 (327+ 350- 323=)
 Yomi AI            vs * Copy-drift        Match:  -17 (328+ 345- 327=)
 Yomi AI            vs * Add-react         Match:   28 (350+ 322- 328=)
 Yomi AI            vs * Add-drift         Match:  -20 (324+ 344- 332=)
 Yomi AI            vs Iocaine Powder      Match:    3 (328+ 325- 347=)
 Yomi AI            vs Phasenbott          Match:  -55 (311+ 366- 323=)
 Yomi AI            vs MegaHAL             Match:   63 (369+ 306- 325=)
 Yomi AI            vs RussRocker4         Match:   21 (344+ 323- 333=)
 Yomi AI            vs Biopic              Match:   16 (348+ 332- 320=)
 Yomi AI            vs Simple Modeller     Match:   59 (362+ 303- 335=)
 Yomi AI            vs Simple Predictor    Match:   45 (380+ 335- 285=)
 Yomi AI            vs Robertot            Match:   10 (336+ 326- 338=)
 Yomi AI            vs Boom                Match:   49 (360+ 311- 329=)
 Yomi AI            vs Shofar              Match:   57 (378+ 321- 301=)
 Yomi AI            vs ACT-R Lag2          Match:   63 (371+ 308- 321=)
 Yomi AI            vs Majikthise          Match:  -16 (334+ 350- 316=)
 Yomi AI            vs Vroomfondel         Match:    6 (335+ 329- 336=)
 Yomi AI            vs Granite             Match:  100 (427+ 327- 246=)
 Yomi AI            vs Marble              Match:   35 (384+ 349- 267=)
 Yomi AI            vs ZQ Bot              Match:  109 (428+ 319- 253=)
 Yomi AI            vs Sweet Rocky         Match:   72 (397+ 325- 278=)
 Yomi AI            vs Piedra              Match:   55 (380+ 325- 295=)
 Yomi AI            vs Mixed Strategy      Match:   64 (373+ 309- 318=)
 Yomi AI            vs Multi-strategy      Match:  361 (573+ 212- 215=)
 Yomi AI            vs Inocencio           Match:   60 (386+ 326- 288=)
 Yomi AI            vs Peterbot            Match:   51 (366+ 315- 319=)
 Yomi AI            vs Bugbrain            Match:   17 (343+ 326- 331=)
 Yomi AI            vs Knucklehead         Match:  433 (607+ 174- 219=)
 Final results (draw value = 50):

 Tournament results: 

    Player Name          total     1    2    3    4    5    6    7    8    9   10   11   12   13   14   15   16   17   18   19   20   21   22   23   24   25   26   27   28   29   30   31   32   33   34   35   36   37   38   39   40   41   42
  1 Iocaine Powder       10572     0   63   22   28   63   -7  514   44   11  171  258  -43   -3  252   27   20  102   10  279   50   37  -18  236  167   33    1  140  217  350  198  306  128  569   30  895  231  354  881  993  989  992  982
  2 Phasenbott            9847   -63    0   93   29  -21   74  552   34   17  111  213   14   55  216   -3   42   53   45  261   52    3   41  180  152   23  -20  132   30  394   96  312   68  361   57  924  238  183  931  984  989  995 1000
  3 MegaHAL               9423   -22  -93    0    8  -26   46   99  -25   23   13  282  -24  -63  246   80    7   38   25  221   55   31   -1  233  270  -22  -23  195   76   61  106  276  142  351  238  882  447  373  935  985  989  999  990
  4 Biopic                8781   -28  -29   -8    0  -17    5   14   34  -37   25  118    2  -16  139   18    4   73   27   81   56  -15   31  264  109    5  -14   -4  117  429  175   74  169  516  151  738  345  330  914  996  992  998 1000
  5 Simple Modeller       8694   -63   21   26   17    0  -16  -26  -50   51  313   51  -42  -59   95   30   31  106   37  279   40   25   26  181  100  -20  -23  268  217  -10   56  108  145  189  242  969  453  352  594  991  992  999  999
  6 Robertot              7634     7  -74  -46   -5   16    0  -17  -34   56   26   38   26  -10   -5   36   10   45   13   88   49   15   16  298   30  -39   -3   41   44    3   76   40  188  353  105  690  484  400  855  837  992  996  994
  7 RussRocker4           7584  -514 -552  -99  -14   26   17    0   38   -1   77  126   25  -21  165   21   31   41   39  173   42   -1   15  197  156    9   -6  137  132  129   79  345   69  509  146  891  292  285  594  994  994  998 1000
  8 ACT-R Lag2            7425   -44  -34   25  -34   50   34  -38    0  -16   74  143   15  -63  118   31   13   43   33   84   23   18   13  340  729 -101  -22    2  -21  -28  122   78  105  477  142   73  292  314  575  878  994  997  991
  9 Boom                  7224   -11  -17  -23   37  -51  -56    1   16    0   25   18  -26  -49   16   49  -19   19   39   58   44  -17  -61  263  -79    8   -8   43   41  -27   48   99  135  451  207  528  438  362  753  989  990  997  994
 10 Simple Predictor      7155  -171 -111  -13  -25 -313  -26  -77  -74  -25    0    3  -41  -45   10    6   13   26   42  148   66  -53  -42  191  527  -79  -14  304  307  -14  108  174  149  319  168  321  419  425  588  985  986  995  998
 11 Granite               6706  -258 -213 -282 -118  -51  -38 -126 -143  -18   -3    0   -9 -100   50   42  -21   -5   30   34   64  -14   33  288  644  -70  -40   28   17   61  135   98  178  334  113  926  183  389  591  992  992  999  994
 12 Shofar                6390    43  -14   24   -2   42  -26  -25  -15   26   41    9    0  -57   92   23  -24   38   28   14   40  -23  -35  121   73   19   38   72  136    5  -12   75  162  128  228   43  454  294  558  874  947  984  992
 13 Yomi AI               6305     3  -55   63   16   59   10   21   63   49   45  100   57    0   35   72   17   64   55  109  -23  -16    6  361   60   59  -18  -20  -17  361   45   28  124  433  126   51  204  256  530  106  928 1000  938
 14 Marble                6283  -252 -216 -246 -139  -95    5 -165 -118  -16  -10  -50  -92  -35    0   19  -56   51    7   37   52  -43  -41  252  454  -63   -5   33   35   62  156   84  177  256  153  922  210  384  592  992  998  998  996
 15 Sweet Rocky           6177   -27    3  -80  -18  -30  -36  -21  -31  -49   -6  -42  -23  -72  -19    0  -14   -2   29  -19   11  -26  -45  121  -43  -51   10   93   27  -26  146  310  158  203  155  323  302  396  595  998  992  996  989
 16 Bugbrain              6133   -20  -42   -7   -4  -31  -10  -31  -13   19  -13   21   24  -17   56   14    0   58   24  168   46  -76   45  140   -4  -12  -23  109   98    6   87   91   14  183  119  401  221  195  407  948  972  974  996
 17 Mixed Strategy        5702  -102  -53  -38  -73 -106  -45  -41  -43  -19  -26    5  -38  -64  -51    2  -58    0   31  -16    5   11  -58  351  732  -66  -42  -29   50  -18   20   37  147  140   93  219   64  401  470  966  951  995  998
 18 Piedra                5491   -10  -45  -25  -27  -37  -13  -39  -33  -39  -42  -30  -28  -55   -7  -29  -24  -31    0  -52   47  -68  -22  123  -60  -19   -2    2   48   27  101   65  173  113  133  158  309  355  590  996  996  998  994
 19 ZQ Bot                5345  -279 -261 -221  -81 -279  -88 -173  -84  -58 -148  -34  -14 -109  -37   19 -168   16   52    0   68  -14 -110  200  -20  -20  -19  -14   67    5  105  298  131  292  178  918  280  378  593  998  990  996  992
 20 * Anti-rotn           5341   -50  -52  -55  -56  -40  -49  -42  -23  -44  -66  -64  -40   23  -52  -11  -46   -5  -47  -68    0   10   56  225  543  -41  -36    8   35   -5  212    7   54   69  307   36  500  160  499  494  999 1000  996
 21 Majikthise            4714   -37   -3  -31   15  -25  -15    1  -18   17   53   14   23   16   43   26   76  -11   68   14  -10    0   -6  191   53   28  -37   16  -14   12   83   -7   67  205  106   72  196  139  428  -10  992  995  989
 22 Vroomfondel           4666    18  -41    1  -31  -26  -16  -15  -13   61   42  -33   35   -6   41   45  -45   58   22  110  -56    6    0  161   47    0  -16   20   -3    7   50  -62    6  261  149   23  263  138  484   12  991  993  985
 23 Multi-strategy        2289  -236 -180 -233 -264 -181 -298 -197 -340 -263 -191 -288 -121 -361 -252 -121 -140 -351 -123 -200 -225 -191 -161    0  -93  -50  -20   -2  264   51  143   96  123   46  313  500  452  392  999  997  997  999  999
 24 Inocencio             1484  -167 -152 -270 -109 -100  -30 -156 -729   79 -527 -644  -73  -60 -454   43    4 -732   60   20 -543  -53  -47   93    0  -11  -11   13   20  331  212   25  152  183   56  134  328  384  360  929  974  976  976
 25 * De Bruijn            395   -33  -23   22   -5   20   39   -9  101   -8   79   70  -19  -59   63   51   12   66   19   20   41  -28    0   50   11    0   -1   -7  -26  -16    0  -15   23   -7  -28  -23  -21   -5  128   -1   21    0 -107
 26 * Pi                   346    -1   20   23   14   23    3    6   22    8   14   40  -38   18    5  -10   23   42    2   19   36   37   16   20   11    1    0  -21   -6   78    5  -18  -81    8  -13   16   29  -23   30   22  -11  -11  -12
 27 * Add-drift          -1598  -140 -132 -195    4 -268  -41 -137   -2  -43 -304  -28  -72   20  -33  -93 -109   29   -2   14   -8  -16  -20    2  -13    7   21    0   37   22  -22   18  -26    0   21  -21  -10  -18  -20   21  -50    9    0
 28 * Copy-drift         -1941  -217  -30  -76 -117 -217  -44 -132   21  -41 -307  -17 -136   17  -35  -27  -98  -50  -48  -67  -35   14    3 -264  -20   26    6  -37    0   17   -1  -17    7   29   19  -64   -9   13    8   -6  -47    0   38
 29 * Foxtrot            -2393  -350 -394  -61 -429   10   -3 -129   28   27   14  -61   -5 -361  -62   26   -6   18  -27   -5    5  -12   -7  -51 -331   16  -78  -22  -17    0  -35  -11   20  -24  -24    5   18   -8    4   -8  -53    1  -11
 30 * Flat               -2516  -198  -96 -106 -175  -56  -76  -79 -122  -48 -108 -135   12  -45 -156 -146  -87  -20 -101 -105 -212  -83  -50 -143 -212    0   -5   22    1   35    0   38  -29  -11   24 -170  -24   17  260  207   42    1 -377
 31 * Add-react          -2936  -306 -312 -276  -74 -108  -40 -345  -78  -99 -174  -98  -75  -28  -84 -310  -91  -37  -65 -298   -7    7   62  -96  -25   15   18  -18   17   11  -38    0   25  -49  -26  -77    3   30   18   45  -50  -14  111
 32 * Text               -3233  -128  -68 -142 -169 -145 -188  -69 -105 -135 -149 -178 -162 -124 -177 -158  -14 -147 -173 -131  -54  -67   -6 -123 -152  -23   81   26   -7  -20   29  -25    0   -6   -6   24    0    2 -185  -74  -11 -185  111
 33 Knucklehead          -3426  -569 -361 -351 -516 -189 -353 -509 -477 -451 -319 -334 -128 -433 -256 -203 -183 -140 -113 -292  -69 -205 -261  -46 -183    7   -8    0  -29   24   11   49    6    0    5  -15   21   22  135  527  800  967  993
 34 * Switch A Lot       -3542   -30  -57 -238 -151 -242 -105 -146 -142 -207 -168 -113 -228 -126 -153 -155 -119  -93 -133 -178 -307 -106 -149 -313  -56   28   13  -21  -19   24  -24   26    6   -5    0 -112  -22  -28   18  300  -23   -8   20
 35 Peterbot             -6252  -895 -924 -882 -738 -969 -690 -891  -73 -528 -321 -926  -43  -51 -922 -323 -401 -219 -158 -918  -36  -72  -23 -500 -134   23  -16   21   64   -5  170   77  -24   15  112    0  219  328  435  982  997 1000  987
 36 Always Switchin'     -7286  -231 -238 -447 -345 -453 -484 -292 -292 -438 -419 -183 -454 -204 -210 -302 -221  -64 -309 -280 -500 -196 -263 -452 -328   21  -29   10    9  -18   24   -3    0  -21   22 -219    0   11   18  510   -7    0   -9
 37 R-P-S 20-20-60       -8722  -354 -183 -373 -330 -352 -400 -285 -314 -362 -425 -389 -294 -256 -384 -396 -195 -401 -355 -378 -160 -139 -138 -392 -384    5   23   18  -13    8  -17  -30   -2  -22   28 -328  -11    0 -369 -181   26 -431  213
 38 Beat Frequent Pick  -14400  -881 -931 -935 -914 -594 -855 -594 -575 -753 -588 -591 -558 -530 -592 -595 -407 -470 -590 -593 -499 -428 -484 -999 -360 -128  -30   20   -8   -4 -260  -18  185 -135  -18 -435  -18  369    0 -600    0  999  997
 39 Beat The Last Move  -19671  -993 -984 -985 -996 -991 -837 -994 -878 -989 -985 -992 -874 -106 -992 -998 -948 -966 -996 -998 -494   10  -12 -997 -929    1  -22  -21    6    8 -207  -45   74 -527 -300 -982 -510  181  600    0    1 1000  996
 40 Rotate R-P-S        -25930  -989 -989 -989 -992 -992 -992 -994 -994 -990 -986 -992 -947 -928 -998 -992 -972 -951 -996 -990 -999 -992 -991 -997 -974  -21   11   50   47   53  -42   50   11 -800   23 -997    7  -26    0   -1    0    0 -669
 41 Good Ole Rock       -26199  -992 -995 -999 -998 -999 -996 -998 -997 -997 -995 -999 -984 -1000 -998 -996 -974 -995 -998 -996 -1000 -995 -993 -999 -976    0   11   -9    0   -1   -1   14  185 -967    8 -1000    0  431 -999 -1000    0    0  998
 42 * Anti-Flat         -28061  -982 -1000 -990 -1000 -999 -994 -1000 -991 -994 -998 -994 -992 -938 -996 -989 -996 -998 -994 -992 -996 -989 -985 -999 -976  107   12    0  -38   11  377 -111 -111 -993  -20 -987    9 -213 -997 -996  669 -998    0

 Match results (draw <= 50): 

    Player Name           total  W  L  D   1  2  3  4  5  6  7  8  9 10 11 12 13 14 15 16 17 18 19 20 21 22 23 24 25 26 27 28 29 30 31 32 33 34 35 36 37 38 39 40 41 42
  1 Phasenbott              67  27  1 13   1  0  2  2  1  1  2  1  1  1  1  2  2  1  1  1  1  2  2  2  1  2  2  2  1  2  2  2  1  2  2  2  2  2  2  2  2  2  2  2  2  2
  2 Iocaine Powder          66  25  0 16   2  1  1  1  1  2  2  1  1  1  1  1  2  1  1  1  1  2  2  1  1  2  2  2  1  2  2  2  2  2  2  2  2  2  2  1  2  2  2  2  2  2
  3 Yomi AI                 64  24  1 16   0  1  1  2  1  2  1  2  1  1  2  1  1  2  1  1  2  2  1  1  2  2  2  2  1  1  2  2  1  2  1  2  1  2  2  2  2  2  2  2  2  2
  4 MegaHAL                 63  24  2 15   0  1  0  1  1  1  2  1  1  1  1  1  1  2  1  1  1  2  2  2  1  2  1  2  1  2  2  2  2  2  2  2  2  2  2  2  2  2  2  2  2  2
  5 Biopic                  63  22  0 19   1  1  1  1  1  1  1  1  1  1  1  1  1  1  1  1  1  2  2  2  1  2  2  2  1  1  2  2  2  2  2  2  2  2  2  2  2  2  2  2  2  2
  6 Simple Modeller         62  23  2 16   1  0  0  1  1  1  1  1  1  1  1  1  2  1  2  1  1  2  2  1  1  2  2  2  1  2  2  2  2  1  2  2  2  2  2  2  2  2  2  2  2  2
  7 RussRocker4             60  22  3 16   0  0  1  0  1  1  1  1  1  1  1  1  2  1  1  1  1  2  2  1  1  2  1  2  1  2  2  2  2  2  2  2  2  2  2  2  2  2  2  2  2  2
  8 ACT-R Lag2              58  19  2 20   1  1  0  1  1  1  1  1  1  1  1  1  2  1  1  1  1  2  2  1  0  2  1  2  1  1  2  2  1  1  2  2  2  2  2  2  2  2  2  2  2  2
  9 Bugbrain                58  18  1 22   1  1  1  1  1  1  1  1  1  0  1  1  1  1  1  1  1  1  2  1  1  2  2  1  1  2  2  2  2  1  2  2  2  2  1  2  2  2  2  2  2  2
 10 Majikthise              57  16  0 25   1  1  1  1  1  1  1  1  2  1  1  1  2  1  1  1  2  1  1  1  1  1  1  2  1  1  2  2  1  1  1  2  2  1  2  2  2  2  2  2  2  2
 11 Shofar                  56  16  1 24   1  1  0  1  1  1  1  1  1  1  1  1  1  1  1  1  1  1  2  1  1  1  1  2  1  2  2  1  2  1  2  2  1  2  2  2  2  2  2  2  2  2
 12 Robertot                55  15  1 25   0  1  1  1  1  1  1  1  1  1  1  1  1  1  2  1  1  1  1  1  1  2  1  1  1  1  2  2  1  1  1  2  2  2  2  2  2  2  2  2  2  2
 13 Simple Predictor        53  19  7 15   0  0  1  1  1  0  0  0  1  0  1  1  1  1  1  1  1  1  1  2  0  2  1  2  1  2  2  2  2  1  2  2  2  2  2  2  2  2  2  2  2  2
 14 Sweet Rocky             53  15  3 23   1  1  0  0  1  1  1  1  1  1  1  1  1  1  1  1  1  1  1  1  0  1  1  1  1  2  2  2  1  1  2  2  2  2  2  2  2  2  2  2  2  2
 15 Boom                    51  14  4 23   1  1  1  1  1  0  1  1  1  1  1  0  1  1  1  0  1  1  1  1  1  2  1  0  1  1  2  2  1  1  2  2  1  2  2  2  2  2  2  2  2  2
 16 Vroomfondel             51  12  2 27   1  1  1  1  1  1  1  1  1  1  1  1  1  1  2  1  1  1  1  0  1  2  2  1  1  1  2  1  1  1  0  2  1  1  1  2  2  2  2  2  2  2
 17 Piedra                  51  14  4 23   1  1  0  1  1  1  1  1  1  0  1  1  1  1  1  1  1  1  1  1  1  0  1  0  1  1  2  2  1  1  2  2  2  2  2  2  2  2  2  2  2  2
 18 Granite                 49  17  9 15   0  0  0  0  0  0  0  0  1  1  1  1  1  1  1  1  1  1  1  2  0  1  1  2  1  1  2  2  1  2  2  2  2  2  2  2  2  2  2  2  2  2
 19 Marble                  49  18 10 13   0  0  1  0  0  0  0  0  0  1  0  1  1  1  1  1  1  1  1  2  0  1  2  2  1  1  2  2  1  2  2  2  2  2  2  2  2  2  2  2  2  2
 20 * Anti-rotn             48  14  7 20   0  1  1  0  0  1  1  1  1  1  1  1  0  1  1  2  1  0  0  1  1  0  1  2  1  1  2  1  1  1  1  2  2  2  2  2  2  2  2  2  2  2
 21 * De Bruijn             46   7  2 32   1  1  0  1  1  1  1  2  1  1  1  1  2  2  1  1  1  2  2  1  1  1  2  1  1  1  1  1  1  1  1  1  1  1  1  1  1  2  1  1  1  0
 22 ZQ Bot                  45  17 13 11   0  0  0  0  0  0  0  0  0  1  1  0  0  1  0  0  2  1  1  2  1  1  1  1  1  1  2  2  2  1  2  2  2  2  2  2  2  2  2  2  2  2
 23 Mixed Strategy          45  13  9 19   0  0  0  1  0  0  1  1  0  1  1  1  1  1  1  0  1  1  0  1  0  1  1  2  1  1  2  2  1  1  1  2  1  2  2  2  2  2  2  2  2  2
 24 Inocencio               42  16 15 10   0  0  0  0  0  0  0  0  1  0  0  1  0  1  2  1  2  0  0  0  1  1  0  1  1  1  2  2  1  2  1  2  2  2  2  2  2  2  2  2  2  2
 25 * Pi                    41   1  1 39   1  1  1  1  1  1  1  1  1  1  1  1  1  1  1  1  1  1  1  1  1  1  1  1  1  1  1  1  1  2  1  1  1  1  0  1  1  1  1  1  1  1
 26 * Add-drift             32   0  9 32   0  0  1  0  1  0  0  1  0  1  0  1  0  0  1  1  1  1  1  1  1  1  1  1  1  1  1  1  1  1  1  1  1  1  1  1  1  1  1  1  1  1
 27 Multi-strategy          32  14 23  4   0  0  0  0  0  0  0  0  0  0  0  0  0  0  0  0  0  0  0  0  1  0  0  0  1  1  1  2  2  2  2  1  2  2  2  2  2  2  2  2  2  2
 28 Peterbot                31  11 21  9   0  0  0  0  0  0  0  0  0  0  1  0  0  0  0  1  0  0  0  1  1  0  0  0  1  1  0  1  2  1  2  1  2  2  1  2  2  2  2  2  2  2
 29 * Copy-drift            30   0 11 30   1  0  1  0  0  0  0  1  0  1  0  1  0  1  1  1  1  1  1  1  1  0  1  1  1  1  0  0  1  1  1  1  1  1  1  1  1  1  1  1  1  1
 30 * Foxtrot               29   0 12 29   0  0  0  0  0  1  0  1  1  1  1  1  1  1  1  1  1  0  0  1  1  1  1  0  0  1  0  1  1  1  1  1  1  1  1  1  1  1  1  0  1  1
 31 * Add-react             25   2 18 21   0  0  1  0  0  0  0  0  0  1  0  1  0  0  0  2  0  0  0  1  1  0  1  1  1  1  0  0  1  1  1  1  1  1  1  1  1  1  1  1  1  2
 32 Knucklehead             23   5 23 13   0  0  0  0  0  0  0  0  0  0  0  0  0  0  0  0  0  0  0  0  1  0  0  0  1  1  1  1  1  1  1  1  1  2  1  1  1  2  2  2  1  2
 33 * Flat                  22   2 21 18   0  0  1  0  0  0  0  0  0  0  1  0  0  0  1  1  0  0  0  0  1  0  1  0  1  1  0  0  1  1  1  1  1  2  1  1  1  2  1  1  1  0
 34 Beat The Last Move      19   5 27  9   0  0  0  0  0  0  0  0  0  1  0  0  0  0  0  1  0  0  0  0  1  0  0  0  1  1  0  0  1  1  1  0  0  1  2  0  0  2  2  1  2  2
 35 * Text                  18   2 25 14   0  0  0  0  0  0  0  0  1  0  0  0  0  0  0  1  0  0  0  0  1  0  0  0  2  1  0  1  1  1  1  1  1  0  1  1  1  0  0  1  1  2
 36 * Switch A Lot          18   1 24 16   0  1  0  0  0  0  0  0  0  0  0  0  0  0  0  0  0  0  0  0  1  0  0  0  1  1  0  0  1  1  1  1  1  2  1  1  1  1  1  1  1  1
 37 Always Switchin'        17   1 25 15   0  0  0  0  0  0  0  0  0  0  0  0  0  0  0  0  0  0  0  0  1  0  0  0  1  1  0  0  1  1  1  1  1  2  1  1  1  1  1  1  1  1
 38 Beat Frequent Pick      16   4 29  8   0  0  0  0  0  0  0  0  0  0  0  0  0  0  0  0  0  0  0  0  0  0  0  0  1  1  0  0  1  1  1  0  0  0  2  1  1  1  2  1  2  2
 39 Good Ole Rock           16   3 28 10   0  0  0  0  0  0  0  0  0  0  0  0  0  0  0  0  0  0  0  0  1  0  0  0  1  1  0  0  1  1  1  0  1  0  2  1  1  0  1  1  2  2
 40 Rotate R-P-S            15   1 27 13   0  0  0  0  0  0  0  0  0  0  0  0  0  0  0  0  0  0  0  0  1  0  0  0  1  1  0  0  1  2  1  0  1  1  1  1  1  1  1  1  1  0
 41 R-P-S 20-20-60          14   1 28 12   0  0  0  0  0  0  0  0  0  0  0  0  0  0  0  0  0  0  0  0  1  0  0  0  1  1  0  0  1  1  1  1  1  0  1  1  1  0  0  1  1  2
 42 * Anti-Flat             12   3 32  6   0  0  0  0  0  0  0  0  0  0  0  0  0  0  0  0  0  0  0  0  2  0  0  0  1  1  0  0  1  1  0  0  2  0  0  1  1  0  0  2  0  1


   Yomi AI is match ranked 3

 Tournament results:
    Player Name          total 
  1 Yomi AI               6305 
 19 Iocaine Powder       10572 
 20 Phasenbott            9847 
 21 MegaHAL               9423 
 22 RussRocker4           7584 
 23 Biopic                8781 
 24 Simple Modeller       8694 
 25 Simple Predictor      7155 
 26 Robertot              7634 
 27 Boom                  7224 
 28 Shofar                6390 
 29 ACT-R Lag2            7425 
 32 Granite               6706 

   Yomi is tournament ranked 13

