 Playing 1 tournaments with 1000 trials per match...

 Yomi AI            vs Good Ole Rock       Match: 1000 (1000+   0-   0=)
 Yomi AI            vs R-P-S 20-20-60      Match:  212 (481+ 269- 250=)
 Yomi AI            vs Rotate R-P-S        Match:  536 (766+ 230-   4=)
 Yomi AI            vs Beat The Last Move  Match:   22 (346+ 324- 330=)
 Yomi AI            vs Always Switchin'    Match:  140 (451+ 311- 238=)
 Yomi AI            vs Beat Frequent Pick  Match:  466 (688+ 222-  90=)
 Yomi AI            vs * Pi                Match:   -9 (337+ 346- 317=)
 Yomi AI            vs * Switch A Lot      Match:  107 (406+ 299- 295=)
 Yomi AI            vs * Flat              Match:   46 (364+ 318- 318=)
 Yomi AI            vs * Anti-Flat         Match:  537 (761+ 224-  15=)
 Yomi AI            vs * Foxtrot           Match:  305 (544+ 239- 217=)
 Yomi AI            vs * De Bruijn         Match:    4 (353+ 349- 298=)
 Yomi AI            vs * Text              Match:  109 (407+ 298- 295=)
 Yomi AI            vs * Anti-rotn         Match:   20 (336+ 316- 348=)
 Yomi AI            vs * Copy-drift        Match:  -13 (319+ 332- 349=)
 Yomi AI            vs * Add-react         Match:   19 (347+ 328- 325=)
 Yomi AI            vs * Add-drift         Match:   -5 (334+ 339- 327=)
 Yomi AI            vs Iocaine Powder      Match:   13 (345+ 332- 323=)
 Yomi AI            vs Phasenbott          Match:  -27 (323+ 350- 327=)
 Yomi AI            vs MegaHAL             Match:  -39 (329+ 368- 303=)
 Yomi AI            vs RussRocker4         Match:  -18 (342+ 360- 298=)
 Yomi AI            vs Biopic              Match:   50 (371+ 321- 308=)
 Yomi AI            vs Simple Modeller     Match:  -26 (343+ 369- 288=)
 Yomi AI            vs Simple Predictor    Match:   25 (362+ 337- 301=)
 Yomi AI            vs Robertot            Match:   51 (366+ 315- 319=)
 Yomi AI            vs Boom                Match:   12 (349+ 337- 314=)
 Yomi AI            vs Shofar              Match:  -12 (334+ 346- 320=)
 Yomi AI            vs ACT-R Lag2          Match:   29 (361+ 332- 307=)
 Yomi AI            vs Majikthise          Match:   39 (360+ 321- 319=)
 Yomi AI            vs Vroomfondel         Match:  -17 (330+ 347- 323=)
 Yomi AI            vs Granite             Match:  137 (460+ 323- 217=)
 Yomi AI            vs Marble              Match:  113 (443+ 330- 227=)
 Yomi AI            vs ZQ Bot              Match:   68 (423+ 355- 222=)
 Yomi AI            vs Sweet Rocky         Match:   61 (376+ 315- 309=)
 Yomi AI            vs Piedra              Match:   32 (373+ 341- 286=)
 Yomi AI            vs Mixed Strategy      Match:   41 (385+ 344- 271=)
 Yomi AI            vs Multi-strategy      Match:  180 (461+ 281- 258=)
 Yomi AI            vs Inocencio           Match:   28 (388+ 360- 252=)
 Yomi AI            vs Peterbot            Match:  -50 (334+ 384- 282=)
 Yomi AI            vs Bugbrain            Match:   -3 (337+ 340- 323=)
 Yomi AI            vs Knucklehead         Match:  397 (609+ 212- 179=)
 Final results (draw value = 50):

 Tournament results: 

    Player Name          total     1    2    3    4    5    6    7    8    9   10   11   12   13   14   15   16   17   18   19   20   21   22   23   24   25   26   27   28   29   30   31   32   33   34   35   36   37   38   39   40   41   42
  1 Iocaine Powder       10943     0  167   37   16   42  523   17   27  186    9  240   -9  252   57   87  -15   30  316   61  -10  -13  -20  291  214  -17    8  141  222  334  254  540  370  104   67  929  237  388  902  983  984  992 1000
  2 Phasenbott            9762  -167    0   67   34   17  526   20   27  238   55  118  -26  264   32   52   10   51  298   96    7   27   36  142  163   13  -10   25  158  384   58  356  320   88  126  895  196  182  915  986  996  996  991
  3 MegaHAL               9754   -37  -67    0    1   -8   89   81   14  217   15   70    9  188   70  -18   23   50  269   53    9   39  -26  171  240   -5    2  220   46   63  154  377  266  189  279  923  436  418  963  990  986  999  996
  4 Simple Modeller       8859   -16  -34   -1    0   25  -30   -9    4  122   61  271   36  110   47  -49   39   62  308   52    8   26   23  706  157   -2   14  230  261   11   81  223   96  119  183  338  423  391  592  994  997  998  992
  5 Biopic                8401   -42  -17    8  -25    0   34   21   -1  163   40   88   -3  107   47    2   -8   29  100   12   12  -50  -12  153  277  -24   -9  -33  106  417  196  491   55  143  164  758  283  425  505  998  996  996  999
  6 RussRocker4           7926  -523 -526  -89   30  -34    0    7    5   75  -20   90   14  160   26   45   49   54  159   69    7   18   36  154  319  -55   34  159  161  195  149  505  324   43  130  914  251  408  594  994  995 1000 1000
  7 Robertot              7516   -17  -20  -81    9  -21   -7    0   10   53   62   48  -16   59   21  -10  -57   51   95   47  -14  -51  -38  -14  259  -18  -42   14  -47  -27   50  330   75  185  100 1000  453  358  915  808 1000  998  996
  8 Boom                  7057   -27  -27  -14   -4    1   -5  -10    0   81   70  -17  -39   47   22  -36   50    8   96   73  -13  -12  -28   23  133   -6   22   54   34   -7   29  484   87  117  173  205  372  390  753  991  990  997 1000
  9 Marble                6760  -186 -238 -217 -122 -163  -75  -53  -81    0   53    5  -47   11   87 -129  -34   -3   33   55  -28 -113  -18  657  234  -81   -9  -15   85   75  179  313   70  179  151  944  272  390  594  996  995  998  996
 10 Sweet Rocky           6618    -9  -55  -15  -61  -40   20  -62  -70  -53    0  -27  -34  -60    1  -52  -23   22  -41   57  -22  -61  -51  -41  109  -45   11   10   27   25  115  133  393  175  139  950  287  394  592  991  996  995  998
 11 Simple Predictor      6522  -240 -118  -70 -271  -88  -90  -48   17   -5   27    0  -40   -3   26  -38   31   77  152   51  -24  -25  -34  142  191  -62  -14  294  245  -21    9  223  171  166  188  302  430  413  592  986  990  993  997
 12 Shofar                6044     9   26   -9  -36    3  -14   16   39   47   34   40    0   68  -18  -23   -4   34   52   25  -51   12  -13   50  107   -3   -9   35   94   60   20   52    7  130  154   51  412  287  557  876  951  979  997
 13 Granite               5999  -252 -264 -188 -110 -107 -160  -59  -47  -11   60    3  -68    0   13  -93 -100    4   62   92  -48 -137  -13   69  352  -18  -19   28   72   23  199  307   97  179  177  724  249  413  594  994  993 1000  989
 14 Piedra                5950   -57  -32  -70  -47  -47  -26  -21  -22  -87   -1  -26   18  -13    0  -62   -4    4  -50   54  -34  -32   10  -36  131    0   -4   27   19  -12  142  278  399  167  104  178  159  380  594  991  996  997  985
 15 ACT-R Lag2            5913   -87  -52   18   49   -2  -45   10   36  129   52   38   23   93   62    0  -11   71   97   17  -16  -29    9   45  190  -53  -24  -12   32  -90   79  536  -46   69  193  253  263  357  578   90  997  999  995
 16 Bugbrain              5858    15  -10  -23  -39    8  -49   57  -50   34   23  -31    4  100    4   11    0   36  179   42   44    3   62   61  119   16    3   65   47   40   69  120   98  -19   41   73  237  195  379  967  941 1000  986
 17 Mixed Strategy        5314   -30  -51  -50  -62  -29  -54  -51   -8    3  -22  -77  -34   -4   -4  -71  -36    0  -28   20  -38  -41  -35  750   56  -65  -24  -29  -30  -12  117  187   -7  145   58   32   54  374  471  960  988  997  994
 18 ZQ Bot                5290  -316 -298 -269 -308 -100 -159  -95  -96  -33   41 -152  -52  -62   50  -97 -179   28    0   38  -59  -68  -21  -60  234  -39    6   49   43   87  136  274  246  155  137  900  356  397  594  993  995  997  997
 19 * Anti-rotn           5116   -61  -96  -53  -52  -12  -69  -47  -73  -55  -57  -51  -25  -92  -54  -17  -42  -20  -38    0   -5  -20   29  487  240  -51  -49  -22    1  -28  204   61   13   60  345   26  494  162  597  492  998  997  999
 20 Majikthise            4656    10   -7   -9   -8  -12   -7   14   13   28   22   24   51   48   34   16  -44   38   59    5    0  -39   22   36  226  -49   42  -10  -23   29   31  228    0   23   60    1  227  147  438   19  990  994  989
 21 Yomi AI               4580    13  -27  -39  -26   50  -18   51   12  113   61   25  -12  137   32   29   -3   41   68   20   39    0  -17   28  180    4   -9   -5  -13  305   46  397   19  109  107  -50  140  212  466   22  536 1000  537
 22 Vroomfondel           4495    20  -36   26  -23   12  -36   38   28   18   51   34   13   13  -10   -9  -62   35   21  -29  -22   17    0   38  171  -36   19   -8    4   37  115  169   16   -5  126   16  237   84  450  -14  989  992  996
 23 Inocencio             2495  -291 -142 -171 -706 -153 -154   14  -23 -657   41 -142  -50  -69   36  -45  -61 -750   60 -487  -36  -28  -38    0  104  -25  -13   70   86  355  142  199   90  159  135  131  276  384  340  967  984  980  983
 24 Multi-strategy        2281  -214 -163 -240 -157 -277 -319 -259 -133 -234 -109 -191 -107 -352 -131 -190 -119  -56 -234 -240 -226 -180 -171 -104    0  -50  -20   53  253    7  106   52   32  123  280    2  498  360  999  997  997  999  999
 25 * De Bruijn            738    17  -13    5    2   24   55   18    6   81   45   62    3   18    0   53  -16   65   39   51   49   -4   36   25   50    0   -1   29  -23   25   14  -20  -37   23   17  -11  -14   26  128   -1   21    0 -109
 26 * Pi                    58    -8   10   -2  -14    9  -34   42  -22    9  -11   14    9   19    4   24   -3   24   -6   49  -42    9  -19   13   20    1    0   -1  -34   38    2   13  -33  -81   61   11    3  -33   30   22  -11  -11  -13
 27 * Add-drift          -1463  -141  -25 -220 -230   33 -159  -14  -54   15  -10 -294  -35  -28  -27   12  -65   29  -49   22   10    5    8  -70  -53  -29    1    0    1    4  -48   -9  -96   46  -18  -25   44   38  -18   -6    5   24  -37
 28 * Copy-drift         -1951  -222 -158  -46 -261 -106 -161   47  -34  -85  -27 -245  -94  -72  -19  -32  -47   30  -43   -1   23   13   -4  -86 -253   23   34   -1    0   -3  -11  -52    5   18  -13  -19  -15  -37  -30   -5   10  -11   39
 29 * Foxtrot            -2222  -334 -384  -63  -11 -417 -195   27    7  -75  -25   21  -60  -23   12   90  -40   12  -87   28  -29 -305  -37 -355   -7  -25  -38   -4    3    0  -18   -2   36    7   30   -3  -22  -32   50    6    2   12   26
 30 * Flat               -2808  -254  -58 -154  -81 -196 -149  -50  -29 -179 -115   -9  -20 -199 -142  -79  -69 -117 -136 -204  -31  -46 -115 -142 -106  -14   -2   48   11   18    0   31   12  -31   13 -211    7  -25  236  186    2    0 -409
 31 Knucklehead          -3019  -540 -356 -377 -223 -491 -505 -330 -484 -313 -133 -223  -52 -307 -278 -536 -120 -187 -274  -61 -228 -397 -169 -199  -52   20  -13    9   52    2  -31    0    6   58    4   77   34  103  146  975  492 1000  882
 32 * Add-react          -3090  -370 -320 -266  -96  -55 -324  -75  -87  -70 -393 -171   -7  -97 -399   46  -98    7 -246  -13    0  -19  -16  -90  -32   37   33   96   -5  -36  -12   -6    0   34   18  -26  -18  -13  -11  -36   23   34  -11
 33 * Text               -3215  -104  -88 -189 -119 -143  -43 -185 -117 -179 -175 -166 -130 -179 -167  -69   19 -145 -155  -60  -23 -109    5 -159 -123  -23   81  -46  -18   -7   31  -58  -34    0   32   17  -23  -20 -185  -74  -11 -185  111
 34 * Switch A Lot       -3485   -67 -126 -279 -183 -164 -130 -100 -173 -151 -139 -188 -154 -177 -104 -193  -41  -58 -137 -345  -60 -107 -126 -135 -280  -17  -61   18   13  -30  -13   -4  -18  -32    0 -137  -42  -15   34  371   48    5   12
 35 Peterbot             -5131  -929 -895 -923 -338 -758 -914 -1000 -205 -944 -950 -302  -51 -724 -178 -253  -73  -32 -900  -26   -1   50  -16 -131   -2   11  -11   25   19    3  211  -77   26  -17  137    0  239  420  437  982  997  999  963
 36 Always Switchin'     -6934  -237 -196 -436 -423 -283 -251 -453 -372 -272 -287 -430 -412 -249 -159 -263 -237  -54 -356 -494 -227 -140 -237 -276 -498   14   -3  -44   15   22   -7  -34   18   23   42 -239    0  -42   29  506   -2    2    8
 37 R-P-S 20-20-60       -8966  -388 -182 -418 -391 -425 -408 -358 -390 -390 -394 -413 -287 -413 -380 -357 -195 -374 -397 -162 -147 -212  -84 -384 -360  -26   33  -38   37   32   25 -103   13   20   15 -420   42    0 -476 -158   22 -413  338
 38 Beat Frequent Pick  -13948  -902 -915 -963 -592 -505 -594 -915 -753 -594 -592 -592 -557 -594 -594 -578 -379 -471 -594 -597 -438 -466 -450 -340 -999 -128  -30   18   30  -50 -236 -146   11  185  -34 -437  -29  476    0 -600    0  999  997
 39 Beat The Last Move  -19238  -983 -986 -990 -994 -998 -994 -808 -991 -996 -991 -986 -876 -994 -991  -90 -967 -960 -993 -492  -19  -22   14 -967 -997    1  -22    6    5   -6 -186 -975   36   74 -371 -982 -506  158  600    0    1 1000 1000
 40 Rotate R-P-S        -25531  -984 -996 -986 -997 -996 -995 -1000 -990 -995 -996 -990 -951 -993 -996 -997 -941 -988 -995 -998 -990 -536 -989 -984 -997  -21   11   -5  -10   -2   -2 -492  -23   11  -48 -997    2  -22    0   -1    0    0 -652
 41 Good Ole Rock       -26349  -992 -996 -999 -998 -996 -1000 -998 -997 -998 -995 -993 -979 -1000 -997 -999 -1000 -997 -997 -997 -994 -1000 -992 -980 -999    0   11  -24   11  -12    0 -1000  -34  185   -5 -999   -2  413 -999 -1000    0    0  999
 42 * Anti-Flat         -27555  -1000 -991 -996 -992 -999 -1000 -996 -1000 -996 -998 -997 -997 -989 -985 -995 -986 -994 -997 -999 -989 -537 -996 -983 -999  109   13   37  -39  -26  409 -882   11 -111  -12 -963   -8 -338 -997 -1000  652 -999    0

 Match results (draw <= 50): 

    Player Name           total  W  L  D   1  2  3  4  5  6  7  8  9 10 11 12 13 14 15 16 17 18 19 20 21 22 23 24 25 26 27 28 29 30 31 32 33 34 35 36 37 38 39 40 41 42
  1 Iocaine Powder          68  27  0 14   1  2  1  1  1  2  1  1  1  1  1  2  2  1  2  1  2  2  1  1  1  2  2  1  2  2  2  2  2  2  2  2  2  2  2  2  2  2  2  2  2  2
  2 Phasenbott              67  27  1 13   0  1  2  1  1  2  1  1  1  1  1  2  2  1  1  1  2  2  1  2  2  2  2  1  2  2  1  2  2  2  2  2  2  2  2  2  2  2  2  2  2  2
  3 MegaHAL                 65  25  1 15   1  0  1  1  1  2  1  1  1  2  1  1  2  1  2  1  2  2  1  1  1  2  2  1  2  2  2  2  2  1  2  2  2  2  2  2  2  2  2  2  2  2
  4 Simple Modeller         65  24  0 17   1  1  1  1  1  1  1  1  1  1  1  1  2  1  1  1  2  2  1  2  2  2  2  1  2  1  2  2  2  2  2  2  2  2  2  2  2  2  2  2  2  2
  5 Biopic                  62  21  0 20   1  1  1  1  1  1  1  1  1  1  1  1  2  1  1  1  2  2  1  1  1  2  1  1  2  2  1  2  2  2  2  2  2  2  2  2  2  2  2  2  2  2
  6 RussRocker4             60  23  4 14   0  0  0  1  1  1  1  1  1  1  1  1  2  1  1  1  2  2  0  1  2  2  2  1  2  2  2  2  2  2  2  2  2  2  1  2  2  2  2  2  2  2
  7 Boom                    59  18  0 23   1  1  1  1  1  1  1  1  1  1  1  1  1  1  1  1  2  1  1  2  1  1  2  1  2  1  2  2  2  1  2  2  1  2  2  2  2  2  2  2  2  2
  8 Bugbrain                59  18  0 23   1  1  1  1  1  1  1  1  1  2  1  1  1  1  1  2  1  2  1  1  1  2  1  1  2  1  2  2  2  1  2  2  2  2  1  1  2  2  2  2  2  2
  9 Yomi AI                 57  16  0 25   1  1  1  1  1  1  1  1  1  2  1  1  1  1  1  1  2  2  1  2  1  1  1  1  2  2  1  2  1  1  1  2  1  1  2  2  2  2  2  2  2  2
 10 Robertot                56  18  3 20   1  1  0  1  1  1  1  0  0  1  1  1  1  1  1  1  2  2  1  2  2  1  1  1  2  1  1  2  2  1  2  2  1  2  2  2  2  2  2  2  2  2
 11 Shofar                  56  16  1 24   1  1  1  1  1  1  1  1  1  1  1  1  1  0  1  1  1  2  1  1  1  1  1  1  2  2  1  2  2  2  1  2  1  2  2  2  2  2  2  2  2  2
 12 ACT-R Lag2              56  19  4 18   0  0  1  1  1  1  1  1  1  1  1  1  1  1  2  1  2  2  0  2  2  1  1  1  2  0  1  2  2  1  1  2  2  2  2  2  2  2  2  2  2  2
 13 Simple Predictor        53  19  7 15   0  0  0  0  0  0  1  1  1  1  1  1  1  1  1  1  1  1  0  1  2  2  2  1  2  1  2  2  2  2  2  2  1  2  2  2  2  2  2  2  2  2
 14 Majikthise              52  11  0 30   1  1  1  1  1  1  1  1  1  1  2  1  1  1  1  1  1  1  1  1  1  1  1  1  2  1  1  2  1  1  1  2  1  1  1  2  2  2  2  2  2  2
 15 Piedra                  52  15  4 22   0  1  0  1  1  1  1  1  1  1  1  0  1  1  1  1  0  1  1  1  1  1  2  1  1  1  1  2  2  1  2  2  2  2  2  2  2  2  2  2  2  2
 16 Vroomfondel             51  11  1 29   1  1  1  1  1  1  1  0  1  1  1  1  1  1  1  1  1  1  1  2  1  1  1  1  1  1  1  2  1  1  1  2  2  1  1  2  2  2  2  2  2  2
 17 Marble                  50  20 11 10   0  0  0  0  0  0  0  1  0  0  1  0  1  1  2  1  1  1  0  2  1  2  2  1  1  2  1  2  2  2  2  2  2  2  2  2  2  2  2  2  2  2
 18 Granite                 49  19 11 11   0  0  0  0  0  0  1  0  0  0  0  0  1  1  1  1  1  1  1  2  1  2  2  1  2  1  1  2  2  2  2  2  2  2  2  2  2  2  2  2  2  2
 19 * De Bruijn             47   7  1 33   1  1  1  1  1  2  1  1  1  1  1  2  2  1  1  1  2  1  1  1  2  1  2  1  1  1  1  1  1  1  1  1  1  1  1  1  1  1  2  1  0  1
 20 Sweet Rocky             47  15  9 17   1  0  1  0  1  1  0  1  0  0  1  0  1  1  1  0  0  0  1  1  1  1  2  1  1  1  1  2  2  1  2  2  2  2  2  2  2  2  2  2  2  2
 21 Mixed Strategy          47  13  7 21   1  0  1  0  1  0  1  1  1  0  1  0  0  1  1  1  1  1  0  1  1  2  1  1  1  1  1  2  1  1  1  2  2  2  2  2  2  2  2  2  2  2
 22 Inocencio               47  18 12 11   0  0  0  0  0  0  1  0  1  1  1  1  0  1  1  1  0  0  1  1  0  1  0  1  2  2  2  2  2  2  2  2  2  2  2  2  2  2  2  2  2  2
 23 * Anti-rotn             42  13 12 16   0  0  0  0  1  0  0  1  1  1  1  1  0  1  0  1  0  0  0  0  1  2  1  1  1  1  1  2  1  1  1  2  2  2  2  2  2  2  2  2  2  2
 24 * Pi                    41   1  1 39   1  1  1  1  1  1  1  1  1  1  1  1  1  1  1  1  1  1  1  1  1  1  1  1  1  1  1  1  1  1  1  1  1  1  0  2  1  1  1  1  1  1
 25 ZQ Bot                  40  15 16 10   0  0  0  0  0  0  0  0  0  0  0  0  0  0  1  1  1  0  1  1  1  0  1  1  1  2  1  2  2  1  2  2  2  2  2  2  2  2  2  2  2  2
 26 * Foxtrot               32   1 10 30   0  0  0  1  0  0  1  1  0  1  0  2  1  1  1  1  0  1  1  1  1  0  1  1  0  1  1  1  1  1  1  1  1  1  1  1  1  1  1  1  1  1
 27 * Add-drift             31   0 10 31   0  1  0  0  1  0  0  0  1  1  1  1  0  1  1  1  1  1  1  1  1  0  1  1  1  1  1  0  1  1  0  1  1  1  1  1  1  1  1  1  1  1
 28 Multi-strategy          31  13 23  5   0  0  0  0  0  0  0  0  0  0  0  0  0  0  0  0  0  0  1  0  0  0  0  1  0  1  2  1  1  2  1  2  2  2  2  2  2  2  2  2  2  2
 29 Peterbot                31   9 19 13   0  0  0  0  0  0  0  0  1  0  0  0  0  1  0  1  0  0  1  0  1  0  1  1  0  1  1  1  1  1  1  0  2  2  1  2  2  2  2  2  2  2
 30 * Copy-drift            29   0 12 29   0  0  1  0  0  0  1  1  1  1  0  1  0  1  1  1  0  0  1  1  1  0  1  1  1  1  1  0  1  1  1  0  1  1  1  1  1  1  1  1  1  1
 31 * Add-react             26   1 16 24   0  0  0  0  0  0  0  0  1  0  1  1  0  1  0  1  0  0  1  0  1  0  1  1  0  1  2  1  1  1  1  1  1  1  1  1  1  1  1  1  1  1
 32 Knucklehead             26   9 24  8   0  0  0  0  0  0  0  0  0  0  0  0  0  0  0  0  0  0  1  0  0  0  0  1  0  1  1  0  2  2  1  1  1  2  2  1  1  2  2  2  2  2
 33 * Flat                  23   2 20 19   0  0  0  0  0  0  1  0  1  1  1  0  1  1  0  0  0  0  1  0  0  0  0  1  0  1  1  0  0  1  1  1  1  2  1  1  1  1  2  1  0  1
 34 Beat The Last Move      20   5 26 10   0  0  0  0  0  0  0  0  1  0  0  0  0  1  0  1  0  0  1  0  0  0  0  1  0  1  1  0  0  1  1  0  0  1  2  0  0  2  2  1  2  2
 35 * Text                  19   2 24 15   0  0  0  0  0  1  0  1  0  0  0  0  0  1  0  1  0  0  1  0  0  0  0  2  0  1  1  0  1  1  1  0  1  0  1  1  1  0  0  1  2  1
 36 * Switch A Lot          17   1 25 15   0  0  0  0  0  0  0  1  0  0  0  0  0  0  0  0  0  0  1  0  0  0  0  0  0  1  1  0  0  1  1  1  1  2  1  1  1  1  1  1  1  1
 37 Always Switchin'        17   1 25 15   0  0  0  0  0  0  0  0  0  0  0  0  0  0  0  0  0  0  1  0  0  0  0  1  0  1  1  0  0  1  1  1  1  2  1  1  1  1  1  1  1  1
 38 Good Ole Rock           16   3 28 10   0  0  0  0  0  0  0  0  0  0  0  0  0  0  0  0  0  0  1  0  0  0  0  1  0  1  1  0  0  1  1  0  1  0  2  1  1  1  0  1  2  2
 39 Beat Frequent Pick      16   4 29  8   0  0  0  0  0  0  0  0  0  0  0  0  0  0  0  0  0  0  0  0  0  0  0  1  0  1  1  0  0  1  1  0  0  0  2  1  1  2  1  1  2  2
 40 Rotate R-P-S            14   0 27 14   0  0  0  0  0  0  0  0  0  0  0  0  0  0  0  0  0  0  1  0  0  0  0  1  0  1  1  0  0  1  1  0  1  1  1  1  1  1  1  1  0  1
 41 * Anti-Flat             13   3 31  7   0  0  0  0  0  0  0  0  0  0  0  0  0  0  0  0  0  0  2  0  0  0  0  1  0  1  1  0  0  1  1  0  2  0  0  1  1  0  0  2  1  0
 42 R-P-S 20-20-60          13   1 29 11   0  0  0  0  0  0  0  0  0  0  0  0  0  0  0  0  0  0  1  0  0  0  0  1  0  1  1  0  0  1  1  0  1  0  1  1  1  0  0  1  2  1


   Yomi AI is match ranked 9

 Tournament results:
    Player Name          total 
  1 Yomi AI               4580 
 15 * Anti-rotn           5116 
 19 Iocaine Powder       10943 
 20 Phasenbott            9762 
 21 MegaHAL               9754 
 22 RussRocker4           7926 
 23 Biopic                8401 
 24 Simple Modeller       8859 
 25 Simple Predictor      6522 
 26 Robertot              7516 
 27 Boom                  7057 
 28 Shofar                6044 
 29 ACT-R Lag2            5913 
 30 Majikthise            4656 
 32 Granite               5999 
 33 Marble                6760 
 34 ZQ Bot                5290 
 35 Sweet Rocky           6618 
 36 Piedra                5950 
 37 Mixed Strategy        5314 
 41 Bugbrain              5858 

   Yomi is tournament ranked 21

