 Playing 1 tournaments with 1000 trials per match...

 Yomi AI            vs Good Ole Rock       Match: 1000 (1000+   0-   0=)
 Yomi AI            vs R-P-S 20-20-60      Match:  258 (517+ 259- 224=)
 Yomi AI            vs Rotate R-P-S        Match:  904 (951+  47-   2=)
 Yomi AI            vs Beat The Last Move  Match:   74 (387+ 313- 300=)
 Yomi AI            vs Always Switchin'    Match:  214 (459+ 245- 296=)
 Yomi AI            vs Beat Frequent Pick  Match:  587 (760+ 173-  67=)
 Yomi AI            vs * Pi                Match:    8 (358+ 350- 292=)
 Yomi AI            vs * Switch A Lot      Match:  116 (420+ 304- 276=)
 Yomi AI            vs * Flat              Match:   78 (398+ 320- 282=)
 Yomi AI            vs * Anti-Flat         Match:  999 (999+   0-   1=)
 Yomi AI            vs * Foxtrot           Match:  352 (578+ 226- 196=)
 Yomi AI            vs * De Bruijn         Match:   38 (346+ 308- 346=)
 Yomi AI            vs * Text              Match:  111 (409+ 298- 293=)
 Yomi AI            vs * Anti-rotn         Match:   -5 (339+ 344- 317=)
 Yomi AI            vs * Copy-drift        Match:  -20 (316+ 336- 348=)
 Yomi AI            vs * Add-react         Match:   90 (385+ 295- 320=)
 Yomi AI            vs * Add-drift         Match:  -14 (340+ 354- 306=)
 Yomi AI            vs Iocaine Powder      Match:   24 (348+ 324- 328=)
 Yomi AI            vs Phasenbott          Match:   21 (347+ 326- 327=)
 Yomi AI            vs MegaHAL             Match:   -3 (351+ 354- 295=)
 Yomi AI            vs RussRocker4         Match:  -25 (324+ 349- 327=)
 Yomi AI            vs Biopic              Match:    1 (355+ 354- 291=)
 Yomi AI            vs Simple Modeller     Match:   20 (347+ 327- 326=)
 Yomi AI            vs Simple Predictor    Match:   95 (395+ 300- 305=)
 Yomi AI            vs Robertot            Match:   29 (354+ 325- 321=)
 Yomi AI            vs Boom                Match:   34 (355+ 321- 324=)
 Yomi AI            vs Shofar              Match:   -4 (355+ 359- 286=)
 Yomi AI            vs ACT-R Lag2          Match:   26 (333+ 307- 360=)
 Yomi AI            vs Majikthise          Match:   51 (364+ 313- 323=)
 Yomi AI            vs Vroomfondel         Match:   18 (339+ 321- 340=)
 Yomi AI            vs Granite             Match:   67 (392+ 325- 283=)
 Yomi AI            vs Marble              Match:   66 (417+ 351- 232=)
 Yomi AI            vs ZQ Bot              Match:  145 (468+ 323- 209=)
 Yomi AI            vs Sweet Rocky         Match:   54 (387+ 333- 280=)
 Yomi AI            vs Piedra              Match:   84 (381+ 297- 322=)
 Yomi AI            vs Mixed Strategy      Match:   46 (376+ 330- 294=)
 Yomi AI            vs Multi-strategy      Match:  224 (491+ 267- 242=)
 Yomi AI            vs Inocencio           Match:  110 (419+ 309- 272=)
 Yomi AI            vs Peterbot            Match:  103 (417+ 314- 269=)
 Yomi AI            vs Bugbrain            Match:    5 (353+ 348- 299=)
 Yomi AI            vs Knucklehead         Match:  515 (679+ 164- 157=)
 Final results (draw value = 50):

 Tournament results: 

    Player Name          total     1    2    3    4    5    6    7    8    9   10   11   12   13   14   15   16   17   18   19   20   21   22   23   24   25   26   27   28   29   30   31   32   33   34   35   36   37   38   39   40   41   42
  1 Iocaine Powder       10883     0  100  128   32   41   38  504   56  207  227   62   71  -24  106  -71   -6  283  284   41  -17  -32   70  241  153   -3   -7  193  336  227  193  338  156  567   51  223  873  374  905  982  988  993 1000
  2 Phasenbott            9802  -100    0   23   47   65   67  519   29  128  219   64   35  -21   31   24  -10  240  269   43   12   52   25  207  172   18  -34  128  321   98   75  369   86  396   51  229  891  121  954  988  991  996  984
  3 MegaHAL               9336  -128  -23    0   17   -7   19  101   18   40  201   31   35    3  -46  -48   28  246  269   44  -85   -4   93  271  151   12  -27  180   49   38   96  288  189  357  228  468  916  396  944  990  991  999  996
  4 Biopic                8843   -32  -47  -17    0  -36   50  -23    5   23   83   43    9   -1   45   41  -88  164  104   60    3   -9   83  240  107   -8   -7   36  431  151  172   83  159  492  165  325  999  411  646  992  999  996  994
  5 Simple Modeller       8655   -41  -65    7   36    0  -51    7   48  317   81   -8   30  -20   -2  -13   42  115  263   40  -32  -26  146  179  104  -81   -9  239   -4  227   60  105  133  244  202  482  938  393  591  993  992  998  995
  6 Robertot              7898   -38  -67  -19  -50   51    0   -3  -18    0   46   35   23  -29  -15  -15  -47   31   85   53    2    6  105  276   54   23   22   35   49   44   17   79  163  467   71  447  747  393  925  963  996 1000  991
  7 RussRocker4           7553  -504 -519 -101   23   -7    3    0   12   90  161   38   26   25  -17    1   17  186  153   46  -12   13   28  323   96  -20  -32  127  217   82  112  340   58  474  142  266  928  205  592  993  994  998  996
  8 Boom                  7340   -56  -29  -18   -5  -48   18  -12    0  -30  -51   73   27  -34  -31  -26  -44   61   54   50  -18  -25   52  274   37   -6  -10   74   25   88   93   68  111  477  252  365  501  358  753  991  990  997  994
  9 Simple Predictor      7273  -207 -128  -40  -23 -317    0  -90   30    0   49    5    6  -95  -73   -6    8   60  211   87   15    7   75  179  551  -79  -14  263  -84  324  112  117  149  305  181  411  327  403  592  985  990  993  994
 10 Granite               6857  -227 -219 -201  -83  -81  -46 -161   51  -49    0   36    8  -67 -102  -64 -102    9   43   41    1   12   42  213  645  -55   -5   11   88  125  192   87  178  286   64  281  925  416  592  990  991 1000  992
 11 Piedra                6828   -62  -64  -31  -43    8  -35  -38  -73   -5  -36    0  -33  -84  -66  -49  -39  -15  -17   39  -47  -38  -32  146  524   -6  -17   71  -27    6  130  111  165  203  197  268  874  368  595  996  992 1000  992
 12 Sweet Rocky           6733   -71  -35  -35   -9  -30  -23  -26  -27   -6   -8   33    0  -54  -41  -25   -5  -42  -54  100  -45  -29    0  135  -21   11   39   70  -16   22  138   57  175  167  193  272  998  381  588  993  986  994  983
 13 Yomi AI               6496    24   21   -3    1   20   29  -25   34   95   67   84   54    0   26   -4    5   66  145   -5   51   18   46  224  110   38    8  -14  352  -20   78   90  111  515  116  214  103  258  587   74  904 1000  999
 14 ACT-R Lag2            6471  -106  -31   46  -45    2   15   17   31   73  102   66   41  -26    0   13    8   62  104   46   27   11   50  186  103 -109  -25  -34  -33   37   71   79   74  485  163  296  205  352  574  556  993  996  996
 15 Shofar                6432    71  -24   48  -41   13   15   -1   26    6   64   49   25    4  -13    0   18   43   41   27   14  -15   50  124   54  -26   -2   28  -11  107   21   19  110  146  190  445  112  349  555  903  931  972  985
 16 Bugbrain              6210     6   10  -28   88  -42   47  -17   44   -8  102   39    5   -5   -8  -18    0  118  175   46   54   -8   67  106   54   13  -14  128  -30   55   68   95   35  140   84  250  222  176  405  897  933  976  950
 17 Marble                5866  -283 -240 -246 -164 -115  -31 -186  -61  -60   -9   15   42  -66  -62  -43 -118    0   21   49  -30  -29   64  292  407  -29  -30   42   47  -11  157   54  177  359   78  215  701  380  594  992  993 1000 1000
 18 ZQ Bot                5684  -284 -269 -269 -104 -263  -85 -153  -54 -211  -43   17   54 -145 -104  -41 -175  -21    0   83  -81  -38   17  242  354  -11    2   84   61   52  164  276  140  324  164  245  831  365  591  991  990  996  992
 19 * Anti-rotn           5344   -41  -43  -44  -60  -40  -53  -46  -50  -87  -41  -39 -100    5  -46  -27  -46  -49  -83    0  -20  -27   40  252  612  -46  -42    6   -7  -16  215    0   58   46  326  488   90  172  597  496  998  997  999
 20 Majikthise            4868    17  -12   85   -3   32   -2   12   18  -15   -1   47   45  -51  -27  -14  -54   30   81   20    0  -19   88  139   39  -12   24   -5   24   31   42    7   48  255  143  300   40  185  428  -66  989  993  987
 21 Vroomfondel           4771    32  -52    4    9   26   -6  -13   25   -7  -12   38   29  -18  -11   15    8   29   38   27   19    0   40  149   45  -15    4   14   13    5   93   24   23  177   97  259   43  163  478    3  990  995  991
 22 Mixed Strategy        4452   -70  -25  -93  -83 -146 -105  -28  -52  -75  -42   32    0  -46  -50  -50  -67  -64  -17  -40  -88  -40    0   23  -22  -77  -26   -7    8   26   26   89  164  270  161   98  164  397  518  966  866  993  964
 23 Multi-strategy        2681  -241 -207 -271 -240 -179 -276 -323 -274 -179 -213 -146 -135 -224 -186 -124 -106 -292 -242 -252 -139 -149  -23    0  -97  -50  -20   14    5  234  168   33  123   26  265  502  500  409  999  997  997  999  998
 24 Inocencio             1774  -153 -172 -151 -107 -104  -54  -96  -37 -551 -645 -524   21 -110 -103  -54  -54 -407 -354 -612  -39  -45   22   97    0  -32    1   18  272   85  121   85  148  238  105  189  124  405  353  948  986  979  981
 25 * De Bruijn            678     3  -18  -12    8   81  -23   20    6   79   55    6  -11  -38  109   26  -13   29   11   46   12   15   77   50   32    0   -1    7  -10   30   21   20   23   17  -17    1    1    3  128   -1   21    0 -115
 26 * Pi                   161     7   34   27    7    9  -22   32   10   14    5   17  -39   -8   25    2   14   30   -2   42  -24   -4   26   20   -1    1    0    4  -29   13  -17  -21  -81  -10   -2   10   27   25   30   22  -11  -11  -10
 27 * Add-drift          -1846  -193 -128 -180  -36 -239  -35 -127  -74 -263  -11  -71  -70   14   34  -28 -128  -42  -84   -6    5  -14    7  -14  -18   -7   -4    0  -13  -31  -75   27    2  -19   18  -23  -33   13   15   -4   23  -50   16
 28 * Foxtrot            -2015  -336 -321  -49 -431    4  -49 -217  -25   84  -88   27   16 -352   33   11   30  -47  -61    7  -24  -13   -8   -5 -272   10   29   13    0   24   26  -12   -8   39  -12   30  -43    9   23  -22  -14  -22    1
 29 * Copy-drift         -2150  -227  -98  -38 -151 -227  -44  -82  -88 -324 -125   -6  -22   20  -37 -107  -55   11  -52   16  -31   -5  -26 -234  -85  -30  -13   31  -24    0   29   -8   13 -139   21   38   12  -33  -10  -68   29   -9   28
 30 * Flat               -2778  -193  -75  -96 -172  -60  -17 -112  -93 -112 -192 -130 -138  -78  -71  -21  -68 -157 -164 -215  -42  -93  -26 -168 -121  -21   17   75  -26  -29    0    1  -28   12   15  -12 -205  -29  226  212   34   -1 -405
 31 * Add-react          -2859  -338 -369 -288  -83 -105  -79 -340  -68 -117  -87 -111  -57  -90  -79  -19  -95  -54 -276    0   -7  -24  -89  -33  -85  -20   21  -27   12    8   -1    0   22  -31   -6   48  -14  -18   11   -8  -49    3   83
 32 * Text               -3256  -156  -86 -189 -159 -133 -163  -58 -111 -149 -178 -165 -175 -111  -74 -110  -35 -177 -140  -58  -48  -23 -164 -123 -148  -23   81   -2    8  -13   28  -22    0  -20  -24  -15   24   -3 -185  -74  -11 -185  113
 33 Knucklehead          -3362  -567 -396 -357 -492 -244 -467 -474 -477 -305 -286 -203 -167 -515 -485 -146 -140 -359 -324  -46 -255 -177 -270  -26 -238  -17   10   19  -39  139  -12   31   20    0   15   14  -53   14  109  920  890  996  998
 34 * Switch A Lot       -3510   -51  -51 -228 -165 -202  -71 -142 -252 -181  -64 -197 -193 -116 -163 -190  -84  -78 -164 -326 -143  -97 -161 -265 -105   17    2  -18   12  -21  -15    6   24  -15    0  -30 -118    2   58  289  -14   -8    8
 35 Always Switchin'     -7409  -223 -229 -468 -325 -482 -447 -266 -365 -411 -281 -268 -272 -214 -296 -445 -250 -215 -245 -488 -300 -259  -98 -502 -189   -1  -10   23  -30  -38   12  -48   15  -14   30    0 -266    0   14  478  -29   -1   -6
 36 Peterbot             -7578  -873 -891 -916 -999 -938 -747 -928 -501 -327 -925 -874 -998 -103 -205 -112 -222 -701 -831  -90  -40  -43 -164 -500 -124   -1  -27   33   43  -12  205   14  -24   53  118  266    0  400  435  981  997 1000  993
 37 R-P-S 20-20-60       -9177  -374 -121 -396 -411 -393 -393 -205 -358 -403 -416 -368 -381 -258 -352 -349 -176 -380 -365 -172 -185 -163 -397 -409 -405   -3  -25  -13   -9   33   29   18    3  -14   -2    0 -400    0 -431 -110   25 -456    8
 38 Beat Frequent Pick  -14383  -905 -954 -944 -646 -591 -925 -592 -753 -592 -592 -595 -588 -587 -574 -555 -405 -594 -591 -597 -428 -478 -518 -999 -353 -128  -30  -15  -23   10 -226  -11  185 -109  -58  -14 -435  431    0 -600    0  999  997
 39 Beat The Last Move  -19630  -982 -988 -990 -992 -993 -963 -993 -991 -985 -990 -996 -993  -74 -556 -903 -897 -992 -991 -496   66   -3 -966 -997 -948    1  -22    4   22   68 -212    8   74 -920 -289 -478 -981  110  600    0    1 1000  997
 40 Rotate R-P-S        -26029  -988 -991 -991 -999 -992 -996 -994 -990 -990 -991 -992 -986 -904 -993 -931 -933 -993 -990 -998 -989 -990 -866 -997 -986  -21   11  -23   14  -29  -34   49   11 -890   14   29 -997  -25    0   -1    0    0 -667
 41 Good Ole Rock       -26117  -993 -996 -999 -996 -998 -1000 -998 -997 -993 -1000 -1000 -994 -1000 -996 -972 -976 -1000 -996 -997 -993 -995 -993 -999 -979    0   11   50   22    9    1   -3  185 -996    8    1 -1000  456 -999 -1000    0    0  998
 42 * Anti-Flat         -27790  -1000 -984 -996 -994 -995 -991 -996 -994 -994 -992 -992 -983 -999 -996 -985 -950 -1000 -992 -999 -987 -991 -964 -998 -981  115   10  -16   -1  -28  405  -83 -113 -998   -8    6 -993   -8 -997 -997  667 -998    0

 Match results (draw <= 50): 

    Player Name           total  W  L  D   1  2  3  4  5  6  7  8  9 10 11 12 13 14 15 16 17 18 19 20 21 22 23 24 25 26 27 28 29 30 31 32 33 34 35 36 37 38 39 40 41 42
  1 Iocaine Powder          70  30  1 10   1  2  1  1  1  2  2  1  2  2  1  0  2  2  2  1  1  1  2  2  1  2  2  1  2  2  2  2  2  2  2  2  2  2  2  2  2  2  2  2  2  2
  2 Phasenbott              67  27  1 13   0  1  1  1  1  1  2  2  1  1  2  1  2  1  2  1  2  1  2  2  1  2  1  1  2  2  2  2  2  2  2  2  2  2  2  2  2  2  2  2  2  2
  3 Yomi AI                 64  23  0 18   1  1  1  1  1  1  1  1  1  1  1  1  2  2  2  2  1  1  2  2  1  2  1  1  2  2  2  1  2  1  2  2  2  2  2  2  2  2  2  2  2  2
  4 Bugbrain                63  22  0 19   1  1  1  1  2  1  1  1  1  1  1  1  1  1  1  2  1  1  2  2  1  2  2  1  2  1  2  2  2  2  2  2  2  2  1  2  2  2  2  2  2  2
  5 Biopic                  62  22  1 18   1  1  1  0  1  1  1  1  1  1  1  1  1  1  1  1  1  2  2  2  1  2  2  1  2  2  2  1  2  2  2  2  2  2  2  2  2  2  2  2  2  2
  6 MegaHAL                 60  21  2 18   0  1  1  1  1  1  2  1  1  1  1  1  1  1  1  0  1  1  2  2  1  2  2  1  2  1  2  2  2  1  2  2  2  2  2  2  2  2  2  2  2  2
  7 RussRocker4             60  22  3 16   0  0  1  1  1  0  1  1  1  1  1  1  2  1  1  1  1  1  2  2  1  2  1  1  2  2  2  2  2  2  2  2  2  2  2  2  2  2  2  2  2  2
  8 Simple Modeller         60  22  3 16   1  0  1  1  1  1  1  1  1  1  0  1  2  1  1  1  1  1  2  2  0  2  2  1  2  1  2  2  2  2  2  2  2  2  2  2  2  2  2  2  2  2
  9 Boom                    59  20  2 19   0  1  1  1  1  1  1  1  1  1  1  1  1  1  2  1  1  1  0  2  1  2  2  1  1  1  2  2  2  2  2  2  2  2  2  2  2  2  2  2  2  2
 10 ACT-R Lag2              59  20  2 19   0  1  1  1  1  1  1  1  1  1  1  1  2  1  2  1  1  1  2  2  0  2  1  1  2  1  2  1  2  1  2  2  2  2  2  2  2  2  2  2  2  2
 11 Robertot                58  18  1 22   1  0  1  1  1  1  1  2  1  1  1  1  1  1  1  1  1  2  1  2  1  1  2  1  2  1  2  1  2  1  2  2  1  2  2  2  2  2  2  2  2  2
 12 Shofar                  57  16  0 25   2  1  1  1  1  1  1  1  1  1  1  1  1  1  1  1  1  1  2  1  1  1  1  1  2  1  2  1  2  2  2  1  1  2  2  2  2  2  2  2  2  2
 13 Simple Predictor        54  21  8 12   0  0  0  1  1  1  0  0  1  0  1  1  1  1  1  1  1  2  1  2  0  2  2  1  2  0  2  2  2  2  2  2  2  2  2  2  2  2  2  2  2  2
 14 Sweet Rocky             54  16  3 22   0  1  0  1  1  1  1  1  1  1  1  1  1  1  1  1  1  2  1  0  1  1  1  1  1  1  2  2  2  1  2  2  2  2  2  2  2  2  2  2  2  2
 15 Piedra                  52  16  5 20   0  0  0  1  1  1  1  1  0  0  1  1  1  1  1  1  1  1  1  1  1  1  1  1  2  1  2  2  2  1  2  2  2  2  2  2  2  2  2  2  2  2
 16 Majikthise              50  12  3 26   1  1  0  0  1  2  1  1  1  1  1  1  1  1  1  1  1  1  1  2  1  1  2  1  1  1  2  1  1  1  2  1  1  0  1  2  2  2  2  2  2  2
 17 Vroomfondel             50  10  1 30   1  0  1  1  1  1  1  1  1  1  1  1  1  1  1  1  1  1  1  1  1  1  1  1  1  1  2  1  1  1  2  1  2  1  1  2  2  2  2  2  2  2
 18 * Anti-rotn             49  13  5 23   1  1  1  1  0  1  1  1  1  1  0  1  0  0  1  1  1  1  1  0  1  1  1  1  2  1  2  1  2  1  1  1  2  2  2  2  2  2  2  2  2  2
 19 Granite                 48  18 11 12   0  0  0  0  0  0  0  0  2  0  1  0  1  1  1  1  1  1  1  1  0  1  1  1  2  2  2  1  2  2  2  2  2  2  2  2  2  2  2  2  2  2
 20 ZQ Bot                  48  20 13  8   0  0  0  0  0  0  0  0  0  0  0  1  0  2  1  0  1  2  1  1  1  1  1  1  2  2  2  2  2  2  2  2  2  2  2  2  2  2  2  2  2  2
 21 * De Bruijn             46   6  1 34   1  1  1  1  1  1  1  2  1  2  1  1  2  1  1  1  1  1  2  1  1  1  2  1  1  1  1  1  1  1  1  1  1  1  1  1  1  1  2  1  0  1
 22 Marble                  46  16 11 14   0  0  0  0  0  0  0  0  0  0  1  1  0  1  1  1  1  1  1  1  1  1  2  1  2  1  2  1  2  1  2  2  2  2  2  2  2  2  2  2  2  2
 23 Mixed Strategy          42  12 11 18   0  1  1  0  0  0  1  0  0  1  0  1  0  1  1  0  1  1  1  1  0  0  1  1  1  1  1  1  2  1  2  2  1  2  2  2  2  2  2  2  2  2
 24 * Pi                    40   0  1 40   1  1  1  1  1  1  1  1  1  1  1  1  1  1  1  1  1  1  1  1  1  1  1  1  1  1  1  1  1  1  1  1  1  1  0  1  1  1  1  1  1  1
 25 Inocencio               40  16 17  8   0  0  0  0  0  0  0  0  1  0  0  0  0  1  0  1  1  0  0  0  1  0  1  1  1  2  2  1  2  2  2  2  2  2  2  2  2  2  2  2  2  2
 26 * Foxtrot               34   1  8 32   0  0  0  1  0  1  0  1  1  1  1  1  2  1  1  1  1  1  0  0  1  1  1  1  0  1  1  1  1  1  1  1  1  1  1  1  1  1  1  1  1  1
 27 Multi-strategy          31  12 22  7   0  0  0  0  0  0  0  0  0  0  0  0  0  0  0  0  0  0  0  0  1  0  1  1  0  1  1  1  2  2  1  1  2  2  2  2  2  2  2  2  2  2
 28 * Add-drift             29   0 12 29   0  0  1  0  1  0  0  0  0  1  1  1  0  0  0  1  1  1  1  0  1  1  1  1  1  1  1  1  1  1  1  1  0  1  1  1  1  1  1  1  1  1
 29 Peterbot                29  10 22  9   0  0  0  0  0  0  0  0  0  0  0  0  0  0  0  1  1  0  0  0  1  0  0  1  0  1  0  1  1  1  2  1  2  2  1  2  2  2  2  2  2  2
 30 * Copy-drift            26   0 15 26   0  0  1  0  0  1  0  0  0  1  1  0  0  1  1  1  1  1  0  0  1  1  1  1  0  1  0  1  1  1  0  1  1  0  1  1  1  1  1  1  1  1
 31 Knucklehead             24   6 23 12   0  0  0  0  0  0  0  0  0  0  0  0  0  0  0  0  0  1  0  0  1  0  0  1  0  1  1  1  0  2  1  1  1  2  1  1  1  2  2  2  2  1
 32 * Add-react             23   1 19 21   0  0  0  0  0  0  0  0  0  0  0  1  0  0  0  1  1  1  0  0  1  0  0  1  0  1  1  1  1  1  1  1  1  1  1  1  1  1  1  1  2  1
 33 * Flat                  22   3 22 16   0  0  0  0  0  0  0  0  0  0  1  1  0  0  0  1  0  0  0  0  1  0  1  1  0  1  0  2  0  1  1  1  1  2  1  1  1  1  2  1  0  1
 34 Beat The Last Move      21   7 27  7   0  0  0  0  0  0  0  0  0  0  0  0  0  0  0  2  1  0  0  0  1  0  0  1  0  1  0  1  0  2  0  1  0  1  2  0  0  2  2  1  2  2
 35 * Text                  19   2 24 15   0  0  0  1  0  0  0  0  0  0  0  0  0  0  0  1  1  0  0  0  1  0  0  2  0  1  0  1  1  1  1  1  1  0  1  1  1  0  0  1  2  1
 36 * Switch A Lot          18   2 25 14   0  0  0  0  0  0  0  0  0  0  0  0  0  0  0  0  0  0  0  0  1  0  0  1  0  1  0  1  0  1  1  1  1  2  1  1  1  1  2  1  1  1
 37 Always Switchin'        17   1 25 15   0  0  0  0  0  0  0  0  0  0  0  0  0  0  0  0  0  0  0  0  1  0  0  1  0  1  0  1  0  1  1  1  1  2  1  1  1  1  1  1  1  1
 38 Good Ole Rock           16   3 28 10   0  0  0  0  0  0  0  0  0  0  0  0  0  0  0  0  0  0  0  0  1  0  0  1  0  1  0  1  0  1  0  1  1  0  2  1  1  1  0  1  2  2
 39 Beat Frequent Pick      15   4 30  7   0  0  0  0  0  0  0  0  0  0  0  0  0  0  0  0  0  0  0  0  0  0  0  1  0  1  0  1  0  1  0  1  0  0  2  0  1  2  1  1  2  2
 40 Rotate R-P-S            14   0 27 14   0  0  0  0  0  0  0  0  0  0  0  0  0  0  0  0  0  0  0  0  1  0  0  1  0  1  0  1  0  1  0  1  1  1  1  1  1  1  1  1  0  1
 41 * Anti-Flat             13   3 31  7   0  0  0  0  0  0  0  0  0  0  0  0  0  0  0  0  0  0  0  0  2  0  0  1  0  1  0  1  0  1  0  0  2  0  0  1  1  0  0  2  1  1
 42 R-P-S 20-20-60          13   0 28 13   0  0  0  0  0  0  0  0  0  0  0  0  0  0  0  0  0  0  0  0  1  0  0  1  0  1  0  1  0  1  1  1  1  0  1  1  1  0  0  1  1  1


   Yomi AI is match ranked 3

 Tournament results:
    Player Name          total 
  1 Yomi AI               6496 
 19 Iocaine Powder       10883 
 20 Phasenbott            9802 
 21 MegaHAL               9336 
 22 RussRocker4           7553 
 23 Biopic                8843 
 24 Simple Modeller       8655 
 25 Simple Predictor      7273 
 26 Robertot              7898 
 27 Boom                  7340 
 32 Granite               6857 
 35 Sweet Rocky           6733 
 36 Piedra                6828 

   Yomi is tournament ranked 13

