 Playing 1 tournaments with 1000 trials per match...

 Yomi AI            vs Good Ole Rock       Match: 1000 (1000+   0-   0=)
 Yomi AI            vs R-P-S 20-20-60      Match:  248 (485+ 237- 278=)
 Yomi AI            vs Rotate R-P-S        Match:  913 (921+   8-  71=)
 Yomi AI            vs Beat The Last Move  Match:  103 (397+ 294- 309=)
 Yomi AI            vs Always Switchin'    Match:  203 (456+ 253- 291=)
 Yomi AI            vs Beat Frequent Pick  Match:  465 (655+ 190- 155=)
 Yomi AI            vs * Pi                Match:  -50 (317+ 367- 316=)
 Yomi AI            vs * Switch A Lot      Match:  102 (381+ 279- 340=)
 Yomi AI            vs * Flat              Match:   83 (372+ 289- 339=)
 Yomi AI            vs * Anti-Flat         Match:  936 (941+   5-  54=)
 Yomi AI            vs * Foxtrot           Match:  272 (514+ 242- 244=)
 Yomi AI            vs * De Bruijn         Match:   -1 (329+ 330- 341=)
 Yomi AI            vs * Text              Match:  118 (402+ 284- 314=)
 Yomi AI            vs * Anti-rotn         Match:    6 (335+ 329- 336=)
 Yomi AI            vs * Copy-drift        Match:   77 (363+ 286- 351=)
 Yomi AI            vs * Add-react         Match:   39 (361+ 322- 317=)
 Yomi AI            vs * Add-drift         Match:  -36 (320+ 356- 324=)
 Yomi AI            vs Iocaine Powder      Match:    1 (337+ 336- 327=)
 Yomi AI            vs Phasenbott          Match:  -45 (311+ 356- 333=)
 Yomi AI            vs MegaHAL             Match:   52 (352+ 300- 348=)
 Yomi AI            vs RussRocker4         Match:   28 (360+ 332- 308=)
 Yomi AI            vs Biopic              Match:   13 (347+ 334- 319=)
 Yomi AI            vs Simple Modeller     Match:   14 (345+ 331- 324=)
 Yomi AI            vs Simple Predictor    Match:   10 (338+ 328- 334=)
 Yomi AI            vs Robertot            Match:   -6 (350+ 356- 294=)
 Yomi AI            vs Boom                Match:   43 (366+ 323- 311=)
 Yomi AI            vs Shofar              Match:   14 (367+ 353- 280=)
 Yomi AI            vs ACT-R Lag2          Match:   38 (359+ 321- 320=)
 Yomi AI            vs Majikthise          Match:    1 (349+ 348- 303=)
 Yomi AI            vs Vroomfondel         Match:    4 (349+ 345- 306=)
 Yomi AI            vs Granite             Match:   71 (380+ 309- 311=)
 Yomi AI            vs Marble              Match:   55 (401+ 346- 253=)
 Yomi AI            vs ZQ Bot              Match:   99 (440+ 341- 219=)
 Yomi AI            vs Sweet Rocky         Match:   43 (372+ 329- 299=)
 Yomi AI            vs Piedra              Match:   57 (375+ 318- 307=)
 Yomi AI            vs Mixed Strategy      Match:   54 (408+ 354- 238=)
 Yomi AI            vs Multi-strategy      Match:  268 (517+ 249- 234=)
 Yomi AI            vs Inocencio           Match:   87 (402+ 315- 283=)
 Yomi AI            vs Peterbot            Match:  -13 (340+ 353- 307=)
 Yomi AI            vs Bugbrain            Match:   28 (336+ 308- 356=)
 Yomi AI            vs Knucklehead         Match:  453 (625+ 172- 203=)
 Final results (draw value = 50):

 Tournament results: 

    Player Name          total     1    2    3    4    5    6    7    8    9   10   11   12   13   14   15   16   17   18   19   20   21   22   23   24   25   26   27   28   29   30   31   32   33   34   35   36   37   38   39   40   41   42
  1 Iocaine Powder       10520     0   56   66   31   24  202  508   29   -1  215  230   -8   47  -35   -1   -4   65   45  285   26   53    7  228  202    4   15  298  140  228  302  151  128  604   31  887  229  378  918  984  987  991  975
  2 Phasenbott           10463   -56    0  103   60   22  151  523   58   61  211  238  -12   36   47   45   35   93   16  257  163   10   16  197  201   45    4  390  200   58  322  112   81  343  119  998  232  203  909  987  992  993 1000
  3 MegaHAL               9335   -66 -103    0    5   13   89  111   51   17  227  243  -43  -47   40  -52    4   45   44  265   44  -69  -28  194  199    5   15   82  136   89  252  124  189  331  249  884  448  405  963  989  992  999 1000
  4 Simple Modeller       8904   -31  -60   -5    0   12  273   -9  -34   46   41   80  -20   -4   60  -14   15   41   23  303   43  -40  -26  173  556  -21   15  -26  268  212  109   49  127  202  208  947  468  352  591  992  992  997  999
  5 Biopic                8657   -24  -22  -13  -12    0  -61   26   47    2  145  159  -18   48    4  -13   25   34   42   97  159    1   21  218   92   16  -23  393    7  114  -27  157  131  508  157  768  348  379  784  995  995  999  999
  6 Simple Predictor      7937  -202 -151  -89 -273   61    0  -80  -56  -49   14   27  -12  -78   29  -10   87   43   45  200   69   -3  -28  191  728  -73  -14  -47  299  253   95   91  166  241  223  887  399  404  588  986  989  993  994
  7 RussRocker4           7587  -508 -523 -111    9  -26   80    0   31   50  123  100    3    5  -24  -28   44   70   11  198   60   31  -64  290  115  -35    0  171  151  130  370   95   54  473  135  945  282  308  586  994  993  999 1000
  8 Robertot              7482   -29  -58  -51   34  -47   56  -31    0   68   68   66  -11  -50   15    6   22   36   20   74   48   -5  -13  309   50  -36   23   10   -5   33   73   57  173  394  129  515  488  410  835  816  996  996  998
  9 Boom                  7039     1  -61  -17  -46   -2   49  -50  -68    0   65   61    4  -33  -23  -43   58   62   46   37  -20  -60  -52  268   27   10  -16  -29   51    0   78   43  122  446  203  419  385  408  753  978  990  995 1000
 10 Marble                6670  -215 -211 -227  -41 -145  -14 -123  -68  -65    0   29  -58  -70  -88  -55   48   70   42   22  -27  -19  -45  408  649 -103  -27    5    1   14   88  176  177  339  147  869  226  385  594  992  997 1000  993
 11 Granite               6640  -230 -238 -243  -80 -159  -27 -100  -66  -61  -29    0  -40  -84  -47  -71   26   52   25   57   16  -32  -47  288  652  -15  -44    5   16   81   66  190  175  364  122  910  220  411  591  996  995  999  996
 12 Shofar                6308     8   12   43   20   18   12   -3   11   -4   58   40    0  -10   -8  -14   28   27   23   29   78   15  -15  139   42  -10   24   13  -18   64  -10   27   95  120  226  197  434  291  553  862  942  992  957
 13 ACT-R Lag2            6280   -47  -36   47    4  -48   78   -5   50   33   70   84   10    0   33  -38   45  -16   33  133   35   -8   11  265  392  -71   11  -55   59   46    9  139  101  497  145  128  278  314  576   -7  992  999  994
 14 Bugbrain              5930    35  -47  -40  -60   -4  -29   24  -15   23   88   47    8  -33    0  -28   34   54   37  145   77   -7   -2   61   50  -28  -26   37  103   52  115   38   14  160  111  175  212  232  436  964  967  986  964
 15 Yomi AI               5847     1  -45   52   14   13   10   28   -6   43   55   71   14   38   28    0   43    6   57   99   54    4    1  268   87   -1  -50  272  -36   77   39   83  118  453  102  -13  203  248  465  103  913 1000  936
 16 Sweet Rocky           5687     4  -35   -4  -15  -25  -87  -44  -22  -58  -48  -26  -28  -45  -34  -43    0   40    6  -39  -55  -29  -21   93  -50    8    8  -28   35   63   81  117  175  189  167  181  282  398  590  993  995  999  999
 17 * Anti-rotn           5686   -65  -93  -45  -41  -34  -43  -70  -36  -62  -70  -52  -27   16  -54   -6  -40    0   -1  -67    3   -2  -10  264  514  -47  -50   15    6  -37  -14  186   57   69  294  499  496  169  598  475  998  997  996
 18 Piedra                5594   -45  -16  -44  -23  -42  -45  -11  -20  -46  -42  -25  -23  -33  -37  -57   -6    1    0  -26  -38  -30  -49   72   -5   21   11   23   72   43  154   61  161  119  157  139  297  363  592  993  993  994  991
 19 ZQ Bot                5495  -285 -257 -265 -303  -97 -200 -198  -74  -37  -22  -57  -29 -133 -145  -99   39   67   26    0   41  -20  -13  216  -48    9  -44   37   61   86  365  144  150  294  177  837  324  383  591  994  987  995  998
 20 Mixed Strategy        4911   -26 -163  -44  -43 -159  -69  -60  -48   20   27  -16  -78  -35  -77  -54   55   -3   38  -41    0  -55    4   58  -20  -55  -58   -6    8   67   91    5  178  200   85  340  100  374  456  975  955  990  995
 21 Vroomfondel           4822   -53  -10   69   40   -1    3  -31    5   60   19   32  -15    8    7   -4   29    2   30   20   55    0  -27  226   48    7  -37   20   42    0  -14   47   32  199  147   42  254  108  496   12  992  994  969
 22 Majikthise            4806    -7  -16   28   26  -21   28   64   13   52   45   47   15  -11    2   -1   21   10   49   13   -4   27    0  167   76    8   -1    9  -26  -48   -2   71   11  257  130  -19  209  131  471   11  989  993  989
 23 Multi-strategy        1945  -228 -197 -194 -173 -218 -191 -290 -309 -268 -408 -288 -139 -265  -61 -268  -93 -264  -72 -216  -58 -226 -167    0 -140  -50  -20  -13   38  295   57  177  123    3  325  -57  453  357  999  997  997  999  998
 24 Inocencio             1919  -202 -201 -199 -556  -92 -728 -115  -50  -27 -649 -652  -42 -392  -50  -87   50 -514    5   48   20  -48  -76  140    0  -19   -7  301    7  178   91  153  163  214  145  134  312  418  361  949  980  973  983
 25 * De Bruijn            445    -4  -45   -5   21  -16   73   35   36  -10  103   15   10   71   28    1   -8   47  -21   -9   55   -7   -8   50   19    0   -1  -36    7    1  -17   22   23  -18   15  -27    9   -4  128   -1   21    0 -108
 26 * Pi                   289   -15   -4  -15  -15   23   14    0  -23   16   27   44  -24  -11   26   50   -8   50  -11   44   58   37    1   20    7    1    0   53   37   -2  -47   -8  -81    3   11   18  -24   18   30   22  -11  -11  -11
 27 * Foxtrot            -1806  -298 -390  -82   26 -393   47 -171  -10   29   -5   -5  -13   55  -37 -272   28  -15  -23  -37    6  -20   -9   13 -301   36  -53    0    0    5    1    0   -8    5   16   10   26   24  -22   33    0  -42   40
 28 * Add-drift          -1914  -140 -200 -136 -268   -7 -299 -151    5  -51   -1  -16   18  -59 -103   36  -35   -6  -72  -61   -8  -42   26  -38   -7   -7  -37    0    0  -37  -54  -26  -30  -29  -18  -42   -3   -7  -31   29  -50   17   26
 29 * Copy-drift         -2133  -228  -58  -89 -212 -114 -253 -130  -33    0  -14  -81  -64  -46  -52  -77  -63   37  -43  -86  -67    0   48 -295 -178   -1    2   -5   37    0  -14   58   -7  -62    5  -33  -44  -10  -23   28   17   -6   23
 30 * Add-react          -2549  -302 -322 -252 -109   27  -95 -370  -73  -78  -88  -66   10   -9 -115  -39  -81   14 -154 -365  -91   14    2  -57  -91   17   47   -1   54   14    0    2  -12  -70   59  -54   28   46  -13   36    6   -7  -11
 31 * Flat               -2654  -151 -112 -124  -49 -157  -91  -95  -57  -43 -176 -190  -27 -139  -38  -83 -117 -186  -61 -144   -5  -47  -71 -177 -153  -22    8    0   26  -58   -2    0   16    9  -42 -120  -22   -8  239  198   -8   -1 -374
 32 * Text               -3209  -128  -81 -189 -127 -131 -166  -54 -173 -122 -177 -175  -95 -101  -14 -118 -175  -57 -161 -150 -178  -32  -11 -123 -163  -23   81    8   30    7   12  -16    0  -59  -38   16    1   15 -185  -74  -11 -185  113
 33 Knucklehead          -3504  -604 -343 -331 -202 -508 -241 -473 -394 -446 -339 -364 -120 -497 -160 -453 -189  -69 -119 -294 -200 -199 -257   -3 -214   18   -3   -5   29   62   70   -9   59    0   -4  -64   16   13  160  421  810  943  999
 34 * Switch A Lot       -3760   -31 -119 -249 -208 -157 -223 -135 -129 -203 -147 -122 -226 -145 -111 -102 -167 -294 -157 -177  -85 -147 -130 -325 -145  -15  -11  -16   18   -5  -59   42   38    4    0 -101   -4  -29   25  312  -21  -18   14
 35 Peterbot             -6338  -887 -998 -884 -947 -768 -887 -945 -515 -419 -869 -910 -197 -128 -175   13 -181 -499 -139 -837 -340  -42   19   57 -134   27  -18  -10   42   33   54  120  -16   64  101    0  216  297  430  963  997  999  975
 36 Always Switchin'     -7316  -229 -232 -448 -468 -348 -399 -282 -488 -385 -226 -220 -434 -278 -212 -203 -282 -496 -297 -324 -100 -254 -209 -453 -312   -9   24  -26    3   44  -28   22   -1  -16    4 -216    0    2   12  504    6   10  -72
 37 R-P-S 20-20-60       -9001  -378 -203 -405 -352 -379 -404 -308 -410 -408 -385 -411 -291 -314 -232 -248 -398 -169 -363 -383 -374 -108 -131 -357 -418    4  -18  -24    7   10  -46    8  -15  -13   29 -297   -2    0 -395 -152    0 -410  142
 38 Beat Frequent Pick  -14255  -918 -909 -963 -591 -784 -588 -586 -835 -753 -594 -591 -553 -576 -436 -465 -590 -598 -592 -591 -456 -496 -471 -999 -361 -128  -30   22   31   23   13 -239  185 -160  -25 -430  -12  395    0 -600    0  999  997
 39 Beat The Last Move  -18752  -984 -987 -989 -992 -995 -986 -994 -816 -978 -992 -996 -862    7 -964 -103 -993 -475 -993 -994 -975  -12  -11 -997 -949    1  -22  -33  -29  -28  -36 -198   74 -421 -312 -963 -504  152  600    0    1 1000  996
 40 Rotate R-P-S        -26044  -987 -992 -992 -992 -995 -989 -993 -996 -990 -997 -995 -942 -992 -967 -913 -995 -998 -993 -987 -955 -992 -989 -997 -980  -21   11    0   50  -17   -6    8   11 -810   21 -997   -6    0    0   -1    0    0 -669
 41 Good Ole Rock       -26160  -991 -993 -999 -997 -999 -993 -999 -996 -995 -1000 -999 -992 -999 -986 -1000 -999 -997 -994 -995 -990 -994 -993 -999 -973    0   11   42  -17    6    7    1  185 -943   18 -999  -10  410 -999 -1000    0    0 1000
 42 * Anti-Flat         -27803  -975 -1000 -1000 -999 -999 -994 -1000 -998 -1000 -993 -996 -957 -994 -964 -936 -999 -996 -991 -998 -995 -969 -989 -998 -983  108   11  -40  -26  -23   11  374 -113 -999  -14 -975   72 -142 -997 -996  669 -1000    0

 Match results (draw <= 50): 

    Player Name           total  W  L  D   1  2  3  4  5  6  7  8  9 10 11 12 13 14 15 16 17 18 19 20 21 22 23 24 25 26 27 28 29 30 31 32 33 34 35 36 37 38 39 40 41 42
  1 Phasenbott              69  29  1 11   1  0  1  2  2  1  2  2  1  1  1  2  1  2  1  1  1  2  2  2  2  2  1  2  1  2  2  2  2  2  2  2  2  2  2  2  2  2  2  2  2  2
  2 Iocaine Powder          67  26  0 15   2  1  1  2  2  1  1  1  1  1  1  1  1  2  1  1  2  2  2  2  1  2  1  2  1  2  2  2  2  2  2  2  2  2  2  1  2  2  2  2  2  2
  3 Yomi AI                 62  21  0 20   1  1  1  2  1  1  1  1  1  1  1  1  2  1  1  1  1  2  1  2  2  2  1  2  1  2  1  1  2  2  2  1  2  2  2  2  2  2  2  2  2  2
  4 MegaHAL                 61  24  4 13   0  0  0  1  2  1  1  2  1  1  1  1  1  2  1  1  0  2  1  2  1  2  1  2  1  2  2  2  2  2  2  2  2  2  2  2  2  2  2  2  2  2
  5 RussRocker4             61  24  4 13   0  0  1  0  1  1  1  1  1  1  1  1  1  2  0  1  1  2  2  2  2  2  1  2  1  2  2  2  2  2  2  2  2  2  2  2  2  2  2  2  2  2
  6 Biopic                  60  20  1 20   1  1  1  1  1  1  1  1  1  1  1  1  1  0  1  1  1  2  1  2  2  2  1  2  1  2  2  1  2  2  2  1  2  2  2  2  2  2  2  2  2  2
  7 Simple Modeller         60  20  1 20   0  1  1  1  1  1  1  1  2  1  1  1  1  2  1  1  1  2  1  2  1  1  1  2  1  1  2  2  2  2  2  2  1  2  2  2  2  2  2  2  2  2
  8 Robertot                58  19  2 20   0  1  1  0  1  1  1  1  1  1  1  2  1  2  1  1  1  2  1  2  1  2  1  1  1  1  2  1  2  1  2  2  2  2  2  2  2  2  2  2  2  2
  9 Bugbrain                58  18  1 22   1  1  1  1  1  1  0  1  1  1  1  1  1  1  1  1  1  1  2  2  2  2  1  1  1  1  2  2  2  2  2  2  1  2  1  2  2  2  2  2  2  2
 10 ACT-R Lag2              57  18  2 21   1  1  1  1  1  1  1  1  1  1  1  1  1  2  1  1  1  2  1  2  1  2  0  2  1  0  2  2  2  1  2  1  2  1  2  2  2  2  2  2  2  2
 11 Shofar                  56  15  0 26   1  1  1  1  1  1  1  1  1  1  1  1  1  1  1  1  1  1  1  1  2  2  1  1  1  1  2  1  2  2  2  1  1  2  2  2  2  2  2  2  2  2
 12 Boom                    55  18  4 19   0  1  1  1  1  1  1  0  1  1  1  1  1  1  0  2  0  2  2  1  1  2  1  1  1  1  2  2  2  1  2  2  1  2  2  2  2  2  2  2  2  2
 13 Piedra                  55  15  1 25   1  1  0  1  1  1  1  1  1  1  1  1  1  1  1  1  1  1  1  1  1  1  1  1  1  1  2  2  2  1  2  2  2  2  2  2  2  2  2  2  2  2
 14 Simple Predictor        54  21  8 12   0  0  1  0  0  2  0  0  1  0  1  1  1  1  1  2  1  1  1  2  2  1  0  2  1  1  2  2  2  2  2  2  2  2  2  2  2  2  2  2  2  2
 15 Majikthise              54  13  0 28   1  1  1  1  2  1  1  1  1  1  1  2  1  1  1  1  1  1  1  1  1  1  1  2  1  1  1  1  2  1  2  1  2  1  1  2  2  2  2  2  2  2
 16 Sweet Rocky             53  15  3 23   1  1  1  1  1  1  1  1  1  1  1  0  1  0  1  1  1  1  1  1  0  1  1  1  1  1  2  1  2  2  2  2  2  2  2  2  2  2  2  2  2  2
 17 Vroomfondel             52  12  1 28   1  0  1  2  1  1  1  1  1  1  1  2  1  1  1  1  1  1  1  1  2  1  1  1  1  1  1  1  2  1  2  1  1  1  1  2  2  2  2  2  2  2
 18 Granite                 49  18 10 13   0  0  0  0  0  0  0  0  1  0  1  0  1  1  1  1  1  1  2  2  1  1  1  2  1  1  2  1  2  2  2  2  2  2  2  2  2  2  2  2  2  2
 19 * Anti-rotn             47  14  8 19   0  0  1  1  0  1  1  1  0  1  1  0  1  1  1  1  1  0  1  0  1  0  1  2  1  1  2  1  2  1  2  1  2  2  2  2  2  2  2  2  2  2
 20 ZQ Bot                  46  17 12 12   0  0  0  0  0  0  0  0  0  0  1  1  1  0  1  1  1  0  2  1  1  1  1  1  1  1  2  2  2  2  2  2  2  2  2  2  2  2  2  2  2  2
 21 Mixed Strategy          46  15 10 16   0  1  0  1  0  0  1  1  0  1  0  1  1  0  1  2  0  1  1  1  1  1  0  1  0  1  2  1  2  2  2  2  1  2  2  2  2  2  2  2  2  2
 22 Marble                  45  16 12 13   0  0  0  0  0  0  1  0  0  0  0  0  1  1  1  1  1  1  2  1  1  1  0  2  1  1  2  1  2  1  2  2  2  2  2  2  2  2  2  2  2  2
 23 * De Bruijn             45   5  1 35   1  1  1  1  1  1  1  1  1  2  1  1  1  2  1  1  1  1  1  1  2  2  1  1  1  1  1  1  1  1  1  1  1  1  1  1  2  1  1  1  1  0
 24 Inocencio               44  16 13 12   0  0  0  0  0  0  0  1  1  0  1  1  1  0  0  1  1  0  0  1  1  0  1  1  1  2  2  1  2  2  2  2  2  2  2  2  2  2  2  2  2  2
 25 * Pi                    42   2  1 38   1  1  1  1  1  1  1  1  1  1  1  1  1  1  1  1  1  1  1  1  2  1  1  1  1  2  1  1  1  1  1  1  1  1  0  1  1  1  1  1  1  1
 26 * Foxtrot               34   1  8 32   0  0  0  0  0  0  1  1  1  2  1  1  1  1  1  1  1  1  1  1  1  1  1  0  0  1  1  1  1  1  1  1  1  1  1  1  1  1  1  1  1  1
 27 Peterbot                33  12 20  9   0  0  1  0  0  0  0  0  0  0  0  0  0  0  1  0  1  0  0  0  0  0  1  0  1  1  1  1  2  1  2  2  2  2  1  2  2  2  2  2  2  2
 28 * Add-drift             29   0 12 29   0  0  1  0  0  1  0  1  0  0  1  0  0  0  1  1  1  1  1  0  1  1  1  1  1  1  1  1  1  1  1  0  1  1  1  1  1  1  1  1  1  1
 29 Multi-strategy          29  12 24  5   0  0  0  0  0  0  0  0  0  0  0  0  0  0  0  0  0  0  0  0  0  0  1  0  1  1  0  1  1  2  1  2  2  2  2  2  2  2  2  2  2  2
 30 * Copy-drift            25   1 17 23   0  0  0  0  0  0  0  1  0  1  0  1  1  0  1  0  1  0  1  0  0  1  1  0  1  1  1  1  0  1  0  1  2  1  1  1  1  1  1  1  1  1
 31 Knucklehead             25   8 24  9   0  0  0  0  0  0  0  0  0  0  0  0  0  0  0  0  0  0  0  0  0  0  1  0  1  1  0  1  1  2  1  2  1  2  2  1  2  2  1  1  2  2
 32 * Add-react             24   2 19 20   0  0  1  0  0  1  0  0  0  1  1  0  0  0  1  0  1  0  1  0  0  0  1  0  1  1  0  2  0  1  0  1  1  1  1  2  1  1  1  1  1  1
 33 * Flat                  22   2 21 18   0  0  0  0  0  0  1  0  1  0  1  1  0  0  0  0  1  0  0  0  1  0  1  0  1  1  0  1  0  0  1  1  1  2  1  1  2  1  1  1  1  0
 34 Beat The Last Move      20   5 26 10   0  0  0  0  0  0  0  0  0  1  0  0  0  0  1  0  1  0  0  0  0  0  1  0  1  1  0  1  0  1  0  1  0  1  2  0  2  2  0  2  1  2
 35 * Text                  18   2 25 14   0  0  0  0  0  0  0  0  1  0  0  0  0  0  1  0  1  0  0  0  0  0  1  0  2  1  1  1  0  1  0  1  1  0  1  1  0  0  1  1  1  2
 36 * Switch A Lot          17   1 25 15   0  1  0  0  0  0  0  0  0  0  0  0  0  0  0  0  0  0  0  0  0  0  1  0  1  1  0  1  0  1  1  0  1  2  1  1  1  1  1  1  1  1
 37 Beat Frequent Pick      16   4 29  8   0  0  0  0  0  0  0  0  0  0  0  0  0  0  0  0  0  0  0  0  0  0  0  0  1  1  0  1  0  1  0  1  0  0  2  1  1  2  1  2  1  2
 38 Good Ole Rock           16   3 28 10   0  0  0  0  0  0  0  0  0  0  0  0  0  0  0  0  0  0  0  0  0  0  1  0  1  1  0  1  0  1  0  1  1  0  2  1  0  1  1  2  1  2
 39 Always Switchin'        16   1 26 14   0  0  0  0  0  0  0  0  0  0  0  0  0  0  0  0  0  0  0  0  0  0  1  0  1  1  0  1  0  1  1  1  1  2  1  1  1  1  1  1  1  0
 40 R-P-S 20-20-60          14   1 28 12   0  0  0  0  0  0  0  0  0  0  0  0  0  0  0  0  0  0  0  0  0  0  1  0  1  1  0  1  0  1  1  1  1  0  1  1  0  0  1  1  1  2
 41 Rotate R-P-S            14   0 27 14   0  0  0  0  0  0  0  0  0  0  0  0  0  0  0  0  0  0  0  0  0  0  1  0  1  1  0  1  0  1  0  1  1  1  1  1  1  1  1  1  1  0
 42 * Anti-Flat             14   4 31  6   0  0  0  0  0  0  0  0  0  0  0  0  0  0  0  0  0  0  0  0  0  0  2  0  1  1  0  1  0  1  0  1  2  0  0  1  0  0  2  0  2  1


   Yomi AI is match ranked 3

 Tournament results:
    Player Name          total 
  1 Yomi AI               5847 
 19 Iocaine Powder       10520 
 20 Phasenbott           10463 
 21 MegaHAL               9335 
 22 RussRocker4           7587 
 23 Biopic                8657 
 24 Simple Modeller       8904 
 25 Simple Predictor      7937 
 26 Robertot              7482 
 27 Boom                  7039 
 28 Shofar                6308 
 29 ACT-R Lag2            6280 
 32 Granite               6640 
 33 Marble                6670 
 41 Bugbrain              5930 

   Yomi is tournament ranked 15

