 Playing 1 tournaments with 1000 trials per match...

 Yomi AI            vs Good Ole Rock       Match: 1000 (1000+   0-   0=)
 Yomi AI            vs R-P-S 20-20-60      Match:  193 (474+ 281- 245=)
 Yomi AI            vs Rotate R-P-S        Match:  799 (892+  93-  15=)
 Yomi AI            vs Beat The Last Move  Match:  135 (424+ 289- 287=)
 Yomi AI            vs Always Switchin'    Match:  157 (455+ 298- 247=)
 Yomi AI            vs Beat Frequent Pick  Match:  454 (660+ 206- 134=)
 Yomi AI            vs * Pi                Match:  -18 (334+ 352- 314=)
 Yomi AI            vs * Switch A Lot      Match:   96 (398+ 302- 300=)
 Yomi AI            vs * Flat              Match:   67 (378+ 311- 311=)
 Yomi AI            vs * Anti-Flat         Match:  976 (977+   1-  22=)
 Yomi AI            vs * Foxtrot           Match:  377 (589+ 212- 199=)
 Yomi AI            vs * De Bruijn         Match:    9 (346+ 337- 317=)
 Yomi AI            vs * Text              Match:  116 (413+ 297- 290=)
 Yomi AI            vs * Anti-rotn         Match:   28 (343+ 315- 342=)
 Yomi AI            vs * Copy-drift        Match:  -13 (317+ 330- 353=)
 Yomi AI            vs * Add-react         Match:    6 (352+ 346- 302=)
 Yomi AI            vs * Add-drift         Match:  -12 (312+ 324- 364=)
 Yomi AI            vs Iocaine Powder      Match:   -2 (342+ 344- 314=)
 Yomi AI            vs Phasenbott          Match:  -13 (318+ 331- 351=)
 Yomi AI            vs MegaHAL             Match:    5 (331+ 326- 343=)
 Yomi AI            vs RussRocker4         Match:  -18 (344+ 362- 294=)
 Yomi AI            vs Biopic              Match:   -6 (338+ 344- 318=)
 Yomi AI            vs Simple Modeller     Match:    4 (331+ 327- 342=)
 Yomi AI            vs Simple Predictor    Match:   45 (378+ 333- 289=)
 Yomi AI            vs Robertot            Match:   67 (374+ 307- 319=)
 Yomi AI            vs Boom                Match:   43 (359+ 316- 325=)
 Yomi AI            vs Shofar              Match:  -47 (293+ 340- 367=)
 Yomi AI            vs ACT-R Lag2          Match:  -14 (325+ 339- 336=)
 Yomi AI            vs Majikthise          Match:  -38 (314+ 352- 334=)
 Yomi AI            vs Vroomfondel         Match:    0 (346+ 346- 308=)
 Yomi AI            vs Granite             Match:   88 (414+ 326- 260=)
 Yomi AI            vs Marble              Match:   56 (412+ 356- 232=)
 Yomi AI            vs ZQ Bot              Match:   82 (414+ 332- 254=)
 Yomi AI            vs Sweet Rocky         Match:   34 (387+ 353- 260=)
 Yomi AI            vs Piedra              Match:   31 (354+ 323- 323=)
 Yomi AI            vs Mixed Strategy      Match:  112 (408+ 296- 296=)
 Yomi AI            vs Multi-strategy      Match:  195 (473+ 278- 249=)
 Yomi AI            vs Inocencio           Match:   91 (418+ 327- 255=)
 Yomi AI            vs Peterbot            Match:   23 (359+ 336- 305=)
 Yomi AI            vs Bugbrain            Match:   26 (350+ 324- 326=)
 Yomi AI            vs Knucklehead         Match:  419 (629+ 210- 161=)
 Final results (draw value = 50):

 Tournament results: 

    Player Name          total     1    2    3    4    5    6    7    8    9   10   11   12   13   14   15   16   17   18   19   20   21   22   23   24   25   26   27   28   29   30   31   32   33   34   35   36   37   38   39   40   41   42
  1 Iocaine Powder       10854     0   66   68   28   31  507    4  183   32   24  212  247  -53   53    4   97  288    2   -7   58   27   94  352  223   23   29  141  142  362  583  210  331  123   28  892  169  408  931  986  987  991  978
  2 MegaHAL              10237   -66    0  -11   14   41   70   83   78   17   25  213  225  -42  -20  -52   39  236   -5    0   74   24   61  199  931  -39   31  186   87  114  356  165  279  133  191  873  437  380  929  990  996  998  997
  3 Phasenbott           10227   -68   11    0   26   74  492   48  127   41   82  222  241   32   64  -26   64  267   13   21   52   32   75  202  175   11   26  183  102  396  442   99  313  110   98  888  258  142  926  985  996  995  990
  4 Biopic                8360   -28  -14  -26    0   14    3  -31   33   22   45  144  125    3   13  -35   34   64    6  -22   32   -8   50  273  151  -19   11   15  114  405  524  155   91  136  191  748  308  347  507  991  997 1000  991
  5 Simple Modeller       8172   -31  -41  -74  -14    0  -79   48  324   33   43   46   58    3   71   40   -6  296   -4  -30   87   45   91  165   82  -19   -7  209  242  -13  308   70  102  127  283  313  457  383  593  991  992  997  991
  6 RussRocker4           8073  -507  -70 -492   -3   79    0   60  108   36   41  164  192   12   34   10  -19  140   18   37   57  -36   13  433  152  -38  -16  158  124  195  513   90  315   61  119  931  284  292  607  992  990 1000  997
  7 Robertot              7503    -4  -83  -48   31  -48  -60    0  -58  -34   18   44   64  -22   15   10   -1   85  -67  -37   72   19   59  298   69   49  -17  -30   86    1  423   67   40  171  103  775  459  402  855  808  995  997  997
  8 Simple Predictor      7322  -183  -78 -127  -33 -324 -108   58    0   -1   17   14   24  -27   40   26  -99  155  -45  -19   58   19    0  179  784  -62  -14  253  259   51  251   60  126  166  231  313  392  416  587  986  986  995  996
  9 Boom                  7113   -32  -17  -41  -22  -33  -36   34    1    0    8   24   29    3   57    8  -53   75  -43    0   41   17    7  184    0   11  -21   62   80   41  407   72   42  124   74  436  477  367  753  991  990  997  999
 10 Sweet Rocky           6787   -24  -25  -82  -45  -43  -41  -18  -17   -8    0  -33  -43  -48   51  -21  -89  -84  -34  -36   74  -55    9  178  -26    1    7    6  -20   39  194  145  290  151  201  922  318  420  596  998  993  994  992
 11 Marble                6620  -212 -213 -222 -144  -46 -164  -44  -14  -24   33    0    3  -42   52  -64 -149   10  -56   -6   42   21   17  265  636  -73  -38  -43   56   58  272  155   96  181  164  937  196  407  591  992  995  999  996
 12 Granite               6447  -247 -225 -241 -125  -58 -192  -64  -24  -29   43   -3    0 -107   26 -102 -112   60  -88  -46   45   -5   71  223  656  -45    1   42   24   25  267  189   80  177  134  926  205  402  594  989  995 1000  986
 13 Shofar                6230    53   42  -32   -3   -3  -12   22   27   -3   48   42  107    0   42   10   21   41   47  -31   52   47   37  129   76  -11  -23    9   69  -46  162   26   30   86   64   41  431  303  550  879  951  966  984
 14 Piedra                6179   -53   20  -64  -13  -71  -34  -15  -40  -57  -51  -52  -26  -42    0  -24  -42  -98  -31  -35   48  -29   23   78  -34  -62   26  -42   21  -53  129  121  363  181  150  807  239  392  591  987  989  993  989
 15 Bugbrain              6048    -4   52   26   35  -40  -10  -10  -26   -8   21   64  102  -10   24    0    1  155  -26    1   22    6   36   76   80  -12   22   99   66    7  174   46  104   75   68  149  222  174  385  974  969  967  992
 16 ACT-R Lag2            5989   -97  -39  -64  -34    6   19    1   99   53   89  149  112  -21   42   -1    0   80   14  -25   16  -24   97  187  140  -65  -33   16   14  -71  491  129    1   82  106  366  249  323  565   32  993  997  995
 17 ZQ Bot                5784  -288 -236 -267  -64 -296 -140  -85 -155  -75   84  -10  -60  -41   98 -155  -80    0  -82   25   79  -46   10  307  -23   -6  -20   43   41   34  269  159  297  177  136  927  276  390  592  990  990  995  994
 18 Yomi AI               5553    -2    5  -13   -6    4  -18   67   45   43   34   56   88  -47   31   26  -14   82    0    0   28  -38  112  195   91    9  -18  -12  -13  377  419   67    6  116   96   23  157  193  454  135  799 1000  976
 19 Vroomfondel           4987     7    0  -21   22   30  -37   37   19    0   36    6   46   31   35   -1   25  -25    0    0   -3   10   36  216  110   15    9    2   17   10  191  119   56   21   99  -10  299  145  456   -1  993  993  994
 20 * Anti-rotn           4977   -58  -74  -52  -32  -87  -57  -72  -58  -41  -74  -42  -45  -52  -48  -22  -16  -79  -28    3    0    9  -20   36  629  -34  -46  -32   34   17   56  189   23   55  319   21  516  147  499  496  999  999  999
 21 Majikthise            4398   -27  -24  -32    8  -45   36  -19  -19  -17   55  -21    5  -47   29   -6   24   46   38  -10   -9    0  -14  177   94  -42   19  -10   25   23  226   48   -4   30   96   42  229   84  453  -22  993  992  994
 22 Mixed Strategy        4391   -94  -61  -75  -50  -91  -13  -59    0   -7   -9  -17  -71  -37  -23  -36  -97  -10 -112  -36   20   14    0  -11  -25 -128  -52   21   22  -20  199  -18   32  178   29  190  118  337  433  981  983  993  993
 23 Multi-strategy        2813  -352 -199 -202 -273 -165 -433 -298 -179 -184 -178 -265 -223 -129  -78  -76 -187 -307 -195 -216  -36 -177   11    0 -159  -50  -20   12  287   40   70  163   41  123  273  500  462  421  999  997  997  999  999
 24 Inocencio             1557  -223 -931 -175 -151  -82 -152  -69 -784    0   26 -636 -656  -76   34  -80 -140   23  -91 -110 -629  -94   25  159    0  -43  -27   -1  117  347  214  160   64  165  118  110  208  438  588  977  975  980  979
 25 * De Bruijn            751   -23   39  -11   19   19   38  -49   62  -11   -1   73   45   11   62   12   65    6   -9  -15   34   42  128   50   43    0   -1  -31  -17    2   49   -9   -1   23   26  -12   21   31  128   -1   21    0 -107
 26 * Pi                   115   -29  -31  -26  -11    7   16   17   14   21   -7   38   -1   23  -26  -22   33   20   18   -9   46  -19   52   20   27    1    0  -26  -12   -2  -31   37    8  -81   38   16    0  -27   30   22  -11  -11   -7
 27 * Add-drift          -1213  -141 -186 -183  -15 -209 -158   30 -253  -62   -6   43  -42   -9   42  -99  -16  -43   12   -2   32   10  -21  -12    1   31   26    0   35    3  -30  -15   23    3  -25   -8    1   38  -10    8   -8  -10   12
 28 * Copy-drift         -2213  -142  -87 -102 -114 -242 -124  -86 -259  -80   20  -56  -24  -69  -21  -66  -14  -41   13  -17  -34  -25  -22 -287 -117   17   12  -35    0  -17 -123  -10   -9   15   -2  -50  -24   33  -22    8  -13   15  -12
 29 * Foxtrot            -2403  -362 -114 -396 -405   13 -195   -1  -51  -41  -39  -58  -25   46   53   -7   71  -34 -377  -10  -17  -23   20  -40 -347   -2    2   -3   17    0   -2    7   -6    7  -44  -31   -7   11   26    0  -22    3  -20
 30 Knucklehead          -2848  -583 -356 -442 -524 -308 -513 -423 -251 -407 -194 -272 -267 -162 -129 -174 -491 -269 -419 -191  -56 -226 -199  -70 -214  -49   31   30  123    2    0  -30    4   43   21  -41   20   72  179  948  939 1000 1000
 31 * Flat               -2924  -210 -165  -99 -155  -70  -90  -67  -60  -72 -145 -155 -189  -26 -121  -46 -129 -159  -67 -119 -189  -48   18 -163 -160    9  -37   15   10   -7   30    0  -21  -12  -33 -191   -7  -29  263  226    8    0 -462
 32 * Add-react          -3135  -331 -279 -313  -91 -102 -315  -40 -126  -42 -290  -96  -80  -30 -363 -104   -1 -297   -6  -56  -23    4  -32  -41  -64    1   -8  -23    9    6   -4   21    0  -15   19  -44  -14   11   -9   31   21  -11   -8
 33 * Text               -3183  -123 -133 -110 -136 -127  -61 -171 -166 -124 -151 -181 -177  -86 -181  -75  -82 -177 -116  -21  -55  -30 -178 -123 -165  -23   81   -3  -15   -7  -43   12   15    0   54   26   26  -13 -185  -74  -11 -185  111
 34 * Switch A Lot       -3209   -28 -191  -98 -191 -283 -119 -103 -231  -74 -201 -164 -134  -64 -150  -68 -106 -136  -96  -99 -319  -96  -29 -273 -118  -26  -38   25    2   44  -21   33  -19  -54    0 -145  -15    9   26  329   10   29  -27
 35 Peterbot             -6537  -892 -873 -888 -748 -313 -931 -775 -313 -436 -922 -937 -926  -41 -807 -149 -366 -927  -23   10  -21  -42 -190 -500 -110   12  -16    8   50   31   41  191   44  -26  145    0  259  429  438  981  997  999 1000
 36 Always Switchin'     -7100  -169 -437 -258 -308 -457 -284 -459 -392 -477 -318 -196 -205 -431 -239 -222 -249 -276 -157 -299 -516 -229 -118 -462 -208  -21    0   -1   24    7  -20    7   14  -26   15 -259    0   38  -17  512   57   -5  -59
 37 R-P-S 20-20-60       -8854  -408 -380 -142 -347 -383 -292 -402 -416 -367 -420 -407 -402 -303 -392 -174 -323 -390 -193 -145 -147  -84 -337 -421 -438  -31   27  -38  -33  -11  -72   29  -11   13   -9 -429  -38    0 -403 -117   27 -386  341
 38 Beat Frequent Pick  -14079  -931 -929 -926 -507 -593 -607 -855 -587 -753 -596 -591 -594 -550 -591 -385 -565 -592 -454 -456 -499 -453 -433 -999 -588 -128  -30   10   22  -26 -179 -263    9  185  -26 -438   17  403    0 -600    0  999 1000
 39 Beat The Last Move  -19396  -986 -990 -985 -991 -991 -992 -808 -986 -991 -998 -992 -989 -879 -987 -974  -32 -990 -135    1 -496   22 -981 -997 -977    1  -22   -8   -8    0 -948 -226  -31   74 -329 -981 -512  117  600    0    1 1000 1000
 40 Rotate R-P-S        -26204  -987 -996 -996 -997 -992 -990 -995 -986 -990 -993 -995 -995 -951 -989 -969 -993 -990 -799 -993 -999 -993 -983 -997 -975  -21   11    8   13   22 -939   -8  -21   11  -10 -997  -57  -27    0   -1    0    0 -645
 41 Good Ole Rock       -26275  -991 -998 -995 -1000 -997 -1000 -997 -995 -997 -994 -999 -1000 -966 -993 -967 -997 -995 -1000 -993 -999 -992 -993 -999 -980    0   11   10  -15   -3 -1000    0   11  185  -29 -999    5  386 -999 -1000    0    0  999
 42 * Anti-Flat         -27914  -978 -997 -990 -991 -991 -997 -997 -996 -999 -992 -996 -986 -984 -989 -992 -995 -994 -976 -994 -999 -994 -993 -999 -979  107    7  -12   12   20 -1000  462    8 -111   27 -1000   59 -341 -1000 -1000  645 -999    0

 Match results (draw <= 50): 

    Player Name           total  W  L  D   1  2  3  4  5  6  7  8  9 10 11 12 13 14 15 16 17 18 19 20 21 22 23 24 25 26 27 28 29 30 31 32 33 34 35 36 37 38 39 40 41 42
  1 Phasenbott              69  29  1 11   1  0  1  2  2  1  1  1  1  1  2  1  2  1  2  1  2  2  1  2  2  2  1  2  2  2  2  2  2  2  2  2  2  2  2  2  2  2  2  2  2  2
  2 Iocaine Powder          68  28  1 12   2  1  2  2  1  1  1  1  1  0  2  1  2  1  1  1  2  2  1  2  2  2  1  2  2  2  2  2  2  2  2  2  2  2  2  1  2  2  2  2  2  2
  3 MegaHAL                 65  26  2 13   1  0  1  2  1  1  0  1  1  1  1  2  2  1  1  1  2  2  1  1  2  2  1  2  2  2  2  2  2  2  2  2  2  2  2  2  2  2  2  2  2  2
  4 RussRocker4             63  25  3 13   0  0  0  1  2  1  1  1  1  1  1  2  2  1  1  1  2  2  1  1  2  2  1  1  2  2  2  2  2  2  2  2  2  2  2  2  2  2  2  2  2  2
  5 Simple Modeller         62  23  2 16   0  1  1  0  1  1  1  1  1  1  1  1  2  1  1  1  1  2  1  2  2  2  1  2  2  1  2  2  2  2  2  2  2  2  2  2  2  2  2  2  2  2
  6 Biopic                  61  20  0 21   1  1  1  1  1  1  1  1  1  1  1  1  1  1  1  1  2  2  1  1  2  1  1  1  2  2  1  2  2  2  2  2  2  2  2  2  2  2  2  2  2  2
  7 Bugbrain                61  20  0 21   1  1  2  1  1  1  1  1  1  1  1  1  1  1  1  1  2  2  1  1  2  1  1  1  2  1  2  2  2  2  2  2  1  2  2  2  2  2  2  2  2  2
  8 Yomi AI                 60  19  0 22   1  1  1  1  1  1  1  1  1  1  1  2  1  1  1  1  2  2  1  1  2  1  1  2  2  2  1  2  1  1  1  2  2  2  2  2  2  2  2  2  2  2
  9 Boom                    57  17  1 23   1  1  1  1  1  1  1  1  1  1  0  1  1  1  1  1  1  1  1  2  2  1  1  1  1  1  2  2  2  2  1  2  2  2  2  2  2  2  2  2  2  2
 10 Shofar                  57  16  0 25   1  2  1  1  1  1  1  1  1  1  1  1  1  1  1  1  1  2  1  1  1  2  1  1  2  1  1  2  1  2  1  2  1  2  2  2  2  2  2  2  2  2
 11 ACT-R Lag2              57  20  4 17   0  0  1  1  1  1  1  1  2  1  1  1  2  1  2  1  2  2  0  1  2  1  1  2  2  0  1  2  2  1  1  2  2  1  2  2  2  2  2  2  2  2
 12 Robertot                56  19  4 18   1  1  0  0  1  1  1  0  1  1  1  1  0  1  1  1  1  2  1  1  2  2  1  2  2  1  1  2  2  2  1  2  2  2  2  2  2  2  2  2  2  2
 13 Simple Predictor        55  21  7 13   0  0  0  0  0  1  1  1  1  1  0  2  1  1  1  1  1  1  0  1  2  2  1  1  2  2  2  2  2  2  2  2  2  2  2  2  2  2  2  2  2  2
 14 Vroomfondel             53  12  0 29   1  1  1  1  1  1  1  1  1  1  1  1  1  1  1  1  1  1  1  1  1  1  1  1  2  1  1  2  1  1  2  2  2  1  1  2  2  2  2  2  2  2
 15 Sweet Rocky             53  16  4 21   0  1  1  1  1  1  1  1  1  1  0  1  1  1  1  0  1  1  1  2  0  2  1  1  1  1  1  2  2  1  2  2  2  2  2  2  2  2  2  2  2  2
 16 Majikthise              52  11  0 30   1  1  1  1  1  1  1  1  1  1  1  1  1  1  2  1  1  1  1  1  1  1  1  1  2  1  1  2  1  1  1  2  1  1  1  2  2  2  2  2  2  2
 17 Marble                  50  18  9 14   0  0  0  0  1  0  0  0  1  1  0  1  1  1  1  1  1  1  0  2  1  1  1  1  2  2  1  2  2  2  2  2  2  2  2  2  2  2  2  2  2  2
 18 Granite                 47  17 11 13   0  0  0  0  0  0  0  0  1  0  0  0  1  1  1  1  1  1  1  1  2  1  1  2  2  1  1  2  2  1  2  2  2  2  2  2  2  2  2  2  2  2
 19 * De Bruijn             46   6  1 34   1  1  1  1  1  1  1  1  1  1  2  1  2  1  1  1  2  1  1  2  1  1  1  2  1  1  1  1  1  1  1  1  1  1  1  1  1  1  2  0  1  1
 20 Piedra                  46  14  9 18   0  0  1  1  0  1  1  1  0  1  1  1  1  1  0  1  0  1  0  1  0  1  1  1  1  0  1  2  2  1  2  2  2  2  2  2  2  2  2  2  2  2
 21 ZQ Bot                  45  17 13 11   0  0  0  0  0  0  0  0  0  1  0  0  0  1  2  1  1  0  1  2  1  2  1  1  1  1  1  2  2  1  2  2  2  2  2  2  2  2  2  2  2  2
 22 * Anti-rotn             43  12 10 19   0  0  0  0  0  1  1  1  1  0  1  0  0  1  0  1  1  1  1  1  0  1  1  1  2  1  1  1  1  1  1  2  2  2  2  2  2  2  2  2  2  2
 23 * Pi                    41   1  1 39   1  1  1  1  1  1  1  1  1  1  1  1  1  1  1  1  1  1  1  1  1  1  1  2  1  1  1  1  1  1  1  1  1  1  0  1  1  1  1  1  1  1
 24 Mixed Strategy          41  10 10 21   0  0  0  1  0  1  1  0  1  1  0  0  1  1  1  1  1  0  0  1  1  1  0  1  1  1  1  1  2  1  1  2  1  2  2  1  2  2  2  2  2  2
 25 Inocencio               40  16 17  8   0  0  0  0  0  0  0  0  1  0  0  0  0  0  1  0  0  0  1  1  1  0  1  1  1  2  1  2  2  2  2  2  2  2  2  2  2  2  2  2  2  2
 26 * Foxtrot               34   2  9 30   0  0  0  0  1  0  1  0  1  1  2  1  0  1  1  1  0  1  1  2  1  1  1  1  0  1  1  1  1  1  1  1  1  1  1  1  1  1  1  1  1  1
 27 * Add-drift             33   0  8 33   0  0  0  0  0  1  0  1  0  1  1  1  0  1  1  1  1  1  1  1  1  1  1  1  1  1  1  1  1  1  1  1  1  1  1  1  1  1  1  1  1  1
 28 Multi-strategy          33  13 21  7   0  0  0  0  0  0  0  0  0  0  0  0  0  0  0  0  0  0  1  0  0  1  1  1  0  1  1  1  2  2  1  2  2  2  2  2  2  2  2  2  2  2
 29 Peterbot                31   9 19 13   0  0  0  0  0  0  0  1  0  1  0  0  0  1  0  1  0  0  1  0  0  1  1  0  0  1  1  0  1  1  1  1  2  2  1  2  2  2  2  2  2  2
 30 * Copy-drift            26   0 15 26   0  0  0  0  0  0  0  1  0  0  1  0  0  1  1  1  0  1  1  1  1  1  1  1  0  1  1  0  1  1  1  0  1  1  1  1  1  1  1  1  1  1
 31 * Add-react             26   0 15 26   0  0  0  0  0  0  0  1  1  1  1  1  0  0  0  1  0  0  1  0  0  1  1  1  0  1  1  1  1  1  1  1  1  1  1  1  1  1  1  1  1  1
 32 Knucklehead             24   7 24 10   0  0  0  0  0  0  0  0  0  0  0  0  0  0  0  0  0  0  1  0  0  0  1  0  0  1  1  0  1  2  1  1  1  2  1  1  1  2  2  2  2  2
 33 * Flat                  21   2 22 17   0  0  0  0  0  0  1  0  0  1  0  0  0  0  0  1  0  0  1  0  0  0  1  1  0  1  1  0  0  1  1  1  1  2  1  1  1  1  2  0  1  1
 34 Beat The Last Move      20   5 26 10   0  0  0  0  0  0  0  0  0  0  1  0  0  1  0  1  0  0  1  0  0  0  1  0  0  1  1  0  0  1  1  0  0  1  2  0  0  2  2  2  1  2
 35 * Text                  19   3 25 13   0  0  0  0  0  0  0  0  0  0  0  0  0  1  0  1  0  0  1  0  0  0  2  0  0  1  1  0  1  1  1  1  1  0  1  2  1  0  0  2  1  1
 36 * Switch A Lot          18   1 24 16   0  1  0  0  0  0  0  0  0  0  0  0  0  0  0  0  0  0  1  0  0  0  1  1  0  1  1  0  0  1  1  1  1  2  0  1  1  1  1  1  1  1
 37 Always Switchin'        17   2 26 13   0  0  0  0  0  0  0  0  0  0  0  0  0  0  0  0  0  0  1  0  0  0  1  0  0  1  1  0  0  1  1  1  1  2  1  1  1  1  1  0  2  1
 38 Good Ole Rock           16   3 28 10   0  0  0  0  0  0  0  0  0  0  0  0  0  0  0  0  0  0  1  0  0  0  1  0  0  1  1  0  0  1  1  0  1  0  2  1  1  1  0  2  1  2
 39 Beat Frequent Pick      16   4 29  8   0  0  0  0  0  0  0  0  0  0  0  0  0  0  0  0  0  0  0  0  0  0  1  0  0  1  1  0  0  1  1  0  0  0  2  1  1  2  1  2  1  2
 40 * Anti-Flat             14   4 31  6   0  0  0  0  0  0  0  0  0  0  0  0  0  0  0  0  0  0  2  0  0  0  1  0  0  1  1  0  0  1  1  0  2  0  0  1  2  0  0  1  2  0
 41 Rotate R-P-S            13   0 28 13   0  0  0  0  0  0  0  0  0  0  0  0  0  0  0  0  0  0  1  0  0  0  1  0  0  1  1  0  0  1  1  0  1  1  1  1  0  1  1  0  1  1
 42 R-P-S 20-20-60          13   1 29 11   0  0  0  0  0  0  0  0  0  0  0  0  0  0  0  0  0  0  1  0  0  0  1  0  0  1  1  0  0  1  1  0  1  0  1  1  1  0  0  2  1  1


   Yomi AI is match ranked 8

 Tournament results:
    Player Name          total 
  1 Yomi AI               5553 
 19 Iocaine Powder       10854 
 20 Phasenbott           10227 
 21 MegaHAL              10237 
 22 RussRocker4           8073 
 23 Biopic                8360 
 24 Simple Modeller       8172 
 25 Simple Predictor      7322 
 26 Robertot              7503 
 27 Boom                  7113 
 28 Shofar                6230 
 29 ACT-R Lag2            5989 
 32 Granite               6447 
 33 Marble                6620 
 34 ZQ Bot                5784 
 35 Sweet Rocky           6787 
 36 Piedra                6179 
 41 Bugbrain              6048 

   Yomi is tournament ranked 18

