 Playing 1 tournaments with 1000 trials per match...

 Yomi AI            vs Good Ole Rock       Match: 1000 (1000+   0-   0=)
 Yomi AI            vs R-P-S 20-20-60      Match:  226 (471+ 245- 284=)
 Yomi AI            vs Rotate R-P-S        Match:  686 (757+  71- 172=)
 Yomi AI            vs Beat The Last Move  Match:   83 (387+ 304- 309=)
 Yomi AI            vs Always Switchin'    Match:  191 (425+ 234- 341=)
 Yomi AI            vs Beat Frequent Pick  Match:  375 (589+ 214- 197=)
 Yomi AI            vs * Pi                Match:   24 (345+ 321- 334=)
 Yomi AI            vs * Switch A Lot      Match:   78 (379+ 301- 320=)
 Yomi AI            vs * Flat              Match:   80 (388+ 308- 304=)
 Yomi AI            vs * Anti-Flat         Match:  999 (999+   0-   1=)
 Yomi AI            vs * Foxtrot           Match:  283 (516+ 233- 251=)
 Yomi AI            vs * De Bruijn         Match:    0 (327+ 327- 346=)
 Yomi AI            vs * Text              Match:  111 (403+ 292- 305=)
 Yomi AI            vs * Anti-rotn         Match:   80 (379+ 299- 322=)
 Yomi AI            vs * Copy-drift        Match:   19 (350+ 331- 319=)
 Yomi AI            vs * Add-react         Match:   65 (379+ 314- 307=)
 Yomi AI            vs * Add-drift         Match:    8 (330+ 322- 348=)
 Yomi AI            vs Iocaine Powder      Match:  -15 (320+ 335- 345=)
 Yomi AI            vs Phasenbott          Match:    3 (325+ 322- 353=)
 Yomi AI            vs MegaHAL             Match:  -16 (315+ 331- 354=)
 Yomi AI            vs RussRocker4         Match:   15 (346+ 331- 323=)
 Yomi AI            vs Biopic              Match:   -7 (336+ 343- 321=)
 Yomi AI            vs Simple Modeller     Match:   -5 (336+ 341- 323=)
 Yomi AI            vs Simple Predictor    Match:   18 (357+ 339- 304=)
 Yomi AI            vs Robertot            Match:   67 (368+ 301- 331=)
 Yomi AI            vs Boom                Match:    7 (320+ 313- 367=)
 Yomi AI            vs Shofar              Match:  -25 (329+ 354- 317=)
 Yomi AI            vs ACT-R Lag2          Match:  -42 (329+ 371- 300=)
 Yomi AI            vs Majikthise          Match:   -8 (331+ 339- 330=)
 Yomi AI            vs Vroomfondel         Match:  -34 (320+ 354- 326=)
 Yomi AI            vs Granite             Match:   96 (403+ 307- 290=)
 Yomi AI            vs Marble              Match:   84 (394+ 310- 296=)
 Yomi AI            vs ZQ Bot              Match:   85 (403+ 318- 279=)
 Yomi AI            vs Sweet Rocky         Match:   37 (360+ 323- 317=)
 Yomi AI            vs Piedra              Match:   53 (368+ 315- 317=)
 Yomi AI            vs Mixed Strategy      Match:   77 (389+ 312- 299=)
 Yomi AI            vs Multi-strategy      Match:  221 (463+ 242- 295=)
 Yomi AI            vs Inocencio           Match:   84 (383+ 299- 318=)
 Yomi AI            vs Peterbot            Match:   57 (361+ 304- 335=)
 Yomi AI            vs Bugbrain            Match:   22 (355+ 333- 312=)
 Yomi AI            vs Knucklehead         Match:  401 (594+ 193- 213=)
Error: return value out of range.
Error: return value out of range.
Error: return value out of range.
Error: return value out of range.
Error: return value out of range.
Error: return value out of range.
Error: return value out of range.
Error: return value out of range.
 Final results (draw value = 50):

 Tournament results: 

    Player Name          total     1    2    3    4    5    6    7    8    9   10   11   12   13   14   15   16   17   18   19   20   21   22   23   24   25   26   27   28   29   30   31   32   33   34   35   36   37   38   39   40   41   42
  1 Iocaine Powder       10884     0   88   28   76   35   24  498   62  190   66  235  -28    9   15  269   46   15  293   60   42  -17   55  262  250   30  -58  167  370  164  197  559  103  270  126  936  228  364  891  987  986  991 1000
  2 Phasenbott           10158   -88    0   71   53   41    4  523   71  147   47  234    9   24   57  233   61   -3  274   25   77   35   19  205  242   37   13  141  345  108   73  417   99  351   35  898  203  175  935  997  990  995  985
  3 MegaHAL               9356   -28  -71    0  -47   13   60   68   18   61    6  183  -50   48   24  200  -13   16  257   11   44  -43  -52  224  246   -5    5  201   93   48   87  372  133  328  234  909  462  410  934  985  992  998  995
  4 Simple Modeller       9035   -76  -53   47    0  -26   24    3   -9  269   43   70  -12   27   59   95   28    5  288   48   68  -20   27  162  361  -23    9  246    5  244   52  241  130  112  228  898  490  412  592  992  994  997  988
  5 Biopic                8689   -35  -41  -13   26    0   66  -38   38   78   58  127   22   30   29  106   41    7  101   36   48  -33   -6  239  143   32   33  -25  404   88  168  523  138   82  106  721  343  386  679  996  996  997  993
  6 Boom                  7975   -24   -4  -60  -24  -66    0  -68  -18  -18   39   40  -17  -33  -21   35   51   -7   34   43   39  -20  -21  279  766   23   -9    4    5   88   69  459  140   80  276  407  392  388  753  991  990  995  999
  7 RussRocker4           7612  -498 -523  -68   -3   38   68    0   23   88   71  127   14    3   20  153   31  -15  189   -9   50  -57    1  269  113  -12  -64  136  153  129   64  507  110  400  153  909  226  245  589  994  991 1000  997
  8 Robertot              7603   -62  -71  -18    9  -38   18  -23    0   60   22   49  -10    3   12   91   62  -67   78   44   48   -7  -13  188   18  -41   -6   55  -45   78   52  378  175  109  103  666  476  417  822  981  996  996  998
  9 Simple Predictor      7099  -190 -147  -61 -269  -78   18  -88  -60    0   38   45  -53  -46   19   22   30  -18  184   62   62  -27  -27  220   49  -62  -14  263  -34  234  117  241  149  109  176  878  408  392  592  984  990  993  998
 10 Sweet Rocky           6900   -66  -47   -6  -43  -58  -39  -71  -22  -38    0  -28    0  -20  -26  -45   29  -37  -36  -12   31  -10   -4  136  405  -37    5   84  -21  -43  126  246  178  396  110  760  164  378  590  993  988  994  996
 11 Marble                6829  -235 -234 -183  -70 -127  -40 -127  -49  -45   28    0  -84  -81  -65    1   36  -84   52    9   43  -23  -11  406  654  -88    1   -4   40   45  104  326  175  118  144  938  292  394  592  989  993  999 1000
 12 Shofar                6436    28   -9   50   12  -22   17  -14   10   53    0   84    0  -33   14   23  -29   25   60   53   39   23   59  127   12  -19    3    9   10   68    3  158  124   40  230  103  438  343  563  906  921  978  976
 13 ACT-R Lag2            6050    -9  -24  -48  -27  -30   33   -3   -3   46   20   81   33    0    1  154   57   42   97   48   29   36  -49  290  102  -61    4    1  -17   25  129  571   87   84  182   60  303  238  573    4  996  998  997
 14 Bugbrain              6045   -15  -57  -24  -59  -29   21  -20  -12  -19   26   65  -14   -1    0   84   40  -22  197   62   63  -27   48  116   34   -2    1  121   23   74   69  188    6   94   71  266  168  215  417  954  940  986  997
 15 Granite               5717  -269 -233 -200  -95 -106  -35 -153  -91  -22   45   -1  -23 -154  -84    0   31  -96  -32   -2   44  -91  -35  271   40  -66  -28   -9   79   53  194  354  178   70  104  922  182  397  594  994  992  998 1000
 16 Piedra                5658   -46  -61   13  -28  -41  -51  -31  -62  -30  -29  -36   29  -57  -40  -31    0  -53  -16   -8    3  -36  -45  121  -41  -12   27    4  -22  -42  174  115  168  158  181  141  390  391  594  987  996  996  988
 17 Yomi AI               5483   -15    3  -16   -5   -7    7   15   67   18   37   84  -25  -42   22   96   53    0   85   77   80   -8  -34  221   84    0   24    8  283   19   80  401  111   65   78   57  191  226  375   83  686 1000  999
 18 ZQ Bot                5424  -293 -274 -257 -288 -101  -34 -189  -78 -184   36  -52  -60  -97 -197   32   16  -85    0   22   45  -65  -50  283   50  -30  -20   57   23   18  115  321  148  390  218  890  189  352  591  991  995  998  998
 19 Mixed Strategy        5181   -60  -25  -11  -48  -36  -43    9  -44  -62   12   -9  -53  -48  -62    2    8  -77  -22    0   79  -72   12   31  -51  -49  -24   33   19   24  102  174  182   24  155  197  102  405  480  975  956  996 1000
 20 * Anti-rotn           4959   -42  -77  -44  -68  -48  -39  -50  -48  -62  -31  -43  -39  -29  -63  -44   -3  -80  -45  -79    0   21   29  218  173  -53  -50   17  -17   47  198   95   55   23  338   39  498  195  596  481  996  999  995
 21 Majikthise            4831    17  -35   43   20   33   20   57    7   27   10   23  -23  -36   27   91   36    8   65   72  -21    0  -37  149   59  -16   -4  -14  -20   15   82  208   41    5  111   -4  194  192  481  -30  992  994  992
 22 Vroomfondel           4611   -55  -19   52  -27    6   21   -1   13   27    4   11  -59   49  -48   35   45   34   50  -12  -29   37    0  206   46   14   22  -29   15   32   71  176   22  -23  120   35  218  147  451   -6  995  993  972
 23 Multi-strategy        2586  -262 -205 -224 -162 -239 -279 -269 -188 -220 -136 -406 -127 -290 -116 -271 -121 -221 -283  -31 -218 -149 -206    0  -62  -50  -20   23    6  250  180   69  123   -2  300  500  480  423  999  997  997  999  997
 24 Inocencio             2387  -250 -242 -246 -361 -143 -766 -113  -18  -49 -405 -654  -12 -102  -34  -40   41  -84  -50   51 -173  -59  -46   62    0   -3  -27   -3  307   86  198  216  161  107   87  102  189  403  355  955  984  981  982
 25 * De Bruijn            646   -30  -37    5   23  -32  -23   12   41   62   37   88   19   61    2   66   12    0   30   49   53   16  -14   50    3    0   -1  -19  -13   32   15   62   23   13  -17    1   36  -14  128   -1   21    0 -113
 26 * Pi                   201    58  -13   -5   -9  -33    9   64    6   14   -5   -1   -3   -4   -1   28  -27  -24   20   24   50    4  -22   20   27    1    0    3    0   24   45    9  -81  -19   -3   44  -25    7   30   22  -11  -11  -11
 27 * Add-drift          -1604  -167 -141 -201 -246   25   -4 -136  -55 -263  -84    4   -9   -1 -121    9   -4   -8  -57  -33  -17   14   29  -23    3   19   -3    0  -11  -24  -41  -15   15  -79    8   30   17   10  -25   10    6   -8  -27
 28 * Foxtrot            -2025  -370 -345  -93   -5 -404   -5 -153   45   34   21  -40  -10   17  -23  -79   22 -283  -23  -19   17   20  -15   -6 -307   13    0   11    0    3  -20   30    5   21   18  -38    4    6    2  -25  -29  -25    3
 29 * Copy-drift         -2080  -164 -108  -48 -244  -88  -88 -129  -78 -234   43  -45  -68  -25  -74  -53   42  -19  -18  -24  -47  -15  -32 -250  -86  -32  -24   24   -3    0  -53 -108   34   35  -53  -35  -38   -5  -14  -19   44   20   -1
 30 * Flat               -2829  -197  -73  -87  -52 -168  -69  -64  -52 -117 -126 -104   -3 -129  -69 -194 -174  -80 -115 -102 -198  -82  -71 -180 -198  -15  -45   41   20   53    0   43   20  -18  -82 -213   25  -22  236  189   38    0 -395
 31 Knucklehead          -3034  -559 -417 -372 -241 -523 -459 -507 -378 -241 -246 -326 -158 -571 -188 -354 -115 -401 -321 -174  -95 -208 -176  -69 -216  -62   -9   15  -30  108  -43    0  -12   52   18   18   25   82  153  980  998  988 1000
 32 * Text               -3249  -103  -99 -133 -130 -138 -140 -110 -175 -149 -178 -175 -124  -87   -6 -178 -168 -111 -148 -182  -55  -41  -22 -123 -161  -23   81  -15   -5  -34  -20   12    0  -41   -8   42    6   36 -185  -74  -11 -185  111
 33 * Add-react          -3392  -270 -351 -328 -112  -82  -80 -400 -109 -109 -396 -118  -40  -84  -94  -70 -158  -65 -390  -24  -23   -5   23    2 -107  -13   19   79  -21  -35   18  -52   41    0   10  -36   -1  -14   -9  -71   13    4   66
 34 * Switch A Lot       -3596  -126  -35 -234 -228 -106 -276 -153 -103 -176 -110 -144 -230 -182  -71 -104 -181  -78 -218 -155 -338 -111 -120 -300  -87   17    3   -8  -18   53   82  -18    8  -10    0 -146   -1   38    6  292  -31   -6    9
 35 Peterbot             -6838  -936 -898 -909 -898 -721 -407 -909 -666 -878 -760 -938 -103  -60 -266 -922 -141  -57 -890 -197  -39    4  -35 -500 -102   -1  -44  -30   38   35  213  -18  -42   36  146    0  249  421  428  963  997  999 1000
 36 Always Switchin'     -6992  -228 -203 -462 -490 -343 -392 -226 -476 -408 -164 -292 -438 -303 -168 -182 -390 -191 -189 -102 -498 -194 -218 -480 -189  -36   25  -17   -4   38  -25  -25   -6    1    1 -249    0   32   31  473   -1   14  -18
 37 R-P-S 20-20-60       -9407  -364 -175 -410 -412 -386 -388 -245 -417 -392 -378 -394 -343 -238 -215 -397 -391 -226 -352 -405 -195 -192 -147 -423 -403   14   -7  -10   -6    5   22  -82  -36   14  -38 -421  -32    0 -409 -141  -13 -417   38
 38 Beat Frequent Pick  -14011  -891 -935 -934 -592 -679 -753 -589 -822 -592 -590 -592 -563 -573 -417 -594 -594 -375 -591 -480 -596 -481 -451 -999 -355 -128  -30   25   -2   14 -236 -153  185    9   -6 -428  -31  409    0 -600    0  999 1000
 39 Beat The Last Move  -19181  -987 -997 -985 -992 -996 -991 -994 -981 -984 -993 -989 -906   -4 -954 -994 -987  -83 -991 -975 -481   30    6 -997 -955    1  -22  -10   25   19 -189 -980   74   71 -292 -963 -473  141  600    0    1 1000  996
 40 Rotate R-P-S        -26055  -986 -990 -992 -994 -996 -990 -991 -996 -990 -988 -993 -921 -996 -940 -992 -996 -686 -995 -956 -996 -992 -995 -997 -984  -21   11   -6   29  -44  -38 -998   11  -13   31 -997    1   13    0   -1    0    0 -681
 41 Good Ole Rock       -26244  -991 -995 -998 -997 -997 -995 -1000 -996 -993 -994 -999 -978 -998 -986 -998 -996 -1000 -998 -996 -999 -994 -993 -999 -981    0   11    8   25  -20    0 -988  185   -4    6 -999  -14  417 -999 -1000    0    0  999
 42 * Anti-Flat         -27818  -1000 -985 -995 -988 -993 -999 -997 -998 -998 -996 -1000 -976 -997 -997 -1000 -988 -999 -998 -1000 -995 -992 -972 -997 -982  113   11   27   -3    1  395 -1000 -111  -66   -9 -1000   18  -38 -1000 -996  681 -999    0

 Match results (draw <= 50): 

    Player Name           total  W  L  D   1  2  3  4  5  6  7  8  9 10 11 12 13 14 15 16 17 18 19 20 21 22 23 24 25 26 27 28 29 30 31 32 33 34 35 36 37 38 39 40 41 42
  1 Iocaine Powder          69  29  1 11   1  2  1  1  1  2  2  1  1  2  1  1  1  2  2  2  1  1  1  2  2  2  2  0  2  2  2  2  2  2  2  2  2  2  2  2  2  2  2  2  2  2
  2 Phasenbott              68  28  1 12   0  1  1  1  2  2  2  1  2  2  1  1  1  1  2  1  2  2  1  1  2  2  2  1  2  2  2  2  2  2  2  2  2  1  2  2  2  2  2  2  2  2
  3 Yomi AI                 64  23  0 18   1  1  1  1  1  1  1  1  1  2  1  1  1  1  1  1  2  2  1  2  2  2  2  1  2  2  2  1  2  1  2  2  2  2  2  2  2  2  2  2  2  2
  4 Biopic                  64  23  0 18   1  1  1  1  1  1  1  1  1  1  1  1  2  2  2  1  1  1  1  1  2  2  2  1  2  2  2  1  2  2  2  2  2  2  2  2  2  2  2  2  2  2
  5 MegaHAL                 62  23  2 16   1  0  1  1  1  1  2  1  1  1  1  1  2  1  2  0  1  1  1  1  2  2  2  1  2  2  2  2  2  1  2  2  2  2  2  2  2  2  2  2  2  2
  6 Simple Modeller         62  23  2 16   0  0  1  1  1  1  1  1  2  1  1  1  1  1  2  1  1  2  1  1  2  2  2  1  2  1  2  2  2  2  2  2  2  2  2  2  2  2  2  2  2  2
  7 RussRocker4             60  24  5 12   0  0  1  1  0  1  1  1  1  1  1  0  2  2  2  1  1  1  1  1  2  2  2  0  2  2  2  2  2  2  2  2  2  2  2  2  2  2  2  2  2  2
  8 Shofar                  59  18  0 23   1  1  1  1  1  1  1  1  1  1  1  1  1  1  2  2  1  1  1  2  2  1  1  1  2  1  2  1  2  2  2  1  2  2  2  1  2  2  2  2  2  2
  9 Bugbrain                59  20  2 19   1  0  1  1  1  0  1  1  1  1  1  1  1  1  1  1  1  2  1  2  2  2  1  1  2  1  2  2  2  2  2  2  2  2  1  2  2  2  2  2  2  2
 10 Robertot                58  20  3 18   0  0  0  1  1  1  1  1  1  1  1  1  1  1  2  1  2  1  1  1  1  2  1  1  2  1  2  2  2  2  2  2  2  2  2  2  2  2  2  2  2  2
 11 ACT-R Lag2              58  18  1 22   1  1  1  1  1  1  1  1  1  1  1  1  1  1  1  1  2  1  0  1  2  2  2  1  2  1  2  1  2  1  2  2  1  2  2  2  2  2  2  2  2  2
 12 Majikthise              56  15  0 26   1  1  1  1  1  1  2  1  1  1  1  1  1  1  1  1  1  1  1  2  1  2  2  1  2  1  2  1  1  1  2  1  1  2  1  2  2  2  2  2  2  2
 13 Boom                    55  17  3 21   1  1  1  0  0  1  0  1  1  1  1  1  1  1  1  1  2  1  1  1  1  1  2  1  1  1  2  1  2  2  2  2  2  2  2  2  2  2  2  2  2  2
 14 Sweet Rocky             54  16  3 22   0  1  1  0  1  1  0  1  1  1  1  1  1  1  1  1  1  1  1  1  1  1  2  1  1  1  2  2  2  1  2  2  2  2  2  2  2  2  2  2  2  2
 15 Simple Predictor        51  19  9 13   0  0  1  0  0  0  0  0  1  0  1  1  1  1  1  1  1  2  0  2  1  1  1  1  2  1  2  2  2  2  2  2  2  2  2  2  2  2  2  2  2  2
 16 Vroomfondel             50  11  2 28   0  1  1  1  2  1  1  0  1  1  1  1  1  1  1  1  1  1  1  1  1  1  1  1  1  1  2  1  1  1  2  1  1  2  1  2  2  2  2  2  2  2
 17 Piedra                  50  14  5 22   1  0  0  1  1  1  1  1  1  0  0  1  0  1  1  1  1  1  1  1  1  1  1  1  1  1  2  1  2  1  2  2  2  2  2  2  2  2  2  2  2  2
 18 * Anti-rotn             47  13  7 21   1  0  0  1  1  0  1  1  0  1  1  1  1  1  0  1  1  1  0  0  1  1  2  1  1  1  2  1  1  1  2  1  2  2  2  2  2  2  2  2  2  2
 19 * De Bruijn             47   7  1 33   1  1  1  1  1  1  1  1  1  1  2  1  1  1  2  1  1  2  1  1  2  2  1  1  1  1  1  1  1  1  2  1  1  1  1  1  1  1  2  1  0  1
 20 Mixed Strategy          47  13  7 21   0  1  0  1  1  1  1  0  0  1  1  0  1  1  0  1  1  2  1  1  1  1  0  1  1  1  1  1  2  1  2  1  2  2  2  2  2  2  2  2  2  2
 21 Marble                  46  16 11 14   0  0  0  0  0  0  0  0  0  1  0  1  1  1  1  1  1  1  0  1  1  1  2  1  2  1  2  1  2  1  2  2  2  2  2  2  2  2  2  2  2  2
 22 Granite                 45  16 12 13   0  0  0  0  0  0  0  1  0  0  0  0  1  1  1  1  1  1  0  1  1  1  1  1  1  2  2  1  2  2  2  2  2  2  2  2  2  2  2  2  2  2
 23 Inocencio               45  17 13 11   0  0  0  0  0  0  0  1  1  1  0  0  0  0  1  1  1  0  1  2  0  1  1  1  1  2  2  1  2  2  2  2  2  2  2  2  2  2  2  2  2  2
 24 * Pi                    42   2  1 38   2  1  1  1  1  1  2  1  1  1  1  1  1  1  1  1  1  1  1  1  1  1  1  1  1  1  1  1  1  1  1  1  1  1  0  1  1  1  1  1  1  1
 25 ZQ Bot                  42  15 14 12   0  0  0  0  0  0  0  0  0  0  0  0  1  1  0  1  1  1  1  1  0  1  1  1  1  1  2  2  2  1  2  2  2  2  2  2  2  2  2  2  2  2
 26 * Foxtrot               33   0  8 33   0  0  0  0  0  1  0  1  1  1  1  1  1  1  1  1  1  1  1  1  1  0  0  1  1  1  1  1  1  1  1  1  1  1  1  1  1  1  1  1  1  1
 27 Multi-strategy          32  13 22  6   0  0  0  0  0  0  0  0  0  0  0  0  0  0  0  0  0  0  1  1  0  0  0  1  0  1  1  1  2  2  2  1  2  2  2  2  2  2  2  2  2  2
 28 * Add-drift             30   0 11 30   0  0  1  1  0  0  0  1  0  0  1  1  1  0  0  1  1  1  1  1  1  1  1  1  0  1  1  1  1  1  1  0  1  1  1  1  1  1  1  1  1  1
 29 Peterbot                29   9 21 11   0  0  0  0  0  0  0  0  0  0  0  1  0  0  0  1  0  1  1  0  0  0  0  1  0  1  0  1  1  1  1  1  2  2  1  2  2  2  2  2  2  2
 30 * Copy-drift            25   0 16 25   0  0  1  0  1  0  0  0  0  0  1  1  0  1  0  1  1  1  1  1  1  0  0  1  1  1  0  1  1  1  0  1  1  0  1  0  1  1  1  1  1  1
 31 Knucklehead             24   8 25  8   0  0  0  0  0  0  0  0  0  0  0  0  0  0  0  0  0  0  0  0  0  0  0  1  0  1  0  1  1  2  1  2  2  1  1  1  1  2  2  2  2  2
 32 * Add-react             23   2 20 19   0  0  0  0  0  0  0  1  0  0  0  1  0  0  0  1  0  1  1  1  0  0  0  1  0  1  1  2  1  1  0  1  0  1  1  1  1  1  1  1  2  1
 33 Beat The Last Move      21   6 26  9   0  0  0  0  0  0  0  0  0  0  1  1  0  0  0  1  0  0  1  0  0  0  0  1  0  1  0  1  0  1  0  2  1  0  2  0  0  2  2  1  2  2
 34 * Switch A Lot          20   3 24 14   0  1  0  0  0  0  0  0  0  0  0  0  0  0  0  0  0  0  1  0  0  0  0  1  0  1  0  1  0  2  1  1  2  1  1  2  1  1  1  1  1  1
 35 * Text                  19   2 24 15   0  0  0  0  0  0  0  0  1  0  0  1  0  0  0  1  0  0  1  0  0  0  0  2  0  1  0  1  1  1  1  1  0  1  1  1  1  0  0  1  2  1
 36 * Flat                  18   3 26 12   0  0  0  0  0  0  0  1  0  0  0  0  0  0  0  0  0  0  1  0  0  0  0  1  0  1  0  1  0  2  1  1  2  0  1  1  1  1  2  1  0  1
 37 Always Switchin'        17   1 25 15   0  0  0  0  0  0  0  0  0  0  0  0  0  0  0  0  0  0  1  0  0  0  0  1  0  1  0  1  0  1  1  1  2  1  1  1  1  1  1  1  1  1
 38 Good Ole Rock           16   3 28 10   0  0  0  0  0  0  0  0  0  0  0  0  0  0  0  0  0  0  1  0  0  0  0  1  0  1  0  1  0  1  0  1  0  1  2  1  1  1  0  1  2  2
 39 Beat Frequent Pick      16   4 29  8   0  0  0  0  0  0  0  0  0  0  0  0  0  0  0  0  0  0  0  0  0  0  0  1  0  1  0  1  0  1  0  1  0  1  2  0  1  2  1  1  2  2
 40 Rotate R-P-S            14   0 27 14   0  0  0  0  0  0  0  0  0  0  0  0  0  0  0  0  0  0  1  0  0  0  0  1  0  1  0  1  0  1  0  1  1  1  1  1  1  1  1  1  0  1
 41 * Anti-Flat             13   3 31  7   0  0  0  0  0  0  0  0  0  0  0  0  0  0  0  0  0  0  2  0  0  0  0  1  0  1  0  1  0  1  0  0  0  1  0  2  1  0  0  2  1  1
 42 R-P-S 20-20-60          12   0 29 12   0  0  0  0  0  0  0  0  0  0  0  0  0  0  0  0  0  0  1  0  0  0  0  1  0  1  0  1  0  1  0  1  0  1  1  1  1  0  0  1  1  1


   Yomi AI is match ranked 3

 Tournament results:
    Player Name          total 
  1 Yomi AI               5483 
 19 Iocaine Powder       10884 
 20 Phasenbott           10158 
 21 MegaHAL               9356 
 22 RussRocker4           7612 
 23 Biopic                8689 
 24 Simple Modeller       9035 
 25 Simple Predictor      7099 
 26 Robertot              7603 
 27 Boom                  7975 
 28 Shofar                6436 
 29 ACT-R Lag2            6050 
 32 Granite               5717 
 33 Marble                6829 
 35 Sweet Rocky           6900 
 36 Piedra                5658 
 41 Bugbrain              6045 

   Yomi is tournament ranked 17

