 Playing 1 tournaments with 1000 trials per match...

 Yomi AI            vs Good Ole Rock       Match: 1000 (1000+   0-   0=)
 Yomi AI            vs R-P-S 20-20-60      Match:  207 (456+ 249- 295=)
 Yomi AI            vs Rotate R-P-S        Match:  529 (661+ 132- 207=)
 Yomi AI            vs Beat The Last Move  Match:   47 (365+ 318- 317=)
 Yomi AI            vs Always Switchin'    Match:  164 (444+ 280- 276=)
 Yomi AI            vs Beat Frequent Pick  Match:  431 (638+ 207- 155=)
 Yomi AI            vs * Pi                Match:  -33 (328+ 361- 311=)
 Yomi AI            vs * Switch A Lot      Match:   92 (385+ 293- 322=)
 Yomi AI            vs * Flat              Match:  111 (392+ 281- 327=)
 Yomi AI            vs * Anti-Flat         Match:  533 (675+ 142- 183=)
 Yomi AI            vs * Foxtrot           Match:  287 (521+ 234- 245=)
 Yomi AI            vs * De Bruijn         Match:   26 (342+ 316- 342=)
 Yomi AI            vs * Text              Match:   77 (382+ 305- 313=)
 Yomi AI            vs * Anti-rotn         Match:   25 (348+ 323- 329=)
 Yomi AI            vs * Copy-drift        Match:    4 (331+ 327- 342=)
 Yomi AI            vs * Add-react         Match:   26 (348+ 322- 330=)
 Yomi AI            vs * Add-drift         Match:   22 (340+ 318- 342=)
 Yomi AI            vs Iocaine Powder      Match:  -94 (289+ 383- 328=)
 Yomi AI            vs Phasenbott          Match:  -14 (332+ 346- 322=)
 Yomi AI            vs MegaHAL             Match:   19 (342+ 323- 335=)
 Yomi AI            vs RussRocker4         Match:  -14 (328+ 342- 330=)
 Yomi AI            vs Biopic              Match:   26 (365+ 339- 296=)
 Yomi AI            vs Simple Modeller     Match:   23 (347+ 324- 329=)
 Yomi AI            vs Simple Predictor    Match:   15 (355+ 340- 305=)
 Yomi AI            vs Robertot            Match:  -58 (335+ 393- 272=)
 Yomi AI            vs Boom                Match:   30 (363+ 333- 304=)
 Yomi AI            vs Shofar              Match:  -21 (329+ 350- 321=)
 Yomi AI            vs ACT-R Lag2          Match:    7 (329+ 322- 349=)
 Yomi AI            vs Majikthise          Match:  -13 (325+ 338- 337=)
 Yomi AI            vs Vroomfondel         Match:   38 (360+ 322- 318=)
 Yomi AI            vs Granite             Match:   59 (396+ 337- 267=)
 Yomi AI            vs Marble              Match:   85 (386+ 301- 313=)
 Yomi AI            vs ZQ Bot              Match:   41 (381+ 340- 279=)
 Yomi AI            vs Sweet Rocky         Match:   57 (371+ 314- 315=)
 Yomi AI            vs Piedra              Match:   44 (362+ 318- 320=)
 Yomi AI            vs Mixed Strategy      Match:   26 (346+ 320- 334=)
 Yomi AI            vs Multi-strategy      Match:  203 (468+ 265- 267=)
 Yomi AI            vs Inocencio           Match:   94 (419+ 325- 256=)
 Yomi AI            vs Peterbot            Match:   55 (351+ 296- 353=)
 Yomi AI            vs Bugbrain            Match:   38 (347+ 309- 344=)
 Yomi AI            vs Knucklehead         Match:  276 (505+ 229- 266=)
 Final results (draw value = 50):

 Tournament results: 

    Player Name          total     1    2    3    4    5    6    7    8    9   10   11   12   13   14   15   16   17   18   19   20   21   22   23   24   25   26   27   28   29   30   31   32   33   34   35   36   37   38   39   40   41   42
  1 Iocaine Powder       10897     0  189   15   67   57   44   37  528  218  255   16  233   30   23   18   13  333   60   61   14  -33   94  157  293    7   35   79  114  352  291  231  140  594   46  853  226  332  932  987  982  993  981
  2 Phasenbott            9867  -189    0   41    7   26   25   29  514  198  216  107  176    8   -5   29   55  259   44   25   75    2   14  234  164   43   -7  185   58  365  354   51   82  383  166  896  204  135  941  978  992  993  994
  3 MegaHAL               9520   -15  -41    0   53   36   19   27   98   62  260    0  237   39  -17  -30   27  247   55   42   35   29  -19  187  147  -38  -21  162  123   37  272  146  142  340  245  868  448  396  941  988  995  998 1000
  4 Simple Modeller       9352   -67   -7  -53    0   30   13    3  -33  263   87   58   36    1    6   73   60  285   54   73    1   28  -23  167  730   27  -20  273  239  -10  110   62  118  189  272  944  411  384  595  988  993  997  995
  5 Biopic                8275   -57  -26  -36  -30    0   10  -38    9   34   99    3  142   60   10   -8   44  132   35   71   -4  -12  -26  276  150  -15   -2   10   77  395   40  216  145  494  141  804  335  330  487  994  995  997  994
  6 Robertot              7929   -44  -25  -19  -13  -10    0   48  -25   83   24  -15   62   26   24  -23   49   78   54   34   -7  -33   58  309   70   -7  -35   47   51  -14   92   41  171  413  110  689  460  355  909  958  989  996  999
  7 Boom                  7398   -37  -29  -27   -3   38  -48    0   -7    6   52    3  -36   23   -9   11   34   82   56  -33  -13   17  -30  279  184   27    8   48   46   38   97   29  145  393  117  407  430  375  753  991  990  997  994
  8 RussRocker4           7346  -528 -514  -98   33   -9   25    7    0   79  149   -4  136   64  -31   10   42  208   46   -5   27   28   14  257   94  -75   27   48   78  161  359   80   62  485   98  928  224  270  590  991  993  997 1000
  9 Simple Predictor      7033  -218 -198  -62 -263  -34  -83   -6  -79    0   38 -105   13   69  -17   31   78  168   59   40  -23    1  -15  191  550  -79  -21  383  211   31   95   56  154  274  168  330  380  361  592  985  986  996  996
 10 Marble                6644  -255 -216 -260  -87  -99  -24  -52 -149  -38    0 -103  -21   45  -18  -83   43   29   42   51  -23  -47  -85  341  643  -95   14   30   38   48   79  181  177  381   97  864  217  399  591  994  995 1000 1000
 11 ACT-R Lag2            6499   -16 -107    0  -58   -3   15   -3    4  105  103    0  142   16  -14  -59   48  103    9   49   -6    2   -7  255   74  -80   29   43   -3   -8    1  116   69  499  144  178  283  347  579  665  994  993  998
 12 Granite               6376  -233 -176 -237  -36 -142  -62   36 -136  -13   21 -142    0   39  -23  -96   26    8   43   63  -32  -21  -59  264  273  -33  -26   -8   95   28   59  182  183  321  107  925  231  373  593  989  993  999 1000
 13 Sweet Rocky           6365   -30   -8  -39   -1  -60  -26  -23  -64  -69  -45  -16  -39    0  -44  -74  -21  -47   49   -1  -45  -41  -57   68  -46    0  -29   38   16   10  290  123  170  172  190  931  212  366  586  995  989  994  991
 14 Shofar                6086   -23    5   17   -6  -10  -24    9   31   17   18   14   23   44    0  -19   44   20   40   31    2  -13   21  107   76   -6    8  -44   78    8  -12   34   90  134  188  160  440  243  553  901  923  980  984
 15 Bugbrain              5843   -18  -29   30  -73    8   23  -11  -10  -31   83   59   96   74   19    0   48  180   73   31  -41  -10  -38  185  -27    8  -17   62   14  -24   91   52   16  150  123  178  233  153  397  950  897  970  969
 16 Piedra                5750   -13  -55  -27  -60  -44  -49  -34  -42  -78  -43  -48  -26   21  -44  -48    0  -47   16   -4   -7  -38  -44    1  -33   -7    6   83   11   17   38  127  182  214  205  287  338  421  596  995  990  995  998
 17 ZQ Bot                5551  -333 -259 -247 -285 -132  -78  -82 -208 -168  -29 -103   -8   47  -20 -180   47    0   95  -14   -8   10  -41  240  -32  -44   -8    8   74   24  258  131  143  327  254  924  302  362  595  998  995  998  998
 18 * Anti-rotn           5155   -60  -44  -55  -54  -35  -54  -56  -46  -59  -42   -9  -43  -49  -40  -73  -16  -95    0  -30  -55   12  -25  274  499  -48  -37    0   -1   17  -33  182   61   28  341   76  473  164  598  496  996  997 1000
 19 Mixed Strategy        4963   -61  -25  -42  -73  -71  -34   33    5  -40  -51  -49  -63    1  -31  -31    4   14   30    0  -20  -28  -26   21    9  -41  -27    1    5  -28   47    3  141  217  -64  265  124  403  491  984  990  987  993
 20 Majikthise            4685   -14  -75  -35   -1    4    7   13  -27   23   23    6   32   45   -2   41    7    8   55   20    0  -51   13  172   44   30   -6  -29   40   59  -48   89   13  265  128  -39  249  168  475    4  995  991  993
 21 Vroomfondel           4679    33   -2  -29  -28   12   33  -17  -28   -1   47   -2   21   41   13   10   38  -10  -12   28   51    0  -38  168   71   -9   29   63  -12   -2  -11   50   16  251  126  -12  205  137  465    4  991  995  994
 22 Yomi AI               4470   -94  -14   19   23   26  -58   30  -14   15   85    7   59   57  -21   38   44   41   25   26  -13   38    0  203   94   26  -33   22    4  287   26  111   77  276   92   55  164  207  431   47  529 1000  533
 23 Multi-strategy        2748  -157 -234 -187 -167 -276 -309 -279 -257 -191 -341 -255 -264  -68 -107 -185   -1 -240 -274  -21 -172 -168 -203    0 -141  -50  -20  -12  267  -34   35  144  123   55  315  500  491  440  999  997  997  999  999
 24 Inocencio             2082  -293 -164 -147 -730 -150  -70 -184  -94 -550 -643  -74 -273   46  -76   27   33   32 -499   -9  -44  -71  -94  141    0  -35  -19   46  156  290   95  134  147  240   62   87  265  369  357  836  979  976  983
 25 * De Bruijn            469    -7  -43   38  -27   15    7  -27   75   79   95   80   33    0    6   -8    7   44   48   41  -30    9  -26   50   35    0   -1  -14  -26  -33    9   49   23    0   28  -36  -52   -4  128   -1   21    0 -116
 26 * Pi                   156   -35    7   21   20    2   35   -8  -27   21  -14  -29   26   29   -8   17   -6    8   37   27    6  -29   33   20   19    1    0    5  -17  -10   -9   23  -81    3   41   13    6   -9   30   22  -11  -11  -12
 27 * Add-drift          -1465   -79 -185 -162 -273  -10  -47  -48  -48 -383  -30  -43    8  -38   44  -62  -83   -8    0   -1   29  -63  -22   12  -46   14   -5    0   -4   30   21   46  -31  -34   -7  -25    9  -13   -4    2   -8   68   14
 28 * Copy-drift         -1740  -114  -58 -123 -239  -77  -51  -46  -78 -211  -38    3  -95  -16  -78  -14  -11  -74    1   -5  -40   12   -4 -267 -156   26   17    4    0   -1   43  -19   22   24  -58  -72   -5    4   -9   42   -3   21    3
 29 * Foxtrot            -2125  -352 -365  -37   10 -395   14  -38 -161  -31  -48    8  -28  -10   -8   24  -17  -24  -17   28  -59    2 -287   34 -290   33   10  -30    1    0  -23   -3   32   -5    2  -48   29    0   37  -13  -53  -38   -9
 30 * Add-react          -2695  -291 -354 -272 -110  -40  -92  -97 -359  -95  -79   -1  -59 -290   12  -91  -38 -258   33  -47   48   11  -26  -35  -95   -9    9  -21  -43   23    0   28   38  -16    8  -39   -2   35   -4   39 -138    4   18
 31 * Flat               -2712  -231  -51 -146  -62 -216  -41  -29  -80  -56 -181 -116 -182 -123  -34  -52 -127 -131 -182   -3  -89  -50 -111 -144 -134  -49  -23  -46   19    3  -28    0    4    0   54 -169   -9   25  235  201   59   -1 -416
 32 * Text               -3075  -140  -82 -142 -118 -145 -171 -145  -62 -154 -177  -69 -183 -170  -90  -16 -182 -143  -61 -141  -13  -16  -77 -123 -147  -23   81   31  -22  -32  -38   -4    0   24  -16   27   -3   10 -185  -74  -11 -185  112
 33 Knucklehead          -3279  -594 -383 -340 -189 -494 -413 -393 -485 -274 -381 -499 -321 -172 -134 -150 -214 -327  -28 -217 -265 -251 -276  -55 -240    0   -3   34  -24    5   16    0  -24    0   38   -4    1   43  183  939  699  947  966
 34 * Switch A Lot       -3521   -46 -166 -245 -272 -141 -110 -117  -98 -168  -97 -144 -107 -190 -188 -123 -205 -254 -341   64 -128 -126  -92 -315  -62  -28  -41    7   58   -2   -8  -54   16  -38    0 -139   54  -10   15  319   -8    3    6
 35 Peterbot             -6548  -853 -896 -868 -944 -804 -689 -407 -928 -330 -864 -178 -925 -931 -160 -178 -287 -924  -76 -265   39   12  -55 -500  -87   36  -13   25   72   48   39  169  -27    4  139    0  225  422  433  981  997 1000 1000
 36 Always Switchin'     -7191  -226 -204 -448 -411 -335 -460 -430 -224 -380 -217 -283 -231 -212 -440 -233 -338 -302 -473 -124 -249 -205 -164 -491 -265   52   -6   -9    5  -29    2    9    3   -1  -54 -225    0  -17    2  505  -27   10  -66
 37 R-P-S 20-20-60       -8653  -332 -135 -396 -384 -330 -355 -375 -270 -361 -399 -347 -373 -366 -243 -153 -421 -362 -164 -403 -168 -137 -207 -440 -369    4    9   13   -4    0  -35  -25  -10  -43   10 -422   17    0 -427 -161   62 -412  261
 38 Beat Frequent Pick  -14085  -932 -941 -941 -595 -487 -909 -753 -590 -592 -591 -579 -593 -586 -553 -397 -596 -595 -598 -491 -475 -465 -431 -999 -357 -128  -30    4    9  -37    4 -235  185 -183  -15 -433   -2  427    0 -600    0  999  996
 39 Beat The Last Move  -19915  -987 -978 -988 -988 -994 -958 -991 -991 -985 -994 -665 -989 -995 -901 -950 -995 -998 -496 -984   -4   -4  -47 -997 -836    1  -22   -2  -42   13  -39 -201   74 -939 -319 -981 -505  161  600    0    1 1000 1000
 40 Rotate R-P-S        -25396  -982 -992 -995 -993 -995 -989 -990 -993 -986 -995 -994 -993 -989 -923 -897 -990 -995 -996 -990 -995 -991 -529 -997 -979  -21   11    8    3   53  138  -59   11 -699    8 -997   27  -62    0   -1    0    0 -648
 41 Good Ole Rock       -26245  -993 -993 -998 -997 -997 -996 -997 -997 -996 -1000 -993 -999 -994 -980 -970 -995 -998 -997 -987 -991 -995 -1000 -999 -976    0   11  -68  -21   38   -4    1  185 -947   -3 -1000  -10  412 -999 -1000    0    0  998
 42 * Anti-Flat         -27493  -981 -994 -1000 -995 -994 -999 -994 -1000 -996 -1000 -998 -1000 -991 -984 -969 -998 -998 -1000 -993 -993 -994 -533 -999 -983  116   12  -14   -3    9  -18  416 -112 -966   -6 -1000   66 -261 -996 -1000  648 -998    0

 Match results (draw <= 50): 

    Player Name           total  W  L  D   1  2  3  4  5  6  7  8  9 10 11 12 13 14 15 16 17 18 19 20 21 22 23 24 25 26 27 28 29 30 31 32 33 34 35 36 37 38 39 40 41 42
  1 Iocaine Powder          69  28  0 13   1  2  1  2  2  1  1  2  1  2  1  1  2  1  1  1  1  2  2  2  2  2  1  2  1  2  2  2  2  2  2  2  2  1  2  2  2  2  2  2  2  2
  2 Phasenbott              66  26  1 14   0  1  1  1  1  1  1  2  1  1  1  2  2  1  2  2  1  2  2  2  1  1  1  2  1  2  2  2  2  2  2  2  2  2  2  2  2  2  2  2  2  2
  3 MegaHAL                 65  24  0 17   1  1  1  2  1  1  1  2  1  1  1  1  2  1  1  1  1  2  2  2  2  1  1  2  1  2  1  2  2  2  2  2  2  2  2  2  2  2  2  2  2  2
  4 Simple Modeller         64  25  2 14   0  1  0  1  1  1  2  1  1  1  1  2  2  1  1  2  1  1  2  2  2  2  1  2  1  2  1  2  2  2  2  2  2  2  2  2  2  2  2  2  2  2
  5 Biopic                  61  21  1 19   0  1  1  1  1  1  1  1  1  1  1  1  1  1  1  1  2  2  2  2  1  2  1  2  1  1  2  2  2  1  2  2  2  2  2  2  2  2  2  2  2  2
  6 Robertot                61  20  0 21   1  1  1  1  1  1  1  1  1  2  1  1  2  1  1  1  1  2  1  2  2  1  1  2  1  1  1  2  2  2  2  1  2  2  2  2  2  2  2  2  2  2
  7 Bugbrain                60  20  1 20   1  1  1  0  1  1  1  1  1  1  1  2  1  1  1  1  2  2  2  2  2  1  1  1  1  2  1  2  2  2  1  2  2  2  2  1  2  2  2  2  2  2
  8 RussRocker4             59  22  4 15   0  0  0  1  1  1  1  1  1  1  1  1  2  1  1  1  2  2  2  2  1  1  0  2  1  1  2  2  2  2  2  2  2  2  2  2  2  2  2  2  2  2
  9 Boom                    58  17  0 24   1  1  1  1  1  1  1  1  1  1  1  1  1  1  1  1  1  1  2  2  2  1  1  2  1  1  1  2  2  2  1  1  2  2  2  2  2  2  2  2  2  2
 10 Yomi AI                 56  17  2 22   0  1  1  1  1  0  1  1  1  1  1  1  1  1  1  1  2  2  2  1  1  1  1  2  1  1  2  2  2  1  1  2  2  2  1  2  2  2  2  2  2  2
 11 Shofar                  55  14  0 27   1  1  1  1  1  1  1  1  1  1  1  1  1  1  1  1  1  1  1  1  1  1  1  2  1  1  1  2  2  1  2  1  2  2  2  2  2  2  2  2  2  2
 12 ACT-R Lag2              55  18  4 19   1  0  1  0  1  1  0  1  1  1  1  1  2  1  1  1  1  2  2  2  1  1  0  2  1  1  1  2  2  1  1  2  2  2  2  2  2  2  2  2  2  2
 13 Simple Predictor        54  21  8 12   0  0  0  0  1  0  1  0  1  1  1  0  1  1  1  2  2  1  1  2  2  1  0  2  1  2  1  2  2  2  2  2  2  2  2  2  2  2  2  2  2  2
 14 Vroomfondel             53  12  0 29   1  1  1  1  1  1  1  1  1  1  1  1  1  1  2  1  1  1  1  1  1  1  1  2  1  2  1  2  1  1  1  1  2  2  1  1  2  2  2  2  2  2
 15 Majikthise              51  12  2 27   1  0  1  1  1  1  1  1  1  1  1  1  1  0  1  1  1  1  1  1  2  1  1  1  1  1  2  2  1  1  1  2  2  2  1  1  2  2  2  2  2  2
 16 Piedra                  51  13  3 25   1  0  1  0  1  1  1  1  1  1  1  1  0  1  1  1  1  1  1  1  1  1  1  1  1  2  1  1  2  1  1  2  2  2  2  2  2  2  2  2  2  2
 17 Sweet Rocky             50  14  5 22   1  1  1  1  0  1  0  0  1  0  1  1  0  1  1  1  1  1  1  1  1  1  1  1  1  1  1  2  2  2  1  2  2  2  2  2  2  2  2  2  2  2
 18 Granite                 49  17  9 15   0  0  0  1  0  0  0  0  1  0  1  0  1  1  1  1  1  1  1  1  1  2  1  2  1  1  1  2  2  2  2  2  2  2  2  2  2  2  2  2  2  2
 19 Marble                  46  16 11 14   0  0  0  0  0  1  0  0  0  0  1  0  1  1  1  1  1  1  1  1  1  2  0  2  1  1  1  2  2  2  1  2  2  2  2  2  2  2  2  2  2  2
 20 ZQ Bot                  46  16 11 14   0  0  0  0  0  0  0  0  0  1  1  0  0  1  1  1  1  1  1  1  2  1  1  1  1  1  1  2  2  2  2  2  2  2  2  2  2  2  2  2  2  2
 21 * Anti-rotn             45  13  9 19   0  1  0  0  1  0  0  1  0  1  1  1  0  1  0  1  1  1  1  0  1  1  1  2  1  1  1  2  2  1  1  2  1  2  2  2  2  2  2  2  2  2
 22 Mixed Strategy          45  10  6 25   0  1  1  0  0  1  1  1  1  1  1  1  1  1  1  1  1  0  0  1  1  1  1  1  1  1  1  1  2  1  1  1  2  0  2  2  2  2  2  2  2  2
 23 * De Bruijn             44   5  2 34   1  1  1  1  1  1  1  2  1  1  1  2  2  1  1  1  1  1  2  1  1  1  1  1  1  1  1  1  1  1  1  1  1  1  1  1  2  0  1  1  1  0
 24 Inocencio               41  16 16  9   0  0  0  0  0  0  1  0  0  0  0  0  0  0  1  1  1  0  0  1  0  1  1  1  1  1  2  2  2  2  2  2  2  2  2  2  2  2  2  2  2  2
 25 * Pi                    40   0  1 40   1  1  1  1  1  1  1  1  1  1  1  1  1  1  1  1  1  1  1  1  1  1  1  1  1  1  1  1  1  1  1  1  1  1  1  0  1  1  1  1  1  1
 26 * Add-drift             34   1  8 32   0  0  0  0  1  1  0  1  1  1  1  1  0  0  1  0  1  1  1  1  1  1  1  1  1  1  1  1  1  1  1  1  1  1  1  1  1  1  2  1  1  1
 27 * Foxtrot               33   0  8 33   0  0  1  1  0  1  1  0  1  0  1  1  1  1  0  1  1  1  1  1  1  1  1  0  1  1  1  1  1  1  1  1  1  1  1  1  1  1  1  1  0  1
 28 Multi-strategy          33  13 21  7   0  0  0  0  0  0  0  0  0  0  0  0  0  0  0  1  0  0  0  0  0  1  1  0  1  1  1  1  2  1  2  2  2  2  2  2  2  2  2  2  2  2
 29 Peterbot                29  10 22  9   0  0  0  0  0  0  0  0  0  0  0  0  0  1  1  0  0  0  0  0  0  0  1  0  1  1  1  0  1  1  2  2  1  2  2  1  2  2  2  2  2  2
 30 * Add-react             26   0 15 26   0  0  0  0  1  0  0  0  0  1  1  1  0  1  1  1  0  0  0  0  1  1  1  0  1  1  1  1  1  1  1  1  1  1  1  1  1  1  1  1  0  1
 31 * Copy-drift            26   0 15 26   0  0  0  0  0  0  1  0  1  1  0  1  0  1  1  1  1  0  1  0  1  1  1  0  1  1  1  0  0  1  1  1  1  0  1  1  1  1  1  1  1  1
 32 * Flat                  24   4 21 16   0  0  0  0  0  1  0  0  1  0  1  0  0  1  0  0  0  0  0  0  0  1  1  0  1  1  1  0  0  1  1  1  1  2  2  1  2  1  1  1  2  0
 33 Knucklehead             23   5 23 13   0  0  0  0  0  0  0  0  0  0  0  0  0  0  0  0  0  0  0  0  1  0  1  0  1  1  1  0  1  1  1  1  1  1  2  1  2  1  2  1  2  2
 34 * Switch A Lot          21   4 24 13   1  0  0  0  0  0  0  0  0  0  0  0  0  0  0  0  0  0  0  0  0  2  1  0  1  1  1  0  0  1  2  0  1  1  2  1  1  2  1  1  1  1
 35 Beat The Last Move      20   5 26 10   0  0  0  0  0  0  0  0  0  1  0  0  0  1  1  0  0  0  0  0  0  0  1  0  1  1  1  0  0  1  1  0  0  0  1  2  2  0  2  2  1  2
 36 * Text                  19   2 24 15   0  0  0  0  0  0  1  0  0  0  0  0  0  1  1  0  0  0  0  0  0  0  1  0  2  1  1  0  1  1  1  1  1  1  0  1  0  1  0  1  1  2
 37 Beat Frequent Pick      16   4 29  8   0  0  0  0  0  0  0  0  0  0  0  0  0  0  0  0  0  0  0  0  0  0  0  0  1  1  1  0  0  1  1  0  0  1  0  2  1  1  2  2  1  2
 38 Always Switchin'        16   2 27 12   0  0  0  0  0  0  0  0  0  0  0  0  0  0  0  0  0  0  0  0  0  0  2  0  1  1  1  0  0  1  1  1  1  0  2  1  1  1  1  1  1  0
 39 Good Ole Rock           15   3 29  9   0  0  0  0  0  0  0  0  0  0  0  0  0  0  0  0  0  0  0  0  0  0  1  0  1  0  1  0  0  1  1  1  0  1  0  2  0  1  1  2  1  2
 40 R-P-S 20-20-60          15   2 28 11   0  0  0  0  0  0  0  0  0  0  0  0  0  0  0  0  0  0  0  0  0  0  1  0  1  1  1  0  0  1  1  1  1  1  0  1  0  1  0  1  2  2
 41 Rotate R-P-S            14   2 29 10   0  0  0  0  0  0  0  0  0  0  0  0  0  0  0  0  0  0  0  0  0  0  1  0  1  1  2  0  0  2  1  0  0  1  1  1  1  1  1  0  1  0
 42 * Anti-Flat             14   4 31  6   0  0  0  0  0  0  0  0  0  0  0  0  0  0  0  0  0  0  0  0  0  0  2  0  1  1  1  0  0  1  1  2  0  1  0  0  0  2  0  0  2  1


   Yomi AI is match ranked 10

 Tournament results:
    Player Name          total 
  1 Yomi AI               4470 
 15 * Anti-rotn           5155 
 19 Iocaine Powder       10897 
 20 Phasenbott            9867 
 21 MegaHAL               9520 
 22 RussRocker4           7346 
 23 Biopic                8275 
 24 Simple Modeller       9352 
 25 Simple Predictor      7033 
 26 Robertot              7929 
 27 Boom                  7398 
 28 Shofar                6086 
 29 ACT-R Lag2            6499 
 30 Majikthise            4685 
 31 Vroomfondel           4679 
 32 Granite               6376 
 33 Marble                6644 
 34 ZQ Bot                5551 
 35 Sweet Rocky           6365 
 36 Piedra                5750 
 37 Mixed Strategy        4963 
 41 Bugbrain              5843 

   Yomi is tournament ranked 22

