 Playing 1 tournaments with 1000 trials per match...

 Yomi AI            vs Good Ole Rock       Match: 1000 (1000+   0-   0=)
 Yomi AI            vs R-P-S 20-20-60      Match:  342 (562+ 220- 218=)
 Yomi AI            vs Rotate R-P-S        Match:  994 (996+   2-   2=)
 Yomi AI            vs Beat The Last Move  Match:  227 (482+ 255- 263=)
 Yomi AI            vs Always Switchin'    Match:  293 (482+ 189- 329=)
 Yomi AI            vs Beat Frequent Pick  Match:  602 (748+ 146- 106=)
 Yomi AI            vs * Pi                Match:  -13 (336+ 349- 315=)
 Yomi AI            vs * Switch A Lot      Match:  142 (426+ 284- 290=)
 Yomi AI            vs * Flat              Match:  137 (430+ 293- 277=)
 Yomi AI            vs * Anti-Flat         Match:  999 (999+   0-   1=)
 Yomi AI            vs * Foxtrot           Match:  387 (598+ 211- 191=)
 Yomi AI            vs * De Bruijn         Match:   -6 (320+ 326- 354=)
 Yomi AI            vs * Text              Match:  136 (418+ 282- 300=)
 Yomi AI            vs * Anti-rotn         Match:   27 (371+ 344- 285=)
 Yomi AI            vs * Copy-drift        Match:   16 (338+ 322- 340=)
 Yomi AI            vs * Add-react         Match:   40 (363+ 323- 314=)
 Yomi AI            vs * Add-drift         Match:   12 (333+ 321- 346=)
 Yomi AI            vs Iocaine Powder      Match:  -24 (332+ 356- 312=)
 Yomi AI            vs Phasenbott          Match:  -30 (321+ 351- 328=)
 Yomi AI            vs MegaHAL             Match:    0 (349+ 349- 302=)
 Yomi AI            vs RussRocker4         Match:   23 (362+ 339- 299=)
 Yomi AI            vs Biopic              Match:    2 (338+ 336- 326=)
 Yomi AI            vs Simple Modeller     Match:   69 (386+ 317- 297=)
 Yomi AI            vs Simple Predictor    Match:   42 (375+ 333- 292=)
 Yomi AI            vs Robertot            Match:   18 (378+ 360- 262=)
 Yomi AI            vs Boom                Match:   33 (357+ 324- 319=)
 Yomi AI            vs Shofar              Match:  -14 (325+ 339- 336=)
 Yomi AI            vs ACT-R Lag2          Match:   18 (344+ 326- 330=)
 Yomi AI            vs Majikthise          Match:  -18 (321+ 339- 340=)
 Yomi AI            vs Vroomfondel         Match:  -40 (321+ 361- 318=)
 Yomi AI            vs Granite             Match:   89 (418+ 329- 253=)
 Yomi AI            vs Marble              Match:   82 (437+ 355- 208=)
 Yomi AI            vs ZQ Bot              Match:   67 (398+ 331- 271=)
 Yomi AI            vs Sweet Rocky         Match:   47 (372+ 325- 303=)
 Yomi AI            vs Piedra              Match:   59 (385+ 326- 289=)
 Yomi AI            vs Mixed Strategy      Match:  115 (412+ 297- 291=)
 Yomi AI            vs Multi-strategy      Match:  284 (527+ 243- 230=)
 Yomi AI            vs Inocencio           Match:  638 (792+ 154-  54=)
 Yomi AI            vs Peterbot            Match:  168 (450+ 282- 268=)
 Yomi AI            vs Bugbrain            Match:   -7 (343+ 350- 307=)
 Yomi AI            vs Knucklehead         Match:  529 (681+ 152- 167=)
 Final results (draw value = 50):

 Tournament results: 

    Player Name          total     1    2    3    4    5    6    7    8    9   10   11   12   13   14   15   16   17   18   19   20   21   22   23   24   25   26   27   28   29   30   31   32   33   34   35   36   37   38   39   40   41   42
  1 Iocaine Powder       11103     0   30   98   67   50   35  215  518   24   86   54   31  263  244   35   51   51  336   33    7   20  -29  198   72    0  128  158  217  348  207  333  129  568  102  271  857  382  931  983 1000 1000 1000
  2 Phasenbott           10378   -30    0   54   51    6   28  116  520   30   32   31   41  232  231   81   29   48  248   35  174   -6   43  245   44  -28  139  311  128  416  108  315  117  405   39  243  918   83  946  984  992  992  987
  3 MegaHAL               9634   -98  -54    0   -6   -5   32   55   76    0  -18    3   31  247  232   30   49   41  265   20   85    0    9  336   -4  -27  171  175   29  105  147  284  142  334  226  469  925  398  952  990  992 1000  996
  4 Biopic                8934   -67  -51    6    0  -43   31   37  -13   -2   31  -27   43  118  114   23    0   59  107   65   84  -36   -3  360  -26   18  -11   89   88  401   88   36  145  496  198  377  990  395  829  996  993  997  999
  5 Simple Modeller       8637   -50   -6    5   43    0    9  253  -31  -69    6   22   26   82   88   31   43   42  268   31   98   11   17  197  -54  -12  228  604  253   -4   61  106  124  298  223  475  239  416  591  990  992  999  992
  6 Robertot              7925   -35  -28  -32  -31   -9    0   38  -57  -18   19   -7  -29   89   13   26   -5   42   79   23  131    5  -10  210  -33   16   26  -18   85  -11   55   72  176  435   87  477  998  394  830  940  996 1000  986
  7 Simple Predictor      7904  -215 -116  -55  -37 -253  -38    0 -125  -42  -80  -53    5  -33   -4   24   20   44  199   22   98  -18  -16  220  -62   19  289  782  250  -27   71  113  154  298  181  458  857  418  587  986  989  996  998
  8 RussRocker4           7771  -518 -520  -76   13   31   57  125    0  -23  -20  -22   27  161  146   59   34   64  174   37   11  -21   13  261  -17  -35  160  163  116  150  100  334   68  486  148  262  934  317  589  994  994  998  997
  9 Yomi AI               7485   -24  -30    0    2   69   18   42   23    0   18  -14   33   82   89   59   -7   27   67   47  115  -18  -40  284   -6  -13   12  638   16  387  137   40  136  529  142  293  168  342  602  227  994 1000  999
 10 ACT-R Lag2            7132   -86  -32   18  -31   -6  -19   80   20  -18    0  -16   16  140  149   76  -55   45  107    9   57   33   -8  274 -101  -20   24  805   72  -26  112   75   69  470  194  228  191  263  573  472  993  996  989
 11 Shofar                7059   -54  -31   -3   27  -22    7   53   22   14   16    0   49   72   -2   39   -3   47   61   24   88   -1  -13  116   19   24    3  649   46   -7   66   77   97  172  202  441  120  327  553  900  917  980  967
 12 Boom                  7002   -31  -41  -31  -43  -26   29   -5  -27  -33  -16  -49    0   29   -5   64  -25   38   34   45   -8  -45  -14  162  -20   45   29   51   31   23  -18  101  145  468  238  474  318  410  753  974  989  995  994
 13 Marble                6831  -263 -232 -247 -118  -82  -89   33 -161  -82 -140  -72  -29    0  -15   14  -62   50   45   66   35   13  -63  306  -96   16   65  646   64   70  212   80  183  317  237  239  921  402  591  990  995  998  994
 14 Granite               6528  -244 -231 -232 -114  -88  -13    4 -146  -89 -149    2    5   15    0   69  -69   40   -1   33    3  -77   23  225  -60  -23   23  658   63   64  159   97  185  239  109  194  873  408  591  996  992  999  995
 15 Piedra                6361   -35  -81  -30  -23  -31  -26  -24  -59  -59  -76  -39  -64  -14  -69    0  -46   40  -32   32  -19  -26  -44   49  -55  -15   10  -10  -23   11  161  198  169  295  150  200  991  398  592  987  989  996  993
 16 Bugbrain              5915   -51  -29  -49    0  -43    5  -20  -34    7   55    3   25   62   69   46    0   43  163   62   77   28   14  146  -21   36  101   48   35   -6   13   96   43  101   96  185  209  150  394  951  953  976  976
 17 * Anti-rotn           5799   -51  -48  -41  -59  -42  -42  -44  -64  -27  -45  -47  -38  -50  -40  -40  -43    0  -74  -25  -31   48  -25  251  -57  -37   -2  571   30   -7  243   13   57   65  337  493  500  186  499  491  998 1000  996
 18 ZQ Bot                5727  -336 -248 -265 -107 -268  -79 -199 -174  -67 -107  -61  -34  -45    1   32 -163   74    0   58   55  -11   21  258  -39   29   71  -46  100   37  144  230  156  400  197  262  931  360  595  992  993  994  986
 19 Sweet Rocky           5315   -33  -35  -20  -65  -31  -23  -22  -37  -47   -9  -24  -45  -66  -33  -32  -62   25  -58    0   -9  -43  -34  117  -58  -16   77  -39   49  -54  104  106  142  244  145  190   91  348  591  992  996 1000  993
 20 Mixed Strategy        5176    -7 -174  -85  -84  -98 -131  -98  -11 -115  -57  -88    8  -35   -3   19  -77   31  -55    9    0   -5    2   19  -65   -3   59  485   10    2   75   58  184  230   89  145  141  392  479  981  957  994  998
 21 Majikthise            4759   -20    6    0   36  -11   -5   18   21   18  -33    1   45  -13   77   26  -28  -48   11   43    5    0    1   84    4   16   -7   39   66   -2   95  -20   65  280  123  316   18  143  438  -20  994  992  985
 22 Vroomfondel           4677    29  -43   -9    3  -17   10   16  -13   40    8   13   14   63  -23   44  -14   25  -21   34   -2   -1    0  117    4   31   13   74   26   -9  114   41   44  171  110  228    9  170  436  -37  995  997  987
 23 Multi-strategy        2677  -198 -245 -336 -360 -197 -210 -220 -261 -284 -274 -116 -162 -306 -225  -49 -146 -251 -258 -117  -19  -84 -117    0  -50  -20   15 -132  246    9  158   10  123   86  292  462  500  424  999  997  997  999  997
 24 * De Bruijn            802   -72  -44    4   26   54   33   62   17    6  101  -19   20   96   60   55   21   57   39   58   65   -4   -4   50    0   -1   34   27  -25    8  -24    2   23   20    0    5  -18   27  128   -1   21    0 -105
 25 * Pi                   -47     0   28   27  -18   12  -16  -19   35   13   20  -24  -45  -16   23   15  -36   37  -29   16    3  -16  -31   20    1    0   40    3    4   -2    0  -12  -81   -3   29  -54   22  -11   30   22  -11  -11  -12
 26 * Add-drift          -1758  -128 -139 -171   11 -228  -26 -289 -160  -12  -24   -3  -29  -65  -23  -10 -101    2  -71  -77  -59    7  -13  -15  -34  -40    0    8  -30    7  -62    8  -12  -13   25    1   34  -16   10   17   -6    1  -33
 27 Inocencio            -1953  -158 -311 -175  -89 -604   18 -782 -163 -638 -805 -649  -51 -646 -658   10  -48 -571   46   39 -485  -39  -74  132  -27   -3   -8    0   89  352  111   74  155  248  174  293  131  389  359 -530  983  977  981
 28 * Copy-drift         -2262  -217 -128  -29  -88 -253  -85 -250 -116  -16  -72  -46  -31  -64  -63   23  -35  -30 -100  -49  -10  -66  -26 -246   25   -4   30  -89    0   -6   16  -40  -36  -92   67    8  -55   -4  -18  -10  -52  -23   18
 29 * Foxtrot            -2267  -348 -416 -105 -401    4   11   27 -150 -387   26    7  -23  -70  -64  -11    6    7  -37   54   -2    2    9   -9   -8    2   -7 -352    6    0    7  -47   41  -18   -6   46  -10    2   22    5  -12  -51  -17
 30 * Flat               -2741  -207 -108 -147  -88  -61  -55  -71 -100 -137 -112  -66   18 -212 -159 -161  -13 -243 -144 -104  -75  -95 -114 -158   24    0   62 -111  -16   -7    0  -30   17    9   13   -1 -170   22  247  209    2    1 -400
 31 * Add-react          -2806  -333 -315 -284  -36 -106  -72 -113 -334  -40  -75  -77 -101  -80  -97 -198  -96  -13 -230 -106  -58   20  -41  -10   -2   12   -8  -74   40   47   30    0  -33  -90   14   21  -43   70  -26    3   32  -80   76
 32 * Text               -3281  -129 -117 -142 -145 -124 -176 -154  -68 -136  -69  -97 -145 -183 -185 -169  -43  -57 -156 -142 -184  -65  -44 -123  -23   81   12 -155   36  -41  -17   33    0  -64   -6    4   25   29 -185  -74  -11 -185  113
 33 Knucklehead          -3938  -568 -405 -334 -496 -298 -435 -298 -486 -529 -470 -172 -468 -317 -239 -295 -101  -65 -400 -244 -230 -280 -171  -86  -20    3   13 -248   92   18   -9   90   64    0   19    5   20  105  144  687  483 1000  983
 34 * Switch A Lot       -4090  -102  -39 -226 -198 -223  -87 -181 -148 -142 -194 -202 -238 -237 -109 -150  -96 -337 -197 -145  -89 -123 -110 -292    0  -29  -25 -174  -67    6  -13  -14    6  -19    0  -37 -100  -10   16  295   -8    1  -53
 35 Always Switchin'     -7371  -271 -243 -469 -377 -475 -477 -458 -262 -293 -228 -441 -474 -239 -194 -200 -185 -493 -262 -190 -145 -316 -228 -462   -5   54   -1 -293   -8  -46    1  -21   -4   -5   37    0 -256    9   65  490    3   12  -21
 36 Peterbot             -7474  -857 -918 -925 -990 -239 -998 -857 -934 -168 -191 -120 -318 -921 -873 -991 -209 -500 -931  -91 -141  -18   -9 -500   18  -22  -34 -131   55   10  170   43  -25  -20  100  256    0  415  433  963  999 1000  995
 37 R-P-S 20-20-60       -9455  -382  -83 -398 -395 -416 -394 -418 -317 -342 -263 -327 -410 -402 -408 -398 -150 -186 -360 -348 -392 -143 -170 -424  -27   11   16 -389    4   -2  -22  -70  -29 -105   10   -9 -415    0 -447 -169  -13 -335   62
 38 Beat Frequent Pick  -14323  -931 -946 -952 -829 -591 -830 -587 -589 -602 -573 -553 -753 -591 -591 -592 -394 -499 -595 -591 -479 -438 -436 -999 -128  -30  -10 -359   18  -22 -247   26  185 -144  -16  -65 -433  447    0 -600    0  999  997
 39 Beat The Last Move  -18062  -983 -984 -990 -996 -990 -940 -986 -994 -227 -472 -900 -974 -990 -996 -987 -951 -491 -992 -992 -981   20   37 -997    1  -22  -17  530   10   -5 -209   -3   74 -687 -295 -490 -963  169  600    0    1 1000 1000
 40 Rotate R-P-S        -25764  -1000 -992 -992 -993 -992 -996 -989 -994 -994 -993 -917 -989 -995 -992 -989 -953 -998 -993 -996 -957 -994 -995 -997  -21   11    6 -983   52   12   -2  -32   11 -483    8   -3 -999   13    0   -1    0    0 -653
 41 Good Ole Rock       -26205  -1000 -992 -1000 -997 -999 -1000 -996 -998 -1000 -996 -980 -995 -998 -999 -996 -976 -1000 -994 -1000 -994 -992 -997 -999    0   11   -1 -977   23   51   -1   80  185 -1000   -1  -12 -1000  335 -999 -1000    0    0  999
 42 * Anti-Flat         -27734  -1000 -987 -996 -999 -992 -986 -998 -997 -999 -989 -967 -994 -994 -995 -993 -976 -996 -986 -993 -998 -985 -987 -997  105   12   33 -981  -18   17  400  -76 -113 -983   53   21 -995  -62 -997 -1000  653 -999    0

 Match results (draw <= 50): 

    Player Name           total  W  L  D   1  2  3  4  5  6  7  8  9 10 11 12 13 14 15 16 17 18 19 20 21 22 23 24 25 26 27 28 29 30 31 32 33 34 35 36 37 38 39 40 41 42
  1 Iocaine Powder          71  30  0 11   1  1  2  1  2  2  1  2  2  2  1  1  1  1  2  2  1  2  2  2  2  1  1  1  2  2  2  2  2  2  2  2  2  2  2  2  2  2  2  2  2  2
  2 Phasenbott              67  26  0 15   1  1  2  1  2  2  1  1  1  1  1  1  1  1  2  1  1  1  2  2  2  2  2  1  2  2  2  2  2  2  2  2  2  2  2  2  2  1  2  2  2  2
  3 RussRocker4             63  25  3 13   0  0  1  1  0  1  1  1  1  1  2  1  1  1  2  2  1  1  2  2  2  2  1  1  2  2  2  2  2  2  2  2  2  2  2  2  2  2  2  2  2  2
  4 Yomi AI                 62  21  0 20   1  1  1  1  1  1  2  1  1  1  1  1  1  1  1  1  1  1  2  2  2  2  2  1  2  2  2  1  2  2  1  1  2  2  2  2  2  2  2  2  2  2
  5 MegaHAL                 62  23  2 16   0  0  2  1  1  1  1  1  1  1  1  1  1  1  2  1  1  1  2  2  2  1  2  1  2  2  2  2  2  2  1  2  2  2  2  2  2  2  2  2  2  2
  6 Biopic                  61  22  2 17   0  0  1  1  1  1  1  1  1  1  1  1  1  1  1  2  2  1  2  2  2  1  2  1  2  2  2  1  2  2  2  1  2  2  2  2  2  2  2  2  2  2
  7 Simple Modeller         61  22  2 17   1  1  1  0  1  1  1  1  1  1  1  1  1  1  2  1  1  0  2  2  2  1  2  1  2  2  1  2  2  2  2  2  2  2  2  2  2  2  2  2  2  2
  8 ACT-R Lag2              60  22  3 16   0  1  1  1  1  1  1  1  1  0  1  1  1  1  2  1  1  0  2  2  2  2  2  1  2  2  1  1  2  2  2  2  2  2  2  2  2  2  2  2  2  2
  9 Shofar                  59  19  1 21   0  1  1  1  1  1  1  1  1  1  1  1  1  1  2  1  1  1  1  2  2  1  2  1  2  2  1  1  2  2  1  2  2  2  2  2  2  2  2  2  2  2
 10 Bugbrain                59  19  1 21   0  1  1  1  1  1  1  2  1  1  1  1  1  1  1  1  2  1  2  2  2  1  2  1  1  2  1  2  2  2  1  2  2  1  2  2  1  2  2  2  2  2
 11 Robertot                58  18  1 22   1  1  0  1  1  1  1  1  1  1  1  1  1  1  1  1  1  1  1  2  2  1  2  1  1  2  1  1  2  2  2  2  2  2  2  2  2  2  2  2  2  2
 12 Boom                    56  15  0 26   1  1  1  1  1  1  1  1  1  1  1  1  1  1  1  1  1  1  1  1  1  2  1  1  2  2  1  1  2  2  1  2  2  1  2  2  2  2  2  2  2  2
 13 Majikthise              54  13  0 28   1  1  1  1  1  1  1  1  1  1  1  1  1  1  1  1  1  1  2  1  1  1  1  1  1  2  1  1  1  2  2  1  1  2  2  2  2  2  2  2  2  2
 14 Vroomfondel             53  12  0 29   1  1  1  1  1  1  1  1  1  1  1  1  1  1  1  1  1  1  1  1  2  1  1  1  2  2  1  1  1  2  1  1  1  2  2  2  1  2  2  2  2  2
 15 Simple Predictor        52  19  8 14   0  0  0  1  0  1  0  0  0  1  1  1  1  1  1  1  1  0  1  2  1  1  2  1  2  2  1  2  2  2  2  2  2  2  2  2  2  2  2  2  2  2
 16 * Anti-rotn             50  14  5 22   0  1  0  1  1  0  1  1  1  1  1  1  1  1  1  1  1  0  1  0  1  1  1  1  2  2  1  1  2  2  1  1  2  2  2  2  2  2  2  2  2  2
 17 Sweet Rocky             50  15  6 20   1  1  1  1  1  0  1  1  1  0  1  1  1  1  1  1  1  0  1  0  0  1  1  1  1  2  0  2  2  2  1  2  2  2  2  2  2  2  2  2  2  2
 18 * De Bruijn             49  10  2 29   0  1  1  1  1  1  2  2  1  1  1  1  1  1  2  2  2  1  2  1  2  2  2  1  1  1  1  1  1  1  1  1  1  1  1  1  1  1  1  2  0  1
 19 Granite                 48  18 11 12   0  0  0  0  0  0  0  0  1  0  1  1  0  1  1  1  1  0  1  1  1  2  1  1  2  2  2  1  2  2  2  2  2  2  2  2  2  2  2  2  2  2
 20 ZQ Bot                  48  19 12 10   0  0  0  0  0  0  0  0  0  0  0  1  1  1  0  2  2  1  1  1  1  1  2  1  1  2  1  2  2  2  2  2  2  2  2  2  2  2  2  2  2  2
 21 Marble                  47  19 13  9   0  0  0  0  0  0  0  0  0  0  0  1  1  0  1  1  2  0  1  1  1  1  1  1  2  2  2  2  2  2  2  2  2  2  2  2  2  2  2  2  2  2
 22 Piedra                  47  13  7 21   1  0  0  0  1  1  1  0  1  1  1  0  1  1  1  1  1  0  0  1  1  1  1  1  1  1  1  1  2  2  1  2  2  2  2  2  2  2  2  2  2  2
 23 Mixed Strategy          44  15 12 14   1  0  1  0  0  0  0  0  0  0  0  1  1  1  0  1  1  0  1  0  1  1  1  1  2  1  1  2  2  2  1  2  2  2  2  2  2  2  2  2  2  2
 24 * Pi                    39   0  2 39   1  1  1  1  1  1  1  1  1  1  1  1  1  1  1  1  1  1  1  1  1  1  1  1  1  1  1  1  1  1  1  1  1  1  0  1  0  1  1  1  1  1
 25 Inocencio               39  15 17  9   0  0  0  0  0  0  0  0  0  1  1  0  1  0  0  0  1  1  0  1  0  1  0  1  1  2  2  1  2  2  2  2  0  2  2  2  2  2  2  2  2  2
 26 Multi-strategy          33  13 21  7   0  0  0  0  0  0  0  0  0  0  0  0  0  0  0  0  0  1  0  0  0  1  1  1  0  1  1  1  2  2  2  1  2  2  2  2  2  2  2  2  2  2
 27 * Foxtrot               32   1 10 30   0  0  0  0  0  0  1  1  1  1  1  1  1  1  1  1  2  1  0  1  0  1  1  1  0  1  1  1  1  1  1  1  1  1  1  0  1  1  1  1  1  1
 28 * Add-drift             29   0 12 29   0  0  0  1  0  1  0  1  1  0  1  1  1  1  0  1  0  1  1  0  0  1  0  1  1  1  1  1  1  1  1  1  1  0  1  1  1  1  1  1  1  1
 29 Peterbot                29  10 22  9   0  0  0  0  0  0  0  0  0  0  0  0  1  1  0  0  0  1  0  0  0  0  0  1  0  0  1  1  1  1  2  1  2  2  2  2  1  2  2  2  2  2
 30 Knucklehead             26   9 24  8   0  0  0  0  0  0  0  0  0  0  0  0  0  0  0  0  0  1  0  0  0  0  0  1  0  0  1  1  1  1  2  2  2  1  1  2  2  1  2  2  2  2
 31 * Copy-drift            25   1 17 23   0  0  0  1  1  0  0  0  1  1  0  1  0  1  0  1  1  1  0  0  0  1  1  1  0  0  1  1  0  0  1  1  1  1  1  1  1  2  0  1  1  1
 32 * Add-react             23   2 20 19   0  0  0  1  0  1  0  0  0  0  0  0  1  1  0  1  0  1  0  0  0  0  0  1  0  1  1  1  1  0  1  1  1  1  1  0  1  1  1  1  2  2
 33 Beat The Last Move      21   6 26  9   0  0  0  0  0  0  0  0  0  0  0  0  1  1  0  0  0  1  0  0  0  0  0  1  2  0  1  1  0  0  1  1  1  0  0  2  2  0  1  2  2  2
 34 * Flat                  20   3 24 14   0  0  0  0  0  0  0  0  0  1  0  1  0  0  0  0  0  1  0  0  0  0  0  1  0  0  1  2  0  1  1  1  2  1  1  1  1  1  1  2  0  1
 35 Always Switchin'        19   3 25 13   0  0  0  0  0  0  0  0  0  0  0  0  0  0  0  0  0  1  0  0  0  0  0  2  0  0  1  1  0  1  1  1  2  1  1  1  1  1  1  2  1  1
 36 Good Ole Rock           18   5 28  8   0  0  0  0  0  0  0  0  0  0  0  0  0  0  0  0  0  1  0  0  0  0  0  1  0  0  2  1  0  0  1  2  0  1  1  1  2  1  1  0  2  2
 37 * Text                  17   2 26 13   0  0  0  0  0  0  0  0  0  1  0  0  0  1  0  0  0  1  0  0  0  0  0  2  0  0  1  1  1  0  1  1  0  1  1  0  1  1  1  0  2  1
 38 * Switch A Lot          16   1 26 14   0  1  0  0  0  0  0  0  0  0  0  0  0  0  0  0  0  1  0  0  0  0  0  1  0  0  1  1  0  1  0  1  2  1  1  1  1  1  1  1  0  1
 39 Rotate R-P-S            15   1 27 13   0  0  0  0  0  0  0  0  0  0  0  0  0  0  0  0  0  1  0  0  0  0  0  1  0  0  1  1  0  0  2  1  1  1  1  1  1  1  1  1  0  1
 40 Beat Frequent Pick      15   4 30  7   0  0  0  0  0  0  0  0  0  0  0  0  0  0  0  0  0  0  0  0  0  0  0  1  0  0  1  1  0  0  1  1  0  0  0  2  2  1  1  1  2  2
 41 * Anti-Flat             13   4 32  5   0  0  0  0  0  0  0  0  0  0  0  0  0  0  0  0  0  2  0  0  0  0  0  1  0  0  1  1  0  0  1  0  0  2  1  0  0  2  2  0  1  0
 42 R-P-S 20-20-60          12   1 30 10   0  0  0  0  0  0  0  0  0  0  0  0  0  0  0  0  0  1  0  0  0  0  0  1  0  0  1  1  0  0  1  0  0  1  1  0  1  1  1  0  2  1


   Yomi AI is match ranked 4

 Tournament results:
    Player Name          total 
  1 Yomi AI               7485 
 19 Iocaine Powder       11103 
 20 Phasenbott           10378 
 21 MegaHAL               9634 
 22 RussRocker4           7771 
 23 Biopic                8934 
 24 Simple Modeller       8637 
 25 Simple Predictor      7904 
 26 Robertot              7925 

   Yomi is tournament ranked 9

