 Playing 1 tournaments with 1000 trials per match...

 Yomi AI            vs Good Ole Rock       Match: 1000 (1000+   0-   0=)
 Yomi AI            vs R-P-S 20-20-60      Match:  217 (466+ 249- 285=)
 Yomi AI            vs Rotate R-P-S        Match:  557 (693+ 136- 171=)
 Yomi AI            vs Beat The Last Move  Match:   -3 (335+ 338- 327=)
 Yomi AI            vs Always Switchin'    Match:  171 (449+ 278- 273=)
 Yomi AI            vs Beat Frequent Pick  Match:  381 (609+ 228- 163=)
 Yomi AI            vs * Pi                Match:    1 (346+ 345- 309=)
 Yomi AI            vs * Switch A Lot      Match:   98 (390+ 292- 318=)
 Yomi AI            vs * Flat              Match:  109 (395+ 286- 319=)
 Yomi AI            vs * Anti-Flat         Match:  635 (744+ 109- 147=)
 Yomi AI            vs * Foxtrot           Match:  353 (576+ 223- 201=)
 Yomi AI            vs * De Bruijn         Match:   -4 (332+ 336- 332=)
 Yomi AI            vs * Text              Match:  123 (415+ 292- 293=)
 Yomi AI            vs * Anti-rotn         Match:  -20 (332+ 352- 316=)
 Yomi AI            vs * Copy-drift        Match:   -5 (338+ 343- 319=)
 Yomi AI            vs * Add-react         Match:   14 (346+ 332- 322=)
 Yomi AI            vs * Add-drift         Match:   23 (347+ 324- 329=)
 Yomi AI            vs Iocaine Powder      Match:   15 (329+ 314- 357=)
 Yomi AI            vs Phasenbott          Match:  -15 (330+ 345- 325=)
 Yomi AI            vs MegaHAL             Match:   86 (371+ 285- 344=)
 Yomi AI            vs RussRocker4         Match:   33 (359+ 326- 315=)
 Yomi AI            vs Biopic              Match:   38 (346+ 308- 346=)
 Yomi AI            vs Simple Modeller     Match:    5 (343+ 338- 319=)
 Yomi AI            vs Simple Predictor    Match:   30 (351+ 321- 328=)
 Yomi AI            vs Robertot            Match:   -7 (338+ 345- 317=)
 Yomi AI            vs Boom                Match:   -6 (335+ 341- 324=)
 Yomi AI            vs Shofar              Match:   17 (342+ 325- 333=)
 Yomi AI            vs ACT-R Lag2          Match:   36 (358+ 322- 320=)
 Yomi AI            vs Majikthise          Match:  -44 (314+ 358- 328=)
 Yomi AI            vs Vroomfondel         Match:   21 (353+ 332- 315=)
 Yomi AI            vs Granite             Match:   59 (403+ 344- 253=)
 Yomi AI            vs Marble              Match:  105 (406+ 301- 293=)
 Yomi AI            vs ZQ Bot              Match:   52 (392+ 340- 268=)
 Yomi AI            vs Sweet Rocky         Match:    1 (331+ 330- 339=)
 Yomi AI            vs Piedra              Match:   68 (365+ 297- 338=)
 Yomi AI            vs Mixed Strategy      Match:   71 (372+ 301- 327=)
 Yomi AI            vs Multi-strategy      Match:  259 (512+ 253- 235=)
 Yomi AI            vs Inocencio           Match:   60 (399+ 339- 262=)
 Yomi AI            vs Peterbot            Match:    4 (334+ 330- 336=)
 Yomi AI            vs Bugbrain            Match:    4 (342+ 338- 320=)
 Yomi AI            vs Knucklehead         Match:  337 (550+ 213- 237=)
 Final results (draw value = 50):

 Tournament results: 

    Player Name          total     1    2    3    4    5    6    7    8    9   10   11   12   13   14   15   16   17   18   19   20   21   22   23   24   25   26   27   28   29   30   31   32   33   34   35   36   37   38   39   40   41   42
  1 Iocaine Powder       10506     0   45   19   50   21  188    5  529   14  282   35   66   41  231   17   11  285  -15   64  -24   -3    7  265  209   27  -15  107  145  353  198  572  339  100    1  931  206  353  885  982  980 1000 1000
  2 Phasenbott            9876   -45    0   40   13   33  155   72  529   22  202   47   40   11  187   13   51  240   15   69   76    5  -27  244  184   51  -62  106  116  390   39  396  302  101   67  902  268  130  937  982  993  993  989
  3 MegaHAL               9535   -19  -40    0  -23   47   89   46   59   25  222   41   15  -32  286   -8   -1  213  -86   41   71  -15   -1  230  163  -64  -10  219   51  100  125  336  339  189  247  909  441  393  953  996  989  999 1000
  4 Simple Modeller       8765   -50  -13   23    0   30  250  -45   22   13   37   29   65   45   54  -29   78  292   -5   50   78  -23  -19  194  768  -27  -30  188  214  -42  100  308  103  140  243  307  454  388  593  993  994  998  997
  5 Biopic                8615   -21  -33  -47  -30    0   34   10   -4  -38  119   45   37   77  121  -35    4   55  -38   47   54   -7   16  277  173  -45  -34   11  106  398  212  553   47  146  130  796  284  359  857  995  995  997  992
  6 Simple Predictor      7885  -188 -155  -89 -250  -34    0  -49  -75    1   33   62   73  -58   -3  -27   12  116  -30   61   63  -10  -45  220  788  -73  -21  302  311   34   76  221  134  166  305  732  373  353  592  986  986  996  996
  7 Robertot              7605    -5  -72  -46   45  -10   49    0  -65  -27   67   39   59  -14   60  -14    8   97    7   42   28  -19  -26  160   75  -14   14   28   46   26   47  437   54  167   93  603  461  354  889  969  995  998 1000
  8 RussRocker4           7518  -529 -529  -59  -22    4   75   65    0    4  136   42   64   -4  149  -39   10  208  -33   58   -5   28   27  257   94  -47  -10  101  158  158   79  485  323   50  128  928  234  359  590  991  995  999  996
  9 Boom                  7073   -14  -22  -25  -13   38   -1   27   -4    0   23   71   36  -28   63  -23  -37   77    6   56  -58  -22  -16  232   71  -42    0   64   42   -7   27  442   85  125  -66  405  426  407  753  991  990  997  997
 10 Granite               6539  -282 -202 -222  -37 -119  -33  -67 -136  -23    0   52   61 -163    7  -11 -102   33  -59   41   45  -21  -41  279  648  -98  -10   37   37   -6  127  297  100  179  125  924  249  358  592  991  991  998 1000
 11 Piedra                6453   -35  -47  -41  -29  -45  -62  -39  -42  -71  -52    0   44   -3  -56  -46  -51  -44  -68   47  -10  -11  -56  142  -32  -46  -35   80   36   23  126  158  140  169  172  929  357  379  590  991  997  999  995
 12 Sweet Rocky           6429   -66  -40  -15  -65  -37  -73  -59  -64  -36  -61  -44    0  -20  -48  -36  -39  -43   -1   32  -19  -52    2    3  -39    0  -56   35   53   32  109  134  331  192  174  997  303  381  591  992  990  998  993
 13 ACT-R Lag2            6314   -41  -11   32  -45  -77   58   14    4   28  163    3   20    0  131   33   19   89  -36   40   40   17   15  201  489  -72  -19   15  -27  -49  127  510   44   82  155  185  300  324  574   -9  994  998  996
 14 Marble                6301  -231 -187 -286  -54 -121    3  -60 -149  -63   -7   56   48 -131    0  -69 -108   16 -105   55  -26  -61  -22  219  494 -103  -19   13   40   75  185  382   63  183  144  919  231  408  591  991  995 1000  992
 15 Shofar                6297   -17  -13    8   29   35   27   14   39   23   11   46   36  -33   69    0  -41   48  -17   41   92    1   23  175   70   15    2   33   58  -12   55   88  -25  123  224   73  430  247  552  899  917  972  980
 16 Bugbrain              6279   -11  -51    1  -78   -4  -12   -8  -10   37  102   51   39  -19  108   41    0  181   -4   74   38   34    0  110   57    3   21   74   83  -12   66  191   78   66  128  321  217  143  385  940  945  982  972
 17 ZQ Bot                5949  -285 -240 -213 -292  -55 -116  -97 -208  -77  -33   44   43  -89  -16  -48 -181    0  -52   40   29  -34  -34  213  424  -13   -4   90   92   46  119  280  253  139  179  878  236  348  594  995  996  998 1000
 18 Yomi AI               4879    15  -15   86    5   38   30   -7   33   -6   59   68    1   36  105   17    4   52    0  -20   71   21  -44  259   60   -4    1   23   -5  353  109  337   14  123   98    4  171  217  381   -3  557 1000  635
 19 * Anti-rotn           4825   -64  -69  -41  -50  -47  -61  -42  -58  -56  -41  -47  -32  -40  -55  -41  -74  -40   20    0   34  -49   -8  252  168  -47  -45   37   26   -8  170   70  -17   61  312   92  479  143  499  497  999  998 1000
 20 Mixed Strategy        4810    24  -76  -71  -78  -54  -63  -28    5   58  -45   10   19  -40   26  -92  -38  -29  -71  -34    0  -43  -30   29  -27  -44  -70   53   -1   -7  -35  234  109  156   42  260   40  333  458  977  968  994  991
 21 Vroomfondel           4784     3   -5   15   23    7   10   19  -28   22   21   11   52  -17   61   -1  -34   34  -21   49   43    0    9  178  104   35  -18   22  -26   13   18  201  -70   13  156   28  251  193  435    0  988  997  993
 22 Majikthise            4691    -7   27    1   19  -16   45   26  -27   16   41   56   -2  -15   22  -23    0   34   44    8   30   -9    0  113   52   25   48    8   26   15   78  257  -14  -11  126  -21  220  140  452  -54  989  994  978
 23 Multi-strategy        2248  -265 -244 -230 -194 -277 -220 -160 -257 -232 -279 -142   -3 -201 -219 -175 -110 -213 -259 -252  -29 -178 -113    0 -101  -50  -20  -16  214    8  123   22   -4  123  289   34  482  406  999  997  997  999  998
 24 Inocencio             1111  -209 -184 -163 -768 -173 -788  -75  -94  -71 -648   32   39 -489 -494  -70  -57 -424  -60 -168   27 -104  -52  101    0  -11  -15    8  105  274  144  102   76  151  106  199  269  407  362  879  988  979  980
 25 * De Bruijn            741   -27  -51   64   27   45   73   14   47   42   98   46    0   72  103  -15   -3   13    4   47   44  -35  -25   50   11    0   -1  -48   26  -26    5    8   54   23   -3   -9    8   21  128   -1   21    0 -109
 26 * Pi                   457    15   62   10   30   34   21  -14   10    0   10   35   56   19   19   -2  -21    4   -1   45   70   18  -48   20   15    1    0  -19  -32   64   24  -40   57  -81   -3    4   32   23   30   22  -11  -11  -10
 27 * Add-drift          -1641  -107 -106 -219 -188  -11 -302  -28 -101  -64  -37  -80  -35  -15  -13  -33  -74  -90  -23  -37  -53  -22   -8   16   -8   48   19    0   54   -2  -12  -33  -89  -31  -16  -18  -38   -4    4   28  -14   73   28
 28 * Copy-drift         -1923  -145 -116  -51 -214 -106 -311  -46 -158  -42  -37  -36  -53   27  -40  -58  -83  -92    5  -26    1   26  -26 -214 -105  -26   32  -54    0  -17   39  -67   25    2    8  -31  -22   14  -18   77    5  -12   22
 29 * Foxtrot            -2134  -353 -390 -100   42 -398  -34  -26 -158    7    6  -23  -32   49  -75   12   12  -46 -353    8    7  -13  -15   -8 -274   26  -64    2   17    0  -17   10   -2   20  -20  -30   57   22  -42   15   12   17   -2
 30 * Flat               -2553  -198  -39 -125 -100 -212  -76  -47  -79  -27 -127 -126 -109 -127 -185  -55  -66 -119 -109 -170   35  -18  -78 -123 -144   -5  -24   12  -39   17    0  -16  -18    2   -4 -172   10   19  237  220   71   -2 -437
 31 Knucklehead          -2900  -572 -396 -336 -308 -553 -221 -437 -485 -442 -297 -158 -134 -510 -382  -88 -191 -280 -337  -70 -234 -201 -257  -22 -102   -8   40   33   67  -10   16    0   30   46   28  -32    0   75  191  920  759  958 1000
 32 * Add-react          -3093  -339 -302 -339 -103  -47 -134  -54 -323  -85 -100 -140 -331  -44  -63   25  -78 -253  -14   17 -109   70   14    4  -76  -54  -57   89  -25    2   18  -30    0  -29   -4  -65  -31   33  -32   -3 -153   -2   54
 33 * Text               -3285  -100 -101 -189 -140 -146 -166 -167  -50 -125 -179 -169 -192  -82 -183 -123  -66 -139 -123  -61 -156  -13   11 -123 -151  -23   81   31   -2  -20   -2  -46   29    0   31   37  -87  -38 -185  -74  -11 -185  112
 34 * Switch A Lot       -3494    -1  -67 -247 -243 -130 -305  -93 -128   66 -125 -172 -174 -155 -144 -224 -128 -179  -98 -312  -42 -156 -126 -289 -106    3    3   16   -8   20    4  -28    4  -31    0 -128   -4    7  -23  311   11   11  -84
 35 Peterbot             -6872  -931 -902 -909 -307 -796 -732 -603 -928 -405 -924 -929 -997 -185 -919  -73 -321 -878   -4  -92 -260  -28   21  -34 -199    9   -4   18   31   30  172   32   65  -37  128    0  225  385  431  982  998  998 1000
 36 Always Switchin'     -7108  -206 -268 -441 -454 -284 -373 -461 -234 -426 -249 -357 -303 -300 -231 -430 -217 -236 -171 -479  -40 -251 -220 -482 -269   -8  -32   38   22  -57  -10    0   31   87    4 -225    0  -39   30  517  -25   -6  -53
 37 R-P-S 20-20-60       -8681  -353 -130 -393 -388 -359 -353 -354 -359 -407 -358 -379 -381 -324 -408 -247 -143 -348 -217 -143 -333 -193 -140 -406 -407  -21  -23    4  -14  -22  -19  -75  -33   38   -7 -385   39    0 -434 -190   58 -444  370
 38 Beat Frequent Pick  -14022  -885 -937 -953 -593 -857 -592 -889 -590 -753 -592 -590 -591 -574 -591 -552 -385 -594 -381 -499 -458 -435 -452 -999 -362 -128  -30   -4   18   42 -237 -191   32  185   23 -431  -30  434    0 -600    0  999 1000
 39 Beat The Last Move  -19191  -982 -982 -996 -993 -995 -986 -969 -991 -991 -991 -991 -992    9 -991 -899 -940 -995    3 -497 -977    0   54 -997 -879    1  -22  -28  -77  -15 -220 -920    3   74 -311 -982 -517  190  600    0    1 1000 1000
 40 Rotate R-P-S        -25640  -980 -993 -989 -994 -995 -986 -995 -995 -990 -991 -997 -990 -994 -995 -917 -945 -996 -557 -999 -968 -988 -989 -997 -988  -21   11   14   -5  -12  -71 -759  153   11  -11 -998   25  -58    0   -1    0    0 -690
 41 Good Ole Rock       -26279  -1000 -993 -999 -998 -997 -996 -998 -999 -997 -998 -999 -998 -998 -1000 -972 -982 -998 -1000 -998 -994 -997 -994 -999 -979    0   11  -73   12  -17    2 -958    2  185  -11 -998    6  444 -999 -1000    0    0  998
 42 * Anti-Flat         -27669  -1000 -989 -1000 -997 -992 -996 -1000 -996 -997 -1000 -995 -993 -996 -992 -980 -972 -1000 -635 -1000 -991 -993 -978 -998 -980  109   10  -28  -22    2  437 -1000  -54 -112   84 -1000   53 -370 -1000 -1000  690 -998    0

 Match results (draw <= 50): 

    Player Name           total  W  L  D   1  2  3  4  5  6  7  8  9 10 11 12 13 14 15 16 17 18 19 20 21 22 23 24 25 26 27 28 29 30 31 32 33 34 35 36 37 38 39 40 41 42
  1 Phasenbott              67  27  1 13   1  1  1  1  2  1  2  1  1  2  1  2  1  1  1  1  2  2  1  2  2  0  2  2  2  2  2  2  2  2  2  2  1  2  2  2  2  2  2  2  2  2
  2 Iocaine Powder          65  24  0 17   1  1  1  1  2  1  1  1  1  1  1  2  1  1  1  1  2  2  2  1  2  1  2  1  2  2  2  2  2  2  2  2  2  2  1  2  2  2  2  2  2  2
  3 Simple Modeller         64  23  0 18   1  1  1  1  1  1  2  1  1  1  1  2  1  1  1  1  1  1  2  1  2  1  2  2  2  1  2  2  2  2  2  2  2  2  2  2  2  2  2  2  2  2
  4 MegaHAL                 63  24  2 15   1  1  1  1  2  1  1  0  1  1  1  2  1  1  1  1  1  2  1  0  2  1  2  2  2  2  2  2  2  2  2  2  2  2  2  2  2  2  2  2  2  2
  5 RussRocker4             62  24  3 14   0  0  1  0  1  1  1  1  1  2  1  2  1  1  1  1  2  2  2  1  2  1  2  1  2  2  2  2  2  2  2  2  2  2  2  1  2  2  2  2  2  2
  6 Biopic                  62  21  0 20   1  1  1  1  1  1  1  1  1  1  1  1  2  1  1  1  1  2  1  1  2  1  2  2  2  2  1  2  2  2  2  1  2  2  2  2  2  2  2  2  2  2
  7 Bugbrain                61  22  2 17   0  1  0  1  1  1  1  1  1  1  1  1  1  1  1  2  2  2  1  1  2  1  2  1  2  1  2  2  2  2  2  2  2  2  2  2  2  2  2  2  2  2
  8 Yomi AI                 60  19  0 22   1  1  1  2  1  1  1  1  1  1  1  1  1  1  1  2  1  2  1  1  2  1  2  2  2  2  1  2  1  1  2  1  2  1  2  2  2  2  2  2  2  2
  9 Shofar                  58  17  0 24   1  1  1  1  1  1  1  1  1  1  1  1  1  1  1  1  1  1  1  1  1  1  2  2  2  1  1  2  2  2  2  1  2  2  2  2  2  2  2  2  2  2
 10 Robertot                57  18  2 21   0  1  1  1  0  1  1  1  1  1  1  1  1  1  1  1  1  2  2  1  2  1  2  1  2  1  1  2  2  1  2  2  1  2  2  2  2  2  2  2  2  2
 11 Boom                    57  18  2 21   1  1  1  1  1  1  1  1  1  1  1  1  1  1  1  2  2  1  1  1  2  1  2  0  2  1  2  2  2  1  2  2  1  2  0  2  2  2  2  2  2  2
 12 Simple Predictor        56  22  7 12   0  0  0  0  0  1  1  1  1  1  1  1  0  1  1  2  2  1  2  0  2  1  1  2  2  1  2  2  2  2  2  2  2  2  2  2  2  2  2  2  2  2
 13 ACT-R Lag2              56  17  2 22   1  1  1  1  1  0  1  1  1  1  1  2  1  1  1  1  1  2  1  0  2  1  2  1  2  1  1  2  2  1  2  1  2  1  2  2  2  2  2  2  2  2
 14 Majikthise              52  12  1 28   1  1  1  1  1  1  1  1  1  1  1  1  1  1  1  2  1  1  1  1  1  1  1  1  2  1  1  2  1  1  2  1  2  0  2  1  2  2  2  2  2  2
 15 Vroomfondel             52  12  1 28   1  1  1  1  1  1  1  1  1  1  1  1  1  1  1  1  1  1  2  1  1  1  2  1  2  1  1  2  1  1  2  0  1  1  2  1  2  2  2  2  2  2
 16 Piedra                  49  15  7 19   1  1  1  1  1  1  0  0  1  1  0  0  1  0  1  1  1  0  1  1  1  1  0  1  1  1  2  2  2  1  2  2  2  2  2  2  2  2  2  2  2  2
 17 * Anti-rotn             48  14  7 20   0  0  1  1  0  1  0  1  1  1  0  0  1  1  1  1  1  1  1  1  1  1  0  1  2  1  1  2  2  1  2  1  2  2  2  2  2  2  2  2  2  2
 18 Granite                 48  17 10 14   0  0  1  0  0  0  0  0  1  0  1  1  0  1  1  2  1  1  2  0  1  1  1  1  2  1  1  2  2  1  2  2  2  2  2  2  2  2  2  2  2  2
 19 Sweet Rocky             47  14  8 19   1  0  0  1  0  1  1  1  1  0  1  0  1  1  0  1  1  0  1  1  1  0  1  1  1  1  1  1  2  2  2  2  2  2  2  2  2  2  2  2  2  2
 20 * De Bruijn             46   7  2 32   0  1  1  2  1  1  1  1  1  1  1  2  2  1  1  1  1  2  1  1  1  1  2  1  1  1  1  1  1  1  1  2  1  1  1  1  1  2  1  1  0  1
 21 ZQ Bot                  46  17 12 12   0  0  0  0  0  0  0  0  1  0  0  0  0  1  1  1  1  1  1  1  1  1  1  1  2  1  2  2  2  2  2  2  2  2  2  2  2  2  2  2  2  2
 22 * Pi                    45   5  1 35   2  1  1  1  1  1  1  1  1  1  1  1  1  1  1  1  1  1  2  1  1  1  1  2  1  2  1  1  1  1  1  2  1  1  1  0  1  1  1  1  1  1
 23 Marble                  45  18 14  9   0  0  0  0  0  0  0  0  0  0  0  1  0  1  0  2  2  1  1  0  1  1  1  1  2  2  1  2  2  1  2  2  2  2  2  2  2  2  2  2  2  2
 24 Mixed Strategy          45  12  8 21   0  1  0  0  1  0  1  0  0  1  2  0  1  1  1  1  1  1  1  1  1  0  1  1  1  1  2  1  2  1  2  2  1  2  1  2  1  2  2  2  2  2
 25 Inocencio               38  16 19  6   0  0  0  0  0  0  0  0  0  0  0  0  0  0  0  1  0  0  1  1  0  1  0  1  1  2  1  2  2  2  2  2  2  2  2  2  2  2  2  2  2  2
 26 * Foxtrot               33   1  9 31   0  0  1  0  0  0  1  0  1  1  1  1  1  1  1  1  1  1  1  1  1  0  0  1  0  1  1  1  1  1  1  1  1  1  1  1  2  1  1  1  1  1
 27 * Add-drift             31   2 12 27   0  0  0  0  0  1  0  1  1  1  0  0  1  1  1  0  1  1  1  1  0  1  1  0  1  1  1  1  1  2  1  0  1  1  1  1  1  1  2  1  1  1
 28 Multi-strategy          31  11 21  9   0  0  0  0  0  0  0  0  0  0  0  0  0  0  0  0  0  0  1  1  0  1  0  1  0  1  1  1  1  2  1  1  2  2  2  2  2  2  2  2  2  2
 29 Peterbot                31  10 20 11   0  0  0  0  0  0  0  1  0  0  0  0  0  1  1  0  0  0  0  1  0  1  0  0  0  1  1  1  1  1  1  2  2  2  2  1  2  2  2  2  2  2
 30 * Copy-drift            27   1 15 25   0  0  0  0  0  0  0  1  0  1  1  0  1  1  1  1  1  1  0  1  0  1  1  1  0  1  0  0  1  1  0  1  1  2  1  1  1  1  1  1  1  1
 31 Knucklehead             25   7 23 11   0  0  0  0  0  0  0  0  0  0  0  0  0  0  0  0  0  0  0  1  0  1  0  0  0  1  1  1  1  2  1  1  1  2  1  1  1  2  2  2  2  2
 32 * Add-react             24   3 20 18   0  0  0  0  0  1  0  1  1  0  0  0  1  1  2  0  1  0  0  0  0  0  0  0  0  1  2  1  0  1  1  1  1  1  1  1  1  1  1  1  2  0
 33 * Flat                  23   3 21 17   1  0  0  0  0  0  0  0  0  1  1  0  0  0  1  0  0  0  0  1  0  1  0  1  0  1  1  0  0  1  1  1  1  2  1  1  1  2  1  1  0  2
 34 Beat The Last Move      21   6 26  9   0  0  0  0  0  0  0  1  0  0  0  0  1  2  1  0  0  0  0  1  0  1  0  0  0  1  1  0  0  0  0  1  0  1  0  2  0  2  2  2  2  1
 35 * Switch A Lot          20   2 23 16   0  1  0  0  0  0  0  0  0  0  2  0  0  0  0  0  0  0  0  1  0  1  0  1  0  1  1  0  0  1  1  1  1  2  1  1  1  1  1  1  0  1
 36 * Text                  18   2 25 14   0  0  0  0  1  0  0  0  0  0  0  0  0  1  1  0  0  0  0  1  0  2  0  0  0  1  1  0  1  1  1  1  1  0  1  1  0  0  0  1  2  1
 37 Always Switchin'        17   2 26 13   0  0  0  0  0  0  0  0  0  0  0  0  0  0  0  0  0  0  0  1  0  1  0  1  0  0  1  0  0  1  1  1  1  2  1  2  1  1  1  1  0  1
 38 Beat Frequent Pick      16   4 29  8   0  0  0  0  0  0  0  0  0  0  0  0  0  0  0  0  0  0  0  0  0  1  0  0  0  1  1  0  0  1  0  1  0  0  1  2  1  1  2  2  2  1
 39 Good Ole Rock           15   3 29  9   0  0  0  0  0  0  0  0  0  0  0  0  0  0  0  0  0  0  0  1  0  1  0  0  0  1  0  0  0  1  0  1  1  0  1  2  1  0  1  2  2  1
 40 R-P-S 20-20-60          14   2 29 10   0  0  0  0  0  0  0  0  0  0  0  0  0  0  0  0  0  0  0  1  0  1  0  0  0  1  1  0  0  1  0  1  1  0  1  1  1  0  0  1  2  2
 41 * Anti-Flat             14   5 32  4   0  0  0  0  0  0  0  0  0  0  0  0  0  0  0  0  0  0  0  2  0  1  0  0  0  1  1  0  0  1  0  0  2  0  2  0  2  0  0  0  1  2
 42 Rotate R-P-S            13   1 29 11   0  0  0  0  0  0  0  0  0  0  0  0  0  0  0  0  0  0  0  1  0  1  0  0  0  1  1  0  0  1  0  2  0  1  1  1  1  1  1  0  0  1


   Yomi AI is match ranked 8

 Tournament results:
    Player Name          total 
  1 Yomi AI               4879 
 19 Iocaine Powder       10506 
 20 Phasenbott            9876 
 21 MegaHAL               9535 
 22 RussRocker4           7518 
 23 Biopic                8615 
 24 Simple Modeller       8765 
 25 Simple Predictor      7885 
 26 Robertot              7605 
 27 Boom                  7073 
 28 Shofar                6297 
 29 ACT-R Lag2            6314 
 32 Granite               6539 
 33 Marble                6301 
 34 ZQ Bot                5949 
 35 Sweet Rocky           6429 
 36 Piedra                6453 
 41 Bugbrain              6279 

   Yomi is tournament ranked 18

