 Playing 1 tournaments with 1000 trials per match...

 Yomi AI            vs Good Ole Rock       Match: 1000 (1000+   0-   0=)
 Yomi AI            vs R-P-S 20-20-60      Match:  155 (448+ 293- 259=)
 Yomi AI            vs Rotate R-P-S        Match:  727 (863+ 136-   1=)
 Yomi AI            vs Beat The Last Move  Match:   33 (364+ 331- 305=)
 Yomi AI            vs Always Switchin'    Match:  168 (429+ 261- 310=)
 Yomi AI            vs Beat Frequent Pick  Match:  464 (684+ 220-  96=)
 Yomi AI            vs * Pi                Match:  -17 (334+ 351- 315=)
 Yomi AI            vs * Switch A Lot      Match:  101 (412+ 311- 277=)
 Yomi AI            vs * Flat              Match:   43 (369+ 326- 305=)
 Yomi AI            vs * Anti-Flat         Match:  999 (999+   0-   1=)
 Yomi AI            vs * Foxtrot           Match:  255 (515+ 260- 225=)
 Yomi AI            vs * De Bruijn         Match:   30 (346+ 316- 338=)
 Yomi AI            vs * Text              Match:   99 (405+ 306- 289=)
 Yomi AI            vs * Anti-rotn         Match:   26 (347+ 321- 332=)
 Yomi AI            vs * Copy-drift        Match:   19 (338+ 319- 343=)
 Yomi AI            vs * Add-react         Match:   23 (345+ 322- 333=)
 Yomi AI            vs * Add-drift         Match:  -13 (332+ 345- 323=)
 Yomi AI            vs Iocaine Powder      Match:  -17 (337+ 354- 309=)
 Yomi AI            vs Phasenbott          Match:  -20 (316+ 336- 348=)
 Yomi AI            vs MegaHAL             Match:    7 (338+ 331- 331=)
 Yomi AI            vs RussRocker4         Match:   12 (347+ 335- 318=)
 Yomi AI            vs Biopic              Match:   -7 (341+ 348- 311=)
 Yomi AI            vs Simple Modeller     Match:   -5 (331+ 336- 333=)
 Yomi AI            vs Simple Predictor    Match:   48 (382+ 334- 284=)
 Yomi AI            vs Robertot            Match:   32 (374+ 342- 284=)
 Yomi AI            vs Boom                Match:   53 (354+ 301- 345=)
 Yomi AI            vs Shofar              Match:  -25 (320+ 345- 335=)
 Yomi AI            vs ACT-R Lag2          Match:  -35 (321+ 356- 323=)
 Yomi AI            vs Majikthise          Match:   -5 (332+ 337- 331=)
 Yomi AI            vs Vroomfondel         Match:   19 (357+ 338- 305=)
 Yomi AI            vs Granite             Match:   84 (411+ 327- 262=)
 Yomi AI            vs Marble              Match:   23 (375+ 352- 273=)
 Yomi AI            vs ZQ Bot              Match:   72 (422+ 350- 228=)
 Yomi AI            vs Sweet Rocky         Match:   45 (382+ 337- 281=)
 Yomi AI            vs Piedra              Match:   30 (367+ 337- 296=)
 Yomi AI            vs Mixed Strategy      Match:  133 (442+ 309- 249=)
 Yomi AI            vs Multi-strategy      Match:  173 (471+ 298- 231=)
 Yomi AI            vs Inocencio           Match:   62 (391+ 329- 280=)
 Yomi AI            vs Peterbot            Match:    9 (356+ 347- 297=)
 Yomi AI            vs Bugbrain            Match:  -24 (320+ 344- 336=)
 Yomi AI            vs Knucklehead         Match:  364 (587+ 223- 190=)
Error: return value out of range.
Error: return value out of range.
Error: return value out of range.
Error: return value out of range.
Error: return value out of range.
Error: return value out of range.
Error: return value out of range.
 Final results (draw value = 50):

 Tournament results: 

    Player Name          total     1    2    3    4    5    6    7    8    9   10   11   12   13   14   15   16   17   18   19   20   21   22   23   24   25   26   27   28   29   30   31   32   33   34   35   36   37   38   39   40   41   42
  1 Iocaine Powder       10226     0   28   14   25   23    5  519  -27  185   90  229   60  -23  247   55    4   71  310   17   34    2    0  236    4  -16  123  148  153  284  101  527  115  315   -5  874  203  387  928  997  992  992 1000
  2 Phasenbott           10140   -28    0   17   28   32   45  531   16  136   56  210   41    7  241    5   29   85  249   20   71   15   57  248   51  -42   89  235  111  423   62  407   81  322   98  869  287  128  950  982  987  996  993
  3 Simple Modeller       9520   -14  -17    0   49   13  -20   -3   39  265   11   88    7  -12   68   70   48   52  295    5  -30   -5   68  181  -63  -43  245  798  219  -44   91  294  138  106  246  867  492  439  595  994  992  999  997
  4 MegaHAL               9449   -25  -28  -49    0   15   -5   84   47   24    2  237   31    3  261   78   31   65  236   -7  -28    0   90  179  -37   14  204  180  100   38  111  337  133  271  207  884  436  405  944  990  992  999 1000
  5 Biopic                8565   -23  -32  -13  -15    0   90  -34   32   63   33  132   29  -38   94   45  -23   53   98    7    1  -11   40  303   -7  -33   23  143   64  421  142  497  145   81  174  813  350  406  523  997  999  999  997
  6 Robertot              7977    -5  -45   20    5  -90    0  -88   56   73   -3   54   51    1   18   40   22   74   72  -32   21    5    3  287  -26  -12   -8   57   88   60   73  327  182   96   44  883  473  420  830  962  998  995  996
  7 RussRocker4           7841  -519 -531    3  -84   34   88    0   26  112   51  176   47   -5  148  -17   38   55  162  -12  -10   22   50  219  -61  -34  138  160  168  200  120  466   54  350  116  938  253  339  598  994  993  999  997
  8 Boom                  7311    27  -16  -39  -47  -32  -56  -26    0    3  -58   24   58  -26   44   55  -30   51  126  -53  -22    7   55  250   22   14    8   52   98  -35   29  456   99   98  246  445  403  358  753  991  990  995  994
  9 Simple Predictor      7222  -185 -136 -265  -24  -63  -73 -112   -3    0  -49   53   40  -33    5   40   29   62  134  -48  -63  -22   58  220  -79   19  300  612  273  -19   75  276  166  158  201  318  407  393  592  984  989  996  996
 10 ACT-R Lag2            6720   -90  -56  -11   -2  -33    3  -51   58   49    0  117   69   41  107   39  -54   45  104   35  -10   -6   80  310  -67   48  -22  736   18  -32  150  494  141   64  164  190  274  289  569  -13  991  994  988
 11 Marble                6604  -229 -210  -88 -237 -132  -54 -176  -24  -53 -117    0   22  -28   -4   70  -22   69   81  -23  -46  -59    7  259  -48  -48   16  373  112   55  139  358  175   78  222  928  232  430  591  996  996 1000  993
 12 Sweet Rocky           6530   -60  -41   -7  -31  -29  -51  -47  -58  -40  -69  -22    0  -19  -58    2  -22   46  -65  -45  -23  -37   -7  100  -14  -22   25  792   -9    3  105   94  174  355  179  312  168  384  590  994  994  994  995
 13 Shofar                6492    23   -7   12   -3   38   -1    5   26   33  -41   28   19    0   31   33  -24   29   79   25  -43    5  114  131  -63   24    5   52   89  -10   50  134  126   79  232  168  440  361  554  902  924  966  947
 14 Granite               6484  -247 -241  -68 -261  -94  -18 -148  -44   -5 -107    4   58  -31    0   24  -72   56   27  -84  -72  -70    0  343  -85  -32   51  626   73   30  189  268  185   85  132  898  170  369  594  994  993  999  995
 15 Piedra                5971   -55   -5  -70  -78  -45  -40   17  -55  -40  -39  -70   -2  -33  -24    0  -36   46  -44  -30  -47  -59  -20   76  -45  -28   37  -39   12  -22  113  325  172  370  191  295  278  394  593  995  992  996  995
 16 Bugbrain              5668    -4  -29  -48  -31   23  -22  -38   30  -29   54   22   22   24   72   36    0   43  188   24   15    7   91  105   24  -24   98   23   16  -50   60  113    8  106   93   94  158  138  429  925  950  992  960
 17 * Anti-rotn           5498   -71  -85  -52  -65  -53  -74  -55  -51  -62  -45  -69  -46  -29  -56  -46  -43    0  -47  -26  -17   15   54  234  -42  -48    9  722    1    5  260   69   55   10  340   33  483  216  597  489  999  999  990
 18 ZQ Bot                5197  -310 -249 -295 -236  -98  -72 -162 -126 -134 -104  -81   65  -79  -27   44 -188   47    0  -72  -59  -25   -7  204  -37   -7    8   86   30   26  175  272  142  274  112  854  310  343  592  989  997 1000  995
 19 Yomi AI               5140   -17  -20   -5    7   -7   32   12   53   48  -35   23   45  -25   84   30  -24   26   72    0   -5   19  133  173   30  -17  -13   62   19  255   43  364   99   23  101    9  168  155  464   33  727 1000  999
 20 Majikthise            4886   -34  -71   30   28   -1  -21   10   22   63   10   46   23   43   72   47  -15   17   59    5    0  -32   35  187  -14    6   26   48  -51   10   60  220  -32   59  122   47  320  140  439  -10  990  992  991
 21 Vroomfondel           4695    -2  -15    5    0   11   -5  -22   -7   22    6   59   37   -5   70   59   -7  -15   25  -19   32    0   24  168  -50   27   16   78   12   -6   98  235    7   -7  104   27  230  155  407  -29  991  994  985
 22 Mixed Strategy        4624     0  -57  -68  -90  -40   -3  -50  -55  -58  -80   -7    7 -114    0   20  -91  -54    7 -133  -35  -24    0   66  -46  -66  -37  -42   31   19   -8   86  188   68   67  299  177  364  474  961  960  992  996
 23 Multi-strategy        2533  -236 -248 -181 -179 -303 -287 -219 -250 -220 -310 -259 -100 -131 -343  -76 -105 -234 -204 -173 -187 -168  -66    0  -50  -20    1  -97  201  -21  113   -2  123   91  298  500  466  420  999  997  997  999  997
 24 * De Bruijn            764    -4  -51   63   37    7   26   61  -22   79   67   48   14   63   85   45  -24   42   37  -30   14   50   46   50    0   -1   15   10  -15   31   -9   13   23  -16   -7  -26    7   -3  128   -1   21    0 -109
 25 * Pi                   242    16   42   43  -14   33   12   34  -14  -19  -48   48   22  -24   32   28   24   48    7   17   -6  -27   66   20    1    0  -39   27  -32  -15  -42  -26  -81   18   12    5   38   19   30   22  -11  -11  -13
 26 * Add-drift          -1459  -123  -89 -245 -204  -23    8 -138   -8 -300   22  -16  -25   -5  -51  -37  -98   -9   -8   13  -26  -16   37   -1  -15   39    0   14  -21   15  -84   38   -9  -42   -6  -28   15   17  -21  -38   10   28  -29
 27 Inocencio            -1472  -148 -235 -798 -180 -143  -57 -160  -52 -612 -736 -373 -792  -52 -626   39  -23 -722  -86  -62  -48  -78   42   97  -10  -27  -14    0   71  338  173  226  160   78  129   -1  271  410  358 -775  985  983  978
 28 * Copy-drift         -1840  -153 -111 -219 -100  -64  -88 -168  -98 -273  -18 -112    9  -89  -73  -12  -16   -1  -30  -19   51  -12  -31 -201   15   32   21  -71    0  -20   -9  -28   24   35   -3  -35  -33   55  -27   -2   19  -22   37
 29 * Foxtrot            -1927  -284 -423   44  -38 -421  -60 -200   35   19   32  -55   -3   10  -30   22   50   -5  -26 -255  -10    6  -19   21  -31   15  -15 -338   20    0  -41   54  -44  -40   43  -19   28  -18   23  -29   13   15   27
 30 * Flat               -2550  -101  -62  -91 -111 -142  -73 -120  -29  -75 -150 -139 -105  -50 -189 -113  -60 -260 -175  -43  -60  -98    8 -113    9   42   84 -173    9   41    0    1  -20  -35  -54 -186  -18   22  249  196   41    0 -407
 31 Knucklehead          -2854  -527 -407 -294 -337 -497 -327 -466 -456 -276 -494 -358  -94 -134 -268 -325 -113  -69 -272 -364 -220 -235  -86    2  -13   26  -38 -226   28  -54   -1    0  -36   73   23  -70   24   86  156  980  873  960  972
 32 * Text               -2925  -115  -81 -138 -133 -145 -182  -54  -99 -166 -141 -175 -174 -126 -185 -172   -8  -55 -142  -99   32   -7 -188 -123  -23   81    9 -160  -24   44   20   36    0    2    2   27   54   27 -185  -74  -11 -185  111
 33 * Add-react          -3397  -315 -322 -106 -271  -81  -96 -350  -98 -158  -64  -78 -355  -79  -85 -370 -106  -10 -274  -23  -59    7  -68  -91   16  -18   42  -78  -35   40   35  -73   -2    0   41  -21   42   50  -20  -21   52    1    4
 34 * Switch A Lot       -3667     5  -98 -246 -207 -174  -44 -116 -246 -201 -164 -222 -179 -232 -132 -191  -93 -340 -112 -101 -122 -104  -67 -298    7  -12    6 -129    3  -43   54  -23   -2  -41    0  -96  -30   31   32  281   16   -3  -34
 35 Peterbot             -6039  -874 -869 -867 -884 -813 -883 -938 -445 -318 -190 -928 -312 -168 -898 -295  -94  -33 -854   -9  -47  -27 -299 -500   26   -5   28    1   35   19  186   70  -27   21   96    0  231  416  438  981  998  999  993
 36 Always Switchin'     -7259  -203 -287 -492 -436 -350 -473 -253 -403 -407 -274 -232 -168 -440 -170 -278 -158 -483 -310 -168 -320 -230 -177 -466   -7  -38  -15 -271   33  -28   18  -24  -54  -42   30 -231    0   41   57  485  -28   16  -23
 37 R-P-S 20-20-60       -9511  -387 -128 -439 -405 -406 -420 -339 -358 -393 -289 -430 -384 -361 -369 -394 -138 -216 -343 -155 -140 -155 -364 -420    3  -19  -17 -410  -55   18  -22  -86  -27  -50  -31 -416  -41    0 -396 -160   14 -399   16
 38 Beat Frequent Pick  -14031  -928 -950 -595 -944 -523 -830 -598 -753 -592 -569 -591 -590 -554 -594 -593 -429 -597 -592 -464 -439 -407 -474 -999 -128  -30   21 -358   27  -23 -249 -156  185   20  -32 -438  -57  396    0 -600    0  999  997
 39 Beat The Last Move  -17358  -997 -982 -994 -990 -997 -962 -994 -991 -984   13 -996 -994 -902 -994 -995 -925 -489 -989  -33   10   29 -961 -997    1  -22   38  775    2   29 -196 -980   74   21 -281 -981 -485  160  600    0    1 1000 1000
 40 Rotate R-P-S        -26146  -992 -987 -992 -992 -999 -998 -993 -990 -989 -991 -996 -994 -924 -993 -992 -950 -999 -997 -727 -990 -991 -960 -997  -21   11  -10 -985  -19  -13  -41 -873   11  -52  -16 -998   28  -14    0   -1    0    0 -720
 41 Good Ole Rock       -26269  -992 -996 -999 -999 -999 -995 -999 -995 -996 -994 -1000 -994 -966 -999 -996 -992 -999 -1000 -1000 -992 -994 -992 -999    0   11  -28 -983   22  -15    0 -960  185   -1    3 -999  -16  399 -999 -1000    0    0  999
 42 * Anti-Flat         -27595  -1000 -993 -997 -1000 -997 -996 -997 -994 -996 -988 -993 -995 -947 -995 -995 -960 -990 -995 -999 -991 -985 -996 -997  109   13   29 -978  -37  -27  407 -972 -111   -4   34 -993   23  -16 -997 -1000  720 -999    0

 Match results (draw <= 50): 

    Player Name           total  W  L  D   1  2  3  4  5  6  7  8  9 10 11 12 13 14 15 16 17 18 19 20 21 22 23 24 25 26 27 28 29 30 31 32 33 34 35 36 37 38 39 40 41 42
  1 Phasenbott              69  28  0 13   1  1  1  1  1  2  1  1  1  1  1  2  1  2  2  2  1  1  2  2  2  2  2  1  2  2  2  2  2  2  2  2  2  2  2  2  2  2  2  2  2  2
  2 Iocaine Powder          67  26  0 15   1  1  1  1  1  2  1  1  1  1  1  2  1  2  1  2  2  2  2  1  2  1  2  1  2  2  2  2  2  2  2  2  2  2  1  2  2  2  2  2  2  2
  3 MegaHAL                 65  24  0 17   1  1  1  1  1  2  1  1  1  1  1  1  1  1  1  2  1  2  2  1  2  2  2  1  2  1  2  2  2  2  2  2  2  2  2  2  2  2  2  2  2  2
  4 Biopic                  64  23  0 18   1  1  1  1  1  1  2  1  1  1  1  1  1  2  1  2  1  1  2  1  2  1  2  1  2  2  1  2  2  2  2  2  2  2  2  2  2  2  2  2  2  2
  5 Simple Modeller         64  24  1 16   1  1  1  1  1  1  1  1  1  1  1  1  1  2  1  2  1  2  2  0  2  2  2  1  2  1  2  2  2  2  2  2  2  2  2  2  2  2  2  2  2  2
  6 RussRocker4             62  25  4 12   0  0  0  1  1  1  2  1  1  1  1  2  1  2  1  2  1  1  2  0  2  1  2  1  2  2  2  2  2  2  2  2  2  2  2  2  2  2  2  2  2  2
  7 Robertot                61  22  2 17   1  1  1  0  1  0  1  1  2  1  1  1  1  2  1  2  2  1  1  1  2  1  2  1  2  2  1  2  2  2  2  2  2  2  1  2  2  2  2  2  2  2
  8 Bugbrain                59  18  0 23   1  1  1  1  1  1  1  1  1  1  1  2  1  1  1  1  1  1  2  1  1  2  2  1  1  1  2  2  2  1  2  2  2  2  2  1  2  2  2  2  2  2
  9 Boom                    58  20  3 18   1  1  1  1  1  1  0  1  1  0  1  0  1  1  1  1  2  2  1  1  2  2  2  1  2  1  1  2  2  2  2  2  1  2  2  2  2  2  2  2  2  2
 10 Yomi AI                 57  16  0 25   1  1  1  1  1  1  1  1  2  1  1  1  1  1  1  1  1  1  2  1  1  2  2  1  2  2  1  1  2  1  1  2  1  1  2  2  2  2  2  2  2  2
 11 Shofar                  57  17  1 23   1  1  1  1  1  1  1  1  1  1  1  1  1  1  1  1  1  1  1  0  1  2  2  1  2  1  1  2  2  2  2  2  1  2  2  2  2  2  2  2  2  2
 12 ACT-R Lag2              56  20  5 16   0  0  1  1  1  0  1  0  2  1  1  1  1  1  1  2  2  1  2  0  1  2  2  1  2  1  1  2  2  1  1  2  2  2  2  2  2  2  2  2  2  2
 13 Vroomfondel             55  14  0 27   1  1  1  1  1  1  1  1  1  1  1  1  1  1  1  2  1  2  2  1  1  1  1  1  2  1  1  1  2  1  1  2  2  1  2  1  2  2  2  2  2  2
 14 Simple Predictor        54  21  8 12   0  0  1  0  0  0  0  1  1  1  1  1  1  1  0  2  1  1  1  0  2  2  2  1  2  1  2  2  2  2  2  2  2  2  2  2  2  2  2  2  2  2
 15 Majikthise              53  14  2 25   0  1  1  1  1  1  1  1  1  1  1  1  1  2  1  1  1  1  2  1  1  1  2  1  1  1  1  1  2  0  1  2  2  2  2  1  2  2  2  2  2  2
 16 Marble                  51  20 10 11   0  0  0  0  0  0  0  1  1  1  1  0  0  0  1  1  1  2  1  1  2  1  2  1  2  2  1  2  2  2  2  2  2  2  2  2  2  2  2  2  2  2
 17 Sweet Rocky             50  15  6 20   1  0  1  1  1  1  0  1  0  1  1  0  1  1  1  1  1  1  0  1  1  1  0  1  2  1  1  2  2  1  2  2  2  2  2  2  2  2  2  2  2  2
 18 Piedra                  49  14  6 21   1  0  0  1  0  1  1  1  0  1  1  1  0  1  1  0  1  1  1  1  1  1  1  1  1  1  1  2  2  1  2  2  2  2  2  2  2  2  2  2  2  2
 19 Granite                 48  19 12 10   0  0  0  0  0  0  1  0  1  0  1  0  0  1  0  1  2  1  1  0  2  1  1  1  2  1  2  2  2  2  2  2  2  2  2  2  2  2  2  2  2  2
 20 * De Bruijn             46   7  2 32   0  1  1  1  2  2  1  1  1  1  2  2  1  2  1  1  1  1  2  1  1  1  1  1  1  1  1  1  1  1  1  1  1  1  1  1  1  1  2  0  1  1
 21 * Anti-rotn             44  14 11 16   0  0  0  0  0  0  0  1  0  1  1  1  1  0  1  0  1  1  0  1  1  2  1  1  2  1  1  1  2  1  2  2  2  1  2  2  2  2  2  2  2  2
 22 Mixed Strategy          43  13 11 17   0  1  0  1  0  1  1  0  0  0  0  0  1  0  1  1  1  1  1  1  0  1  1  0  1  1  1  2  2  1  2  2  1  2  2  2  2  2  2  2  2  2
 23 ZQ Bot                  42  16 15 10   0  0  0  0  0  0  0  0  0  0  0  0  1  0  0  0  2  1  1  1  1  1  1  1  2  1  1  2  2  1  2  2  2  2  2  2  2  2  2  2  2  2
 24 * Pi                    41   1  1 39   1  1  1  1  1  1  1  1  1  1  1  1  1  1  1  1  1  1  1  1  1  2  1  1  1  1  1  1  1  1  1  1  1  1  1  0  1  1  1  1  1  1
 25 Inocencio               36  14 19  8   0  0  0  0  0  0  0  1  0  0  0  0  0  0  1  0  0  1  0  1  0  1  0  1  1  2  1  1  2  2  0  2  2  2  2  2  2  2  2  2  2  2
 26 * Foxtrot               34   1  8 32   0  0  1  0  1  0  0  1  1  0  1  1  1  1  1  0  1  1  1  1  1  1  1  1  0  1  1  1  1  1  1  2  1  1  1  1  1  1  1  1  1  1
 27 * Add-drift             32   0  9 32   0  0  0  1  0  0  1  0  1  1  1  1  1  0  1  1  1  1  0  1  1  1  1  1  1  1  1  1  1  1  1  1  0  1  1  1  1  1  1  1  1  1
 28 Peterbot                32  10 19 12   0  0  0  0  0  0  0  0  0  1  0  0  1  0  1  0  0  0  0  1  1  0  0  1  1  1  1  1  0  1  2  2  2  1  2  1  2  2  2  2  2  2
 29 Multi-strategy          31  13 23  5   0  0  0  0  0  0  0  0  0  0  0  0  0  0  0  0  0  0  0  1  0  0  0  1  0  1  1  2  1  2  2  1  2  2  2  2  2  2  2  2  2  2
 30 * Copy-drift            29   2 14 25   0  0  0  0  0  0  0  1  0  1  0  1  1  0  2  0  1  1  0  1  1  1  1  1  0  1  1  1  0  1  1  1  1  1  1  1  1  1  1  1  1  2
 31 Beat The Last Move      23   6 24 11   0  0  0  0  0  0  0  0  0  1  0  1  1  0  1  0  0  0  0  1  0  0  0  1  2  1  1  0  0  1  1  0  0  1  0  2  0  2  2  2  1  2
 32 Knucklehead             23   7 25  9   0  0  0  0  0  0  0  0  0  0  0  0  0  0  0  0  0  0  0  1  0  0  0  1  0  0  1  0  1  1  2  1  1  2  1  1  1  2  2  2  2  2
 33 * Flat                  21   3 23 15   0  0  0  0  0  0  0  0  1  1  1  0  0  0  0  0  0  0  0  1  0  1  0  1  0  1  2  0  0  1  2  1  1  1  0  1  1  1  2  0  1  1
 34 * Add-react             20   1 22 18   0  0  0  0  0  0  0  0  0  1  0  0  1  0  0  0  0  0  0  1  1  0  0  1  0  1  1  1  0  1  1  0  1  1  1  1  1  1  1  1  2  1
 35 * Switch A Lot          20   2 23 16   0  1  0  0  0  0  1  0  0  0  0  0  0  0  0  0  0  0  0  1  0  0  0  1  0  1  1  0  0  1  2  1  2  1  1  1  1  1  1  1  1  1
 36 * Text                  20   3 24 14   0  0  0  0  0  0  0  1  0  0  0  0  1  0  1  0  0  0  0  1  0  0  0  2  0  1  1  1  0  1  0  1  1  1  1  1  2  0  0  2  1  1
 37 Always Switchin'        17   2 26 13   0  0  0  0  0  0  0  0  0  0  0  0  0  0  0  0  0  0  0  1  0  0  0  1  0  1  1  0  0  1  2  1  1  1  1  0  1  1  2  1  1  1
 38 Good Ole Rock           16   3 28 10   0  0  0  0  0  0  0  0  0  0  0  0  0  0  0  0  0  0  0  1  0  0  0  1  0  1  1  0  0  1  0  0  1  1  1  2  1  1  0  2  1  2
 39 Beat Frequent Pick      15   4 30  7   0  0  0  0  0  0  0  0  0  0  0  0  0  0  0  0  0  0  0  0  0  0  0  1  0  1  1  0  0  1  0  0  0  1  1  2  0  2  1  2  1  2
 40 * Anti-Flat             14   3 30  8   0  0  0  0  0  0  0  0  0  0  0  0  0  0  0  0  0  0  0  2  0  0  0  1  0  1  1  0  0  1  0  0  2  1  1  0  1  0  0  1  2  1
 41 Rotate R-P-S            13   0 28 13   0  0  0  0  0  0  0  0  0  0  0  0  0  0  0  0  0  0  0  1  0  0  0  1  0  1  1  0  0  1  1  0  1  0  1  1  1  1  1  0  1  1
 42 R-P-S 20-20-60          11   0 30 11   0  0  0  0  0  0  0  0  0  0  0  0  0  0  0  0  0  0  0  1  0  0  0  1  0  1  1  0  0  0  0  0  1  1  1  1  1  0  0  1  1  1


   Yomi AI is match ranked 10

 Tournament results:
    Player Name          total 
  1 Yomi AI               5140 
 15 * Anti-rotn           5498 
 19 Iocaine Powder       10226 
 20 Phasenbott           10140 
 21 MegaHAL               9449 
 22 RussRocker4           7841 
 23 Biopic                8565 
 24 Simple Modeller       9520 
 25 Simple Predictor      7222 
 26 Robertot              7977 
 27 Boom                  7311 
 28 Shofar                6492 
 29 ACT-R Lag2            6720 
 32 Granite               6484 
 33 Marble                6604 
 34 ZQ Bot                5197 
 35 Sweet Rocky           6530 
 36 Piedra                5971 
 41 Bugbrain              5668 

   Yomi is tournament ranked 19

