 Playing 1 tournaments with 1000 trials per match...

 Yomi AI            vs Good Ole Rock       Match: 1000 (1000+   0-   0=)
 Yomi AI            vs R-P-S 20-20-60      Match:  224 (492+ 268- 240=)
 Yomi AI            vs Rotate R-P-S        Match:  779 (889+ 110-   1=)
 Yomi AI            vs Beat The Last Move  Match:    9 (326+ 317- 357=)
 Yomi AI            vs Always Switchin'    Match:  167 (456+ 289- 255=)
 Yomi AI            vs Beat Frequent Pick  Match:  488 (689+ 201- 110=)
 Yomi AI            vs * Pi                Match:  -48 (322+ 370- 308=)
 Yomi AI            vs * Switch A Lot      Match:   72 (387+ 315- 298=)
 Yomi AI            vs * Flat              Match:   89 (385+ 296- 319=)
 Yomi AI            vs * Anti-Flat         Match:  751 (872+ 121-   7=)
 Yomi AI            vs * Foxtrot           Match:  388 (598+ 210- 192=)
 Yomi AI            vs * De Bruijn         Match:   48 (358+ 310- 332=)
 Yomi AI            vs * Text              Match:  119 (416+ 297- 287=)
 Yomi AI            vs * Anti-rotn         Match:  -16 (337+ 353- 310=)
 Yomi AI            vs * Copy-drift        Match:    0 (333+ 333- 334=)
 Yomi AI            vs * Add-react         Match:    5 (357+ 352- 291=)
 Yomi AI            vs * Add-drift         Match:   71 (375+ 304- 321=)
 Yomi AI            vs Iocaine Powder      Match:  -45 (322+ 367- 311=)
 Yomi AI            vs Phasenbott          Match:  -34 (320+ 354- 326=)
 Yomi AI            vs MegaHAL             Match:   25 (359+ 334- 307=)
 Yomi AI            vs RussRocker4         Match:  -35 (319+ 354- 327=)
 Yomi AI            vs Biopic              Match:  -34 (337+ 371- 292=)
 Yomi AI            vs Simple Modeller     Match:    9 (340+ 331- 329=)
 Yomi AI            vs Simple Predictor    Match:   57 (372+ 315- 313=)
 Yomi AI            vs Robertot            Match:    4 (354+ 350- 296=)
 Yomi AI            vs Boom                Match:   28 (349+ 321- 330=)
 Yomi AI            vs Shofar              Match:   10 (340+ 330- 330=)
 Yomi AI            vs ACT-R Lag2          Match:    2 (357+ 355- 288=)
 Yomi AI            vs Majikthise          Match:  -11 (314+ 325- 361=)
 Yomi AI            vs Vroomfondel         Match:   27 (364+ 337- 299=)
 Yomi AI            vs Granite             Match:   69 (424+ 355- 221=)
 Yomi AI            vs Marble              Match:   91 (413+ 322- 265=)
 Yomi AI            vs ZQ Bot              Match:   89 (429+ 340- 231=)
 Yomi AI            vs Sweet Rocky         Match:   38 (365+ 327- 308=)
 Yomi AI            vs Piedra              Match:   48 (379+ 331- 290=)
 Yomi AI            vs Mixed Strategy      Match:   45 (385+ 340- 275=)
 Yomi AI            vs Multi-strategy      Match:  167 (466+ 299- 235=)
 Yomi AI            vs Inocencio           Match:   67 (391+ 324- 285=)
 Yomi AI            vs Peterbot            Match:   71 (377+ 306- 317=)
 Yomi AI            vs Bugbrain            Match:   36 (349+ 313- 338=)
 Yomi AI            vs Knucklehead         Match:  437 (641+ 204- 155=)
 Final results (draw value = 50):

 Tournament results: 

    Player Name          total     1    2    3    4    5    6    7    8    9   10   11   12   13   14   15   16   17   18   19   20   21   22   23   24   25   26   27   28   29   30   31   32   33   34   35   36   37   38   39   40   41   42
  1 Iocaine Powder       11000     0   51   34   32  105    4  524   21  102  249  236   12   -2   -7  237   46   60  313   45   -5   40   20  327  188    8  -14  142  118  364  184  348   63  122  571  875  297  421  914  988  988  991  988
  2 MegaHAL              10302   -51    0  -62   25  -24   61   94   27   20   64  215   53  -13   15  213   39   60  258  -25  -36   21   91  132  946  -34   29   92  187   69  100  344  236  142  330  897  446  399  963  990  989 1000 1000
  3 Phasenbott            9895   -34   62    0   27   10   24  508   53   54  118  215   46   35   44  213  -30   41  274   34   -6   25   45  260  174   44  -19   51  122  396   86  321   40   84  413  873  247  151  940  984  998  993  979
  4 Biopic                8476   -32  -25  -27    0   25   -7  -24  -22   13   13  106    5  -18    9  162   50   40   43   34   10   -8   51  216  163   36   50   18   17  360  120   96  162  148  522  761  275  343  808  996  995  998  994
  5 Simple Modeller       8257  -105   24  -10  -25    0   39  -19    0  -33  271  101   91  -13   58   55   56   46  273   -9  -29  -19   99  218  270  -45  -54  283  283    5   46  107  221  132  298  288  434  351  593  990  992  997  997
  6 Boom                  8196    -4  -61  -24    7  -39    0  -41  -32  -44   -4   -8   19  -19   -3   80   35   47   70  -28  -24  -41   93  203  926  -24  -26   34   84   51  106  114  190  116  615  333  422  356  753  983  990  997  994
  7 RussRocker4           7748  -524  -94 -508   24   19   41    0    4   -6   88  141   50  -34   29  116   47   55  176   35    9   -4   22  283  132    0   18  146  124  225  111  328  106   73  469  950  236  291  592  992  990  999  997
  8 Robertot              7687   -21  -27  -53   22    0   32   -4    0  -37   33   74   51  -35  -11   54   54   72   63   -4    0   46   85  209    9    6  -16   55   26   42  123   96   60  162  502  367  466  395  835  967  993 1000  996
  9 ACT-R Lag2            6903  -102  -20  -54  -13   33   44    6   37    0   66  173  -16  -27   -2  140   41   47   61   -2   21   -2   44  359   64  -91  -48  -28   28  -56   80   94  126  107  531  198  243  316  576  944  995  994  996
 10 Simple Predictor      6812  -249  -64 -118  -13 -271    4  -88  -33  -66    0   37   61  -31   14   30   22   48  168  -57  -21  -40   45  179  144  -62  -14  251  323  -28   89   91  248  149  346  318  409  442  588  985  986  993  997
 11 Granite               6662  -236 -215 -215 -106 -101    8 -141  -74 -173  -37    0    2  -37  -53    6   34   68   58  -69  -53  -51   12  300  654  -83  -37   35  -14   73  156   85  172  178  323  890  308  415  594  994  997 1000  995
 12 Piedra                6486   -12  -53  -46   -5  -91  -19  -50  -51   16  -61   -2    0  -26  -86  -59  -51   32  -32  -48    0  -53   25  109  -28  -51  -15    4   52  -42  141  309  134  181  154  998  248  391  592  993  990 1000  998
 13 Shofar                6376     2   13  -35   18   13   19   34   35   27   31   37   26    0  -18   62   61   45   71  -10  -21   34   32   92   71  -47    7   59  -14   25  103   70   49   74  165  143  444  337  548  898  933  970  973
 14 Bugbrain              6312     7  -15  -44   -9  -58    3  -29   11    2  -14   53   86   18    0  101   50   41  134  -36    5   -6   40  136   75    1   -5   46  127    7   11   99   91   27  247  543  256  109  383  921  937  961 1000
 15 Marble                6025  -237 -213 -213 -162  -55  -80 -116  -54 -140  -30   -6   59  -62 -101    0   34   62   53  -91  -59  -29   44  340   23  -65   -2   20   47   34  238   98  128  174  307  928  167  418  591  989  993  999  994
 16 Sweet Rocky           5714   -46  -39   30  -50  -56  -35  -47  -54  -41  -22  -34   51  -61  -50  -34    0   69  -39  -38  -67  -36  -30   87  -65    3  -22   64   55   60  153   87   73  164   91  324  300  414  590  986  992  998  989
 17 * Anti-rotn           5611   -60  -60  -41  -40  -46  -47  -55  -72  -47  -48  -68  -32  -45  -41  -62  -69    0  -55   16  -54   26   60  232  775  -33  -37   -1  -26   18  227   32  315   57   84   41  520  157  597  497  998  998 1000
 18 ZQ Bot                5600  -313 -258 -274  -43 -273  -70 -176  -63  -61 -168  -58   32  -71 -134  -53   39   55    0  -89  -50    4    6  253  -45  -75   -8   32  127   60   99  386  126  158  302  942  324  371  592  992  988 1000  994
 19 Yomi AI               5307   -45   25  -34  -34    9   28  -35    4    2   57   69   48   10   36   91   38  -16   89    0  -11   27   45  167   67   48  -48    0   71  388   89    5   72  119  437   71  167  224  488    9  779 1000  751
 20 Majikthise            5161     5   36    6  -10   29   24   -9    0  -21   21   53    0   21   -5   59   67   54   50   11    0   -8   31  252   99  -15   20   18    6    9  117  -70  112   51  229   50  262  184  447    2  990  992  992
 21 Vroomfondel           4760   -40  -21  -25    8   19   41    4  -46    2   40   51   53  -34    6   29   36  -26   -4  -27    8    0   27  116   74  -29   -3    4   68   30   90   41  165   34  250  -39  256  109  481   27  993  995  997
 22 Mixed Strategy        4668   -20  -91  -45  -51  -99  -93  -22  -85  -44  -45  -12  -25  -32  -40  -44   30  -60   -6  -45  -31  -27    0   40   16  -75  -21   21   11   -6  -55  102  -13  170  152  308  195  354  482  962  940  987  985
 23 Multi-strategy        2697  -327 -132 -260 -216 -218 -203 -283 -209 -359 -179 -300 -109  -92 -136 -340  -87 -232 -253 -167 -252 -116  -40    0  -83  -50  -20  282    8   24  178   32  281  123   47  500  459  437  999  997  997  999  997
 24 Inocencio             1495  -188 -946 -174 -163 -270 -926 -132   -9  -64 -144 -654   28  -71  -75  -23   65 -775   45  -67  -99  -74  -16   83    0   -5  -47  151   57  311   81  108  131  162  156  171  222  427  364  919  980  976  980
 25 * De Bruijn            625    -8   34  -44  -36   45   24    0   -6   91   62   83   51   47   -1   65   -3   33   75  -48   15   29   75   50    5    0   -1   28   -6  -39  -36    5   -5   23    1   -6  -44   25  128   -1   21    0 -106
 26 * Pi                   247    14  -29   19  -50   54   26  -18   16   48   14   37   15   -7    5    2   22   37    8   48  -20    3   21   20   47    1    0  -42   -7   25  -21   -5    3  -81  -50   31   32   10   30   22  -11  -11  -11
 27 * Copy-drift         -1839  -142  -92  -51  -18 -283  -34 -146  -55   28 -251  -35   -4  -59  -46  -20  -64    1  -32    0  -18   -4  -21 -282 -151  -28   42    0  -24  -18   13   51   22   50 -106  -40  -24   -5   -5  -25  -12    3   46
 28 * Add-drift          -1999  -118 -187 -122  -17 -283  -84 -124  -26  -28 -323   14  -52   14 -127  -47  -55   26 -127  -71   -6  -68  -11   -8  -57    6    7   24    0  -33    9 -115   -1   37  -42   12   18   30  -29  -35   -6  -30   36
 29 * Foxtrot            -2539  -364  -69 -396 -360   -5  -51 -225  -42   56   28  -73   42  -25   -7  -34  -60  -18  -60 -388   -9  -30    6  -24 -311   39  -25   18   33    0   10    4  -13    2  -20  -49    1  -13  -37    3   -6  -47  -20
 30 * Flat               -2692  -184 -100  -86 -120  -46 -106 -111 -123  -80  -89 -156 -141 -103  -11 -238 -153 -227  -99  -89 -117  -90   55 -178  -81   36   21  -13   -9  -10    0  -58   22   -9   18 -125   49   30  261  211    0   -1 -442
 31 * Add-react          -3195  -348 -344 -321  -96 -107 -114 -328  -96  -94  -91  -85 -309  -70  -99  -98  -87  -32 -386   -5   70  -41 -102  -32 -108   -5    5  -51  115   -4   58    0    7   -2  -39  -44    2   -5  -25   28   28    1   59
 32 * Switch A Lot       -3221   -63 -236  -40 -162 -221 -190 -106  -60 -126 -248 -172 -134  -49  -91 -128  -73 -315 -126  -72 -112 -165   13 -281 -131    5   -3  -22    1   13  -22   -7    0   -1  -13 -165  -28   -6   18  324  -27    2   -2
 33 * Text               -3237  -122 -142  -84 -148 -132 -116  -73 -162 -107 -149 -178 -181  -74  -27 -174 -164  -57 -158 -119  -51  -34 -170 -123 -162  -23   81  -50  -37   -2    9    2    1    0   -6    3  -16   51 -185  -74  -11 -185  112
 34 Knucklehead          -3596  -571 -330 -413 -522 -298 -615 -469 -502 -531 -346 -323 -154 -165 -247 -307  -91  -84 -302 -437 -229 -250 -152  -47 -156   -1   50  106   42   20  -18   39   13    6    0  -35   63   43   91  912  633  982  999
 35 Peterbot             -6260  -875 -897 -873 -761 -288 -333 -950 -367 -198 -318 -890 -998 -143 -543 -928 -324  -41 -942  -71  -50   39 -308 -500 -171    6  -31   40  -12   49  125   44  165   -3   35    0  225  411  442  981  999  999  995
 36 Always Switchin'     -7458  -297 -446 -247 -275 -434 -422 -236 -466 -243 -409 -308 -248 -444 -256 -167 -300 -520 -324 -167 -262 -256 -195 -459 -222   44  -32   24  -18   -1  -49   -2   28   16  -63 -225    0  -38   28  501   31  -16  -83
 37 R-P-S 20-20-60       -8915  -421 -399 -151 -343 -351 -356 -291 -395 -316 -442 -415 -391 -337 -109 -418 -414 -157 -371 -224 -184 -109 -354 -437 -427  -25  -10    5  -30   13  -30    5    6  -51  -43 -411   38    0 -356 -132   -2 -373  293
 38 Beat Frequent Pick  -14276  -914 -963 -940 -808 -593 -753 -592 -835 -576 -588 -594 -592 -548 -383 -591 -590 -597 -592 -488 -447 -481 -482 -999 -364 -128  -30    5   29   37 -261   25  -18  185  -91 -442  -28  356    0 -600    0  999  996
 39 Beat The Last Move  -20122  -988 -990 -984 -996 -990 -983 -992 -967 -944 -985 -994 -993 -898 -921 -989 -986 -497 -992   -9   -2  -27 -962 -997 -919    1  -22   25   35   -3 -211  -28 -324   74 -912 -981 -501  132  600    0    1 1000  997
 40 Rotate R-P-S        -25733  -988 -989 -998 -995 -992 -990 -990 -993 -995 -986 -997 -990 -933 -937 -993 -992 -998 -988 -779 -990 -993 -940 -997 -980  -21   11   12    6    6    0  -28   27   11 -633 -999  -31    2    0   -1    0    0 -672
 41 Good Ole Rock       -26161  -991 -1000 -993 -998 -997 -997 -999 -1000 -994 -993 -1000 -1000 -970 -961 -999 -998 -998 -1000 -1000 -992 -995 -987 -999 -976    0   11   -3   30   47    1   -1   -2  185 -982 -999   16  373 -999 -1000    0    0  999
 42 * Anti-Flat         -27779  -988 -1000 -979 -994 -997 -994 -997 -996 -996 -997 -995 -998 -973 -1000 -994 -989 -1000 -994 -751 -992 -997 -985 -997 -980  106   11  -46  -36   20  442  -59    2 -112 -999 -995   83 -293 -996 -997  672 -999    0

 Match results (draw <= 50): 

    Player Name           total  W  L  D   1  2  3  4  5  6  7  8  9 10 11 12 13 14 15 16 17 18 19 20 21 22 23 24 25 26 27 28 29 30 31 32 33 34 35 36 37 38 39 40 41 42
  1 Iocaine Powder          68  27  0 14   1  1  2  2  1  2  1  1  1  1  1  2  1  1  1  2  1  1  2  2  2  1  2  2  1  2  2  2  2  2  2  2  2  2  2  2  2  2  2  2  2  2
  2 Phasenbott              66  25  0 16   1  1  2  1  2  2  1  1  1  1  1  2  1  1  1  2  1  1  2  1  2  1  2  2  1  2  2  2  2  2  2  2  2  1  2  2  2  2  2  2  2  2
  3 MegaHAL                 66  27  2 12   0  0  1  1  1  2  1  1  2  1  1  1  1  1  1  2  1  2  2  2  2  2  2  2  1  2  2  2  2  2  2  2  2  2  2  2  2  2  2  2  2  2
  4 Simple Modeller         63  24  2 15   0  1  1  1  1  1  1  1  1  1  2  1  1  1  2  2  1  2  2  1  2  2  2  2  0  1  2  2  2  2  2  2  1  2  2  2  2  2  2  2  2  2
  5 Robertot                62  22  1 18   1  0  1  1  1  1  1  1  1  1  1  1  1  1  2  1  1  2  2  2  2  2  2  1  1  1  2  2  2  1  2  2  2  2  2  2  2  2  2  2  2  2
  6 RussRocker4             61  23  3 15   0  0  0  1  1  1  1  1  1  1  1  1  1  1  1  2  1  1  2  2  2  1  2  2  1  2  2  2  2  2  2  2  2  2  2  2  2  2  2  2  2  2
  7 Yomi AI                 60  19  0 22   1  1  1  1  1  1  1  1  1  1  1  1  1  1  1  2  1  1  2  1  2  1  2  2  1  2  2  1  2  2  1  2  2  2  1  2  2  2  2  2  2  2
  8 Biopic                  60  19  0 22   1  1  1  1  1  1  1  1  1  1  1  1  1  1  1  1  1  1  2  1  2  2  1  2  1  2  2  1  2  1  2  2  2  2  2  2  2  2  2  2  2  2
  9 Boom                    60  20  1 20   1  1  0  1  1  1  1  1  1  1  1  1  1  1  1  1  1  1  1  1  2  2  2  2  1  2  2  1  2  2  2  2  2  2  2  2  2  2  2  2  2  2
 10 Shofar                  59  18  0 23   1  1  1  1  1  1  1  1  1  1  1  1  1  1  2  1  1  1  1  1  2  1  2  2  1  1  2  2  2  1  2  2  2  1  2  2  2  2  2  2  2  2
 11 Bugbrain                58  18  1 22   1  1  1  0  1  1  1  1  1  1  1  1  1  1  1  1  1  2  2  1  2  1  2  2  1  1  2  1  2  2  2  2  1  2  2  1  2  2  2  2  2  2
 12 ACT-R Lag2              56  19  4 18   0  0  1  1  1  1  1  1  1  1  1  1  1  1  1  2  0  1  2  1  2  1  2  2  1  0  2  1  2  1  2  2  2  2  2  2  2  2  2  2  2  2
 13 Majikthise              56  16  1 24   1  1  1  1  1  1  1  1  1  1  1  1  1  1  2  1  1  1  2  2  2  1  1  2  1  1  2  1  1  1  0  2  2  2  1  2  2  2  2  2  2  2
 14 Vroomfondel             55  14  0 27   1  1  1  1  1  1  1  1  1  1  1  1  1  1  1  1  1  2  2  1  1  1  1  2  1  1  2  1  1  2  1  2  2  2  1  1  2  2  2  2  2  2
 15 Sweet Rocky             55  19  5 17   1  1  1  0  0  1  1  1  1  0  1  1  0  1  1  1  1  2  1  2  1  1  1  0  1  2  2  2  2  2  2  2  2  2  2  2  2  2  2  2  2  2
 16 Simple Predictor        52  19  8 14   0  0  0  0  1  0  0  1  1  1  1  0  1  1  1  1  0  2  1  1  1  1  2  2  1  1  2  2  2  2  2  2  2  2  2  2  2  2  2  2  2  2
 17 * De Bruijn             48   8  1 32   1  1  1  1  1  1  1  1  1  1  1  2  1  1  1  2  1  2  2  1  2  2  2  1  1  1  1  1  1  1  1  1  1  1  1  1  1  2  1  1  0  1
 18 Piedra                  47  15  9 17   1  1  0  0  0  1  1  1  1  1  0  1  1  0  0  0  0  1  1  1  0  1  1  1  1  1  2  1  2  2  2  2  2  2  2  2  2  2  2  2  2  2
 19 Granite                 46  18 13 10   0  0  0  0  0  0  0  0  1  1  0  0  0  0  1  1  0  1  1  2  1  1  2  2  1  2  2  1  2  1  2  2  2  2  2  2  2  2  2  2  2  2
 20 * Anti-rotn             46  14  9 18   0  1  0  1  0  0  1  1  1  1  1  1  0  1  0  1  1  1  0  1  0  2  0  2  1  1  2  1  1  1  1  2  2  2  2  2  2  2  2  2  2  2
 21 Marble                  44  17 14 10   0  0  0  0  0  0  0  0  0  0  0  0  0  1  1  1  0  2  1  2  1  1  2  1  1  1  2  1  2  1  2  2  2  2  2  2  2  2  2  2  2  2
 22 Mixed Strategy          44  11  8 22   1  1  0  0  0  1  1  0  0  1  1  1  1  1  1  1  0  1  1  0  1  1  1  1  1  1  1  1  2  1  2  2  0  1  2  2  2  2  2  2  2  2
 23 ZQ Bot                  43  17 15  9   0  0  0  0  0  0  0  1  0  0  0  0  1  1  1  0  0  1  0  2  0  1  1  1  1  2  2  1  2  2  2  2  2  2  2  2  2  2  2  2  2  2
 24 Inocencio               43  18 16  7   0  0  0  0  1  0  0  0  0  0  0  0  0  0  2  0  1  1  0  0  1  1  1  1  1  2  2  2  2  2  2  2  2  2  2  2  2  2  2  2  2  2
 25 * Pi                    41   1  1 39   1  1  1  2  1  1  1  1  1  1  1  1  1  1  1  1  1  1  1  1  1  1  1  1  1  1  1  1  1  1  1  1  1  1  1  0  1  1  1  1  1  1
 26 * Foxtrot               31   1 11 29   0  0  0  1  1  0  0  0  0  1  1  2  1  1  0  1  1  1  0  1  1  1  0  0  1  1  1  1  1  1  1  1  1  1  1  1  1  1  1  1  1  1
 27 Multi-strategy          31  12 22  7   0  0  0  0  0  0  0  0  0  0  0  0  0  0  0  0  1  0  0  0  0  1  0  0  1  1  1  2  2  1  1  1  2  2  2  2  2  2  2  2  2  2
 28 * Copy-drift            30   1 12 28   0  0  0  0  0  0  1  1  1  0  1  1  1  1  0  0  1  1  1  1  1  1  1  0  1  1  0  1  1  1  2  0  1  1  1  1  1  1  1  1  1  1
 29 Peterbot                29   9 21 11   0  0  0  0  0  0  0  0  0  0  0  0  1  1  0  0  1  0  0  1  0  0  0  0  1  1  0  1  1  1  1  1  2  2  2  1  2  2  2  2  2  2
 30 * Add-drift             26   0 15 26   0  0  0  0  1  0  0  1  0  1  0  1  1  0  0  0  1  0  1  1  1  1  0  0  1  1  1  1  1  1  0  1  1  1  1  1  1  1  1  1  1  1
 31 * Add-react             25   4 20 17   0  0  0  0  0  0  1  0  0  0  0  0  2  1  0  0  1  0  0  1  0  0  0  0  1  1  1  0  1  2  1  1  2  1  1  1  1  1  1  1  2  1
 32 Knucklehead             25   7 23 11   0  0  0  0  0  0  0  0  0  0  0  0  0  0  0  0  1  0  0  0  0  0  0  0  1  1  1  2  1  1  1  1  1  1  2  1  2  2  2  2  2  1
 33 * Flat                  20   3 24 14   0  0  0  1  0  0  0  0  0  0  1  0  0  0  0  0  1  0  0  0  0  2  0  0  1  1  0  1  0  1  0  1  1  1  2  1  1  2  1  1  0  1
 34 * Switch A Lot          20   1 22 18   0  1  0  0  0  0  0  0  0  1  0  0  0  0  0  0  1  0  0  0  0  1  0  0  1  1  0  1  0  1  1  1  1  1  2  1  1  1  1  1  1  1
 35 Beat The Last Move      20   5 26 10   0  0  0  0  0  0  1  0  0  0  0  0  1  1  0  0  1  0  0  0  0  0  0  0  1  1  0  1  0  1  1  0  0  0  1  2  2  2  0  1  2  2
 36 * Text                  19   3 25 13   0  0  0  0  0  0  0  0  0  0  1  0  0  1  0  0  1  0  0  0  0  0  0  0  2  1  0  1  1  1  1  1  1  1  0  1  0  0  1  1  2  2
 37 Good Ole Rock           16   3 28 10   0  0  0  0  0  0  0  0  0  0  0  0  0  0  0  0  1  0  0  0  0  0  0  0  1  1  0  1  0  1  1  0  1  1  0  2  1  0  1  1  2  2
 38 Beat Frequent Pick      16   4 29  8   0  0  0  0  0  0  0  0  0  0  0  0  0  0  0  0  0  0  0  0  0  0  0  0  1  1  0  1  0  1  1  0  0  1  0  2  2  1  1  1  2  2
 39 Always Switchin'        15   1 27 13   0  0  0  0  0  0  0  0  0  0  0  0  0  0  0  0  1  0  0  0  0  0  0  0  1  1  0  1  0  1  1  0  1  1  2  1  1  1  1  1  0  1
 40 Rotate R-P-S            14   0 27 14   0  0  0  0  0  0  0  0  0  0  0  0  0  0  0  0  1  0  0  0  0  0  0  0  1  1  0  1  0  1  1  0  1  1  1  1  1  1  1  1  0  1
 41 * Anti-Flat             13   4 32  5   0  0  0  0  0  0  0  0  0  0  0  0  0  0  0  0  2  0  0  0  0  0  0  0  1  1  0  1  0  1  0  0  2  1  0  0  0  0  2  2  1  0
 42 R-P-S 20-20-60          13   1 29 11   0  0  0  0  0  0  0  0  0  0  0  0  0  0  0  0  1  0  0  0  0  0  0  0  1  1  0  1  0  1  1  1  1  1  0  0  0  0  1  1  2  1


   Yomi AI is match ranked 7

 Tournament results:
    Player Name          total 
  1 Yomi AI               5307 
 15 * Anti-rotn           5611 
 19 Iocaine Powder       11000 
 20 Phasenbott            9895 
 21 MegaHAL              10302 
 22 RussRocker4           7748 
 23 Biopic                8476 
 24 Simple Modeller       8257 
 25 Simple Predictor      6812 
 26 Robertot              7687 
 27 Boom                  8196 
 28 Shofar                6376 
 29 ACT-R Lag2            6903 
 32 Granite               6662 
 33 Marble                6025 
 34 ZQ Bot                5600 
 35 Sweet Rocky           5714 
 36 Piedra                6486 
 41 Bugbrain              6312 

   Yomi is tournament ranked 19

