 Playing 1 tournaments with 1000 trials per match...

 Yomi AI            vs Good Ole Rock       Match: 1000 (1000+   0-   0=)
 Yomi AI            vs R-P-S 20-20-60      Match:  223 (491+ 268- 241=)
 Yomi AI            vs Rotate R-P-S        Match:  768 (879+ 111-  10=)
 Yomi AI            vs Beat The Last Move  Match:   -4 (332+ 336- 332=)
 Yomi AI            vs Always Switchin'    Match:  140 (441+ 301- 258=)
 Yomi AI            vs Beat Frequent Pick  Match:  466 (675+ 209- 116=)
 Yomi AI            vs * Pi                Match:  -33 (329+ 362- 309=)
 Yomi AI            vs * Switch A Lot      Match:  109 (403+ 294- 303=)
 Yomi AI            vs * Flat              Match:   95 (380+ 285- 335=)
 Yomi AI            vs * Anti-Flat         Match:  689 (831+ 142-  27=)
 Yomi AI            vs * Foxtrot           Match:  389 (600+ 211- 189=)
 Yomi AI            vs * De Bruijn         Match:   20 (341+ 321- 338=)
 Yomi AI            vs * Text              Match:  123 (421+ 298- 281=)
 Yomi AI            vs * Anti-rotn         Match:   36 (348+ 312- 340=)
 Yomi AI            vs * Copy-drift        Match:   11 (337+ 326- 337=)
 Yomi AI            vs * Add-react         Match:   73 (373+ 300- 327=)
 Yomi AI            vs * Add-drift         Match:  -26 (321+ 347- 332=)
 Yomi AI            vs Iocaine Powder      Match:  -38 (307+ 345- 348=)
 Yomi AI            vs Phasenbott          Match:   -8 (337+ 345- 318=)
 Yomi AI            vs MegaHAL             Match:   82 (379+ 297- 324=)
 Yomi AI            vs RussRocker4         Match:  -11 (333+ 344- 323=)
 Yomi AI            vs Biopic              Match:  -18 (327+ 345- 328=)
 Yomi AI            vs Simple Modeller     Match:   63 (386+ 323- 291=)
 Yomi AI            vs Simple Predictor    Match:   56 (385+ 329- 286=)
 Yomi AI            vs Robertot            Match:   16 (363+ 347- 290=)
 Yomi AI            vs Boom                Match:   -3 (339+ 342- 319=)
 Yomi AI            vs Shofar              Match:   20 (338+ 318- 344=)
 Yomi AI            vs ACT-R Lag2          Match:    5 (350+ 345- 305=)
 Yomi AI            vs Majikthise          Match:  -35 (300+ 335- 365=)
 Yomi AI            vs Vroomfondel         Match:   -3 (340+ 343- 317=)
 Yomi AI            vs Granite             Match:  166 (470+ 304- 226=)
 Yomi AI            vs Marble              Match:   66 (411+ 345- 244=)
 Yomi AI            vs ZQ Bot              Match:   81 (413+ 332- 255=)
 Yomi AI            vs Sweet Rocky         Match:   60 (372+ 312- 316=)
 Yomi AI            vs Piedra              Match:   77 (396+ 319- 285=)
 Yomi AI            vs Mixed Strategy      Match:   18 (355+ 337- 308=)
 Yomi AI            vs Multi-strategy      Match:  196 (472+ 276- 252=)
 Yomi AI            vs Inocencio           Match:   77 (396+ 319- 285=)
 Yomi AI            vs Peterbot            Match:  -17 (330+ 347- 323=)
 Yomi AI            vs Bugbrain            Match:   58 (379+ 321- 300=)
 Yomi AI            vs Knucklehead         Match:  421 (620+ 199- 181=)
 Final results (draw value = 50):

 Tournament results: 

    Player Name          total     1    2    3    4    5    6    7    8    9   10   11   12   13   14   15   16   17   18   19   20   21   22   23   24   25   26   27   28   29   30   31   32   33   34   35   36   37   38   39   40   41   42
  1 Iocaine Powder       10740     0   36   59   28   24  205   37  539   16  251   41   43  258   20  281  -11   38   17   38   41   17   35  225   27  153  -71  156  164  359  335   -3  202  138  597  226  929  416  920  984  986  992  992
  2 Phasenbott           10242   -36    0   26   72   84  135   60  541   22  224   71   81  222  -20  250   49   46    5    8    8  133   44  248   38  202  -34   94   44  384  368   92  111   72  415  235  927  117  931  984  994  995 1000
  3 MegaHAL               9459   -59  -26    0   15    2   71    8   82   46  239   -3   19  229  -21  265   33   59   32  -82   -9   96   -4  199   -9  171  -67  200  100   46  290  236  128  189  372  436  894  375  934  988  990  998  997
  4 Simple Modeller       8860   -28  -72  -15    0   52  315   33  -17   -1   85   39   86   95    8  279   53   49   94  -63   15   20   19  181  -13  621  -37  264  280    2   99  260   51  133  260  423  315  405  594  989  992  999  996
  5 Biopic                8210   -24  -84   -2  -52    0   25  -12  -38   11   89    1   53  138    9   90   42   46   39   18   10   61  -36  249  -30  297   -5    6   74  402  -33  150  122  158  514  319  725  344  548  995  998  997  996
  6 Simple Predictor      7869  -205 -135  -71 -315  -25    0  -28  -62  -11   24  -43   47    0  -37  194   17   44   33  -56  -43   86   11  220  -62  709  -14  264  267  -16  138  197   67  149  281  452  866  371  592  984  986  996  997
  7 Robertot              7687   -37  -60   -8  -33   12   28    0   -3   15   48  -22   51   36    9   92  -34   72    2  -16  -64   11  -20  257    4   54    4   17   34   24   98  120   39  171  389  450  696  424  895  941  994 1000  997
  8 RussRocker4           7602  -539 -541  -82   17   38   62    3    0   37  174    5   57  185  -21  177   -9   51   16   11   -8   23   17  177  -27  104   21  150   84  168  328  126   83   92  522  297  907  325  592  992  993  998  997
  9 Boom                  7411   -16  -22  -46    1  -11   11  -15  -37    0   26  -32   36   94   39   12   -2   44   57    3  -30   75  -14  194  -12  156   12  -18   26    2  109  157   75  133  530  434  358  370  753  978  990  995  996
 10 Granite               6675  -251 -224 -239  -85  -89  -24  -48 -174  -26    0 -115    7   -6  -60   17  -76   57   81 -166  -61   58  -41  250 -118  655  -28   37   97   63   70  218  172  178  308  279  972  413  592  994  995  998  995
 11 ACT-R Lag2            6553   -41  -71    3  -39   -1   43   22   -5   32  115    0   35  161   -8   79    5   43   71   -5   13    6    4  158 -104   -7   16   -7   16  -18   24  123  146   67  486  227  246  304  570  865  987  998  994
 12 Sweet Rocky           6434   -43  -81  -19  -86  -53  -47  -51  -57  -36   -7  -35    0  -12  -49  -51  -24   67   15  -60  -35   44  -50   27   -7  -51  -39   20   41   50   48  160  187  165  194  354  963  420  594  992  993  996  997
 13 Marble                6368  -258 -222 -229  -95 -138    0  -36 -185  -94    6 -161   12    0  -58   39  -51   55   33  -66  -89   52  -24  128  -47  594    1   74   33   95   79  115  187  177  340  228  937  364  594  992  994  998  994
 14 Shofar                6275   -20   20   21   -8   -9   37   -9   21  -39   60    8   49   58    0   25  -29   19   36  -20   45   75   17  175  -21   56  -13   54  126   23   23   66   28  162   39  430  124  310  551  869  953  979  984
 15 ZQ Bot                6188  -281 -250 -265 -279  -90 -194  -92 -177  -12  -17  -79   51  -39  -25    0 -146   49   36  -81  -53   15  -46  209  -42  507  -45   93   47   20  327  139  188  178  327  260  994  387  591  995  997  994  997
 16 Bugbrain              5940    11  -49  -33  -53  -42  -17   34    9    2   76   -5   24   51   29  146    0   74   75  -58   -5  132   -5   94  -16   67    0   92   98  -53   97   82    7   71  153  249  221  153  390  895  972  977  995
 17 * Anti-rotn           5560   -38  -46  -59  -49  -46  -44  -72  -51  -44  -57  -43  -67  -55  -19  -49  -74    0  -60  -36  -61  -46  -23  240  -66  605  -59   10  -14  -35   32  295  229   53   66  516  500  155  598  490  996  998  990
 18 Piedra                5512   -17   -5  -32  -94  -39  -33   -2  -16  -57  -81  -71  -15  -33  -36  -36  -75   60    0  -77  -31   27  -55  115  -68  -10  -28   91   52   14  -64  138  121  157  133  290  320  402  592  990  992  993 1000
 19 Yomi AI               5408   -38   -8   82   63  -18   56   16  -11   -3  166    5   60   66   20   81   58   36   77    0   -3   18  -35  196   20   77  -33  -26   11  389   73  109   95  123  421  140  -17  223  466   -4  768 1000  689
 20 Vroomfondel           5117   -41   -8    9  -15  -10   43   64    8   30   61  -13   35   89  -45   53    5   61   31    3    0  -32   51  236  -21   69   21  -25   80   54  -50  105  118   52  216  274   22  135  450   19  994  997  992
 21 Mixed Strategy        4768   -17 -133  -96  -20  -61  -86  -11  -23  -75  -58   -6  -44  -52  -75  -15 -132   46  -27  -18   32    0  -73   47  -47  458  -49   -6  -43  -47   89  -13    7  175  109    8  316  302  509  960  979  983  975
 22 Majikthise            4745   -35  -44    4  -19   36  -11   20  -17   14   41   -4   50   24  -17   46    5   23   55   35  -51   73    0  149   15   69   42   23    4  -25   -7  121   99   44  214  249  -26  102  473   -7  996  993  989
 23 Multi-strategy        3113  -225 -248 -199 -181 -249 -220 -257 -177 -194 -250 -158  -27 -128 -175 -209  -94 -240 -115 -196 -236  -47 -149    0  -50  -85  -20  -35  211   30   39  271  204  123   23  467  500  418  999  997  997  999  999
 24 * De Bruijn            809   -27  -38    9   13   30   62   -4   27   12  118  104    7   47   21   42   16   66   68  -20   21   47  -15   50    0   22   -1   13   21    9  -11    6   26   23    3   -5  -18   15  128   -1   21    0  -98
 25 Inocencio              765  -153 -202 -171 -621 -297 -709  -54 -104 -156 -655    7   51 -594  -56 -507  -67 -605   10  -77  -69 -458  -69   85  -22    0   -8   73   88  296   51  112  227  161  205  202  146  442  365  949  983  984  982
 26 * Pi                   435    71   34   67   37    5   14   -4  -21  -12   28  -16   39   -1   13   45    0   59   28   33  -21   49  -42   20    1    8    0   11  -44   -2  -10   -6   32  -81   15   35   15   18   30   22  -11  -11  -12
 27 * Add-drift          -1621  -156  -94 -200 -264   -6 -264  -17 -150   18  -37    7  -20  -74  -54  -93  -92  -10  -91   26   25    6  -23   35  -13  -73  -11    0   66  -22   18  -24    4   18  -36   12  -17   19  -31  -15   13  -35   34
 28 * Copy-drift         -2086  -164  -44 -100 -280  -74 -267  -34  -84  -26  -97  -16  -41  -33 -126  -47  -98   14  -52  -11  -80   43   -4 -211  -21  -88   44  -66    0    1  -33  -42  -33   38    7  -19  -45  -39  -15    6   23    0   28
 29 * Foxtrot            -2343  -359 -384  -46   -2 -402   16  -24 -168   -2  -63   18  -50  -95  -23  -20   53   35  -14 -389  -54   47   25  -30   -9 -296    2   22   -1    0  -11  -20   -6   23   29   -8  -36    1   -7  -19  -30   -8  -38
 30 * Add-react          -2557  -335 -368 -290  -99   33 -138  -98 -328 -109  -70  -24  -48  -79  -23 -327  -97  -32   64  -73   50  -89    7  -39   11  -51   10  -18   33   11    0    3   15   18  -18  -12  -56  -20    2    3   39   -8   -7
 31 * Switch A Lot       -3086     3  -92 -236 -260 -150 -197 -120 -126 -157 -218 -123 -160 -115  -66 -139  -82 -295 -138 -109 -105   13 -121 -271   -6 -112    6   24   42   20   -3    0   21   -3  -26  -17 -131   -6    6  339   -6   28    2
 32 * Flat               -3147  -202 -111 -128  -51 -122  -67  -39  -83  -75 -172 -146 -187 -187  -28 -188   -7 -229 -121  -95 -118   -7  -99 -204  -26 -227  -32   -4   33    6  -15  -21    0  -30   28   56 -116  -37  208  204  -44    1 -465
 33 * Text               -3449  -138  -72 -189 -133 -158 -149 -171  -92 -133 -178  -67 -165 -177 -162 -178  -71  -53 -157 -123  -52 -175  -44 -123  -23 -161   81  -18  -38  -23  -18    3   30    0   -8    3    9   18 -185  -74  -11 -185  111
 34 Knucklehead          -3722  -597 -415 -372 -260 -514 -281 -389 -522 -530 -308 -486 -194 -340  -39 -327 -153  -66 -133 -421 -216 -109 -214  -23   -3 -205  -15   36   -7  -29   18   26  -28    8    0   48  -52   75  157  775  394  989 1000
 35 Always Switchin'     -7257  -226 -235 -436 -423 -319 -452 -450 -297 -434 -279 -227 -354 -228 -430 -260 -249 -516 -290 -140 -274   -8 -249 -467    5 -202  -35  -12   19    8   12   17  -56   -3  -48    0 -197   51   25  513   -1   -2 -108
 36 Peterbot             -7345  -929 -927 -894 -315 -725 -866 -696 -907 -358 -972 -246 -963 -937 -124 -994 -221 -500 -320   17  -22 -316   26 -500   18 -146  -15   17   45   36   56  131  116   -9   52  197    0  438  429  982  999  998 1000
 37 R-P-S 20-20-60       -8946  -416 -117 -375 -405 -344 -371 -424 -325 -370 -413 -304 -420 -364 -310 -387 -153 -155 -402 -223 -135 -302 -102 -418  -15 -442  -18  -19   39   -1   20    6   37  -18  -75  -51 -438    0 -390 -130   17 -366  133
 38 Beat Frequent Pick  -14054  -920 -931 -934 -594 -548 -592 -895 -592 -753 -592 -570 -594 -594 -551 -591 -390 -598 -592 -466 -450 -509 -473 -999 -128 -365  -30   31   15    7   -2   -6 -208  185 -157  -25 -429  390    0 -600    0  999  997
 39 Beat The Last Move  -19835  -984 -984 -988 -989 -995 -984 -941 -992 -978 -994 -865 -992 -992 -869 -995 -895 -490 -990    4  -19 -960    7 -997    1 -949  -22   15   -6   19   -3 -339 -204   74 -775 -513 -982  130  600    0    1 1000 1000
 40 Rotate R-P-S        -25557  -986 -994 -990 -992 -998 -986 -994 -993 -990 -995 -987 -993 -994 -953 -997 -972 -996 -992 -768 -994 -979 -996 -997  -21 -983   11  -13  -23   30  -39    6   44   11 -394    1 -999  -17    0   -1    0    0 -634
 41 Good Ole Rock       -26259  -992 -995 -998 -999 -997 -996 -1000 -998 -995 -998 -998 -996 -998 -979 -994 -977 -998 -993 -1000 -997 -983 -993 -999    0 -984   11   35    0    8    8  -28   -1  185 -989    2 -998  366 -999 -1000    0    0  998
 42 * Anti-Flat         -27481  -992 -1000 -997 -996 -996 -997 -997 -997 -996 -995 -994 -997 -994 -984 -997 -995 -990 -1000 -689 -992 -975 -989 -999   98 -982   12  -34  -28   38    7   -2  465 -111 -1000  108 -1000 -133 -997 -1000  634 -998    0

 Match results (draw <= 50): 

    Player Name           total  W  L  D   1  2  3  4  5  6  7  8  9 10 11 12 13 14 15 16 17 18 19 20 21 22 23 24 25 26 27 28 29 30 31 32 33 34 35 36 37 38 39 40 41 42
  1 Phasenbott              69  28  0 13   1  1  2  1  1  2  1  2  1  1  1  2  2  2  1  2  2  1  1  2  2  1  1  2  2  2  2  2  2  1  2  2  2  2  2  2  2  2  2  2  2  2
  2 Yomi AI                 64  23  0 18   1  1  2  1  2  1  1  1  2  1  1  1  1  2  1  2  2  2  1  2  2  1  1  1  2  2  2  1  1  1  2  2  2  1  2  2  2  2  2  2  2  2
  3 Simple Modeller         64  25  2 14   0  0  1  1  1  1  1  2  2  1  1  1  1  2  1  2  2  2  1  2  2  1  1  1  2  1  2  2  2  2  2  2  2  2  2  2  2  2  2  2  2  2
  4 Iocaine Powder          63  23  1 17   1  1  1  1  2  2  1  1  1  1  1  1  1  2  1  2  2  1  1  2  1  1  0  1  2  2  2  2  2  2  2  2  2  2  1  2  2  2  2  2  2  2
  5 MegaHAL                 62  24  3 14   1  0  1  0  1  2  1  1  1  1  1  1  1  2  1  2  2  1  1  2  1  2  0  2  2  1  2  2  2  2  2  2  2  2  2  2  2  2  2  2  2  2
  6 RussRocker4             62  24  3 14   0  1  1  0  0  1  1  1  1  1  1  1  1  2  1  2  2  1  1  2  2  2  1  1  2  2  2  2  2  2  2  2  2  2  2  2  2  2  2  2  2  2
  7 Vroomfondel             61  20  0 21   1  1  1  1  1  1  1  1  1  1  1  2  1  1  2  2  2  1  1  2  1  2  1  1  2  2  2  1  1  2  1  2  2  1  2  2  2  2  2  2  2  2
  8 Biopic                  60  21  2 18   0  1  0  1  1  1  1  1  1  1  1  1  1  1  1  2  2  1  1  2  2  1  1  2  2  2  2  2  1  2  1  2  2  2  2  2  2  2  2  2  2  2
  9 Bugbrain                60  22  3 16   1  0  0  1  1  1  1  1  1  1  1  1  1  1  1  2  2  2  1  2  1  2  1  2  2  0  2  2  2  2  2  2  1  2  2  2  2  2  2  2  2  2
 10 Boom                    59  18  0 23   1  1  1  1  1  1  1  1  1  1  1  1  1  1  1  1  2  2  1  1  1  1  1  2  2  1  2  2  1  1  2  2  2  2  2  2  2  2  2  2  2  2
 11 Shofar                  58  17  0 24   1  1  1  1  1  1  1  1  1  1  1  1  1  1  1  2  2  1  1  1  1  1  1  2  2  1  2  2  2  2  1  1  1  2  2  2  2  2  2  2  2  2
 12 Robertot                56  17  2 22   0  1  1  1  1  1  0  1  1  1  1  1  1  1  1  1  1  1  1  2  2  2  1  1  2  1  2  2  1  1  2  2  1  2  2  2  2  2  2  2  2  2
 13 ACT-R Lag2              56  17  2 22   0  1  1  1  1  1  1  1  1  1  1  1  1  1  1  2  2  2  0  2  1  1  1  1  1  1  2  2  1  1  1  2  2  2  2  2  2  2  2  2  2  2
 14 Simple Predictor        53  19  7 15   0  0  0  0  0  0  1  1  1  1  1  1  1  1  1  1  1  1  0  2  1  1  1  2  2  1  2  2  2  2  2  2  2  2  2  2  2  2  2  2  2  2
 15 Majikthise              53  13  1 27   1  1  1  1  1  1  0  1  1  1  1  1  1  1  1  1  1  2  1  1  1  1  1  2  2  1  2  1  1  1  1  2  2  1  2  1  2  2  2  2  2  2
 16 Granite                 49  20 12  9   0  0  0  0  0  0  0  0  0  1  0  1  0  1  1  1  1  2  0  1  1  2  1  2  2  2  2  2  1  2  2  2  2  2  2  2  2  2  2  2  2  2
 17 Marble                  48  19 12 10   0  0  0  0  0  0  0  0  0  0  0  1  0  1  1  1  1  1  1  1  1  2  1  2  2  2  2  2  2  1  2  2  2  2  2  2  2  2  2  2  2  2
 18 Piedra                  48  16  9 16   1  0  0  1  1  1  1  1  0  0  1  1  0  1  0  0  1  1  0  1  1  2  1  1  1  1  2  2  2  2  0  2  2  2  2  2  2  2  2  2  2  2
 19 * De Bruijn             46   6  1 34   1  1  1  1  1  1  1  1  1  1  1  1  2  2  1  2  1  2  1  1  1  2  1  1  1  1  1  1  1  1  1  1  1  1  1  1  1  2  1  0  1  1
 20 ZQ Bot                  46  17 12 12   0  0  0  0  0  0  0  0  0  1  1  0  0  0  1  1  1  1  1  1  2  1  1  1  2  1  2  2  2  1  2  2  2  2  2  2  2  2  2  2  2  2
 21 Sweet Rocky             46  13  8 20   0  0  0  1  1  0  1  0  1  1  1  0  1  1  1  1  1  1  1  0  1  2  1  1  0  1  1  2  1  1  1  2  2  2  2  2  2  2  2  2  2  2
 22 * Anti-rotn             44  14 11 16   1  1  1  1  0  0  0  1  0  1  1  0  1  1  1  0  0  0  0  1  0  1  0  1  2  1  2  2  1  1  1  2  2  2  2  2  2  2  2  2  2  2
 23 * Pi                    43   3  1 37   1  1  1  2  2  1  1  1  1  1  1  1  1  1  1  1  1  1  1  1  1  2  1  1  1  1  1  1  1  1  1  1  1  1  1  0  1  1  1  1  1  1
 24 Mixed Strategy          42  11 10 20   0  1  1  1  0  1  1  0  0  0  0  1  1  0  0  0  0  1  1  1  1  1  1  1  2  1  1  2  1  1  2  2  1  2  1  2  1  2  2  2  2  2
 25 Inocencio               40  18 19  4   0  0  0  0  0  0  0  0  0  0  0  0  1  0  0  0  0  1  1  0  2  0  1  0  1  2  2  2  2  2  2  2  2  2  2  2  2  2  2  2  2  2
 26 * Foxtrot               33   1  9 31   0  0  1  0  1  0  0  0  2  1  1  1  1  1  1  0  0  1  1  1  1  1  1  1  0  1  1  1  1  1  1  1  1  1  1  1  1  1  1  1  1  1
 27 Multi-strategy          32  12 21  8   0  0  0  0  0  0  0  0  0  0  0  0  0  0  0  0  0  0  1  0  1  0  1  1  0  1  1  2  1  2  1  1  2  2  2  2  2  2  2  2  2  2
 28 Peterbot                31  11 21  9   0  1  0  0  0  0  1  0  0  0  0  0  0  0  1  0  0  0  1  0  0  0  1  0  0  1  0  1  1  1  2  2  2  2  2  1  2  2  2  2  2  2
 29 * Add-drift             30   1 12 28   0  1  0  0  0  0  1  1  0  1  0  1  1  0  1  1  0  0  1  0  1  1  1  1  0  1  1  1  1  2  1  1  1  1  1  1  1  1  1  1  1  1
 30 * Copy-drift            27   0 14 27   1  1  0  0  0  0  0  0  0  1  0  1  1  0  1  0  1  0  1  1  1  1  1  1  0  1  0  1  0  1  1  1  1  1  1  1  1  1  1  1  1  1
 31 * Add-react             26   1 16 24   0  0  0  0  0  0  1  1  0  0  1  0  1  0  1  0  0  2  1  0  1  1  1  0  0  1  1  0  1  1  1  1  1  1  1  1  1  1  1  1  1  1
 32 Knucklehead             24   6 23 12   0  0  0  0  0  0  0  0  0  0  1  0  0  0  0  0  0  0  1  0  0  0  1  0  0  1  1  0  1  1  1  1  1  2  1  1  1  2  2  2  2  2
 33 * Flat                  22   3 22 16   0  0  0  0  0  0  0  0  1  0  1  1  0  0  0  0  0  0  1  0  0  0  1  1  0  1  0  0  1  1  1  1  1  2  1  1  2  2  1  0  1  1
 34 Beat The Last Move      20   5 26 10   0  1  0  0  0  0  1  0  0  0  0  0  0  0  1  0  0  0  1  0  0  0  1  0  0  1  0  0  1  1  1  0  0  1  0  2  0  2  2  2  1  2
 35 * Switch A Lot          19   1 23 17   0  0  0  1  0  0  0  0  0  0  0  0  0  0  0  0  0  0  1  0  0  0  1  1  0  1  0  0  1  1  1  1  1  2  1  1  1  1  1  1  1  1
 36 * Text                  17   2 26 13   0  0  0  0  0  0  0  0  0  0  0  0  0  0  1  0  0  0  1  0  0  0  2  0  0  1  0  1  1  1  1  1  1  0  1  1  1  0  0  2  1  1
 37 Always Switchin'        17   2 26 13   0  0  0  0  0  0  0  0  0  0  0  0  0  0  0  0  0  0  1  0  0  0  1  1  0  1  0  0  1  1  1  1  0  2  1  1  1  1  1  0  1  2
 38 Beat Frequent Pick      16   4 29  8   0  0  0  0  0  0  0  0  0  0  0  0  0  0  0  0  0  0  0  0  0  0  1  0  0  1  0  0  1  1  1  0  0  0  1  2  1  1  2  2  1  2
 39 Good Ole Rock           16   3 28 10   0  0  0  0  0  0  0  0  0  0  0  0  0  0  0  0  0  0  1  0  0  0  1  0  0  1  0  0  1  1  1  0  1  0  1  2  1  0  1  2  1  2
 40 * Anti-Flat             14   4 31  6   0  0  0  0  0  0  0  0  0  0  0  0  0  0  0  0  0  0  2  0  0  0  1  0  0  1  0  0  1  1  1  0  2  0  1  0  2  0  0  1  2  0
 41 Rotate R-P-S            14   0 27 14   0  0  0  0  0  0  0  0  0  0  0  0  0  0  0  0  0  0  1  0  0  0  1  0  0  1  0  0  1  1  1  0  1  1  1  1  1  1  1  0  1  1
 42 R-P-S 20-20-60          12   1 30 10   0  0  0  0  0  0  0  0  0  0  0  0  0  0  0  0  0  0  1  0  0  0  1  0  0  1  0  0  1  1  1  0  1  0  1  1  0  0  0  2  1  1


   Yomi AI is match ranked 2

 Tournament results:
    Player Name          total 
  1 Yomi AI               5408 
 15 * Anti-rotn           5560 
 19 Iocaine Powder       10740 
 20 Phasenbott           10242 
 21 MegaHAL               9459 
 22 RussRocker4           7602 
 23 Biopic                8210 
 24 Simple Modeller       8860 
 25 Simple Predictor      7869 
 26 Robertot              7687 
 27 Boom                  7411 
 28 Shofar                6275 
 29 ACT-R Lag2            6553 
 32 Granite               6675 
 33 Marble                6368 
 34 ZQ Bot                6188 
 35 Sweet Rocky           6434 
 36 Piedra                5512 
 41 Bugbrain              5940 

   Yomi is tournament ranked 19

