 Playing 1 tournaments with 1000 trials per match...

 Yomi AI            vs Good Ole Rock       Match: 1000 (1000+   0-   0=)
 Yomi AI            vs R-P-S 20-20-60      Match:  228 (478+ 250- 272=)
 Yomi AI            vs Rotate R-P-S        Match:  802 (841+  39- 120=)
 Yomi AI            vs Beat The Last Move  Match:   57 (370+ 313- 317=)
 Yomi AI            vs Always Switchin'    Match:  186 (457+ 271- 272=)
 Yomi AI            vs Beat Frequent Pick  Match:  445 (638+ 193- 169=)
 Yomi AI            vs * Pi                Match:  -23 (339+ 362- 299=)
 Yomi AI            vs * Switch A Lot      Match:  112 (401+ 289- 310=)
 Yomi AI            vs * Flat              Match:  100 (393+ 293- 314=)
 Yomi AI            vs * Anti-Flat         Match:  777 (817+  40- 143=)
 Yomi AI            vs * Foxtrot           Match:  340 (549+ 209- 242=)
 Yomi AI            vs * De Bruijn         Match:  -23 (321+ 344- 335=)
 Yomi AI            vs * Text              Match:  120 (414+ 294- 292=)
 Yomi AI            vs * Anti-rotn         Match:   80 (368+ 288- 344=)
 Yomi AI            vs * Copy-drift        Match:   -8 (334+ 342- 324=)
 Yomi AI            vs * Add-react         Match:   61 (362+ 301- 337=)
 Yomi AI            vs * Add-drift         Match:  -40 (304+ 344- 352=)
 Yomi AI            vs Iocaine Powder      Match:  -50 (312+ 362- 326=)
 Yomi AI            vs Phasenbott          Match:   50 (358+ 308- 334=)
 Yomi AI            vs MegaHAL             Match:   51 (362+ 311- 327=)
 Yomi AI            vs RussRocker4         Match:   22 (343+ 321- 336=)
 Yomi AI            vs Biopic              Match:   31 (365+ 334- 301=)
 Yomi AI            vs Simple Modeller     Match:   -3 (333+ 336- 331=)
 Yomi AI            vs Simple Predictor    Match:    6 (352+ 346- 302=)
 Yomi AI            vs Robertot            Match:   16 (334+ 318- 348=)
 Yomi AI            vs Boom                Match:   20 (348+ 328- 324=)
 Yomi AI            vs Shofar              Match:  -17 (327+ 344- 329=)
 Yomi AI            vs ACT-R Lag2          Match:   -6 (322+ 328- 350=)
 Yomi AI            vs Majikthise          Match:    0 (349+ 349- 302=)
 Yomi AI            vs Vroomfondel         Match:  -15 (320+ 335- 345=)
 Yomi AI            vs Granite             Match:  103 (427+ 324- 249=)
 Yomi AI            vs Marble              Match:   81 (418+ 337- 245=)
 Yomi AI            vs ZQ Bot              Match:  110 (434+ 324- 242=)
 Yomi AI            vs Sweet Rocky         Match:   69 (368+ 299- 333=)
 Yomi AI            vs Piedra              Match:   91 (393+ 302- 305=)
 Yomi AI            vs Mixed Strategy      Match:   19 (357+ 338- 305=)
 Yomi AI            vs Multi-strategy      Match:  197 (464+ 267- 269=)
 Yomi AI            vs Inocencio           Match:   78 (382+ 304- 314=)
 Yomi AI            vs Peterbot            Match:   45 (367+ 322- 311=)
 Yomi AI            vs Bugbrain            Match:   10 (336+ 326- 338=)
 Yomi AI            vs Knucklehead         Match:  428 (596+ 168- 236=)
 Final results (draw value = 50):

 Tournament results: 

    Player Name          total     1    2    3    4    5    6    7    8    9   10   11   12   13   14   15   16   17   18   19   20   21   22   23   24   25   26   27   28   29   30   31   32   33   34   35   36   37   38   39   40   41   42
  1 Iocaine Powder       11200     0  232   26   13   39  197  516   17   32   -8  215   61  224   19   77    5   50  297  107   32   40   44  278  486   38  -35  118  145  386  303  204   86   65  605  200  907  320  920  991  980  994  974
  2 Phasenbott            9740  -232    0   40   56   10  124  508   44   57   33  193   22  219   42   52   15  -50  265   37   -4   47   83  234  181   -1    0   63  116  397  287   88   65   76  414  206  998  152  947  985  989  994  988
  3 MegaHAL               9568   -26  -40    0  -26   26   85   94   26   34   -8  251   60  245  -27   35   63  -51  228   53   22    2   47  216  166  -43    6  228   51   49  228  143  142  268  349  438  904  409  952  985  989  999  996
  4 Simple Modeller       8614   -13  -56   26    0    1  275  -64  -12    8   49   31   41   86  -30   34   18    3  314   98  -21  -23   40  218  108  -73  -24  270  214  -11  120  133  139  290  329  455  709  360  595  993  997  999  988
  5 Biopic                8161   -39  -10  -26   -1    0   29    2  -67   22  -47  153   10   79  -31   20   20  -31   93   65  -47  -24   47  247  156  -29  -32   -2  106  426   78  202  118  219  530  346  690  335  567  996  996  998  997
  6 Simple Predictor      7783  -197 -124  -85 -275  -29    0 -109  -15   18    7    4   40  -29    1  -47   50   -6  180   15   11  -32   45  191  634  -73  -14  352  311    7  113   89  154  221  292  398  740  391  587  986  986  996  999
  7 RussRocker4           7770  -516 -508  -94   64   -2  109    0   30   54    1  141   43  113   21   -4   32  -22  176   95   17    1   40  271  108  -49  -12  109  158  175  349   83   87  121  447  280  941  336  591  994  993 1000  997
  8 Boom                  7270   -17  -44  -26   12   67   15  -30    0   -6    0   87   53   40    6  -50   -2  -20   17    4    3   21   42  337   22   11   -6   72   21    3   92    3  134  112  438  439  291  402  753  991  990  997  996
  9 Robertot              7038   -32  -57  -34   -8  -22  -18  -54    6    0  -32   64   52   39   19  -15   40  -16   43   32  -23  -12   31  167  -25   -9   -2    7   46  -32   77   38  167   95  358  511  399  422  857  967  996  998  998
 10 Bugbrain              6763     8  -33    8  -49   47   -7   -1    0   32    0   90   13   43  -22   30   58  -10  180   61  -17   16   48  109   66  -35   -8   91   54   -8   92   17   65  133  123  243  991  167  398  910  947  926  987
 11 Granite               6580  -215 -193 -251  -31 -153   -4 -141  -87  -64  -90    0   33   17  -56  -81   48 -103   62   17  -29   18   55  263  652 -102  -11   44   53   63   72  152  183  111  222  209  923  422  593  992  992 1000  995
 12 Piedra                6580   -61  -22  -60  -41  -10  -40  -43  -53  -52  -13  -33    0  -37  -38    1  -38  -91  -50   -2  -29  -47   64  103  -21  -34    6   49   60   -7  166  100  149  223  193  338 1000  378  593  994  992  995  998
 13 Marble                6577  -224 -219 -245  -86  -79   29 -113  -40  -39  -43  -17   37    0  -27 -149   37  -81   45  -13  -26  -16   52  221  648  -38  -30    8   19   48  117  182  177   93  295  246  844  392  592  992  995  998  995
 14 Shofar                6439   -19  -42   27   30   31   -1  -21   -6  -19   22   56   38   27    0   53   69   17   81   28  -28   -4   51   84   48   -2  -21   45  137   -3   72   16  175  202  115  429  139  278  557  868  936  977  997
 15 ACT-R Lag2            6203   -77  -52  -35  -34  -20   47    4   50   15  -30   81   -1  149  -53    0   37    6   67   93    8   28   11  266  629  -32   -9   34   13  -28   30  105   92  173  509  222   23  317  574    7  993  997  994
 16 Sweet Rocky           5751    -5  -15  -63  -18  -20  -50  -32    2  -40  -58  -48   38  -37  -69  -37    0  -69  -56    3  -32    3   74   73  -32  -36   -1  -10   31  -17  274  155  160  220  184  165  139  411  591  994  988  996  995
 17 Yomi AI               5550   -50   50   51   -3   31    6   22   20   16   10  103   91   81  -17   -6   69    0  110   19  -15    0   80  197   78  -23  -23  -40   -8  340   61  100  120  112  428  186   45  228  445   57  802 1000  777
 18 ZQ Bot                5417  -297 -265 -228 -314  -93 -180 -176  -17  -43 -180  -62   50  -45  -81  -67   56 -110    0    0  -22  -31   53  232  -36  -17  -22   42   60   -8  334  124  157  161  318  287  922  356  590  991  989  995  994
 19 Mixed Strategy        5045  -107  -37  -53  -98  -65  -15  -95   -4  -32  -61  -17    2   13  -28  -93   -3  -19    0    0  -20   -4   21   56   32  -32  -49   54  -14   -5   36   88  177   35  151  104  274  462  468  971  957  996  999
 20 Vroomfondel           4690   -32    4  -22   21   47  -11  -17   -3   23   17   29   29   26   28   -8   32   15   22   20    0  -13    4  183   57   25  -14   70   -1   28  -38   49   13  123  164  257   37  129  433  -21  997  991  997
 21 Majikthise            4636   -40  -47   -2   23   24   32   -1  -21   12  -16  -18   47   16    4  -28   -3    0   31    4   13    0   24  236   52   46   18   -1   34  -17   -5   36   35  142  217  213  -26  151  491   -4  991  994  979
 22 * Anti-rotn           4498   -44  -83  -47  -40  -47  -45  -40  -42  -31  -48  -55  -64  -52  -51  -11  -74  -80  -53  -21   -4  -24    0  271  -54  -46  -51  -34   28    1  -26  193   52  311   53  483   48  142  597  491  997  998 1000
 23 Multi-strategy        2498  -278 -234 -216 -218 -247 -191 -271 -337 -167 -109 -263 -103 -221  -84 -266  -73 -197 -232  -56 -183 -236 -271    0 -127  -50  -20  -23  237   13   26  121  123  293   54  468  500  346  999  997  997  999  998
 24 Inocencio             2348  -486 -181 -166 -108 -156 -634 -108  -22   25  -66 -652   21 -648  -48 -629   32  -78   36  -32  -57  -52   54  127    0  -15  -26    1  167  287   90  173  157   62  273  244  129  406  358  926  982  979  983
 25 * De Bruijn            675   -38    1   43   73   29   73   49  -11    9   35  102   34   38    2   32   36   23   17   32  -25  -46   46   50   15    0   -1    1  -21   45  -11   17   23  -35   21   -6   -6  -10  128   -1   21    0 -109
 26 * Pi                   246    35    0   -6   24   32   14   12    6    2    8   11   -6   30   21    9    1   23   22   49   14  -18   51   20   26    1    0   11  -24  -26   -2   -1  -81  -16  -13  -32   21    8   30   22  -11  -11  -10
 27 * Add-drift          -1482  -118  -63 -228 -270    2 -352 -109  -72   -7  -91  -44  -49   -8  -45  -34   10   40  -42  -54  -70    1   34   23   -1   -1  -11    0   54   -9   18   40   -1  -48  -39    5  -35  -17   36   54    9   -9   19
 28 * Copy-drift         -2001  -145 -116  -51 -214 -106 -311 -158  -21  -46  -54  -53  -60  -19 -137  -13  -31    8  -60   14    1  -34  -28 -237 -167   21   24  -54    0  -17   25   -6   41   39  -56   -3  -32   21   13  -20  -12   16   37
 29 * Foxtrot            -2138  -386 -397  -49   11 -426   -7 -175   -3   32    8  -63    7  -48    3   28   17 -340    8    5  -28   17   -1  -13 -287  -45   26    9   17    0  -16   23  -22   -8   -3    7  -22  -46   -1    6   -4   32   -4
 30 * Add-react          -2671  -303 -287 -228 -120  -78 -113 -349  -92  -77  -92  -72 -166 -117  -72  -30 -274  -61 -334  -36   38    5   26  -26  -90   11    2  -18  -25   16    0   10   65   26  -33    5  -45   42    9   39  -40  154   59
 31 * Flat               -2718  -204  -88 -143 -133 -202  -89  -83   -3  -38  -17 -152 -100 -182  -16 -105 -155 -100 -124  -88  -49  -36 -193 -121 -173  -17    1  -40    6  -23  -10    0    0   -2   14   40 -169   34  246  222  -15   -1 -410
 32 * Text               -3357   -86  -65 -142 -139 -118 -154  -87 -134 -167  -65 -183 -149 -177 -175  -92 -160 -120 -157 -177  -13  -35  -52 -123 -157  -23   81    1  -41   22  -65    0    0    1  -99  -12   28   20 -185  -74  -11 -185  112
 33 * Switch A Lot       -3645   -65  -76 -268 -290 -219 -221 -121 -112  -95 -133 -111 -223  -93 -202 -173 -220 -112 -161  -35 -123 -142 -311 -293  -62   35   16   48  -39    8  -26    2   -1    0  -39   16 -135  -35   18  315   75  -30  -12
 34 Knucklehead          -3840  -605 -414 -349 -329 -530 -292 -447 -438 -358 -123 -222 -193 -295 -115 -509 -184 -428 -318 -151 -164 -217  -53  -54 -273  -21   13   39   56    3   33  -14   99   39    0   -5  -22   50  155  268  549  996  983
 35 Always Switchin'     -7103  -200 -206 -438 -455 -346 -398 -280 -439 -511 -243 -209 -338 -246 -429 -222 -165 -186 -287 -104 -257 -213 -483 -468 -244    6   32   -5    3   -7   -5  -40   12  -16    5    0 -219   14    8  502    8   19  -53
 36 Peterbot             -7179  -907 -998 -904 -709 -690 -740 -941 -291 -399 -991 -923 -1000 -844 -139  -23 -139  -45 -922 -274  -37   26  -48 -500 -129    6  -21   35   32   22   45  169  -28  135   22  219    0  346  426  982  998 1000 1000
 37 R-P-S 20-20-60       -9051  -320 -152 -409 -360 -335 -391 -336 -402 -422 -167 -422 -378 -392 -278 -317 -411 -228 -356 -462 -129 -151 -142 -346 -406   10   -8   17  -21   46  -42  -34  -20   35  -50  -14 -346    0 -385 -148   -1 -429   51
 38 Beat Frequent Pick  -14151  -920 -947 -952 -595 -567 -587 -591 -753 -857 -398 -593 -593 -592 -557 -574 -591 -445 -590 -468 -433 -491 -597 -999 -358 -128  -30  -36  -13    1   -9 -246  185  -18 -155   -8 -426  385    0 -600    0  999  996
 39 Beat The Last Move  -18619  -991 -985 -985 -993 -996 -986 -994 -991 -967 -910 -992 -994 -992 -868   -7 -994  -57 -991 -971   21    4 -491 -997 -926    1  -22  -54   20   -6  -39 -222   74 -315 -268 -502 -982  148  600    0    1 1000 1000
 40 Rotate R-P-S        -25712  -980 -989 -989 -997 -996 -986 -993 -990 -996 -947 -992 -992 -995 -936 -993 -988 -802 -989 -957 -997 -991 -997 -997 -982  -21   11   -9   12    4   40   15   11  -75 -549   -8 -998    1    0   -1    0    0 -674
 41 Good Ole Rock       -26367  -994 -994 -999 -999 -998 -996 -1000 -997 -998 -926 -1000 -995 -998 -977 -997 -996 -1000 -995 -996 -991 -994 -998 -999 -979    0   11    9  -16  -32 -154    1  185   30 -996  -19 -1000  429 -999 -1000    0    0 1000
 42 * Anti-Flat         -27606  -974 -988 -996 -988 -997 -999 -997 -996 -998 -987 -995 -998 -995 -997 -994 -995 -777 -994 -999 -997 -979 -1000 -998 -983  109   10  -19  -37    4  -59  410 -112   12 -983   53 -1000  -51 -996 -1000  674 -1000    0

 Match results (draw <= 50): 

    Player Name           total  W  L  D   1  2  3  4  5  6  7  8  9 10 11 12 13 14 15 16 17 18 19 20 21 22 23 24 25 26 27 28 29 30 31 32 33 34 35 36 37 38 39 40 41 42
  1 Iocaine Powder          68  27  0 14   1  2  1  1  2  1  1  1  1  1  1  2  2  1  2  1  1  2  2  2  2  1  2  1  1  2  2  2  2  2  2  2  2  2  2  2  2  2  2  2  2  2
  2 Phasenbott              67  27  1 13   0  1  1  1  2  1  1  1  2  1  2  2  2  1  1  1  1  2  2  1  2  1  2  2  1  2  2  2  2  2  2  2  2  2  2  2  2  2  2  2  2  2
  3 MegaHAL                 65  25  1 15   1  1  1  0  2  1  1  1  1  1  1  1  2  1  2  1  2  2  2  2  2  1  2  1  1  1  2  2  2  2  2  2  2  2  2  2  2  2  2  2  2  2
  4 Yomi AI                 63  22  0 19   1  1  2  1  1  1  1  1  1  1  1  1  1  1  2  1  2  2  2  1  2  1  2  2  1  2  1  2  1  2  1  2  2  2  2  2  2  2  2  2  2  2
  5 RussRocker4             63  25  3 13   0  0  0  1  1  1  1  1  2  1  2  1  2  1  1  1  1  2  2  2  2  1  2  1  1  2  2  2  2  2  2  2  2  2  2  2  2  2  2  2  2  2
  6 Biopic                  61  21  1 19   1  1  1  1  1  1  1  1  1  0  1  1  1  1  1  1  1  2  2  2  2  1  2  1  1  2  1  2  2  2  2  2  2  2  2  2  2  2  2  2  2  2
  7 Bugbrain                61  20  0 21   1  1  1  1  1  1  1  1  1  1  1  1  1  1  1  1  2  1  2  2  2  1  2  1  1  1  2  2  2  2  2  2  1  2  2  2  2  2  2  2  2  2
  8 Shofar                  60  19  0 22   1  1  1  1  1  1  1  1  1  1  1  2  1  1  1  1  2  1  2  1  2  1  1  2  1  1  1  2  2  2  2  2  1  2  2  2  2  2  2  2  2  2
  9 Simple Modeller         59  21  3 17   1  0  1  1  0  1  1  1  1  1  1  1  2  1  1  1  1  2  1  2  2  0  2  1  1  1  2  2  2  2  2  2  2  2  2  2  2  2  2  2  2  2
 10 Boom                    58  17  0 24   1  1  1  1  1  2  1  1  1  1  1  1  1  1  2  1  1  1  2  1  1  1  1  1  1  1  2  2  2  2  1  2  1  2  2  2  2  2  2  2  2  2
 11 Robertot                54  15  2 24   1  0  1  1  0  1  1  1  1  1  1  1  1  1  2  1  1  1  2  1  1  1  1  1  1  1  1  2  2  2  1  2  1  2  2  2  2  2  2  2  2  2
 12 ACT-R Lag2              54  16  3 22   0  0  1  1  1  1  1  0  1  1  1  1  1  1  1  1  1  2  2  2  2  1  2  1  1  1  1  2  1  1  1  2  2  2  1  2  2  2  2  2  2  2
 13 Simple Predictor        53  18  6 17   0  0  0  1  0  1  1  1  0  1  1  1  1  1  1  1  1  1  1  1  2  0  2  1  1  1  2  2  2  2  2  2  2  2  2  2  2  2  2  2  2  2
 14 Vroomfondel             52  11  0 30   1  1  1  1  1  1  1  1  1  1  1  1  1  1  1  1  1  1  1  1  1  1  2  1  1  1  2  2  1  1  1  2  1  2  1  1  2  2  2  2  2  2
 15 Piedra                  52  16  5 20   0  1  0  0  1  1  1  1  1  0  0  1  1  1  1  1  1  1  1  1  1  1  1  2  1  1  1  2  2  2  2  2  2  2  2  2  2  2  2  2  2  2
 16 Majikthise              51  10  0 31   1  1  1  1  1  1  1  1  1  1  1  1  1  1  1  1  1  1  1  1  1  1  2  1  1  1  1  2  1  1  1  2  1  2  1  1  2  2  2  2  2  2
 17 Sweet Rocky             51  15  5 21   1  1  0  0  1  1  0  0  1  1  1  1  1  1  1  1  1  1  1  1  0  1  1  2  1  1  1  2  2  2  1  2  2  2  2  2  2  2  2  2  2  2
 18 Marble                  49  16  8 17   0  0  0  0  0  0  1  1  0  1  1  0  1  1  1  1  1  1  1  1  1  1  2  2  1  1  1  2  2  2  1  2  2  2  2  2  2  2  2  2  2  2
 19 Granite                 48  19 12 10   0  0  0  0  0  0  0  0  1  0  0  0  1  1  1  1  1  1  1  1  2  0  2  2  1  2  1  2  2  2  2  2  2  2  2  2  2  2  2  2  2  2
 20 Mixed Strategy          47  13  7 21   0  1  0  1  0  0  0  1  0  1  1  0  1  1  1  1  1  1  1  1  1  1  1  1  1  1  2  2  2  1  1  2  2  1  2  2  2  2  2  2  2  2
 21 ZQ Bot                  46  17 12 12   0  0  0  0  0  0  0  0  0  1  1  0  0  1  1  1  2  1  0  1  1  1  1  2  1  1  1  2  2  2  2  2  2  2  2  2  2  2  2  2  2  2
 22 * De Bruijn             44   4  1 36   1  1  1  1  1  1  1  1  2  1  1  1  2  1  1  1  1  1  2  1  1  1  1  1  1  1  1  1  1  1  1  1  1  1  1  1  1  2  1  1  0  1
 23 Inocencio               44  17 14 10   0  0  0  0  0  0  0  1  0  1  1  0  0  0  1  0  1  0  0  1  1  1  1  2  1  2  1  2  2  2  2  2  2  2  2  2  2  2  2  2  2  2
 24 * Anti-rotn             43  12 10 19   1  0  1  0  1  1  1  0  1  1  1  1  1  1  0  1  0  0  0  1  0  1  0  1  0  1  1  2  1  1  1  2  2  2  2  2  2  2  2  2  2  2
 25 * Pi                    41   1  1 39   1  1  1  1  1  1  1  1  1  1  1  1  1  1  1  1  1  1  1  1  1  1  1  2  1  1  1  1  1  1  1  1  1  1  1  0  1  1  1  1  1  1
 26 * Foxtrot               34   0  7 34   0  0  1  0  0  0  1  1  1  1  1  1  1  1  1  1  1  1  0  1  1  1  0  1  1  1  1  1  1  1  1  1  1  1  1  1  1  1  1  1  1  1
 27 * Add-drift             33   2 10 29   0  0  0  1  0  1  0  1  0  0  1  1  0  0  1  1  1  1  1  0  1  1  1  1  1  1  1  1  1  1  2  1  1  1  2  1  1  1  1  1  1  1
 28 Multi-strategy          31  13 23  5   0  0  0  0  0  0  0  0  0  0  0  0  0  0  0  0  0  0  0  0  0  1  0  0  1  1  1  1  2  1  2  2  2  2  2  2  2  2  2  2  2  2
 29 Peterbot                31   9 19 13   0  0  0  1  0  0  0  0  0  0  0  1  0  1  0  1  0  0  0  0  0  1  0  1  1  1  1  0  1  1  1  1  2  2  2  1  2  2  2  2  2  2
 30 * Add-react             26   3 18 20   0  0  0  0  0  0  0  0  0  0  0  1  0  1  0  1  0  0  0  1  0  1  0  1  1  1  1  1  1  1  1  1  1  1  1  2  1  1  2  1  2  1
 31 * Copy-drift            25   0 16 25   0  0  0  1  0  0  0  0  0  1  1  1  0  1  0  1  1  1  0  1  0  1  0  1  1  1  0  0  1  1  1  0  1  1  1  1  1  1  1  1  1  1
 32 Knucklehead             24   7 24 10   0  0  0  0  0  0  0  0  0  0  0  0  0  0  0  0  0  0  0  0  0  1  0  0  1  1  1  0  1  1  2  1  1  1  2  2  1  2  2  1  2  2
 33 * Flat                  23   2 20 19   0  0  0  0  0  0  1  1  0  1  1  0  0  1  0  1  0  0  0  0  0  1  0  0  1  1  1  0  0  1  1  1  1  1  2  1  1  2  1  1  0  1
 34 * Switch A Lot          19   2 24 15   0  0  0  0  0  0  0  0  0  0  0  0  0  0  0  0  0  0  0  1  0  1  0  0  1  1  1  0  0  1  1  1  1  1  2  1  1  1  1  1  1  2
 35 Beat The Last Move      19   5 27  9   0  0  0  0  0  0  0  0  0  0  0  1  0  1  0  1  0  0  0  0  0  1  0  0  1  1  0  0  0  1  1  0  0  0  1  2  0  2  2  2  2  1
 36 * Text                  16   2 27 12   0  0  0  0  0  0  0  0  0  0  0  0  0  1  0  1  0  0  0  0  0  1  0  0  2  1  1  0  1  0  1  0  1  1  0  1  1  0  0  1  2  1
 37 Always Switchin'        16   1 26 14   0  0  0  0  0  0  0  0  0  0  0  0  0  0  0  0  0  0  0  0  0  1  0  0  1  1  1  0  0  1  1  1  1  1  2  1  1  1  1  1  0  1
 38 Beat Frequent Pick      16   4 29  8   0  0  0  0  0  0  0  0  0  0  0  0  0  0  0  0  0  0  0  0  0  0  0  0  1  1  1  0  0  1  1  0  0  1  0  2  1  1  2  2  2  1
 39 Good Ole Rock           15   3 29  9   0  0  0  0  0  0  0  0  0  0  0  0  0  0  0  0  0  0  0  0  0  1  0  0  1  1  1  0  0  0  1  0  1  1  0  2  1  0  1  2  2  1
 40 R-P-S 20-20-60          14   1 28 12   0  0  0  0  0  0  0  0  0  0  0  0  0  0  0  0  0  0  0  0  0  1  0  0  1  1  1  0  0  1  1  1  1  1  0  1  1  0  0  1  2  1
 41 * Anti-Flat             13   4 32  5   0  0  0  0  0  0  0  0  0  0  0  0  0  0  0  0  0  0  0  0  0  2  0  0  1  1  1  0  0  0  1  0  2  1  0  0  2  0  0  0  1  2
 42 Rotate R-P-S            13   0 28 13   0  0  0  0  0  0  0  0  0  0  0  0  0  0  0  0  0  0  0  0  0  1  0  0  1  1  1  0  0  1  1  0  1  0  1  1  1  1  1  1  0  1


   Yomi AI is match ranked 4

 Tournament results:
    Player Name          total 
  1 Yomi AI               5550 
 19 Iocaine Powder       11200 
 20 Phasenbott            9740 
 21 MegaHAL               9568 
 22 RussRocker4           7770 
 23 Biopic                8161 
 24 Simple Modeller       8614 
 25 Simple Predictor      7783 
 26 Robertot              7038 
 27 Boom                  7270 
 28 Shofar                6439 
 29 ACT-R Lag2            6203 
 32 Granite               6580 
 33 Marble                6577 
 35 Sweet Rocky           5751 
 36 Piedra                6580 
 41 Bugbrain              6763 

   Yomi is tournament ranked 17

