 Playing 1 tournaments with 1000 trials per match...

 Yomi AI            vs Good Ole Rock       Match: 1000 (1000+   0-   0=)
 Yomi AI            vs R-P-S 20-20-60      Match:  128 (420+ 292- 288=)
 Yomi AI            vs Rotate R-P-S        Match:  478 (618+ 140- 242=)
 Yomi AI            vs Beat The Last Move  Match:  -27 (333+ 360- 307=)
 Yomi AI            vs Always Switchin'    Match:  154 (424+ 270- 306=)
 Yomi AI            vs Beat Frequent Pick  Match:  360 (588+ 228- 184=)
 Yomi AI            vs * Pi                Match:   34 (366+ 332- 302=)
 Yomi AI            vs * Switch A Lot      Match:   61 (378+ 317- 305=)
 Yomi AI            vs * Flat              Match:   32 (344+ 312- 344=)
 Yomi AI            vs * Anti-Flat         Match:  999 (999+   0-   1=)
 Yomi AI            vs * Foxtrot           Match:  216 (473+ 257- 270=)
 Yomi AI            vs * De Bruijn         Match:  -17 (315+ 332- 353=)
 Yomi AI            vs * Text              Match:   38 (369+ 331- 300=)
 Yomi AI            vs * Anti-rotn         Match:    0 (337+ 337- 326=)
 Yomi AI            vs * Copy-drift        Match:  -44 (306+ 350- 344=)
 Yomi AI            vs * Add-react         Match:   14 (335+ 321- 344=)
 Yomi AI            vs * Add-drift         Match:  -13 (317+ 330- 353=)
 Yomi AI            vs Iocaine Powder      Match:  -34 (327+ 361- 312=)
 Yomi AI            vs Phasenbott          Match:   22 (341+ 319- 340=)
 Yomi AI            vs MegaHAL             Match:   16 (341+ 325- 334=)
 Yomi AI            vs RussRocker4         Match:   35 (346+ 311- 343=)
 Yomi AI            vs Biopic              Match:    7 (350+ 343- 307=)
 Yomi AI            vs Simple Modeller     Match:  -10 (330+ 340- 330=)
 Yomi AI            vs Simple Predictor    Match:  -36 (322+ 358- 320=)
 Yomi AI            vs Robertot            Match:   30 (362+ 332- 306=)
 Yomi AI            vs Boom                Match:  -10 (336+ 346- 318=)
 Yomi AI            vs Shofar              Match:   28 (342+ 314- 344=)
 Yomi AI            vs ACT-R Lag2          Match:   11 (345+ 334- 321=)
 Yomi AI            vs Majikthise          Match:  -39 (309+ 348- 343=)
 Yomi AI            vs Vroomfondel         Match:  -29 (331+ 360- 309=)
 Yomi AI            vs Granite             Match:   87 (409+ 322- 269=)
 Yomi AI            vs Marble              Match:   30 (372+ 342- 286=)
 Yomi AI            vs ZQ Bot              Match:   38 (348+ 310- 342=)
 Yomi AI            vs Sweet Rocky         Match:   30 (364+ 334- 302=)
 Yomi AI            vs Piedra              Match:   45 (369+ 324- 307=)
 Yomi AI            vs Mixed Strategy      Match:   94 (409+ 315- 276=)
 Yomi AI            vs Multi-strategy      Match:  193 (458+ 265- 277=)
 Yomi AI            vs Inocencio           Match:   34 (368+ 334- 298=)
 Yomi AI            vs Peterbot            Match:   -9 (329+ 338- 333=)
 Yomi AI            vs Bugbrain            Match:  -13 (323+ 336- 341=)
 Yomi AI            vs Knucklehead         Match:  272 (498+ 226- 276=)
 Final results (draw value = 50):

 Tournament results: 

    Player Name          total     1    2    3    4    5    6    7    8    9   10   11   12   13   14   15   16   17   18   19   20   21   22   23   24   25   26   27   28   29   30   31   32   33   34   35   36   37   38   39   40   41   42
  1 Iocaine Powder       10943     0   46   53   40   -2   37  155  496  -21   10  115  240   44  224   -6   63   65   40  313   -5   43   34  312   15   11  208  148  195  334  190  306  597   61  128  944  209  430  915  987  983  994  992
  2 MegaHAL              10054   -46    0  -67  -22   25    3   40   99   51    6   13  168   16  272  -37   56   -6  124  256  -19  -54  -16  142    5  -23  947  151   49   73  115  284  418  195  133  898  459  426  944  989  989  998 1000
  3 Phasenbott           10007   -53   67    0   48   45   50  105  494   29   16   64  241   55  265  -37   58   40   46  238  -18   38  -22  195   32   42  177   94   54  379   90  405  379   67   94  893  256  165  950  993  991  997  985
  4 Simple Modeller       9565   -40   22  -48    0   41   49  241  -18   -8   12  -14  101   65   61  -28   83   54   44  299    8   11   10  218  -18   -7  800  223  265    6  134   97  279  205  139  850  436  416  595  993  989 1000 1000
  5 Robertot              8341     2  -25  -45  -41    0  -41   25  -25   23   28  -64   52   61   -2   28   67   11   84   88   12  -17  -30  272   13  -52  288   13   91   17   65   82  429   61  173  933  473  398  909  998  994  996  997
  6 Biopic                8098   -37   -3  -50  -49   41    0   44  -24   37   14   54   87    7  109   17   38  -58   48  114  -18    9   -7  262  -26   -1  151  -28   68  413  -18   88  512  129  119  776  357  394  541  995  995  999  999
  7 Simple Predictor      7995  -155  -40 -105 -241  -25  -44    0  -72   19   31  -54    6   76   -5  -35   48   19   88  170  -53  -36   36  179  -79  -14  578  332  288  -36  103  117  255  152  166  931  445  405  588  985  986  993  993
  8 RussRocker4           7576  -496  -99 -494   18   25   24   72    0   41   27    8  166   63  130  -17   48   24   22  166  -10   21  -35  317  -16  -66  151  123  120  159   57  287  479   81   89  945  260  302  601  994  993  999  997
  9 Sweet Rocky           7319    21  -51  -29    8  -23  -37  -19  -41    0  -37  -49  -35   44  -47  -57   83  -20  -20  -58  -38  -32  -30   82  -12  -67  787   57   30  -20   87  274  241  145  180  863  193  377  594  994  990  995  996
 10 Boom                  7054   -10   -6  -16  -12  -28  -14  -31  -27   37    0  -30   13   71   31  -39   38  -48   41    8  -37  -35   10  281  -52    5   -8    4   34   29   33   88  448  143  135  508  356  405  753  991  990  995 1000
 11 ACT-R Lag2            6716  -115  -13  -64   14   64  -54   54   -8   49   30    0  153   55  106  -32   39   31   61  109   36   -1  -11  216  -86   13   32   25   47  -43  117   46  474  161   91  172  288  278  568  836  994  997  987
 12 Marble                6702  -240 -168 -241 -101  -52  -87   -6 -166   35  -13 -153    0   17  -10  -93   68 -117  -21   27  -39  -61  -30  322 -114  -23  656   63   14   72  156   88  308  262  183  902  251  437  592  996  995  999  994
 13 Piedra                6665   -44  -16  -55  -65  -61   -7  -76  -63  -44  -71  -55  -17    0  -24  -40   53  -37  -16  -26  -79  -48  -45   74  -37  -18  796  -25  -11  -12  167  157  189   86  155  759  233  403  595  995  995 1000 1000
 14 Granite               6567  -224 -272 -265  -61    2 -109    5 -130   47  -31 -106   10   24    0  -24   56  -46   26   48   -9  -27  -87  269  -64  -52  648  -37   47   10  189   51  351  110  175  831  277  368  591  989  993  998  996
 15 Shofar                6413     6   37   37   28  -28  -17   35   17   57   39   32   93   40   24    0   46   23  -27   63   47   -3  -28  159  -19   11   50   -4   56   -3   42   -3  168  166   90   62  440  323  556  876  943  990  989
 16 * Anti-rotn           5785   -63  -56  -58  -83  -67  -38  -48  -48  -83  -38  -39  -68  -53  -56  -46    0  -37  -47  -41  -18   21    0  264  -58  -45  726   -9   -8  -33  245    5   -8  338   54   46  468  176  596 1000  997  997 1000
 17 Bugbrain              5667   -65    6  -40  -54  -11   58  -19  -24   20   48  -31  117   37   46  -23   37    0   60  173  -45   11   13   56   -3   31  -34  143   37  -39   75   91  110   52   67  136  239  154  418  901  958  979  982
 18 Mixed Strategy        5062   -40 -124  -46  -44  -84  -48  -88  -22   20  -41  -61   21   16  -26   27   47  -60    0    1   19  -45  -94   43  -70    9   15   30   34  -15   25   26  130   65  153  204  325  379  470  959  969  995  988
 19 ZQ Bot                5031  -313 -256 -238 -299  -88 -114 -170 -166   58   -8 -109  -27   26  -48  -63   41 -173   -1    0  -81  -46  -38  247  -59  -82   -2   18  -18   24  183  369  241  177  157  809  133  374  592  997  992  993  999
 20 Vroomfondel           5004     5   19   18   -8  -12   18   53   10   38   37  -36   39   79    9  -47   18   45  -19   81    0   -7   29  128   48   15  106  -15   23   58   84   -4  241   95   39   17  262  130  461  -17  994  994  976
 21 Majikthise            4886   -43   54  -38  -11   17   -9   36  -21   32   35    1   61   48   27    3  -21  -11   45   46    7    0   39  186   41   16   28  -11   28    3   92   14  211   85   27   -8  284  141  470   17  993  992  980
 22 Yomi AI               4205   -34   16   22  -10   30    7  -36   35   30  -10   11   30   45   87   28    0  -13   94   38  -29  -39    0  193  -17   34   34  -13  -44  216   32   14  272   61   38   -9  154  128  360  -27  478 1000  999
 23 Multi-strategy        2162  -312 -142 -195 -218 -272 -262 -179 -317  -82 -281 -216 -322  -74 -269 -159 -264  -56  -43 -247 -128 -186 -193    0  -50  -20  -80   29  263  -15  148    1   46  296  123  -18  448  419  999  997  997  999  997
 24 * De Bruijn            807   -15   -5  -32   18  -13   26   79   16   12   52   86  114   37   64   19   58    3   70   59  -48  -41   17   50    0   -1   16   38   24   -6   29   25   12  -66   23   -5   27   17  128   -1   21    0 -100
 25 * Pi                    91   -11   23  -42    7   52    1   14   66   67   -5  -13   23   18   52  -11   45  -31   -9   82  -15  -16  -34   20    1    0   21  -41  -38   25  -32  -19   30   16  -81   -4  -50  -37   30   22  -11  -11  -13
 26 Inocencio            -1013  -208 -947 -177 -800 -288 -151 -578 -151 -787    8  -32 -656 -796 -648  -50 -726   34  -15    2 -106  -28  -34   80  -16  -21    0   16   80  307  175   52  203   53  155  157  218  395  355  958  981  986  987
 27 * Add-drift          -1550  -148 -151  -94 -223  -13   28 -332 -123  -57   -4  -25  -63   25   37    4    9 -143  -30  -18   15   11   13  -29  -38   41  -16    0  -17   -4  -11  -76  -66   -1    0   -4  -23  -22    7    1   47  -51   -6
 28 * Copy-drift         -2008  -195  -49  -54 -265  -91  -68 -288 -120  -30  -34  -47  -14   11  -47  -56    8  -37  -34   18  -23  -28   44 -263  -24   38  -80   17    0   22  -21  -19 -123  -60    6  -57  -37  -23   14  -35    9   -1   28
 29 * Foxtrot            -2117  -334  -73 -379   -6  -17 -413   36 -159   20  -29   43  -72   12  -10    3   33   39   15  -24  -58   -3 -216   15    6  -25 -307    4  -22    0  -42  -33  -38   39  -64  -32   44   20    8   -7  -56  -28   -7
 30 * Flat               -2716  -190 -115  -90 -134  -65   18 -103  -57  -87  -33 -117 -156 -167 -189  -42 -245  -75  -25 -183  -84  -92  -32 -148  -29   32 -175   11   21   42    0  -22   -3    2    1 -182   19   -7  221  200  -24   -1 -411
 31 * Add-react          -2716  -306 -284 -405  -97  -82  -88 -117 -287 -274  -88  -46  -88 -157  -51    3   -5  -91  -26 -369    4  -14  -14   -1  -25   19  -52   76   19   33   22    0  -21  -30   41  -47   14   67   -1  -10   76    0  -14
 32 Knucklehead          -2732  -597 -418 -379 -279 -429 -512 -255 -479 -241 -448 -474 -308 -189 -351 -168    8 -110 -130 -241 -241 -211 -272  -46  -12  -30 -203   66  123   38    3   21    0  -14   12  -54    2   95  170  952  934  936  999
 33 * Switch A Lot       -2951   -61 -195  -67 -205  -61 -129 -152  -81 -145 -143 -161 -262  -86 -110 -166 -338  -52  -65 -177  -95  -85  -61 -296   66  -16  -53    1   60  -39   -2   30   14    0    5 -131   -4    1   12  291    5    6   -4
 34 * Text               -3100  -128 -133  -94 -139 -173 -119 -166  -89 -180 -135  -91 -183 -155 -175  -90  -54  -67 -153 -157  -39  -27  -38 -123  -23   81 -155    0   -6   64   -1  -41  -12   -5    0   34   -9   25 -185  -74  -11 -185  111
 35 Peterbot             -7047  -944 -898 -893 -850 -933 -776 -931 -945 -863 -508 -172 -902 -759 -831  -62  -46 -136 -204 -809  -17    8    9   18    5    4 -157    4   57   32  182   47   54  131  -34    0  259  440  420  963  997 1000  993
 36 Always Switchin'     -7150  -209 -459 -256 -436 -473 -357 -445 -260 -193 -356 -288 -251 -233 -277 -440 -468 -239 -325 -133 -262 -284 -154 -448  -27   50 -218   23   37  -44  -19  -14   -2    4    9 -259    0   37    1  508    2   13   -5
 37 R-P-S 20-20-60       -9255  -430 -426 -165 -416 -398 -394 -405 -302 -377 -405 -278 -437 -403 -368 -323 -176 -154 -379 -374 -130 -141 -128 -419  -17   37 -395   22   23  -20    7  -67  -95   -1  -25 -440  -37    0 -451 -143   16 -347  106
 38 Beat Frequent Pick  -13991  -915 -944 -950 -595 -909 -541 -588 -601 -594 -753 -568 -592 -595 -591 -556 -596 -418 -470 -592 -461 -470 -360 -999 -128  -30 -355   -7  -14   -8 -221    1 -170  -12  185 -420   -1  451    0 -600    0  999  997
 39 Beat The Last Move  -20462  -987 -989 -993 -993 -998 -995 -985 -994 -994 -991 -836 -996 -995 -989 -876 -1000 -901 -959 -997   17  -17   27 -997    1  -22 -958   -1   35    7 -200   10 -952 -291   74 -963 -508  143  600    0    1 1000 1000
 40 Rotate R-P-S        -25839  -983 -989 -991 -989 -994 -995 -986 -993 -990 -990 -994 -995 -995 -993 -943 -997 -958 -969 -992 -994 -993 -478 -997  -21   11 -981  -47   -9   56   24  -76 -934   -5   11 -997   -2  -16    0   -1    0    0 -654
 41 Good Ole Rock       -26215  -994 -998 -997 -1000 -996 -999 -993 -999 -995 -995 -997 -999 -1000 -998 -990 -997 -979 -995 -993 -994 -992 -1000 -999    0   11 -986   51    1   28    1    0 -936   -6  185 -1000  -13  347 -999 -1000    0    0 1000
 42 * Anti-Flat         -27853  -992 -1000 -985 -1000 -997 -999 -993 -997 -996 -1000 -987 -994 -1000 -996 -989 -1000 -982 -988 -999 -976 -980 -999 -997  100   13 -987    6  -28    7  411   14 -999    4 -111 -993    5 -106 -997 -1000  654 -1000    0

 Match results (draw <= 50): 

    Player Name           total  W  L  D   1  2  3  4  5  6  7  8  9 10 11 12 13 14 15 16 17 18 19 20 21 22 23 24 25 26 27 28 29 30 31 32 33 34 35 36 37 38 39 40 41 42
  1 Iocaine Powder          68  27  0 14   1  2  1  1  2  1  1  2  1  2  1  2  1  1  1  1  1  1  2  2  1  1  2  2  2  2  2  2  2  2  2  2  2  2  2  2  2  2  2  2  2  2
  2 Phasenbott              67  27  1 13   0  1  1  2  2  1  1  1  1  2  1  2  1  1  1  1  2  1  2  2  1  1  2  2  2  2  2  2  2  2  2  2  2  2  2  2  2  2  2  2  2  2
  3 Simple Modeller         65  24  0 17   1  1  1  1  1  1  1  2  1  1  1  2  1  1  1  1  2  1  2  2  1  1  2  2  2  2  1  2  2  2  2  2  2  2  2  2  2  2  2  2  2  2
  4 MegaHAL                 63  24  2 15   1  0  1  1  2  1  1  1  1  1  1  1  1  2  1  0  1  1  2  2  2  1  2  2  2  2  2  2  2  1  2  2  2  2  2  2  2  2  2  2  2  2
  5 RussRocker4             60  23  4 14   0  0  1  0  1  1  1  1  1  1  1  2  1  1  1  1  2  1  2  2  1  0  1  2  2  2  2  2  2  2  2  2  2  2  2  2  2  2  2  2  2  2
  6 Biopic                  60  20  1 20   1  1  1  1  1  1  1  0  1  2  1  1  1  1  1  1  1  1  2  2  1  1  1  2  2  2  2  2  1  2  2  2  1  2  2  2  2  2  2  2  2  2
  7 Robertot                60  21  2 18   1  1  1  1  1  1  1  1  1  0  1  1  1  1  1  1  2  1  1  2  2  0  2  2  2  2  1  2  1  2  2  2  2  2  2  2  2  2  2  2  2  2
  8 Bugbrain                58  19  2 20   0  1  0  1  1  2  1  1  1  1  1  1  1  1  1  1  1  1  1  2  2  1  1  1  2  2  1  2  2  1  2  2  2  2  2  2  2  2  2  2  2  2
  9 Shofar                  57  16  0 25   1  1  1  1  1  1  1  1  1  1  1  1  1  2  1  1  1  1  1  2  1  1  1  1  2  2  1  2  1  2  1  2  1  2  2  2  2  2  2  2  2  2
 10 ACT-R Lag2              57  20  4 17   0  0  1  1  1  0  2  1  1  1  1  2  1  1  1  1  2  0  2  2  2  1  1  1  2  2  1  2  1  1  1  2  2  2  2  2  2  2  2  2  2  2
 11 Vroomfondel             56  15  0 26   1  1  1  1  1  1  1  1  1  1  1  2  1  1  1  1  2  1  1  1  1  1  1  2  2  1  2  2  1  1  1  2  2  1  1  2  2  2  2  2  2  2
 12 Simple Predictor        54  20  7 14   0  0  0  1  0  1  1  1  1  0  0  1  1  1  1  1  2  0  1  1  2  1  1  2  2  2  1  2  2  2  2  2  2  2  2  2  2  2  2  2  2  2
 13 Boom                    54  14  1 26   1  1  1  1  1  1  1  1  1  1  1  1  1  1  1  1  2  0  1  1  1  1  1  1  1  2  1  2  1  1  2  2  1  2  2  2  2  2  2  2  2  2
 14 Sweet Rocky             54  17  4 20   1  1  1  0  1  1  1  1  0  1  1  1  1  1  1  1  1  1  1  1  1  0  2  2  0  2  1  2  2  1  2  2  2  2  2  2  2  2  2  2  2  2
 15 Yomi AI                 53  12  0 29   1  1  1  1  1  1  1  1  1  1  1  1  1  1  1  1  1  1  2  1  2  1  1  1  1  1  2  2  1  1  1  2  1  1  1  2  2  2  2  2  2  2
 16 Majikthise              53  12  0 29   1  1  1  2  1  1  1  1  1  1  1  1  1  1  1  1  1  1  1  2  1  1  1  1  1  1  1  2  1  1  1  2  2  1  1  2  2  2  2  2  2  2
 17 Piedra                  49  16  8 17   1  0  0  1  0  1  0  1  1  0  0  0  0  1  1  1  1  1  1  1  1  1  2  2  1  2  1  2  1  1  2  2  2  2  2  2  2  2  2  2  2  2
 18 * De Bruijn             48   9  2 30   1  1  1  1  1  1  1  1  1  2  1  2  2  1  1  1  1  1  2  2  2  1  2  1  2  1  1  1  1  1  1  1  1  1  1  0  1  1  2  1  0  1
 19 Granite                 47  16 10 15   0  0  0  0  0  0  1  1  1  0  1  1  1  1  0  1  1  0  1  1  1  0  2  2  1  2  1  2  1  1  2  2  2  2  2  2  2  2  2  2  2  2
 20 Marble                  47  18 12 11   0  0  0  0  0  0  0  0  0  0  1  1  1  1  1  0  1  0  1  1  1  1  2  2  1  2  2  2  2  1  2  2  2  2  2  2  2  2  2  2  2  2
 21 Mixed Strategy          45  11  7 23   1  1  1  0  1  1  0  0  1  0  1  0  1  1  0  1  1  0  1  1  1  1  1  1  1  2  1  1  1  1  1  2  1  2  2  2  2  2  2  2  2  2
 22 * Pi                    45   5  1 35   1  1  1  1  2  1  2  1  1  1  1  1  1  2  1  1  1  1  2  1  1  1  1  1  2  1  1  1  1  1  1  1  1  0  1  1  1  1  1  1  1  1
 23 * Anti-rotn             43  12 10 19   0  0  0  0  1  1  0  1  1  1  1  1  1  0  1  1  0  0  0  0  1  1  1  2  1  1  1  2  1  1  1  1  2  2  2  2  2  2  2  2  2  2
 24 Inocencio               43  16 14 11   0  0  0  0  0  0  0  1  1  1  0  0  1  0  1  1  0  1  0  0  1  1  0  1  1  2  2  2  1  2  2  2  2  2  2  2  2  2  2  2  2  2
 25 ZQ Bot                  42  15 14 12   0  0  0  0  0  0  0  0  0  0  0  0  1  2  1  1  1  0  1  1  1  0  1  1  1  2  1  2  1  1  2  2  2  2  2  2  2  2  2  2  2  2
 26 Peterbot                33  11 19 11   0  0  0  0  0  0  0  0  0  0  1  0  0  0  1  1  0  1  0  0  0  1  1  0  0  1  1  1  1  2  1  2  2  1  2  2  2  2  2  2  2  2
 27 * Foxtrot               30   0 11 30   0  0  1  0  0  0  1  1  1  1  0  1  1  1  0  1  1  1  1  0  1  1  1  0  1  1  1  1  1  1  1  1  1  0  1  1  1  1  1  0  1  1
 28 Multi-strategy          30  11 22  8   0  0  0  0  0  0  0  0  0  0  0  0  0  0  0  0  0  1  0  0  1  1  0  0  0  1  1  1  1  2  1  1  2  2  2  2  2  2  2  2  2  2
 29 * Add-drift             29   0 12 29   0  0  0  0  0  1  1  0  1  1  1  0  1  0  1  1  1  1  1  0  1  1  1  1  1  1  1  1  1  1  0  0  1  1  1  1  0  1  1  1  1  1
 30 * Copy-drift            28   0 13 28   0  0  0  1  0  0  0  1  0  1  1  0  1  1  1  1  1  1  1  1  1  1  1  0  1  0  1  0  1  1  1  0  1  1  1  0  1  1  1  1  1  1
 31 * Add-react             28   3 16 22   0  0  0  0  0  0  0  0  1  1  1  0  0  0  1  1  0  1  0  0  1  1  1  0  0  1  1  1  2  1  1  1  1  1  1  1  1  1  1  2  1  2
 32 Knucklehead             26   8 23 10   0  0  0  0  0  0  0  0  0  0  0  0  0  0  0  0  0  1  0  0  0  1  1  0  0  0  1  1  2  2  1  1  1  1  2  1  2  1  2  2  2  2
 33 * Flat                  22   2 21 18   0  0  0  0  0  1  0  0  1  0  0  0  1  0  1  0  0  1  0  0  1  1  0  0  0  0  1  0  1  1  1  1  1  1  2  1  1  1  2  1  0  1
 34 * Text                  20   3 24 14   0  0  0  0  0  0  0  0  0  0  1  0  0  0  1  1  0  1  0  0  0  2  0  0  0  1  2  0  1  1  1  1  1  1  0  1  0  1  0  1  2  1
 35 Beat The Last Move      20   5 26 10   0  0  0  0  0  0  0  0  0  0  1  0  0  0  1  1  0  1  0  0  0  1  0  0  0  0  1  0  1  1  1  0  0  2  1  0  2  0  2  1  2  2
 36 * Switch A Lot          19   3 25 13   0  0  0  0  0  0  0  0  0  0  0  0  0  0  0  0  0  2  0  0  0  1  0  0  0  0  1  0  1  2  1  1  1  1  2  1  1  1  1  1  1  1
 37 Good Ole Rock           17   4 28  9   0  0  0  0  0  0  0  0  0  0  0  0  0  0  0  0  0  1  0  0  0  1  0  0  0  0  1  0  2  1  1  0  1  2  0  1  1  1  0  1  2  2
 38 Always Switchin'        17   1 25 15   0  0  0  0  0  0  0  0  0  0  0  0  0  0  0  0  0  1  0  0  0  1  0  0  0  0  1  0  1  1  1  1  1  1  2  1  1  1  1  1  1  1
 39 Beat Frequent Pick      16   4 29  8   0  0  0  0  0  0  0  0  0  0  0  0  0  0  0  0  0  0  0  0  0  1  0  0  0  0  1  0  1  1  1  0  0  2  0  1  2  1  1  1  2  2
 40 Rotate R-P-S            14   1 28 12   0  0  0  0  0  0  0  0  0  0  0  0  0  0  0  0  0  1  0  0  0  1  0  0  0  0  2  0  1  1  0  0  1  1  1  1  1  1  1  1  0  1
 41 * Anti-Flat             13   3 31  7   0  0  0  0  0  0  0  0  0  0  0  0  0  0  0  0  0  2  0  0  0  1  0  0  0  0  1  0  1  1  1  0  2  0  0  1  0  1  0  2  1  0
 42 R-P-S 20-20-60          12   1 30 10   0  0  0  0  0  0  0  0  0  0  0  0  0  0  0  0  0  1  0  0  0  1  0  0  0  0  1  0  1  1  0  0  1  1  0  1  0  1  0  1  2  1


   Yomi AI is match ranked 15

 Tournament results:
    Player Name          total 
  1 Yomi AI               4205 
 15 * Anti-rotn           5785 
 19 Iocaine Powder       10943 
 20 Phasenbott           10007 
 21 MegaHAL              10054 
 22 RussRocker4           7576 
 23 Biopic                8098 
 24 Simple Modeller       9565 
 25 Simple Predictor      7995 
 26 Robertot              8341 
 27 Boom                  7054 
 28 Shofar                6413 
 29 ACT-R Lag2            6716 
 30 Majikthise            4886 
 31 Vroomfondel           5004 
 32 Granite               6567 
 33 Marble                6702 
 34 ZQ Bot                5031 
 35 Sweet Rocky           7319 
 36 Piedra                6665 
 37 Mixed Strategy        5062 
 41 Bugbrain              5667 

   Yomi is tournament ranked 22

