 Playing 1 tournaments with 1000 trials per match...

 Yomi AI            vs Good Ole Rock       Match: 1000 (1000+   0-   0=)
 Yomi AI            vs R-P-S 20-20-60      Match:  315 (548+ 233- 219=)
 Yomi AI            vs Rotate R-P-S        Match:  995 (997+   2-   1=)
 Yomi AI            vs Beat The Last Move  Match:  220 (490+ 270- 240=)
 Yomi AI            vs Always Switchin'    Match:  284 (478+ 194- 328=)
 Yomi AI            vs Beat Frequent Pick  Match:  699 (827+ 128-  45=)
 Yomi AI            vs * Pi                Match:   22 (348+ 326- 326=)
 Yomi AI            vs * Switch A Lot      Match:  158 (443+ 285- 272=)
 Yomi AI            vs * Flat              Match:  149 (438+ 289- 273=)
 Yomi AI            vs * Anti-Flat         Match:  999 (999+   0-   1=)
 Yomi AI            vs * Foxtrot           Match:  384 (597+ 213- 190=)
 Yomi AI            vs * De Bruijn         Match:   23 (336+ 313- 351=)
 Yomi AI            vs * Text              Match:  132 (418+ 286- 296=)
 Yomi AI            vs * Anti-rotn         Match:  -20 (331+ 351- 318=)
 Yomi AI            vs * Copy-drift        Match:   40 (353+ 313- 334=)
 Yomi AI            vs * Add-react         Match:   28 (361+ 333- 306=)
 Yomi AI            vs * Add-drift         Match:   12 (356+ 344- 300=)
 Yomi AI            vs Iocaine Powder      Match:  -65 (285+ 350- 365=)
 Yomi AI            vs Phasenbott          Match:   -8 (343+ 351- 306=)
 Yomi AI            vs MegaHAL             Match:  -18 (341+ 359- 300=)
 Yomi AI            vs RussRocker4         Match:   10 (345+ 335- 320=)
 Yomi AI            vs Biopic              Match:  -16 (337+ 353- 310=)
 Yomi AI            vs Simple Modeller     Match:   38 (357+ 319- 324=)
 Yomi AI            vs Simple Predictor    Match:   21 (364+ 343- 293=)
 Yomi AI            vs Robertot            Match:   14 (363+ 349- 288=)
 Yomi AI            vs Boom                Match:   10 (349+ 339- 312=)
 Yomi AI            vs Shofar              Match:   36 (358+ 322- 320=)
 Yomi AI            vs ACT-R Lag2          Match:  -19 (332+ 351- 317=)
 Yomi AI            vs Majikthise          Match:   26 (354+ 328- 318=)
 Yomi AI            vs Vroomfondel         Match:   16 (346+ 330- 324=)
 Yomi AI            vs Granite             Match:  136 (473+ 337- 190=)
 Yomi AI            vs Marble              Match:   93 (423+ 330- 247=)
 Yomi AI            vs ZQ Bot              Match:   87 (428+ 341- 231=)
 Yomi AI            vs Sweet Rocky         Match:   13 (370+ 357- 273=)
 Yomi AI            vs Piedra              Match:   65 (385+ 320- 295=)
 Yomi AI            vs Mixed Strategy      Match:  151 (449+ 298- 253=)
 Yomi AI            vs Multi-strategy      Match:  255 (508+ 253- 239=)
 Yomi AI            vs Inocencio           Match:  708 (832+ 124-  44=)
 Yomi AI            vs Peterbot            Match:  983 (991+   8-   1=)
 Yomi AI            vs Bugbrain            Match:   13 (346+ 333- 321=)
 Yomi AI            vs Knucklehead         Match:  562 (703+ 141- 156=)
 Final results (draw value = 50):

 Tournament results: 

    Player Name          total     1    2    3    4    5    6    7    8    9   10   11   12   13   14   15   16   17   18   19   20   21   22   23   24   25   26   27   28   29   30   31   32   33   34   35   36   37   38   39   40   41   42
  1 Iocaine Powder       11162     0  -11   67   75   17   65   23  515   18  140  222   50  299   34   20   50   57  126   41  324    9   70  319  186   16   12  117  244  314  569  291  200   92  146  240  903  412  921  990  989  990 1000
  2 Phasenbott           10066    11    0   31    1   28    8   71  535   33  152  236   75  239   17   21   54   39   59    8  265   13   17  214  206   23  -44  123   73  407  352  361   90   82   98  256  867  134  953  988  995  996  979
  3 MegaHAL               9846   -67  -31    0   12  -26   18   49  120   21   68  230    3  284  -26  -45   46   67  112   59  260  -19   10  277  194   19  -23  194   91  101  382  279  120  142  252  451  903  407  941  990  999  987  995
  4 Simple Modeller       8801   -75   -1  -12    0   10  -38    4  -15   15  287   50    7  130  -19   53   40   22   89  -17  290    8  -35  218  782  -47  -26  157  266   11  222  112  128  141  214  498  312  444  594  995  997  993  997
  5 Biopic                8717   -17  -28   26  -10    0   16   11  -40    7   68  142   72  107  -46   -4   60   55   72   26  120   -5   21  231  142  -22  -12   -9   83  407  504   83  194  162  174  361  830  387  561  994  999  997  998
  6 Yomi AI               8551   -65   -8  -18   38  -16    0   14   10   10   21   93  -19  136   36   13  -20   65  151   13   87   16   26  255  708   23   22   12   40  384  562   28  149  132  158  284  983  315  699  220 1000  995  999
  7 Robertot              8077   -23  -71  -49   -4  -11  -14    0  -17   13   30   54    3   64  -12    6   31   72   21   51   74   46  -15  232   63   -8    0   33   45  -13  364   80   61  184   91  464  998  396  881  968  998  994  997
  8 RussRocker4           7404  -515 -535 -120   15   40  -10   17    0   24   95  156  -15  126  -33   25   44   42   64   67  153   15   -4  276  141  -73  -17   97  111  171  439  336   56   72  106  284  901  286  590  988  998  994  997
  9 Boom                  7395   -18  -33  -21  -15   -7  -10  -13  -24    0  -15   94  -30   40   -1  -20   52   52   19   33   68  -35   29  247   26   26   -2   32  -58   16  437   96   62  147  213  456  430  399  753  991  995  990  994
 10 Simple Predictor      7288  -140 -152  -68 -287  -68  -21  -30  -95   15    0  -32   -8   35  -27    6   36   12   58   53  172  -35   14  179  789  -79   19  262  238  -27  274  107   70  154  182  410  312  408  587  986  996  989  994
 11 Marble                6419  -222 -236 -230  -50 -142  -93  -54 -156  -94   32    0  -79  -11  -76  -29   38   68   10    3    1  -16   20  435   33  -27  -28   47   69   79  321   83  188  180  194  237  911  440  594  990  999  990 1000
 12 ACT-R Lag2            6410   -50  -75   -3   -7  -72   19   -3   15   30    8   79    0   96  -20   -8   42   43  110   61  137   20   46  290   31  -65  -23    5   33  -72  525   51  105   66  193  289  183  274  572  501  996  994  994
 13 Granite               6399  -299 -239 -284 -130 -107 -136  -64 -126  -40  -35   11  -96    0  -20  -58   40   41   27   42    0  -59  -27  232  656  -56  -30   44  109   33  332  102  135  177  178  175  911  384  591  990 1000  995 1000
 14 Shofar                6358   -34  -17   26   19   46  -36   12   33    1   27   76   20   20    0   -9   25   26   11   86   43   14  -37  101   58    3   17  -10  102   -1   98   13   41  148  225  440  123  348  553  906  976  923  942
 15 Bugbrain              5881   -20  -21   45  -53    4  -13   -6  -25   20   -6   29    8   58    9    0   47   29   56   70  195  -23    3  109   61  -38    8   70   17  -15  129   68   86   88   78  195  236  136  418  942  956  948  983
 16 * Anti-rotn           5800   -50  -54  -46  -40  -60   20  -31  -44  -52  -36  -38  -42  -40  -25  -47    0  -75  -56  -47  -57   13   25  262  401  -47  -36   15   -7  -33  144   -3  217   52  326  498  495  212  598  495  998  998  997
 17 Piedra                5728   -57  -39  -67  -22  -55  -65  -72  -42  -52  -12  -68  -43  -41  -26  -29   75    0    0    9  -17  -27  -31   39  -34  -21  -46   48   -6   43  120  181  158  172  136  363  292  395  593  991  996  991  998
 18 Mixed Strategy        5720  -126  -59 -112  -89  -72 -151  -21  -64  -19  -58  -10 -110  -27  -11  -56   56    0    0   20  -50  -12  -47   64  738  -13  -36  -21   52    3  188   79  180  131  142  142  296  353  545  984  983  932  996
 19 Sweet Rocky           5390   -41   -8  -59   17  -26  -13  -51  -67  -33  -53   -3  -61  -42  -86  -70   47   -9  -20    0  -33  -43  -15  102  -25  -33  -63   26   45   -3  210  -23   90  153  225  172  230  394  589  993  993  988  996
 20 ZQ Bot                5206  -324 -265 -260 -290 -120  -87  -74 -153  -68 -172   -1 -137    0  -43 -195   57   17   50   33    0  -17  -66  178    3  -34  -70  109   14   -7  353  222  139  165   67  302  993  325  587  993  999  989  994
 21 Vroomfondel           4613    -9  -13   19   -8    5  -16  -46  -15   35   35   16  -20   59  -14   23  -13   27   12   43   17    0   14  132   37  -12   35    5   49    9  222    0   64   13  106  227   38  140  450  -33  996  994  990
 22 Majikthise            4520   -70  -17  -10   35  -21  -26   15    4  -29  -14  -20  -46   27   37   -3  -25   31   47   15   66  -14    0  189   85  -24   24  -13  -31   20  190    2   75   13   99  222   67  148  475   15  995  990  997
 23 Multi-strategy        2520  -319 -214 -277 -218 -231 -255 -232 -276 -247 -179 -435 -290 -232 -101 -109 -262  -39  -64 -102 -178 -132 -189    0 -151  -50  -20   38  266   10   84   27  104  123  302  456  500  421  999  997  999  997  999
 24 Inocencio              947  -186 -206 -194 -782 -142 -708  -63 -141  -26 -789  -33  -31 -656  -58  -61 -401   34 -738   25   -3  -37  -85  151    0  -23  -22   63   69  295  241   74  112  157  101  235  104  406  362  967  980  981  975
 25 * De Bruijn            563   -16  -23  -19   47   22  -23    8   73  -26   79   27   65   56   -3   38   47   21   13   33   34   12   24   50   23    0   -1   14  -15  -43   13  -31   15   23  -11   -4  -22   25  128   -1    0   21 -110
 26 * Pi                   416   -12   44   23   26   12  -22    0   17    2  -19   28   23   30  -17   -8   36   46   36   63   70  -35  -24   20   22    1    0   -1   16  -35   14   37  -17  -81   34   38   19   13   30   22  -11  -11  -13
 27 * Add-drift          -1485  -117 -123 -194 -157    9  -12  -33  -97  -32 -262  -47   -5  -44   10  -70  -15  -48   21  -26 -109   -5   13  -38  -63  -14    1    0   24   40   -6   -9  -36   12   -9   18  -14    6  -31  -20    6    3  -12
 28 * Copy-drift         -1986  -244  -73  -91 -266  -83  -40  -45 -111   58 -238  -69  -33 -109 -102  -17    7    6  -52  -45  -14  -49   31 -266  -69   15  -16  -24    0  -33  -37   24  -53   10   76  -42  -15   10   14  -20    7  -37   49
 29 * Foxtrot            -2003  -314 -407 -101  -11 -407 -384   13 -171  -16   27  -79   72  -33    1   15   33  -43   -3    3    7   -9  -20  -10 -295   43   35  -40   33    0   13  -12   39    1    7   29  -31   20   27  -30    9   20  -34
 30 Knucklehead          -2136  -569 -352 -382 -222 -504 -562 -364 -439 -437 -274 -321 -525 -332  -98 -129 -144 -120 -188 -210 -353 -222 -190  -84 -241  -13  -14    6   37  -13    0   93   16   70   13   22 1000  106  108  891  953  899  952
 31 * Add-react          -2542  -291 -361 -279 -112  -83  -28  -80 -336  -96 -107  -83  -51 -102  -13  -68    3 -181  -79   23 -222    0   -2  -27  -74   31  -37    9  -24   12  -93    0   -8   13   -5    2   -6   50   -4  -25   -3   96   99
 32 * Flat               -2863  -200  -90 -120 -128 -194 -149  -61  -56  -62  -70 -188 -105 -135  -41  -86 -217 -158 -180  -90 -139  -64  -75 -104 -112  -15   17   36   53  -39  -16    8    0   38  -16  -15 -161  -12  244  193    0   41 -395
 33 * Text               -3323   -92  -82 -142 -141 -162 -132 -184  -72 -147 -154 -180  -66 -177 -148  -88  -52 -172 -131 -153 -165  -13  -13 -123 -157  -23   81  -12  -10   -1  -70  -13  -38    0   52  -23   19    3 -185  -74 -185  -11  113
 34 * Switch A Lot       -3936  -146  -98 -252 -214 -174 -158  -91 -106 -213 -182 -194 -193 -178 -225  -78 -326 -136 -142 -225  -67 -106  -99 -302 -101   11  -34    9  -76   -7  -13    5   16  -52    0  -27 -131   28   27  288  -16   29   13
 35 Always Switchin'     -7366  -240 -256 -451 -498 -361 -284 -464 -284 -456 -410 -237 -289 -175 -440 -195 -498 -363 -142 -172 -302 -227 -222 -456 -235    4  -38  -18   42  -29  -22   -2   15   23   27    0 -244   33   50  484   17  -23  -28
 36 Peterbot             -8418  -903 -867 -903 -312 -830 -983 -998 -901 -430 -312 -911 -183 -911 -123 -236 -495 -292 -296 -230 -993  -38  -67 -500 -104   22  -19   14   15   31 -1000    6  161  -19  131  244    0  415  435  982  999  997  986
 37 R-P-S 20-20-60       -9575  -412 -134 -407 -444 -387 -315 -396 -286 -399 -408 -440 -274 -384 -348 -136 -212 -395 -353 -394 -325 -140 -148 -421 -406  -25  -13   -6  -10  -20 -106  -50   12   -3  -28  -33 -415    0 -407 -140 -389   -9   31
 38 Beat Frequent Pick  -14446  -921 -953 -941 -594 -561 -699 -881 -590 -753 -587 -594 -572 -591 -553 -418 -598 -593 -545 -589 -587 -450 -475 -999 -362 -128  -30   31  -14  -27 -108    4 -244  185  -27  -50 -435  407    0 -600  999    0  997
 39 Beat The Last Move  -19793  -990 -988 -990 -995 -994 -220 -968 -988 -991 -986 -990 -501 -990 -906 -942 -495 -991 -984 -993 -993   33  -15 -997 -967    1  -22   20   20   30 -891   25 -193   74 -288 -484 -982  140  600    0 1000    1  997
 40 Good Ole Rock       -26219  -989 -995 -999 -997 -999 -1000 -998 -998 -995 -996 -999 -996 -1000 -976 -956 -998 -996 -983 -993 -999 -996 -995 -999 -980    0   11   -6   -7   -9 -953    3    0  185   16  -17 -999  389 -999 -1000    0    0  999
 41 Rotate R-P-S        -26370  -990 -996 -987 -993 -997 -995 -994 -994 -990 -989 -990 -994 -995 -923 -948 -998 -991 -932 -988 -989 -994 -990 -997 -981  -21   11   -3   37  -20 -899  -96  -41   11  -29   23 -997    9    0   -1    0    0 -719
 42 * Anti-Flat         -27736  -1000 -979 -995 -997 -998 -999 -997 -997 -994 -994 -1000 -994 -1000 -942 -983 -997 -998 -996 -996 -994 -990 -997 -999 -975  110   13   12  -49   34 -952  -99  395 -113  -13   28 -986  -31 -997 -997 -999  719    0

 Match results (draw <= 50): 

    Player Name           total  W  L  D   1  2  3  4  5  6  7  8  9 10 11 12 13 14 15 16 17 18 19 20 21 22 23 24 25 26 27 28 29 30 31 32 33 34 35 36 37 38 39 40 41 42
  1 Iocaine Powder          70  29  0 12   1  1  2  1  2  2  2  1  1  1  1  1  2  2  1  1  2  2  2  1  1  2  2  2  1  2  2  2  2  2  2  2  2  2  2  2  2  2  2  2  2  2
  2 Phasenbott              68  27  0 14   1  1  1  1  1  2  1  2  1  1  1  2  2  1  1  2  2  1  2  1  1  2  2  2  1  2  2  2  2  2  2  2  2  2  2  2  2  2  2  2  2  2
  3 MegaHAL                 66  26  1 14   0  1  1  1  1  2  1  1  1  1  1  1  2  1  1  1  2  2  2  2  1  2  2  2  1  2  2  2  2  2  2  2  2  2  2  2  2  2  2  2  2  2
  4 Biopic                  66  25  0 16   1  1  1  1  1  1  1  1  1  1  1  2  2  1  1  2  2  2  2  1  1  2  2  2  1  2  1  2  2  2  2  2  2  2  2  2  2  2  2  2  2  2
  5 Simple Modeller         62  22  1 18   0  1  1  1  1  1  1  1  2  1  1  1  2  1  1  1  1  1  2  1  1  2  2  2  1  1  2  2  2  2  2  2  2  2  2  2  2  2  2  2  2  2
  6 RussRocker4             61  24  4 13   0  0  0  1  1  1  1  1  1  1  1  1  2  1  1  1  2  1  2  2  0  2  2  2  1  2  2  2  2  2  2  2  2  2  2  2  2  2  2  2  2  2
  7 Yomi AI                 60  20  1 20   0  1  1  1  1  1  1  1  1  1  1  1  1  1  1  1  2  2  2  1  1  2  2  2  1  2  1  2  1  2  2  1  2  2  2  2  2  2  2  2  2  2
  8 Robertot                60  20  1 20   1  0  1  1  1  1  1  1  1  1  1  1  1  1  1  1  2  2  1  2  1  2  2  2  1  1  1  2  1  2  2  2  2  2  2  2  2  2  2  2  2  2
  9 Bugbrain                60  20  1 20   1  1  1  1  0  1  1  1  1  1  1  1  1  1  1  1  1  1  2  2  1  2  2  2  1  1  2  2  1  2  2  2  2  2  2  2  2  2  2  2  2  2
 10 Boom                    58  18  1 22   1  1  1  1  1  1  1  1  1  1  1  1  1  1  1  2  2  2  1  1  1  1  2  1  1  1  1  2  0  2  2  2  2  2  2  2  2  2  2  2  2  2
 11 Shofar                  57  16  0 25   1  1  1  1  1  1  1  1  1  1  1  1  1  1  1  1  2  1  1  2  1  1  1  2  1  1  1  2  2  2  2  1  1  2  2  2  2  2  2  2  2  2
 12 ACT-R Lag2              56  19  4 18   1  0  1  0  1  1  1  1  1  1  1  1  1  1  1  1  2  1  2  2  0  2  2  1  1  0  1  2  1  2  2  2  2  2  2  2  2  2  2  2  2  2
 13 Simple Predictor        54  20  7 14   0  0  0  0  0  0  1  1  1  1  1  1  1  1  1  1  1  1  2  2  0  1  2  2  1  1  2  2  2  2  2  2  2  2  2  2  2  2  2  2  2  2
 14 Majikthise              53  13  1 27   0  1  1  1  1  1  1  1  1  1  1  1  1  1  1  1  1  1  1  1  1  1  2  2  1  1  1  2  1  2  2  1  2  1  1  2  2  2  2  2  2  2
 15 Vroomfondel             52  11  0 30   1  1  1  1  1  1  1  1  1  1  1  1  1  1  1  1  1  1  1  1  1  2  1  1  1  1  1  2  1  1  2  1  2  1  1  2  2  2  2  2  2  2
 16 * Anti-rotn             49  14  6 21   1  0  1  0  1  1  1  1  1  0  1  1  1  1  1  1  1  0  0  1  1  1  0  2  1  1  1  2  1  2  2  1  2  2  2  2  2  2  2  2  2  2
 17 Marble                  48  17 10 14   0  0  0  0  1  0  0  0  1  0  0  0  1  1  1  1  1  2  1  1  1  1  1  1  1  2  1  2  2  2  2  2  2  2  2  2  2  2  2  2  2  2
 18 Piedra                  48  14  7 20   0  1  0  0  1  1  0  0  1  0  1  1  1  1  1  2  0  1  1  1  1  1  1  1  1  1  1  1  1  2  2  2  2  2  2  2  2  2  2  2  2  2
 19 Mixed Strategy          48  17 10 14   0  0  0  0  0  0  0  1  0  1  1  0  0  1  1  2  1  1  1  1  1  1  1  2  1  1  1  2  2  2  2  2  2  2  2  2  2  2  2  2  2  2
 20 Sweet Rocky             46  13  8 20   1  1  0  1  1  0  1  0  0  1  0  0  0  1  1  1  1  1  1  1  1  1  1  1  0  1  1  2  1  2  2  1  2  2  2  2  2  2  2  2  2  2
 21 * De Bruijn             45   5  1 35   1  1  1  1  1  2  1  1  1  1  1  2  2  1  1  1  1  1  1  1  1  2  1  1  1  1  1  1  1  1  1  1  1  1  1  1  2  1  1  0  1  1
 22 Granite                 45  16 12 13   0  0  0  0  0  0  0  0  0  1  1  0  1  1  0  1  1  1  1  1  0  1  1  2  1  1  1  2  2  2  2  2  2  2  2  2  2  2  2  2  2  2
 23 ZQ Bot                  43  16 14 11   0  0  0  0  0  0  0  0  0  0  1  0  0  0  1  2  1  1  1  1  1  1  1  1  0  1  2  2  1  2  2  2  2  2  2  2  2  2  2  2  2  2
 24 Inocencio               43  17 15  9   0  0  0  0  0  0  0  0  0  1  0  1  0  0  1  0  1  1  0  1  1  0  1  1  1  2  2  2  2  2  2  2  2  2  2  2  2  2  2  2  2  2
 25 * Pi                    42   2  1 38   1  1  1  1  1  1  1  1  1  1  1  1  1  1  1  1  1  1  1  2  1  1  2  1  1  1  1  1  1  1  1  1  1  1  0  1  1  1  1  1  1  1
 26 * Foxtrot               34   1  8 32   0  0  0  0  1  0  0  1  1  1  1  2  1  1  1  1  0  1  1  1  1  1  1  0  1  1  1  1  1  1  1  1  1  1  1  1  1  1  1  1  1  1
 27 * Add-drift             32   0  9 32   0  0  0  1  0  0  1  1  0  1  1  1  0  1  1  1  1  1  1  1  1  1  0  0  1  1  1  1  1  1  1  1  1  1  1  1  1  1  1  1  1  1
 28 Multi-strategy          32  13 22  6   0  0  0  0  0  0  0  0  0  0  0  0  0  0  0  0  0  1  0  0  1  0  0  0  1  1  1  1  2  2  2  1  2  2  2  2  2  2  2  2  2  2
 29 * Copy-drift            29   2 14 25   0  0  0  0  0  0  1  1  1  2  0  1  0  1  1  1  0  1  0  1  1  0  1  0  1  1  1  0  1  1  1  1  0  1  1  1  1  1  2  1  1  1
 30 Peterbot                26   9 24  8   0  0  0  0  0  0  0  0  0  0  0  0  0  0  1  0  0  0  0  0  1  0  0  0  1  1  1  0  1  1  0  1  2  2  1  2  2  2  2  2  2  2
 31 Knucklehead             26   9 24  8   0  0  0  0  0  0  0  0  0  0  0  0  0  0  0  0  0  0  0  0  1  0  0  0  1  1  1  0  1  2  1  2  1  2  2  1  2  2  1  2  2  2
 32 * Add-react             25   2 18 21   0  0  0  0  0  0  1  0  0  0  1  0  0  1  1  1  0  0  0  1  1  0  0  0  1  1  1  1  1  1  0  1  1  1  1  1  1  1  1  2  2  1
 33 * Flat                  19   3 25 13   0  0  0  0  0  0  0  0  0  0  1  0  0  0  0  0  0  0  0  0  1  0  0  0  1  1  1  0  2  0  1  1  1  2  1  1  2  1  1  0  1  1
 34 Beat The Last Move      19   5 27  9   0  0  0  0  0  0  0  0  0  0  0  0  0  1  1  0  0  0  0  0  1  0  0  0  1  1  1  0  1  0  0  1  0  1  2  0  2  2  0  2  1  2
 35 * Text                  18   3 26 12   0  0  0  0  0  0  0  0  0  0  0  0  0  1  1  0  0  0  0  0  1  0  0  0  2  1  1  0  1  1  0  1  1  0  1  1  0  0  2  2  1  1
 36 Always Switchin'        17   1 25 15   0  0  0  0  0  0  0  0  0  0  0  0  0  0  0  0  0  0  0  0  1  0  0  0  1  1  1  0  1  0  1  1  1  2  1  1  1  1  1  1  1  1
 37 Beat Frequent Pick      16   4 29  8   0  0  0  0  0  0  0  0  0  0  0  0  0  0  0  0  0  0  0  0  0  0  0  0  1  1  1  0  1  0  0  1  0  0  2  1  1  2  1  2  1  2
 38 Good Ole Rock           16   3 28 10   0  0  0  0  0  0  0  0  0  0  0  0  0  0  0  0  0  0  0  0  1  0  0  0  1  1  1  0  1  0  0  1  1  0  2  1  0  1  1  2  1  2
 39 * Switch A Lot          15   1 27 13   0  0  0  0  0  0  0  0  0  0  0  0  0  0  0  0  0  0  0  0  1  0  0  0  1  1  1  0  0  0  1  1  1  2  0  1  1  1  1  1  1  1
 40 * Anti-Flat             13   3 31  7   0  0  0  0  0  0  0  0  0  0  0  0  0  0  0  0  0  0  0  0  2  0  0  0  1  1  1  0  1  0  0  0  2  0  0  1  0  0  1  1  2  1
 41 Rotate R-P-S            13   0 28 13   0  0  0  0  0  0  0  0  0  0  0  0  0  0  0  0  0  0  0  0  1  0  0  0  1  1  1  0  1  0  0  0  1  1  1  1  1  1  1  0  1  1
 42 R-P-S 20-20-60          12   0 29 12   0  0  0  0  0  0  0  0  0  0  0  0  0  0  0  0  0  0  0  0  1  0  0  0  1  1  1  0  1  0  0  1  1  0  1  1  0  0  1  1  1  1


   Yomi AI is match ranked 7

 Tournament results:
    Player Name          total 
  1 Yomi AI               8551 
 19 Iocaine Powder       11162 
 20 Phasenbott           10066 
 21 MegaHAL               9846 
 23 Biopic                8717 
 24 Simple Modeller       8801 

   Yomi is tournament ranked 6

