 Playing 1 tournaments with 1000 trials per match...

 Yomi AI            vs Good Ole Rock       Match: 1000 (1000+   0-   0=)
 Yomi AI            vs R-P-S 20-20-60      Match:  230 (475+ 245- 280=)
 Yomi AI            vs Rotate R-P-S        Match:  787 (838+  51- 111=)
 Yomi AI            vs Beat The Last Move  Match:   66 (391+ 325- 284=)
 Yomi AI            vs Always Switchin'    Match:  197 (454+ 257- 289=)
 Yomi AI            vs Beat Frequent Pick  Match:  528 (702+ 174- 124=)
 Yomi AI            vs * Pi                Match:    7 (336+ 329- 335=)
 Yomi AI            vs * Switch A Lot      Match:   68 (380+ 312- 308=)
 Yomi AI            vs * Flat              Match:   99 (389+ 290- 321=)
 Yomi AI            vs * Anti-Flat         Match:  852 (881+  29-  90=)
 Yomi AI            vs * Foxtrot           Match:  348 (561+ 213- 226=)
 Yomi AI            vs * De Bruijn         Match:   -5 (317+ 322- 361=)
 Yomi AI            vs * Text              Match:   89 (388+ 299- 313=)
 Yomi AI            vs * Anti-rotn         Match:  -21 (293+ 314- 393=)
 Yomi AI            vs * Copy-drift        Match:   48 (360+ 312- 328=)
 Yomi AI            vs * Add-react         Match:   -5 (337+ 342- 321=)
 Yomi AI            vs * Add-drift         Match:  -40 (314+ 354- 332=)
 Yomi AI            vs Iocaine Powder      Match:  -68 (315+ 383- 302=)
 Yomi AI            vs Phasenbott          Match:  -31 (326+ 357- 317=)
 Yomi AI            vs MegaHAL             Match:   27 (357+ 330- 313=)
 Yomi AI            vs RussRocker4         Match:   20 (340+ 320- 340=)
 Yomi AI            vs Biopic              Match:   24 (347+ 323- 330=)
 Yomi AI            vs Simple Modeller     Match:   53 (354+ 301- 345=)
 Yomi AI            vs Simple Predictor    Match:   37 (356+ 319- 325=)
 Yomi AI            vs Robertot            Match:    4 (352+ 348- 300=)
 Yomi AI            vs Boom                Match:   55 (368+ 313- 319=)
 Yomi AI            vs Shofar              Match:   23 (352+ 329- 319=)
 Yomi AI            vs ACT-R Lag2          Match:    6 (346+ 340- 314=)
 Yomi AI            vs Majikthise          Match:  -31 (326+ 357- 317=)
 Yomi AI            vs Vroomfondel         Match:  -63 (300+ 363- 337=)
 Yomi AI            vs Granite             Match:   98 (418+ 320- 262=)
 Yomi AI            vs Marble              Match:   99 (409+ 310- 281=)
 Yomi AI            vs ZQ Bot              Match:   -8 (345+ 353- 302=)
 Yomi AI            vs Sweet Rocky         Match:   18 (368+ 350- 282=)
 Yomi AI            vs Piedra              Match:   16 (354+ 338- 308=)
 Yomi AI            vs Mixed Strategy      Match:   12 (348+ 336- 316=)
 Yomi AI            vs Multi-strategy      Match:  247 (491+ 244- 265=)
 Yomi AI            vs Inocencio           Match:   73 (404+ 331- 265=)
 Yomi AI            vs Peterbot            Match:   19 (347+ 328- 325=)
 Yomi AI            vs Bugbrain            Match:   35 (349+ 314- 337=)
 Yomi AI            vs Knucklehead         Match:  412 (588+ 176- 236=)
 Final results (draw value = 50):

 Tournament results: 

    Player Name          total     1    2    3    4    5    6    7    8    9   10   11   12   13   14   15   16   17   18   19   20   21   22   23   24   25   26   27   28   29   30   31   32   33   34   35   36   37   38   39   40   41   42
  1 Iocaine Powder       10527     0   25   27   34   49  519    3   21   17  -24    1  173  273  -29  222  109   45   68  255   85    3    7  272  260   -2    1   62  195  349  178  126  318  578   30  854  222  356  881  991  987 1000  986
  2 Phasenbott           10177   -25    0   82   53   71  553   63   12   42   13   50  133  267   24  237   50   41   31  213   30  -25    8  265  214   38  -20   89   62  391   90   87  389  403   57  912  238  144  931  981  992  996  995
  3 MegaHAL              10011   -27  -82    0   18   29  108  -11   19   72    2   65   55  239  -66  238   -5   56  -27  235   16    5  -20  158  926   -7  -23  198   16  115  111  142  291  304  238  874  449  391  935  988  991  999  996
  4 Biopic                8747   -34  -53  -18    0   13  -29   32   17   27  -17   70   52   93   -7  103   58   60  -24  118   43   15    2  225  105  -17  -14  -17   78  385  162  152   57  551  151  788  351  373  914  996  993  999  994
  5 Simple Modeller       8045   -49  -71  -29  -13    0   -7   16   21   24   55   39  258  279   11   85   -2   43  -53  106   26    3  -12  245   28  -17  -23  258  238   11   48  157  102  297  242  321  470  367  594  993  994 1000  990
  6 RussRocker4           7619  -519 -553 -108   29    7    0   44   24   46  -17    8   88  135   -8  156   24   60  -20  164   38   11   38  296  121    2   -6  143  151  189   92   79  334  461  146  920  252  218  594  994  991  998  997
  7 Robertot              7423    -3  -63   11  -32  -16  -44    0    9   61  -50   10   18   97  -22   79    3   48   -4   70   55   18  -23  206   43    4   -3   12   28   26   19  168   66  398  105  459  473  413  855  938  999  998  994
  8 Boom                  7237   -21  -12  -19  -17  -21  -24   -9    0   18  -37   66    1  104   -9   34   -3   59  -55   33  -46   19   -8  130   39   -3   -8   79   36   21   18  126   97  424  207  532  399  362  753  991  990  995  996
  9 Sweet Rocky           6845   -17  -42  -72  -27  -24  -46  -61  -18    0  -38  -26  -38  -45  -54  -73  -39   43  -18  -31  -17  -31  -54  154  647  -18   10  101   95   25  197  135  180  122  155  520  265  418  595  990  988  997  997
 10 Bugbrain              6822    24  -13   -2   17  -55   17   50   37   38    0   36  -13  153   48   85  -66   73  -35  114   27   72    2  105   58  -21  -23   78   38   10   37   32   86  137  130  995  221  143  407  919  949  935  977
 11 Piedra                6717    -1  -50  -65  -70  -39   -8  -10  -66   26  -36    0   15  -53  -22  -46  -54   45  -16  -44    6  -26  -44  121  -28   39   -2   74  -19  -13  117  165  334   64  133 1000  367  354  590  992  992  997  998
 12 Simple Predictor      6689  -173 -133  -55  -52 -258  -88  -18   -1   38   13  -15    0  183  -16  -10  -73   56  -37   20   88  -53  -35  220  139  -62  -14  292  265  -33  105  149   96  317  168  293  425  394  588  984  989  996  997
 13 ZQ Bot                6290  -273 -267 -239  -93 -279 -135  -97 -104   45 -153   53 -183    0  -76  -68  -85   40    8  -55  -17  -22   16  226  718  -38  -19    6   71   81  169  163  352  286  178  808  274  421  593  991  997  998  999
 14 Shofar                6285    29  -24   66    7  -11    8   22    9   54  -48   22   16   76    0   82  -26   63  -23   58   29  -35   15   88   62  -39   38   -6   81  -26   29  110   41  120  215  115  427  304  554  903  925  981  974
 15 Marble                6149  -222 -237 -238 -103  -85 -156  -79  -34   73  -85   46   10   68  -82    0 -144   59  -99   12   75   -3  -18  294   28  -72   -5  -20   69   47  171  175  114  331  153  931  230  369  592  996  995  998  995
 16 ACT-R Lag2            6051  -109  -50    5  -58    2  -24   -3    3   39   66   54   73   85   26  144    0   -5   -6  121   97  -21  -20  298   67  -79  -22   47   33  -74  194   53   86  538  142  200  234  310  575   49  997  998  986
 17 * Anti-rotn           5473   -45  -41  -56  -60  -43  -60  -48  -59  -43  -73  -45  -56  -40  -63  -59    5    0   21  -70   32   -9  -20  206  413  -47  -36   -5   54  -28  182   56   -4   74  307  500  508  143  499  492  999  998  994
 18 Yomi AI               5325   -68  -31   27   24   53   20    4   55   18   35   16   37   -8   23   99    6  -21    0   98   12  -63  -31  247   73   -5    7  -40   48  348   99   89   -5  412   68   19  197  230  528   66  787 1000  852
 19 Granite               5318  -255 -213 -235 -118 -106 -164  -70  -33   31 -114   44  -20   55  -58  -12 -121   70  -98    0   28  -40  -49  268  -20  -70  -40  -40   17   40  217  180   57  336  113  549  210  413  591  990  992 1000  993
 20 Mixed Strategy        4958   -85  -30  -16  -43  -26  -38  -55   46   17  -27   -6  -88   17  -29  -75  -97  -32  -12  -28    0  -12  -73   69   21  -85  -42  -10  -26   -9  156  173    9  267   93   79  226  392  470  959  938  992  978
 21 Vroomfondel           4753    -3   25   -5  -15   -3  -11  -18  -19   31  -72   26   53   22   35    3   21    9   63   40   12    0   46  156   53   20  -16   20    0   20   21   -3    6  193  149    1  260  149  484   18  995  992  995
 22 Majikthise            4715    -7   -8   20   -2   12  -38   23    8   54   -2   44   35  -16  -15   18   20   20   31   49   73  -46    0  240   41   -8  -37    8    4   -8   60   12  -18  260  106   35  257  128  428  -35  989  991  989
 23 Multi-strategy        2637  -272 -265 -158 -225 -245 -296 -206 -130 -154 -105 -121 -220 -226  -88 -294 -298 -206 -247 -268  -69 -156 -240    0 -113  -50  -20   17  287  -30  150  123   -1   81  313  500  454  426  999  997  997  999  997
 24 Inocencio             2017  -260 -214 -926 -105  -28 -121  -43  -39 -647  -58   28 -139 -718  -62  -28  -67 -413  -73   20  -21  -53  -41  113    0  -35  -11   -6  110  308  167  150   70  126   49   87  335  352  360  905  981  980  984
 25 * De Bruijn            525     2  -38    7   17   17   -2   -4    3   18   21  -39   62   38   39   72   79   47    5   70   85  -20    8   50   35    0   -1    5  -16  -38  -33   23   31   -2  -28  -32    0    8  128   -1   21    0 -112
 26 * Pi                   325    -1   20   23   14   23    6    3    8  -10   23    2   14   19  -38    5   22   36   -7   40   42   16   37   20   11    1    0  -21   -6   78    5  -81  -18    8  -13   16   14   -4   30   22  -11  -11  -12
 27 * Add-drift          -1592   -62  -89 -198   17 -258 -143  -12  -79 -101  -78  -74 -292   -6    6   20  -47    5   40   40   10  -20   -8  -17    6   -5   21    0    4   24  -49   -9  -43   24   21  -29  -39  -32  -20  -27  -33  -28  -32
 28 * Copy-drift         -1972  -195  -62  -16  -78 -238 -151  -28  -36  -95  -38   19 -265  -71  -81  -69  -33  -54  -48  -17   26    0   -4 -287 -110   16    6   -4    0   -5   -7   -2  -15  -48   19  -22   24   -3    8   10  -38    4   16
 29 * Foxtrot            -2305  -349 -391 -115 -385  -11 -189  -26  -21  -25  -10   13   33  -81   26  -47   74   28 -348  -40    9  -20    8   30 -308   38  -78  -24    5    0   -5    4   14  -22  -24   -4    5  -32    4  -54    2  -23   34
 30 * Flat               -2717  -178  -90 -111 -162  -48  -92  -19  -18 -197  -37 -117 -105 -169  -29 -171 -194 -182  -99 -217 -156  -21  -60 -150 -167   33   -5   49    7    5    0   10   16   22   24 -200   24  -18  260  210   11    0 -376
 31 * Text               -3093  -126  -87 -142 -152 -157  -79 -168 -126 -135  -32 -165 -149 -163 -110 -175  -53  -56  -89 -180 -173    3  -12 -123 -150  -23   81    9    2   -4  -10    0  -19  -11   -6    1   -1   29 -185  -74  -11 -185  113
 32 * Add-react          -3126  -318 -389 -291  -57 -102 -334  -66  -97 -180  -86 -334  -96 -352  -41 -114  -86    4    5  -57   -9   -6   18    1  -70  -31   18   43   15  -14  -16   19    0  -89  -26  -55  -17   24   18    9   17  -18   34
 33 Knucklehead          -3215  -578 -403 -304 -551 -297 -461 -398 -424 -122 -137  -64 -317 -286 -120 -331 -538  -74 -412 -336 -267 -193 -260  -81 -126    2   -8  -24   48   22  -22   11   89    0  -16  -70   21   28  135  725  967  994  963
 34 * Switch A Lot       -3364   -30  -57 -238 -151 -242 -146 -105 -207 -155 -130 -133 -168 -178 -215 -153 -142 -307  -68 -113  -93 -149 -106 -313  -49   28   13  -21  -19   24  -24    6   26   16    0  -83   -4  -25   18  314   21  -26   20
 35 Peterbot             -6821  -854 -912 -874 -788 -321 -920 -459 -532 -520 -995 -1000 -293 -808 -115 -931 -200 -500  -19 -549  -79   -1  -35 -500  -87   32  -16   29   22    4  200   -1   55   70   83    0  218  365  435  981  999 1000  995
 36 Always Switchin'     -7548  -222 -238 -449 -351 -470 -252 -473 -399 -265 -221 -367 -425 -274 -427 -230 -234 -508 -197 -210 -226 -260 -257 -454 -335    0  -14   39  -24   -5  -24    1   17  -21    4 -218    0   12   15  505  -31  -13  -47
 37 R-P-S 20-20-60       -8445  -356 -144 -391 -373 -367 -218 -413 -362 -418 -143 -354 -394 -421 -304 -369 -310 -143 -230 -413 -392 -149 -128 -426 -352   -8    4   32    3   32   18  -29  -24  -28   25 -365  -12    0 -373 -194   18 -407  433
 38 Beat Frequent Pick  -14387  -881 -931 -935 -914 -594 -594 -855 -753 -595 -407 -590 -588 -593 -554 -592 -575 -499 -528 -591 -470 -484 -428 -999 -360 -128  -30   20   -8   -4 -260  185  -18 -135  -18 -435  -15  373    0 -600    0  999  997
 39 Beat The Last Move  -18916  -991 -981 -988 -996 -993 -994 -938 -991 -990 -919 -992 -984 -991 -903 -996  -49 -492  -66 -990 -959  -18   35 -997 -905    1  -22   27  -10   54 -210   74   -9 -725 -314 -981 -505  194  600    0    1 1000  997
 40 Rotate R-P-S        -26035  -987 -992 -991 -993 -994 -991 -999 -990 -988 -949 -992 -989 -997 -925 -995 -997 -999 -787 -992 -938 -995 -989 -997 -981  -21   11   33   38   -2  -11   11  -17 -967  -21 -999   31  -18    0   -1    0    0 -655
 41 Good Ole Rock       -26125  -1000 -996 -999 -999 -1000 -998 -998 -995 -997 -935 -997 -996 -998 -981 -998 -998 -998 -1000 -1000 -992 -992 -991 -999 -980    0   11   28   -4   23    0  185   18 -994   26 -1000   13  407 -999 -1000    0    0  998
 42 * Anti-Flat         -28019  -986 -995 -996 -994 -990 -997 -994 -996 -997 -977 -998 -997 -999 -974 -995 -986 -994 -852 -993 -978 -995 -989 -997 -984  112   12   32  -16  -34  376 -113  -34 -963  -20 -995   47 -433 -997 -997  655 -998    0

 Match results (draw <= 50): 

    Player Name           total  W  L  D   1  2  3  4  5  6  7  8  9 10 11 12 13 14 15 16 17 18 19 20 21 22 23 24 25 26 27 28 29 30 31 32 33 34 35 36 37 38 39 40 41 42
  1 Phasenbott              68  27  0 14   1  1  2  2  2  1  2  2  1  1  1  1  1  1  2  1  1  2  1  1  1  2  2  2  1  2  2  2  2  2  2  2  2  2  2  2  2  2  2  2  2  2
  2 Iocaine Powder          66  25  0 16   1  1  1  1  2  1  1  1  2  1  2  1  1  1  2  1  1  2  1  2  1  2  2  2  1  2  2  2  2  2  2  2  2  2  2  1  2  2  2  2  2  2
  3 MegaHAL                 64  25  2 14   0  1  1  1  2  0  1  1  1  1  1  1  1  2  2  1  2  2  2  1  1  2  2  2  1  2  2  2  2  1  2  2  2  2  2  2  2  2  2  2  2  2
  4 Biopic                  64  24  1 16   0  1  1  1  1  1  1  1  2  1  1  1  1  1  2  1  2  2  2  1  1  2  2  2  1  2  1  2  2  2  2  2  2  2  2  2  2  2  2  2  2  2
  5 RussRocker4             61  23  3 15   0  0  0  1  1  1  1  1  1  1  1  1  1  1  2  1  1  2  2  1  1  2  2  2  1  2  2  2  2  2  2  2  2  2  2  2  2  2  2  2  2  2
  6 Shofar                  61  20  0 21   1  1  2  1  1  1  1  1  1  1  1  1  1  2  1  1  1  2  2  1  1  2  2  2  1  1  1  2  2  2  1  1  2  2  2  2  2  2  2  2  2  2
  7 Simple Modeller         59  20  2 19   0  1  1  1  1  1  1  1  1  2  0  1  1  1  2  1  1  2  1  1  1  2  2  1  1  1  2  2  2  2  1  2  2  2  2  2  2  2  2  2  2  2
  8 Robertot                58  18  1 22   0  1  1  1  1  1  1  1  1  1  1  1  1  2  1  1  1  2  1  2  1  2  2  1  1  1  1  2  2  1  1  2  2  2  2  2  2  2  2  2  2  2
  9 ACT-R Lag2              58  21  4 16   1  0  1  0  1  1  1  1  1  2  1  1  1  1  2  1  2  2  1  2  0  2  2  2  1  0  1  2  2  1  2  2  2  1  2  2  2  2  2  2  2  2
 10 Bugbrain                58  19  2 20   1  1  1  1  1  1  0  1  0  1  1  1  1  1  1  2  1  2  2  1  1  2  2  2  1  1  2  2  2  1  1  2  2  2  1  2  2  2  2  2  2  2
 11 Yomi AI                 57  18  2 21   1  0  1  1  1  1  2  1  1  1  1  2  1  1  1  0  1  2  1  1  1  2  1  2  1  2  1  2  1  1  2  1  2  2  2  2  2  2  2  2  2  2
 12 Boom                    57  17  1 23   1  1  1  1  1  1  1  1  1  1  0  1  1  1  1  1  2  1  2  1  1  1  2  1  1  1  2  2  2  1  1  2  2  2  2  2  2  2  2  2  2  2
 13 Majikthise              53  12  0 29   1  1  1  1  1  1  1  1  1  1  1  1  1  2  1  1  1  1  1  2  1  1  1  1  1  1  1  2  1  1  2  1  2  1  1  2  2  2  2  2  2  2
 14 Sweet Rocky             53  17  5 19   1  1  0  1  1  0  1  0  1  1  1  1  0  1  1  1  1  0  1  1  1  1  1  2  1  1  2  2  2  2  2  2  2  2  2  2  2  2  2  2  2  2
 15 Simple Predictor        52  20  9 12   0  0  0  0  0  1  0  1  0  1  1  1  1  1  1  0  1  1  2  2  0  1  2  2  1  1  2  2  2  2  2  2  2  2  2  2  2  2  2  2  2  2
 16 Vroomfondel             52  12  1 28   1  1  1  1  1  1  1  1  1  0  2  1  1  1  2  1  1  1  1  1  1  1  1  2  1  1  1  2  1  1  1  1  2  1  1  2  2  2  2  2  2  2
 17 Piedra                  51  15  5 21   1  1  0  0  1  1  1  1  0  1  1  0  1  1  1  1  1  1  1  1  1  1  0  1  1  1  2  2  2  1  2  2  2  2  2  2  2  2  2  2  2  2
 18 Marble                  48  19 12 10   0  0  0  0  0  0  0  0  0  0  0  1  1  2  1  1  1  1  2  2  0  1  2  1  1  1  1  2  2  2  2  2  2  2  2  2  2  2  2  2  2  2
 19 * Anti-rotn             47  15  9 17   1  1  0  0  0  0  1  1  1  0  1  0  1  1  0  1  1  0  1  1  1  0  1  2  1  1  1  2  2  2  2  1  2  2  2  2  2  2  2  2  2  2
 20 Mixed Strategy          47  13  7 21   1  0  1  1  1  1  1  0  0  1  1  1  0  1  0  1  1  0  1  1  0  1  1  1  1  1  1  2  2  1  2  1  2  2  2  2  2  2  2  2  2  2
 21 * De Bruijn             46   6  1 34   1  1  1  1  1  1  1  1  2  1  1  1  1  1  2  1  1  2  1  2  1  2  1  1  1  1  1  1  1  1  1  1  1  1  1  1  1  2  1  1  1  0
 22 Granite                 45  16 12 13   0  0  0  0  0  0  0  0  0  0  0  1  1  1  1  1  1  1  2  1  0  1  2  1  1  1  1  2  2  1  2  2  2  2  2  2  2  2  2  2  2  2
 23 ZQ Bot                  45  18 14  9   0  0  0  0  0  0  0  0  0  0  1  0  1  1  0  1  2  0  1  1  1  0  1  2  1  2  1  2  2  2  2  2  2  2  2  2  2  2  2  2  2  2
 24 Inocencio               42  15 14 12   0  0  0  0  0  0  1  1  0  0  0  1  1  0  0  0  1  1  0  1  1  1  0  1  1  2  1  2  2  2  2  2  2  2  2  1  2  2  2  2  2  2
 25 * Pi                    41   1  1 39   1  1  1  1  1  1  1  1  1  1  1  1  1  1  1  1  1  1  1  1  1  1  1  1  1  2  1  1  1  1  1  1  1  1  0  1  1  1  1  1  1  1
 26 * Foxtrot               32   1 10 30   0  0  0  0  0  1  1  1  2  1  0  1  1  1  1  1  1  1  1  1  1  1  0  0  0  1  1  1  1  1  1  1  1  0  1  1  1  1  1  1  1  1
 27 * Add-drift             31   0 10 31   0  0  0  1  0  1  0  1  1  0  1  0  1  0  0  1  0  1  1  1  1  1  1  1  1  1  1  1  1  1  1  1  1  1  1  1  1  1  1  1  1  1
 28 Multi-strategy          31  13 23  5   0  0  0  0  0  0  0  0  0  0  0  0  0  0  0  0  0  0  0  0  1  0  0  0  1  1  1  1  2  2  2  1  2  2  2  2  2  2  2  2  2  2
 29 Peterbot                31  11 21  9   0  0  0  0  0  0  0  0  0  0  1  0  1  0  0  1  0  0  0  0  1  0  0  0  1  1  1  0  1  1  2  2  2  2  1  2  2  2  2  2  2  2
 30 * Copy-drift            28   0 13 28   0  0  1  0  0  0  0  1  1  1  1  1  1  0  0  1  1  0  0  1  1  1  0  0  1  1  1  0  1  1  1  1  1  1  1  1  1  1  1  1  1  1
 31 * Flat                  23   2 20 19   0  0  0  0  0  1  1  1  0  1  0  1  0  0  0  1  0  0  0  0  1  0  0  0  1  1  1  0  0  1  1  1  1  2  1  1  1  2  1  1  1  0
 32 * Add-react             22   0 19 22   0  0  0  0  0  1  0  0  0  0  1  0  1  0  0  1  0  0  1  1  1  0  0  0  1  1  1  1  0  1  1  1  0  1  1  1  1  1  1  1  1  1
 33 Knucklehead             22   6 25 10   0  0  0  0  0  0  0  0  0  0  0  0  0  0  0  0  0  0  0  0  1  0  0  0  1  1  1  0  0  1  1  2  1  2  1  1  1  2  2  2  1  2
 34 Beat The Last Move      21   6 26  9   0  0  0  0  0  0  0  0  1  0  0  0  1  0  0  1  0  0  0  0  1  0  0  0  1  2  1  0  0  1  0  1  0  1  2  0  0  2  2  1  2  2
 35 * Text                  19   2 24 15   0  0  0  0  0  0  0  0  0  1  0  0  1  0  0  1  0  0  0  0  1  0  0  0  2  1  1  0  1  1  1  1  1  0  1  1  1  0  0  1  1  2
 36 * Switch A Lot          19   1 23 17   0  1  0  0  0  0  0  0  0  0  0  0  0  0  0  0  0  0  0  0  1  0  0  1  1  1  1  0  0  1  1  1  1  2  1  1  1  1  1  1  1  1
 37 Always Switchin'        17   1 25 15   0  0  0  0  0  0  0  0  0  0  0  0  0  0  0  0  0  0  0  0  1  0  0  0  1  1  1  0  0  1  1  1  1  2  1  1  1  1  1  1  1  1
 38 Beat Frequent Pick      16   4 29  8   0  0  0  0  0  0  0  0  0  0  0  0  0  0  0  0  0  0  0  0  0  0  0  0  1  1  1  0  0  1  0  1  0  0  2  1  1  1  2  1  2  2
 39 Good Ole Rock           16   3 28 10   0  0  0  0  0  0  0  0  0  0  0  0  0  0  0  0  0  0  0  0  1  0  0  0  1  1  1  0  0  1  1  1  0  0  2  1  1  0  1  1  2  2
 40 Rotate R-P-S            14   0 27 14   0  0  0  0  0  0  0  0  0  0  0  0  0  0  0  0  0  0  0  0  1  0  0  0  1  1  1  0  0  1  1  1  0  1  1  1  1  1  1  1  1  0
 41 R-P-S 20-20-60          14   1 28 12   0  0  0  0  0  0  0  0  0  0  0  0  0  0  0  0  0  0  0  0  1  0  0  0  1  1  1  0  0  1  1  1  1  0  1  1  1  0  0  1  1  2
 42 * Anti-Flat             13   3 31  7   0  0  0  0  0  0  0  0  0  0  0  0  0  0  0  0  0  0  0  0  2  0  0  0  1  1  1  0  0  1  2  1  0  0  0  1  1  0  0  2  0  1


   Yomi AI is match ranked 11

 Tournament results:
    Player Name          total 
  1 Yomi AI               5325 
 15 * Anti-rotn           5473 
 19 Iocaine Powder       10527 
 20 Phasenbott           10177 
 21 MegaHAL              10011 
 22 RussRocker4           7619 
 23 Biopic                8747 
 24 Simple Modeller       8045 
 25 Simple Predictor      6689 
 26 Robertot              7423 
 27 Boom                  7237 
 28 Shofar                6285 
 29 ACT-R Lag2            6051 
 33 Marble                6149 
 34 ZQ Bot                6290 
 35 Sweet Rocky           6845 
 36 Piedra                6717 
 41 Bugbrain              6822 

   Yomi is tournament ranked 18

