 Playing 1 tournaments with 1000 trials per match...

 Yomi AI            vs Good Ole Rock       Match: 1000 (1000+   0-   0=)
 Yomi AI            vs R-P-S 20-20-60      Match:  238 (465+ 227- 308=)
 Yomi AI            vs Rotate R-P-S        Match:  653 (700+  47- 253=)
 Yomi AI            vs Beat The Last Move  Match:  105 (384+ 279- 337=)
 Yomi AI            vs Always Switchin'    Match:  141 (413+ 272- 315=)
 Yomi AI            vs Beat Frequent Pick  Match:  386 (579+ 193- 228=)
 Yomi AI            vs * Pi                Match:  -15 (339+ 354- 307=)
 Yomi AI            vs * Switch A Lot      Match:  108 (401+ 293- 306=)
 Yomi AI            vs * Flat              Match:   86 (392+ 306- 302=)
 Yomi AI            vs * Anti-Flat         Match:  999 (999+   0-   1=)
 Yomi AI            vs * Foxtrot           Match:  249 (474+ 225- 301=)
 Yomi AI            vs * De Bruijn         Match:  -10 (314+ 324- 362=)
 Yomi AI            vs * Text              Match:   91 (384+ 293- 323=)
 Yomi AI            vs * Anti-rotn         Match:    4 (341+ 337- 322=)
 Yomi AI            vs * Copy-drift        Match:   37 (357+ 320- 323=)
 Yomi AI            vs * Add-react         Match:   73 (382+ 309- 309=)
 Yomi AI            vs * Add-drift         Match:   10 (343+ 333- 324=)
 Yomi AI            vs Iocaine Powder      Match:    2 (333+ 331- 336=)
 Yomi AI            vs Phasenbott          Match:   10 (336+ 326- 338=)
 Yomi AI            vs MegaHAL             Match:   17 (353+ 336- 311=)
 Yomi AI            vs RussRocker4         Match:   15 (357+ 342- 301=)
 Yomi AI            vs Biopic              Match:   19 (350+ 331- 319=)
 Yomi AI            vs Simple Modeller     Match:   41 (357+ 316- 327=)
 Yomi AI            vs Simple Predictor    Match:   94 (385+ 291- 324=)
 Yomi AI            vs Robertot            Match:    1 (339+ 338- 323=)
 Yomi AI            vs Boom                Match:   43 (361+ 318- 321=)
 Yomi AI            vs Shofar              Match:    3 (330+ 327- 343=)
 Yomi AI            vs ACT-R Lag2          Match:    1 (338+ 337- 325=)
 Yomi AI            vs Majikthise          Match:   -6 (334+ 340- 326=)
 Yomi AI            vs Vroomfondel         Match:   29 (362+ 333- 305=)
 Yomi AI            vs Granite             Match:   46 (386+ 340- 274=)
 Yomi AI            vs Marble              Match:   41 (359+ 318- 323=)
 Yomi AI            vs ZQ Bot              Match:   35 (370+ 335- 295=)
 Yomi AI            vs Sweet Rocky         Match:   54 (362+ 308- 330=)
 Yomi AI            vs Piedra              Match:   39 (361+ 322- 317=)
 Yomi AI            vs Mixed Strategy      Match:   22 (355+ 333- 312=)
 Yomi AI            vs Multi-strategy      Match:  149 (415+ 266- 319=)
 Yomi AI            vs Inocencio           Match:   67 (367+ 300- 333=)
 Yomi AI            vs Peterbot            Match:  -18 (329+ 347- 324=)
 Yomi AI            vs Bugbrain            Match:   -4 (352+ 356- 292=)
 Yomi AI            vs Knucklehead         Match:  405 (563+ 158- 279=)
 Final results (draw value = 50):

 Tournament results: 

    Player Name          total     1    2    3    4    5    6    7    8    9   10   11   12   13   14   15   16   17   18   19   20   21   22   23   24   25   26   27   28   29   30   31   32   33   34   35   36   37   38   39   40   41   42
  1 Iocaine Powder       11406     0   85   72   14    7  524    4   18  203  239   20    5  214   58   65   78   15  322   -2  -22   66  149  368   -3  -49  570  303  210  227  193  552  370  123   70  875  215  371  905  985  987 1000 1000
  2 Phasenbott            9991   -85    0   49   22   72  526    4    4  136  183    7   22  213   30   40   64   31  270  -10   -7   25   47  316   18    6  201  346  167   98   75  422  335   63   57  955  212  184  930  989  994  996  984
  3 MegaHAL               9400   -72  -49    0   13  -23   92    4    4   62  237   59   -2  228   25   14   50   14  256  -17   28  -37  111  166   12   -2  172   51  165   38   96  379  278  189  214  907  444  394  925  990  990  999  996
  4 Biopic                8849   -14  -22  -13    0   11  -20   16   36   22  138   28    9  125   51  -31   44   35  121  -19    4  -33   53  268   -8  -11  115  401   84  151  172  492   97  159  213  656  318  413  809  994  995  996  994
  5 Simple Modeller       8700    -7  -72   23  -11    0  -14   31  -19  313   56   63  -10   90  -28    9   55   16  277  -41  -18  -12  102  194  -81  -20  790  -19  223  227   60  277  103  134  210  328  478  422  593  992  992  999  995
  6 RussRocker4           7837  -524 -526  -92   20   14    0  -24   28  102  164   66   23  160   65  -16   54   48  143  -15   15    9   88  253  -20   18  187  181   68   82  112  491  363   98  154  925  240  318  585  994  991  999  996
  7 Boom                  7761    -4   -4   -4  -16  -31   24    0   32  -72   -5   55   -5   47    8   30   42   36   46  -43  -27   -8   31  286   -6   11   78   25   85   88   93  454  104  142  289  391  439  425  753  991  990  997  994
  8 Robertot              7450   -18   -4   -4  -36   19  -28  -32    0   56   90   58   40   16   24  -23   53   57   93   -1  -17  -18   59  257   23  -39    5   34   44   44   17  425  105  173   71  500  456  415  744  813  989  999  991
  9 Simple Predictor      7325  -203 -136  -62  -22 -313 -102   72  -56    0   -9   64   17  -11  -98   12   65    5  185  -94  -63   -1   99  179  -79  -21  781  -14  270  324  112  303  117  149  174  318  424  386  592  985  989  993  994
 10 Granite               6977  -239 -183 -237 -138  -56 -164    5  -90    9    0   40  -33   25 -106  -61   75    1   49  -46  -17  -55   52  294  -55  -45  652   88   57  125  192  290   97  175  179  907  224  390  593  994  995  999  995
 11 Piedra                6848   -20   -7  -59  -28  -63  -66  -55  -58  -64  -40    0  -40   -1  -47  -63   -9  -14  -62  -39  -43  -20  -35  106   -6  -17  743  -27  115    6  130  159  381  168  163  638  197  356  593  990  996  996  994
 12 Shofar                6365    -5  -22    2   -9   10  -23    5  -40  -17   33   40    0   94   -3  -41   29   33   81   -3    4   29  104   88   18   13  285  -58   33   58   -5  157   -8  117  205   38  424  360  554  908  930  975  972
 13 Marble                6221  -214 -213 -228 -125  -90 -160  -47  -16   11  -25    1  -94    0  -84  -63   42   49   38  -41  -33  -85   -5  306  -29  -27  651   47   41  -11  157  303   92  181  138  549  226  410  594  991  990  999  995
 14 ACT-R Lag2            5975   -58  -30  -25  -51   28  -65   -8  -24   98  106   47    3   84    0   67   13   40   37   -1   -1   35   76  251 -109    8  120  -33    0   37   71  526   92   93  144  203  293  339  577    3  995 1000  994
 15 Bugbrain              5942   -65  -40  -14   31   -9   16  -30   23  -12   61   63   41   63  -67    0   43   20  200    4  -59   27   31  153   16  -32   31  -30   80   31   68  121   99   66   83  235  233  191  433  939  944  977  977
 16 * Anti-rotn           5543   -78  -64  -50  -44  -55  -54  -42  -53  -65  -75    9  -29  -42  -13  -43    0  -42  -42   -4   -3   -5  -38  247  -46  -38  769  -19    7   24  215   56   -2   55  335   21  487  181  596  494  998  996  999
 17 Sweet Rocky           5528   -15  -31  -14  -35  -16  -48  -36  -57   -5   -1   14  -33  -49  -40  -20   42    0  -45  -54  -28  -21   22   95   11   22  -42  -16  -39   22  138  173   88  139   72  118  252  388  594  991  994 1000  998
 18 ZQ Bot                5412  -322 -270 -256 -121 -277 -143  -46  -93 -185  -49   62  -81  -38  -37 -200   42   45    0  -35  -49  -64   41  275  -11   -6  -73   61   64   52  164  269  301  173  236  871  166  365  593  992  997  999 1000
 19 Yomi AI               5260     2   10   17   19   41   15   43    1   94   46   39    3   41    1   -4    4   54   35    0   -6   29   22  149  -10  -15   67  249   10   37   86  405   73   91  108  -18  141  238  386  105  653 1000  999
 20 Majikthise            4846    22    7  -28   -4   18  -15   27   17   63   17   43   -4   33    1   59    3   28   49    6    0  -57   24  195  -12   45   98   24   24   31   42  229  -23   33  114   -8  242  131  422  -29  992  992  995
 21 Vroomfondel           4813   -66  -25   37   33   12   -9    8   18    1   55   20  -29   85  -35  -27    5   21   64  -29   57    0   43  220  -15   36   86   13  -21    5   93  197  -43   48  125    5  219  197  445  -13  992  993  992
 22 Mixed Strategy        4634  -149  -47 -111  -53 -102  -88  -31  -59  -99  -52   35 -104    5  -76  -31   38  -22  -41  -22  -24  -43    0   41  -77  -15  155    8   58   26   26  123   90  174   72   76   75  426  548  963  977  994  970
 23 Multi-strategy        2413  -368 -316 -166 -268 -194 -253 -286 -257 -179 -294 -106  -88 -306 -251 -153 -247  -95 -275 -149 -195 -220  -41    0  -50  -20  -72    5   23  234  168   -4   67  123  269  500  473  413  999  997  997  999  999
 24 * De Bruijn            710     3  -18  -12    8   81   20    6  -23   79   55    6  -18   29  109  -16   46  -11   11   10   12   15   77   50    0   -1   17   16    7   30   21   22   20   23   20  -10   -8    1  128   -1   21    0 -115
 25 * Pi                    42    49   -6    2   11   20  -18  -11   39   21   45   17  -13   27   -8   32   38  -22    6   15  -45  -36   15   20    1    0   21  -41   34  -22   -9  -18  -45  -81  -21   25   -8  -12   30   22  -11  -11  -10
 26 Inocencio             -345  -570 -201 -172 -115 -790 -187  -78   -5 -781 -652 -743 -285 -651 -120  -31 -769   42   73  -67  -98  -86 -155   72  -17  -21    0  272   17   74  121  190   61  155   79  206  208  421  364  948  979  981  986
 27 * Foxtrot            -1864  -303 -346  -51 -401   19 -181  -25  -34   14  -88   27   58  -47   33   30   19   16  -61 -249  -24  -13   -8   -5  -16   41 -272    0   25   19   26   39  -22   12   -6  -43   41  -25   -2  -14  -23  -25    1
 28 * Add-drift          -1979  -210 -167 -165  -84 -223  -68  -85  -44 -270  -57 -115  -33  -41    0  -80   -7   39  -64  -10  -24   21  -58  -23   -7  -34  -17  -25    0  -31  -75   -1   28  -41   -4    6    1   24   -7   11   13  -68   16
 29 * Copy-drift         -2047  -227  -98  -38 -151 -227  -82  -88  -44 -324 -125   -6  -58   11  -37  -31  -24  -22  -52  -37  -31   -5  -26 -234  -30   22  -74  -19   31    0   29 -114   -1   44  -26   20  -16   15  -17   -4   28   -7   28
 30 * Flat               -2831  -193  -75  -96 -172  -60 -112  -93  -17 -112 -192 -130    5 -157  -71  -68 -215 -138 -164  -86  -42  -93  -26 -168  -21    9 -121  -26   75  -29    0    2    1  -28   -4 -205    2  -52  252  189    5    1 -406
 31 Knucklehead          -2912  -552 -422 -379 -492 -277 -491 -454 -425 -303 -290 -159 -157 -303 -526 -121  -56 -173 -269 -405 -229 -197 -123    4  -22   18 -190  -39    1  114   -2    0   44  -13   15  -40   24   26  143  937  885  990  996
 32 * Add-react          -3277  -370 -335 -278  -97 -103 -363 -104 -105 -117  -97 -381    8  -92  -92  -99    2  -88 -301  -73   23   43  -90  -67  -20   45  -61   22  -28    1   -1  -44    0  -19   -8  -21   15   10   13  -20  -59   -9   83
 33 * Text               -3303  -123  -63 -189 -159 -134  -98 -142 -173 -149 -175 -168 -117 -181  -93  -66  -55 -139 -173  -91  -33  -48 -174 -123  -23   81 -155  -12   41  -44   28   13   19    0  -32   17  -29    1 -185  -74  -11 -185  113
 34 * Switch A Lot       -3532   -70  -57 -214 -213 -210 -154 -289  -71 -174 -179 -163 -205 -138 -144  -83 -335  -72 -236 -108 -114 -125  -72 -269  -20   21  -79    6    4   26    4  -15    8   32    0 -120  -26   43   11  285    0  -16   -1
 35 Peterbot             -4765  -875 -955 -907 -656 -328 -925 -391 -500 -318 -907 -638  -38 -549 -203 -235  -21 -118 -871   18    8   -5  -76 -500   10  -25 -206   43   -6  -20  205   40   21  -17  120    0  251  407  438  981  999  998  986
 36 Always Switchin'     -6782  -215 -212 -444 -318 -478 -240 -439 -456 -424 -224 -197 -424 -226 -293 -233 -487 -252 -166 -141 -242 -219  -75 -473    8    8 -208  -41   -1   16   -2  -24  -15   29   26 -251    0   12   14  488   16    9   12
 37 R-P-S 20-20-60       -9572  -371 -184 -394 -413 -422 -318 -425 -415 -386 -390 -356 -360 -410 -339 -191 -181 -388 -365 -238 -131 -197 -426 -413   -1   12 -421   25  -24  -15   52  -26  -10   -1  -43 -407  -12    0 -416 -140   -8 -440   16
 38 Beat Frequent Pick  -14133  -905 -930 -925 -809 -593 -585 -753 -744 -592 -593 -593 -554 -594 -577 -433 -596 -594 -593 -386 -422 -445 -548 -999 -128  -30 -364    2    7   17 -252 -143  -13  185  -11 -438  -14  416    0 -600    0  999  997
 39 Beat The Last Move  -19068  -985 -989 -990 -994 -992 -994 -991 -813 -985 -994 -990 -908 -991   -3 -939 -494 -991 -992 -105   29   13 -963 -997    1  -22 -948   14  -11    4 -189 -937   20   74 -285 -981 -488  140  600    0    1 1000  997
 40 Rotate R-P-S        -25860  -987 -994 -990 -995 -992 -991 -990 -989 -989 -995 -996 -930 -990 -995 -944 -998 -994 -997 -653 -992 -992 -977 -997  -21   11 -979   23  -13  -28   -5 -885   59   11    0 -999  -16    8    0   -1    0    0 -658
 41 Good Ole Rock       -26116  -1000 -996 -999 -996 -999 -999 -997 -999 -993 -999 -996 -975 -999 -1000 -977 -996 -1000 -999 -1000 -992 -993 -994 -999    0   11 -981   25   68    7   -1 -990    9  185   16 -998   -9  440 -999 -1000    0    0  998
 42 * Anti-Flat         -27862  -1000 -984 -996 -994 -995 -996 -994 -991 -994 -995 -994 -972 -995 -994 -977 -999 -998 -1000 -999 -995 -992 -970 -999  115   10 -986   -1  -16  -28  406 -996  -83 -113    1 -986  -12  -16 -997 -997  658 -998    0

 Match results (draw <= 50): 

    Player Name           total  W  L  D   1  2  3  4  5  6  7  8  9 10 11 12 13 14 15 16 17 18 19 20 21 22 23 24 25 26 27 28 29 30 31 32 33 34 35 36 37 38 39 40 41 42
  1 Iocaine Powder          71  30  0 11   1  2  2  2  1  1  1  1  1  2  1  2  2  2  1  1  2  1  2  2  1  2  2  1  2  2  2  2  2  2  2  2  2  2  2  2  2  2  2  2  2  2
  2 Phasenbott              65  25  1 15   0  1  1  2  1  2  1  1  1  1  1  1  1  2  1  1  2  1  2  2  1  2  1  1  2  2  2  2  2  2  2  2  2  2  2  2  2  2  2  2  2  2
  3 MegaHAL                 64  24  1 16   0  1  1  2  1  1  1  1  1  1  1  1  1  2  1  1  2  2  2  1  1  2  2  1  2  2  2  2  1  2  2  2  2  2  2  2  2  2  2  2  2  2
  4 RussRocker4             64  26  3 12   0  0  0  1  1  1  1  1  1  1  1  2  1  2  1  1  2  2  2  2  1  2  2  1  2  2  2  2  2  2  2  2  2  2  2  2  2  2  2  2  2  2
  5 Biopic                  64  23  0 18   1  1  1  1  1  1  1  1  1  1  1  2  1  1  1  1  2  1  2  1  1  2  2  1  2  2  2  2  2  2  2  2  2  2  2  2  2  2  2  2  2  2
  6 Simple Modeller         63  24  2 15   1  0  1  1  1  1  1  1  1  1  1  1  1  2  1  1  2  2  2  2  0  2  2  1  2  1  2  2  2  2  2  2  2  2  2  2  2  2  2  2  2  2
  7 Robertot                61  20  0 21   1  1  1  1  1  1  1  1  1  1  1  1  1  2  2  1  2  2  2  2  1  1  2  1  1  1  2  2  1  1  2  2  1  2  2  2  2  2  2  2  2  2
  8 Yomi AI                 58  17  0 24   1  1  1  1  1  1  1  1  1  1  1  1  1  2  2  1  1  1  1  1  1  1  1  1  2  2  2  1  1  1  2  2  2  2  2  2  2  2  2  2  2  2
  9 Boom                    58  18  1 22   1  1  1  1  1  1  1  1  1  1  1  1  1  0  1  1  1  2  1  1  1  1  1  1  2  1  2  2  2  2  2  2  2  2  2  2  2  2  2  2  2  2
 10 Bugbrain                57  19  3 19   0  1  1  1  1  1  1  1  1  1  1  0  1  1  1  0  2  2  2  1  1  2  1  1  1  1  2  2  1  2  2  2  2  2  2  2  2  2  2  2  2  2
 11 Shofar                  56  16  1 24   1  1  1  1  1  1  1  1  1  1  1  1  1  1  1  1  1  1  2  1  1  2  2  1  2  0  2  1  2  1  2  1  1  2  2  2  2  2  2  2  2  2
 12 ACT-R Lag2              56  19  4 18   0  1  1  0  0  1  1  1  1  2  1  1  1  2  1  1  2  1  1  1  0  2  2  1  2  1  2  2  1  1  2  2  2  1  2  2  2  2  2  2  2  2
 13 Vroomfondel             55  15  1 25   0  1  1  1  1  1  1  1  1  1  1  1  1  1  1  2  2  1  2  1  1  2  1  1  2  1  2  1  1  1  2  1  2  1  1  2  2  2  2  2  2  2
 14 Simple Predictor        53  22 10  9   0  0  0  0  1  0  0  0  2  1  1  0  1  1  1  0  1  2  2  2  0  1  2  1  2  1  2  2  2  2  2  2  2  2  2  2  2  2  2  2  2  2
 15 Sweet Rocky             53  14  2 25   1  1  1  1  1  1  0  0  1  1  1  1  1  1  1  1  1  1  1  1  1  1  1  1  1  1  2  2  1  1  2  2  2  2  2  2  2  2  2  2  2  2
 16 Majikthise              52  12  1 28   1  1  1  1  1  1  1  1  1  2  1  1  0  2  1  1  1  1  1  1  1  1  1  1  2  1  2  1  1  1  2  1  1  1  1  2  2  2  2  2  2  2
 17 Granite                 50  20 11 10   0  0  0  0  0  0  0  1  1  0  1  0  0  1  1  1  1  1  1  2  0  1  2  1  2  2  2  2  2  2  2  2  2  2  2  2  2  2  2  2  2  2
 18 Piedra                  49  16  8 17   1  1  0  0  1  0  0  1  0  0  1  1  1  0  1  1  1  1  0  1  1  1  1  1  2  1  2  2  1  2  2  2  2  2  2  2  2  2  2  2  2  2
 19 ZQ Bot                  47  18 12 11   0  0  0  0  0  0  0  1  1  0  0  1  0  0  1  1  1  2  1  1  1  1  1  1  0  2  2  2  2  2  2  2  2  2  2  2  2  2  2  2  2  2
 20 * Anti-rotn             47  13  7 21   0  0  1  0  1  0  0  1  1  1  1  1  1  0  1  1  0  1  1  1  1  1  1  1  2  1  2  1  1  1  2  1  2  2  2  2  2  2  2  2  2  2
 21 * De Bruijn             46   6  1 34   1  1  1  1  1  2  1  1  1  1  1  2  1  2  1  1  2  1  1  1  1  1  2  1  1  1  1  1  1  1  1  1  1  1  1  1  1  1  2  1  1  0
 22 Marble                  46  15 10 16   0  0  0  0  0  0  1  1  1  0  0  0  0  1  1  1  1  1  1  1  1  1  1  1  2  1  2  2  1  1  2  2  2  2  2  2  2  2  2  2  2  2
 23 Mixed Strategy          44  14 11 16   0  1  0  0  0  0  0  1  1  1  0  0  1  0  1  1  0  1  1  1  0  1  1  1  2  1  1  2  1  2  2  2  1  2  2  2  2  2  2  2  2  2
 24 * Pi                    40   0  1 40   1  1  1  1  1  1  1  1  1  1  1  1  1  1  1  1  1  1  1  1  1  1  1  1  1  1  1  1  1  1  1  1  1  1  0  1  1  1  1  1  1  1
 25 Inocencio               40  17 18  6   0  0  0  0  0  0  1  0  0  1  0  0  0  0  1  0  0  0  2  0  1  0  0  1  1  2  2  2  2  1  2  2  2  2  2  2  2  2  2  2  2  2
 26 * Foxtrot               33   1  9 31   0  0  0  0  0  1  1  0  1  1  2  1  1  1  1  1  0  1  0  1  1  1  1  1  0  1  1  1  1  1  1  1  1  1  1  1  1  1  1  1  1  1
 27 Multi-strategy          32  13 22  6   0  0  0  0  0  0  0  0  0  0  0  0  0  0  0  0  0  0  0  0  1  0  1  1  0  1  1  2  2  1  1  2  2  2  2  2  2  2  2  2  2  2
 28 Peterbot                31   9 19 13   0  0  0  0  0  0  0  1  0  0  1  0  1  0  0  1  0  0  0  1  1  0  0  1  0  1  0  1  1  1  1  1  2  2  1  2  2  2  2  2  2  2
 29 * Copy-drift            28   0 13 28   0  0  1  0  0  0  1  1  0  1  0  1  1  0  1  1  0  1  0  1  1  1  1  1  0  1  0  1  1  1  0  1  1  1  1  1  1  1  1  1  1  1
 30 * Add-drift             26   0 15 26   0  0  0  0  0  0  1  1  0  0  1  1  1  0  1  1  0  0  0  1  1  1  0  1  1  1  1  1  1  1  1  1  0  1  1  1  1  0  1  1  1  1
 31 Knucklehead             24   6 23 12   0  0  0  0  0  0  0  0  0  0  0  0  0  0  0  0  0  0  0  0  1  0  0  1  0  1  1  1  2  1  1  1  1  2  1  1  1  2  2  2  1  2
 32 * Add-react             21   1 21 19   0  0  0  0  0  0  0  0  0  0  1  0  1  0  0  1  0  0  0  1  1  0  0  1  0  1  0  1  1  1  1  1  1  1  1  1  1  1  1  0  1  2
 33 * Flat                  21   3 23 15   0  0  0  0  0  0  1  0  0  0  1  0  0  0  0  1  0  0  0  0  1  0  1  1  0  1  0  0  1  2  1  1  1  2  1  1  1  1  2  1  0  0
 34 Beat The Last Move      20   5 26 10   0  0  0  0  0  0  0  0  0  0  0  1  1  0  0  1  0  0  0  0  1  0  0  1  0  1  0  0  1  1  0  1  0  1  2  0  0  2  2  1  2  2
 35 * Text                  18   2 25 14   0  0  0  0  0  0  0  0  0  0  0  0  1  0  0  1  0  0  0  0  1  0  0  2  0  1  0  1  1  1  1  1  1  0  1  1  1  0  0  1  1  2
 36 Always Switchin'        17   1 25 15   0  0  0  0  0  0  0  0  0  0  0  0  0  0  0  0  0  0  0  0  1  0  0  1  0  1  0  0  1  1  1  1  1  2  1  1  1  1  1  1  1  1
 37 * Switch A Lot          17   1 25 15   0  0  0  0  0  0  0  0  0  0  0  0  0  0  0  0  0  0  0  0  1  0  0  1  0  1  0  0  1  1  1  1  1  2  1  1  1  1  1  1  1  1
 38 Good Ole Rock           17   4 28  9   0  0  0  0  0  0  0  0  0  0  0  0  0  0  0  0  0  0  0  0  1  0  0  1  0  1  0  0  1  2  0  1  1  0  2  1  1  1  0  1  2  2
 39 Beat Frequent Pick      16   4 29  8   0  0  0  0  0  0  0  0  0  0  0  0  0  0  0  0  0  0  0  0  0  0  0  1  0  1  0  0  1  1  0  1  0  0  2  1  1  2  1  1  2  2
 40 Rotate R-P-S            15   1 27 13   0  0  0  0  0  0  0  0  0  0  0  0  0  0  0  0  0  0  0  0  1  0  0  1  0  1  0  0  1  1  0  2  1  1  1  1  1  1  1  1  1  0
 41 R-P-S 20-20-60          14   1 28 12   0  0  0  0  0  0  0  0  0  0  0  0  0  0  0  0  0  0  0  0  1  0  0  1  0  1  0  0  1  1  1  1  2  0  1  1  1  0  0  1  1  1
 42 * Anti-Flat             13   3 31  7   0  0  0  0  0  0  0  0  0  0  0  0  0  0  0  0  0  0  0  0  2  0  0  1  0  1  0  0  1  1  0  0  2  0  0  1  1  0  0  2  1  1


   Yomi AI is match ranked 8

 Tournament results:
    Player Name          total 
  1 Yomi AI               5260 
 15 * Anti-rotn           5543 
 19 Iocaine Powder       11406 
 20 Phasenbott            9991 
 21 MegaHAL               9400 
 22 RussRocker4           7837 
 23 Biopic                8849 
 24 Simple Modeller       8700 
 25 Simple Predictor      7325 
 26 Robertot              7450 
 27 Boom                  7761 
 28 Shofar                6365 
 29 ACT-R Lag2            5975 
 32 Granite               6977 
 33 Marble                6221 
 34 ZQ Bot                5412 
 35 Sweet Rocky           5528 
 36 Piedra                6848 
 41 Bugbrain              5942 

   Yomi is tournament ranked 19

