 Playing 1 tournaments with 1000 trials per match...

 Yomi AI            vs Good Ole Rock       Match: 1000 (1000+   0-   0=)
 Yomi AI            vs R-P-S 20-20-60      Match:  230 (486+ 256- 258=)
 Yomi AI            vs Rotate R-P-S        Match:  422 (629+ 207- 164=)
 Yomi AI            vs Beat The Last Move  Match:   65 (382+ 317- 301=)
 Yomi AI            vs Always Switchin'    Match:  136 (433+ 297- 270=)
 Yomi AI            vs Beat Frequent Pick  Match:  466 (693+ 227-  80=)
 Yomi AI            vs * Pi                Match:   -7 (342+ 349- 309=)
 Yomi AI            vs * Switch A Lot      Match:  117 (393+ 276- 331=)
 Yomi AI            vs * Flat              Match:  110 (401+ 291- 308=)
 Yomi AI            vs * Anti-Flat         Match:  374 (577+ 203- 220=)
 Yomi AI            vs * Foxtrot           Match:  283 (533+ 250- 217=)
 Yomi AI            vs * De Bruijn         Match:  -36 (323+ 359- 318=)
 Yomi AI            vs * Text              Match:  111 (410+ 299- 291=)
 Yomi AI            vs * Anti-rotn         Match:    0 (340+ 340- 320=)
 Yomi AI            vs * Copy-drift        Match:  -65 (306+ 371- 323=)
 Yomi AI            vs * Add-react         Match:   76 (381+ 305- 314=)
 Yomi AI            vs * Add-drift         Match:   54 (362+ 308- 330=)
 Yomi AI            vs Iocaine Powder      Match:  -68 (301+ 369- 330=)
 Yomi AI            vs Phasenbott          Match:  -75 (296+ 371- 333=)
 Yomi AI            vs MegaHAL             Match:   -3 (350+ 353- 297=)
 Yomi AI            vs RussRocker4         Match:   -3 (347+ 350- 303=)
 Yomi AI            vs Biopic              Match:  -17 (346+ 363- 291=)
 Yomi AI            vs Simple Modeller     Match:   24 (351+ 327- 322=)
 Yomi AI            vs Simple Predictor    Match:   -4 (349+ 353- 298=)
 Yomi AI            vs Robertot            Match:   16 (339+ 323- 338=)
 Yomi AI            vs Boom                Match:   -3 (340+ 343- 317=)
 Yomi AI            vs Shofar              Match:    1 (338+ 337- 325=)
 Yomi AI            vs ACT-R Lag2          Match:  -29 (328+ 357- 315=)
 Yomi AI            vs Majikthise          Match:   -8 (331+ 339- 330=)
 Yomi AI            vs Vroomfondel         Match:  -38 (321+ 359- 320=)
 Yomi AI            vs Granite             Match:  122 (457+ 335- 208=)
 Yomi AI            vs Marble              Match:   70 (408+ 338- 254=)
 Yomi AI            vs ZQ Bot              Match:  102 (443+ 341- 216=)
 Yomi AI            vs Sweet Rocky         Match:   46 (399+ 353- 248=)
 Yomi AI            vs Piedra              Match:   45 (395+ 350- 255=)
 Yomi AI            vs Mixed Strategy      Match:   44 (377+ 333- 290=)
 Yomi AI            vs Multi-strategy      Match:  118 (418+ 300- 282=)
 Yomi AI            vs Inocencio           Match:   77 (407+ 330- 263=)
 Yomi AI            vs Peterbot            Match:   11 (337+ 326- 337=)
 Yomi AI            vs Bugbrain            Match:   18 (342+ 324- 334=)
 Yomi AI            vs Knucklehead         Match:  349 (572+ 223- 205=)
 Final results (draw value = 50):

 Tournament results: 

    Player Name          total     1    2    3    4    5    6    7    8    9   10   11   12   13   14   15   16   17   18   19   20   21   22   23   24   25   26   27   28   29   30   31   32   33   34   35   36   37   38   39   40   41   42
  1 Iocaine Powder       11410     0   63   77   44   29   27  176  540   24   20   39  218   54  289   34   15   44  310   39   67   27   68  347   67    6  450  233  214  350  191  104  304   35  571  234  869  372  898  987  982  999  993
  2 Phasenbott            9937   -63    0   41   24    8    9  127  509   33   29   28  205   12  271  -49   58   62  227  -19   77   48   75  264   26    8  195   65  125  400  113   74  341  151  364  173  927  107  925  985  995  993  994
  3 MegaHAL               9565   -77  -41    0  -39  -15   36   74   77  -11   34   10  262   30  268   -5  -12   65  237  -10   85    4    3  243   -7   59  206   80  185   30  154  142  273  186  380  465  925  350  941  989  995  998  996
  4 Simple Modeller       8950   -44  -24   39    0   57   67  250   -8   38   39   75   60   -9  133  -43   44   53  318  -28   96  -10  -24  212  -49   -3  353  261  213  -25   53  111  101  246  206  445  803  377  591  991  990  999  996
  5 Biopic                8291   -29   -8   15  -57    0  -15    7  -21   62    7   36  173   -5  124  -42    4   18  107  -26   29  -10   17  301   -5  -18  241  110   18  413  149  166   56  143  433  279  701  426  527  993  991  996  985
  6 Robertot              7896   -27   -9  -36  -67   15    0   38  -57   48  -35   41   78    4   71   -5   17   74   92  -45   51   19  -16  284  -30  -11   30    7   56   27   38  184   97   90  392  456  788  389  879  980  995 1000  994
  7 Simple Predictor      7869  -176 -127  -74 -250   -7  -38    0  -84   12    3   28   54  -17  -23   -6   14   46  119  -47   22  -33    4  191  -73   19  693  268  283   16  110  149  118  214  316  412  751  428  588  985  989  996  996
  8 RussRocker4           7725  -540 -509  -77    8   21   57   84    0   27   28   12  148  -10  111  -10   34   49  173   25   49    1    3  309  -23   -7  141  128  138  206   61   43  353  178  461  251  920  313  587  993  992 1000  997
  9 Piedra                7350   -24  -33   11  -38  -62  -48  -12  -27    0  -52   31  -32  -22  -57  -47  -81   38  -12    9   13  -31  -45   44  -42  -18  774   25   47   -5   95  176  197  122  162  413  916  392  592  993  995  998  995
 10 Boom                  7319   -20  -29  -34  -39   -7   35   -3  -28   52    0   62   36  -23   96  -37  -29   66   65  -15   41  -11    3  269  -17  -30   54   33  129  -14   64  125  132  120  413  451  375  357  753  946  989  997  992
 11 Sweet Rocky           6782   -39  -28  -10  -75  -36  -41  -28  -12  -31  -62    0  -64  -28  -52  -45  -49  -31  -35  -18    1  -22  -46  156  -32   10  -67   47   17    6  255  148  396  125  221  326  958  413  589  988  988  994  995
 12 Marble                6711  -218 -205 -262  -60 -173  -78  -54 -148   32  -36   64    0 -114   14  -30  -61   54   49  -18   44  -61  -70  271  -84  -22  653   11   25   87  235  174   84  194  307  240  858  436  594  992  995 1000  992
 13 ACT-R Lag2            6601   -54  -12  -30    9    5   -4   17   10   22   23   28  114    0   90    5    3   18   31   17   36    9   29  206  -60    4  783   20  -40  -30   84   89   66  136  522  246  197  366  574   91  992  998  991
 14 Granite               6415  -289 -271 -268 -133 -124  -71   23 -111   57  -96   52  -14  -90    0  -47  -44   68    5  -61   35   -9 -122  244  -96   23  636  -36   39   16  174  177  114  149  304  258  922  428  591  994  995  998  995
 15 Shofar                6264   -34   49    5   43   42    5    6   10   47   37   45   30   -5   47    0   13   34   22  -10   83  -17   -1   82    7  -15   42   31  -32   11   11  116   25  114   92  426  243  320  559  907  939  962  973
 16 Bugbrain              5749   -15  -58   12  -44   -4  -17  -14  -34   81   29   49   61   -3   44  -13    0   35  157    4   50  -28  -18   93  -17  -13   36   35   81    7   44   70   84   75  137  227  165  174  396  987  968  953  973
 17 * Anti-rotn           5393   -44  -62  -65  -53  -18  -74  -46  -49  -38  -66   31  -54  -18  -68  -34  -35    0  -51   29  -56   21    0  259  -45  -48  514   27   -3  -13  254   53   22  332   51  479   42  141  597  490  999  998  994
 18 ZQ Bot                5226  -310 -227 -237 -318 -107  -92 -119 -173   12  -65   35  -49  -31   -5  -22 -157   51    0  -57   99  -99 -102  195   12  -24  -59   59   31  -11   81  165  204  139  245  286  877  428  591  995  993  998  994
 19 Majikthise            4789   -39   19   10   28   26   45   47  -25   -9   15   18   18  -17   61   10   -4  -29   57    0   -7   47    8  199  -31  -18   35   -2   -4   21   66    5  -15  139  221  251    2  167  494    6  989  994  991
 20 Mixed Strategy        4629   -67  -77  -85  -96  -29  -51  -22  -49  -13  -41   -1  -44  -36  -35  -83  -50   56  -99    7    0  -21  -44   37  -59  -45  413   11  -29   -2  -37  122   38   42  141  100   65  311  491  964  973  996  977
 21 Vroomfondel           4566   -27  -48   -4   10   10  -19   33   -1   31   11   22   61   -9    9   17   28  -21   99  -47   21    0   38  179  -18  -50   57   11   34   20   96   16  -30   80  166  207   46  156  441  -40  996  994  991
 22 Yomi AI               4131   -68  -75   -3   24  -17   16   -4   -3   45   -3   46   70  -29  122    1   18    0  102   -8   44  -38    0  118  -36   -7   77  -65   54  283  110  111   76  117  349  136   11  230  466   65  422 1000  374
 23 Multi-strategy        2430  -347 -264 -243 -212 -301 -284 -191 -309  -44 -269 -156 -271 -206 -244  -82  -93 -259 -195 -199  -37 -179 -118    0  -50  -20  -76  242   13  -20   28  123   17  292   29  476  500  390  999  997  997  999  997
 24 * De Bruijn            742   -67  -26    7   49    5   30   73   23   42   17   32   84   60   96   -7   17   45  -12   31   59   18   36   50    0   -1   25  -10   13   24  -16   23    9  -14   15  -34   -5    6  128   -1   21    0 -103
 25 * Pi                    83    -6   -8  -59    3   18   11  -19    7   18   30  -10   22   -4  -23   15   13   48   24   18   45   50    7   20    1    0   29  -16    3  -38  -14  -81  -11   19  -29  -36    2   16   30   22  -11  -11  -12
 26 Inocencio             -109  -450 -195 -206 -353 -241  -30 -693 -141 -774  -54   67 -653 -783 -636  -42  -36 -514   59  -35 -413  -57  -77   76  -25  -29    0  125   -2  325  105  147   80  122  261  271  114  357  351  924  982  977  987
 27 * Copy-drift         -1528  -233  -65  -80 -261 -110   -7 -268 -128  -25  -33  -47  -11  -20   36  -31  -35  -27  -59    2  -11  -11   65 -242   10   16 -125    0   25   30   36    0   -1   11  -28   57   53  -11   14  -50    0   18   18
 28 * Add-drift          -1663  -214 -125 -185 -213  -18  -56 -283 -138  -47 -129  -17  -25   40  -39   32  -81    3  -31    4   29  -34  -54  -13  -13   -3    2  -25    0   35  -19  -20   20   36   -2  -20  -21   -3  -34   18   22  -40   -2
 29 * Foxtrot            -2241  -350 -400  -30   25 -413  -27  -16 -206    5   14   -6  -87   30  -16  -11   -7   13   11  -21    2  -20 -283   20  -24   38 -325  -30  -35    0  -18  -55   28    7    8  -43  -16   27   23   -2   -6  -30  -15
 30 * Flat               -2643  -191 -113 -154  -53 -149  -38 -110  -61  -95  -64 -255 -235  -84 -174  -11  -44 -254  -81  -66   37  -96 -110  -28   16   14 -105  -36   19   18    0   35  -15   18   28    6 -176  -23  233  229  -31    1 -445
 31 * Text               -3054  -104  -74 -142 -111 -166 -184 -149  -43 -176 -125 -148 -174  -89 -177 -116  -70  -53 -165   -5 -122  -16 -111 -123  -23   81 -147    0   20   55  -35    0   -1  -19  -63   10   26   27 -185  -74  -11 -185  113
 32 * Add-react          -3168  -304 -341 -273 -101  -56  -97 -118 -353 -197 -132 -396  -84  -66 -114  -25  -84  -22 -204   15  -38   30  -76  -17   -9   11  -80    1  -20  -28   15    1    0   44   22  -33  -56    3    5    3   42    4  -40
 33 * Switch A Lot       -3526   -35 -151 -186 -246 -143  -90 -214 -178 -122 -120 -125 -194 -136 -149 -114  -75 -332 -139 -139  -42  -80 -117 -292   14  -19 -122  -11  -36   -7  -18   19  -44    0  -14   19 -143  -15   32  304    7  -15  -58
 34 Knucklehead          -3785  -571 -364 -380 -206 -433 -392 -316 -461 -162 -413 -221 -307 -522 -304  -92 -137  -51 -245 -221 -141 -166 -349  -29  -15   29 -261   28    2   -8  -28   63  -22   14    0    7  -65  -36  125  724  194  992  955
 35 Always Switchin'     -7152  -234 -173 -465 -445 -279 -456 -412 -251 -413 -451 -326 -240 -246 -258 -426 -227 -479 -286 -251 -100 -207 -136 -476   34   36 -271  -57   20   43   -6  -10   33  -19   -7    0 -273  -11   69  500   14   27  -37
 36 Peterbot             -7473  -869 -927 -925 -803 -701 -788 -751 -920 -916 -375 -958 -858 -197 -922 -243 -165  -42 -877   -2  -65  -46  -11 -500    5   -2 -114  -53   21   16  176  -26   56  143   65  273    0  411  439  981  997 1000 1000
 37 R-P-S 20-20-60       -8980  -372 -107 -350 -377 -426 -389 -428 -313 -392 -357 -413 -436 -366 -428 -320 -174 -141 -428 -167 -311 -156 -230 -390   -6  -16 -357   11    3  -27   23  -27   -3   15   36   11 -411    0 -345 -137   -3 -396  120
 38 Beat Frequent Pick  -14152  -898 -925 -941 -591 -527 -879 -588 -587 -592 -753 -589 -594 -574 -591 -559 -396 -597 -591 -494 -491 -441 -466 -999 -128  -30 -351  -14   34  -23 -233  185   -5  -32 -125  -69 -439  345    0 -600    0  999  997
 39 Beat The Last Move  -19121  -987 -985 -989 -991 -993 -980 -985 -993 -993 -946 -988 -992  -91 -994 -907 -987 -490 -995   -6 -964   40  -65 -997    1  -22 -924   50  -18    2 -229   74   -3 -304 -724 -500 -981  137  600    0    1 1000  997
 40 Rotate R-P-S        -25042  -982 -995 -995 -990 -991 -995 -989 -992 -995 -989 -988 -995 -992 -995 -939 -968 -999 -993 -989 -973 -996 -422 -997  -21   11 -982    0  -22    6   31   11  -42   -7 -194  -14 -997    3    0   -1    0    0 -665
 41 Good Ole Rock       -26203  -999 -993 -998 -999 -996 -1000 -996 -1000 -998 -997 -994 -1000 -998 -998 -962 -953 -998 -998 -994 -996 -994 -1000 -999    0   11 -977  -18   40   30   -1  185   -4   15 -992  -27 -1000  396 -999 -1000    0    0  998
 42 * Anti-Flat         -26983  -993 -994 -996 -996 -985 -994 -996 -997 -995 -992 -995 -992 -991 -995 -973 -973 -994 -994 -991 -977 -991 -374 -997  103   12 -987  -18    2   15  445 -113   40   58 -955   37 -1000 -120 -997 -997  665 -998    0

 Match results (draw <= 50): 

    Player Name           total  W  L  D   1  2  3  4  5  6  7  8  9 10 11 12 13 14 15 16 17 18 19 20 21 22 23 24 25 26 27 28 29 30 31 32 33 34 35 36 37 38 39 40 41 42
  1 Iocaine Powder          69  28  0 13   1  2  1  2  1  1  2  1  2  1  2  2  1  1  1  1  1  2  2  2  1  2  2  2  1  2  2  2  2  2  2  2  2  2  2  1  2  2  2  2  2  2
  2 Phasenbott              67  27  1 13   0  1  1  1  1  1  2  1  2  2  1  2  1  1  1  1  1  2  2  1  2  2  2  2  1  2  2  2  2  2  2  2  2  2  2  2  2  2  2  2  2  2
  3 Simple Modeller         67  26  0 15   1  1  1  1  1  2  1  2  1  1  1  2  1  1  1  1  2  2  2  1  2  2  2  2  1  2  1  2  2  2  2  2  2  2  2  2  2  2  2  2  2  2
  4 MegaHAL                 65  25  1 15   0  1  1  1  1  1  2  1  1  1  1  2  1  1  1  1  1  2  2  1  2  2  2  2  2  2  1  2  2  2  2  2  2  2  2  2  2  2  2  2  2  2
  5 Boom                    62  21  0 20   1  1  1  1  1  1  1  1  1  1  1  1  1  1  1  2  2  2  1  1  2  1  2  2  1  1  1  2  2  2  2  2  2  2  2  2  2  2  2  2  2  2
  6 Biopic                  61  21  1 19   1  1  0  1  1  1  1  1  1  1  1  1  1  1  1  2  1  2  2  1  1  1  2  2  1  2  2  1  2  2  2  2  2  2  2  2  2  2  2  2  2  2
  7 RussRocker4             60  22  3 16   0  0  1  0  1  1  1  2  1  1  1  2  1  1  1  1  1  2  2  1  1  1  2  2  1  2  2  2  2  2  2  2  2  2  1  2  2  2  2  2  2  2
  8 Robertot                58  19  2 20   1  1  0  1  1  1  0  1  1  1  1  1  1  1  1  1  1  2  2  1  2  2  2  1  1  1  1  2  2  2  2  2  1  2  2  2  2  2  2  2  2  2
  9 Yomi AI                 57  19  3 19   0  0  1  1  1  1  1  1  1  1  1  1  1  1  1  1  1  2  2  1  1  1  2  2  1  0  2  2  2  1  2  2  2  2  2  2  2  2  2  2  2  2
 10 Bugbrain                57  17  1 23   1  0  1  1  1  1  1  1  1  1  1  1  1  1  1  2  1  1  2  1  1  1  2  1  1  1  1  2  2  2  2  2  1  2  2  2  2  2  2  2  2  2
 11 ACT-R Lag2              56  17  2 22   0  1  1  1  1  1  1  1  1  1  1  1  1  1  1  1  1  2  2  0  1  1  1  2  1  1  1  1  2  2  2  2  2  2  2  2  2  2  2  2  2  2
 12 Simple Predictor        54  19  6 16   0  0  0  0  1  1  0  1  1  1  1  1  1  1  1  1  1  1  2  0  1  1  2  2  1  2  1  2  2  2  2  2  2  2  2  2  2  2  2  2  2  2
 13 Shofar                  54  13  0 28   1  1  1  1  1  1  1  1  1  1  1  1  1  1  1  1  1  1  1  1  1  2  1  1  1  1  1  1  2  2  2  1  1  2  2  2  2  2  2  2  2  2
 14 Vroomfondel             54  13  0 28   1  1  1  1  1  1  1  1  1  1  1  1  1  1  1  1  1  1  2  1  1  1  2  2  1  1  1  1  2  1  2  1  2  1  1  2  2  2  2  2  2  2
 15 Majikthise              53  12  0 29   1  1  1  1  1  1  1  1  1  1  1  1  1  1  1  1  1  2  1  1  1  1  2  1  1  1  1  1  2  1  2  1  2  1  1  2  2  2  2  2  2  2
 16 Piedra                  51  14  4 23   1  1  1  1  0  0  1  1  1  0  1  1  1  1  1  1  1  0  1  1  1  1  1  2  1  1  1  1  1  2  2  2  2  2  2  2  2  2  2  2  2  2
 17 Sweet Rocky             50  14  5 22   1  1  0  1  0  1  1  1  1  1  1  1  1  1  1  1  1  0  0  1  1  1  1  0  1  1  1  1  2  2  2  2  2  2  2  2  2  2  2  2  2  2
 18 Granite                 47  18 12 11   0  0  0  0  0  0  0  0  0  1  0  1  1  1  0  2  2  1  1  0  2  1  1  2  1  1  1  1  2  2  2  2  2  2  2  2  2  2  2  2  2  2
 19 Marble                  46  18 13 10   0  0  0  0  1  0  0  0  0  0  0  0  1  0  1  1  2  1  1  0  2  1  1  2  1  1  2  1  2  2  2  2  2  2  2  2  2  2  2  2  2  2
 20 * De Bruijn             45   6  2 33   0  1  1  1  1  1  1  1  1  1  2  2  1  1  1  1  1  2  2  1  1  2  1  1  1  1  1  1  1  1  1  1  1  1  1  1  1  1  2  1  1  0
 21 * Anti-rotn             45  13  9 19   1  0  0  0  0  1  1  0  1  1  1  1  1  1  1  1  1  0  0  1  1  0  0  2  1  1  1  1  2  1  2  1  2  2  2  2  2  2  2  2  2  2
 22 Mixed Strategy          45  12  8 21   0  0  0  0  1  1  1  0  1  1  1  1  0  1  1  1  1  1  1  0  2  1  0  2  1  1  1  1  1  2  2  1  1  2  2  1  2  2  2  2  2  2
 23 ZQ Bot                  44  17 14 10   0  0  0  0  0  0  0  0  0  0  1  0  1  0  0  1  1  1  1  1  2  2  1  0  1  2  1  1  2  2  2  2  2  2  2  2  2  2  2  2  2  2
 24 Inocencio               43  18 16  7   0  0  0  0  0  0  0  1  0  1  0  0  1  0  1  0  2  0  0  1  0  0  2  1  1  2  2  1  2  2  2  2  2  2  2  2  2  2  2  2  2  2
 25 * Pi                    39   0  2 39   1  1  1  0  1  1  1  1  1  1  1  1  1  1  1  1  1  1  1  1  1  1  1  1  1  1  1  1  1  1  1  1  1  1  0  1  1  1  1  1  1  1
 26 * Copy-drift            34   3 10 28   0  0  0  0  1  0  0  1  2  1  1  0  1  1  1  1  1  1  1  1  1  1  0  0  1  1  1  1  0  2  1  1  1  1  1  1  2  1  1  1  1  1
 27 * Foxtrot               33   0  8 33   0  0  1  1  1  0  0  1  0  1  1  1  1  1  1  1  1  1  0  1  1  1  1  0  1  1  1  1  1  1  1  1  1  1  0  1  1  1  1  1  1  1
 28 * Add-drift             31   0 10 31   0  0  0  0  0  1  0  0  0  0  1  0  1  1  1  1  1  1  1  1  1  1  1  1  1  1  1  1  1  1  1  1  1  1  1  1  1  1  1  1  1  1
 29 Multi-strategy          31  11 21  9   0  0  0  0  0  0  0  0  0  0  0  0  0  0  0  1  0  0  0  1  0  1  0  0  1  2  1  1  1  2  1  1  1  2  2  2  2  2  2  2  2  2
 30 Peterbot                31  11 21  9   0  0  0  0  0  0  0  0  1  0  0  0  0  1  1  0  0  0  0  1  1  0  0  0  1  0  1  1  0  1  2  2  2  2  1  2  2  2  2  2  2  2
 31 Knucklehead             23   6 24 11   0  0  0  0  0  0  0  0  0  0  0  0  0  0  0  0  0  0  0  1  0  0  0  0  1  1  1  1  1  0  1  1  1  2  2  1  1  2  2  2  1  2
 32 * Add-react             22   0 19 22   0  0  0  0  0  0  0  0  0  0  0  0  1  1  1  0  0  0  0  1  1  1  0  0  1  1  1  1  1  0  1  1  1  1  1  1  1  1  1  1  1  1
 33 * Flat                  22   2 21 18   0  0  0  0  0  0  0  1  0  1  0  0  1  0  0  0  0  0  0  1  0  1  0  0  1  1  1  1  1  0  1  1  1  2  1  1  1  1  2  1  1  0
 34 Beat The Last Move      19   5 27  9   0  0  0  0  0  0  0  0  0  0  0  0  0  1  1  0  0  0  0  1  0  0  0  0  1  1  1  1  0  0  0  1  0  1  2  0  0  2  2  1  2  2
 35 * Text                  19   3 25 13   0  0  0  0  0  0  1  0  0  0  0  0  0  1  1  0  0  0  0  1  0  0  0  0  2  1  2  1  0  1  0  1  1  0  1  1  1  0  0  1  1  2
 36 * Switch A Lot          18   1 24 16   1  0  0  0  0  0  0  0  0  0  0  0  0  0  0  0  0  0  0  1  0  1  0  0  1  1  1  1  0  0  1  1  1  2  1  1  1  1  1  1  1  0
 37 Always Switchin'        17   2 26 13   0  0  0  0  0  0  0  0  0  0  0  0  0  0  0  0  0  0  0  1  0  0  0  0  1  0  1  1  0  0  1  1  1  2  1  1  1  1  2  1  1  1
 38 Good Ole Rock           16   3 28 10   0  0  0  0  0  0  0  0  0  0  0  0  0  0  0  0  0  0  0  1  0  0  0  0  1  1  1  1  0  0  0  1  1  0  2  1  1  1  0  1  2  2
 39 Beat Frequent Pick      15   4 30  7   0  0  0  0  0  0  0  0  0  0  0  0  0  0  0  0  0  0  0  0  0  0  0  0  1  1  1  1  0  0  0  1  0  0  2  1  0  2  1  1  2  2
 40 Rotate R-P-S            14   0 27 14   0  0  0  0  0  0  0  0  0  0  0  0  0  0  0  0  0  0  0  1  0  0  0  0  1  1  1  1  0  0  0  1  1  1  1  1  1  1  1  1  1  0
 41 R-P-S 20-20-60          14   1 28 12   0  0  0  0  0  0  0  0  0  0  0  0  0  0  0  0  0  0  0  1  0  0  0  0  1  1  1  1  0  0  1  1  1  0  1  1  1  0  0  1  1  2
 42 * Anti-Flat             14   4 31  6   0  0  0  0  0  0  0  0  0  0  0  0  0  0  0  0  0  0  0  2  0  0  0  0  1  1  1  1  0  0  0  1  2  0  0  2  1  0  0  2  0  1


   Yomi AI is match ranked 9

 Tournament results:
    Player Name          total 
  1 Yomi AI               4131 
 15 * Anti-rotn           5393 
 19 Iocaine Powder       11410 
 20 Phasenbott            9937 
 21 MegaHAL               9565 
 22 RussRocker4           7725 
 23 Biopic                8291 
 24 Simple Modeller       8950 
 25 Simple Predictor      7869 
 26 Robertot              7896 
 27 Boom                  7319 
 28 Shofar                6264 
 29 ACT-R Lag2            6601 
 30 Majikthise            4789 
 31 Vroomfondel           4566 
 32 Granite               6415 
 33 Marble                6711 
 34 ZQ Bot                5226 
 35 Sweet Rocky           6782 
 36 Piedra                7350 
 37 Mixed Strategy        4629 
 41 Bugbrain              5749 

   Yomi is tournament ranked 22

