 Playing 1 tournaments with 1000 trials per match...

 Yomi AI            vs Good Ole Rock       Match: 1000 (1000+   0-   0=)
 Yomi AI            vs R-P-S 20-20-60      Match:  294 (519+ 225- 256=)
 Yomi AI            vs Rotate R-P-S        Match:  986 (988+   2-  10=)
 Yomi AI            vs Beat The Last Move  Match:   68 (403+ 335- 262=)
 Yomi AI            vs Always Switchin'    Match:  285 (472+ 187- 341=)
 Yomi AI            vs Beat Frequent Pick  Match:  535 (705+ 170- 125=)
 Yomi AI            vs * Pi                Match:    3 (335+ 332- 333=)
 Yomi AI            vs * Switch A Lot      Match:  170 (437+ 267- 296=)
 Yomi AI            vs * Flat              Match:  122 (428+ 306- 266=)
 Yomi AI            vs * Anti-Flat         Match:  999 (999+   0-   1=)
 Yomi AI            vs * Foxtrot           Match:  374 (586+ 212- 202=)
 Yomi AI            vs * De Bruijn         Match:   13 (320+ 307- 373=)
 Yomi AI            vs * Text              Match:  140 (421+ 281- 298=)
 Yomi AI            vs * Anti-rotn         Match:  -12 (338+ 350- 312=)
 Yomi AI            vs * Copy-drift        Match:  -47 (318+ 365- 317=)
 Yomi AI            vs * Add-react         Match:   66 (381+ 315- 304=)
 Yomi AI            vs * Add-drift         Match:  -55 (307+ 362- 331=)
 Yomi AI            vs Iocaine Powder      Match:    8 (340+ 332- 328=)
 Yomi AI            vs Phasenbott          Match:    9 (331+ 322- 347=)
 Yomi AI            vs MegaHAL             Match:   45 (379+ 334- 287=)
 Yomi AI            vs RussRocker4         Match:  -23 (330+ 353- 317=)
 Yomi AI            vs Biopic              Match:   14 (337+ 323- 340=)
 Yomi AI            vs Simple Modeller     Match:   20 (361+ 341- 298=)
 Yomi AI            vs Simple Predictor    Match:   25 (360+ 335- 305=)
 Yomi AI            vs Robertot            Match:   19 (358+ 339- 303=)
 Yomi AI            vs Boom                Match:   31 (356+ 325- 319=)
 Yomi AI            vs Shofar              Match:   39 (352+ 313- 335=)
 Yomi AI            vs ACT-R Lag2          Match:   15 (345+ 330- 325=)
 Yomi AI            vs Majikthise          Match:    8 (333+ 325- 342=)
 Yomi AI            vs Vroomfondel         Match:   21 (343+ 322- 335=)
 Yomi AI            vs Granite             Match:   88 (430+ 342- 228=)
 Yomi AI            vs Marble              Match:   72 (416+ 344- 240=)
 Yomi AI            vs ZQ Bot              Match:   61 (397+ 336- 267=)
 Yomi AI            vs Sweet Rocky         Match:   10 (371+ 361- 268=)
 Yomi AI            vs Piedra              Match:   45 (399+ 354- 247=)
 Yomi AI            vs Mixed Strategy      Match:   -6 (343+ 349- 308=)
 Yomi AI            vs Multi-strategy      Match:  250 (511+ 261- 228=)
 Yomi AI            vs Inocencio           Match:    5 (363+ 358- 279=)
 Yomi AI            vs Peterbot            Match:   98 (400+ 302- 298=)
 Yomi AI            vs Bugbrain            Match:   -1 (324+ 325- 351=)
 Yomi AI            vs Knucklehead         Match:  519 (671+ 152- 177=)
 Final results (draw value = 50):

 Tournament results: 

    Player Name          total     1    2    3    4    5    6    7    8    9   10   11   12   13   14   15   16   17   18   19   20   21   22   23   24   25   26   27   28   29   30   31   32   33   34   35   36   37   38   39   40   41   42
  1 Iocaine Powder       10734     0   83   88   38   37  522  165  -20   52   46  242   36   -8  240  -35   47  270  -23   63   39    1    9  216   15   11  231  185  262  579  334  190  279   61  128  209  911  354  915  987  994  989  992
  2 Phasenbott           10357   -83    0   28   28   28  518  128   54   31   61  243   41   -9  238   -1   85  254   24   58  145   -9   12  240   32   42  201  179   82  402  379   90  363   67   94  256  998  141  950  990  997  995  985
  3 MegaHAL               9380   -88  -28    0  -68   -1   80   52    4   35  -44  222   61  -45  236  -19   31  272  -31   56   58  -21   -7  258    5  -23  200  211   49  350   73  115  287  195  133  459  967  424  944  987 1000  991 1000
  4 Simple Modeller       9102   -38  -28   68    0    6   -2  278  -50   27   15   87   37  -20   34   10   98  289   51   83  119    5  -11  218  -18   -7  191  254  234  242    6  134  110  205  139  436  909  417  595  990  996  993 1000
  5 Biopic                8307   -37  -28    1   -6    0  -49   56  -12   27   55  196   42  -14  190   12   41  109  -24   38   31  -10  -25  226  -26   -1  139    1   41  510  413  -18   42  129  119  357  870  384  541  996  995  997  999
  6 RussRocker4           8302  -522 -518  -80    2   49    0   92    6   22    5  141    6   23  172   -2   47  151   63   48   35   -5   22  272  -16  -66  796  145  173  480  159   57  364   81   89  260  916  250  601  994  998  995  997
  7 Simple Predictor      7829  -165 -128  -52 -278  -56  -92    0  -74   28  -78   58   41  -25    6    1   15  160   38   48   79  -23  -28  191  -79  -14  645  269  232  302  -36  103  111  152  166  445  909  414  588  984  993  986  993
  8 Robertot              7819    20  -54   -4   50   12   -6   74    0    3  -18    9   43  -19   59   -6   45  103   35   67   38   16   13  256   13  -52   54   19   36  456   17   65   90   61  173  473  411  370  909  998  996  997  997
  9 Boom                  6922   -52  -31  -35  -27  -27  -22  -28   -3    0  -20   45   15  -31   68  -27   41   54   15   38   -9  -28   15  203  -52    5   46   57   18  350   29   33   92  143  135  356  419  408  753  991  995  990 1000
 10 ACT-R Lag2            6897   -46  -61   44  -15  -55   -5   78   18   20    0  187   24  -15  147   47   78   72   21   31   58   -4    3  262  -86   13  100   38   21  511  -43  117   30  161   91  288   35  348  568  836  996  997  987
 11 Marble                6501  -242 -243 -222  -87 -196 -141  -58   -9  -45 -187    0   59  -72  -23  -30   34   28  -77   58    5  -69  -52  240 -114  -23  649   45   20  278   72  156  139  262  183  251  921  415  592  996  998  996  994
 12 Sweet Rocky           6383   -36  -41  -61  -37  -42   -6  -41  -43  -15  -24  -59    0  -10  -18   -2  -37  -30    9   52    8  -42  -12   82  -12  -67  798    2   66  109  -20   87  145  145  180  193  217  366  594  994  998  997  996
 13 Yomi AI               6313     8    9   45   20   14  -23   25   19   31   15   72   10    0   88   39   45   61   -1  -12   -6   21    8  250   13    3    5  -55  -47  519  374  122   66  170  140  285   98  294  535   68 1000  986  999
 14 Granite               6296  -240 -238 -236  -34 -190 -172   -6  -59  -68 -147   23   18  -88    0  -66   55   26  -79   39   20  -71   -2  238  -64  -52  658  -17   44  364   10  189  137  110  175  277  802  372  591  989 1000  992  996
 15 Shofar                6266    35    1   19  -10  -12    2   -1    6   27  -47   30    2  -39   66    0   31   39   29   14   17   -1   22  131  -28  -19   62   -7   92  164   -1   54   16  168  121  426  185  324  552  871  992  943  990
 16 Piedra                6061   -47  -85  -31  -98  -41  -47  -15  -45  -41  -78  -34   37  -45  -55  -31    0  -31  -35   43   40  -26  -39  110  -37  -18  -28   33   61  103  -12  167   72   86  155  233  862  399  595  995  996  993 1000
 17 ZQ Bot                5935  -270 -254 -272 -289 -109 -151 -160 -103  -54  -72  -28   30  -61  -26  -39   31    0 -151   45   46  -13  -48  320  -59  -82  498   33   51  227   24  183  327  177  157  133  946  377  592  997  994  989  999
 18 Bugbrain              5648    23  -24   31  -51   24  -63  -38  -35  -15  -21   77   -9    1   79  -29   35  151    0   57   43  -30   -5  114   -3   31    7   80   63  128  -39   75   89   52   67  239  154  170  418  901  980  939  982
 19 * Anti-rotn           5257   -63  -58  -56  -83  -38  -48  -48  -67  -38  -31  -58  -52   12  -39  -14  -43  -45  -57    0  -21   14  -12  273  -58  -45  548   -9   -8   18  -33  245    5  338   54  468   46  170  596  500  998  996 1000
 20 Mixed Strategy        4912   -39 -145  -58 -119  -31  -35  -79  -38    9  -58   -5   -8    6  -20  -17  -40  -46  -43   21    0  -62  -23   49  -70    9   83    1   -5  151  -15   25    7   65  153  325  218  361  470  959  998  970  988
 21 Vroomfondel           4884    -1    9   21   -5   10    5   23  -16   28    4   69   42  -21   71    1   26   13   30  -14   62    0  -19  137   48   15   47   18   -5  241   58   84  -36   95   39  262   -3  145  461  -17  990  991  976
 22 Majikthise            4789    -9  -12    7   11   25  -22   28  -13  -15   -3   52   12   -8    2  -22   39   48    5   12   23   19    0  191   41   16   55  -26   -5  226    3   92   -8   85   27  284  -22  196  470   17  995  993  980
 23 Multi-strategy        2698  -216 -240 -258 -218 -226 -272 -191 -256 -203 -262 -240  -82 -250 -238 -131 -110 -320 -114 -273  -49 -137 -191    0  -50  -20  -80   20  292   65  -15  148   45  296  123  448  500  414  999  997  999  997  997
 24 * De Bruijn            743   -15  -32   -5   18   26   16   79  -13   52   86  114   12  -13   64   28   37   59    3   58   70  -48  -41   50    0   -1   16   38   24   12   -6   29   25  -66   23   27   -5  -26  128   -1    0   21 -100
 25 * Pi                   242   -11  -42   23    7    1   66   14   52   -5  -13   23   67   -3   52   19   18   82  -31   45   -9  -15  -16   20    1    0   21  -41  -38   30   25  -32  -19   16  -81  -50   -4   53   30   22  -11  -11  -13
 26 Inocencio               81  -231 -201 -200 -191 -139 -796 -645  -54  -46 -100 -649 -798   -5 -658  -62   28 -498   -7 -548  -83  -47  -55   80  -16  -21    0  -13   30  257  307  175   80   53  155  218  112  395  355  958  979  975  987
 27 * Add-drift          -1499  -185 -179 -211 -254   -1 -145 -269  -19  -57  -38  -45   -2   55   17    7  -33  -33  -80    9   -1  -18   26  -20  -38   41   13    0   -1  -24   -4  -11   42   -1    0  -23   -2    0    7    4  -67   47   -6
 28 * Copy-drift         -1839  -262  -82  -49 -234  -41 -173 -232  -36  -18  -21  -20  -66   47  -44  -92  -61  -51  -63    8    5    5    5 -292  -24   38  -30    1    0    7   22  -21   25  -60    6  -37  -16    3   14  -46    1   17   28
 29 Knucklehead          -1967  -579 -402 -350 -242 -510 -480 -302 -456 -350 -511 -278 -109 -519 -364 -164 -103 -227 -128  -18 -151 -241 -226  -65  -12  -30 -257   24   -7    0   38    3   16  -14   12    2 1000   97  170  952  891  924  999
 30 * Foxtrot            -2307  -334 -379  -73   -6 -413 -159   36  -17  -29   43  -72   20 -374  -10    1   12  -24   39   33   15  -58   -3   15    6  -25 -307    4  -22  -38    0  -42  -33   39  -64   44  -32   -3    8   -5  -41  -52   -7
 31 * Flat               -2800  -190  -90 -115 -134   18  -57 -103  -65  -33 -117 -156  -87 -122 -189  -54 -167 -183  -75 -245  -25  -84  -92 -148  -29   32 -175   11   21   -3   42    0  -22    2    1   19 -182   14  221  201   -1  -28 -411
 32 * Add-react          -2844  -279 -363 -287 -110  -42 -364 -111  -90  -92  -30 -139 -145  -66 -137  -16  -72 -327  -89   -5   -7   36    8  -45  -25   19  -80  -42  -25  -16   33   22    0  -30   41   14  -51   60   -1   19  -49   53  -14
 33 * Switch A Lot       -3056   -61  -67 -195 -205 -129  -81 -152  -61 -143 -161 -262 -145 -170 -110 -168  -86 -177  -52 -338  -65  -95  -85 -296   66  -16  -53    1   60   14  -39   -2   30    0    5   -4 -131    1   12  294    9    5   -4
 34 * Text               -3249  -128  -94 -133 -139 -119  -89 -166 -173 -135  -91 -183 -180 -140 -175 -121 -155 -157  -67  -54 -153  -39  -27 -123  -23   81 -155    0   -6  -12   64   -1  -41   -5    0   -9   34    9 -185  -74 -185  -11  111
 35 Always Switchin'     -7285  -209 -256 -459 -436 -357 -260 -445 -473 -356 -288 -251 -193 -285 -277 -426 -233 -133 -239 -468 -325 -262 -284 -448  -27   50 -218   23   37   -2  -44  -19  -14    4    9    0 -259    3    1  509   24    6   -5
 36 Peterbot             -7921  -911 -998 -967 -909 -870 -916 -909 -411 -419  -35 -921 -217  -98 -802 -185 -862 -946 -154  -46 -218    3   22 -500    5    4 -112    2   16 -1000   32  182   51  131  -34  259    0  439  420  963  999  998  993
 37 R-P-S 20-20-60       -9441  -354 -141 -424 -417 -384 -250 -414 -370 -408 -348 -415 -366 -294 -372 -324 -399 -377 -170 -170 -361 -145 -196 -414   26  -53 -395    0   -3  -97    3  -14  -60   -1   -9   -3 -439    0 -456 -143 -361    9   68
 38 Beat Frequent Pick  -14157  -915 -950 -944 -595 -541 -601 -588 -909 -753 -568 -592 -594 -535 -591 -552 -595 -592 -418 -596 -470 -461 -470 -999 -128  -30 -355   -7  -14 -170   -8 -221    1  -12  185   -1 -420  456    0 -600  999    0  997
 39 Beat The Last Move  -20075  -987 -990 -987 -990 -996 -994 -984 -998 -991 -836 -996 -994  -68 -989 -871 -995 -997 -901 -500 -959   17  -17 -997    1  -22 -958   -4   46 -952    5 -201  -19 -294   74 -509 -963  143  600    0 1000    1  997
 40 Good Ole Rock       -26087  -994 -997 -1000 -996 -995 -998 -993 -996 -995 -996 -998 -998 -1000 -1000 -992 -996 -994 -980 -998 -998 -990 -995 -999    0   11 -979   67   -1 -891   41    1   49   -9  185  -24 -999  361 -999 -1000    0    0  998
 41 Rotate R-P-S        -26322  -989 -995 -991 -993 -997 -995 -986 -997 -990 -997 -996 -997 -986 -992 -943 -993 -989 -939 -996 -970 -991 -993 -997  -21   11 -975  -47  -17 -924   52   28  -53   -5   11   -6 -998   -9    0   -1    0    0 -656
 42 * Anti-Flat         -27809  -992 -985 -1000 -1000 -999 -997 -993 -997 -1000 -987 -994 -996 -999 -996 -990 -1000 -999 -982 -1000 -988 -976 -980 -997  100   13 -987    6  -28 -999    7  411   14    4 -111    5 -993  -68 -997 -997 -998  656    0

 Match results (draw <= 50): 

    Player Name           total  W  L  D   1  2  3  4  5  6  7  8  9 10 11 12 13 14 15 16 17 18 19 20 21 22 23 24 25 26 27 28 29 30 31 32 33 34 35 36 37 38 39 40 41 42
  1 Iocaine Powder          68  27  0 14   1  2  1  2  2  1  1  1  1  1  1  2  1  1  1  2  1  1  1  2  1  2  2  2  2  2  2  2  2  2  2  2  2  2  2  2  2  2  2  2  2  2
  2 Phasenbott              68  28  1 12   0  1  1  1  2  1  1  1  2  1  2  1  1  1  1  2  2  1  1  2  2  2  2  2  2  2  2  2  2  2  2  2  2  2  2  2  2  2  2  2  2  2
  3 Simple Modeller         66  25  0 16   1  1  1  2  1  1  2  1  1  1  1  1  1  1  1  2  2  1  1  2  2  2  1  2  2  2  2  1  2  2  2  2  2  2  2  2  2  2  2  2  2  2
  4 MegaHAL                 64  25  2 14   0  1  0  1  2  1  1  1  1  1  1  1  1  2  1  2  1  1  1  2  2  2  2  2  2  2  2  2  2  1  2  2  2  2  2  2  2  2  2  2  2  2
  5 RussRocker4             60  23  4 14   0  0  1  0  1  1  2  1  1  1  1  1  1  1  1  2  1  1  0  2  1  1  2  2  2  2  2  2  2  2  2  2  2  2  2  2  2  2  2  2  2  2
  6 Biopic                  60  19  0 22   1  1  1  1  1  1  1  1  1  1  2  1  1  1  1  2  1  1  1  2  1  1  2  2  2  1  2  2  2  1  1  2  1  2  2  2  2  2  2  2  2  2
  7 Bugbrain                59  20  2 19   1  1  0  1  0  1  1  1  1  1  1  1  1  1  1  1  1  1  1  2  1  2  2  2  1  2  2  1  2  2  2  2  2  2  2  2  2  2  2  2  2  2
  8 Yomi AI                 58  18  1 22   1  1  1  1  1  1  1  1  1  1  1  1  1  1  1  1  1  1  1  2  1  1  2  2  1  0  2  2  2  1  2  2  2  2  2  2  2  2  2  2  2  2
  9 Robertot                58  19  2 20   1  0  1  1  1  1  1  1  1  1  1  1  1  1  1  2  1  1  0  1  1  2  2  2  2  1  2  1  2  1  2  2  2  2  2  2  2  2  2  2  2  2
 10 Shofar                  57  16  0 25   1  1  1  1  1  1  1  1  1  1  1  1  1  1  1  1  1  1  1  1  1  1  2  1  2  1  2  1  2  2  1  2  2  2  2  2  2  2  2  2  2  2
 11 ACT-R Lag2              57  19  3 19   1  0  1  1  1  0  1  1  1  1  1  1  1  1  1  2  2  0  1  2  2  1  2  2  2  1  2  1  1  1  1  2  2  2  2  2  2  2  2  2  2  2
 12 Boom                    55  16  2 23   0  1  1  1  1  1  1  1  1  1  1  1  1  1  1  1  1  0  1  1  1  1  2  2  1  2  2  1  2  1  2  2  1  2  2  2  2  2  2  2  2  2
 13 Vroomfondel             55  14  0 27   1  1  1  1  1  1  1  1  1  1  1  1  1  1  1  1  1  1  1  2  2  1  2  1  1  1  2  2  1  1  1  2  2  1  2  1  2  2  2  2  2  2
 14 Sweet Rocky             55  17  3 21   1  1  1  0  1  1  1  1  1  1  1  1  1  1  1  1  1  1  0  0  1  2  1  1  2  1  2  1  2  2  2  2  2  2  2  2  2  2  2  2  2  2
 15 Majikthise              53  12  0 29   1  1  1  1  1  1  1  1  1  1  1  1  1  1  1  1  1  1  1  2  1  1  1  1  2  1  2  1  1  1  1  2  2  1  2  1  2  2  2  2  2  2
 16 Simple Predictor        52  20  9 12   0  0  0  0  0  0  1  1  0  1  0  1  1  1  1  1  1  0  1  2  2  1  1  2  2  2  2  1  2  2  2  2  2  2  2  2  2  2  2  2  2  2
 17 Piedra                  52  15  4 22   1  0  0  1  1  1  1  1  1  1  0  1  1  1  1  1  1  1  1  1  1  1  0  1  1  1  2  1  2  2  2  2  2  2  2  2  2  2  2  2  2  2
 18 * De Bruijn             48   9  2 30   1  1  1  1  1  1  1  1  1  1  2  2  1  1  1  2  1  1  1  2  2  2  2  2  1  1  1  1  1  1  1  1  1  1  0  1  1  1  2  1  0  1
 19 * Pi                    46   6  1 34   1  1  1  1  2  1  1  1  2  1  1  1  1  2  1  1  1  1  1  1  1  1  2  2  1  1  1  1  1  1  1  1  1  0  1  1  1  1  1  1  1  2
 20 Marble                  46  18 13 10   0  0  0  0  0  0  0  0  1  1  0  1  0  2  0  0  1  0  1  1  1  2  1  1  2  1  2  2  2  1  2  2  2  2  2  2  2  2  2  2  2  2
 21 Mixed Strategy          46  12  7 22   1  0  0  0  1  1  1  1  1  1  0  1  0  1  1  0  1  0  1  1  1  1  1  1  2  1  1  1  2  1  1  2  1  2  2  2  2  2  2  2  2  2
 22 * Anti-rotn             44  12  9 20   0  0  0  0  1  1  0  1  0  1  1  1  1  0  1  1  1  0  1  0  1  1  1  1  2  1  2  1  1  1  1  1  2  2  2  2  2  2  2  2  2  2
 23 Granite                 43  16 14 11   0  0  1  0  0  0  0  0  0  0  0  0  0  1  1  1  2  0  0  1  1  1  1  1  2  1  2  1  2  1  2  2  2  2  2  2  2  2  2  2  2  2
 24 ZQ Bot                  43  16 14 11   0  0  0  0  0  0  0  0  0  1  0  0  1  1  1  0  1  0  0  1  1  1  1  1  2  1  2  1  2  2  2  2  2  2  2  2  2  2  2  2  2  2
 25 Inocencio               39  15 17  9   0  0  0  0  0  0  1  1  0  0  0  1  1  0  0  0  1  1  1  0  0  0  0  0  1  1  2  2  2  1  2  2  2  2  2  2  2  2  2  2  2  2
 26 * Add-drift             33   1  9 31   0  0  0  0  0  1  0  2  1  1  1  0  1  1  1  0  1  1  1  1  1  1  1  1  1  1  1  1  1  1  1  1  1  1  1  1  0  1  1  1  1  1
 27 Multi-strategy          32  13 22  6   0  0  0  0  0  0  0  0  0  0  0  0  0  0  0  0  0  1  1  0  1  0  0  0  0  1  1  1  2  2  1  2  2  2  2  2  2  2  2  2  2  2
 28 * Foxtrot               30   0 11 30   0  0  1  0  0  0  1  0  1  1  1  1  0  1  1  1  1  1  1  0  1  1  1  1  0  1  1  1  1  1  1  1  1  0  1  1  1  1  1  0  1  1
 29 Peterbot                30  10 21 10   0  0  0  0  0  0  0  0  0  0  1  0  1  0  1  0  0  1  1  0  0  1  0  0  0  1  0  1  1  1  2  0  2  1  2  2  2  2  2  2  2  2
 30 * Copy-drift            29   0 12 29   0  0  0  1  0  1  0  1  1  0  1  1  1  0  1  0  0  1  1  1  1  1  1  0  1  1  0  1  1  1  1  1  1  1  0  1  1  1  1  1  1  1
 31 * Add-react             26   2 17 22   0  0  0  0  0  1  0  0  0  1  1  0  1  0  1  0  0  1  1  0  1  1  0  0  0  1  1  1  0  1  1  1  1  1  1  1  1  1  1  2  1  2
 32 Knucklehead             25   7 23 11   0  0  0  0  0  0  0  0  0  0  0  0  0  0  0  0  0  1  1  0  0  1  0  0  0  1  0  1  2  1  1  1  1  1  1  2  2  1  2  2  2  2
 33 * Flat                  20   2 23 16   0  0  0  0  0  1  0  0  0  0  0  1  0  0  0  0  0  1  1  0  1  0  0  0  0  1  0  1  0  1  1  1  1  1  1  2  1  1  2  1  0  1
 34 * Text                  19   3 25 13   0  0  0  0  0  0  0  0  0  0  0  0  1  0  1  0  0  1  2  0  0  0  0  0  0  1  0  2  1  1  1  1  1  1  1  0  0  1  0  1  2  1
 35 * Switch A Lot          19   3 25 13   0  0  0  0  0  0  0  0  0  0  0  0  0  0  0  0  0  2  1  0  0  0  0  0  0  1  0  1  0  2  1  1  1  1  1  2  1  1  1  1  1  1
 36 Beat The Last Move      19   5 27  9   0  0  0  0  0  0  0  0  0  0  0  0  1  0  1  0  0  1  1  0  0  0  0  0  0  1  0  1  0  1  1  0  0  2  0  1  2  0  2  1  2  2
 37 Good Ole Rock           17   4 28  9   0  0  0  0  0  0  0  0  0  0  0  0  0  0  0  0  0  1  1  0  0  0  0  0  0  2  0  1  0  1  1  0  1  2  1  0  1  1  0  1  2  2
 38 Always Switchin'        17   1 25 15   0  0  0  0  0  0  0  0  0  0  0  0  0  0  0  0  0  1  1  0  0  0  0  0  0  1  0  1  0  1  1  1  1  1  1  2  1  1  1  1  1  1
 39 Beat Frequent Pick      16   4 29  8   0  0  0  0  0  0  0  0  0  0  0  0  0  0  0  0  0  0  1  0  0  0  0  0  0  1  0  1  0  1  1  0  0  2  1  0  2  1  1  1  2  2
 40 Rotate R-P-S            14   1 28 12   0  0  0  0  0  0  0  0  0  0  0  0  0  0  0  0  0  1  1  0  0  0  0  0  0  1  0  2  0  1  0  0  1  1  1  1  1  1  1  1  0  1
 41 * Anti-Flat             13   3 31  7   0  0  0  0  0  0  0  0  0  0  0  0  0  0  0  0  0  2  1  0  0  0  0  0  0  1  0  1  0  1  1  0  2  0  1  0  0  1  0  2  1  0
 42 R-P-S 20-20-60          11   1 31  9   0  0  0  0  0  0  0  0  0  0  0  0  0  0  0  0  0  1  0  0  0  0  0  0  0  1  0  1  0  1  0  0  1  1  1  0  0  1  0  1  2  1


   Yomi AI is match ranked 8

 Tournament results:
    Player Name          total 
  1 Yomi AI               6313 
 19 Iocaine Powder       10734 
 20 Phasenbott           10357 
 21 MegaHAL               9380 
 22 RussRocker4           8302 
 23 Biopic                8307 
 24 Simple Modeller       9102 
 25 Simple Predictor      7829 
 26 Robertot              7819 
 27 Boom                  6922 
 29 ACT-R Lag2            6897 
 33 Marble                6501 
 35 Sweet Rocky           6383 

   Yomi is tournament ranked 13

