 Playing 1 tournaments with 1000 trials per match...

 Yomi AI            vs Good Ole Rock       Match: 1000 (1000+   0-   0=)
 Yomi AI            vs R-P-S 20-20-60      Match:  281 (527+ 246- 227=)
 Yomi AI            vs Rotate R-P-S        Match:  984 (991+   7-   2=)
 Yomi AI            vs Beat The Last Move  Match:  -22 (322+ 344- 334=)
 Yomi AI            vs Always Switchin'    Match:  222 (471+ 249- 280=)
 Yomi AI            vs Beat Frequent Pick  Match:  545 (724+ 179-  97=)
 Yomi AI            vs * Pi                Match:   -2 (335+ 337- 328=)
 Yomi AI            vs * Switch A Lot      Match:  137 (428+ 291- 281=)
 Yomi AI            vs * Flat              Match:   32 (353+ 321- 326=)
 Yomi AI            vs * Anti-Flat         Match:  999 (999+   0-   1=)
 Yomi AI            vs * Foxtrot           Match:  372 (586+ 214- 200=)
 Yomi AI            vs * De Bruijn         Match:   15 (336+ 321- 343=)
 Yomi AI            vs * Text              Match:  126 (410+ 284- 306=)
 Yomi AI            vs * Anti-rotn         Match:   51 (359+ 308- 333=)
 Yomi AI            vs * Copy-drift        Match:   37 (338+ 301- 361=)
 Yomi AI            vs * Add-react         Match:   88 (393+ 305- 302=)
 Yomi AI            vs * Add-drift         Match:   22 (350+ 328- 322=)
 Yomi AI            vs Iocaine Powder      Match:  -32 (316+ 348- 336=)
 Yomi AI            vs Phasenbott          Match:  -18 (324+ 342- 334=)
 Yomi AI            vs MegaHAL             Match:    4 (337+ 333- 330=)
 Yomi AI            vs RussRocker4         Match:  -32 (325+ 357- 318=)
 Yomi AI            vs Biopic              Match:    1 (341+ 340- 319=)
 Yomi AI            vs Simple Modeller     Match:   -9 (332+ 341- 327=)
 Yomi AI            vs Simple Predictor    Match:   35 (381+ 346- 273=)
 Yomi AI            vs Robertot            Match:   -6 (352+ 358- 290=)
 Yomi AI            vs Boom                Match:   11 (350+ 339- 311=)
 Yomi AI            vs Shofar              Match:    7 (332+ 325- 343=)
 Yomi AI            vs ACT-R Lag2          Match:   -6 (345+ 351- 304=)
 Yomi AI            vs Majikthise          Match:   58 (362+ 304- 334=)
 Yomi AI            vs Vroomfondel         Match:   10 (337+ 327- 336=)
 Yomi AI            vs Granite             Match:  106 (451+ 345- 204=)
 Yomi AI            vs Marble              Match:   40 (382+ 342- 276=)
 Yomi AI            vs ZQ Bot              Match:   55 (387+ 332- 281=)
 Yomi AI            vs Sweet Rocky         Match:   -2 (346+ 348- 306=)
 Yomi AI            vs Piedra              Match:   16 (345+ 329- 326=)
 Yomi AI            vs Mixed Strategy      Match:   80 (401+ 321- 278=)
 Yomi AI            vs Multi-strategy      Match:  270 (516+ 246- 238=)
 Yomi AI            vs Inocencio           Match:   54 (392+ 338- 270=)
 Yomi AI            vs Peterbot            Match:   18 (331+ 313- 356=)
 Yomi AI            vs Bugbrain            Match:   80 (387+ 307- 306=)
 Yomi AI            vs Knucklehead         Match:  481 (672+ 191- 137=)
 Final results (draw value = 50):

 Tournament results: 

    Player Name          total     1    2    3    4    5    6    7    8    9   10   11   12   13   14   15   16   17   18   19   20   21   22   23   24   25   26   27   28   29   30   31   32   33   34   35   36   37   38   39   40   41   42
  1 Iocaine Powder       10874     0  260   60   34   40   20  531  168   27  205   27   15  267  296   32   38   17   27   -4    2   26   66  333  186   -4  -62  165  156  343  216   62  319  148  554  878  204  355  908  985  990  994  990
  2 Phasenbott            9984  -260    0   45   23   32   50  557  118   48  205   24  -28  246  252   18   33   52   44   39   51   42   63  276  219   53   -8  110   76  377   92  100  358   42  440  931  230  183  922  992  993  995  949
  3 MegaHAL               9381   -60  -45    0   29  -11  -15   58   61   41  220   27  -44  241  267   -4   -8  -17   65   52  -46  -13   47  263  168  -26  -16  174   91   89   98  142  264  221  399  888  457  394  944  993  994  999 1000
  4 Biopic                8276   -34  -23  -29    0  -12   26  -67   41   37   81   34  -29   73  103   -1  -32   -1   38   77   -8   -3   51  273  115   11    4   -5   90  385   98  130   23  185  511  999  292  385  479  990  995  994 1000
  5 Simple Modeller       8194   -40  -32   11   12    0    2    0  313   -6   94   81   27   56  308    9   25   51   39  107  -41  -25   64  170   64  -62  -13  230  265   -8   37  139  105  217  267  280  477  390  594  993  996  998 1000
  6 Robertot              7797   -20  -50   15  -26   -2    0  -52   13   -5   32   39  -61   37   90    6   34   35   22   29  -11  -26   49  232   83    6  -34   52   75   11   73  141   92   82  360  766  474  368  915  968  993  996  996
  7 RussRocker4           7780  -531 -557  -58   67    0   52    0   84   33  129   47   -4  151  188   32    0  -25   68   50   17    0   55  261  123  -21  -19  163  150  176  152   55  333  112  490  944  197  305  585  988  993  999  996
  8 Simple Predictor      7368  -168 -118  -61  -41 -313  -13  -84    0   24   10   39  -16  100  184  -35  -74   16   32   43   -6   59   20  220  543  -62  -21  282  263  -15   64  166  135  206  269  325  419  422  588  984  986  996 1000
  9 Boom                  7125   -27  -48  -41  -37    6    5  -33  -24    0   61   52  -43  -29   71  -11  -51   12   71   10  -78  -29   47  179   91  -29   -6   45   45  -11   47  119   98  189  412  475  431  429  753  991  990  997  996
 10 Marble                6943  -205 -205 -220  -81  -94  -32 -129  -10  -61    0   44  -31  -26   25  -40 -153 -118   10   33  -31  -54   55  359  645  -22   12   12   20   41  152  174  104  128  352  958  345  414  592  989  993  998 1000
 11 Sweet Rocky           6694   -27  -24  -27  -34  -81  -39  -47  -39  -52  -44    0  -50  -14  -52    2  -18  -25  -47  -53  -27  -11   28  152  798  -27  -13   14   69   12  151  158  284  151  212  169  290  386  594  989  993 1000  993
 12 Shofar                6669   -15   28   44   29  -27   61    4   16   43   31   50    0   38   83   -7   20  -22   50   59  -27   17   58  104   34  -18   25   47   68   65   23  127  -13  257  161  187  425  319  554  882  945  974  970
 13 Granite               6446  -267 -246 -241  -73  -56  -37 -151 -100   29   26   14  -38    0   26 -106 -132  -77   23    8  -25  -18   63  228  643  -40  -23   54   43    5  157  177  106  151  270  917  181  380  594  992  993 1000  996
 14 ZQ Bot                6168  -296 -252 -267 -103 -308  -90 -188 -184  -71  -25   52  -83  -26    0  -55  -48 -202   12   27  -25  -77   52  233  774  -44    9   98   11  -13  157  165  252  179  326  956  274  375  594  993  993  998  995
 15 Yomi AI               6108   -32  -18    4    1   -9   -6  -32   35   11   40   -2    7  106   55    0   -6   80   16   80   10   58   51  270   54   15   -2   22   37  372   32  126   88  137  481   18  222  281  545  -22  984 1000  999
 16 ACT-R Lag2            5914   -38  -33    8   32  -25  -34    0   74   51  153   18  -20  132   48    6    0    9   50   38   12   28    8  296   52  -82  -17  -14   18  -98  107   57   -5  213  511  166  291  350  580   -9  993  999  989
 17 Bugbrain              5856   -17  -52   17    1  -51  -35   25  -16  -12  118   25   22   77  202  -80   -9    0   48   67   22   60   44  149   55  -28   -1   88  -13  -29    5   44   93   90  118  254  236  187  372  945  963  972  900
 18 Piedra                5831   -27  -44  -65  -38  -39  -22  -68  -32  -71  -10   47  -50  -23  -12  -16  -50  -48    0  -24  -46  -38   27  100  -27  -36  -38  -11   14  -19  160  172  399  163  132  305  249  365  591  992  990  997  982
 19 Mixed Strategy        5149     4  -39  -52  -77 -107  -29  -50  -43  -10  -33   53  -59   -8  -27  -80  -38  -67   24    0  -48  -65   11   42   11  -39   -7  -24    7   26  113  182   44   58  319  233  110  420  479  983  953  986  993
 20 Vroomfondel           4949    -2  -51   46    8   41   11  -17    6   78   31   27   27   25   25  -10  -12  -22   46   48    0   21  -53  167   32  -12   49   12  -10   28   97   40   34   94  203   16  247  226  477   -7  993  992  998
 21 Majikthise            4586   -26  -42   13    3   25   26    0  -59   29   54   11  -17   18   77  -58  -28  -60   38   65  -21    0   -2  201   45   24   20   24   -5  -10   60   46   17  112  193   24  245  126  473  -38  992  995  996
 22 * Anti-rotn           4434   -66  -63  -47  -51  -64  -49  -55  -20  -47  -55  -28  -58  -63  -52  -51   -8  -44  -27  -11   53    2    0  129  -30  -60  -53  -12   47  -10  187   57   -5  316   31   46  464  142  499  500  999  996  995
 23 Multi-strategy        1787  -333 -276 -263 -273 -170 -232 -261 -220 -179 -359 -152 -104 -228 -233 -270 -296 -149 -100  -42 -167 -201 -129    0 -113  -50  -20   16  253  -24  137  123  -31  271   27  -31  459  417  999  997  997  999  998
 24 Inocencio             1464  -186 -219 -168 -115  -64  -83 -123 -543  -91 -645 -798  -34 -643 -774  -54  -52  -55   27  -11  -32  -45   30  113    0  -24  -27   34   70  312  113  158   71   14  239  138  262  399  356  984  973  976  981
 25 * De Bruijn            588     4  -53   26  -11   62   -6   21   62   29   22   27   18   40   44  -15   82   28   36   39   12  -24   60   50   24    0   -1   10    3   15  -40   23  -30  -20   -6  -14   41  -13  128   -1   21    0 -105
 26 * Pi                   234    62    8   16   -4   13   34   19   21    6  -12   13  -25   23   -9    2   17    1   38    7  -49  -20   53   20   27    1    0    8   22  -10  -34  -81   43   20  -38   27    6  -11   30   22  -11  -11  -10
 27 * Add-drift          -1500  -165 -110 -174    5 -230  -52 -163 -282  -45  -12  -14  -47  -54  -98  -22   14  -88   11   24  -12  -24   12  -16  -34  -10   -8    0   11   63   -3  -11  -10    2   22  -50   -2   33    5   21   21   28  -36
 28 * Copy-drift         -1945  -156  -76  -91  -90 -265  -75 -150 -263  -45  -20  -69  -68  -43  -11  -37  -18   13  -14   -7   10    5  -47 -253  -70   -3  -22  -11    0   15  -21  -17   -6  -29   -1  -21   10  -13   -6   -2  -16    9   29
 29 * Foxtrot            -2041  -343 -377  -89 -385    8  -11 -176   15   11  -41  -12  -65   -5   13 -372   98   29   19  -26  -28   10   10   24 -312  -15   10  -63  -15    0   33  -38   18   16   41  -17   36  -12  -24  -10   -1    2    3
 30 * Flat               -2667  -216  -92  -98  -98  -37  -73 -152  -64  -47 -152 -151  -23 -157 -157  -32 -107   -5 -160 -113  -97  -60 -187 -137 -113   40   34    3   21  -33    0  -33    2    2    3 -107  -26  -29  242  150    6    0 -414
 31 * Text               -3061   -62 -100 -142 -130 -139 -141  -55 -166 -119 -174 -158 -127 -177 -165 -126  -57  -44 -172 -182  -40  -46  -57 -123 -158  -23   81   11   17   38   33    0  -33  -56    9   23   17   25 -185  -74  -11 -185  112
 32 * Add-react          -3212  -319 -358 -264  -23 -105  -92 -333 -135  -98 -104 -284   13 -106 -252  -88    5  -93 -399  -44  -34  -17    5   31  -71   30  -43   10    6  -18   -2   33    0  -18  -63  -19    7    3    7   42  -15  -54   47
 33 * Switch A Lot       -3422  -148  -42 -221 -185 -217  -82 -112 -206 -189 -128 -151 -257 -151 -179 -137 -213  -90 -163  -58  -94 -112 -316 -271  -14   20  -20   -2   29  -16   -2   56   18    0   -1 -177  -11    3   54  309   16   39   -1
 34 Knucklehead          -3951  -554 -440 -399 -511 -267 -360 -490 -269 -412 -352 -212 -161 -270 -326 -481 -511 -118 -132 -319 -203 -193  -31  -27 -239    6   38  -22    1  -41   -3   -9   63    1    0  -44   53   13   33  995  268  977  997
 35 Peterbot             -5409  -878 -931 -888 -999 -280 -766 -944 -325 -475 -958 -169 -187 -917 -956  -18 -166 -254 -305 -233  -16  -24  -46   31 -138   14  -27   50   21   17  107  -23   19  177   44    0  242  393  425  982  998  999  995
 36 Always Switchin'     -7375  -204 -230 -457 -292 -477 -474 -197 -419 -431 -345 -290 -425 -181 -274 -222 -291 -236 -249 -110 -247 -245 -464 -459 -262  -41   -6    2  -10  -36   26  -17   -7   11  -53 -242    0  -18   41  474   20    8  -46
 37 R-P-S 20-20-60       -8960  -355 -183 -394 -385 -390 -368 -305 -422 -429 -414 -386 -319 -380 -375 -281 -350 -187 -365 -420 -226 -126 -142 -417 -399   13   11  -33   13   12   29  -25   -3   -3  -13 -393   18    0 -453 -129    6 -365  373
 38 Beat Frequent Pick  -13885  -908 -922 -944 -479 -594 -915 -585 -588 -753 -592 -594 -554 -594 -594 -545 -580 -372 -591 -479 -477 -473 -499 -999 -356 -128  -30   -5    6   24 -242  185   -7  -54  -33 -425  -41  453    0 -600    0  999 1000
 39 Beat The Last Move  -19235  -985 -992 -993 -990 -993 -968 -988 -984 -991 -989 -989 -882 -992 -993   22    9 -945 -992 -983    7   38 -500 -997 -984    1  -22  -21    2   10 -150   74  -42 -309 -995 -982 -474  129  600    0    1 1000  997
 40 Rotate R-P-S        -25649  -990 -993 -994 -995 -996 -993 -993 -986 -990 -993 -993 -945 -993 -993 -984 -993 -963 -990 -953 -993 -992 -999 -997 -973  -21   11  -21   16    1   -6   11   15  -16 -268 -998  -20   -6    0   -1    0    0 -662
 41 Good Ole Rock       -26296  -994 -995 -999 -994 -998 -996 -999 -996 -997 -998 -1000 -974 -1000 -998 -1000 -999 -972 -997 -986 -992 -995 -996 -999 -976    0   11  -28   -9   -2    0  185   54  -39 -977 -999   -8  365 -999 -1000    0    0 1000
 42 * Anti-Flat         -27991  -990 -949 -1000 -1000 -1000 -996 -996 -1000 -996 -1000 -993 -970 -996 -995 -999 -989 -900 -982 -993 -998 -996 -995 -998 -981  105   10   36  -29   -3  414 -112  -47    1 -997 -995   46 -373 -1000 -997  662 -1000    0

 Match results (draw <= 50): 

    Player Name           total  W  L  D   1  2  3  4  5  6  7  8  9 10 11 12 13 14 15 16 17 18 19 20 21 22 23 24 25 26 27 28 29 30 31 32 33 34 35 36 37 38 39 40 41 42
  1 Iocaine Powder          66  26  1 14   1  2  2  2  1  1  1  1  1  1  1  1  2  1  1  1  1  2  2  1  2  1  0  2  2  2  2  2  2  2  2  2  2  2  2  2  2  2  2  2  2  2
  2 Phasenbott              66  26  1 14   0  1  1  2  1  1  1  1  1  1  2  1  2  1  1  1  2  2  2  1  2  2  1  2  2  2  2  2  2  2  2  2  2  2  1  2  2  2  2  2  2  2
  3 MegaHAL                 65  25  1 15   0  1  1  2  1  1  1  1  1  1  1  1  2  1  2  1  1  2  2  2  2  1  1  1  2  2  2  2  2  2  2  2  2  2  2  2  2  2  2  2  2  2
  4 RussRocker4             64  26  3 12   0  0  0  1  1  2  1  1  2  1  1  1  2  1  2  1  1  2  2  1  2  1  1  2  2  2  2  2  2  2  2  2  2  2  2  2  2  2  2  2  2  2
  5 Simple Modeller         64  24  1 16   1  1  1  1  1  1  1  1  1  1  2  1  2  2  1  1  1  2  2  2  2  0  1  2  2  1  2  2  2  2  2  2  1  2  2  2  2  2  2  2  2  2
  6 Biopic                  61  21  1 19   1  1  1  0  1  1  1  1  1  1  1  1  1  1  1  1  1  2  2  2  2  1  1  2  2  2  1  2  2  2  2  1  2  2  2  2  2  2  2  2  2  2
  7 Yomi AI                 60  19  0 22   1  1  1  1  1  1  1  1  1  1  2  1  1  1  1  2  1  2  1  2  2  1  1  2  2  2  1  1  2  1  2  2  1  1  2  2  2  2  2  2  2  2
  8 Shofar                  59  18  0 23   1  1  1  1  1  1  1  1  2  1  1  1  1  1  1  1  1  1  1  2  2  1  1  2  1  2  1  2  2  2  2  1  1  2  2  2  2  2  2  2  2  2
  9 Robertot                57  18  2 21   1  1  1  0  1  1  1  0  1  1  1  1  1  1  1  1  1  1  1  1  2  1  1  1  2  1  2  2  2  2  2  2  2  2  2  2  2  2  2  2  2  2
 10 Boom                    57  18  2 21   1  1  1  1  1  1  1  1  1  1  1  0  1  2  2  1  0  1  2  1  2  1  1  1  2  1  1  2  2  1  2  2  1  2  2  2  2  2  2  2  2  2
 11 Bugbrain                57  19  3 19   1  0  1  1  0  1  0  1  1  1  1  1  1  1  1  2  1  2  2  2  2  1  1  1  2  1  2  2  2  1  2  2  1  2  2  1  2  2  2  2  2  2
 12 ACT-R Lag2              56  17  2 22   1  1  1  1  1  1  1  1  1  2  1  1  2  1  1  1  1  2  2  1  1  0  1  1  2  0  1  2  2  1  2  1  2  1  2  2  2  2  2  2  2  2
 13 Simple Predictor        54  20  7 14   0  0  0  0  0  1  1  1  1  1  1  0  1  1  1  2  1  2  1  1  2  0  1  1  2  1  2  2  2  2  2  2  2  2  2  2  2  2  2  2  2  2
 14 Sweet Rocky             53  16  4 21   1  1  1  1  0  1  1  1  1  0  1  1  1  1  1  1  1  1  1  0  0  1  1  1  2  1  1  2  2  2  2  2  2  2  2  2  2  2  2  2  2  2
 15 Piedra                  52  14  3 24   1  1  0  0  1  1  1  1  1  0  1  1  1  1  1  1  1  1  1  1  1  1  1  1  1  1  1  2  2  1  2  2  2  2  2  2  2  2  2  2  2  2
 16 Majikthise              51  13  3 25   1  1  1  1  1  1  0  1  1  1  0  1  0  1  1  1  1  1  2  2  2  1  1  1  1  1  1  1  2  1  2  1  2  1  2  1  2  2  2  2  2  2
 17 Vroomfondel             50  11  2 28   1  0  1  1  1  1  1  1  1  2  1  1  1  1  1  1  1  1  1  1  1  1  1  0  1  1  1  1  2  1  2  1  2  1  2  1  2  2  2  2  2  2
 18 Granite                 48  17 10 14   0  0  0  0  0  0  0  1  1  1  0  0  0  1  1  1  1  1  1  1  1  1  1  2  2  1  2  2  2  1  2  2  2  2  2  2  2  2  2  2  2  2
 19 Marble                  47  16 10 15   0  0  0  0  0  0  1  1  1  0  0  0  1  1  1  0  1  1  1  1  1  1  1  2  2  1  1  2  2  1  2  2  2  2  2  2  2  2  2  2  2  2
 20 Mixed Strategy          47  13  7 21   1  1  0  1  0  0  0  0  1  1  0  1  1  2  1  0  1  1  1  1  1  1  1  1  1  1  1  2  1  1  2  1  2  2  2  2  2  2  2  2  2  2
 21 ZQ Bot                  46  18 13 10   0  0  0  0  0  0  0  0  0  0  0  1  0  2  1  0  1  1  1  1  1  1  1  2  2  1  2  2  2  1  2  2  2  2  2  2  2  2  2  2  2  2
 22 * De Bruijn             44   5  2 34   1  0  1  1  2  1  1  1  1  1  1  2  2  1  1  1  1  1  1  1  1  1  1  2  1  1  1  1  1  1  1  1  1  1  1  1  1  1  2  1  1  0
 23 * Pi                    42   2  1 38   2  1  1  1  1  1  1  1  1  1  1  1  1  1  1  1  1  1  1  1  1  1  1  2  1  1  1  1  1  1  1  1  1  1  1  0  1  1  1  1  1  1
 24 * Anti-rotn             41  12 12 17   0  0  1  0  0  0  0  0  1  1  1  1  1  1  1  1  2  0  0  1  0  0  0  1  1  1  1  1  2  1  1  1  2  2  2  2  2  2  2  2  2  2
 25 Inocencio               40  15 16 10   0  0  0  0  0  0  0  1  0  0  0  0  0  0  1  1  1  0  0  1  0  1  1  1  1  2  1  2  2  2  2  2  2  2  1  2  2  2  2  2  2  2
 26 * Foxtrot               33   1  9 31   0  0  0  0  1  0  0  0  1  1  1  2  1  1  1  1  1  1  1  1  1  1  1  1  0  1  0  1  1  1  1  1  1  1  1  1  1  1  1  1  1  1
 27 * Add-drift             32   1 10 30   0  0  0  0  0  1  1  1  0  1  0  1  0  1  1  1  1  0  1  1  0  1  1  1  1  2  1  1  1  1  1  1  1  1  1  1  1  1  1  1  1  1
 28 Peterbot                31   9 19 13   0  0  0  0  0  0  1  0  0  0  0  0  0  0  0  1  1  0  0  0  0  1  1  1  0  1  1  1  1  1  1  1  2  2  2  1  2  2  2  2  2  2
 29 Multi-strategy          30  11 22  8   0  0  0  0  0  0  0  0  0  0  0  0  0  0  0  0  0  0  0  1  0  1  1  0  0  1  1  1  1  2  1  1  2  2  2  2  2  2  2  2  2  2
 30 * Copy-drift            29   0 12 29   0  0  0  0  0  0  1  0  0  1  1  1  0  0  1  1  1  1  1  1  1  1  1  1  0  1  1  1  0  1  1  1  1  1  1  1  1  1  1  1  1  1
 31 Knucklehead             25   6 22 13   0  0  0  0  0  0  0  0  0  0  0  0  0  0  0  0  0  0  0  0  0  1  1  1  0  1  1  1  1  1  1  2  1  2  1  1  2  2  1  1  2  2
 32 * Add-react             23   0 18 23   0  0  0  0  0  1  0  1  0  0  0  1  0  0  0  1  1  0  0  1  0  1  1  1  0  1  1  1  1  1  0  1  1  1  1  1  0  1  1  1  1  1
 33 * Flat                  22   2 21 18   0  0  0  0  1  0  1  1  0  1  1  0  0  0  0  0  0  0  0  0  0  1  1  0  0  1  1  0  0  1  1  1  1  2  1  1  1  1  2  1  1  0
 34 Beat The Last Move      21   5 25 11   0  0  0  0  0  0  1  0  0  0  0  1  0  0  0  1  1  0  0  0  0  1  1  0  0  1  1  0  0  1  0  1  0  1  0  2  2  0  2  2  1  2
 35 * Switch A Lot          21   3 23 15   0  1  0  0  0  0  0  0  0  0  0  0  0  0  0  0  0  0  0  0  0  1  1  0  1  1  1  0  0  1  1  1  1  2  1  2  1  1  2  1  1  1
 36 * Text                  18   2 25 14   0  0  0  0  0  0  0  0  0  0  1  0  0  0  0  1  1  0  0  0  0  1  2  0  0  1  1  1  0  1  1  1  1  0  0  1  0  1  0  1  1  2
 37 Good Ole Rock           17   4 28  9   0  0  0  0  0  0  0  0  0  0  0  0  0  0  0  0  0  0  0  0  0  1  1  0  0  1  1  0  0  1  0  2  1  0  1  2  1  1  0  2  1  2
 38 Always Switchin'        16   1 26 14   0  0  0  0  0  0  0  0  0  0  0  0  0  0  0  0  0  0  0  0  0  1  1  0  0  1  1  0  0  1  0  1  1  2  1  1  1  1  1  1  1  1
 39 Beat Frequent Pick      16   4 29  8   0  0  0  0  0  0  0  0  0  0  0  0  0  0  0  0  0  0  0  0  0  0  1  0  0  1  1  0  0  1  1  1  0  0  0  2  2  1  1  2  1  2
 40 R-P-S 20-20-60          14   1 28 12   0  0  0  0  0  0  0  0  0  0  0  0  0  0  0  0  0  0  0  0  0  1  1  0  0  1  1  0  0  1  1  1  1  0  1  1  0  1  0  1  1  2
 41 Rotate R-P-S            14   0 27 14   0  0  0  0  0  0  0  0  0  0  0  0  0  0  0  0  0  0  0  0  0  1  1  0  0  1  1  0  0  1  0  1  1  1  1  1  1  1  1  1  1  0
 42 * Anti-Flat             13   3 31  7   0  0  0  0  0  0  0  0  0  0  0  0  0  0  0  0  0  0  0  0  0  2  1  0  0  1  1  0  0  1  0  1  2  0  1  0  0  1  0  0  2  1


   Yomi AI is match ranked 7

 Tournament results:
    Player Name          total 
  1 Yomi AI               6108 
 19 Iocaine Powder       10874 
 20 Phasenbott            9984 
 21 MegaHAL               9381 
 22 RussRocker4           7780 
 23 Biopic                8276 
 24 Simple Modeller       8194 
 25 Simple Predictor      7368 
 26 Robertot              7797 
 27 Boom                  7125 
 28 Shofar                6669 
 32 Granite               6446 
 33 Marble                6943 
 34 ZQ Bot                6168 
 35 Sweet Rocky           6694 

   Yomi is tournament ranked 15

