 Playing 1 tournaments with 1000 trials per match...

 Yomi AI            vs Good Ole Rock       Match: 1000 (1000+   0-   0=)
 Yomi AI            vs R-P-S 20-20-60      Match:  223 (487+ 264- 249=)
 Yomi AI            vs Rotate R-P-S        Match:  822 (907+  85-   8=)
 Yomi AI            vs Beat The Last Move  Match:   78 (399+ 321- 280=)
 Yomi AI            vs Always Switchin'    Match:  174 (468+ 294- 238=)
 Yomi AI            vs Beat Frequent Pick  Match:  488 (688+ 200- 112=)
 Yomi AI            vs * Pi                Match:   -6 (343+ 349- 308=)
 Yomi AI            vs * Switch A Lot      Match:  106 (397+ 291- 312=)
 Yomi AI            vs * Flat              Match:  132 (427+ 295- 278=)
 Yomi AI            vs * Anti-Flat         Match:  818 (897+  79-  24=)
 Yomi AI            vs * Foxtrot           Match:  295 (531+ 236- 233=)
 Yomi AI            vs * De Bruijn         Match:  -34 (319+ 353- 328=)
 Yomi AI            vs * Text              Match:   97 (398+ 301- 301=)
 Yomi AI            vs * Anti-rotn         Match:   14 (353+ 339- 308=)
 Yomi AI            vs * Copy-drift        Match:   -9 (327+ 336- 337=)
 Yomi AI            vs * Add-react         Match:   99 (384+ 285- 331=)
 Yomi AI            vs * Add-drift         Match:    8 (332+ 324- 344=)
 Yomi AI            vs Iocaine Powder      Match:    1 (344+ 343- 313=)
 Yomi AI            vs Phasenbott          Match:  -32 (327+ 359- 314=)
 Yomi AI            vs MegaHAL             Match:   -8 (329+ 337- 334=)
 Yomi AI            vs RussRocker4         Match:    4 (342+ 338- 320=)
 Yomi AI            vs Biopic              Match:  -21 (361+ 382- 257=)
 Yomi AI            vs Simple Modeller     Match:  -50 (317+ 367- 316=)
 Yomi AI            vs Simple Predictor    Match:   29 (369+ 340- 291=)
 Yomi AI            vs Robertot            Match:   17 (374+ 357- 269=)
 Yomi AI            vs Boom                Match:    7 (327+ 320- 353=)
 Yomi AI            vs Shofar              Match:    0 (353+ 353- 294=)
 Yomi AI            vs ACT-R Lag2          Match:   23 (356+ 333- 311=)
 Yomi AI            vs Majikthise          Match:    7 (334+ 327- 339=)
 Yomi AI            vs Vroomfondel         Match:    1 (335+ 334- 331=)
 Yomi AI            vs Granite             Match:   81 (437+ 356- 207=)
 Yomi AI            vs Marble              Match:   80 (424+ 344- 232=)
 Yomi AI            vs ZQ Bot              Match:   37 (399+ 362- 239=)
 Yomi AI            vs Sweet Rocky         Match:   40 (378+ 338- 284=)
 Yomi AI            vs Piedra              Match:   29 (373+ 344- 283=)
 Yomi AI            vs Mixed Strategy      Match:   -6 (368+ 374- 258=)
 Yomi AI            vs Multi-strategy      Match:  220 (496+ 276- 228=)
 Yomi AI            vs Inocencio           Match:   77 (416+ 339- 245=)
 Yomi AI            vs Peterbot            Match:   38 (364+ 326- 310=)
 Yomi AI            vs Bugbrain            Match:   32 (363+ 331- 306=)
 Yomi AI            vs Knucklehead         Match:  425 (625+ 200- 175=)
 Final results (draw value = 50):

 Tournament results: 

    Player Name          total     1    2    3    4    5    6    7    8    9   10   11   12   13   14   15   16   17   18   19   20   21   22   23   24   25   26   27   28   29   30   31   32   33   34   35   36   37   38   39   40   41   42
  1 Iocaine Powder       11160     0  153   55   32   23   -4  -23  125  507  213   83   60  213  -15   50   70  336   -1   15   82    1   -9  235  886    6   -2   88  311  140  271  193  107   82  580  241  907  284  906  980  988  991 1000
  2 Phasenbott            9879  -153    0   46   69   16   50   39  171  531  219   53   73  220   -3   24   58  253   32   40   52   69   13  197  138   46  -30  120  372  121  302   21   76   86  450  206  896  138  917  990  994  993  974
  3 MegaHAL               9670   -55  -46    0  -47   15  -12   12   89  102  267   17   54  229    6  -17   20  274    8   95   36  -10  -37  239  197    4    4  177   94  118  294  123  142  232  347  434  922  413  948  994  993  999  996
  4 Simple Modeller       8629   -32  -69   47    0    9  -12    2  307   16   82    9    5   97   -7   21   20  295   50   34   55   -1  -49  226  134  -39  -13  224  -14  243   98   72  143  236  282  434  781  380  591  990  992  996  994
  5 Biopic                8555   -23  -16  -15   -9    0  -25   -1   60   12   87   72   51  108   -7   -2   55   99   21   35   55  -15   -7  341  159   17   24   17  374   69   71  110  131  155  507  309  793  353  611  993  995  995  996
  6 Robertot              8144     4  -50   12   12   25    0   -4   45  -65   61   35   30   30   12   39   -5   94  -17   83   67   35  -29  271   88   -5   -7   48  -25   51   64   64  194  100  407  474  804  423  822  968  995  996  998
  7 Boom                  7992    23  -39  -12   -2    1    4    0   28  -31   24   40   65   79   24  -13  -34   40   -7   41   44  -33   -3  130  784  -14   13   61   14   94   99   35  102  138  411  426  339  405  753  978  989  996 1000
  8 Simple Predictor      7802  -125 -171  -89 -307  -60  -45  -28    0 -102   -3   37   62   47    8   26  -27  178  -29   18   42  -56  -11  179  670  -73  -14  320  -28  279  111   87  149  237  272  410  858  426  592  985  986  995  996
  9 RussRocker4           7738  -507 -531 -102  -16  -12   65   31  102    0  146   90   45  171   14   21  -23  165   -4  150   61    2    2  230   87  -35  -24  149  147  140  368  141   52  128  459  253  943  251  593  993  993 1000 1000
 10 Granite               6700  -213 -219 -267  -82  -87  -61  -24    3 -146    0   20   35   25  -53  -75 -133   43  -81   30   58  -54  -64  244  648  -61   -3   26   82   42   91  223  181  147  315  231  926  381  592  992  990  998 1000
 11 Sweet Rocky           6261   -83  -53  -17   -9  -72  -35  -40  -37  -90  -20    0   53  -30  -40  -17  -61  -49  -40   18   50  -47  -34   90  -25  -35  -11   29   14  -11   92  128  167  146  222  223  924  401  592  995  989  994  990
 12 Piedra                6181   -60  -73  -54   -5  -51  -30  -65  -62  -45  -35  -53    0  -64  -73  -39  -23  -70  -29  -13   60  -34  -13  120   -8  -27  -65  103    6   80  341  148  174  137  139  204  697  412  593  995  987  995  981
 13 Marble                6140  -213 -220 -229  -97 -108  -30  -79  -47 -171  -25   30   64    0  -10 -102 -149   23  -80    5   69   24  -64  314   16  -78    9   38   61  100   98  188  181  136  324  239  928  422  591  994  995  998  995
 14 Shofar                6121    15    3   -6    7    7  -12  -24   -8  -14   53   40   73   10    0   10  -15   -1    0   26   33    1    0  128   42  -55    3  -16   -2   62   51  109  146  142  229  433   39  266  555  907  940  985  959
 15 Bugbrain              5927   -50  -24   17  -21    2  -39   13  -26  -21   75   17   39  102  -10    0  -20  174  -32   77   44   -3    0  111   37  -29   19  137   -9   46   87   60    4  105  146  213  265  149  388  961  942  990  991
 16 ACT-R Lag2            5863   -70  -58  -20  -20  -55    5   34   27   23  133   61   23  149   15   20    0   74  -23   80   42  -39   11  245   47  -71    1   46  -39   30   33  121   78  169  504  260  160  296  576    8  993  999  995
 17 ZQ Bot                5474  -336 -253 -274 -295  -99  -94  -40 -178 -165  -43   49   70  -23    1 -174  -74    0  -37   29   54  -47  -66  254  -11  -35  -12   37   56   22  332  207  170  172  238  252  845  380  592  987  986  998  999
 18 Yomi AI               5336     1  -32   -8  -50  -21   17    7   29    4   81   40   29   80    0   32   23   37    0   -6   14    7    1  220   77  -34   -6    8  295   -9   99  132   97  106  425  174   38  223  488   78  822 1000  818
 19 Mixed Strategy        5111   -15  -40  -95  -34  -35  -83  -41  -18 -150  -30  -18   13   -5  -26  -77  -80  -29    6    0  -27  -16   28    2  327  -51  -54   32  -27   19   90  123  130   23  128   76  199  439  521  961  963  986  996
 20 * Anti-rotn           5085   -82  -52  -36  -55  -55  -67  -44  -42  -61  -58  -50  -60  -69  -33  -44  -42  -54  -14   27    0   -2   24  258  -57  -36  -52   22  -58   18    5  228   53  320   55  510  500  201  500  497  999  996  995
 21 Majikthise            4919    -1  -69   10    1   15  -35   33   56   -2   54   47   34  -24   -1    3   39   47   -7   16    2    0   56  150   64   30   18  -29   16   16  -28   83   18  110  230  338    3  168  476   25  992  994  971
 22 Vroomfondel           4742     9  -13   37   49    7   29    3   11   -2   64   34   13   64    0    0  -11   66   -1  -28  -24  -56    0  123   17    9   -3  -23   69   30   35   89   16   75  189  283   17  165  435  -16  991  995  995
 23 Multi-strategy        2621  -235 -197 -239 -226 -341 -271 -130 -179 -230 -244  -90 -120 -314 -128 -111 -245 -254 -220   -2 -258 -150 -123    0 -134  -50  -20  -25  -13  232  -24  149  123  279   53  486  500  382  999  997  997  999  998
 24 Inocencio             1821  -886 -138 -197 -134 -159  -88 -784 -670  -87 -648   25    8  -16  -42  -37  -47   11  -77 -327   57  -64  -17  134    0  -22  -25  -24  350   75  101  183  159  127  193  251  111  343  361  875  982  981  983
 25 * De Bruijn            731    -6  -46   -4   39  -17    5   14   73   35   61   35   27   78   55   29   71   35   34   51   36  -30   -9   50   22    0   -1  -11   22  -28    3   21   23   -1   -4  -11   -5   53  128   -1   21    0 -116
 26 * Pi                   174     2   30   -4   13  -24    7  -13   14   24    3   11   65   -9   -3  -19   -1   12    6   54   52  -18    3   20   25    1    0  -25  -50    8  -18    4  -81   57  -15   -3   53  -26   30   22  -11  -11  -11
 27 * Add-drift          -1722   -88 -120 -177 -224  -17  -48  -61 -320 -149  -26  -29 -103  -38   16 -137  -46  -37   -8  -32  -22   29   23   25   24   11   25    0   -4  -35   19   -5   12   21  -38  -19  -13  -29  -11  -29  -35   -9  -18
 28 * Foxtrot            -1997  -311 -372  -94   14 -374   25  -14   28 -147  -82  -14   -6  -61    2    9   39  -56 -295   27   58  -16  -69   13 -350  -22   50    4    0   12   -9   31   -7  -34  -34   52  -26   13    8    2   -6   -3   18
 29 * Copy-drift         -2071  -140 -121 -118 -243  -69  -51  -94 -279 -140  -42   11  -80 -100  -62  -46  -30  -22    9  -19  -18  -16  -30 -232  -75   28   -8   35  -12    0  -44  -49   31    9 -103   12  -40   31    8  -11   27   -1   23
 30 * Add-react          -2960  -271 -302 -294  -98  -71  -64  -99 -111 -368  -91  -92 -341  -98  -51  -87  -33 -332  -99  -90   -5   28  -35   24 -101   -3   18  -19    9   44    0  -17   54  -82  -16  -44    7    2   17   76   69  -53   59
 31 * Flat               -3121  -193  -21 -123  -72 -110  -64  -35  -87 -141 -223 -128 -148 -188 -109  -60 -121 -207 -132 -123 -228  -83  -89 -149 -183  -21   -4    5  -31   49   17    0   37  -13    8    2 -172    1  232  212   -8    0 -418
 32 * Text               -3167  -107  -76 -142 -143 -131 -194 -102 -149  -52 -181 -167 -174 -181 -146   -4  -78 -170  -97 -130  -53  -18  -16 -123 -159  -23   81  -12    7  -31  -54  -37    0   21  -15  -24   36   19 -185  -74  -11 -185  113
 33 * Switch A Lot       -3324   -82  -86 -232 -236 -155 -100 -138 -237 -128 -147 -146 -137 -136 -142 -105 -169 -172 -106  -23 -320 -110  -75 -279 -127    1  -57  -21   34   -9   82   13  -21    0  -23  -30 -170   21   95  339   49  -16  -23
 34 Knucklehead          -3533  -580 -450 -347 -282 -507 -407 -411 -272 -459 -315 -222 -139 -324 -229 -146 -504 -238 -425 -128  -55 -230 -189  -53 -193    4   15   38   34  103   16   -8   15   23    0  -24  -25   82  126  393  821  979  980
 35 Always Switchin'     -6879  -241 -206 -434 -434 -309 -474 -426 -410 -253 -231 -223 -204 -239 -433 -213 -260 -252 -174  -76 -510 -338 -283 -486 -251   11    3   19  -52  -12   44   -2   24   30   24    0 -230    8   39  535    1   20   19
 36 Peterbot             -7986  -907 -896 -922 -781 -793 -804 -339 -858 -943 -926 -924 -697 -928  -39 -265 -160 -845  -38 -199 -500   -3  -17 -500 -111    5  -53   13   26   40   -7  172  -36  170   25  230    0  409  442  982  998 1000  993
 37 R-P-S 20-20-60       -8935  -284 -138 -413 -380 -353 -423 -405 -426 -251 -381 -401 -412 -422 -266 -149 -296 -380 -223 -439 -201 -168 -165 -382 -343  -53   26   29  -13  -31   -2   -1  -19  -21  -82   -8 -409    0 -396 -167  -38 -439  390
 38 Beat Frequent Pick  -14129  -906 -917 -948 -591 -611 -822 -753 -592 -593 -592 -592 -593 -591 -555 -388 -576 -592 -488 -521 -500 -476 -435 -999 -361 -128  -30   11   -8   -8  -17 -232  185  -95 -126  -39 -442  396    0 -600    0  999  997
 39 Beat The Last Move  -18805  -980 -990 -994 -990 -993 -968 -978 -985 -993 -992 -995 -995 -994 -907 -961   -8 -987  -78 -961 -497  -25   16 -997 -875    1  -22   29   -2   11  -76 -212   74 -339 -393 -535 -982  167  600    0    1 1000 1000
 40 Rotate R-P-S        -26063  -988 -994 -993 -992 -995 -995 -989 -986 -993 -990 -989 -987 -995 -940 -942 -993 -986 -822 -963 -999 -992 -991 -997 -982  -21   11   35    6  -27  -69    8   11  -49 -821   -1 -998   38    0   -1    0    0 -692
 41 Good Ole Rock       -26151  -991 -993 -999 -996 -995 -996 -996 -995 -1000 -998 -994 -995 -998 -985 -990 -999 -998 -1000 -986 -996 -994 -995 -999 -981    0   11    9    3    1   53    0  185   16 -979  -20 -1000  439 -999 -1000    0    0  999
 42 * Anti-Flat         -27933  -1000 -974 -996 -994 -996 -998 -1000 -996 -1000 -1000 -990 -981 -995 -959 -991 -995 -999 -818 -996 -995 -971 -995 -998 -983  116   11   18  -18  -23  -59  418 -113   23 -980  -19 -993 -390 -997 -1000  692 -999    0

 Match results (draw <= 50): 

    Player Name           total  W  L  D   1  2  3  4  5  6  7  8  9 10 11 12 13 14 15 16 17 18 19 20 21 22 23 24 25 26 27 28 29 30 31 32 33 34 35 36 37 38 39 40 41 42
  1 Iocaine Powder          70  29  0 12   1  2  1  2  2  1  1  1  1  1  1  2  1  1  2  2  1  2  2  2  1  1  2  2  2  2  2  2  2  2  2  2  2  2  2  2  2  2  2  2  2  2
  2 Phasenbott              68  28  1 12   0  1  1  1  2  2  1  1  1  1  1  2  2  1  2  2  1  2  2  2  1  1  2  2  2  2  2  2  2  2  2  2  2  1  2  2  2  2  2  2  2  2
  3 Biopic                  66  25  0 16   1  1  1  1  1  1  1  1  1  1  1  2  1  1  2  2  1  2  2  2  1  1  2  2  2  2  1  2  2  2  2  2  2  2  2  2  2  2  2  2  2  2
  4 MegaHAL                 65  25  1 15   0  1  1  1  2  1  1  1  1  1  1  1  1  1  2  1  1  2  2  2  2  1  2  2  1  2  2  2  2  2  2  2  2  2  2  2  2  2  2  2  2  2
  5 RussRocker4             64  26  3 12   0  0  1  0  1  1  2  1  1  1  1  1  1  1  2  2  1  2  2  1  2  1  2  2  2  2  2  2  2  2  2  2  2  2  2  2  2  2  2  2  2  2
  6 Simple Modeller         62  22  1 18   1  0  1  1  1  1  1  1  1  1  1  1  1  1  2  1  1  2  2  1  1  1  2  2  2  1  2  2  2  2  2  2  2  2  2  2  2  2  2  2  2  2
  7 Robertot                60  20  1 20   1  1  1  1  0  1  1  1  1  1  1  1  1  1  1  1  1  1  2  1  2  1  2  2  2  1  1  2  2  2  2  2  2  2  2  2  2  2  2  2  2  2
  8 Boom                    59  18  0 23   1  1  1  1  1  1  1  1  1  1  1  1  1  1  1  1  1  2  1  2  1  1  2  1  1  1  2  2  2  2  2  2  2  1  2  2  2  2  2  2  2  2
  9 Bugbrain                59  18  0 23   1  1  1  1  1  1  1  1  1  1  1  1  1  1  1  1  1  2  2  1  2  1  1  2  1  1  2  2  2  1  2  2  2  2  2  1  2  2  2  2  2  2
 10 Yomi AI                 58  17  0 24   1  1  1  1  1  1  1  1  1  1  1  1  1  1  1  1  1  2  1  1  1  1  2  2  1  2  1  2  1  1  2  2  2  2  2  2  2  2  2  2  2  2
 11 Shofar                  56  16  1 24   1  1  1  1  1  1  1  1  1  1  1  1  1  1  1  1  0  1  1  2  1  1  1  2  1  1  1  2  1  2  2  2  2  2  2  2  2  2  2  2  2  2
 12 ACT-R Lag2              54  17  4 20   0  0  0  1  1  1  1  1  1  1  1  1  1  1  1  2  0  2  2  1  2  1  1  2  1  1  1  2  2  1  1  2  1  2  2  2  2  2  2  2  2  2
 13 Majikthise              54  14  1 26   1  0  1  1  1  1  1  1  1  1  1  1  1  2  2  1  1  1  1  1  1  1  2  2  1  1  1  2  1  1  1  2  1  2  2  1  2  2  2  2  2  2
 14 Vroomfondel             54  14  1 26   1  1  1  1  1  1  1  1  1  1  1  1  0  1  1  1  1  2  2  1  1  1  1  2  1  2  1  2  1  1  1  2  1  2  2  1  2  2  2  2  2  2
 15 Simple Predictor        52  19  8 14   0  0  0  0  0  0  1  1  1  1  1  1  0  1  1  1  0  1  2  2  1  1  2  1  1  1  2  2  2  2  2  2  2  2  2  2  2  2  2  2  2  2
 16 Sweet Rocky             51  15  5 21   0  0  0  1  0  1  1  1  1  1  1  0  1  1  1  1  1  1  1  2  1  1  1  1  1  1  1  2  2  1  2  2  2  2  2  2  2  2  2  2  2  2
 17 * De Bruijn             48   8  1 32   1  1  1  1  1  1  1  1  1  1  2  2  1  1  2  1  1  2  1  1  2  1  1  2  1  1  1  1  1  1  1  1  1  1  1  1  1  1  2  1  2  0
 18 Marble                  47  18 12 11   0  0  0  0  0  0  1  0  0  0  1  0  1  0  1  1  0  1  1  2  1  1  1  1  2  2  1  2  2  2  2  2  2  2  2  2  2  2  2  2  2  2
 19 ZQ Bot                  47  17 11 13   0  0  0  0  0  0  0  1  0  1  1  0  1  0  0  1  1  1  1  2  1  1  1  1  2  2  1  2  2  1  2  2  2  2  2  2  2  2  2  2  2  2
 20 Piedra                  47  17 11 13   0  0  0  0  1  1  1  0  1  1  0  1  1  1  0  0  1  0  0  1  1  0  1  1  2  1  2  2  2  2  2  2  2  2  2  2  2  2  2  2  2  2
 21 Mixed Strategy          47  13  7 21   1  1  1  0  0  1  0  1  0  1  1  0  1  1  1  1  0  1  1  1  1  0  2  1  1  1  1  1  2  1  2  2  2  2  1  2  2  2  2  2  2  2
 22 * Pi                    45   5  1 35   1  1  1  1  1  1  1  1  1  1  1  1  1  1  1  1  1  1  1  2  2  1  1  1  2  1  1  1  2  1  1  1  1  1  2  0  1  1  1  1  1  1
 23 Inocencio               45  17 13 11   0  0  0  0  0  0  0  0  1  0  1  1  0  1  0  1  1  1  1  1  0  1  1  0  2  2  1  2  2  2  2  2  2  2  2  2  2  2  2  2  2  2
 24 Granite                 44  17 14 10   0  0  0  0  0  0  0  1  0  0  0  0  0  0  1  1  0  1  1  1  1  1  2  1  2  2  1  2  2  1  2  2  2  2  2  2  2  2  2  2  2  2
 25 * Anti-rotn             41  13 13 15   0  0  0  1  0  0  0  1  1  1  1  1  1  1  1  1  1  0  0  0  1  0  0  0  1  0  1  2  2  1  1  2  2  2  2  2  2  2  2  2  2  2
 26 * Foxtrot               32   2 11 28   0  0  0  0  0  1  1  1  1  0  1  1  1  0  1  1  1  0  0  1  1  1  0  0  2  1  1  1  1  1  1  1  1  1  1  1  1  2  1  1  1  1
 27 * Add-drift             32   0  9 32   0  0  1  0  0  0  1  0  0  1  1  1  1  1  0  1  1  1  1  0  1  1  1  1  1  1  1  1  1  1  1  1  1  1  1  1  1  1  1  1  1  1
 28 Multi-strategy          32  13 22  6   0  0  0  0  0  0  0  0  0  0  0  0  0  0  0  0  1  0  0  0  1  1  0  0  0  1  1  1  2  2  1  2  2  2  2  2  2  2  2  2  2  2
 29 Peterbot                29   9 21 11   0  0  0  0  0  0  0  0  0  1  1  0  1  1  0  0  1  0  0  0  0  0  0  0  0  1  1  0  1  1  1  1  2  2  2  1  2  2  2  2  2  2
 30 * Copy-drift            26   0 15 26   0  0  0  0  0  0  0  0  1  1  0  1  1  1  0  1  1  0  1  0  1  1  0  1  1  1  1  0  1  1  1  0  1  1  1  1  1  1  1  1  1  1
 31 * Add-react             24   4 21 16   0  0  0  0  0  0  0  0  0  0  0  1  1  1  0  0  1  0  0  0  0  1  0  0  1  1  1  1  1  1  1  1  2  1  0  2  0  1  1  2  1  2
 32 Knucklehead             24   7 24 10   0  0  0  0  0  0  0  0  0  0  0  0  0  0  0  0  1  0  0  0  0  1  0  0  0  1  1  0  1  2  1  1  2  1  1  1  2  1  2  2  2  2
 33 Beat The Last Move      19   5 27  9   0  0  0  0  0  0  0  0  0  0  0  1  1  1  0  0  1  0  0  0  0  1  0  0  0  1  1  0  0  1  0  0  1  0  0  2  2  0  2  1  2  2
 34 * Flat                  19   2 24 15   0  1  0  0  0  0  0  1  0  0  0  0  0  0  0  0  1  0  0  0  0  1  0  0  0  1  1  0  0  1  1  1  2  1  1  1  1  1  2  1  1  0
 35 * Switch A Lot          19   3 25 13   0  0  0  0  0  0  0  0  0  0  0  0  0  0  0  0  1  0  0  0  1  0  0  0  0  1  1  0  0  1  2  1  2  1  1  1  1  1  2  1  1  1
 36 * Text                  18   2 25 14   0  0  0  0  0  0  0  0  1  0  0  0  1  1  0  0  1  0  0  0  0  2  0  0  0  1  1  0  1  1  0  1  0  1  1  1  0  1  0  1  1  2
 37 Good Ole Rock           17   4 28  9   0  0  0  0  0  0  0  0  0  0  0  0  0  0  0  0  1  0  0  0  0  1  0  0  0  1  1  0  0  1  2  0  0  1  1  2  1  1  0  1  2  2
 38 Always Switchin'        16   1 26 14   0  0  0  0  0  0  0  0  0  0  0  0  0  0  0  0  1  0  0  0  0  1  0  0  0  0  1  0  0  1  1  1  2  1  1  1  1  1  1  1  1  1
 39 Beat Frequent Pick      15   4 30  7   0  0  0  0  0  0  0  0  0  0  0  0  0  0  0  0  0  0  0  0  0  1  0  0  0  1  1  0  0  1  1  0  0  0  0  2  2  1  1  1  2  2
 40 Rotate R-P-S            13   0 28 13   0  0  0  0  0  0  0  0  0  0  0  0  0  0  0  0  1  0  0  0  0  1  0  0  0  1  1  0  0  1  0  0  1  1  1  1  1  1  1  1  1  0
 41 R-P-S 20-20-60          12   1 30 10   0  0  0  0  0  0  0  0  0  0  0  0  0  0  0  0  0  0  0  0  0  1  0  0  0  1  1  0  0  1  1  0  0  1  1  1  0  1  0  1  1  2
 42 * Anti-Flat             12   3 32  6   0  0  0  0  0  0  0  0  0  0  0  0  0  0  0  0  2  0  0  0  0  1  0  0  0  1  1  0  0  1  0  0  0  2  1  0  0  1  0  2  0  1


   Yomi AI is match ranked 10

 Tournament results:
    Player Name          total 
  1 Yomi AI               5336 
 19 Iocaine Powder       11160 
 20 Phasenbott            9879 
 21 MegaHAL               9670 
 22 RussRocker4           7738 
 23 Biopic                8555 
 24 Simple Modeller       8629 
 25 Simple Predictor      7802 
 26 Robertot              8144 
 27 Boom                  7992 
 28 Shofar                6121 
 29 ACT-R Lag2            5863 
 32 Granite               6700 
 33 Marble                6140 
 34 ZQ Bot                5474 
 35 Sweet Rocky           6261 
 36 Piedra                6181 
 41 Bugbrain              5927 

   Yomi is tournament ranked 18

