 Playing 1 tournaments with 1000 trials per match...

 Yomi AI            vs Good Ole Rock       Match: 1000 (1000+   0-   0=)
 Yomi AI            vs R-P-S 20-20-60      Match:   63 (344+ 281- 375=)
 Yomi AI            vs Rotate R-P-S        Match:   57 (319+ 262- 419=)
 Yomi AI            vs Beat The Last Move  Match:   12 (328+ 316- 356=)
 Yomi AI            vs Always Switchin'    Match:   61 (368+ 307- 325=)
 Yomi AI            vs Beat Frequent Pick  Match:   99 (361+ 262- 377=)
 Yomi AI            vs * Pi                Match:  -12 (337+ 349- 314=)
 Yomi AI            vs * Switch A Lot      Match:   71 (377+ 306- 317=)
 Yomi AI            vs * Flat              Match:   -3 (331+ 334- 335=)
 Yomi AI            vs * Anti-Flat         Match: 1000 (1000+   0-   0=)
 Yomi AI            vs * Foxtrot           Match:  -14 (321+ 335- 344=)
 Yomi AI            vs * De Bruijn         Match:  -25 (308+ 333- 359=)
 Yomi AI            vs * Text              Match:    0 (336+ 336- 328=)
 Yomi AI            vs * Anti-rotn         Match:   13 (349+ 336- 315=)
 Yomi AI            vs * Copy-drift        Match:   20 (345+ 325- 330=)
 Yomi AI            vs * Add-react         Match:  -64 (304+ 368- 328=)
 Yomi AI            vs * Add-drift         Match:   -4 (325+ 329- 346=)
 Yomi AI            vs Iocaine Powder      Match:    1 (337+ 336- 327=)
 Yomi AI            vs Phasenbott          Match:  -34 (312+ 346- 342=)
 Yomi AI            vs MegaHAL             Match:   29 (347+ 318- 335=)
 Yomi AI            vs RussRocker4         Match:   45 (347+ 302- 351=)
 Yomi AI            vs Biopic              Match:   17 (355+ 338- 307=)
 Yomi AI            vs Simple Modeller     Match:    3 (338+ 335- 327=)
 Yomi AI            vs Simple Predictor    Match:   34 (352+ 318- 330=)
 Yomi AI            vs Robertot            Match:  -35 (310+ 345- 345=)
 Yomi AI            vs Boom                Match:  -24 (319+ 343- 338=)
 Yomi AI            vs Shofar              Match:   49 (363+ 314- 323=)
 Yomi AI            vs ACT-R Lag2          Match:  -19 (321+ 340- 339=)
 Yomi AI            vs Majikthise          Match:   10 (329+ 319- 352=)
 Yomi AI            vs Vroomfondel         Match:    8 (331+ 323- 346=)
 Yomi AI            vs Granite             Match:   23 (343+ 320- 337=)
 Yomi AI            vs Marble              Match:   46 (383+ 337- 280=)
 Yomi AI            vs ZQ Bot              Match:   15 (351+ 336- 313=)
 Yomi AI            vs Sweet Rocky         Match:   59 (365+ 306- 329=)
 Yomi AI            vs Piedra              Match:   -3 (312+ 315- 373=)
 Yomi AI            vs Mixed Strategy      Match:   36 (344+ 308- 348=)
 Yomi AI            vs Multi-strategy      Match:   27 (351+ 324- 325=)
 Yomi AI            vs Inocencio           Match:   30 (341+ 311- 348=)
 Yomi AI            vs Peterbot            Match:   -2 (328+ 330- 342=)
 Yomi AI            vs Bugbrain            Match:  -11 (318+ 329- 353=)
 Yomi AI            vs Knucklehead         Match:   71 (355+ 284- 361=)
Error: return value out of range.
Error: return value out of range.
Error: return value out of range.
 Final results (draw value = 50):

 Tournament results: 

    Player Name          total     1    2    3    4    5    6    7    8    9   10   11   12   13   14   15   16   17   18   19   20   21   22   23   24   25   26   27   28   29   30   31   32   33   34   35   36   37   38   39   40   41   42
  1 Iocaine Powder       11439     0  152   56   12   34  -14  139  502   52  227   75  -25   56   22   42  234   54  293   -5   19  115  273   -1  784   -3  -23  216  132  388  334  177   79  110  553  937  151  407  945  984  993  989  974
  2 Phasenbott            9595  -152    0    9   33   38   54  122  573   42  216  112    4   40   37   42  211   12  264  -64  -12   33  196   34  212   48  -17  135  116  352  315   50   11   79  379  935  186   82  913  988  993  995  979
  3 MegaHAL               9231   -56   -9    0  -30    0   52   39  123   16  223  -27  -31   71   15  -18  241   -4  253   17   -8   56  196  -29  127   -3  -49  186   50   90  287  110  211  133  401  894  410  363  953  990  990  998 1000
  4 Simple Modeller       8798   -12  -33   30    0  -30   18  238    2   19   48  -17  -22   83   32   -7  131   44  306  -12  -23  115  148   -3  233  -67  -10  245  269  -32  149   92  244  128  291  750  463  421  592  992  990  997  996
  5 Biopic                8342   -34  -38    0   30    0   -9    6  -13   25  147  -12   11   84   29   12  142   29  113   27   31   31  219  -17  130   10   14   28  100  442   87   82  148  147  442  725  306  385  507  988  995  998  995
  6 Robertot              8105    14  -54  -52  -18    9    0   10  -48    4   72    1   44   48   70    2   89   47  106  -35   20   49  283   35   39  -46  -16    5  125   10   63  119  102  172  405  881  427  341  830  963  991 1000  998
  7 Simple Predictor      7748  -139 -122  -39 -238   -6  -10    0  -60  -23    6  -68  -37   53   46   22   37   49  179    4  -36   62  179  -34  798  -73  -14  292  227    6  114  127  255  166  311  311  448  394  592  986  989  995  999
  8 RussRocker4           7445  -502 -573 -123   -2   13   48   60    0    6  160   68  -11   47   73   42  113  -10  176  -30   -3    0  272  -45  114  -63   10  190  127  231  333  156   80   64  471  901  225  247  599  993  995  998  995
  9 Boom                  7007   -52  -42  -16  -19  -25   -4   23   -6    0   86  -26  -33   46   20  -16   13   -6   53  -43   -1   54  237   24    9  -15  -56  -48   30   -7  107   16  242  151  460  397  433  364  753  924  990  995  995
 10 Marble                6681  -227 -216 -223  -48 -147  -72   -6 -160  -86    0  -88  -30   52   20  -76   -2   65    3  -40  -25  -18  304  -46  640  -79  -20   37   66   64   86  185  140  179  385  899  188  407  593  996  993 1000  988
 11 ACT-R Lag2            6407   -75 -112   27   17   12   -1   68  -68   26   88    0    5   17   25    3  107   94   95  -15   13   66  195   19   73  -46   -4   21  -17  -31   35   93  147   72  513  277  238  335  571  540  995  998  991
 12 Shofar                6247    25   -4   31   22  -11  -44   37   11   33   30   -5    0   32   24   25   30   30   78   22   50   55  130  -49   46  -33  -17   58   71  -23  -29   63  104  178  120  116  440  230  554  889  947  991  990
 13 * Anti-rotn           6199   -56  -40  -71  -83  -84  -48  -53  -47  -46  -52  -17  -32    0  -65  -44  -72  -40  -33  -19   27   22  267  -13  587  -58  -39  -36  -20   24   -3  146  275   53  114  500  491  172  598 1000  997  997 1000
 14 Piedra                6170   -22  -37  -15  -32  -29  -70  -46  -73  -20  -20  -25  -24   65    0  -21  -45  -42  -86  -36  -39  -22   53    3  374  -44    9   66   24   25  -28  214  217  162  257   97  385  433  591  988  990  998  995
 15 Bugbrain              6150   -42  -42   18    7  -12   -2  -22  -42   16   76   -3  -25   44   21    0   87   66  186   10  -19   86  155   11   81    7    8  119  129  -18   86   39  131   42   89  122  251  220  405  980  904  987  994
 16 Granite               6026  -234 -211 -241 -131 -142  -89  -37 -113  -13    2 -107  -30   72   45  -87    0   43   29  -23  -83   37  313  -23   12    8  -36   34  -10   57  114  101  154  175  332  834  254  440  592  994  995  999 1000
 17 Sweet Rocky           5833   -54  -12    4  -44  -29  -47  -49   10    6  -65  -94  -30   40   42  -66  -43    0  -51  -32  -38  -38  124  -59   -4  -32  -13   37  -14  -28  -68  114  145  171  133  628  323  399  596  989  988  998  996
 18 ZQ Bot                5067  -293 -264 -253 -306 -113 -106 -179 -176  -53   -3  -95  -78   33   86 -186  -29   51    0  -54  -69    8  263  -15  -46  -66  -26   55   51   26  251  146  135  147  298  707  252  401  596  991  990  994  996
 19 Vroomfondel           4794     5   64  -17   12  -27   35   -4   30   43   40   15  -22   19   36  -10   23   32   54    0   27   68  167   -8   58  -40   34  -15   -5   12  -27   64  112   25  192   51  225  155  439  -49  995  993  993
 20 Majikthise            4785   -19   12    8   23  -31  -20   36    3    1   25  -13  -50  -27   39   19   83   38   69  -27    0   94  154  -10   37  -18    9  -31  -44   41   33  104   96   71  253   57  213  182  430  -40  990  997  998
 21 Mixed Strategy        4381  -115  -33  -56 -115  -31  -49  -62    0  -54   18  -66  -55  -22   22  -86  -37   38   -8  -68  -94    0   69  -36  -73  -47  -63  -27   18   11    5   36   65  172  112   68  166  402  455  967  960  996  998
 22 Multi-strategy        2886  -273 -196 -196 -148 -219 -283 -179 -272 -237 -304 -195 -130 -267  -53 -155 -313 -124 -263 -167 -154  -69    0  -27 -134  -50  -20    6  234   26   44  174  237  123  112  500  499  369  999  997  997  999  998
 23 Yomi AI               2649     1  -34   29    3   17  -35   34   45  -24   46  -19   49   13   -3  -11   23   59   15    8   10   36   27    0   30  -25  -12   -4   20  -14  -64   -3   71    0   71   -2   61   63   99   12   57 1000 1000
 24 Inocencio             1789  -784 -212 -127 -233 -130  -39 -798 -114   -9 -640  -73  -46 -587 -374  -81  -12    4   46  -58  -37   73  134  -30    0  -36  -25  -29   65  320   56  113   50  166  241  131  278  389  355  905  980  978  979
 25 * De Bruijn            779     3  -48    3   67  -10   46   73   63   15   79   46   33   58   44   -7   -8   32   66   40   18   47   50   25   36    0   -1   23  -35   -7   33   22  -44   23  -32   -4   36  -42  128   -1   21    0 -112
 26 * Pi                   320    23   17   49   10  -14   16   14  -10   56   20    4   17   39   -9   -8   36   13   26  -34   -9   63   20   12   25    1    0  -13   10   20  -14   24  -34  -81   29   14   -5  -23   30   22  -11  -11  -14
 27 * Add-drift          -1458  -216 -135 -186 -245  -28   -5 -292 -190   48  -37  -21  -58   36  -66 -119  -34  -37  -55   15   31   27   -6    4   29  -23   13    0   16  -11   45   29  -38  -14    0   -3   -5   24    3   22   16    1    7
 28 * Copy-drift         -1725  -132 -116  -50 -269 -100 -125 -227 -127  -30  -66   17  -71   20  -24 -129   10   14  -51    5   44  -18 -234  -20  -65   35  -10  -16    0   10   16   -4    9   14   22  -62   -9  -36    1   33   -5   20    1
 29 * Foxtrot            -2054  -388 -352  -90   32 -442  -10   -6 -231    7  -64   31   23  -24  -25   18  -57   28  -26  -12  -41  -11  -26   14 -320    7  -20   11  -10    0  -50  -40   21   -3  -37  -22   11   44  -17    0   28    9  -14
 30 * Add-react          -2443  -334 -315 -287 -149  -87  -63 -114 -333 -107  -86  -35   29    3   28  -86 -114   68 -251   27  -33   -5  -44   64  -56  -33   14  -45  -16   50    0   28  -40  -15  -85  -39   16   14  -19   28  -60  -10   49
 31 * Flat               -2608  -177  -50 -110  -92  -82 -119 -127 -156  -16 -185  -93  -63 -146 -214  -39 -101 -114 -146  -64 -104  -36 -174    3 -113  -22  -24  -29    4   40  -28    0   19    7   25 -151   32   17  260  221  -38    1 -424
 32 * Switch A Lot       -3098   -79  -11 -211 -244 -148 -102 -255  -80 -242 -140 -147 -104 -275 -217 -131 -154 -145 -135 -112  -96  -65 -237  -71  -50   44   34   38   -9  -21   40  -19    0   41    3 -143    8   -8   46  310  -22   17   -6
 33 * Text               -3192  -110  -79 -133 -128 -147 -172 -166  -64 -151 -179  -72 -178  -53 -162  -42 -175 -171 -147  -25  -71 -172 -123    0 -166  -23   81   14  -14    3   15   -7  -41    0    4   24  -30   12 -185  -74  -11 -185  111
 34 Knucklehead          -3872  -553 -379 -401 -291 -442 -405 -311 -471 -460 -385 -513 -120 -114 -257  -89 -332 -133 -298 -192 -253 -112 -112  -71 -241   32  -29    0  -22   37   85  -25   -3   -4    0  -12   -6   42  135  877    3  953 1000
 35 Peterbot             -6263  -937 -935 -894 -750 -725 -881 -311 -901 -397 -899 -277 -116 -500  -97 -122 -834 -628 -707  -51  -57  -68 -500    2 -131    4  -14    3   62   22   39  151  143  -24   12    0  251  391  440  981  998  999  995
 36 Always Switchin'     -7051  -151 -186 -410 -463 -306 -427 -448 -225 -433 -188 -238 -440 -491 -385 -251 -254 -323 -252 -225 -213 -166 -499  -61 -278  -36    5    5    9  -11  -16  -32   -8   30    6 -251    0  -21   14  491   23   44   10
 37 R-P-S 20-20-60       -8605  -407  -82 -363 -421 -385 -341 -394 -247 -364 -407 -335 -230 -172 -433 -220 -440 -399 -401 -155 -182 -402 -369  -63 -389   42   23  -24   36  -44  -14  -17    8  -12  -42 -391   21    0 -385 -173   12 -391  347
 38 Beat Frequent Pick  -13613  -945 -913 -953 -592 -507 -830 -592 -599 -753 -593 -571 -554 -598 -591 -405 -592 -596 -596 -439 -430 -455 -999  -99 -355 -128  -30   -3   -1   17   19 -260  -46  185 -135 -440  -14  385    0 -600    0  999  996
 39 Beat The Last Move  -20107  -984 -988 -990 -992 -988 -963 -986 -993 -924 -996 -540 -889 -1000 -988 -980 -994 -989 -991   49   40 -967 -997  -12 -905    1  -22  -22  -33    0  -28 -221 -310   74 -877 -981 -491  173  600    0    1 1000  996
 40 Rotate R-P-S        -24345  -993 -993 -990 -990 -995 -991 -989 -995 -990 -993 -995 -947 -997 -990 -904 -995 -988 -990 -995 -990 -960 -997  -57 -980  -21   11  -16    5  -28   60   38   22   11   -3 -998  -23  -12    0   -1    0    0 -686
 41 Good Ole Rock       -26338  -989 -995 -998 -997 -998 -1000 -995 -998 -995 -1000 -998 -991 -997 -998 -987 -999 -998 -994 -993 -997 -996 -999 -1000 -978    0   11   -1  -20   -9   10   -1  -17  185 -953 -999  -44  391 -999 -1000    0    0  998
 42 * Anti-Flat         -28101  -974 -979 -1000 -996 -995 -998 -999 -995 -995 -988 -991 -990 -1000 -995 -994 -1000 -996 -996 -993 -998 -998 -998 -1000 -979  112   14   -7   -1   14  -49  424    6 -111 -1000 -995  -10 -347 -996 -996  686 -998    0

 Match results (draw <= 50): 

    Player Name           total  W  L  D   1  2  3  4  5  6  7  8  9 10 11 12 13 14 15 16 17 18 19 20 21 22 23 24 25 26 27 28 29 30 31 32 33 34 35 36 37 38 39 40 41 42
  1 Iocaine Powder          71  30  0 11   1  2  2  1  1  2  1  1  1  2  1  1  2  2  1  2  1  1  2  2  2  2  2  1  2  2  2  2  2  2  2  2  2  2  2  2  2  2  2  2  2  2
  2 MegaHAL                 64  24  1 16   0  1  1  1  1  2  1  2  1  1  1  1  1  1  1  2  1  1  2  1  2  2  2  1  2  2  2  2  2  2  1  2  2  2  2  2  2  2  2  2  2  2
  3 Phasenbott              62  23  2 16   0  1  1  1  1  2  1  2  1  2  1  0  2  1  1  2  1  1  2  1  1  2  2  1  1  2  2  2  2  2  2  1  2  2  1  2  2  2  2  2  2  2
  4 Biopic                  62  21  0 20   1  1  1  1  1  1  1  1  1  1  1  1  1  1  1  2  1  1  2  1  2  2  2  1  1  2  2  1  2  2  2  2  2  2  2  2  2  2  2  2  2  2
  5 Simple Modeller         62  22  1 18   1  1  1  1  1  1  1  1  1  1  1  1  2  1  1  1  1  0  2  1  2  2  2  1  2  1  2  2  2  2  2  2  2  2  2  2  2  2  2  2  2  2
  6 RussRocker4             61  24  4 13   0  0  0  1  1  1  1  1  1  2  1  1  2  1  2  2  1  0  2  1  1  2  2  1  1  2  2  2  2  2  2  2  2  2  2  2  2  2  2  2  2  2
  7 Bugbrain                61  20  0 21   1  1  1  1  1  1  1  1  1  1  1  1  1  1  1  2  1  1  2  2  1  2  2  1  2  1  2  2  2  2  2  1  2  2  2  1  2  2  2  2  2  2
  8 Robertot                58  19  2 20   1  0  0  1  1  1  1  1  1  1  1  1  1  1  2  2  1  1  2  1  1  2  1  1  1  1  2  1  2  2  2  2  2  2  2  2  2  2  2  2  2  2
  9 Shofar                  58  17  0 24   1  1  1  1  1  1  1  1  1  1  1  1  1  1  1  1  1  1  1  1  1  2  1  1  2  1  2  2  2  1  2  2  2  2  2  2  2  2  2  2  2  2
 10 ACT-R Lag2              58  20  3 18   0  1  0  1  1  0  1  1  1  1  1  1  2  1  1  2  1  1  2  2  1  2  2  1  2  1  2  1  2  1  1  2  2  2  2  2  2  2  2  2  2  2
 11 Majikthise              56  15  0 26   1  1  1  1  1  1  1  1  1  1  1  1  1  1  1  1  1  1  2  1  1  2  1  1  2  1  2  1  2  1  1  2  2  1  2  2  2  2  2  2  2  2
 12 Vroomfondel             56  15  0 26   1  1  2  1  1  1  1  1  1  1  1  1  1  1  1  1  1  1  1  1  1  2  2  1  2  1  2  1  2  1  1  2  2  1  2  1  2  2  2  2  2  2
 13 Simple Predictor        55  20  6 15   0  1  0  1  0  0  1  1  1  0  1  1  1  1  1  1  1  0  1  1  2  2  2  1  2  1  2  2  2  2  2  2  2  2  2  2  2  2  2  2  2  2
 14 Boom                    55  16  2 23   0  1  1  1  1  1  1  1  1  1  1  1  1  1  1  2  1  1  1  1  1  2  1  0  2  1  2  1  2  2  1  1  2  2  2  2  2  2  2  2  2  2
 15 Piedra                  54  16  3 22   1  1  1  1  1  0  1  0  1  1  1  1  1  1  1  1  1  1  1  1  2  0  2  1  1  1  2  2  2  1  1  2  2  2  2  2  2  2  2  2  2  2
 16 Marble                  50  19 10 12   0  0  0  0  1  0  0  0  1  0  1  1  1  0  1  1  1  0  1  2  2  1  2  1  1  2  2  1  2  2  2  2  2  2  2  2  2  2  2  2  2  2
 17 Yomi AI                 49   9  1 31   1  1  1  1  1  1  1  1  1  1  1  1  1  1  1  1  1  1  1  2  1  1  1  1  1  1  1  1  1  0  1  1  2  1  2  1  2  2  2  2  2  2
 18 * De Bruijn             47   7  1 33   1  1  1  1  2  2  1  1  1  1  1  1  2  1  1  2  1  1  1  1  2  2  1  1  1  1  1  1  1  1  1  1  1  1  1  1  1  1  1  2  1  0
 19 Granite                 47  16 10 15   0  0  0  0  0  0  0  0  1  0  0  1  1  1  1  1  1  1  1  1  2  1  1  1  1  2  2  1  2  2  1  2  2  2  2  2  2  2  2  2  2  2
 20 Sweet Rocky             47  13  7 21   0  1  1  1  1  1  0  1  1  0  1  1  1  1  1  0  0  1  1  1  1  0  1  1  1  1  2  1  2  0  1  2  2  2  2  2  2  2  2  2  2  2
 21 * Anti-rotn             46  14  9 18   0  0  1  0  0  1  1  1  1  1  1  1  0  1  0  0  1  0  0  1  1  1  2  1  1  1  2  1  2  1  1  2  2  2  2  2  2  2  2  2  2  2
 22 ZQ Bot                  44  18 15  8   0  0  0  0  0  0  0  0  0  0  0  0  0  0  2  1  1  0  1  2  1  1  1  1  1  1  2  2  2  2  2  2  2  2  2  2  2  2  2  2  2  2
 23 Inocencio               44  16 13 12   0  0  0  0  0  0  0  1  1  0  1  0  0  1  0  0  1  1  1  1  0  1  1  1  2  2  2  1  2  2  2  2  2  2  1  2  2  2  2  2  2  2
 24 * Pi                    42   2  1 38   1  1  1  1  1  1  1  1  1  1  1  1  1  2  1  1  1  1  1  1  1  1  1  1  2  1  1  1  1  1  1  1  1  1  1  0  1  1  1  1  1  1
 25 Mixed Strategy          41  12 12 17   0  0  1  1  0  1  0  1  0  0  0  0  0  0  1  1  1  1  1  1  1  1  0  0  1  1  2  1  2  1  1  1  2  2  2  2  2  2  2  2  2  2
 26 * Foxtrot               33   0  8 33   0  0  0  0  1  0  1  1  1  1  1  1  1  1  1  0  1  1  0  1  1  1  0  1  1  1  1  1  1  1  1  1  1  1  1  1  1  1  1  1  1  1
 27 Multi-strategy          32  13 22  6   0  0  0  0  0  0  0  0  0  0  0  0  0  0  0  0  1  1  0  0  0  0  0  1  0  1  1  1  2  1  2  2  2  2  2  2  2  2  2  2  2  2
 28 * Add-drift             31   0 10 31   0  0  0  1  0  0  0  1  0  1  1  1  0  1  0  1  1  1  1  1  1  0  1  1  1  1  1  1  1  1  1  1  1  1  1  1  1  1  1  1  1  1
 29 Peterbot                28  10 23  8   0  0  0  0  0  0  0  0  0  0  0  0  0  0  0  0  1  1  0  0  0  0  0  1  0  1  0  1  1  1  2  2  1  2  2  1  2  2  2  2  2  2
 30 * Add-react             27   2 16 23   0  0  0  0  0  0  0  0  1  1  1  1  0  0  1  0  2  1  0  2  1  0  0  1  1  1  1  1  1  1  1  1  0  1  1  1  1  1  0  1  1  1
 31 * Copy-drift            27   0 14 27   0  1  0  0  0  0  0  0  0  1  1  1  0  1  1  0  1  1  1  1  1  0  0  1  1  1  0  1  0  1  1  1  1  1  1  1  1  1  1  1  1  1
 32 * Flat                  22   2 21 18   0  0  1  0  0  0  1  0  0  0  0  0  0  1  0  0  1  1  0  0  0  0  0  1  1  1  0  1  0  1  1  1  1  2  1  1  1  1  1  2  1  0
 33 Knucklehead             22   5 24 12   0  0  0  0  0  0  0  0  0  0  0  0  0  0  0  0  0  1  0  0  0  0  0  1  0  1  0  1  1  2  1  1  1  2  1  1  1  2  1  2  1  2
 34 Beat The Last Move      20   5 26 10   0  0  0  0  0  0  0  0  0  0  1  1  0  0  0  0  1  1  0  0  0  0  0  1  0  1  0  1  0  1  1  0  0  1  0  2  0  2  1  2  2  2
 35 * Switch A Lot          19   1 23 17   0  0  1  0  0  0  0  0  0  0  0  0  0  0  0  0  0  1  0  0  0  0  1  1  0  1  0  1  0  1  1  1  1  2  1  1  1  1  1  1  1  1
 36 * Text                  19   2 24 15   0  0  0  0  0  0  1  0  0  0  0  1  0  0  0  0  1  1  0  0  0  0  0  2  0  1  0  1  1  1  1  1  1  0  1  1  1  0  1  0  1  2
 37 Always Switchin'        17   1 25 15   0  0  0  0  0  0  0  0  0  0  0  0  0  0  0  0  0  1  0  0  0  0  0  1  0  1  0  1  0  1  1  1  1  2  1  1  1  1  1  1  1  1
 38 Good Ole Rock           16   3 28 10   0  0  0  0  0  0  0  0  0  0  0  0  0  0  0  0  0  1  0  0  0  0  0  1  0  1  0  1  0  1  1  1  0  0  1  2  1  1  1  0  2  2
 39 Rotate R-P-S            16   1 26 14   0  0  0  0  0  0  0  0  0  0  0  0  0  0  0  0  0  1  0  0  0  0  0  1  0  1  0  1  0  2  1  1  1  1  1  1  1  1  1  1  1  0
 40 Beat Frequent Pick      16   4 29  8   0  0  0  0  0  0  0  0  0  0  0  0  0  0  0  0  0  0  0  0  0  0  0  1  0  1  0  1  0  1  1  0  0  0  1  2  1  2  1  1  2  2
 41 R-P-S 20-20-60          14   1 28 12   0  0  0  0  0  0  0  0  0  0  0  0  0  0  0  0  0  1  0  0  0  0  0  1  0  1  0  1  0  1  1  1  1  0  1  1  1  0  1  0  1  2
 42 * Anti-Flat             13   3 31  7   0  0  0  0  0  0  0  0  0  0  0  0  0  0  0  0  0  2  0  0  0  0  0  1  0  1  0  1  0  1  1  2  0  0  1  0  1  0  2  0  0  1


   Yomi AI is match ranked 17

 Tournament results:
    Player Name          total 
  1 Yomi AI               2649 
 15 * Anti-rotn           6199 
 19 Iocaine Powder       11439 
 20 Phasenbott            9595 
 21 MegaHAL               9231 
 22 RussRocker4           7445 
 23 Biopic                8342 
 24 Simple Modeller       8798 
 25 Simple Predictor      7748 
 26 Robertot              8105 
 27 Boom                  7007 
 28 Shofar                6247 
 29 ACT-R Lag2            6407 
 30 Majikthise            4785 
 31 Vroomfondel           4794 
 32 Granite               6026 
 33 Marble                6681 
 34 ZQ Bot                5067 
 35 Sweet Rocky           5833 
 36 Piedra                6170 
 37 Mixed Strategy        4381 
 38 Multi-strategy        2886 
 41 Bugbrain              6150 

   Yomi is tournament ranked 23

