 Playing 1 tournaments with 1000 trials per match...

 Yomi AI            vs Good Ole Rock       Match: 1000 (1000+   0-   0=)
 Yomi AI            vs R-P-S 20-20-60      Match:  379 (583+ 204- 213=)
 Yomi AI            vs Rotate R-P-S        Match:  993 (995+   2-   3=)
 Yomi AI            vs Beat The Last Move  Match:  168 (440+ 272- 288=)
 Yomi AI            vs Always Switchin'    Match:  232 (502+ 270- 228=)
 Yomi AI            vs Beat Frequent Pick  Match:  673 (809+ 136-  55=)
 Yomi AI            vs * Pi                Match:  -16 (328+ 344- 328=)
 Yomi AI            vs * Switch A Lot      Match:  105 (403+ 298- 299=)
 Yomi AI            vs * Flat              Match:  186 (464+ 278- 258=)
 Yomi AI            vs * Anti-Flat         Match:  999 (999+   0-   1=)
 Yomi AI            vs * Foxtrot           Match:  391 (585+ 194- 221=)
 Yomi AI            vs * De Bruijn         Match:  -21 (322+ 343- 335=)
 Yomi AI            vs * Text              Match:  144 (424+ 280- 296=)
 Yomi AI            vs * Anti-rotn         Match:   26 (372+ 346- 282=)
 Yomi AI            vs * Copy-drift        Match:   20 (334+ 314- 352=)
 Yomi AI            vs * Add-react         Match:   65 (362+ 297- 341=)
 Yomi AI            vs * Add-drift         Match:  -14 (330+ 344- 326=)
 Yomi AI            vs Iocaine Powder      Match:   46 (365+ 319- 316=)
 Yomi AI            vs Phasenbott          Match:  -45 (294+ 339- 367=)
 Yomi AI            vs MegaHAL             Match:  -13 (351+ 364- 285=)
 Yomi AI            vs RussRocker4         Match:  -15 (328+ 343- 329=)
 Yomi AI            vs Biopic              Match:   12 (358+ 346- 296=)
 Yomi AI            vs Simple Modeller     Match:  -33 (319+ 352- 329=)
 Yomi AI            vs Simple Predictor    Match:   34 (359+ 325- 316=)
 Yomi AI            vs Robertot            Match:   42 (380+ 338- 282=)
 Yomi AI            vs Boom                Match:   26 (333+ 307- 360=)
 Yomi AI            vs Shofar              Match:   34 (380+ 346- 274=)
 Yomi AI            vs ACT-R Lag2          Match:    6 (343+ 337- 320=)
 Yomi AI            vs Majikthise          Match:   -8 (330+ 338- 332=)
 Yomi AI            vs Vroomfondel         Match:   28 (354+ 326- 320=)
 Yomi AI            vs Granite             Match:   92 (454+ 362- 184=)
 Yomi AI            vs Marble              Match:  111 (458+ 347- 195=)
 Yomi AI            vs ZQ Bot              Match:  121 (439+ 318- 243=)
 Yomi AI            vs Sweet Rocky         Match:    6 (358+ 352- 290=)
 Yomi AI            vs Piedra              Match:   23 (376+ 353- 271=)
 Yomi AI            vs Mixed Strategy      Match:   92 (423+ 331- 246=)
 Yomi AI            vs Multi-strategy      Match:  281 (532+ 251- 217=)
 Yomi AI            vs Inocencio           Match:  560 (734+ 174-  92=)
 Yomi AI            vs Peterbot            Match:   59 (373+ 314- 313=)
 Yomi AI            vs Bugbrain            Match:   20 (350+ 330- 320=)
 Yomi AI            vs Knucklehead         Match:  516 (677+ 161- 162=)
Error: return value out of range.
Error: return value out of range.
Error: return value out of range.
Error: return value out of range.
Error: return value out of range.
Error: return value out of range.
Error: return value out of range.
Error: return value out of range.
Error: return value out of range.
Error: return value out of range.
Error: return value out of range.
Error: return value out of range.
Error: return value out of range.
Error: return value out of range.
Error: return value out of range.
 Final results (draw value = 50):

 Tournament results: 

    Player Name          total     1    2    3    4    5    6    7    8    9   10   11   12   13   14   15   16   17   18   19   20   21   22   23   24   25   26   27   28   29   30   31   32   33   34   35   36   37   38   39   40   41   42
  1 Iocaine Powder       10778     0   16   49   37   66   74  154   38  503  -46  254   56   29  229   31  -44  346   20  -36   44   43  158  272   15  -17  291  160  345  134  167  592  349  123   21  234  885  298  929  997  993  986  983
  2 Phasenbott            9860   -16    0   35   46   13   40  134   48  509   45  160   78   42  254   15   -3  260   16   44   89  -63   45  167   35   -6  188   95  384   23   90  380  329  100  143  218  886  162  913  982  996  990  994
  3 MegaHAL               9426   -49  -35    0   -7   51    6   58   29   99   13  235   -2  -36  245    3  -23  259   54  -42   79    4   57  180   -3  -33  154  206   79   56  184  316  286  142  190  429  912  403  955  990  998  984 1000
  4 Simple Modeller       9134   -37  -46    7    0  -49   -5  279  -27  -16   33   51   28   31  120   59  -13  319   32   -3   45  -12  104  179  -36   -5  782  206   29  253   89  280  112  105  229  445  621  370  595  988 1000  993  999
  5 Biopic                8443   -66  -13  -51   49    0   12   26   28  -18  -12  108   20  -10  118    8    8  103  -12   -9   35    8   -7  283  -23   -9  165   -2  423   35  140  503   35  154  169  300  998  415  542  997  995  999  999
  6 Boom                  8367   -74  -40   -6    5  -12    0   25  -24  -27  -26   20  -13  -24   25   39  -35   78   39   20   40  -50   86  229   -2   64  823   40   38  120   16  452   82  139  191  461  526  411  753  991  997  990 1000
  7 Simple Predictor      7784  -154 -134  -58 -279  -26  -25    0  -28 -101  -34   34  -52   51   44   79  -27  202   52  -43   52  -34   63  220  -73  -21  403  278  -23  292   65  318   98  149  212  401  892  437  588  985  993  989  999
  8 Robertot              7749   -38  -48  -29   27  -28   24   28    0   -1  -42   69  -31   27   60   64  -41   76   69  -21   59    0    0  278   37   -2   -7   23   17   83   73  424   89  174   82  452  588  404  869  943 1000  999  999
  9 RussRocker4           7368  -503 -509  -99   16   18   27  101    1    0   15  180    2   12  120   18  -22  159   32  -61   46  -15  100  245  -53  -25  107  132  132   97   92  442  308   86  123  239  943  284  593  994  998  993 1000
 10 Yomi AI               7325    46  -45  -13  -33   12   26   34   42  -15    0   92    6   20  111    6   34  121   23   -8   26   28   92  281  -21  -16  560  -14  391   20  186  516   65  144  105  232   59  379  673  168 1000  993  999
 11 Granite               7015  -254 -160 -235  -51 -108  -20  -34  -69 -180  -92    0  -88  -59  -15   72  -19   54   80  -55   74   18  112  300  -78  -26  647   38    9   18  156  393   89  175  187  272  919  368  592  994  998  993 1000
 12 ACT-R Lag2            6639   -56  -78    2  -28  -20   13   52   31   -2   -6   88    0   -4  112   55   42   59   67  -14   51  -15  144  282  -86  -11  695   41   24   31  117  471  103   64  127  245  175  330  564   -7  993  993  995
 13 Bugbrain              6531   -29  -42   36  -31   10   24  -51  -27  -12  -20   59    4    0   62   64   28  175   20   -8   42   17   61  102    0   22   93  103  -41   66    2  162   86   73  111  192  832  192  347  952  975  914  966
 14 Marble                6421  -229 -254 -245 -120 -118  -25  -44  -60 -120 -111   15 -112  -62    0   32  -57  -32   21  -79   47  -56  -47  178   -5  -27  649   45   44   76  183  313  105  176  139  272  921  434  593  992 1000  995  994
 15 Sweet Rocky           6292   -31  -15   -3  -59   -8  -39  -79  -64  -18   -6  -72  -55  -64  -32    0  -47  -18   33  -16   55  -37  -16  139    4   30   17   39    7   82  170  165  248  155  115  273  461  415  592  988  999  994  990
 16 Shofar                6041    44    3   23   13   -8   35   27   41   22  -34   19  -42  -28   57   47    0   37   62  -52   36   29   63   41   -5  -14   17  -20  -54  115   99  172   12  110   98  402   74  244  552  904  988  931  981
 17 ZQ Bot                5902  -346 -260 -259 -319 -103  -78 -202  -76 -159 -121  -54  -59 -175   32   18  -37    0   64  -45   63  -51   19  206  -70   -3  599   69   72   73  168  314  141  160  244  153  970  383  590  993 1000  990  998
 18 Piedra                5496   -20  -16  -54  -32   12  -39  -52  -69  -32  -23  -80  -67  -20  -21  -33  -62  -64    0  -23   56  -30  -83  116   15   21  -73  -14   74   41  125  169  201  157  105  200  131  412  592  998  994  992  992
 19 Majikthise            5208    36  -44   42    3    9  -20   43   21   61    8   55   14    8   79   16   52   45   23    0   28    7   54  177  -38   33   95    0  -14   27   47  190   25   35   99  318   35  187  462   17  998  991  984
 20 * Anti-rotn           4976   -44  -89  -79  -45  -35  -40  -52  -59  -46  -26  -74  -51  -42  -47  -55  -36  -63  -56  -28    0  -18  -23  227  -35  -36  526  -26   18   32  172   61   16   54  282  522   13  168  500  494  997 1000  999
 21 Vroomfondel           4610   -43   63   -4   12   -8   50   34    0   15  -28  -18   15  -17   56   37  -29   51   30   -7   18    0   38  173  -17   15   53  -56   39  -10   71  225  -17   37   53  256  -43  138  483  -38  990  995  998
 22 Mixed Strategy        4258  -158  -45  -57 -104    7  -86  -63    0 -100  -92 -112 -144  -61   47   16  -63  -19   83  -54   23  -38    0   19  -43  -39   24    4  -45   51  -15  176   15  189  120   74    1  402  452  947  993  958  995
 23 Multi-strategy        2753  -272 -167 -180 -179 -283 -229 -220 -278 -245 -281 -300 -282 -102 -178 -139  -41 -206 -116 -177 -227 -173  -19    0  -50  -20 -107   35  -35  235  168   38   15  123  259  488  500  409  999  997  999  997  997
 24 * De Bruijn            616   -15  -35    3   36   23    2   73  -37   53   21   78   86    0    5   -4    5   70  -15   38   35   17   43   50    0   -1   16    6  -16    4  -43    9   58   23   17  -23  -15   11  128   -1    0   21 -110
 25 * Pi                    68    17    6   33    5    9  -64   21    2   25   16   26   11  -22   27  -30   14    3  -21  -33   36  -15   39   20    1    0    7   49  -18  -17   15  -18  -26  -81   11  -13   20   -5   30   22  -11  -11  -12
 26 Inocencio             -570  -291 -188 -154 -782 -165 -823 -403    7 -107 -560 -647 -695  -93 -649  -17  -17 -599   73  -95 -526  -53  -24  107  -16   -7    0    0  315  175  109  274  100  162  110  297   73  350  360  892  984  986  967
 27 * Add-drift          -1592  -160  -95 -206 -206    2  -40 -278  -23 -132   14  -38  -41 -103  -45  -39   20  -69   14    0   26   56   -4  -35   -6  -49    0    0   -3    6    3  -63   13   -4   20  -36  -29  -30   -8  -53  -14  -10   53
 28 * Foxtrot            -2092  -345 -384  -79  -29 -423  -38   23  -17 -132 -391   -9  -24   41  -44   -7   54  -72  -74   14  -18  -39   45   35   16   18 -315    3    0    7  -29   43   18  -12   58   10  -43  -13   35    7  -20   16   22
 29 * Copy-drift         -2171  -134  -23  -56 -253  -35 -120 -292  -83  -97  -20  -18  -31  -66  -76  -82 -115  -73  -41  -27  -32   10  -51 -235   -4   17 -175   -6   -7    0    8  -75   16   23   18   36  -15   20    2  -50  -41  -21   33
 30 * Flat               -2613  -167  -90 -184  -89 -140  -16  -65  -73  -92 -186 -156 -117   -2 -183 -170  -99 -168 -125  -47 -172  -71   15 -168   43  -15 -109   -3   29   -8    0   21  -16   -2   26  -27 -158   45  251  203    1   79 -408
 31 Knucklehead          -3164  -592 -380 -316 -280 -503 -452 -318 -424 -442 -516 -393 -471 -162 -313 -165 -172 -314 -169 -190  -61 -225 -176  -38   -9   18 -274   63  -43   75  -21    0   38   -7  -19  -26   12   69  142  931  973  987  999
 32 * Add-react          -3178  -349 -329 -286 -112  -35  -82  -98  -89 -308  -65  -89 -103  -86 -105 -248  -12 -141 -201  -25  -16   17  -15  -15  -58   26 -100  -13  -18  -16   16  -38    0    3  -31  -32  -66  -44    8   31    2  -76   20
 33 * Text               -3312  -123 -100 -142 -105 -154 -139 -149 -174  -86 -144 -175  -64  -73 -176 -155 -110 -160 -157  -35  -54  -37 -189 -123  -23   81 -162    4   12  -23    2    7   -3    0   -1  -44    4    2 -185  -74 -185  -11  111
 34 * Switch A Lot       -3409   -21 -143 -190 -229 -169 -191 -212  -82 -123 -105 -187 -127 -111 -139 -115  -98 -244 -105  -99 -282  -53 -120 -259  -17  -11 -110  -20  -58  -18  -26   19   31    1    0  -13 -190   79    0  342   -7  -28   21
 35 Always Switchin'     -6834  -234 -218 -429 -445 -300 -461 -401 -452 -239 -232 -272 -245 -192 -272 -273 -402 -153 -200 -318 -522 -256  -74 -488   23   13 -297   36  -10  -36   27   26   32   44   13    0 -209   33   15  534   18   21  -39
 36 Peterbot             -6859  -885 -886 -912 -621 -998 -526 -892 -588 -943  -59 -919 -175 -832 -921 -461  -74 -970 -131  -35  -13   43   -1 -500   15  -20  -73   29   43   15  158  -12   66   -4  190  209    0  415  437  981  999  999  993
 37 R-P-S 20-20-60       -9203  -298 -162 -403 -370 -415 -411 -437 -404 -284 -379 -368 -330 -192 -434 -415 -244 -383 -412 -187 -168 -138 -402 -409  -11    5 -350   30   13  -20  -45  -69   44   -2  -79  -33 -415    0 -390 -146 -443   10  343
 38 Beat Frequent Pick  -14158  -929 -913 -955 -595 -542 -753 -588 -869 -593 -673 -592 -564 -347 -593 -592 -552 -590 -592 -462 -500 -483 -452 -999 -128  -30 -360    8  -35   -2 -251 -142   -8  185    0  -15 -437  390    0 -600  999    0  996
 39 Beat The Last Move  -19284  -997 -982 -990 -988 -997 -991 -985 -943 -994 -168 -994    7 -952 -992 -988 -904 -993 -998  -17 -494   38 -947 -997    1  -22 -892   53   -7   50 -203 -931  -31   74 -342 -534 -981  146  600    0 1000    1 1000
 40 Good Ole Rock       -26149  -993 -996 -998 -1000 -995 -997 -993 -1000 -998 -1000 -998 -993 -975 -1000 -999 -988 -1000 -994 -998 -997 -990 -993 -999    0   11 -984   14   20   41   -1 -973   -2  185    7  -18 -999  443 -999 -1000    0    0 1000
 41 Rotate R-P-S        -26319  -986 -990 -984 -993 -999 -990 -989 -999 -993 -993 -993 -993 -914 -995 -994 -931 -990 -992 -991 -1000 -995 -958 -997  -21   11 -986   10  -16   21  -79 -987   76   11   28  -21 -999  -10    0   -1    0    0 -697
 42 * Anti-Flat         -28153  -983 -994 -1000 -999 -999 -1000 -999 -999 -1000 -999 -1000 -995 -966 -994 -990 -981 -998 -992 -984 -999 -998 -995 -997  110   12 -967  -53  -22  -33  408 -999  -20 -111  -21   39 -993 -343 -996 -1000 -1000  697    0

 Match results (draw <= 50): 

    Player Name           total  W  L  D   1  2  3  4  5  6  7  8  9 10 11 12 13 14 15 16 17 18 19 20 21 22 23 24 25 26 27 28 29 30 31 32 33 34 35 36 37 38 39 40 41 42
  1 MegaHAL                 68  27  0 14   1  1  1  1  1  1  1  1  2  1  2  2  1  1  1  1  2  2  1  2  2  2  2  2  1  2  2  2  2  2  2  2  2  2  2  2  2  2  2  2  2  2
  2 Iocaine Powder          67  26  0 15   1  1  1  1  1  1  1  2  2  2  2  2  1  1  1  1  2  1  1  2  1  2  2  2  1  2  2  2  2  2  2  2  2  2  1  2  2  2  2  2  2  2
  3 Phasenbott              64  24  1 16   1  1  1  1  1  1  1  2  2  1  1  2  1  1  0  1  2  1  1  2  2  2  1  2  1  2  2  2  2  2  1  2  2  2  2  2  2  2  2  2  2  2
  4 Simple Modeller         64  23  0 18   1  1  1  1  1  1  1  1  1  1  1  2  1  1  1  2  2  1  1  2  1  2  2  2  1  1  2  2  2  2  2  2  2  2  2  2  2  2  2  2  2  2
  5 Robertot                62  21  0 20   1  1  1  1  1  1  1  1  1  1  1  1  1  1  1  2  2  2  1  2  2  2  1  1  1  1  1  2  2  2  2  2  2  2  2  2  2  2  2  2  2  2
  6 Yomi AI                 61  20  0 21   1  1  1  1  1  1  1  1  1  1  1  1  1  1  1  1  2  1  1  2  1  2  2  2  1  2  1  2  2  2  1  2  2  2  2  2  2  2  2  2  2  2
  7 Bugbrain                61  21  1 19   1  1  1  1  1  1  1  1  1  1  1  0  1  1  1  2  2  1  1  2  1  2  2  2  1  1  2  2  2  2  2  1  2  2  2  2  2  2  2  2  2  2
  8 ACT-R Lag2              60  22  3 16   1  0  0  1  1  1  1  1  1  1  1  2  1  1  1  2  2  2  0  2  2  2  2  2  1  1  1  2  2  2  1  2  2  1  2  2  2  2  2  2  2  2
  9 RussRocker4             59  23  5 13   0  0  0  1  1  1  1  1  1  1  1  2  0  1  1  1  2  1  0  2  1  2  2  2  1  2  2  2  2  2  2  2  2  2  2  2  2  2  2  2  2  2
 10 Boom                    58  18  1 22   1  0  1  1  1  1  1  1  1  1  1  1  1  1  1  1  1  1  1  2  1  1  2  2  2  1  1  2  2  2  2  1  2  2  2  2  2  2  2  2  2  2
 11 Biopic                  57  18  2 21   0  0  1  1  1  1  1  1  1  1  1  1  1  1  1  1  2  1  1  2  1  2  1  2  1  2  1  2  2  2  1  2  1  2  2  2  2  2  2  2  2  2
 12 Simple Predictor        57  23  7 11   0  0  0  0  1  1  2  0  0  1  1  1  1  1  1  2  1  2  0  2  2  1  2  2  1  1  2  2  2  2  2  2  2  2  2  2  2  2  2  2  2  2
 13 Majikthise              56  15  0 26   1  1  1  1  1  1  1  1  2  1  1  1  1  2  1  1  2  1  1  1  1  2  2  2  1  1  1  2  1  2  1  1  1  1  2  1  2  2  2  2  2  2
 14 Shofar                  55  16  2 23   1  1  1  1  1  1  1  1  1  1  1  1  0  1  1  1  1  2  1  1  1  2  2  1  1  0  1  1  2  2  2  2  1  2  2  2  2  2  2  2  2  2
 15 Vroomfondel             54  14  1 26   1  1  2  1  1  1  1  1  1  1  1  1  1  1  1  1  1  1  1  2  1  2  1  2  1  1  0  2  1  2  1  2  1  1  2  1  2  2  2  2  2  2
 16 Sweet Rocky             51  16  6 19   1  1  1  0  0  1  0  0  1  1  1  0  1  1  1  1  0  1  1  1  2  1  1  1  1  1  1  2  2  2  2  2  2  2  2  2  2  2  2  2  2  2
 17 Granite                 49  20 12  9   0  0  0  0  0  0  0  0  0  1  0  1  0  1  1  2  1  2  0  2  2  1  2  2  1  1  1  2  2  2  1  2  2  2  2  2  2  2  2  2  2  2
 18 Piedra                  48  16  9 16   0  1  1  1  0  1  1  0  1  1  1  0  1  0  1  1  0  1  1  0  2  1  0  0  1  2  1  2  2  2  1  2  2  2  2  2  2  2  2  2  2  2
 19 * De Bruijn             47   7  1 33   1  1  1  1  1  1  1  2  2  1  1  2  1  1  1  1  2  1  1  2  1  1  1  1  1  1  1  1  1  1  1  1  2  1  1  1  1  2  1  1  0  1
 20 ZQ Bot                  46  20 15  6   0  0  0  0  0  0  0  0  0  0  0  0  1  1  0  1  0  2  0  1  2  1  1  2  1  2  2  2  2  2  2  2  2  2  2  2  2  2  2  2  2  2
 21 * Anti-rotn             45  13  9 19   0  1  0  1  0  1  1  0  1  1  1  0  1  1  1  0  0  0  1  0  1  1  1  2  1  1  1  2  1  2  1  2  1  2  2  2  2  2  2  2  2  2
 22 Marble                  44  16 13 12   0  0  0  0  0  0  0  0  0  1  0  1  0  0  0  1  1  1  1  1  1  1  1  2  1  1  1  2  2  2  2  2  2  2  2  2  2  2  2  2  2  2
 23 Mixed Strategy          41  12 12 17   0  0  1  0  1  0  0  0  0  0  1  0  0  0  1  1  0  2  1  1  1  1  1  1  1  1  1  1  1  2  2  1  1  2  2  2  2  2  2  2  2  2
 24 Inocencio               41  17 17  7   0  0  0  0  1  0  0  0  0  0  0  0  0  1  0  1  0  2  1  0  0  0  1  1  1  2  1  2  2  2  2  2  2  2  2  2  2  2  2  2  2  2
 25 * Pi                    39   0  2 39   1  1  1  1  1  1  1  1  1  0  1  1  1  1  1  1  1  1  1  1  1  1  1  1  1  1  1  1  1  1  1  1  1  1  1  0  1  1  1  1  1  1
 26 * Foxtrot               34   2  9 30   0  0  0  1  1  0  1  1  0  1  0  1  1  2  1  1  1  0  1  0  1  1  1  0  1  1  1  1  1  1  1  1  1  1  2  1  1  1  1  1  1  1
 27 * Add-drift             33   2 10 29   0  0  0  0  1  1  0  1  0  1  1  0  1  1  2  1  1  1  1  0  1  1  1  1  1  1  1  1  1  0  1  1  1  0  1  1  1  1  1  1  2  1
 28 Multi-strategy          32  12 21  8   0  0  0  0  0  0  0  0  0  0  0  0  0  1  0  0  0  0  1  0  0  0  1  0  1  1  1  1  2  1  2  2  1  2  2  2  2  2  2  2  2  2
 29 Peterbot                31  10 20 11   0  0  0  0  0  0  0  0  0  0  0  0  1  0  1  0  0  0  1  0  1  0  1  0  1  1  1  0  1  1  1  2  2  2  2  1  2  2  2  2  2  2
 30 Knucklehead             26   8 23 10   0  0  0  0  0  0  0  0  0  0  0  0  0  0  0  0  0  0  1  0  0  0  0  0  1  1  2  1  1  1  2  1  1  2  1  1  1  2  2  2  2  2
 31 * Copy-drift            25   0 16 25   0  0  1  0  0  1  0  1  0  0  1  0  1  0  1  0  1  1  1  0  1  0  0  0  1  1  1  0  1  0  1  1  1  1  1  1  1  1  1  1  1  1
 32 * Flat                  22   3 22 16   0  0  0  0  0  0  1  0  0  1  0  0  1  0  0  0  0  0  1  0  0  0  1  0  1  1  1  0  0  1  1  1  1  2  1  1  1  2  1  2  0  1
 33 * Add-react             21   0 20 21   0  0  0  0  0  0  0  0  0  0  1  0  1  1  1  0  0  0  0  0  1  0  1  0  1  1  1  1  0  1  1  1  1  1  1  1  1  1  1  0  1  1
 34 Beat The Last Move      21   6 26  9   0  0  0  0  0  0  0  1  0  0  0  0  1  0  1  0  0  0  1  0  0  0  0  0  1  1  2  0  0  0  1  0  1  1  0  2  0  2  2  1  2  2
 35 * Switch A Lot          18   2 25 14   0  1  0  0  0  0  0  0  0  0  0  0  0  0  0  0  0  0  1  0  0  0  0  0  1  0  1  0  0  1  1  1  1  2  1  1  1  1  1  1  1  2
 36 * Text                  18   2 25 14   0  0  0  0  0  0  0  0  0  0  0  0  1  0  1  0  0  0  1  0  0  0  0  0  2  1  1  0  1  1  1  1  1  0  1  1  1  0  0  1  2  1
 37 Always Switchin'        17   1 25 15   0  0  0  0  0  0  0  0  0  0  0  0  0  0  0  0  0  0  1  0  0  0  0  0  1  1  1  0  0  1  1  1  1  2  1  1  1  1  1  1  1  1
 38 Beat Frequent Pick      16   4 29  8   0  0  0  0  0  0  0  0  0  0  0  0  0  0  0  0  0  0  0  0  0  0  0  0  1  1  1  0  0  0  1  0  1  0  1  2  1  1  2  1  2  2
 39 Good Ole Rock           16   3 28 10   0  0  0  0  0  0  0  0  0  0  0  0  0  0  0  0  0  0  1  0  0  0  0  0  1  1  1  0  0  0  1  1  1  0  1  2  1  0  1  1  2  2
 40 Rotate R-P-S            14   1 28 12   0  0  0  0  0  0  0  0  0  0  0  0  0  0  0  0  0  0  1  0  0  0  0  0  1  1  1  0  0  0  1  0  2  1  1  1  1  1  1  1  0  1
 41 * Anti-Flat             12   3 32  6   0  0  0  0  0  0  0  0  0  0  0  0  0  0  0  0  0  0  2  0  0  0  0  0  1  1  0  0  0  0  1  2  1  0  1  0  1  0  0  2  1  0
 42 R-P-S 20-20-60          12   1 30 10   0  0  0  0  0  0  0  0  0  0  0  0  0  0  0  0  0  0  1  0  0  0  0  0  1  1  1  0  0  0  1  1  1  0  0  1  1  0  0  1  2  1


   Yomi AI is match ranked 6

 Tournament results:
    Player Name          total 
  1 Yomi AI               7325 
 19 Iocaine Powder       10778 
 20 Phasenbott            9860 
 21 MegaHAL               9426 
 22 RussRocker4           7368 
 23 Biopic                8443 
 24 Simple Modeller       9134 
 25 Simple Predictor      7784 
 26 Robertot              7749 
 27 Boom                  8367 

   Yomi is tournament ranked 10

