 Playing 1 tournaments with 1000 trials per match...

 Yomi AI            vs Good Ole Rock       Match: 1000 (1000+   0-   0=)
 Yomi AI            vs R-P-S 20-20-60      Match:  292 (524+ 232- 244=)
 Yomi AI            vs Rotate R-P-S        Match:  986 (992+   6-   2=)
 Yomi AI            vs Beat The Last Move  Match:    3 (343+ 340- 317=)
 Yomi AI            vs Always Switchin'    Match:  167 (463+ 296- 241=)
 Yomi AI            vs Beat Frequent Pick  Match:  492 (676+ 184- 140=)
 Yomi AI            vs * Pi                Match:   -8 (334+ 342- 324=)
 Yomi AI            vs * Switch A Lot      Match:  122 (415+ 293- 292=)
 Yomi AI            vs * Flat              Match:  162 (448+ 286- 266=)
 Yomi AI            vs * Anti-Flat         Match:  999 (999+   0-   1=)
 Yomi AI            vs * Foxtrot           Match:  301 (536+ 235- 229=)
 Yomi AI            vs * De Bruijn         Match:  -17 (316+ 333- 351=)
 Yomi AI            vs * Text              Match:  130 (420+ 290- 290=)
 Yomi AI            vs * Anti-rotn         Match:   82 (374+ 292- 334=)
 Yomi AI            vs * Copy-drift        Match:  -24 (321+ 345- 334=)
 Yomi AI            vs * Add-react         Match:   67 (374+ 307- 319=)
 Yomi AI            vs * Add-drift         Match:   35 (350+ 315- 335=)
 Yomi AI            vs Iocaine Powder      Match:  -42 (323+ 365- 312=)
 Yomi AI            vs Phasenbott          Match:  -18 (332+ 350- 318=)
 Yomi AI            vs MegaHAL             Match:  -14 (331+ 345- 324=)
 Yomi AI            vs RussRocker4         Match:   12 (335+ 323- 342=)
 Yomi AI            vs Biopic              Match:   17 (357+ 340- 303=)
 Yomi AI            vs Simple Modeller     Match:   -2 (335+ 337- 328=)
 Yomi AI            vs Simple Predictor    Match:   28 (359+ 331- 310=)
 Yomi AI            vs Robertot            Match:    0 (374+ 374- 252=)
 Yomi AI            vs Boom                Match:   20 (344+ 324- 332=)
 Yomi AI            vs Shofar              Match:  -25 (327+ 352- 321=)
 Yomi AI            vs ACT-R Lag2          Match:   49 (357+ 308- 335=)
 Yomi AI            vs Majikthise          Match:    0 (337+ 337- 326=)
 Yomi AI            vs Vroomfondel         Match:  -43 (324+ 367- 309=)
 Yomi AI            vs Granite             Match:   57 (393+ 336- 271=)
 Yomi AI            vs Marble              Match:   90 (433+ 343- 224=)
 Yomi AI            vs ZQ Bot              Match:   74 (421+ 347- 232=)
 Yomi AI            vs Sweet Rocky         Match:   53 (401+ 348- 251=)
 Yomi AI            vs Piedra              Match:   28 (367+ 339- 294=)
 Yomi AI            vs Mixed Strategy      Match:   60 (391+ 331- 278=)
 Yomi AI            vs Multi-strategy      Match:  164 (458+ 294- 248=)
 Yomi AI            vs Inocencio           Match:    5 (356+ 351- 293=)
 Yomi AI            vs Peterbot            Match:  -11 (323+ 334- 343=)
 Yomi AI            vs Bugbrain            Match:   65 (366+ 301- 333=)
 Yomi AI            vs Knucklehead         Match:  437 (625+ 188- 187=)
 Final results (draw value = 50):

 Tournament results: 

    Player Name          total     1    2    3    4    5    6    7    8    9   10   11   12   13   14   15   16   17   18   19   20   21   22   23   24   25   26   27   28   29   30   31   32   33   34   35   36   37   38   39   40   41   42
  1 Iocaine Powder       10929     0  117   64   58   30  510   -1  225   36   56   55  213  212  -14   36   42   59  331   57   43  104   17  341   -2  -21  248  153  213  364  181  103   -5  330  597  825  188  307  913  991  984  991  978
  2 Phasenbott            9814  -117    0   51    5   -8  537   55  103   41  100   25  225  192   19    1   18   39  222   44   28   57  -22  162   33   15  212   81  146  321  127   97   42  379  432  906  236  139  913  980  994  993  991
  3 MegaHAL               9619   -64  -51    0  -64   10  100   37   71   43   24   39  264  234    2    9   14   40  231   80   35   97  -16  190   -7   13  201  178   42   28  152  142  188  306  416  907  436  403  929  988  991 1000  981
  4 Simple Modeller       9036   -58   -5   64    0   33   12   14  289  -10   -4   20  104  151    6   39    2   54  329   55  -19   36    8  181  -49   22  790  216  258   -4   63  152  229  108  223  316  470  372  586  993  993  998  999
  5 Biopic                8720   -30    8  -10  -33    0  -11   16   65    6    9   51  142  144    0  -24  -17   16  102   71  -17   27  -24  288  -14  -10  227    9   66  334  217  125  141   85  490  996  264  370  657  996  998  997  993
  6 RussRocker4           8310  -510 -537 -100  -12   11    0   61  126   50  -11   55  138  166   27  -21  -12   67  179   48   36  143   11  239  -37  -57  709  167  119  162   91   30  143  316  453  939  274  278  589  993  991  999  997
  7 Robertot              7868     1  -55  -37  -14  -16  -61    0  -19  -29  -23   25   59   62   26  -38    0   58  148   48  -25   64    3  296  -66    6   62   -4   82   15   32  174  104   70  442  770  461  403  889  967  994  996  998
  8 Simple Predictor      7828  -225 -103  -71 -289  -65 -126   19    0  -26  -99   29   -3  -12   -5   40  -28   54  143   74  -40   -5  -13  191  -73   19  794  286  292   15   90  166  178  108  269  829  430  433  588  985  986  995  998
  9 Boom                  7215   -36  -41  -43   10   -6  -50   29   26    0  -37   40   69   51  -29  -37  -20   55   74   38  -39   12  -44  239   -8   -3   58   20   46  -23   -4  113  264  101  469  472  386  386  753  991  990  997  946
 10 ACT-R Lag2            6999   -56 -100  -24    4   -9   11   23   99   37    0  116  135  153  -20   19  -49   36  126    4   -6   41   42  272  -40  -31   84   -6    5   15  155   99  168   54  517  234  230  286  575  818  993  997  992
 11 Piedra                6833   -55  -25  -39  -20  -51  -55  -25  -29  -40 -116    0  -50  -49   16  -58  -28    1  -45   54  -43   59  -34   96   10  -25  781   95   74   44  137  166   56  155  223  470  220  398  591  989  992  996  997
 12 Granite               6595  -213 -225 -264 -104 -142 -138  -59    3  -69 -135   50    0  -37  -63  -82  -57   12   51   41  -33   34  -51  254  -64  -26  656   46    8   59  220  182  182   98  330  936  246  374  591  990  994 1000 1000
 13 Marble                6424  -212 -192 -234 -151 -144 -166  -62   12  -51 -153   49   37    0  -59  -94  -90   35   32   63    7   56  -26  123  -56  -17  655   23   21   23  144  178  124   65  310  915  255  430  592  992  995 1000  995
 14 Shofar                6111    14  -19   -2   -6    0  -27  -26    5   29   20  -16   63   59    0  -35   25   32   42   36   -9   72   23  132  -35  -29   79   12   28  -31  135  140  114   77  127   52  417  276  553  901  928  972  983
 15 Bugbrain              5873   -36   -1   -9  -39   24   21   38  -40   37  -19   58   82   94   35    0  -65   17  166   38  -42   70    4  117  -13  -32   58  104   47   -3   26   18  125   85   88  209  190  156  384  958  962  980  981
 16 Yomi AI               5793   -42  -18  -14   -2   17   12    0   28   20   49   28   57   90  -25   65    0   53   74   82  -43   60    0  164  -17   -8    5   35  -24  301  162  130  122   67  437  -11  167  292  492    3  986 1000  999
 17 Sweet Rocky           5708   -59  -39  -40  -54  -16  -67  -58  -54  -55  -36   -1  -12  -35  -32  -17  -53    0  -51   77  -35   13  -33   58   -4   14  -60  -56   -5  -11  143  166  234  203  231  229  241  415  593  999  991  994  990
 18 ZQ Bot                5511  -331 -222 -231 -329 -102 -179 -148 -143  -74 -126   45  -51  -32  -42 -166  -74   51    0   64  -63  -30  -52  175  -56    7  591   21  -11    7  129  156  160  305  231  756  343  363  593  992  992  997  995
 19 * Anti-rotn           5126   -57  -44  -80  -55  -71  -48  -48  -74  -38   -4  -54  -41  -63  -36  -38  -82  -77  -64    0   -1  -32   -8  242  -51  -42  527   36   -7  -36  163   53  308   45   73   79  500  176  597  491  996 1000  991
 20 Vroomfondel           4830   -43  -28  -35   19   17  -36   25   40   39    6   43   33   -7    9   42   43   35   63    1    0   37  -34  143   -3    7   39    0   36   55  102   58   76  -39  232   46  277  137  429  -12  991  994  993
 21 Mixed Strategy        4829  -104  -57  -97  -36  -27 -143  -64    5  -12  -41  -59  -34  -56  -72  -70  -60  -13   30   32  -37    0  -15   54  -84  -22    0    7   81  -13   49  140   19   71  262  267  167  399  451  976  943  995  997
 22 Majikthise            4691   -17   22   16   -8   24  -11   -3   13   44  -42   34   51   26  -23   -4    0   33   52    8   34   15    0  188   35  -13   -4  -67  -21   12   76   16  112   18  209   -2  254  184  425   21  995  997  992
 23 Multi-strategy        2481  -341 -162 -190 -181 -288 -239 -296 -191 -239 -272  -96 -254 -123 -132 -117 -164  -58 -175 -242 -143  -54 -188    0  -50  -20  -88   36  243   14  176  123  301   16   38  -52  511  388  999  997  997  999  998
 24 * De Bruijn            732     2  -33    7   49   14   37   66   73    8   40  -10   64   56   35   13   17    4   56   51    3   84  -35   50    0   -1   18   -5   21  -18  -35   23  -27   30   44  -24    6   13  128   -1   21    0 -112
 25 * Pi                   135    21  -15  -13  -22   10   57   -6  -19    3   31   25   26   17   29   32    8  -14   -7   42   -7   22   13   20    1    0   21   19  -32    2  -57  -81    1   -5  -24    8   39  -28   30   22  -11  -11  -12
 26 Inocencio             -690  -248 -212 -201 -790 -227 -709  -62 -794  -58  -84 -781 -656 -655  -79  -58   -5   60 -591 -527  -39    0    4   88  -18  -21    0   25   42  288  128  165   91   73  175  119  270  340  353  967  983  980  974
 27 * Add-drift          -1485  -153  -81 -178 -216   -9 -167    4 -286  -20    6  -95  -46  -23  -12 -104  -35   56  -21  -36    0   -7   67  -36    5  -19  -25    0  -37  -19   12    0   13    5   24  -17  -35  -29   38    1    0  -18    8
 28 * Copy-drift         -1734  -213 -146  -42 -258  -66 -119  -82 -292  -46   -5  -74   -8  -21  -28  -47   24    5   11    7  -36  -81   21 -243  -21   32  -42   37    0   31   34    4   26   56  -57  -68  -20   29   -8  -40   -1  -28   41
 29 * Foxtrot            -1938  -364 -321  -28    4 -334 -162  -15  -15   23  -15  -44  -59  -23   31    3 -301   11   -7   36  -55   13  -12  -14   18   -2 -288   19  -31    0   29   -6    7    7   -7  -59    2  -40   -1    5   19   13   25
 30 * Flat               -2975  -181 -127 -152  -63 -217  -91  -32  -90    4 -155 -137 -220 -144 -135  -26 -162 -143 -129 -163 -102  -49  -76 -176   35   57 -128  -12  -34  -29    0  -39   -1    6    7 -169   13   -8  234  199   75    0 -415
 31 * Text               -3075  -103  -97 -142 -152 -125  -30 -174 -166 -113  -99 -166 -182 -178 -140  -18 -130 -166 -156  -53  -58 -140  -16 -123  -23   81 -165    0   -4    6   39    0   21   12   11   30  -25   12 -185  -74  -11 -185  112
 32 * Switch A Lot       -3209     5  -42 -188 -229 -141 -143 -104 -178 -264 -168  -56 -182 -124 -114 -125 -122 -234 -160 -308  -76  -19 -112 -301   27   -1  -91  -13  -26   -7    1  -21    0   17    2 -136   20   11  102  352  -29   -4  -28
 33 * Add-react          -3218  -330 -379 -306 -108  -85 -316  -70 -108 -101  -54 -155  -98  -65  -77  -85  -67 -203 -305  -45   39  -71  -18  -16  -30    5  -73   -5  -56   -7   -6  -12  -17    0   12  -54  -42   -8    1   77   -6  -59   85
 34 Knucklehead          -4441  -597 -432 -416 -223 -490 -453 -442 -269 -469 -517 -223 -330 -310 -127  -88 -437 -231 -231  -73 -232 -262 -209  -38  -44   24 -175  -24   57    7   -7  -11   -2  -12    0  -25  -11   73  182  684  -42  985  999
 35 Peterbot             -5636  -825 -906 -907 -316 -996 -939 -770 -829 -472 -234 -470 -936 -915  -52 -209   11 -229 -756  -79  -46 -267    2   52   24   -8 -119   17   68   59  169  -30  136   54   25    0  227  412  438  981  999 1000 1000
 36 Always Switchin'     -7033  -188 -236 -436 -470 -264 -274 -461 -430 -386 -230 -220 -246 -255 -417 -190 -167 -241 -343 -500 -277 -167 -254 -511   -6  -39 -270   35   20   -2  -13   25  -20   42   11 -227    0    8   24  525   20   17  -20
 37 R-P-S 20-20-60       -8766  -307 -139 -403 -372 -370 -278 -403 -433 -386 -286 -398 -374 -430 -276 -156 -292 -415 -363 -176 -137 -399 -184 -388  -13   28 -340   29  -29   40    8  -12  -11    8  -73 -412   -8    0 -396 -147    9 -434  352
 38 Beat Frequent Pick  -14227  -913 -913 -929 -586 -657 -589 -889 -588 -753 -575 -591 -591 -592 -553 -384 -492 -593 -593 -597 -429 -451 -425 -999 -128  -30 -353  -38    8    1 -234  185 -102   -1 -182 -438  -24  396    0 -600    0  999  996
 39 Beat The Last Move  -19949  -991 -980 -988 -993 -996 -993 -967 -985 -991 -818 -989 -990 -992 -901 -958   -3 -999 -992 -491   12 -976  -21 -997    1  -22 -967   -1   40   -5 -199   74 -352  -77 -684 -981 -525  147  600    0    1 1000 1000
 40 Rotate R-P-S        -25398  -984 -994 -991 -993 -998 -991 -994 -986 -990 -993 -992 -994 -995 -928 -962 -986 -991 -992 -996 -991 -943 -995 -997  -21   11 -983    0    1  -19  -75   11   29    6   42 -999  -20   -9    0   -1    0    0 -695
 41 Good Ole Rock       -26143  -991 -993 -1000 -998 -997 -999 -996 -995 -997 -997 -996 -1000 -1000 -972 -980 -1000 -994 -997 -1000 -994 -995 -997 -999    0   11 -980   18   28  -13    0  185    4   59 -985 -1000  -17  434 -999 -1000    0    0  999
 42 * Anti-Flat         -28093  -978 -991 -981 -999 -993 -997 -998 -998 -946 -992 -997 -1000 -995 -983 -981 -999 -990 -995 -991 -993 -997 -992 -998  112   12 -974   -8  -41  -25  415 -112   28  -85 -999 -1000   20 -352 -996 -1000  695 -999    0

 Match results (draw <= 50): 

    Player Name           total  W  L  D   1  2  3  4  5  6  7  8  9 10 11 12 13 14 15 16 17 18 19 20 21 22 23 24 25 26 27 28 29 30 31 32 33 34 35 36 37 38 39 40 41 42
  1 Iocaine Powder          71  30  0 11   1  2  1  2  2  1  2  1  1  2  1  1  2  1  2  1  1  2  2  2  2  2  2  1  2  2  2  2  2  2  2  2  1  2  2  2  2  2  2  2  2  2
  2 Phasenbott              66  26  1 14   0  1  1  1  2  1  2  1  1  2  1  2  1  1  2  1  1  1  2  1  2  2  2  1  2  2  2  2  2  2  2  2  1  2  2  2  2  2  2  2  2  2
  3 Biopic                  64  23  0 18   1  1  1  1  1  1  1  1  1  1  1  1  2  1  2  1  1  1  2  2  2  1  2  1  2  1  2  2  2  2  2  2  2  2  2  2  2  2  2  2  2  2
  4 Simple Modeller         64  24  1 16   0  1  1  1  1  1  2  1  1  1  1  1  1  1  2  1  1  2  2  2  2  1  2  1  2  2  2  1  2  2  2  2  2  2  2  2  2  2  2  2  2  2
  5 RussRocker4             62  25  4 12   0  0  1  1  1  1  0  1  1  1  1  2  2  1  2  1  1  2  2  1  2  2  2  0  2  2  2  2  2  2  2  2  2  2  2  1  2  2  2  2  2  2
  6 Yomi AI                 61  20  0 21   1  1  1  1  1  1  1  1  1  1  2  1  1  1  1  1  1  2  2  2  2  2  2  1  1  1  1  2  1  2  2  2  2  2  1  2  2  2  2  2  2  2
  7 MegaHAL                 61  23  3 15   0  0  1  0  2  1  1  1  1  1  1  1  1  1  2  1  1  1  2  2  2  2  2  1  2  2  2  1  1  2  2  2  2  2  2  2  2  2  2  2  2  2
  8 Boom                    59  18  0 23   1  1  1  1  1  1  1  1  1  1  1  1  1  1  1  1  1  2  2  1  2  1  2  1  2  1  2  1  1  2  2  1  2  2  2  2  2  2  2  2  2  2
  9 Shofar                  59  18  0 23   1  1  1  1  1  1  1  1  1  1  1  1  1  1  1  1  1  1  2  1  2  2  1  1  2  1  2  1  1  2  2  2  2  2  2  2  2  2  2  2  2  2
 10 ACT-R Lag2              59  20  2 19   0  0  1  1  1  1  1  1  1  1  1  1  2  1  2  1  1  1  2  1  2  1  2  1  2  1  2  1  1  2  2  2  2  2  2  2  2  2  2  2  2  2
 11 Bugbrain                59  19  1 21   1  1  1  1  1  0  1  1  1  1  1  1  2  1  1  1  1  1  2  1  2  2  2  1  2  2  2  1  1  2  2  1  2  2  2  1  2  2  2  2  2  2
 12 Robertot                58  20  3 18   1  0  1  1  0  1  1  1  1  1  1  1  1  1  1  1  0  2  2  1  2  2  2  1  2  1  2  1  2  2  2  1  2  2  2  2  2  2  2  2  2  2
 13 Piedra                  55  19  5 17   0  1  0  1  0  1  1  1  1  0  0  1  1  1  1  1  1  1  1  2  1  2  1  1  2  2  2  1  2  2  2  2  2  2  2  2  2  2  2  2  2  2
 14 Vroomfondel             54  13  0 28   1  1  1  1  1  1  1  1  1  1  1  1  1  1  1  1  1  1  1  1  1  1  2  1  1  1  1  2  1  2  2  2  2  1  1  2  2  2  2  2  2  2
 15 Simple Predictor        53  20  8 13   0  0  0  0  0  1  0  1  1  0  1  1  1  1  1  1  0  2  1  2  1  1  2  1  2  2  2  1  2  2  2  2  2  2  2  2  2  2  2  2  2  2
 16 Majikthise              52  12  1 28   1  1  1  1  1  1  1  1  1  1  1  1  1  1  1  1  1  1  1  1  2  1  2  1  1  0  1  1  1  2  2  2  2  1  1  1  2  2  2  2  2  2
 17 * De Bruijn             48   8  1 32   1  1  1  1  1  1  1  1  1  1  1  2  1  1  2  1  1  1  2  2  2  2  2  1  1  1  1  1  1  1  1  1  1  1  1  1  1  1  2  1  1  0
 18 Sweet Rocky             46  15 10 16   0  1  1  0  0  0  1  0  1  1  1  0  1  1  0  1  1  1  1  2  1  1  0  1  0  0  2  1  1  2  2  2  2  2  2  2  2  2  2  2  2  2
 19 Marble                  45  17 13 11   0  0  0  0  0  0  0  0  0  0  0  0  1  1  1  1  0  1  1  2  1  2  1  1  2  1  2  1  1  2  2  2  2  2  2  2  2  2  2  2  2  2
 20 * Anti-rotn             44  14 11 16   0  1  0  0  1  0  0  1  1  1  1  1  0  1  0  1  0  0  0  1  1  1  0  1  2  1  2  1  1  2  2  2  2  1  2  2  2  2  2  2  2  2
 21 Granite                 44  17 14 10   0  0  0  0  0  0  0  0  0  0  0  0  1  1  1  0  0  1  1  1  1  1  2  1  2  1  2  2  1  2  2  2  2  2  2  2  2  2  2  2  2  2
 22 Mixed Strategy          43  13 11 17   0  0  1  1  0  0  0  1  0  1  0  0  0  1  1  1  0  1  0  1  1  1  1  1  1  1  2  1  2  2  2  1  1  2  2  2  2  2  2  2  2  2
 23 ZQ Bot                  42  17 16  8   0  0  0  0  0  0  0  0  1  0  0  0  1  0  0  0  0  2  1  2  0  1  1  1  2  1  2  1  1  2  2  2  2  2  2  2  2  2  2  2  2  2
 24 * Pi                    40   1  2 38   1  1  1  1  2  1  1  1  1  1  1  1  1  1  1  1  1  1  1  1  1  1  1  1  1  1  1  1  1  1  1  0  1  1  1  0  1  1  1  1  1  1
 25 Inocencio               40  16 17  8   0  0  0  0  0  1  0  0  0  0  0  0  0  1  0  1  1  2  0  0  0  1  0  1  1  1  2  2  1  2  2  2  2  2  2  2  2  2  2  2  2  2
 26 * Add-drift             35   2  8 31   0  0  1  0  0  1  0  1  1  1  0  1  0  1  0  2  1  2  1  1  1  1  1  1  1  1  1  1  1  1  1  1  1  1  1  1  1  1  1  1  1  1
 27 Peterbot                34  13 20  8   0  0  0  0  0  1  0  0  0  0  0  0  0  1  0  1  1  0  0  0  0  0  0  1  0  1  1  2  2  2  1  2  2  2  2  1  2  2  2  2  2  2
 28 * Foxtrot               32   0  9 32   0  0  0  1  0  0  1  1  1  1  1  1  1  0  1  1  1  1  1  1  0  1  1  1  0  1  0  1  1  1  1  1  1  1  1  1  1  1  1  1  1  1
 29 * Copy-drift            30   1 12 28   0  0  0  0  0  1  1  1  1  1  1  0  0  1  0  1  1  1  1  1  1  0  1  1  1  1  0  1  1  0  0  1  1  2  1  1  1  1  1  1  1  1
 30 Multi-strategy          28  11 24  6   0  0  0  0  0  0  0  0  0  0  0  0  0  0  0  0  1  0  0  0  0  0  0  1  0  1  0  1  2  1  1  2  2  1  2  2  2  2  2  2  2  2
 31 Knucklehead             24   6 23 12   0  0  0  0  0  0  0  0  0  0  0  0  0  0  0  0  1  0  0  0  0  0  0  1  0  1  1  1  2  1  1  1  1  1  2  1  1  2  2  1  2  2
 32 * Flat                  23   4 22 15   0  0  0  0  0  0  0  1  0  0  1  1  0  0  0  0  1  0  0  0  0  1  0  2  0  1  0  1  1  0  1  1  1  1  2  1  1  1  2  2  1  0
 33 * Switch A Lot          21   2 22 17   1  1  0  0  0  0  0  0  0  0  0  0  0  0  0  0  1  0  0  0  0  1  0  1  0  1  0  1  1  0  1  1  1  1  2  1  1  1  2  1  1  1
 34 * Add-react             20   2 23 16   0  0  0  0  0  0  0  0  0  0  0  0  0  1  0  1  1  0  0  1  0  0  0  1  0  1  0  1  0  1  1  1  1  1  2  1  1  0  1  1  1  2
 35 Beat The Last Move      19   5 27  9   0  0  0  0  0  1  0  0  0  0  0  0  0  1  0  1  1  0  0  0  0  0  0  1  0  1  0  1  1  0  0  0  0  0  1  2  0  2  2  1  2  2
 36 * Text                  19   2 24 15   0  0  0  0  1  0  0  0  0  0  1  0  0  0  0  1  1  0  0  0  0  0  0  2  0  1  1  1  1  0  1  1  1  1  0  1  1  0  0  1  1  2
 37 Always Switchin'        17   1 25 15   0  0  0  0  0  0  0  0  0  0  0  0  0  0  0  0  1  0  0  0  0  0  0  1  0  1  0  1  1  0  1  1  1  1  2  1  1  1  1  1  1  1
 38 Good Ole Rock           17   4 28  9   0  0  0  0  0  0  0  0  0  0  0  0  0  0  0  0  1  0  0  0  0  0  0  1  0  1  0  1  1  0  0  1  1  2  0  2  1  1  0  1  2  2
 39 Beat Frequent Pick      15   4 30  7   0  0  0  0  0  0  0  0  0  0  0  0  0  0  0  0  0  0  0  0  0  0  0  1  0  1  0  1  1  0  0  0  0  1  0  2  1  2  1  1  2  2
 40 Rotate R-P-S            14   0 27 14   0  0  0  0  0  0  0  0  0  0  0  0  0  0  0  0  1  0  0  0  0  0  0  1  0  1  0  1  1  0  1  0  1  1  1  1  1  1  1  1  1  0
 41 R-P-S 20-20-60          13   1 29 11   0  0  0  0  0  0  0  0  0  0  0  0  0  0  0  0  1  0  0  0  0  0  0  1  0  1  0  1  1  0  0  1  1  1  0  1  1  0  0  1  1  2
 42 * Anti-Flat             12   3 32  6   0  0  0  0  0  0  0  0  0  0  0  0  0  0  0  0  2  0  0  0  0  0  0  1  0  1  0  1  1  0  0  2  1  0  0  0  1  0  0  2  0  1


   Yomi AI is match ranked 6

 Tournament results:
    Player Name          total 
  1 Yomi AI               5793 
 19 Iocaine Powder       10929 
 20 Phasenbott            9814 
 21 MegaHAL               9619 
 22 RussRocker4           8310 
 23 Biopic                8720 
 24 Simple Modeller       9036 
 25 Simple Predictor      7828 
 26 Robertot              7868 
 27 Boom                  7215 
 28 Shofar                6111 
 29 ACT-R Lag2            6999 
 32 Granite               6595 
 33 Marble                6424 
 36 Piedra                6833 
 41 Bugbrain              5873 

   Yomi is tournament ranked 16

