 Playing 1 tournaments with 1000 trials per match...

 Yomi AI            vs Good Ole Rock       Match: 1000 (1000+   0-   0=)
 Yomi AI            vs R-P-S 20-20-60      Match:  246 (507+ 261- 232=)
 Yomi AI            vs Rotate R-P-S        Match:  724 (861+ 137-   2=)
 Yomi AI            vs Beat The Last Move  Match:  -12 (330+ 342- 328=)
 Yomi AI            vs Always Switchin'    Match:  159 (429+ 270- 301=)
 Yomi AI            vs Beat Frequent Pick  Match:  510 (716+ 206-  78=)
 Yomi AI            vs * Pi                Match:   13 (331+ 318- 351=)
 Yomi AI            vs * Switch A Lot      Match:   83 (389+ 306- 305=)
 Yomi AI            vs * Flat              Match:   74 (387+ 313- 300=)
 Yomi AI            vs * Anti-Flat         Match:  999 (999+   0-   1=)
 Yomi AI            vs * Foxtrot           Match:  302 (549+ 247- 204=)
 Yomi AI            vs * De Bruijn         Match:    8 (333+ 325- 342=)
 Yomi AI            vs * Text              Match:  101 (396+ 295- 309=)
 Yomi AI            vs * Anti-rotn         Match:  -13 (322+ 335- 343=)
 Yomi AI            vs * Copy-drift        Match:   54 (364+ 310- 326=)
 Yomi AI            vs * Add-react         Match:  -15 (339+ 354- 307=)
 Yomi AI            vs * Add-drift         Match:  -18 (327+ 345- 328=)
 Yomi AI            vs Iocaine Powder      Match:  -13 (334+ 347- 319=)
 Yomi AI            vs Phasenbott          Match:   -6 (347+ 353- 300=)
 Yomi AI            vs MegaHAL             Match:   25 (368+ 343- 289=)
 Yomi AI            vs RussRocker4         Match:   18 (369+ 351- 280=)
 Yomi AI            vs Biopic              Match:   22 (339+ 317- 344=)
 Yomi AI            vs Simple Modeller     Match:   -1 (335+ 336- 329=)
 Yomi AI            vs Simple Predictor    Match:   45 (383+ 338- 279=)
 Yomi AI            vs Robertot            Match:   12 (361+ 349- 290=)
 Yomi AI            vs Boom                Match:    3 (361+ 358- 281=)
 Yomi AI            vs Shofar              Match:  -57 (308+ 365- 327=)
 Yomi AI            vs ACT-R Lag2          Match:   -3 (337+ 340- 323=)
 Yomi AI            vs Majikthise          Match:  -21 (327+ 348- 325=)
 Yomi AI            vs Vroomfondel         Match:   -2 (338+ 340- 322=)
 Yomi AI            vs Granite             Match:   31 (392+ 361- 247=)
 Yomi AI            vs Marble              Match:   95 (440+ 345- 215=)
 Yomi AI            vs ZQ Bot              Match:   74 (416+ 342- 242=)
 Yomi AI            vs Sweet Rocky         Match:   83 (390+ 307- 303=)
 Yomi AI            vs Piedra              Match:   28 (364+ 336- 300=)
 Yomi AI            vs Mixed Strategy      Match:   21 (371+ 350- 279=)
 Yomi AI            vs Multi-strategy      Match:  256 (507+ 251- 242=)
 Yomi AI            vs Inocencio           Match:  117 (434+ 317- 249=)
 Yomi AI            vs Peterbot            Match:   -9 (347+ 356- 297=)
 Yomi AI            vs Bugbrain            Match:   47 (350+ 303- 347=)
 Yomi AI            vs Knucklehead         Match:  391 (616+ 225- 159=)
 Final results (draw value = 50):

 Tournament results: 

    Player Name          total     1    2    3    4    5    6    7    8    9   10   11   12   13   14   15   16   17   18   19   20   21   22   23   24   25   26   27   28   29   30   31   32   33   34   35   36   37   38   39   40   41   42
  1 Iocaine Powder       10893     0   11   96   33   48  526    0  219   53   13  232   56   30   24  240   70   63   13   36  316   -6   31  318  188   15   11  126  144  334  190  360   61  575  128  873  209  382  915  987  988  993  992
  2 Phasenbott           10105   -11    0   30   59   23  506   50  118    8   20  199   20    5   -5  218    7   58    6  128  290  -46   14  215  189   32   42   85  122  379   90  342   67  393   94  971  256  220  950  993  988  995  985
  3 MegaHAL               9479   -96  -30    0   -2  -28   79   56  104   -3   -1  221   47    8    5  231   61   56  -25   54  265    4  -60  251  202    5  -23  138   97   73  115  261  195  400  133  891  459  417  944  989  988  998 1000
  4 Simple Modeller       8889   -33  -59    2    0  -29    7   20  271   -7   11  135   39  -68   22   66   36   83    1   51  332   -5   22  173  110  -18   -7  316  238    6  134   97  205  281  139  896  436  403  595  993  995 1000 1000
  5 Biopic                8263   -48  -23   28   29    0   -9   44   72   -1   18  148   74    8    4  116   76   38  -22  -55   74   44  -20  214  199  -26   -1  -16   77  413  -18   64  129  517  119  742  357  368  541  995  996  999  999
  6 RussRocker4           8150  -526 -506  -79   -7    9    0   86  110  -24   20  148   61  -11  -17  120    5   48  -18   34  165   27   -1  333  798  -16  -66   95  100  159   57  334   81  454   89  904  260  340  601  994  993  999  997
  7 Robertot              7941     0  -50  -56  -20  -44  -86    0   29  -19  -14  133   69   25    9   24   60   67  -12   20   99  -69  -22  301   17   13  -52    5   59   17   65   93   61  415  173  888  473  379  909  998  991  996  997
  8 Simple Predictor      7482  -219 -118 -104 -271  -72 -110  -29    0 -100   15   46   67  -40   25  128   43   48  -45   64  165    5   12  179  798  -79  -14  249  269  -36  103   87  152  335  166  335  445  431  588  985  990  996  993
  9 ACT-R Lag2            7369   -53   -8    3    7    1   24   19  100    0   24   82   34   11   -3  132   17   55    3  104   82   31   -5  231  415  -86   13  -18   78  -43  117  -10  161  542   91  200  288  348  568  836  994  997  987
 10 Boom                  6958   -13  -20    1  -11  -18  -20   14  -15  -24    0   93   23  -27    5   91   52   38   -3   44   52  -24  -20  267  -11  -52    5   93   66   29   33   99  143  397  135   70  356  379  753  991  990  997 1000
 11 Granite               6446  -232 -199 -221 -135 -148 -148 -133  -46  -82  -93    0   79    2 -110    4   42   45  -31   21   17  -82   24  343  652  -64  -52   -8   56   10  189   85  110  242  175  924  277  360  591  989  997 1000  996
 12 Piedra                6434   -56  -20  -47  -39  -74  -61  -69  -67  -34  -23  -79    0  -46  -32  -15  -31   27  -28  -26  -35  -32  -47  103  796  -37  -18  100   -3  -12  167  268   86  165  155  304  233  379  595  995  993  999 1000
 13 Shofar                6426   -30   -5   -8   68   -8   11  -25   40  -11   27   -2   46    0  -38   59   75   32   57   76   42    4  -73  139   59   -6  -36   71  111  -13   20   27  198  155  175   70  442  368  556  873  916  969  995
 14 Bugbrain              5986   -24    5   -5  -22   -4   17   -9  -25    3   -5  110   32   38    0   63   31   48  -47   17  167   39    4  142   69   -3   31  132  -10  -39   75   91   52  164   67  128  239  193  418  901  944  977  982
 15 Marble                5899  -240 -218 -231  -66 -116 -120  -24 -128 -132  -91   -4   15  -59  -63    0   70   61  -95    6   21  -46  -45  311   18 -114  -23   38   35   72  156   83  262  228  183  912  251  419  592  996  992  999  994
 16 Sweet Rocky           5701   -70   -7  -61  -36  -76   -5  -60  -43  -17  -52  -42   31  -75  -31  -70    0   42  -83  -13  -40    5  -20   92  -41  -12  -67   78   96  -20   87  267  145  180  180  310  193  357  594  994  999  996  996
 17 * Anti-rotn           5572   -63  -58  -56  -83  -38  -48  -67  -48  -55  -38  -45  -27  -32  -48  -61  -42    0   13   36  -65   -5  -10  264  412  -58  -45   -9   -8  -33  245    5  338   17   54  499  468  178  596  494  997  998 1000
 18 Yomi AI               5371   -13   -6   25   -1   22   18   12   45   -3    3   31   28  -57   47   95   83  -13    0   21   74  -21   -2  256  117    8   13  -18   54  302   74  -15   83  391  101   -9  159  246  510  -12  724 1000  999
 19 Mixed Strategy        5223   -36 -128  -54  -51   55  -34  -20  -64 -104  -44  -21   26  -76  -17   -6   13  -36  -21    0   28  -51   -7   34    3  -70    9  -45   64  -15   25   83   65  226  153  250  325  367  470  959  984  996  988
 20 ZQ Bot                5094  -316 -290 -265 -332  -74 -165  -99 -165  -82  -52  -17   35  -42 -167  -21   40   65  -74  -28    0  -84  -34  216    0  -59  -82  105   36   24  183  240  177  352  157  791  133  408  592  997  993  999  999
 21 Majikthise            4825     6   46   -4    5  -44  -27   69   -5  -31   24   82   32   -4  -39   46   -5    5   21   51   84    0  -18  160   79   41   16  -34  -57    3   92  -15   85  221   27  -16  284  189  470   17  994  995  980
 22 Vroomfondel           4820   -31  -14   60  -22   20    1   22  -12    5   20  -24   47   73   -4   45   20   10    2    7   34   18    0  136   63   48   15  -23  -21   58   84   23   95  180   39   66  262  111  461  -17  994  993  976
 23 Multi-strategy        1926  -318 -215 -251 -173 -214 -333 -301 -179 -231 -267 -343 -103 -139 -142 -311  -92 -264 -256  -34 -216 -160 -136    0  -62  -50  -20   -6  210  -15  148   70  296   55  123    1  448  417  999  997  997  999  997
 24 Inocencio             1029  -188 -189 -202 -110 -199 -798  -17 -798 -415   11 -652 -796  -59  -69  -18   41 -412 -117   -3    0  -79  -63   62    0  -16  -21   45  149  307  175   87   53  177  155  110  218  392  355  959  985  982  987
 25 * De Bruijn            739   -15  -32   -5   18   26   16  -13   79   86   52   64   37    6    3  114   12   58   -8   70   59  -41  -48   50   16    0   -1   38   24   -6   29   25  -66   12   23   -5   27  -13  128   -1   21    0 -100
 26 * Pi                   175   -11  -42   23    7    1   66   52   14  -13   -5   52   18   36  -31   23   67   45  -13   -9   82  -16  -15   20   21    1    0  -41  -38   25  -32  -19   16   30  -81   -4  -50  -21   30   22  -11  -11  -13
 27 * Add-drift          -1576  -126  -85 -138 -316   16  -95   -5 -249   18  -93    8 -100  -71 -132  -38  -78    9   18   45 -105   34   23    6  -45  -38   41    0    8   -4  -11   30   -1  -59    0  -36  -23  -26    7    1   64  -24   -6
 28 * Copy-drift         -2064  -144 -122  -97 -238  -77 -100  -59 -269  -78  -66  -56    3 -111   10  -35  -96    8  -54  -64  -36   57   21 -210 -149  -24   38   -8    0   22  -21   10  -60  -67    6    9  -37   34   14  -29    7  -24   28
 29 * Foxtrot            -2093  -334 -379  -73   -6 -413 -159  -17   36   43  -29  -10   12   13   39  -72   20   33 -302   15  -24   -3  -58   15 -307    6  -25    4  -22    0  -42  -33   39  -38  -64  -32   44   32    8   16   30  -49   -7
 30 * Flat               -2710  -190  -90 -115 -134   18  -57  -65 -103 -117  -33 -189 -167  -20  -75 -156  -87 -245  -74  -25 -183  -92  -84 -148 -175  -29   32   11   21   42    0  -22    2   -3    1 -182   19   -8  221  193    9    0 -411
 31 * Add-react          -3005  -360 -342 -261  -97  -64 -334  -93  -87   10  -99  -85 -268  -27  -91  -83 -267   -5   15  -83 -240   15  -23  -70  -87  -25   19  -30  -10   33   22    0  -30  -36   41  -59   14   10   -1  -10  100   -3  -14
 32 * Switch A Lot       -3018   -61  -67 -195 -205 -129  -81  -61 -152 -161 -143 -110  -86 -198  -52 -262 -145 -338  -83  -65 -177  -85  -95 -296  -53   66  -16    1   60  -39   -2   30    0   14    5 -131   -4   11   12  294  -13   -2   -4
 33 Knucklehead          -3256  -575 -393 -400 -281 -517 -454 -415 -335 -542 -397 -242 -165 -155 -164 -228 -180  -17 -391 -226 -352 -221 -180  -55 -177  -12  -30   59   67   38    3   36  -14    0   12    0    2   95  170  952  472  957  999
 34 * Text               -3308  -128  -94 -133 -139 -119  -89 -173 -166  -91 -135 -175 -155 -175  -67 -183 -180  -54 -101 -153 -157  -27  -39 -123 -155  -23   81    0   -6   64   -1  -41   -5  -12    0   34   -9  -35 -185  -74  -11 -185  111
 35 Peterbot             -5641  -873 -971 -891 -896 -742 -904 -888 -335 -200  -70 -924 -304  -70 -128 -912 -310 -499    9 -250 -791   16  -66   -1 -110    5    4   36   -9   32  182   59  131    0  -34    0  259  411  420  981  999 1000  993
 36 Always Switchin'     -7172  -209 -256 -459 -436 -357 -260 -473 -445 -288 -356 -277 -233 -442 -239 -251 -193 -468 -159 -325 -133 -284 -262 -448 -218  -27   50   23   37  -44  -19  -14    4   -2    9 -259    0    4    1  509   12   20   -5
 37 R-P-S 20-20-60       -9240  -382 -220 -417 -403 -368 -340 -379 -431 -348 -379 -360 -379 -368 -193 -419 -357 -178 -246 -367 -408 -189 -111 -417 -392   13   21   26  -34  -32    8  -10  -11  -95   35 -411   -4    0 -425 -162  -15 -372  279
 38 Beat Frequent Pick  -14167  -915 -950 -944 -595 -541 -601 -909 -588 -568 -753 -591 -595 -556 -418 -592 -594 -596 -510 -470 -592 -470 -461 -999 -355 -128  -30   -7  -14   -8 -221    1  -12 -170  185 -420   -1  425    0 -600    0  999  997
 39 Beat The Last Move  -19998  -987 -993 -989 -993 -995 -994 -998 -985 -836 -991 -989 -995 -873 -901 -996 -994 -494   12 -959 -997  -17   17 -997 -959    1  -22   -1   29  -16 -193   10 -294 -952   74 -981 -509  162  600    0    1 1000  996
 40 Rotate R-P-S        -25775  -988 -988 -988 -995 -996 -993 -991 -990 -994 -990 -997 -993 -916 -944 -992 -999 -997 -724 -984 -993 -994 -994 -997 -985  -21   11  -64   -7  -30   -9 -100   13 -472   11 -999  -12   15    0   -1    0    0 -688
 41 Good Ole Rock       -26178  -993 -995 -998 -1000 -999 -999 -996 -996 -997 -997 -1000 -999 -969 -977 -999 -996 -998 -1000 -996 -999 -995 -993 -999 -982    0   11   24   24   49    0    3    2 -957  185 -1000  -20  372 -999 -1000    0    0 1000
 42 * Anti-Flat         -27994  -992 -985 -1000 -1000 -999 -997 -997 -993 -987 -1000 -996 -1000 -995 -982 -994 -996 -1000 -999 -988 -999 -980 -976 -997 -987  100   13    6  -28    7  411   14    4 -999 -111 -993    5 -279 -997 -996  688 -1000    0

 Match results (draw <= 50): 

    Player Name           total  W  L  D   1  2  3  4  5  6  7  8  9 10 11 12 13 14 15 16 17 18 19 20 21 22 23 24 25 26 27 28 29 30 31 32 33 34 35 36 37 38 39 40 41 42
  1 Iocaine Powder          69  28  0 13   1  1  2  1  1  2  1  2  1  1  1  1  1  1  2  2  1  2  1  2  1  2  2  2  2  2  2  2  2  2  2  2  2  2  2  2  2  2  2  2  2  2
  2 Phasenbott              67  26  0 15   1  1  1  1  2  2  1  1  1  1  1  1  1  1  2  1  1  1  2  2  1  2  2  2  2  2  2  2  2  2  2  2  2  2  2  2  2  2  2  2  2  2
  3 MegaHAL                 66  27  2 12   0  1  1  1  1  2  1  1  1  1  1  2  0  1  2  1  1  2  2  2  1  2  2  2  2  2  2  2  2  2  2  2  2  2  2  2  2  2  2  2  2  2
  4 Biopic                  62  22  1 18   1  1  1  1  1  1  1  1  1  1  1  1  1  1  2  2  1  2  0  1  1  2  2  2  2  2  2  2  1  2  2  2  1  2  2  2  2  2  2  2  2  2
  5 Simple Modeller         62  23  2 16   1  0  1  1  1  1  0  1  1  1  1  1  1  1  2  1  1  1  2  2  1  2  2  2  2  2  1  2  2  2  2  2  2  2  2  2  2  2  2  2  2  2
  6 RussRocker4             61  24  4 13   0  0  0  1  1  1  1  1  1  1  1  2  1  1  2  2  1  1  1  1  0  2  2  2  2  2  2  2  2  2  2  2  2  2  2  2  2  2  2  2  2  2
  7 Shofar                  60  20  1 20   1  1  1  1  2  1  1  1  1  1  2  1  0  1  1  1  1  2  2  1  1  1  2  1  2  2  1  2  2  2  1  2  1  2  2  2  2  2  2  2  2  2
  8 ACT-R Lag2              60  21  2 18   0  1  1  1  1  1  1  1  1  1  1  1  1  1  2  1  0  1  2  2  1  2  2  2  2  2  1  2  1  2  1  2  2  2  2  2  2  2  2  2  2  2
  9 Bugbrain                60  19  0 22   1  1  1  1  1  1  1  1  1  1  1  1  1  1  1  1  1  1  1  1  1  2  2  2  2  2  1  2  2  2  2  1  2  2  2  2  2  2  2  2  2  2
 10 Boom                    59  19  1 21   1  1  1  1  1  1  1  1  1  1  1  1  1  1  1  1  0  2  1  1  1  2  2  2  1  2  1  2  2  2  2  2  1  2  2  2  2  2  2  2  2  2
 11 Yomi AI                 57  17  1 23   1  1  1  1  1  1  0  1  1  1  1  1  1  1  1  1  1  2  1  1  1  1  2  2  2  2  2  1  1  2  1  2  2  1  2  2  2  2  2  2  2  2
 12 Robertot                57  20  4 17   1  1  0  1  1  0  1  1  1  1  1  1  1  0  1  2  1  2  1  2  0  2  1  2  1  2  1  2  1  2  2  2  2  2  2  2  2  2  2  2  2  2
 13 Vroomfondel             56  15  0 26   1  1  2  1  1  1  2  1  1  1  1  1  1  1  1  1  1  1  1  1  1  1  1  1  2  2  2  2  1  2  1  1  2  1  2  1  2  2  2  2  2  2
 14 Majikthise              55  15  1 25   1  1  1  1  1  1  1  1  1  1  1  2  1  1  1  1  1  1  2  1  1  2  1  2  2  2  1  1  1  2  1  0  2  1  2  1  2  2  2  2  2  2
 15 Simple Predictor        54  21  8 12   0  0  0  0  0  0  1  0  1  1  1  1  1  1  1  2  0  1  2  1  1  1  2  2  2  2  1  2  2  2  2  2  2  2  2  2  2  2  2  2  2  2
 16 Piedra                  51  16  6 19   0  1  1  0  1  0  1  1  1  1  1  0  1  1  0  1  1  1  1  1  1  0  1  1  2  2  1  2  2  2  2  1  2  2  2  2  2  2  2  2  2  2
 17 * De Bruijn             48   9  2 30   1  1  1  1  1  1  1  2  1  2  1  1  1  1  2  1  1  1  2  2  1  2  2  2  1  1  1  1  1  1  1  1  1  1  0  1  1  1  2  1  0  1
 18 Sweet Rocky             48  16  9 16   0  1  0  0  1  1  0  1  1  0  0  0  1  1  1  1  1  1  1  1  0  1  0  1  1  2  1  2  2  2  2  2  2  2  2  2  2  2  2  2  2  2
 19 Mixed Strategy          47  14  8 19   1  0  0  2  0  1  0  0  1  1  1  1  1  0  0  1  0  1  1  1  1  1  1  1  1  1  1  2  1  2  2  2  1  2  2  2  2  2  2  2  2  2
 20 * Anti-rotn             45  13  9 19   0  0  0  1  0  1  1  0  1  1  1  0  1  1  1  1  0  1  1  1  1  1  0  0  2  2  1  2  1  1  1  1  2  2  2  2  2  2  2  2  2  2
 21 * Pi                    45   5  1 35   1  1  1  1  1  2  1  1  1  1  1  2  1  1  1  1  1  2  1  1  1  2  1  2  1  1  1  1  1  1  1  1  1  1  1  0  1  1  1  1  1  1
 22 Granite                 45  17 13 11   0  0  0  0  0  0  1  0  0  0  1  0  1  0  1  2  0  1  1  1  0  1  1  1  2  2  1  2  1  2  2  2  2  2  2  2  2  2  2  2  2  2
 23 Marble                  45  17 13 11   0  0  0  0  0  0  0  0  0  0  0  1  1  1  0  1  0  2  1  2  1  1  1  1  1  2  2  2  1  2  2  1  2  2  2  2  2  2  2  2  2  2
 24 ZQ Bot                  42  16 15 10   0  0  0  0  0  0  1  0  0  0  0  0  1  0  0  1  0  1  1  2  0  1  1  1  1  2  1  2  2  2  2  1  2  2  2  2  2  2  2  2  2  2
 25 Inocencio               41  16 16  9   0  0  0  0  0  0  0  0  0  1  0  1  0  0  0  0  1  1  1  0  1  0  1  1  1  2  2  2  1  2  2  2  2  2  2  2  2  2  2  2  2  2
 26 Multi-strategy          32  13 22  6   0  0  0  0  0  0  0  0  0  0  0  0  0  0  0  0  1  0  1  0  1  0  0  0  0  1  1  1  1  2  2  2  2  2  2  2  2  2  2  2  2  2
 27 * Foxtrot               31   0 10 31   0  0  0  0  1  0  1  1  1  1  0  1  0  1  1  1  1  1  1  1  1  1  0  1  0  1  1  1  1  1  1  1  1  1  1  0  1  1  1  1  1  1
 28 Peterbot                30  10 21 10   0  0  0  0  0  0  0  0  0  0  1  0  0  1  0  0  1  0  0  0  1  0  0  0  0  1  1  1  1  1  2  1  2  2  2  1  2  2  2  2  2  2
 29 * Add-drift             29   1 13 27   0  0  0  1  0  0  0  1  0  0  1  1  1  1  0  0  1  0  1  1  1  1  1  0  1  1  1  1  1  0  1  1  1  1  1  1  1  1  1  1  1  2
 30 Knucklehead             26   8 23 10   0  0  0  0  0  0  0  0  0  0  0  0  0  0  0  0  1  0  0  1  1  0  0  0  0  0  1  1  2  1  1  2  1  2  1  1  1  2  2  2  2  2
 31 * Add-react             23   1 19 21   0  0  0  0  0  0  1  1  0  0  1  0  1  1  0  0  1  0  0  1  1  0  0  0  0  0  1  0  1  1  1  1  1  1  1  1  1  1  1  1  1  2
 32 * Copy-drift            23   1 19 21   0  0  0  0  0  0  0  0  1  0  0  0  1  2  0  1  1  0  0  1  1  0  1  1  0  0  1  1  1  0  1  1  1  1  0  1  1  1  1  1  1  1
 33 * Flat                  21   2 22 17   0  0  0  1  0  0  1  0  0  1  0  0  0  0  0  0  1  0  1  0  1  0  0  0  0  0  1  0  1  1  1  1  1  2  1  1  1  1  2  1  0  1
 34 Beat The Last Move      20   5 26 10   0  0  0  0  0  0  0  0  0  0  1  0  1  1  0  0  1  0  0  0  1  0  0  0  0  0  1  0  1  0  1  1  0  1  0  2  0  2  2  2  2  1
 35 * Switch A Lot          19   3 25 13   0  0  0  0  0  0  0  0  0  0  0  0  0  0  0  0  2  0  0  0  1  0  0  0  0  0  1  0  1  1  1  2  1  2  1  1  1  1  1  1  1  1
 36 * Text                  19   3 25 13   0  0  0  0  0  0  0  0  0  0  0  0  1  1  0  0  1  0  0  0  2  0  0  0  0  0  2  1  1  1  1  1  1  0  1  1  1  0  0  1  2  1
 37 Always Switchin'        17   1 25 15   0  0  0  0  0  0  0  0  0  0  0  0  0  0  0  0  1  0  0  0  1  0  0  0  0  0  1  0  1  1  1  1  1  2  1  1  1  1  1  1  1  1
 38 Good Ole Rock           16   3 28 10   0  0  0  0  0  0  0  0  0  0  0  0  0  0  0  0  1  0  0  0  1  0  0  0  0  0  1  0  1  0  1  1  1  0  1  2  1  1  0  2  2  1
 39 Beat Frequent Pick      16   4 29  8   0  0  0  0  0  0  0  0  0  0  0  0  0  0  0  0  0  0  0  0  1  0  0  0  0  0  1  0  1  0  1  1  0  0  1  2  1  2  1  2  2  1
 40 R-P-S 20-20-60          13   1 29 11   0  0  0  0  0  0  0  0  0  0  0  0  0  0  0  0  1  0  0  0  1  0  0  0  0  0  1  0  1  0  1  1  1  0  1  1  1  0  0  1  2  1
 41 * Anti-Flat             13   3 31  7   0  0  0  0  0  0  0  0  0  0  0  0  0  0  0  0  2  0  0  0  1  0  0  0  0  0  1  0  1  0  1  1  2  0  1  0  1  0  0  0  1  2
 42 Rotate R-P-S            12   0 29 12   0  0  0  0  0  0  0  0  0  0  0  0  0  0  0  0  1  0  0  0  1  0  0  0  0  0  1  0  0  0  0  1  1  1  1  1  1  1  1  1  0  1


   Yomi AI is match ranked 11

 Tournament results:
    Player Name          total 
  1 Yomi AI               5371 
 15 * Anti-rotn           5572 
 19 Iocaine Powder       10893 
 20 Phasenbott           10105 
 21 MegaHAL               9479 
 22 RussRocker4           8150 
 23 Biopic                8263 
 24 Simple Modeller       8889 
 25 Simple Predictor      7482 
 26 Robertot              7941 
 27 Boom                  6958 
 28 Shofar                6426 
 29 ACT-R Lag2            7369 
 32 Granite               6446 
 33 Marble                5899 
 35 Sweet Rocky           5701 
 36 Piedra                6434 
 41 Bugbrain              5986 

   Yomi is tournament ranked 18

