 Playing 1 tournaments with 1000 trials per match...

 Yomi AI            vs Good Ole Rock       Match: 1000 (1000+   0-   0=)
 Yomi AI            vs R-P-S 20-20-60      Match:  181 (453+ 272- 275=)
 Yomi AI            vs Rotate R-P-S        Match:  410 (595+ 185- 220=)
 Yomi AI            vs Beat The Last Move  Match:  -12 (328+ 340- 332=)
 Yomi AI            vs Always Switchin'    Match:  101 (402+ 301- 297=)
 Yomi AI            vs Beat Frequent Pick  Match:  309 (549+ 240- 211=)
 Yomi AI            vs * Pi                Match:   37 (377+ 340- 283=)
 Yomi AI            vs * Switch A Lot      Match:   87 (389+ 302- 309=)
 Yomi AI            vs * Flat              Match:   43 (345+ 302- 353=)
 Yomi AI            vs * Anti-Flat         Match:  409 (582+ 173- 245=)
 Yomi AI            vs * Foxtrot           Match:  237 (489+ 252- 259=)
 Yomi AI            vs * De Bruijn         Match:  -20 (332+ 352- 316=)
 Yomi AI            vs * Text              Match:   62 (363+ 301- 336=)
 Yomi AI            vs * Anti-rotn         Match:  -22 (323+ 345- 332=)
 Yomi AI            vs * Copy-drift        Match:   -7 (321+ 328- 351=)
 Yomi AI            vs * Add-react         Match:    5 (342+ 337- 321=)
 Yomi AI            vs * Add-drift         Match:   23 (336+ 313- 351=)
 Yomi AI            vs Iocaine Powder      Match:   20 (351+ 331- 318=)
 Yomi AI            vs Phasenbott          Match:  -26 (328+ 354- 318=)
 Yomi AI            vs MegaHAL             Match:    1 (339+ 338- 323=)
 Yomi AI            vs RussRocker4         Match:  -44 (324+ 368- 308=)
 Yomi AI            vs Biopic              Match:  -21 (345+ 366- 289=)
 Yomi AI            vs Simple Modeller     Match:  -10 (353+ 363- 284=)
 Yomi AI            vs Simple Predictor    Match:   -8 (345+ 353- 302=)
 Yomi AI            vs Robertot            Match:    2 (343+ 341- 316=)
 Yomi AI            vs Boom                Match:   24 (353+ 329- 318=)
 Yomi AI            vs Shofar              Match:  -17 (323+ 340- 337=)
 Yomi AI            vs ACT-R Lag2          Match:    1 (342+ 341- 317=)
 Yomi AI            vs Majikthise          Match:   21 (355+ 334- 311=)
 Yomi AI            vs Vroomfondel         Match:  -51 (318+ 369- 313=)
 Yomi AI            vs Granite             Match:  126 (424+ 298- 278=)
 Yomi AI            vs Marble              Match:   62 (396+ 334- 270=)
 Yomi AI            vs ZQ Bot              Match:   52 (380+ 328- 292=)
 Yomi AI            vs Sweet Rocky         Match:   41 (368+ 327- 305=)
 Yomi AI            vs Piedra              Match:   23 (371+ 348- 281=)
 Yomi AI            vs Mixed Strategy      Match:    2 (346+ 344- 310=)
 Yomi AI            vs Multi-strategy      Match:  129 (405+ 276- 319=)
 Yomi AI            vs Inocencio           Match:   55 (387+ 332- 281=)
 Yomi AI            vs Peterbot            Match:   15 (351+ 336- 313=)
 Yomi AI            vs Bugbrain            Match:   30 (351+ 321- 328=)
 Yomi AI            vs Knucklehead         Match:  421 (623+ 202- 175=)
 Final results (draw value = 50):

 Tournament results: 

    Player Name          total     1    2    3    4    5    6    7    8    9   10   11   12   13   14   15   16   17   18   19   20   21   22   23   24   25   26   27   28   29   30   31   32   33   34   35   36   37   38   39   40   41   42
  1 Iocaine Powder       10740     0   43   68   22   19   29  532  211   50   67   64  222  187   20  290    4   65   20   42   63   28  -20  276    8  216   -2  164  168  327  125  304   96  129  562  849  203  404  928  982  991  999  985
  2 MegaHAL              10217   -43    0  -37   40   -3   40  108   65    9   45  -13  238  216   22  251  -11   43   90  107  -17   -9   -1  197  -69  955  -34  194  102   45   83  242  133  226  328  956  414  389  944  989  988  999  996
  3 Phasenbott           10038   -68   37    0   22   17   78  541  131  -54   27   42  223  219  107  260  -16   42   40   58   12   21   26  239   39  208    5  123   95  380  145  315   89   45  361  917  231  172  950  981  991  996  991
  4 Biopic                8515   -22  -40  -22    0   -3   18    4   81    5   35  -29  142  116   59  104   -2   55  -26   31  -13   10   21  275   -3  180   32   60   18  392  173   67  154  147  463  755  380  408  502  996  995 1000  997
  5 Simple Modeller       8393   -19    3  -17    3    0   24  -47  243   -2    3   74  112   75  -25  282   -1   47  -13   63   24   14   10  177   -3  503  -36  188  266  -21   87  131  115  235  195  306  450  382  590  988  992  998  997
  6 Robertot              8214   -29  -40  -78  -18  -24    0  -18   66   83   42  -21   63   58   37  121  -42   61  100   -5  -14    7   -2  235    9   63  -26   34  134  -11   54   99  184  155  378  854  489  386  883  964  992  996  995
  7 RussRocker4           7745  -532 -108 -541   -4   47   18    0   45   32   57   11  147  158   17  171  -10   52    0   -5   28  -24   44  329  -53  116  -20  170  205  154  111  341   46  131  527  922  244  345  592  994  993 1000  995
  8 Simple Predictor      7397  -211  -65 -131  -81 -243  -66  -45    0   14   23   36   29  -29  -66  132    0   58   21   69  -26   -1    8  220  -79   99  -21  315  276    0  124  133  149  166  277  941  385  429  587  986  989  995 1000
  9 Boom                  7208   -50   -9   54   -5    2  -83  -32  -14    0   47  -51   64   32  -11   43  -19   45    9   24    7  -27  -24  277   52   82  -27   55   40   12  -13  117  114  141  526  425  333  347  753  991  990  997  994
 10 Piedra                6956   -67  -45  -27  -35   -3  -42  -57  -23  -47    0  -22  -57  -33  -61  -45  -33   47  -41   33   -2  -43  -23  106  -13  533  -22   45   13    7   90   29  188   89  217 1000  333  388  593  991  997 1000  998
 11 Bugbrain              6613   -64   13  -42   29  -74   21  -11  -36   51   22    0  143   94   12  192  -46   58   87   55    1   11  -30  116  -25   95   -4  140   17  -23   50   90   62   17  202  687  234  155  423  959  949  992  991
 12 Granite               6539  -222 -238 -223 -142 -112  -63 -147  -29  -64   57 -143    0    1 -118   84  -11   42    8   61  -15  -39 -126  299  -29  647  -40  -12   62   51  165  125  177  131  318  900  233  378  594  990  995  999  995
 13 Marble                6509  -187 -216 -219 -116  -75  -58 -158   29  -32   33  -94   -1    0 -143  -28  -87   75   39   49  -46  -51  -62  270 -100  644  -37   -6   48   66  165   98  181  142  288  926  209  386  592  992  997 1000  996
 14 ACT-R Lag2            6441   -20  -22 -107  -59   25  -37  -17   66   11   61  -12  118  143    0   52  -28  -31   47   62   26  -25   -1  282  -77   61  -10   -7   18  -43  132    5   86  152  522  152  273  315  571  772  992  997  996
 15 ZQ Bot                6349  -290 -251 -260 -104 -282 -121 -171 -132  -43   45 -192  -84   28  -52    0  -11   46   71   15  -70  -31  -52  251  -78  762   -9   21   65   21  153  291  156  193  276  947  282  398  594  985  989  993 1000
 16 Shofar                5931    -4   11   16    2    1   42   10    0   19   33   46   11   87   28   11    0   12   16   34  -55  -61   17   78  -25   30   -9   -3   24   -7   78   19  108  122   86   78  417  330  556  898  940  976  959
 17 * Anti-rotn           5642   -65  -43  -42  -55  -47  -61  -52  -58  -45  -47  -58  -42  -75   31  -46  -12    0   18  -18  -11   -5   22  239  -45  226  -59  -17   30    8  242   -8   58  333   99  499  514  153  598  497  998  997  991
 18 Mixed Strategy        5375   -20  -90  -40   26   13 -100    0  -21   -9   41  -87   -8  -39  -47  -71  -16  -18    0   55  -68  -78   -2   51  -72   21  -34  -15   27   47   15    3  177  169  191  352  196  362  513  969  988  996  998
 19 Sweet Rocky           5362   -42 -107  -58  -31  -63    5    5  -69  -24  -33  -55  -61  -49  -62  -15  -34   18  -55    0  -40   10  -41  143  -15  -38  -11  -35   37   45  128  202  141   94  125  143  229  407  594  994  992  995  993
 20 Vroomfondel           4837   -63   17  -12   13  -24   14  -28   26   -7    2   -1   15   46  -26   70   55   11   68   40    0  -27   51  134  -21   80    1   27   24   37   27   24   32  139  231  -28  257  194  472    0  990  993  984
 21 Majikthise            4813   -28    9  -21  -10  -14   -7   24    1   27   43  -11   39   51   25   31   61    5   78  -10   27    0  -21  195  -77  122   10   -7    1    7  110  -31   19  116  252   27  257  116  425   11  991  995  975
 22 Yomi AI               3691    20    1  -26  -21  -10    2  -44   -8   24   23   30  126   62    1   52  -17  -22    2   41  -51   21    0  129  -20   55   37   23   -7  237   43    5   62   87  421   15  101  181  309  -12  410 1000  409
 23 Multi-strategy        1935  -276 -197 -239 -275 -177 -235 -329 -220 -277 -106 -116 -299 -270 -282 -251  -78 -239  -51 -143 -134 -195 -129    0  -50 -104  -20  -10  255   -5  138   24  123  308   33 -134  460  446  999  997  997  999  997
 24 * De Bruijn            821    -8   69  -39    3    3   -9   53   79  -52   13   25   29  100   77   78   25   45   72   15   21   77   20   50    0   13   -1  -24   -3    6    8    0   23   36  -19  -21   23   -9  128   -1   21    0 -105
 25 Inocencio              264  -216 -955 -208 -180 -503  -63 -116  -99  -82 -533  -95 -647 -644  -61 -762  -30 -226  -21   38  -80 -122  -55  104  -13    0   -5    1   33  307   97   49  150   84  183  115  245  412  359  851  986  983  983
 26 * Pi                   150     2   34   -5  -32   36   26   20   21   27   22    4   40   37   10    9    9   59   34   11   -1  -10  -37   20    1    5    0    0  -37  -19   -4   -5  -81   -1  -14   -4  -10  -37   30   22  -11  -11  -10
 27 * Add-drift          -1520  -164 -194 -123  -60 -188  -34 -170 -315  -55  -45 -140   12    6    7  -21    3   17   15   35  -27    7  -23   10   24   -1    0    0   20  -34   29   26  -34  -19  -26   61  -38  -33  -11  -10    1  -29    1
 28 * Copy-drift         -1999  -168 -102  -95  -18 -266 -134 -205 -276  -40  -13  -17  -62  -48  -18  -65  -24  -30  -27  -37  -24   -1    7 -255    3  -33   37  -20    0  -25   -2    8   28   -7   -6  -47  -18  -17  -24    6   14   13    9
 29 * Foxtrot            -2153  -327  -45 -380 -392   21   11 -154    0  -12   -7   23  -51  -66   43  -21    7   -8  -47  -45  -37   -7 -237    5   -6 -307   19   34   25    0    4  -28   23   11   -4  -35   26   -8  -52  -35  -39  -50   -5
 30 * Flat               -2582  -125  -83 -145 -173  -87  -54 -111 -124   13  -90  -50 -165 -165 -132 -153  -78 -242  -15 -128  -27 -110  -43 -138   -8  -97    4  -29    2   -4    0   11  -20   53    9 -126   42  -41  226  230   11    1 -421
 31 * Add-react          -2730  -304 -242 -315  -67 -131  -99 -341 -133 -117  -29  -90 -125  -98   -5 -291  -19    8   -3 -202  -24   31   -5  -24    0  -49    5  -26   -8   28  -11    0    0  -53    5  -58   25  -14    8   45  -26    8   16
 32 * Text               -3074   -96 -133  -89 -154 -115 -184  -46 -149 -114 -188  -62 -177 -181  -86 -156 -108  -58 -177 -141  -32  -19  -62 -123  -23 -150   81   34  -28  -23   20    0    0   17  -39    7   35  -13 -185  -74  -11 -185  113
 33 * Switch A Lot       -3423  -129 -226  -45 -147 -235 -155 -131 -166 -141  -89  -17 -131 -142 -152 -193 -122 -333 -169  -94 -139 -116  -87 -308  -36  -84    1   19    7  -11  -53   53  -17    0   -2 -200  -13   10   39  325  -34    0   40
 34 Knucklehead          -4098  -562 -328 -361 -463 -195 -378 -527 -277 -526 -217 -202 -318 -288 -522 -276  -86  -99 -191 -125 -231 -252 -421  -33   19 -183   14   26    6    4   -9   -5   39    2    0  -21   28   38  134  -79  817  960  990
 35 Peterbot             -7096  -849 -956 -917 -755 -306 -854 -922 -941 -425 -1000 -687 -900 -926 -152 -947  -78 -499 -352 -143   28  -27  -15  134   21 -115    4  -61   47   35  126   58   -7  200   21    0  267  407  437  963  997  998  995
 36 Always Switchin'     -7203  -203 -414 -231 -380 -450 -489 -244 -385 -333 -333 -234 -233 -209 -273 -282 -417 -514 -196 -229 -257 -257 -101 -460  -23 -245   10   38   18  -26  -42  -25  -35   13  -28 -267    0   24   55  500  -38   -9    1
 37 R-P-S 20-20-60       -8718  -404 -389 -172 -408 -382 -386 -345 -429 -347 -388 -155 -378 -386 -315 -398 -330 -153 -362 -407 -194 -116 -181 -446    9 -412   37   33   17    8   41   14   13  -10  -38 -407  -24    0 -334 -194   11 -390  379
 38 Beat Frequent Pick  -13977  -928 -944 -950 -502 -590 -883 -592 -587 -753 -593 -423 -594 -592 -571 -594 -556 -598 -513 -594 -472 -425 -309 -999 -128 -359  -30   11   24   52 -226   -8  185  -39 -134 -437  -55  334    0 -600    0  999  996
 39 Beat The Last Move  -18866  -982 -989 -981 -996 -988 -964 -994 -986 -991 -991 -959 -990 -992 -772 -985 -898 -497 -969 -994    0  -11   12 -997    1 -851  -22   10   -6   35 -230  -45   74 -325   79 -963 -500  194  600    0    1 1000  996
 40 Rotate R-P-S        -25512  -991 -988 -991 -995 -992 -992 -993 -989 -990 -997 -949 -995 -997 -992 -989 -940 -998 -988 -992 -990 -991 -410 -997  -21 -986   11   -1  -14   39  -11   26   11   34 -817 -997   38  -11    0   -1    0    0 -666
 41 Good Ole Rock       -26202  -999 -999 -996 -1000 -998 -996 -1000 -995 -997 -1000 -992 -999 -1000 -997 -993 -976 -997 -996 -995 -993 -995 -1000 -999    0 -983   11   29  -13   50   -1   -8  185    0 -960 -998    9  390 -999 -1000    0    0  998
 42 * Anti-Flat         -27542  -985 -996 -991 -997 -997 -995 -995 -1000 -994 -998 -991 -995 -996 -996 -1000 -959 -991 -998 -993 -984 -975 -409 -997  105 -983   10   -1   -9    5  421  -16 -113  -40 -990 -995   -1 -379 -996 -996  666 -998    0

 Match results (draw <= 50): 

    Player Name           total  W  L  D   1  2  3  4  5  6  7  8  9 10 11 12 13 14 15 16 17 18 19 20 21 22 23 24 25 26 27 28 29 30 31 32 33 34 35 36 37 38 39 40 41 42
  1 Iocaine Powder          69  28  0 13   1  2  1  1  1  1  2  2  1  1  1  1  2  2  1  2  2  1  2  1  1  2  2  1  2  2  2  2  2  2  2  2  2  2  2  2  2  2  2  2  2  2
  2 Phasenbott              64  25  2 14   0  1  1  1  1  2  1  2  2  0  1  1  1  2  1  1  2  1  1  2  1  2  2  1  2  2  2  2  2  2  2  2  2  2  2  1  2  2  2  2  2  2
  3 MegaHAL                 64  24  1 16   1  1  1  1  1  1  1  2  1  1  1  1  1  2  1  1  2  0  1  2  2  2  2  1  2  2  1  2  2  2  2  2  2  2  2  2  2  2  2  2  2  2
  4 Biopic                  64  23  0 18   1  1  1  1  1  1  1  1  2  1  1  1  1  2  1  1  2  1  2  1  1  2  2  1  2  2  2  1  2  2  2  2  2  2  2  2  2  2  2  2  2  2
  5 Simple Modeller         64  23  0 18   1  1  1  1  1  1  2  1  1  1  1  1  1  2  1  1  2  1  1  2  1  2  2  1  2  2  1  2  2  2  2  2  2  2  2  2  2  2  2  2  2  2
  6 Robertot                63  23  1 17   1  0  1  1  1  1  1  1  1  2  1  1  1  2  1  1  2  1  2  1  2  2  2  1  2  1  1  2  2  2  2  2  2  2  2  2  2  2  2  2  2  2
  7 Bugbrain                60  21  2 18   0  1  1  1  0  1  1  1  1  2  1  1  1  1  1  1  2  1  2  2  2  2  2  1  2  2  1  1  2  2  2  1  2  2  2  1  2  2  2  2  2  2
  8 RussRocker4             59  22  4 15   0  0  0  1  1  1  1  1  1  1  1  1  1  1  1  2  2  0  2  1  1  2  2  1  2  2  2  2  2  2  2  2  2  2  1  2  2  2  2  2  2  2
  9 ACT-R Lag2              58  20  3 18   1  0  1  0  1  1  1  1  1  1  1  1  1  2  1  2  2  0  1  2  1  2  2  1  2  1  1  1  2  2  1  2  2  2  2  2  2  2  2  2  2  2
 10 Boom                    57  18  2 21   1  2  1  1  1  0  0  1  1  1  1  1  1  1  1  1  2  2  1  1  1  1  1  1  2  2  1  1  2  2  2  1  2  2  2  2  2  2  2  2  2  2
 11 Yomi AI                 55  15  1 25   1  1  1  1  1  1  1  1  1  1  1  1  0  1  1  1  2  1  1  1  1  2  2  1  2  1  2  1  1  2  1  1  1  2  2  2  2  2  2  2  2  2
 12 Majikthise              54  14  1 26   1  1  1  1  1  1  1  1  1  1  1  1  1  1  2  1  1  0  1  1  2  2  1  1  2  1  1  1  1  2  1  2  1  2  1  2  2  2  2  2  2  2
 13 Vroomfondel             54  14  1 26   0  1  1  1  1  1  1  1  1  1  2  1  1  1  2  1  1  1  1  1  2  1  2  1  2  1  1  1  1  2  1  1  1  2  1  2  2  2  2  2  2  2
 14 Simple Predictor        53  20  8 13   0  0  0  0  0  0  1  1  0  1  1  1  1  1  1  1  1  0  2  2  1  1  2  1  2  2  1  2  2  2  2  2  2  2  2  2  2  2  2  2  2  2
 15 Shofar                  53  14  2 25   1  1  1  1  1  1  1  1  1  1  1  0  0  1  1  1  1  1  1  1  1  2  1  1  1  1  1  1  2  2  1  2  2  2  2  2  2  2  2  2  2  2
 16 Piedra                  51  14  4 23   0  1  1  1  1  1  1  0  0  1  1  1  1  1  1  1  0  1  1  1  1  1  1  1  2  1  1  1  2  2  1  2  2  2  2  2  2  2  2  2  2  2
 17 Granite                 50  20 11 10   0  0  0  0  0  0  0  0  0  0  0  1  1  1  1  2  1  1  1  2  1  1  2  1  2  1  2  2  2  2  2  2  2  2  2  2  2  2  2  2  2  2
 18 * De Bruijn             48   9  2 30   1  1  2  1  1  1  1  2  2  0  1  2  1  2  1  1  1  1  1  1  2  2  2  1  1  1  1  1  1  1  1  1  1  1  1  1  1  1  2  1  1  0
 19 * Anti-rotn             47  14  8 19   0  1  1  0  1  0  0  0  1  1  1  1  1  0  1  1  1  1  1  1  1  0  1  0  2  1  1  1  2  2  1  2  2  2  2  2  2  2  2  2  2  2
 20 Sweet Rocky             47  14  8 19   1  0  0  1  0  1  0  1  0  1  1  1  1  0  1  1  0  1  1  1  0  1  1  1  1  1  1  1  2  2  2  2  2  2  2  2  2  2  2  2  2  2
 21 Mixed Strategy          47  13  7 21   1  1  0  1  1  0  0  1  1  1  1  0  0  1  1  1  1  0  1  2  1  1  0  1  1  1  1  1  2  2  1  1  2  2  2  2  2  2  2  2  2  2
 22 Marble                  45  17 13 11   0  0  0  0  0  0  0  0  0  1  0  0  1  1  0  1  1  0  2  1  1  1  1  1  2  1  2  1  2  2  2  2  2  2  2  2  2  2  2  2  2  2
 23 ZQ Bot                  44  17 14 10   0  0  0  0  0  0  0  0  0  1  0  1  0  0  1  1  0  0  1  1  2  1  1  1  2  1  1  2  2  2  2  2  2  2  2  2  2  2  2  2  2  2
 24 * Pi                    41   1  1 39   1  1  1  1  1  1  1  1  1  1  1  1  1  1  1  1  1  1  2  1  1  1  1  1  1  1  1  1  1  1  1  1  1  1  0  1  1  1  1  1  1  1
 25 Inocencio               36  14 19  8   0  0  0  0  0  0  0  0  0  0  0  0  0  0  1  0  0  1  0  1  1  0  0  1  1  1  2  1  2  2  1  2  2  2  2  2  2  2  2  2  2  2
 26 * Add-drift             33   1  9 31   0  0  0  0  0  1  0  0  1  0  1  1  1  0  1  1  1  1  1  1  1  1  1  1  1  1  1  1  2  1  1  1  1  1  1  1  1  1  1  1  1  1
 27 * Foxtrot               32   0  9 32   0  0  1  0  1  1  1  0  1  1  0  1  1  1  1  1  0  1  1  1  1  0  1  1  0  1  1  1  1  1  1  1  1  1  1  1  1  1  0  1  1  1
 28 * Copy-drift            31   0 10 31   0  0  0  1  0  0  1  0  1  1  1  1  1  0  1  1  0  1  1  1  1  1  0  1  1  1  1  1  1  0  1  1  1  1  1  1  1  1  1  1  1  1
 29 Peterbot                31  11 21  9   0  0  0  0  0  0  0  0  0  0  1  1  1  0  0  0  0  1  0  0  0  0  0  1  0  0  1  1  1  2  2  2  2  1  1  2  2  2  2  2  2  2
 30 Multi-strategy          28  11 24  6   0  0  0  0  0  0  0  0  0  0  0  0  0  0  0  0  0  1  0  0  0  0  0  1  0  1  1  2  0  1  1  2  2  1  2  2  2  2  2  2  2  2
 31 * Add-react             25   0 16 25   0  0  0  0  0  0  0  0  1  0  1  1  1  0  1  1  0  1  1  0  1  0  0  1  1  1  1  1  0  1  1  1  1  1  1  0  1  1  1  1  1  1
 32 * Flat                  23   3 21 17   0  0  0  0  0  0  1  0  0  1  1  0  1  0  0  0  0  1  0  0  1  0  0  1  0  1  1  1  0  0  1  1  2  1  1  2  1  1  2  1  1  0
 33 Beat The Last Move      22   6 25 10   0  0  0  0  0  0  0  0  0  0  1  1  1  0  0  0  0  1  0  0  0  0  0  1  0  1  1  1  0  0  1  0  1  2  2  0  0  2  2  2  1  2
 34 Knucklehead             21   4 24 13   0  0  0  0  0  0  0  0  0  0  0  0  0  0  0  0  0  1  0  0  0  0  0  1  0  1  1  1  1  1  1  1  0  1  1  1  1  2  2  1  2  2
 35 * Text                  19   2 24 15   0  0  0  0  0  0  0  1  0  0  0  1  1  0  0  0  0  1  0  0  0  0  0  2  0  1  1  1  1  0  1  1  0  1  1  1  1  0  0  1  1  2
 36 * Switch A Lot          19   2 24 15   0  1  0  0  0  0  1  0  0  0  0  0  0  0  0  0  0  1  0  0  0  0  0  1  0  1  1  1  0  0  2  0  2  1  1  1  1  1  1  1  1  1
 37 Always Switchin'        18   2 25 14   0  0  0  0  0  0  0  0  0  0  0  0  0  0  0  0  0  1  0  0  0  0  0  1  0  1  1  1  0  0  1  1  2  1  1  1  1  1  2  1  1  1
 38 Good Ole Rock           16   3 28 10   0  0  0  0  0  0  0  0  0  0  0  0  0  0  0  0  0  1  0  0  0  0  0  1  0  1  1  1  0  0  1  1  0  0  2  1  1  1  0  2  1  2
 39 Beat Frequent Pick      16   5 30  6   0  0  0  0  0  0  0  0  0  0  0  0  0  0  0  0  0  0  0  0  0  0  0  1  0  1  2  1  0  0  1  0  0  0  2  1  0  2  1  2  1  2
 40 R-P-S 20-20-60          14   1 28 12   0  0  0  0  0  0  0  0  0  0  0  0  0  0  0  0  0  1  0  0  0  0  0  1  0  1  1  1  0  0  1  1  0  1  1  1  1  0  0  1  1  2
 41 Rotate R-P-S            14   0 27 14   0  0  0  0  0  0  0  0  0  0  0  0  0  0  0  0  0  1  0  0  0  0  0  1  0  1  1  1  0  0  1  1  1  0  1  1  1  1  1  1  1  0
 42 * Anti-Flat             13   3 31  7   0  0  0  0  0  0  0  0  0  0  0  0  0  0  0  0  0  2  0  0  0  0  0  1  0  1  1  1  0  0  1  2  0  0  0  1  1  0  0  0  2  1


   Yomi AI is match ranked 11

 Tournament results:
    Player Name          total 
  1 Yomi AI               3691 
 15 * Anti-rotn           5642 
 19 Iocaine Powder       10740 
 20 Phasenbott           10038 
 21 MegaHAL              10217 
 22 RussRocker4           7745 
 23 Biopic                8515 
 24 Simple Modeller       8393 
 25 Simple Predictor      7397 
 26 Robertot              8214 
 27 Boom                  7208 
 28 Shofar                5931 
 29 ACT-R Lag2            6441 
 30 Majikthise            4813 
 31 Vroomfondel           4837 
 32 Granite               6539 
 33 Marble                6509 
 34 ZQ Bot                6349 
 35 Sweet Rocky           5362 
 36 Piedra                6956 
 37 Mixed Strategy        5375 
 41 Bugbrain              6613 

   Yomi is tournament ranked 22

