 Playing 1 tournaments with 1000 trials per match...

 Yomi AI            vs Good Ole Rock       Match: 1000 (1000+   0-   0=)
 Yomi AI            vs R-P-S 20-20-60      Match:  192 (455+ 263- 282=)
 Yomi AI            vs Rotate R-P-S        Match:  328 (494+ 166- 340=)
 Yomi AI            vs Beat The Last Move  Match:   51 (373+ 322- 305=)
 Yomi AI            vs Always Switchin'    Match:   89 (383+ 294- 323=)
 Yomi AI            vs Beat Frequent Pick  Match:  359 (578+ 219- 203=)
 Yomi AI            vs * Pi                Match:  -50 (314+ 364- 322=)
 Yomi AI            vs * Switch A Lot      Match:   59 (367+ 308- 325=)
 Yomi AI            vs * Flat              Match:   55 (357+ 302- 341=)
 Yomi AI            vs * Anti-Flat         Match:  999 (999+   0-   1=)
 Yomi AI            vs * Foxtrot           Match:  266 (507+ 241- 252=)
 Yomi AI            vs * De Bruijn         Match:  -42 (307+ 349- 344=)
 Yomi AI            vs * Text              Match:   -4 (339+ 343- 318=)
 Yomi AI            vs * Anti-rotn         Match:   68 (364+ 296- 340=)
 Yomi AI            vs * Copy-drift        Match:    0 (325+ 325- 350=)
 Yomi AI            vs * Add-react         Match:   23 (348+ 325- 327=)
 Yomi AI            vs * Add-drift         Match:  -25 (326+ 351- 323=)
 Yomi AI            vs Iocaine Powder      Match:   11 (350+ 339- 311=)
 Yomi AI            vs Phasenbott          Match:   13 (351+ 338- 311=)
 Yomi AI            vs MegaHAL             Match:   41 (367+ 326- 307=)
 Yomi AI            vs RussRocker4         Match:    7 (330+ 323- 347=)
 Yomi AI            vs Biopic              Match:   23 (342+ 319- 339=)
 Yomi AI            vs Simple Modeller     Match:    8 (344+ 336- 320=)
 Yomi AI            vs Simple Predictor    Match:   63 (389+ 326- 285=)
 Yomi AI            vs Robertot            Match:  -19 (322+ 341- 337=)
 Yomi AI            vs Boom                Match:   -9 (324+ 333- 343=)
 Yomi AI            vs Shofar              Match:   30 (353+ 323- 324=)
 Yomi AI            vs ACT-R Lag2          Match:  -35 (315+ 350- 335=)
 Yomi AI            vs Majikthise          Match:   27 (360+ 333- 307=)
 Yomi AI            vs Vroomfondel         Match:  -11 (350+ 361- 289=)
 Yomi AI            vs Granite             Match:   64 (391+ 327- 282=)
 Yomi AI            vs Marble              Match:   66 (384+ 318- 298=)
 Yomi AI            vs ZQ Bot              Match:   73 (409+ 336- 255=)
 Yomi AI            vs Sweet Rocky         Match:   35 (358+ 323- 319=)
 Yomi AI            vs Piedra              Match:   35 (367+ 332- 301=)
 Yomi AI            vs Mixed Strategy      Match:   76 (379+ 303- 318=)
 Yomi AI            vs Multi-strategy      Match:  123 (394+ 271- 335=)
 Yomi AI            vs Inocencio           Match:   80 (398+ 318- 284=)
 Yomi AI            vs Peterbot            Match:    3 (329+ 326- 345=)
 Yomi AI            vs Bugbrain            Match:   31 (365+ 334- 301=)
 Yomi AI            vs Knucklehead         Match:  278 (518+ 240- 242=)
Error: return value out of range.
Error: return value out of range.
Error: return value out of range.
Error: return value out of range.
Error: return value out of range.
Error: return value out of range.
Error: return value out of range.
Error: return value out of range.
Error: return value out of range.
Error: return value out of range.
Error: return value out of range.
Error: return value out of range.
Error: return value out of range.
Error: return value out of range.
Error: return value out of range.
Error: return value out of range.
Error: return value out of range.
Error: return value out of range.
Error: return value out of range.
Error: return value out of range.
Error: return value out of range.
Error: return value out of range.
Error: return value out of range.
Error: return value out of range.
Error: return value out of range.
Error: return value out of range.
Error: return value out of range.
Error: return value out of range.
Error: return value out of range.
Error: return value out of range.
Error: return value out of range.
Error: return value out of range.
Error: return value out of range.
Error: return value out of range.
Error: return value out of range.
Error: return value out of range.
Error: return value out of range.
Error: return value out of range.
Error: return value out of range.
Error: return value out of range.
Error: return value out of range.
Error: return value out of range.
Error: return value out of range.
Error: return value out of range.
Error: return value out of range.
Error: return value out of range.
Error: return value out of range.
Error: return value out of range.
Error: return value out of range.
Error: return value out of range.
Error: return value out of range.
Error: return value out of range.
Error: return value out of range.
Error: return value out of range.
Error: return value out of range.
Error: return value out of range.
Error: return value out of range.
Error: return value out of range.
Error: return value out of range.
Error: return value out of range.
Error: return value out of range.
Error: return value out of range.
Error: return value out of range.
Error: return value out of range.
Error: return value out of range.
Error: return value out of range.
Error: return value out of range.
Error: return value out of range.
Error: return value out of range.
Error: return value out of range.
Error: return value out of range.
Error: return value out of range.
Error: return value out of range.
Error: return value out of range.
Error: return value out of range.
Error: return value out of range.
Error: return value out of range.
Error: return value out of range.
Error: return value out of range.
Error: return value out of range.
Error: return value out of range.
Error: return value out of range.
Error: return value out of range.
Error: return value out of range.
Error: return value out of range.
Error: return value out of range.
Error: return value out of range.
Error: return value out of range.
Error: return value out of range.
Error: return value out of range.
Error: return value out of range.
Error: return value out of range.
Error: return value out of range.
 Final results (draw value = 50):

 Tournament results: 

    Player Name          total     1    2    3    4    5    6    7    8    9   10   11   12   13   14   15   16   17   18   19   20   21   22   23   24   25   26   27   28   29   30   31   32   33   34   35   36   37   38   39   40   41   42
  1 Iocaine Powder       10916     0  140   50   27   85    0  216  516   41   34  251  241   -6  289   20   11   26   40   60   55   72  -11  259  255    9  -21  141  219  306  160  542  105   45  345  894  221  422  900  985  979 1000  993
  2 Phasenbott           10184  -140    0   44   24   -6   92  133  559    4   29  224  228   71  285   60  -15   15   35   30   45   94  -13  241  162   36  -22   79  122  360   71  398   94  143  396  998  248  169  916  988  997  995  995
  3 MegaHAL               9695   -50  -44    0    3   74   17   83   89   24   18  244  253   25  265   26   -3   65  -33  -18   40   54  -41  267  141  -29  -13  173   63   77  183  349  189  264  262  915  440  413  934  989  992  999  996
  4 Biopic                8323   -27  -24   -3    0    4   23   39  -29   39   24  179  102   12   69   66   -2  -24    4  -26   69   51  -23  263   73  -11   10   33   36  417  162  510  118  152   76  708  345  304  629  988  994  998  995
  5 Simple Modeller       8307   -85    6  -74   -4    0  -21  260   -3   26  -17   95  105  -23  307   39   60    8   15  -19  136   40   -8  218   58  -31    4  186  236  -21  104  197  135  232  117  592  468  397  591  993  995  997  996
  6 Robertot              7791     0  -92  -17  -23   21    0   46  -24  -31  -31   87   32   69  128   58  -13   89  -17    0   23   52   19  302   33  -43    5   13   83  -16   50  431  150  127   79  694  480  388  847  808  995  996  993
  7 Simple Predictor      7778  -216 -133  -83  -39 -260  -46    0  -77  -31  -56   29   78    1  160   58   62   51   -8  -34   92   64  -63  191  534  -73  -14  283  273   -9  114  232  154  151  117  913  411  396  588  986  986  996 1000
  8 RussRocker4           7705  -516 -559  -89   29    3   24   77    0   52  -38  148  184  -17  168   19   29   12  -31   40   57   52   -7  284  114    4  -16   98  129  139  149  506   51  146  369  944  258  318  590  994  994 1000  997
  9 Boom                  7199   -41   -4  -24  -39  -26   31   31  -52    0  -30   31    1  -28   74   54   -9   44  -49  -39  -19   52    9  223   52   25  -14   34   22   -5   35  480  139  177   97  441  399  396  753  991  990  997 1000
 10 ACT-R Lag2            6965   -34  -29  -18  -24   17   31   56   38   30    0  116  105   -4  116   12  -36   48   -4   23   82   13   35  264   97  -89    4   -2   12  -53   55  531   83  195   97   69  251  347  573  967  995  999  997
 11 Granite               6547  -251 -224 -244 -179  -95  -87  -29 -148  -31 -116    0    7  -25   -4   62  -41   38  -26  -23  -10   43  -64  251  646  -40  -22  -22   72   69  155  315  181   96  126  926  233  433  592  991  992 1000 1000
 12 Marble                6498  -241 -228 -253 -102 -105  -32  -78 -184   -1 -105   -7    0  -57   47   27 -100   56  -45  -13   36   69  -66  169  654  -56   -5  118   -1   25  202  314  173  140   71  892  233  381  594  992  992  999  993
 13 Shofar                6388     6  -71  -25  -12   23  -69   -1   17   28    4   25   57    0   74   25   10   36   -8   51    3   32  -30   80  667  -34   -6    7   71   -6   60   66   78  171   23   45  393  280  556  874  937  987  964
 14 ZQ Bot                6045  -289 -285 -265  -69 -307 -128 -160 -168  -74 -116    4  -47  -74    0   49 -184   53  -36  -45    4   55  -73  222  766  -42   -5   46   55   27   95  265  162  181  311  952  228  370  589  995  991  995  997
 15 Piedra                5945   -20  -60  -26  -66  -39  -58  -58  -19  -54  -12  -62  -27  -25  -49    0  -22   29  -59  -49  -48   36  -35  123  -43   -1   -6   44   27  -11  156  200  172  125  283  454  187  392  588  990  994 1000  994
 16 Bugbrain              5805   -11   15    3    2  -60   13  -62  -29    9   36   41  100  -10  184   22    0   54  -12    5   31   52  -31   59   41  -26  -61   91   37   52   54  161   62  119  103  108  237  186  353  944  972  988  973
 17 Sweet Rocky           5768   -26  -15  -65   24   -8  -89  -51  -12  -44  -48  -38  -56  -36  -53  -29  -54    0  -59  -26   12   62  -35   45  -29  -27  -56   33   -3   10  147  161  157  153  387  146  329  398  592  995  990  996  990
 18 Majikthise            5090   -40  -35   33   -4  -15   17    8   31   49    4   26   45    8   36   59   12   59    0   31   70    1  -27  245  117   11    9  -15   -1   -7   81  201   50  129   -9   65  267  140  469   10  988  994  978
 19 Vroomfondel           4655   -60  -30   18   26   19    0   34  -40   39  -23   23   13  -51   45   49   -5   26  -31    0   61  -43   11  157   71  -43   13   40   10  -16   98  217   24  101    7    5  291   84  483   54  991  994  993
 20 Mixed Strategy        4637   -55  -45  -40  -69 -136  -23  -92  -57   19  -82   10  -36   -3   -4   48  -31  -12  -70  -61    0    1  -76  -15    6  -41  -19  -39   42    6  -11  152  170   89    5  266   93  383  494  948  962  987  973
 21 * Anti-rotn           4611   -72  -94  -54  -51  -40  -52  -64  -52  -52  -13  -43  -69  -32  -55  -36  -52  -62   -1   43   -1    0  -68  186  -61  -60  -56    7   13  -33  204   54   54  364    9   20  496  255  598  486 1000  998  997
 22 Yomi AI               4381    11   13   41   23    8  -19   63    7   -9  -35   64   66   30   73   35   31   35   27  -11   76   68    0  123   80  -42  -50  -25    0  266   55  278   -4   59   23    3   89  192  359   51  328 1000  999
 23 Multi-strategy        2905  -259 -241 -267 -263 -218 -302 -191 -284 -223 -264 -251 -169  -80 -222 -123  -59  -45 -245 -157   15 -186 -123    0  -88  -50  -20    8  228   33   94   74  123  268    9  500  503  389  999  997  997  999  999
 24 Inocencio             1349  -255 -162 -141  -73  -58  -33 -534 -114  -52  -97 -646 -654 -667 -766   43  -41   29 -117  -71   -6   61  -80   88    0  -21  -15    6   35  366  120  219  152   82   72  162  202  364  362  634  986  986  983
 25 * De Bruijn            748    -9  -36   29   11   31   43   73   -4  -25   89   40   56   34   42    1   26   27  -11   43   41   60   42   50   21    0   -1  -19   23   56  -31   60   23   -7  -48    5  -11   -9  128   -1   21    0 -115
 26 * Pi                   377    21   22   13  -10   -4   -5   14   16   14   -4   22    5    6    5    6   61   56   -9  -13   19   56   50   20   15    1    0    1  -26   33   -8  -31  -81  -10   31   10   41   22   30   22  -11  -11  -12
 27 * Add-drift          -1176  -141  -79 -173  -33 -186  -13 -283  -98  -34    2   22 -118   -7  -46  -44  -91  -33   15  -40   39   -7   25   -8   -6   19   -1    0   44   29   22   13  -25   -9   -1  -65    9   32    7    3   26    5   53
 28 * Copy-drift         -1928  -219 -122  -63  -36 -236  -83 -273 -129  -22  -12  -72    1  -71  -55  -27  -37    3    1  -10  -42  -13    0 -228  -35  -23   26  -44    0   -4   20  -87   17  -28  -17  -36   18   -5    5  -61   13   15   43
 29 * Foxtrot            -2154  -306 -360  -77 -417   21   16    9 -139    5   53  -69  -25    6  -27   11  -52  -10    7   16   -6   33 -266  -33 -366  -56  -33  -29    4    0   16    0    7    2  -12  -24   11   17  -23  -21   -7  -26   -4
 30 * Flat               -2808  -160  -71 -183 -162 -104  -50 -114 -149  -35  -55 -155 -202  -60  -95 -156  -54 -147  -81  -98   11 -204  -55  -94 -120   31    8  -22  -20  -16    0    0  -27  -14   57 -186    2   14  198  228  -70    0 -398
 31 Knucklehead          -2822  -542 -398 -349 -510 -197 -431 -232 -506 -480 -531 -315 -314  -66 -265 -200 -161 -161 -201 -217 -152  -54 -278  -74 -219  -60   31  -13   87    0    0    0   29    2   13    0    5   95  107  864  896  977  998
 32 * Text               -3030  -105  -94 -189 -118 -135 -150 -154  -51 -139  -83 -181 -173  -78 -162 -172  -62 -157  -50  -24 -170  -54    4 -123 -152  -23   81   25  -17   -7   27  -29    0    2   19   31  -30    5 -185  -74  -11 -185  113
 33 * Switch A Lot       -3420   -45 -143 -264 -152 -232 -127 -151 -146 -177 -195  -96 -140 -171 -181 -125 -119 -153 -129 -101  -89 -364  -59 -268  -82    7   10    9   28   -2   14   -2   -2    0  -12  -86   19   -1   18  339  -12   -5  -33
 34 * Add-react          -3596  -345 -396 -262  -76 -117  -79 -117 -369  -97  -97 -126  -71  -23 -311 -283 -103 -387    9   -7   -5   -9  -23   -9  -72   48  -31    1   17   12  -57  -13  -19   12    0  -46  -14   -8    2  -81    7  -18  -33
 35 Peterbot             -6258  -894 -998 -915 -708 -592 -694 -913 -944 -441  -69 -926 -892  -45 -952 -454 -108 -146  -65   -5 -266  -20   -3 -500 -162   -5  -10   65   36   24  186    0  -31   86   46    0  234  424  434  982  999  998  986
 36 Always Switchin'     -7031  -221 -248 -440 -345 -468 -480 -411 -258 -399 -251 -233 -233 -393 -228 -187 -237 -329 -267 -291  -93 -496  -89 -503 -202   11  -41   -9  -18  -11   -2   -5   30  -19   14 -234    0  -42   65  499   17    1   15
 37 R-P-S 20-20-60       -9267  -422 -169 -413 -304 -397 -388 -396 -318 -396 -347 -433 -381 -280 -370 -392 -186 -398 -140  -84 -383 -255 -192 -389 -364    9  -22  -32    5  -17  -14  -95   -5    1    8 -424   42    0 -407 -172   21 -366   -2
 38 Beat Frequent Pick  -13933  -900 -916 -934 -629 -591 -847 -588 -590 -753 -573 -592 -594 -556 -589 -588 -353 -592 -469 -483 -494 -598 -359 -999 -362 -128  -30   -7   -5   23 -198 -107  185  -18   -2 -434  -65  407    0 -600    0  999  996
 39 Beat The Last Move  -19579  -985 -988 -989 -988 -993 -808 -986 -994 -991 -967 -991 -992 -874 -995 -990 -944 -995  -10  -54 -948 -486  -51 -997 -634    1  -22   -3   61   21 -228 -864   74 -339   81 -982 -499  172  600    0    1 1000  997
 40 Rotate R-P-S        -25565  -979 -997 -992 -994 -995 -995 -986 -994 -990 -995 -992 -992 -937 -991 -994 -972 -990 -988 -991 -962 -1000 -328 -997 -986  -21   11  -26  -13    7   70 -896   11   12   -7 -999  -17  -21    0   -1    0    0 -638
 41 Good Ole Rock       -26285  -1000 -995 -999 -998 -997 -996 -996 -1000 -997 -999 -1000 -999 -987 -995 -1000 -988 -996 -994 -994 -987 -998 -1000 -999 -986    0   11   -5  -15   26    0 -977  185    5   18 -998   -1  366 -999 -1000    0    0  999
 42 * Anti-Flat         -27760  -993 -995 -996 -995 -996 -993 -1000 -997 -1000 -997 -1000 -993 -964 -997 -994 -973 -990 -978 -993 -973 -997 -999 -999 -983  115   12  -53  -43    4  398 -998 -113   33   33 -986  -15    2 -996 -997  638 -999    0

 Match results (draw <= 50): 

    Player Name           total  W  L  D   1  2  3  4  5  6  7  8  9 10 11 12 13 14 15 16 17 18 19 20 21 22 23 24 25 26 27 28 29 30 31 32 33 34 35 36 37 38 39 40 41 42
  1 Iocaine Powder          68  27  0 14   1  2  1  2  1  2  1  1  1  1  2  1  1  1  2  2  1  1  2  1  2  1  2  2  2  2  2  2  2  2  2  2  2  2  2  2  1  2  2  2  2  2
  2 Phasenbott              67  27  1 13   0  1  1  2  1  1  1  2  1  1  2  1  2  1  1  2  2  1  2  1  2  1  1  2  2  2  2  2  2  2  2  2  2  2  2  2  2  2  2  2  2  2
  3 MegaHAL                 67  26  0 15   1  1  1  2  1  2  1  1  1  1  2  1  1  1  1  2  1  1  2  2  2  1  1  2  2  2  2  2  2  2  2  2  2  2  2  2  2  2  2  2  2  2
  4 RussRocker4             63  25  3 13   0  0  0  1  1  1  1  1  1  1  2  2  1  1  1  2  1  1  2  1  2  1  2  2  2  2  2  2  2  2  2  2  2  2  2  2  2  2  2  2  2  2
  5 Biopic                  63  22  0 19   1  1  1  1  1  1  1  1  1  1  1  1  1  1  1  2  2  1  2  1  2  1  2  2  2  1  2  2  2  1  2  2  2  2  2  2  2  2  2  2  2  2
  6 Simple Modeller         62  23  2 16   0  1  0  1  1  1  1  1  1  2  2  1  1  1  1  2  1  1  2  1  2  1  2  2  1  2  2  1  2  2  2  2  2  2  2  2  2  2  2  2  2  2
  7 Yomi AI                 60  19  0 22   1  1  1  1  1  1  1  1  1  1  2  1  1  1  1  2  1  1  2  1  2  1  2  2  2  1  2  2  1  1  2  1  2  2  1  2  2  2  2  2  2  2
  8 Robertot                60  20  1 20   1  0  1  1  1  1  1  1  1  1  1  1  2  1  1  2  2  1  1  2  2  1  1  1  2  1  2  1  2  2  2  2  2  1  2  2  2  2  2  2  2  2
  9 ACT-R Lag2              59  20  2 19   1  1  1  1  1  1  1  1  1  1  2  1  1  1  1  2  1  0  2  1  2  1  2  2  1  1  2  0  2  1  2  2  2  2  2  2  2  2  2  2  2  2
 10 Bugbrain                58  20  3 18   1  1  1  1  1  0  1  1  1  1  0  1  1  1  1  1  1  1  2  2  2  0  1  1  2  2  2  2  2  1  2  2  2  2  2  2  2  2  2  2  2  2
 11 Simple Predictor        57  24  8  9   0  0  0  0  1  0  0  1  0  2  1  1  1  1  1  1  2  0  2  2  2  1  2  2  2  2  2  1  2  2  2  2  2  2  2  2  2  2  2  2  2  2
 12 Boom                    57  17  1 23   1  1  1  0  1  1  1  1  1  1  1  1  1  1  1  1  2  1  1  1  2  1  1  2  2  1  2  1  2  1  2  2  2  1  2  2  2  2  2  2  2  2
 13 Shofar                  56  17  2 22   1  0  1  1  1  1  1  0  1  1  1  1  1  1  2  1  1  1  2  1  2  1  1  2  1  1  2  1  1  2  2  1  2  2  2  2  2  2  2  2  2  2
 14 Majikthise              56  15  0 26   1  1  1  1  1  1  1  1  1  1  1  1  1  1  1  1  2  1  1  2  1  1  2  2  1  1  2  1  2  1  2  1  1  2  1  2  2  2  2  2  2  2
 15 Vroomfondel             52  13  2 26   0  1  1  1  1  1  1  1  1  1  1  1  0  1  1  1  1  1  1  1  1  1  2  2  1  1  2  1  1  1  2  1  2  2  1  2  2  2  2  2  2  2
 16 Granite                 50  18  9 14   0  0  0  0  0  0  0  0  0  1  1  1  1  1  1  1  2  1  1  1  1  1  1  2  1  1  2  2  2  2  2  2  2  2  2  2  2  2  2  2  2  2
 17 Piedra                  48  14  7 20   1  0  1  1  0  1  1  0  1  1  0  0  1  0  1  0  1  1  1  1  1  1  1  1  1  1  2  1  2  1  2  2  2  2  2  2  2  2  2  2  2  2
 18 * De Bruijn             47   7  1 33   1  1  1  1  1  1  1  1  2  1  2  1  1  1  1  1  1  1  2  1  1  1  1  1  2  1  1  2  1  1  2  1  1  1  1  1  1  1  1  2  0  1
 19 Marble                  47  18 12 11   0  0  0  0  0  0  0  1  0  0  0  1  0  1  1  1  1  0  1  2  1  1  1  2  2  2  2  1  2  1  2  2  2  2  2  2  2  2  2  2  2  2
 20 Sweet Rocky             47  14  8 19   1  1  0  1  1  1  1  0  1  0  0  1  1  0  1  1  1  1  0  1  0  0  1  1  2  1  1  1  2  1  2  2  2  2  2  2  2  2  2  2  2  2
 21 ZQ Bot                  46  18 13 10   0  0  0  0  0  0  0  0  0  0  0  0  0  1  1  1  1  1  1  2  1  1  1  2  2  1  2  1  2  2  2  2  2  2  2  2  2  2  2  2  2  2
 22 * Pi                    43   3  1 37   1  1  1  1  1  1  1  1  1  2  1  1  1  1  1  1  1  1  1  2  1  1  1  1  2  1  1  1  1  1  1  1  1  1  0  1  1  1  1  1  1  1
 23 Mixed Strategy          43  11  9 21   0  1  1  0  0  0  0  1  0  1  0  1  1  0  0  1  1  1  1  1  1  1  1  1  1  1  1  1  2  1  2  1  2  1  2  2  2  2  2  2  2  2
 24 Inocencio               41  16 16  9   0  0  0  0  0  0  0  1  0  1  0  0  0  0  0  0  1  1  0  1  0  1  1  1  2  1  2  2  2  1  2  2  2  2  2  2  2  2  2  2  2  2
 25 * Anti-rotn             37  12 16 13   0  0  0  0  0  1  0  0  1  0  0  0  1  1  1  1  1  0  0  0  0  0  1  0  1  1  2  1  1  1  2  1  2  2  2  2  2  2  2  2  2  2
 26 * Add-drift             33   1  9 31   0  0  0  0  1  0  1  1  1  0  0  1  1  1  1  1  1  1  0  1  1  1  1  1  1  1  1  1  0  1  1  1  1  1  1  1  1  1  1  1  2  1
 27 Multi-strategy          33  13 21  7   0  0  0  0  0  0  0  0  0  0  0  0  0  0  0  0  0  1  0  1  0  1  1  0  0  1  1  1  2  2  2  1  2  2  2  2  2  2  2  2  2  2
 28 * Foxtrot               32   1 10 30   0  0  0  0  0  1  0  1  2  0  1  1  1  1  1  0  1  0  1  1  1  1  1  0  1  1  1  1  1  1  1  1  1  1  1  1  1  1  1  1  1  1
 29 Peterbot                31  10 20 11   0  0  0  0  0  0  1  0  0  0  0  0  1  0  1  0  0  1  0  0  0  1  0  0  1  2  0  1  1  1  1  1  2  2  1  2  2  2  2  2  2  2
 30 * Copy-drift            28   0 13 28   0  0  0  0  1  0  1  0  1  1  0  1  0  1  1  0  1  1  1  1  0  1  1  1  1  1  0  1  1  1  0  1  0  1  1  1  1  1  1  1  1  1
 31 Knucklehead             23   7 25  9   0  0  0  0  0  0  0  0  0  0  0  0  0  0  0  0  0  0  0  0  0  1  0  0  0  1  0  1  1  2  1  1  2  1  1  1  1  2  2  2  2  2
 32 * Add-react             22   0 19 22   0  0  0  0  0  0  1  0  0  0  0  0  1  1  1  0  0  1  0  0  0  1  1  0  1  1  1  1  1  1  1  1  0  0  1  1  1  1  1  1  1  1
 33 Beat The Last Move      20   7 28  6   0  0  0  0  0  0  0  0  0  0  0  0  0  1  0  0  0  1  0  0  0  1  0  0  0  1  0  1  0  2  0  2  1  0  2  0  0  2  1  2  2  2
 34 * Flat                  20   3 24 14   0  0  0  0  0  0  0  1  0  0  0  1  0  0  0  0  0  1  0  0  0  1  1  0  0  1  0  1  0  1  1  2  2  1  1  1  1  1  0  2  0  1
 35 * Text                  19   2 24 15   0  0  0  0  0  0  1  0  0  0  0  0  0  1  1  0  0  1  0  0  0  2  0  0  0  1  0  1  1  1  1  1  0  1  1  1  1  0  1  0  2  1
 36 Always Switchin'        18   2 25 14   0  0  0  0  0  0  0  0  0  0  0  0  0  0  0  0  0  1  0  0  0  1  0  0  0  1  0  1  0  1  1  1  2  1  1  1  1  1  1  2  1  1
 37 * Switch A Lot          18   1 24 16   1  0  0  0  0  0  0  0  0  0  0  0  0  0  0  0  0  1  0  0  0  1  0  0  0  1  0  1  0  1  1  1  2  1  1  1  1  1  1  1  1  1
 38 Good Ole Rock           16   3 28 10   0  0  0  0  0  0  0  0  0  0  0  0  0  0  0  0  0  1  0  0  0  1  0  0  0  1  0  1  0  1  0  1  0  1  2  1  1  1  1  0  2  2
 39 Rotate R-P-S            15   1 27 13   0  0  0  0  0  0  0  0  0  0  0  0  0  0  0  0  0  1  0  0  0  1  0  0  0  1  0  1  0  1  0  1  1  2  1  1  1  1  1  1  0  1
 40 Beat Frequent Pick      15   4 30  7   0  0  0  0  0  0  0  0  0  0  0  0  0  0  0  0  0  0  0  0  0  1  0  0  0  1  0  1  0  1  0  1  0  0  2  0  1  2  1  1  2  2
 41 * Anti-Flat             13   3 31  7   0  0  0  0  0  0  0  0  0  0  0  0  0  0  0  0  0  2  0  0  0  1  0  0  0  0  0  1  0  1  0  1  0  2  0  1  1  0  2  0  1  1
 42 R-P-S 20-20-60          12   0 29 12   0  0  0  0  0  0  0  0  0  0  0  0  0  0  0  0  0  1  0  0  0  1  0  0  0  1  0  1  0  1  0  1  0  1  1  1  1  0  1  0  1  1


   Yomi AI is match ranked 7

 Tournament results:
    Player Name          total 
  1 Yomi AI               4381 
 15 * Anti-rotn           4611 
 19 Iocaine Powder       10916 
 20 Phasenbott           10184 
 21 MegaHAL               9695 
 22 RussRocker4           7705 
 23 Biopic                8323 
 24 Simple Modeller       8307 
 25 Simple Predictor      7778 
 26 Robertot              7791 
 27 Boom                  7199 
 28 Shofar                6388 
 29 ACT-R Lag2            6965 
 30 Majikthise            5090 
 31 Vroomfondel           4655 
 32 Granite               6547 
 33 Marble                6498 
 34 ZQ Bot                6045 
 35 Sweet Rocky           5768 
 36 Piedra                5945 
 37 Mixed Strategy        4637 
 41 Bugbrain              5805 

   Yomi is tournament ranked 22

