 Playing 1 tournaments with 1000 trials per match...

 Yomi AI            vs Good Ole Rock       Match: 1000 (1000+   0-   0=)
 Yomi AI            vs R-P-S 20-20-60      Match:  256 (502+ 246- 252=)
 Yomi AI            vs Rotate R-P-S        Match:  928 (935+   7-  58=)
 Yomi AI            vs Beat The Last Move  Match:  106 (401+ 295- 304=)
 Yomi AI            vs Always Switchin'    Match:  204 (465+ 261- 274=)
 Yomi AI            vs Beat Frequent Pick  Match:  530 (698+ 168- 134=)
 Yomi AI            vs * Pi                Match:  -18 (337+ 355- 308=)
 Yomi AI            vs * Switch A Lot      Match:  126 (391+ 265- 344=)
 Yomi AI            vs * Flat              Match:   45 (354+ 309- 337=)
 Yomi AI            vs * Anti-Flat         Match:  938 (946+   8-  46=)
 Yomi AI            vs * Foxtrot           Match:  361 (564+ 203- 233=)
 Yomi AI            vs * De Bruijn         Match:   59 (367+ 308- 325=)
 Yomi AI            vs * Text              Match:  124 (414+ 290- 296=)
 Yomi AI            vs * Anti-rotn         Match:  -23 (327+ 350- 323=)
 Yomi AI            vs * Copy-drift        Match:  -17 (328+ 345- 327=)
 Yomi AI            vs * Add-react         Match:   28 (350+ 322- 328=)
 Yomi AI            vs * Add-drift         Match:  -20 (324+ 344- 332=)
 Yomi AI            vs Iocaine Powder      Match:    3 (328+ 325- 347=)
 Yomi AI            vs Phasenbott          Match:  -55 (311+ 366- 323=)
 Yomi AI            vs MegaHAL             Match:   63 (369+ 306- 325=)
 Yomi AI            vs RussRocker4         Match:   21 (344+ 323- 333=)
 Yomi AI            vs Biopic              Match:   16 (348+ 332- 320=)
 Yomi AI            vs Simple Modeller     Match:   59 (362+ 303- 335=)
 Yomi AI            vs Simple Predictor    Match:   45 (380+ 335- 285=)
 Yomi AI            vs Robertot            Match:   10 (336+ 326- 338=)
 Yomi AI            vs Boom                Match:   49 (360+ 311- 329=)
 Yomi AI            vs Shofar              Match:   57 (378+ 321- 301=)
 Yomi AI            vs ACT-R Lag2          Match:   63 (371+ 308- 321=)
 Yomi AI            vs Majikthise          Match:  -16 (334+ 350- 316=)
 Yomi AI            vs Vroomfondel         Match:    6 (335+ 329- 336=)
 Yomi AI            vs Granite             Match:  100 (427+ 327- 246=)
 Yomi AI            vs Marble              Match:   35 (384+ 349- 267=)
 Yomi AI            vs ZQ Bot              Match:  109 (428+ 319- 253=)
 Yomi AI            vs Sweet Rocky         Match:   72 (397+ 325- 278=)
 Yomi AI            vs Piedra              Match:   55 (380+ 325- 295=)
 Yomi AI            vs Mixed Strategy      Match:   64 (373+ 309- 318=)
 Yomi AI            vs Multi-strategy      Match:  361 (573+ 212- 215=)
 Yomi AI            vs Inocencio           Match:   60 (386+ 326- 288=)
 Yomi AI            vs Peterbot            Match:   51 (366+ 315- 319=)
 Yomi AI            vs Bugbrain            Match:   17 (343+ 326- 331=)
 Yomi AI            vs Knucklehead         Match:  433 (607+ 174- 219=)
 Final results (draw value = 50):

 Tournament results: 

    Player Name          total     1    2    3    4    5    6    7    8    9   10   11   12   13   14   15   16   17   18   19   20   21   22   23   24   25   26   27   28   29   30   31   32   33   34   35   36   37   38   39   40   41   42
  1 Iocaine Powder       11428     0  186   45   79   48  523   39  170   30   63  237    7  209   -3   -2   30   33  287   68   -4   38   71  355    1    4  819   50  134  347  178  111  558   30  261 1000  231  354  881  993  989  992  986
  2 Phasenbott           10056  -186    0   22   65   29  519   72  133   22    0  191   -9  231   55   30   47   92  260   91   11    7   53  220  -20   45  165  133   90  399   90   94  427   57  308  998  238  183  931  984  989  995  995
  3 Simple Modeller       9515   -45  -22    0  -46   44  -15   17  250   30    0   89   20  150  -59   33   30   24  303   45  -62  -16  185  189  -23  -21  792  266  260    9   48  131  278  242   87  931  453  352  594  991  992  999  990
  4 MegaHAL               9456   -79  -65   46    0    5  112   28   59   28   20  249  -37  196  -63   -6   29   36  227   46  -48   44   55  174  -23    5  211  195  126   71  111  133  326  238  388  895  447  373  935  985  989  999  996
  5 Biopic                8648   -48  -29  -44   -5    0  -28   25   57    9    9  139  -13  111  -16   -9    4   78  119   37   -1  -13   60  205  -14   16  138    2   75  407  162  146  503  151  101  745  345  330  914  996  992  998  994
  6 RussRocker4           7770  -523 -519   15 -112   28    0   46  105   28   22  173  -16  151  -21   14   83   32  159   42   27   12   45  198   -6  -35  165  119  143  150   92   59  465  146  389  940  292  285  594  994  994  998  997
  7 ACT-R Lag2            7721   -39  -72  -17  -28  -25  -46    0   85   44   47  130  -20   98  -63   49   32    0  122   15  -25   27   24  390  -22  -71  768   -6   35  -55  194  118  507  142   17  320  292  314  575  878  994  997  996
  8 Simple Predictor      7683  -170 -133 -250  -59  -57 -105  -85    0    7  -32   70    5   48  -45   25   20   53  177   34  -28  -14   38  191  -14  -73  428  296  292    6  105  166  267  168  129  828  419  425  588  985  986  995  997
  9 Boom                  7367   -30  -22  -30  -28   -9  -28  -44   -7    0   -4  -62  -29   86  -49  -16   37   44   69   41   21  -17   11  194   -8   10  137   26   24    1   18  150  396  207  126  627  438  362  753  989  990  997  996
 10 Robertot              7102   -63    0    0  -20   -9  -22  -47   32    4    0   33   -8   80  -10  -31   52   66   74   46   -7  -28   21  232   -3  -36   45  -35   63  -11   19  172  370  105   92  368  484  400  855  837  992  996  994
 11 Granite               6604  -237 -191  -89 -249 -139 -173 -130  -70   62  -33    0  -67   42 -100  -71   15   29    2   46  -36  -18   46  276  -40  -15  650   58   62    5  217  178  313  113   92  915  183  389  591  992  992  999  995
 12 Shofar                6569    -7    9  -20   37   13   16   20   -5   29    8   67    0   54  -57   20   36   57   96   42   -7  -57   95  125   38  -39   61   -3   88  -18    4  168  184  228   90   98  454  294  558  874  947  984  988
 13 Marble                6444  -209 -231 -150 -196 -111 -151  -98  -48  -86  -80  -42  -54    0  -35  -93   34   88   15   54  -33  -13   16  290   -5 -103  651   28   32    5  171  175  240  153  145  918  210  384  592  992  998  998  993
 14 Yomi AI               6305     3  -55   59   63   16   21   63   45   49   10  100   57   35    0   17   55   72  109  -23  -16    6   64  361  -18   59   60  -20  -17  361   45  124  433  126   28   51  204  256  530  106  928 1000  938
 15 Bugbrain              6149     2  -30  -33    6    9  -14  -49  -25   16   31   71  -20   93  -17    0   29   47  172   56  -29   -6   89   22  -23   31    8  122   67   37   37   58  179  130   97  316  221  195  407  948  972  974  953
 16 Piedra                5935   -30  -47  -30  -29   -4  -83  -32  -20  -37  -52  -15  -36  -34  -55  -29    0  -43  -58   13  -40  -11  -34   96   -2   21  -40   34   54   23  117  179  177  133  384  227  309  355  590  996  996  998  994
 17 Sweet Rocky           5774   -33  -92  -24  -36  -78  -32    0  -53  -44  -66  -29  -57  -88  -72  -47   43    0  -37  -59  -42  -20  -27  116   10    8  -38   68   27  -28  197  149  211  155  373  146  302  396  595  998  992  996  994
 18 ZQ Bot                5654  -287 -260 -303 -227 -119 -159 -122 -177  -69  -74   -2  -96  -15 -109 -172   58   37    0   57  -79  -56   32  198  -19    9  330   52   38   37  169  176  234  178  248  916  280  378  593  998  990  996  995
 19 * Anti-rotn           5309   -68  -91  -45  -46  -37  -42  -15  -34  -41  -46  -46  -42  -54   23  -56  -13   59  -57    0   21  -13    9  253  -36  -47  527  -24  -19  -36  182   59   48  307   33   50  500  160  499  494  999 1000  994
 20 Majikthise            4733     4  -11   62   48    1  -27   25   28  -21    7   36    7   33   16   29   40   42   79  -21    0  -54   53  154  -37    8  112   -1  -32    9   60    8  209  106   30    7  196  139  428  -10  992  995  984
 21 Vroomfondel           4725   -38   -7   16  -44   13  -12  -27   14   17   28   18   57   13   -6    6   11   20   56   13   54    0   30  163  -16    7   61    0   -7   20   21    7  235  149  -50   24  263  138  484   12  991  993  998
 22 Mixed Strategy        4531   -71  -53 -185  -55  -60  -45  -24  -38  -11  -21  -46  -95  -16  -64  -89   34   27  -32   -9  -53  -30    0   54  -42  -55   38  -29   16   -6  156  174  127   93   99   17   64  401  470  966  951  995  978
 23 Multi-strategy        1999  -355 -220 -189 -174 -205 -198 -390 -191 -194 -232 -276 -125 -290 -361  -22  -96 -116 -198 -253 -154 -163  -54    0  -20  -50 -115  -20  266  -13  150  123   48  313   12  -74  452  392  999  997  997  999  999
 24 * Pi                   346    -1   20   23   23   14    6   22   14    8    3   40  -38    5   18   23    2  -10   19   36   37   16   42   20    0    1   11  -21   -6   78    5  -81    8  -13  -18   16   29  -23   30   22  -11  -11  -12
 25 * De Bruijn            217    -4  -45   21   -5  -16   35   71   73  -10   36   15   39  103  -59  -31  -21   -8   -9   47   -8   -7   55   50   -1    0    4    7    1  -38  -33   23  -31  -28  -17   -2  -21   -5  128   -1   21    0 -112
 26 Inocencio              180  -819 -165 -792 -211 -138 -165 -768 -428 -137  -45 -650  -61 -651  -60   -8   40   38 -330 -527 -112  -61  -38  115  -11   -4    0    4   49  301  167  161  267   49  106  132  328  384  360  929  974  976  981
 27 * Add-drift          -1406   -50 -133 -266 -195   -2 -119    6 -296  -26   35  -58    3  -28   20 -122  -34  -68  -52   24    1    0   29   20   21   -7   -4    0  -49   38  -49    1  -12   21   36    9  -10  -18  -20   21  -50    9  -32
 28 * Copy-drift         -1863  -134  -90 -260 -126  -75 -143  -35 -292  -24  -63  -62  -88  -32   17  -67  -54  -27  -38   19   32    7  -16 -266    6   -1  -49   49    0   23   -7   13  -61   19  -12   -1   -9   13    8   -6  -47    0   16
 29 * Foxtrot            -2158  -347 -399   -9  -71 -407 -150   55   -6   -1   11   -5   18   -5 -361  -37  -23   28  -37   36   -9  -20    6   13  -78   38 -301  -38  -23    0   -5   19    5  -24  -29   10   18   -8    4   -8  -53    1   34
 30 * Flat               -2622  -178  -90  -48 -111 -162  -92 -194 -105  -18  -19 -217   -4 -171  -45  -37 -117 -197 -169 -182  -60  -21 -156 -150   -5   33 -167   49    7    5    0   10   22   24   16 -200  -24   17  260  207   42    1 -376
 31 * Text               -3354  -111  -94 -131 -133 -146  -59 -118 -166 -150 -172 -178 -168 -175 -124  -58 -179 -149 -176  -59   -8   -7 -174 -123   81  -23 -161   -1  -13  -19  -10    0  -19   -6   -3   18    0    2 -185  -74  -11 -185  113
 32 Knucklehead          -3398  -558 -427 -278 -326 -503 -465 -507 -267 -396 -370 -313 -184 -240 -433 -179 -177 -211 -234  -48 -209 -235 -127  -48   -8   31 -267   12   61   -5  -22   19    0  -16   69   -9   21   22  135  527  800  967 1000
 33 * Switch A Lot       -3496   -30  -57 -242 -238 -151 -146 -142 -168 -207 -105 -113 -228 -153 -126 -130 -133 -155 -178 -307 -106 -149  -93 -313   13   28  -49  -21  -19   24  -24    6   16    0   26  -83  -22  -28   18  300  -23   -8   20
 34 * Add-react          -3631  -261 -308  -87 -388 -101 -389  -17 -129 -126  -92  -92  -90 -145  -28  -97 -384 -373 -248  -33  -30   50  -99  -12   18   17 -106  -36   12   29  -16    3  -69  -26    0  -44    3   30   18   45  -50  -14   34
 35 Peterbot             -6148  -1000 -998 -931 -895 -745 -940 -320 -828 -627 -368 -915  -98 -918  -51 -316 -227 -146 -916  -50   -7  -24  -17   74  -16    2 -132   -9    1  -10  200  -18    9   83   44    0  219  328  435  982  997 1000 1000
 36 Always Switchin'     -7286  -231 -238 -453 -447 -345 -292 -292 -419 -438 -484 -183 -454 -210 -204 -221 -309 -302 -280 -500 -196 -263  -64 -452  -29   21 -328   10    9  -18   24    0  -21   22   -3 -219    0   11   18  510   -7    0   -9
 37 R-P-S 20-20-60       -8722  -354 -183 -352 -373 -330 -285 -314 -425 -362 -400 -389 -294 -384 -256 -195 -355 -396 -378 -160 -139 -138 -401 -392   23    5 -384   18  -13    8  -17   -2  -22   28  -30 -328  -11    0 -369 -181   26 -431  213
 38 Beat Frequent Pick  -14400  -881 -931 -594 -935 -914 -594 -575 -588 -753 -855 -591 -558 -592 -530 -407 -590 -595 -593 -499 -428 -484 -470 -999  -30 -128 -360   20   -8   -4 -260  185 -135  -18  -18 -435  -18  369    0 -600    0  999  997
 39 Beat The Last Move  -19671  -993 -984 -991 -985 -996 -994 -878 -985 -989 -837 -992 -874 -992 -106 -948 -996 -998 -998 -494   10  -12 -966 -997  -22    1 -929  -21    6    8 -207   74 -527 -300  -45 -982 -510  181  600    0    1 1000  996
 40 Rotate R-P-S        -25930  -989 -989 -992 -989 -992 -994 -994 -986 -990 -992 -992 -947 -998 -928 -972 -996 -992 -990 -999 -992 -991 -951 -997   11  -21 -974   50   47   53  -42   11 -800   23   50 -997    7  -26    0   -1    0    0 -669
 41 Good Ole Rock       -26199  -992 -995 -999 -999 -998 -998 -997 -995 -997 -996 -999 -984 -998 -1000 -974 -998 -996 -996 -1000 -995 -993 -995 -999   11    0 -976   -9    0   -1   -1  185 -967    8   14 -1000    0  431 -999 -1000    0    0  998
 42 * Anti-Flat         -27936  -986 -995 -990 -996 -994 -997 -996 -997 -996 -994 -995 -988 -993 -938 -953 -994 -994 -995 -994 -984 -998 -978 -999   12  112 -981   32  -16  -34  376 -113 -1000  -20  -34 -1000    9 -213 -997 -996  669 -998    0

 Match results (draw <= 50): 

    Player Name           total  W  L  D   1  2  3  4  5  6  7  8  9 10 11 12 13 14 15 16 17 18 19 20 21 22 23 24 25 26 27 28 29 30 31 32 33 34 35 36 37 38 39 40 41 42
  1 Phasenbott              69  29  1 11   1  0  2  1  2  2  1  1  1  1  1  2  1  1  2  1  2  2  2  2  1  2  2  1  2  2  2  2  2  2  2  2  2  2  2  2  2  2  2  2  2  2
  2 Iocaine Powder          67  26  0 15   2  1  1  1  2  2  1  1  1  2  1  1  1  1  2  1  2  2  1  2  1  2  2  1  2  2  1  2  2  2  2  2  2  2  1  2  2  2  2  2  2  2
  3 Yomi AI                 64  24  1 16   0  1  1  1  2  1  2  1  2  1  1  2  1  1  1  2  1  2  2  1  2  2  2  1  2  2  1  2  2  1  2  1  1  2  2  2  2  2  2  2  2  2
  4 Biopic                  64  23  0 18   1  1  1  1  1  1  1  1  1  1  1  1  1  1  2  1  1  2  2  2  1  2  2  1  2  2  1  2  2  2  2  2  2  2  2  2  2  2  2  2  2  2
  5 MegaHAL                 62  24  3 14   0  0  0  1  1  2  1  1  1  1  1  1  1  1  2  1  1  2  1  2  1  2  2  1  2  2  2  2  2  2  2  2  2  2  2  2  2  2  2  2  2  2
  6 RussRocker4             61  23  3 15   0  0  1  1  0  1  1  1  1  1  1  1  1  1  2  2  1  2  1  2  1  2  1  1  2  2  2  2  2  2  2  2  2  2  2  2  2  2  2  2  2  2
  7 Simple Modeller         60  21  2 18   1  1  0  1  1  1  1  1  1  1  1  1  0  1  2  1  1  2  1  2  1  2  2  1  2  1  2  2  2  2  2  1  2  2  2  2  2  2  2  2  2  2
  8 Bugbrain                60  19  0 22   1  1  1  1  1  1  1  1  1  1  1  1  1  1  1  1  2  2  1  2  1  2  2  1  1  1  2  2  1  2  2  1  2  2  2  2  2  2  2  2  2  2
  9 Shofar                  59  20  2 19   1  1  0  1  1  1  1  1  1  1  1  1  1  0  1  1  1  2  2  2  1  2  2  1  2  1  1  2  2  2  2  1  2  2  2  2  2  2  2  2  2  2
 10 Robertot                58  18  1 22   1  0  1  1  1  1  1  1  1  1  1  1  1  1  1  2  1  1  2  2  1  2  1  1  1  1  1  2  2  2  2  1  2  2  2  2  2  2  2  2  2  2
 11 Boom                    56  16  1 24   1  1  1  1  1  1  1  1  1  1  1  1  1  1  1  1  1  0  1  2  1  2  1  1  2  1  1  2  2  1  2  1  2  2  2  2  2  2  2  2  2  2
 12 ACT-R Lag2              55  18  4 19   0  1  0  1  1  1  1  1  1  1  1  1  1  1  2  1  1  2  1  2  0  2  1  1  2  0  1  2  2  1  2  2  1  2  2  2  2  2  2  2  2  2
 13 Majikthise              54  14  1 26   1  1  1  1  1  1  2  1  1  1  1  1  1  0  1  1  1  1  1  1  1  2  2  1  2  1  1  1  2  1  2  2  1  1  2  1  2  2  2  2  2  2
 14 Vroomfondel             54  13  0 28   1  1  1  1  1  1  1  1  2  1  1  1  2  1  1  1  1  1  1  1  1  2  1  1  2  1  1  1  2  1  2  1  1  1  2  1  2  2  2  2  2  2
 15 Simple Predictor        53  20  8 13   0  0  1  0  0  0  0  1  1  1  1  0  1  1  1  1  1  2  2  1  0  2  1  1  2  1  2  2  2  2  2  2  2  2  2  2  2  2  2  2  2  2
 16 Piedra                  52  15  4 22   1  1  0  1  1  0  1  1  1  0  1  1  1  1  1  1  1  1  1  1  1  0  1  1  1  1  1  2  2  2  2  2  2  2  2  2  2  2  2  2  2  2
 17 * Anti-rotn             49  13  5 23   0  0  1  1  1  1  1  0  1  1  1  1  1  1  1  1  1  1  2  0  1  0  1  1  2  1  1  1  2  1  1  2  1  2  2  2  2  2  2  2  2  2
 18 Granite                 48  18 11 12   0  0  0  0  0  0  0  0  0  1  2  0  1  1  0  1  1  1  1  1  1  1  1  1  2  1  2  2  2  2  2  2  2  2  2  2  2  2  2  2  2  2
 19 Sweet Rocky             48  15  8 18   0  1  0  0  1  1  1  1  0  0  1  1  1  1  0  1  0  1  1  0  1  1  1  1  1  1  2  2  2  1  2  2  2  2  2  2  2  2  2  2  2  2
 20 Marble                  46  17 12 12   0  0  1  0  0  0  0  0  0  0  0  0  1  1  1  1  2  1  2  1  0  1  1  1  2  1  1  2  2  1  2  2  2  2  2  2  2  2  2  2  2  2
 21 * De Bruijn             44   5  2 34   1  1  0  1  1  1  1  1  1  1  1  2  1  1  2  1  1  1  1  2  1  1  2  1  1  1  1  1  1  1  1  1  1  1  1  1  1  1  2  1  1  0
 22 ZQ Bot                  44  18 15  8   0  0  0  0  0  0  0  0  0  0  0  0  0  0  0  2  2  1  1  1  1  1  1  1  2  1  2  2  2  1  2  2  2  2  2  2  2  2  2  2  2  2
 23 Mixed Strategy          44  13 10 18   0  0  0  0  0  1  0  0  0  1  1  1  0  1  1  1  1  1  1  1  0  1  1  1  1  1  1  1  2  1  2  2  2  2  2  2  2  2  2  2  2  2
 24 * Pi                    41   1  1 39   1  1  1  1  1  1  1  1  1  1  1  1  1  1  1  1  1  1  1  1  1  1  1  1  1  2  1  1  1  1  1  1  1  1  1  0  1  1  1  1  1  1
 25 Inocencio               38  14 17 10   0  0  0  0  0  0  0  1  0  1  0  0  0  0  0  1  0  0  1  0  1  0  1  1  1  2  1  2  2  1  2  2  2  2  1  2  2  2  2  2  2  2
 26 * Foxtrot               33   1  9 31   0  0  0  0  0  0  1  1  1  1  1  2  1  1  1  1  1  1  1  1  1  1  1  0  0  1  1  1  1  1  1  1  1  1  1  1  1  1  1  0  1  1
 27 * Add-drift             32   0  9 32   0  1  1  1  0  0  0  0  1  1  1  1  1  1  0  1  1  0  0  1  1  0  1  1  1  1  1  1  1  1  1  1  1  1  1  1  1  1  1  1  1  1
 28 Peterbot                32  10 19 12   0  0  0  0  0  0  0  0  0  0  0  0  1  1  0  0  1  0  0  0  1  0  1  1  0  1  1  1  2  1  1  2  1  2  2  1  2  2  2  2  2  2
 29 Multi-strategy          29  11 23  7   0  0  0  0  0  0  0  1  0  0  0  0  0  0  0  0  0  0  0  0  1  0  0  1  0  1  1  0  1  2  1  2  1  2  2  2  2  2  2  2  2  2
 30 * Copy-drift            27   0 14 27   0  0  1  0  0  0  0  0  0  0  1  1  1  1  0  0  1  0  1  1  1  1  1  1  1  1  1  1  0  1  0  1  1  1  1  1  1  1  1  1  1  1
 31 Knucklehead             26   7 22 12   0  0  0  0  0  0  0  0  0  0  0  0  0  0  0  0  1  0  0  0  1  0  0  1  0  1  1  1  1  2  1  1  2  2  1  1  1  2  2  2  1  2
 32 * Flat                  24   2 19 20   0  0  1  0  0  0  1  1  1  1  1  0  0  1  0  0  0  0  0  0  1  0  0  1  0  1  1  0  0  1  1  1  1  2  1  1  1  1  2  1  1  0
 33 * Add-react             22   0 19 22   0  0  1  0  0  0  0  0  0  0  0  1  1  1  0  0  1  0  0  0  1  0  0  1  0  1  1  1  1  1  0  1  1  1  1  1  1  1  1  1  1  1
 34 Beat The Last Move      19   5 27  9   0  0  0  0  0  0  0  0  0  0  0  0  1  1  0  0  0  0  0  0  1  0  0  1  0  1  1  0  0  1  0  0  1  1  0  2  0  2  2  1  2  2
 35 * Switch A Lot          19   1 23 17   0  1  0  0  0  0  0  0  0  0  0  0  0  0  0  0  0  0  0  0  1  0  0  1  1  1  1  0  0  1  1  1  1  2  1  1  1  1  1  1  1  1
 36 * Text                  18   2 25 14   0  0  0  0  0  0  0  0  0  0  0  0  1  1  0  0  0  0  0  0  1  0  0  2  0  1  1  1  0  1  1  1  1  0  1  1  1  0  0  1  1  2
 37 Always Switchin'        17   1 25 15   0  0  0  0  0  0  0  0  0  0  0  0  0  0  0  0  0  0  0  0  1  0  0  1  0  1  1  0  0  1  1  1  1  2  1  1  1  1  1  1  1  1
 38 Good Ole Rock           16   3 28 10   0  0  0  0  0  0  0  0  0  0  0  0  0  0  0  0  0  0  0  0  1  0  0  1  0  1  1  0  0  1  0  1  1  0  1  2  1  1  0  1  2  2
 39 Beat Frequent Pick      16   4 29  8   0  0  0  0  0  0  0  0  0  0  0  0  0  0  0  0  0  0  0  0  0  0  0  1  0  1  1  0  0  1  0  0  1  0  1  2  1  2  1  1  2  2
 40 Rotate R-P-S            15   1 27 13   0  0  0  0  0  0  0  0  0  0  0  0  0  0  0  0  0  0  0  0  1  0  0  1  0  2  1  0  0  1  0  1  1  1  1  1  1  1  1  1  1  0
 41 R-P-S 20-20-60          14   1 28 12   0  0  0  0  0  0  0  0  0  0  0  0  0  0  0  0  0  0  0  0  1  0  0  1  0  1  1  0  0  1  1  1  1  0  1  1  1  0  0  1  1  2
 42 * Anti-Flat             13   3 31  7   0  0  0  0  0  0  0  0  0  0  0  0  0  0  0  0  0  0  0  0  2  0  0  1  0  1  1  0  0  1  0  2  1  0  1  0  1  0  0  2  0  1


   Yomi AI is match ranked 3

 Tournament results:
    Player Name          total 
  1 Yomi AI               6305 
 19 Iocaine Powder       11428 
 20 Phasenbott           10056 
 21 MegaHAL               9456 
 22 RussRocker4           7770 
 23 Biopic                8648 
 24 Simple Modeller       9515 
 25 Simple Predictor      7683 
 26 Robertot              7102 
 27 Boom                  7367 
 28 Shofar                6569 
 29 ACT-R Lag2            7721 
 32 Granite               6604 
 33 Marble                6444 

   Yomi is tournament ranked 14

