 Playing 1 tournaments with 1000 trials per match...

 Yomi AI            vs Good Ole Rock       Match: 1000 (1000+   0-   0=)
 Yomi AI            vs R-P-S 20-20-60      Match:  212 (481+ 269- 250=)
 Yomi AI            vs Rotate R-P-S        Match:  536 (766+ 230-   4=)
 Yomi AI            vs Beat The Last Move  Match:   22 (346+ 324- 330=)
 Yomi AI            vs Always Switchin'    Match:  140 (451+ 311- 238=)
 Yomi AI            vs Beat Frequent Pick  Match:  466 (688+ 222-  90=)
 Yomi AI            vs * Pi                Match:   -9 (337+ 346- 317=)
 Yomi AI            vs * Switch A Lot      Match:  107 (406+ 299- 295=)
 Yomi AI            vs * Flat              Match:   46 (364+ 318- 318=)
 Yomi AI            vs * Anti-Flat         Match:  537 (761+ 224-  15=)
 Yomi AI            vs * Foxtrot           Match:  305 (544+ 239- 217=)
 Yomi AI            vs * De Bruijn         Match:    4 (353+ 349- 298=)
 Yomi AI            vs * Text              Match:  109 (407+ 298- 295=)
 Yomi AI            vs * Anti-rotn         Match:   20 (336+ 316- 348=)
 Yomi AI            vs * Copy-drift        Match:  -13 (319+ 332- 349=)
 Yomi AI            vs * Add-react         Match:   19 (347+ 328- 325=)
 Yomi AI            vs * Add-drift         Match:   -5 (334+ 339- 327=)
 Yomi AI            vs Iocaine Powder      Match:   13 (345+ 332- 323=)
 Yomi AI            vs Phasenbott          Match:  -27 (323+ 350- 327=)
 Yomi AI            vs MegaHAL             Match:  -39 (329+ 368- 303=)
 Yomi AI            vs RussRocker4         Match:  -18 (342+ 360- 298=)
 Yomi AI            vs Biopic              Match:   50 (371+ 321- 308=)
 Yomi AI            vs Simple Modeller     Match:  -26 (343+ 369- 288=)
 Yomi AI            vs Simple Predictor    Match:   25 (362+ 337- 301=)
 Yomi AI            vs Robertot            Match:   51 (366+ 315- 319=)
 Yomi AI            vs Boom                Match:   12 (349+ 337- 314=)
 Yomi AI            vs Shofar              Match:  -12 (334+ 346- 320=)
 Yomi AI            vs ACT-R Lag2          Match:   29 (361+ 332- 307=)
 Yomi AI            vs Majikthise          Match:   39 (360+ 321- 319=)
 Yomi AI            vs Vroomfondel         Match:  -17 (330+ 347- 323=)
 Yomi AI            vs Granite             Match:  137 (460+ 323- 217=)
 Yomi AI            vs Marble              Match:  113 (443+ 330- 227=)
 Yomi AI            vs ZQ Bot              Match:   68 (423+ 355- 222=)
 Yomi AI            vs Sweet Rocky         Match:   61 (376+ 315- 309=)
 Yomi AI            vs Piedra              Match:   32 (373+ 341- 286=)
 Yomi AI            vs Mixed Strategy      Match:   41 (385+ 344- 271=)
 Yomi AI            vs Multi-strategy      Match:  180 (461+ 281- 258=)
 Yomi AI            vs Inocencio           Match:   28 (388+ 360- 252=)
 Yomi AI            vs Peterbot            Match:  -50 (334+ 384- 282=)
 Yomi AI            vs Bugbrain            Match:   -3 (337+ 340- 323=)
 Yomi AI            vs Knucklehead         Match:  397 (609+ 212- 179=)
 Final results (draw value = 50):

 Tournament results: 

    Player Name          total     1    2    3    4    5    6    7    8    9   10   11   12   13   14   15   16   17   18   19   20   21   22   23   24   25   26   27   28   29   30   31   32   33   34   35   36   37   38   39   40   41   42
  1 Iocaine Powder       10887     0   54   82   21   29  520   12  191  238   56   56  233   71   -6   29  317   64   30   17   41  -13   21  279   16  181    8  226  327  196  213  129  594  244   67  864  237  388  902  983  984  992  994
  2 Phasenbott           10170   -54    0   70   47   79  502   61  136  222   29   90  226   81   -1   33  251   53   31  -24   82   27   82  217    4  220  -10  102  376   59   49   63  325  361  126  998  196  182  915  986  996  996  986
  3 MegaHAL               9958   -82  -70    0  -19   11  123   46   47  239   25   90  276   36  -26   27  231   64   31   47    6   39   43  197   17  214    2  187  100   81  182  142  429  276  279  885  436  418  963  990  986  999  991
  4 Simple Modeller       9024   -21  -47   19    0   18  -44  -27  306   63   23   59   79   25   29   67  279   96  109    1  -10   26   45  201  -18  785   14  204   -7  233   91  129  288  103  183  328  423  391  592  994  997  998 1000
  5 Biopic                8084   -29  -79  -11  -18    0   14   11   26  103  -35   15  114   16  -15  -29   63   42   48   23   17  -50   66  223   13  157   -9   -6  365  114  147  131  514   34  164  749  283  425  505  998  996  996  993
  6 RussRocker4           7828  -520 -502 -123   44  -14    0  -19  153  114   31   60  136   16   14   -1  154   89   33   -4   31   18  102  228  -61  155   34   50  189  155  127   57  455  373  130  887  251  408  594  994  995 1000  995
  7 Robertot              7609   -12  -61  -46   27  -11   19    0   62   -2   31   42   78  -22  -30   17   98   57   -6  -31  -31  -51   57  347  -16   68  -42   66   -3   94   68  162  351   90  100  610  453  358  915  808 1000  998  997
  8 Simple Predictor      7544  -191 -136  -47 -306  -26 -153  -62    0   20    0   60   45  -46  -44    0  167   44   85  -23  -39  -25   26  191  -79  521  -14  227   -4  263   92  149  335  126  188  797  430  413  592  986  990  993  999
  9 Marble                6997  -238 -222 -239  -63 -103 -114    2  -20    0   23   55   13 -108  -41  -63   56   62   51  -53  -30 -113    6  246  -46  653   -9   30   73   54  166  180  327  142  151  931  272  390  594  996  995  998  993
 10 Boom                  6761   -56  -29  -25  -23   35  -31  -31    0  -23    0   44   14  -48    6  -20   59   37   39   -3  -23  -12   54  244  -42   12   22   38  -41   60  -11  126  507   93  173  123  372  390  753  991  990  997 1000
 11 Sweet Rocky           6414   -56  -90  -90  -59  -15  -60  -42  -60  -55  -44    0  -74  -59  -17  -29  -43   -3   33  -63  -36  -61   42   56  -83  794   11   52  -26    5   90  162  202  367  139  271  287  394  592  991  996  995 1000
 12 Granite               6373  -233 -226 -276  -79 -114 -136  -78  -45  -13  -14   74    0  -87  -88  -30   20   60   26   23  -50 -137   30  241  -36  653  -19   28   23   49  103  178  286  108  177  712  249  413  594  994  993 1000 1000
 13 ACT-R Lag2            6293   -71  -81  -36  -25  -16  -16   22   46  108   48   59   87    0   51   10  130   51   36   42   42  -29  140  244  -94  110  -24   19   19  -20  120   63  492   50  193  243  263  357  578   90  997  999  996
 14 Shofar                6147     6    1   26  -29   15  -14   30   44   41   -6   17   88  -51    0  -37   29    8   53    4   10   12   42  125  -74   67   -9   17   38   61  102  146   70  -19  154  134  412  287  557  876  951  979  984
 15 Bugbrain              6086   -29  -33  -27  -67   29    1  -17    0   63   20   29   30  -10   37    0  162   37   33  -45  -30    3   97  145  -24   55    3  133   -8   75   27   54  151   95  123  273  237  195  379  967  941 1000  982
 16 ZQ Bot                5697  -317 -251 -231 -279  -63 -154  -98 -167  -56  -59   43  -20 -130  -29 -162    0   51   48  -30  -69  -68    8  262  -28  -53    6   63   20   46  109  137  287  436  137  989  356  397  594  993  995  997  987
 17 * Anti-rotn           5626   -64  -53  -64  -96  -42  -89  -57  -44  -62  -37    3  -60  -51   -8  -37  -51    0   22   17   13  -20   13  247  -38  758  -49   39    6  -17  203   52   59   15  345   34  494  162  597  492  998  997  999
 18 Piedra                5574   -30  -31  -31 -109  -48  -33    6  -85  -51  -39  -33  -26  -36  -53  -33  -48  -22    0  -64  -44  -32   -6  143  -14  -28   -4   29   30   32  202  154  257  212  104  193  159  380  594  991  996  997  995
 19 Majikthise            4836   -17   24  -47   -1  -23    4   31   23   53    3   63  -23  -42   -4   45   30  -17   64    0   -3  -39   77  219   15  102   42  -23   35   39   56   46  190   11   60   40  227  147  438   19  990  994  988
 20 Vroomfondel           4678   -41  -82   -6   10  -17  -31   31   39   30   23   36   50  -42  -10   30   69  -13   44    3    0   17    7  224    6  121   19   30  -11   24  102    9  151  -38  126   39  237   84  450  -14  989  992  991
 21 Yomi AI               4580    13  -27  -39  -26   50  -18   51   25  113   12   61  137   29  -12   -3   68   20   32   39  -17    0   41  180    4   28   -9   -5  305  -13   46  109  397   19  107  -50  140  212  466   22  536 1000  537
 22 Mixed Strategy        4414   -21  -82  -43  -45  -66 -102  -57  -26   -6  -54  -42  -30 -140  -42  -97   -8  -13    6  -77   -7  -41    0  -42  -38  -20  -24   34   -5   25  -49  151   75   88   58  316   54  374  471  960  988  997  994
 23 Multi-strategy        2626  -279 -217 -197 -201 -223 -228 -347 -191 -246 -244  -56 -241 -244 -125 -145 -262 -247 -143 -219 -224 -180   42    0  -50  -85  -20  -19  -22  285  151  123   22   29  280  500  498  360  999  997  997  999  999
 24 * De Bruijn            757   -16   -4  -17   18  -13   61   16   79   46   42   83   36   94   74   24   28   38   14  -15   -6   -4   38   50    0   20   -1   23   -5   11  -31   23   -9   12   17  -18  -14   26  128   -1   21    0 -111
 25 Inocencio              639  -181 -220 -214 -785 -157 -155  -68 -521 -653  -12 -794 -653 -110  -67  -55   53 -758   28 -102 -121  -28   20   85  -20    0  -13  -21  286  154  154  151  246   59   90  109  276  384  340  967  984  980  981
 26 * Pi                    58    -8   10   -2  -14    9  -34   42   14    9  -22  -11   19   24    9   -3   -6   49    4  -42  -19    9   24   20    1   13    0   -1   38  -34    2  -81   13  -33   61   11    3  -33   30   22  -11  -11  -13
 27 * Add-drift          -1526  -226 -102 -187 -204    6  -50  -66 -227  -30  -38  -52  -28  -19  -17 -133  -63  -39  -29   23  -30    5  -34   19  -23   21    1    0   25   32  -43  -37  -21   33  -18  -52   44   38  -18   -6    5   24  -10
 28 * Foxtrot            -2125  -327 -376 -100    7 -365 -189    3    4  -73   41   26  -23  -19  -38    8  -20   -6  -30  -35   11 -305    5   22    5 -286  -38  -25    0   -2  -12  -24   24    2   30  -36  -22  -32   50    6    2   12    0
 29 * Copy-drift         -2240  -196  -59  -81 -233 -114 -155  -94 -263  -54  -60   -5  -49   20  -61  -75  -46   17  -32  -39  -24   13  -25 -285  -11 -154   34  -32    2    0    3   50 -118    9  -13  -48  -15  -37  -30   -5   10  -11   26
 30 * Flat               -2692  -213  -49 -182  -91 -147 -127  -68  -92 -166   11  -90 -103 -120 -102  -27 -109 -203 -202  -56 -102  -46   49 -151   31 -154   -2   43   12   -3    0    3  -13  -35   13 -198    7  -25  236  186    2    0 -409
 31 * Text               -3092  -129  -63 -142 -129 -131  -57 -162 -149 -180 -126 -162 -178  -63 -146  -54 -137  -52 -154  -46   -9 -109 -151 -123  -23 -151   81   37   24  -50   -3    0   -6  -25   32   29  -23  -20 -185  -74  -11 -185  113
 32 Knucklehead          -3162  -594 -325 -429 -288 -514 -455 -351 -335 -327 -507 -202 -286 -492  -70 -151 -287  -59 -257 -190 -151 -397  -75  -22    9 -246  -13   21  -24  118   13    6    0    2    4  -28   34  103  146  975  492 1000  990
 33 * Add-react          -3293  -244 -361 -276 -103  -34 -373  -90 -126 -142  -93 -367 -108  -50   19  -95 -436  -15 -212  -11   38  -19  -88  -29  -12  -59   33  -33   -2   -9   35   25   -2    0   18  -43  -18  -13  -11  -36   23   34   -8
 34 * Switch A Lot       -3507   -67 -126 -279 -183 -164 -130 -100 -188 -151 -173 -139 -177 -193 -154 -123 -137 -345 -104  -60 -126 -107  -58 -280  -17  -90  -61   18  -30   13  -13  -32   -4  -18    0 -122  -42  -15   34  371   48    5   12
 35 Peterbot             -5396  -864 -998 -885 -328 -749 -887 -610 -797 -931 -123 -271 -712 -243 -134 -273 -989  -34 -193  -40  -39   50 -316 -500   18 -109  -11   52   36   48  198  -29   28   43  122    0  239  420  437  982  997  999 1000
 36 Always Switchin'     -6934  -237 -196 -436 -423 -283 -251 -453 -430 -272 -372 -287 -249 -263 -412 -237 -356 -494 -159 -227 -237 -140  -54 -498   14 -276   -3  -44   22   15   -7   23  -34   18   42 -239    0  -42   29  506   -2    2    8
 37 R-P-S 20-20-60       -8966  -388 -182 -418 -391 -425 -408 -358 -413 -390 -390 -394 -413 -357 -287 -195 -397 -162 -380 -147  -84 -212 -374 -360  -26 -384   33  -38   32   37   25   20 -103   13   15 -420   42    0 -476 -158   22 -413  338
 38 Beat Frequent Pick  -13948  -902 -915 -963 -592 -505 -594 -915 -592 -594 -753 -592 -594 -578 -557 -379 -594 -597 -594 -438 -450 -466 -471 -999 -128 -340  -30   18  -50   30 -236  185 -146   11  -34 -437  -29  476    0 -600    0  999  997
 39 Beat The Last Move  -19238  -983 -986 -990 -994 -998 -994 -808 -986 -996 -991 -991 -994  -90 -876 -967 -993 -492 -991  -19   14  -22 -960 -997    1 -967  -22    6   -6    5 -186   74 -975   36 -371 -982 -506  158  600    0    1 1000 1000
 40 Rotate R-P-S        -25531  -984 -996 -986 -997 -996 -995 -1000 -990 -995 -990 -996 -993 -997 -951 -941 -995 -998 -996 -990 -989 -536 -988 -997  -21 -984   11   -5   -2  -10   -2   11 -492  -23  -48 -997    2  -22    0   -1    0    0 -652
 41 Good Ole Rock       -26349  -992 -996 -999 -998 -996 -1000 -998 -993 -998 -997 -995 -1000 -999 -979 -1000 -997 -997 -997 -994 -992 -1000 -997 -999    0 -980   11  -24  -12   11    0  185 -1000  -34   -5 -999   -2  413 -999 -1000    0    0  999
 42 * Anti-Flat         -27661  -994 -986 -991 -1000 -993 -995 -997 -999 -993 -1000 -1000 -1000 -996 -984 -982 -987 -999 -995 -988 -991 -537 -994 -999  111 -981   13   10    0  -26  409 -113 -990    8  -12 -1000   -8 -338 -997 -1000  652 -999    0

 Match results (draw <= 50): 

    Player Name           total  W  L  D   1  2  3  4  5  6  7  8  9 10 11 12 13 14 15 16 17 18 19 20 21 22 23 24 25 26 27 28 29 30 31 32 33 34 35 36 37 38 39 40 41 42
  1 Iocaine Powder          70  29  0 12   1  2  1  2  2  1  1  2  1  1  2  1  1  2  1  2  1  2  1  2  1  2  2  1  2  2  2  2  2  2  2  2  2  2  2  2  2  2  2  2  2  2
  2 Phasenbott              70  30  1 10   0  1  1  2  2  2  2  2  1  1  1  1  1  2  2  2  1  2  1  2  2  2  2  1  2  2  2  2  2  2  2  2  1  2  2  2  2  2  2  2  2  2
  3 Simple Modeller         66  25  0 16   1  1  1  1  1  1  1  1  2  1  1  1  1  2  1  2  2  2  1  2  1  2  2  1  2  1  2  2  2  2  2  2  2  2  2  2  2  2  2  2  2  2
  4 MegaHAL                 63  24  2 15   0  0  1  1  2  1  1  1  1  1  1  1  1  1  1  2  1  2  1  2  1  2  2  1  2  2  2  2  2  2  2  2  2  2  2  2  2  2  2  2  2  2
  5 RussRocker4             61  24  4 13   0  0  1  0  1  1  1  1  1  1  1  1  1  2  1  2  1  2  0  2  2  2  2  1  2  2  1  2  2  2  2  2  2  2  2  2  2  2  2  2  2  2
  6 Robertot                61  22  2 17   1  0  1  1  1  1  1  1  1  0  1  1  1  2  1  1  1  2  1  1  2  2  2  1  2  1  2  2  2  2  2  2  2  2  2  2  2  2  2  2  2  2
  7 Biopic                  60  20  1 20   1  0  1  1  1  1  1  1  1  1  1  1  1  1  1  2  1  2  1  1  2  1  2  1  2  2  1  2  2  2  1  2  2  2  2  2  2  2  2  2  2  2
  8 ACT-R Lag2              59  21  3 17   0  0  1  1  1  1  1  1  1  1  1  2  1  1  1  2  1  2  0  2  2  2  2  1  2  1  1  2  2  1  1  2  2  2  2  2  2  2  2  2  2  2
  9 Bugbrain                59  19  1 21   1  1  0  1  1  1  1  1  1  1  1  1  1  1  1  2  1  1  1  1  2  1  2  1  2  1  2  2  2  2  2  2  1  2  2  2  2  2  2  2  2  2
 10 Yomi AI                 57  16  0 25   1  1  1  1  1  2  1  1  1  1  1  1  1  1  1  2  1  2  1  2  1  1  2  1  1  2  1  2  1  1  1  2  1  1  2  2  2  2  2  2  2  2
 11 Boom                    56  16  1 24   0  1  1  1  1  1  1  1  1  1  1  1  1  1  1  1  1  1  1  1  2  1  2  1  1  1  1  2  2  2  2  2  1  2  2  2  2  2  2  2  2  2
 12 Shofar                  56  17  2 22   1  1  1  1  1  1  1  0  1  1  1  1  1  1  1  1  2  2  0  1  1  1  1  1  2  1  1  2  2  2  1  2  2  2  2  2  2  2  2  2  2  2
 13 Majikthise              56  15  0 26   1  1  1  1  1  1  1  1  1  1  1  1  1  1  1  2  2  1  1  2  2  1  1  1  2  1  1  2  1  1  1  2  2  1  1  2  2  2  2  2  2  2
 14 Simple Predictor        55  20  6 15   0  0  0  1  0  0  1  1  1  1  1  1  1  1  1  1  2  1  0  2  1  1  2  1  2  1  2  2  2  2  2  2  2  2  2  2  2  2  2  2  2  2
 15 Vroomfondel             52  12  1 28   1  0  1  1  1  1  1  1  1  1  1  1  1  1  1  1  1  1  1  1  1  1  2  1  2  1  1  2  1  1  1  2  2  1  1  2  2  2  2  2  2  2
 16 Marble                  52  21 10 10   0  0  0  0  0  1  0  0  0  0  1  1  0  1  1  1  2  1  1  2  1  2  2  1  2  2  1  2  2  2  2  2  2  2  2  2  2  2  2  2  2  2
 17 Piedra                  50  14  5 22   1  1  0  1  1  1  1  1  1  1  1  0  0  0  1  0  1  1  1  1  1  1  1  1  1  1  1  2  2  1  2  2  2  2  2  2  2  2  2  2  2  2
 18 Granite                 48  17 10 14   0  0  0  0  0  0  0  0  1  0  1  0  1  1  1  1  1  1  1  2  1  2  1  1  2  1  1  2  2  1  2  2  2  2  2  2  2  2  2  2  2  2
 19 * De Bruijn             46   6  1 34   1  1  1  1  2  1  1  2  1  1  1  2  1  2  1  1  1  1  1  2  1  1  1  1  1  1  1  1  1  1  1  1  1  1  1  1  2  1  1  1  1  0
 20 Sweet Rocky             45  16 12 13   0  0  0  0  0  1  1  0  1  0  1  1  0  0  1  0  1  0  0  1  1  1  1  1  2  1  2  2  2  1  2  2  2  2  2  2  2  2  2  2  2  2
 21 Mixed Strategy          45  12  8 21   1  0  1  1  0  0  0  0  0  1  0  1  0  1  1  1  1  1  1  1  1  1  1  1  1  1  1  1  2  1  2  2  1  2  2  2  2  2  2  2  2  2
 22 * Anti-rotn             44  13 10 18   0  0  0  0  0  0  1  0  1  1  1  1  1  1  1  0  1  0  1  1  1  1  0  1  2  1  1  2  1  1  1  2  2  2  2  2  2  2  2  2  2  2
 23 ZQ Bot                  42  16 15 10   0  0  0  0  0  0  0  0  0  0  0  1  1  0  0  0  1  1  1  1  1  2  1  1  0  1  2  2  2  1  2  2  2  2  2  2  2  2  2  2  2  2
 24 * Pi                    41   1  1 39   1  1  1  1  1  1  1  1  1  1  1  1  1  1  1  1  1  1  1  1  1  1  1  1  1  1  1  1  1  1  1  1  1  1  0  1  1  1  2  1  1  1
 25 Inocencio               41  17 17  7   0  0  0  0  0  0  0  0  0  1  1  0  0  0  0  0  1  0  1  0  1  0  2  1  1  2  1  2  2  2  2  2  2  2  2  2  2  2  2  2  2  2
 26 * Foxtrot               33   0  8 33   0  0  1  0  0  1  0  1  1  0  1  1  1  1  1  0  1  1  1  1  1  1  1  1  0  1  1  1  1  1  1  1  1  1  1  1  1  1  1  1  1  1
 27 * Add-drift             31   0 10 31   0  0  0  0  1  0  1  1  0  1  1  1  1  0  1  1  1  1  1  0  1  1  0  1  1  1  1  1  0  1  1  1  1  1  1  1  1  1  1  1  1  1
 28 Multi-strategy          31  12 22  7   0  0  0  0  0  0  0  0  0  0  0  0  0  0  0  0  0  0  1  0  1  0  0  1  0  1  1  1  2  2  1  1  2  2  2  2  2  2  2  2  2  2
 29 Peterbot                31  10 20 11   0  0  0  0  0  0  0  0  0  1  0  0  1  0  1  0  0  0  1  0  0  1  0  1  0  1  2  0  1  1  1  1  2  2  1  2  2  2  2  2  2  2
 30 * Copy-drift            26   0 15 26   0  0  0  0  0  0  0  1  0  1  0  0  1  0  1  0  1  1  1  1  1  1  1  1  0  1  1  0  1  1  1  0  1  1  1  1  1  1  1  1  1  1
 31 * Add-react             25   0 16 25   0  0  0  0  0  0  1  1  0  1  0  1  1  0  1  0  0  0  1  0  0  1  0  1  0  1  1  1  1  1  1  1  1  1  1  1  1  1  1  1  1  1
 32 Knucklehead             25   7 23 11   0  0  0  0  0  0  0  0  0  0  0  0  0  0  0  0  0  0  1  0  0  0  0  1  0  1  1  1  1  2  1  1  1  2  1  1  2  2  1  2  2  2
 33 * Flat                  22   2 21 18   0  1  0  0  0  0  0  0  1  1  1  0  0  0  0  0  0  0  1  0  1  0  0  1  0  1  1  0  0  1  1  1  1  2  1  1  2  1  1  1  1  0
 34 Beat The Last Move      20   5 26 10   0  0  0  0  0  0  0  0  0  1  0  0  1  0  1  0  0  0  1  0  0  0  0  1  0  1  1  0  0  1  1  0  0  1  2  0  2  2  0  1  2  2
 35 * Text                  18   2 25 14   0  0  0  0  0  0  0  0  0  0  0  0  1  0  1  0  0  0  1  0  0  0  0  2  0  1  1  0  1  1  1  1  1  0  1  1  0  0  1  1  1  2
 36 Always Switchin'        17   1 25 15   0  0  0  0  0  0  0  0  0  0  0  0  0  0  0  0  0  0  1  0  0  0  0  1  0  1  1  0  0  1  1  1  1  2  1  1  1  1  1  1  1  1
 37 Beat Frequent Pick      16   4 29  8   0  0  0  0  0  0  0  0  0  0  0  0  0  0  0  0  0  0  0  0  0  0  0  1  0  1  1  0  0  1  1  0  0  0  2  1  1  2  1  1  2  2
 38 Good Ole Rock           16   3 28 10   0  0  0  0  0  0  0  0  0  0  0  0  0  0  0  0  0  0  1  0  0  0  0  1  0  1  1  0  0  1  1  0  1  0  2  1  0  1  1  1  2  2
 39 * Switch A Lot          16   1 26 14   0  0  0  0  0  0  0  0  0  0  0  0  0  0  0  0  0  0  1  0  0  0  0  0  0  1  1  0  0  1  1  1  1  2  1  1  1  1  1  1  1  1
 40 Rotate R-P-S            14   0 27 14   0  0  0  0  0  0  0  0  0  0  0  0  0  0  0  0  0  0  1  0  0  0  0  1  0  1  1  0  0  1  1  0  1  1  1  1  1  1  1  1  1  0
 41 R-P-S 20-20-60          13   1 29 11   0  0  0  0  0  0  0  0  0  0  0  0  0  0  0  0  0  0  1  0  0  0  0  1  0  1  1  0  0  1  1  0  1  0  1  1  0  0  1  1  1  2
 42 * Anti-Flat             13   3 31  7   0  0  0  0  0  0  0  0  0  0  0  0  0  0  0  0  0  0  2  0  0  0  0  1  0  1  1  0  0  1  1  0  2  0  0  1  0  0  1  2  0  1


   Yomi AI is match ranked 10

 Tournament results:
    Player Name          total 
  1 Yomi AI               4580 
 15 * Anti-rotn           5626 
 19 Iocaine Powder       10887 
 20 Phasenbott           10170 
 21 MegaHAL               9958 
 22 RussRocker4           7828 
 23 Biopic                8084 
 24 Simple Modeller       9024 
 25 Simple Predictor      7544 
 26 Robertot              7609 
 27 Boom                  6761 
 28 Shofar                6147 
 29 ACT-R Lag2            6293 
 30 Majikthise            4836 
 31 Vroomfondel           4678 
 32 Granite               6373 
 33 Marble                6997 
 34 ZQ Bot                5697 
 35 Sweet Rocky           6414 
 36 Piedra                5574 
 41 Bugbrain              6086 

   Yomi is tournament ranked 21

