 Playing 1 tournaments with 1000 trials per match...

 Yomi AI            vs Good Ole Rock       Match: 1000 (1000+   0-   0=)
 Yomi AI            vs R-P-S 20-20-60      Match:  258 (517+ 259- 224=)
 Yomi AI            vs Rotate R-P-S        Match:  904 (951+  47-   2=)
 Yomi AI            vs Beat The Last Move  Match:   74 (387+ 313- 300=)
 Yomi AI            vs Always Switchin'    Match:  214 (459+ 245- 296=)
 Yomi AI            vs Beat Frequent Pick  Match:  587 (760+ 173-  67=)
 Yomi AI            vs * Pi                Match:    8 (358+ 350- 292=)
 Yomi AI            vs * Switch A Lot      Match:  116 (420+ 304- 276=)
 Yomi AI            vs * Flat              Match:   78 (398+ 320- 282=)
 Yomi AI            vs * Anti-Flat         Match:  999 (999+   0-   1=)
 Yomi AI            vs * Foxtrot           Match:  352 (578+ 226- 196=)
 Yomi AI            vs * De Bruijn         Match:   38 (346+ 308- 346=)
 Yomi AI            vs * Text              Match:  111 (409+ 298- 293=)
 Yomi AI            vs * Anti-rotn         Match:   -5 (339+ 344- 317=)
 Yomi AI            vs * Copy-drift        Match:  -20 (316+ 336- 348=)
 Yomi AI            vs * Add-react         Match:   90 (385+ 295- 320=)
 Yomi AI            vs * Add-drift         Match:  -14 (340+ 354- 306=)
 Yomi AI            vs Iocaine Powder      Match:   24 (348+ 324- 328=)
 Yomi AI            vs Phasenbott          Match:   21 (347+ 326- 327=)
 Yomi AI            vs MegaHAL             Match:   -3 (351+ 354- 295=)
 Yomi AI            vs RussRocker4         Match:  -25 (324+ 349- 327=)
 Yomi AI            vs Biopic              Match:    1 (355+ 354- 291=)
 Yomi AI            vs Simple Modeller     Match:   20 (347+ 327- 326=)
 Yomi AI            vs Simple Predictor    Match:   95 (395+ 300- 305=)
 Yomi AI            vs Robertot            Match:   29 (354+ 325- 321=)
 Yomi AI            vs Boom                Match:   34 (355+ 321- 324=)
 Yomi AI            vs Shofar              Match:   -4 (355+ 359- 286=)
 Yomi AI            vs ACT-R Lag2          Match:   26 (333+ 307- 360=)
 Yomi AI            vs Majikthise          Match:   51 (364+ 313- 323=)
 Yomi AI            vs Vroomfondel         Match:   18 (339+ 321- 340=)
 Yomi AI            vs Granite             Match:   67 (392+ 325- 283=)
 Yomi AI            vs Marble              Match:   66 (417+ 351- 232=)
 Yomi AI            vs ZQ Bot              Match:  145 (468+ 323- 209=)
 Yomi AI            vs Sweet Rocky         Match:   54 (387+ 333- 280=)
 Yomi AI            vs Piedra              Match:   84 (381+ 297- 322=)
 Yomi AI            vs Mixed Strategy      Match:   46 (376+ 330- 294=)
 Yomi AI            vs Multi-strategy      Match:  224 (491+ 267- 242=)
 Yomi AI            vs Inocencio           Match:  110 (419+ 309- 272=)
 Yomi AI            vs Peterbot            Match:  103 (417+ 314- 269=)
 Yomi AI            vs Bugbrain            Match:    5 (353+ 348- 299=)
 Yomi AI            vs Knucklehead         Match:  515 (679+ 164- 157=)
 Final results (draw value = 50):

 Tournament results: 

    Player Name          total     1    2    3    4    5    6    7    8    9   10   11   12   13   14   15   16   17   18   19   20   21   22   23   24   25   26   27   28   29   30   31   32   33   34   35   36   37   38   39   40   41   42
  1 Iocaine Powder       10757     0   66  117    0   45  552   42   35  171   15  241  -24   87  234   41   19   31  323   23   66  -12   26  221  195   -3   -7   83  336  219  193  555  120  360   51  223  871  374  905  982  988  993 1000
  2 MegaHAL              10287   -66    0  -27  -20    4   91   28   39   28   33  244    3   16  260   38   32   40  274    7   68    4   21  144  938   12  -27  176   49  119   96  362  189  232  228  468  868  396  944  990  991  999  996
  3 Phasenbott            9621  -117   27    0    8   30  541   61   40  131   66  208  -21   53  206   13   24    2  283   70   45   36   10  211  175   18  -34   61  321  113   75  371   61  329   51  229  890  121  954  988  991  996  984
  4 Simple Modeller       8966     0   20   -8    0   12  -29   20   11  271   33  106  -20   14   41   54   46   36  323   34   49    9  -16  225   56  -81   -9  247   -4  322   60  267  137  104  202  482  990  393  591  993  992  998  995
  5 Biopic                8547   -45   -4  -30  -12    0  -30   65  -20   41  -17  120   -1   78   94   76   74    4   84  -55   41  -17   54  214  199   -8   -7   -8  431   80  172  517  138   49  165  325  742  411  646  992  999  996  994
  6 RussRocker4           8123  -552  -91 -541   29   30    0   68   45   86  -10  162   25  -24  151   67   -2   53  116   27   72   61  -32  121  798  -20  -32  137  217  116  112  473   42  310  142  266  923  205  592  993  994  998  996
  7 Robertot              7311   -42  -28  -61  -20  -65  -68    0   30   60   19  -17  -29  -25   55   -2   -9  -40  126    9   61  -15  -25  276   13   23   22    1   49   69   17  342  171  106   71  447  522  393  925  963  996 1000  991
  8 Boom                  7174   -35  -39  -40  -11   20  -45  -30    0  -36  -15    4  -34   -2   28  -11    5  -29  -11   12   43   16  -10  300   23   -6  -10   17   25   37   93  459  130   98  252  365  528  358  753  991  990  997  994
  9 Simple Predictor      7161  -171  -28 -131 -271  -41  -86  -60   36    0    4   73  -95  -92   -2   43   80   42  185   27   52  -52  -28  191  566  -79  -14  263  -84  279  112  321  149  124  181  411  299  403  592  985  990  993  994
 10 Shofar                6697   -15  -33  -66  -33   17   10  -19   15   -4    0   22    4   24   52   81   29   32   79   39   35   10   -4  161  465  -26   -2    2  -11   94   21  196   99   64  190  445   29  349  555  903  931  972  985
 11 Granite               6598  -241 -244 -208 -106 -120 -162   17   -4  -73  -22    0  -67 -134   10   30   45  -92  -20   19   47   -3  -38  234  640  -55   -5   20   88  136  192  337  179   70   64  281  802  416  592  990  991 1000  992
 12 Yomi AI               6496    24   -3   21   20    1  -25   29   34   95   -4   67    0   26   66   54   84    5  145   46   -5   18   51  224  110   38    8  -14  352  -20   78  515  111   90  116  214  103  258  587   74  904 1000  999
 13 ACT-R Lag2            6445   -87  -16  -53  -14  -78   24   25    2   92  -24  134  -26    0  165   34   23  -17   74   45   37   10  -21  237   47 -109  -25   26  -33   67   71  511  107   52  163  296  239  352  574  556  993  996  996
 14 Marble                6398  -234 -260 -206  -41  -94 -151  -55  -28    2  -52  -10  -66 -165    0   62    1  -71   21  -27   44  -70  -51  265  645  -29  -30   41   47   57  157  282  178   77   78  215  907  380  594  992  993 1000 1000
 15 Sweet Rocky           6190   -41  -38  -13  -54  -76  -67    2   11  -43  -81  -30  -54  -34  -62    0   50  -51  -77   32   47  -14  -40  100  -37   11   39    7  -16  -22  138  165  160   70  193  272  818  381  588  993  986  994  983
 16 Piedra                6021   -19  -32  -24  -46  -74    2    9   -5  -80  -29  -45  -84  -23   -1  -50    0  -14  -58  -52   42  -49  -49  -16  -44   -6  -17   76  -27  -20  130  112  180  242  197  268  684  368  595  996  992 1000  992
 17 Bugbrain              5985   -31  -40   -2  -36   -4  -53   40   29  -42  -32   92   -5   17   71   51   14    0  175   15   47  -22    2  182   70  -24  -14   77  -30   38   68  185   73   78   84  250  325  176  405  897  933  976  950
 18 ZQ Bot                5541  -323 -274 -283 -323  -84 -116 -126   11 -185  -79   20 -145  -74  -21   77   58 -175    0  -32   67  -30   24  209  -35  -11    2   15   61   40  164  259  150  366  164  245 1000  365  591  991  990  996  992
 19 Mixed Strategy        5417   -23   -7  -70  -34   55  -27   -9  -12  -27  -39  -19  -46  -45   27  -32   52  -15   32    0   52  -25   39  -37    1  -77  -26   13    8   44   26  215  144   58  161   98  258  397  518  966  866  993  964
 20 * Anti-rotn           5282   -66  -68  -45  -49  -41  -72  -61  -43  -52  -35  -47    5  -37  -44  -47  -42  -47  -67  -52    0   66    7  259  -59  -46  -42    7   -7   16  215  115   58   31  326  488  499  172  597  496  998  997  999
 21 Vroomfondel           4595    12   -4  -36   -9   17  -61   15  -16   52  -10    3  -18  -10   70   14   49   22   30   25  -66    0   21  190   34  -15    4    3   13  -24   93  141   47   27   97  259    6  163  478    3  990  995  991
 22 Majikthise            4484   -26  -21  -10   16  -54   32   25   10   28    4   38  -51   21   51   40   49   -2  -24  -39   -7  -21    0  112   61  -12   24   18   24  -28   42  235  -14   10  143  300   -6  185  428  -66  989  993  987
 23 Multi-strategy        3236  -221 -144 -211 -225 -214 -121 -276 -300 -191 -161 -234 -224 -237 -265 -100   16 -182 -209   37 -259 -190 -112    0 -103  -50  -20   42    5  309  168   48  123   71  265  502  500  409  999  997  997  999  998
 24 Inocencio             1261  -195 -938 -175  -56 -199 -798  -13  -23 -566 -465 -640 -110  -47 -645   37   44  -70   35   -1   59  -34  -61  103    0  -14    1   25  272   69  121  199  155   99  105  189  150  405  349  948  986  979  981
 25 * De Bruijn            660     3  -12  -18   81    8   20  -23    6   79   26   55  -38  109   29  -11    6   24   11   77   46   15   12   50   14    0   -1    7  -10   30   21  -17   23   20  -17    1   -2    3  128   -1   21    0 -115
 26 * Pi                   161     7   27   34    9    7   32  -22   10   14    2    5   -8   25   30  -39   17   14   -2   26   42   -4  -24   20   -1    1    0    4  -29   13  -17  -10  -81  -21   -2   10   27   25   30   22  -11  -11  -10
 27 * Add-drift          -1436   -83 -176  -61 -247    8 -137   -1  -17 -263   -2  -20   14  -26  -41   -7  -76  -77  -15  -13   -7   -3  -18  -42  -25   -7   -4    0  -13   19  -75   28  -46    2   18  -23  -13   13   15   -4   23  -50   16
 28 * Foxtrot            -2015  -336  -49 -321    4 -431 -217  -49  -25   84   11  -88 -352   33  -47   16   27   30  -61   -8    7  -13  -24   -5 -272   10   29   13    0   24   26   39   -8  -12  -12   30  -43    9   23  -22  -14  -22    1
 29 * Copy-drift         -2259  -219 -119 -113 -322  -80 -116  -69  -37 -279  -94 -136   20  -67  -57   22   20  -38  -40  -44  -16   24   28 -309  -69  -30  -13  -19  -24    0   29 -124   19   17   21   38    0  -33  -10  -68   29   -9   28
 30 * Flat               -2778  -193  -96  -75  -60 -172 -112  -17  -93 -112  -21 -192  -78  -71 -157 -138 -130  -68 -164  -26 -215  -93  -42 -168 -121  -21   17   75  -26  -29    0   12  -28    1   15  -12 -205  -29  226  212   34   -1 -405
 31 Knucklehead          -3067  -555 -362 -371 -267 -517 -473 -342 -459 -321 -196 -337 -515 -511 -282 -165 -112 -185 -259 -215 -115 -141 -235  -48 -199   17   10  -28  -39  124  -12    0    6  102   15   14  -21   14  109  920  890  996  998
 32 * Text               -3085  -120 -189  -61 -137 -138  -42 -171 -130 -149  -99 -179 -111 -107 -178 -160 -180  -73 -150 -144  -58  -47   14 -123 -155  -23   81   46    8  -19   28   -6    0   49  -24  -15   22   -3 -185  -74  -11 -185  113
 33 * Add-react          -3200  -360 -232 -329 -104  -49 -310 -106  -98 -124  -64  -70  -90  -52  -77  -70 -242  -78 -366  -58  -31  -27  -10  -71  -99  -20   21   -2   12  -17   -1 -102  -49    0   -6   48   11  -18   11   -8  -49    3   83
 34 * Switch A Lot       -3510   -51 -228  -51 -202 -165 -142  -71 -252 -181 -190  -64 -116 -163  -78 -193 -197  -84 -164 -161 -326  -97 -143 -265 -105   17    2  -18   12  -21  -15  -15   24    6    0  -30 -118    2   58  289  -14   -8    8
 35 Always Switchin'     -7409  -223 -468 -229 -482 -325 -266 -447 -365 -411 -445 -281 -214 -296 -215 -272 -268 -250 -245  -98 -488 -259 -300 -502 -189   -1  -10   23  -30  -38   12  -14   15  -48   30    0 -266    0   14  478  -29   -1   -6
 36 Peterbot             -7533  -871 -868 -890 -990 -742 -923 -522 -528 -299  -29 -802 -103 -239 -907 -818 -684 -325 -1000 -258 -499   -6    6 -500 -150    2  -27   13   43    0  205   21  -22  -11  118  266    0  400  435  981  997 1000  993
 37 R-P-S 20-20-60       -9177  -374 -396 -121 -393 -411 -205 -393 -358 -403 -349 -416 -258 -352 -380 -381 -368 -176 -365 -397 -172 -163 -185 -409 -405   -3  -25  -13   -9   33   29  -14    3   18   -2    0 -400    0 -431 -110   25 -456    8
 38 Beat Frequent Pick  -14379  -905 -944 -954 -591 -646 -592 -925 -753 -592 -555 -592 -587 -574 -594 -588 -595 -405 -591 -518 -597 -478 -428 -999 -349 -128  -30  -15  -23   10 -226 -109  185  -11  -58  -14 -435  431    0 -600    0  999  997
 39 Beat The Last Move  -19630  -982 -990 -988 -993 -992 -993 -963 -991 -985 -903 -990  -74 -556 -992 -993 -996 -897 -991 -966 -496   -3   66 -997 -948    1  -22    4   22   68 -212 -920   74    8 -289 -478 -981  110  600    0    1 1000  997
 40 Rotate R-P-S        -26029  -988 -991 -991 -992 -999 -994 -996 -990 -990 -931 -991 -904 -993 -993 -986 -992 -933 -990 -866 -998 -990 -989 -997 -986  -21   11  -23   14  -29  -34 -890   11   49   14   29 -997  -25    0   -1    0    0 -667
 41 Good Ole Rock       -26117  -993 -999 -996 -998 -996 -998 -1000 -997 -993 -972 -1000 -1000 -996 -1000 -994 -1000 -976 -996 -993 -997 -995 -993 -999 -979    0   11   50   22    9    1 -996  185   -3    8    1 -1000  456 -999 -1000    0    0  998
 42 * Anti-Flat         -27790  -1000 -996 -984 -995 -994 -996 -991 -994 -994 -985 -992 -999 -996 -1000 -983 -992 -950 -992 -964 -999 -991 -987 -998 -981  115   10  -16   -1  -28  405 -998 -113  -83   -8    6 -993   -8 -997 -997  667 -998    0

 Match results (draw <= 50): 

    Player Name           total  W  L  D   1  2  3  4  5  6  7  8  9 10 11 12 13 14 15 16 17 18 19 20 21 22 23 24 25 26 27 28 29 30 31 32 33 34 35 36 37 38 39 40 41 42
  1 Iocaine Powder          68  27  0 14   1  2  1  2  1  2  1  1  1  1  2  1  1  2  1  1  1  2  2  2  1  2  1  2  1  2  2  2  2  2  2  2  2  2  2  2  2  2  2  2  2  2
  2 Phasenbott              67  27  1 13   0  1  1  2  1  1  1  1  2  2  2  1  2  2  1  1  1  1  2  2  1  2  1  2  1  2  2  2  2  2  2  2  2  2  2  2  2  2  2  2  2  2
  3 Yomi AI                 64  23  0 18   1  1  1  1  1  1  1  1  1  1  1  1  1  2  1  2  2  1  2  2  2  2  1  2  1  2  2  1  2  1  2  2  2  2  2  2  2  2  2  2  2  2
  4 RussRocker4             64  26  3 12   0  0  1  1  1  0  1  2  1  2  1  1  1  2  2  1  1  2  2  2  2  2  1  2  1  2  2  2  2  2  2  2  2  2  1  2  2  2  2  2  2  2
  5 Biopic                  64  24  1 16   1  1  1  1  1  1  1  1  1  2  2  1  0  1  1  2  2  1  2  2  2  2  1  2  1  2  2  1  2  2  2  2  1  2  2  2  2  2  2  2  2  2
  6 MegaHAL                 62  22  1 18   0  1  1  2  1  1  1  1  1  1  1  1  1  1  1  1  1  2  2  2  1  2  1  2  1  1  2  2  2  2  2  2  2  2  2  2  2  2  2  2  2  2
  7 Simple Modeller         61  21  1 19   1  1  1  1  1  1  1  1  1  1  1  1  1  2  1  1  1  1  2  2  2  1  0  2  1  1  2  2  2  2  2  2  2  2  2  2  2  2  2  2  2  2
  8 Bugbrain                60  20  1 20   1  1  1  0  1  1  1  1  1  1  1  1  1  1  1  1  1  1  2  2  2  2  1  2  1  1  2  2  2  1  2  2  2  2  2  2  2  2  2  2  2  2
  9 Shofar                  57  17  1 23   1  0  1  1  1  1  1  1  1  1  1  1  1  1  1  1  1  1  1  2  2  2  1  2  1  1  2  1  1  2  2  1  2  2  2  2  2  2  2  2  2  2
 10 Robertot                56  18  3 20   1  0  1  0  0  1  1  1  1  1  1  1  1  2  1  1  1  2  1  2  1  2  1  1  1  1  2  1  2  2  2  1  2  2  2  2  2  2  2  2  2  2
 11 ACT-R Lag2              56  19  4 18   0  0  1  1  0  1  1  1  1  1  1  1  1  2  1  1  1  1  2  2  1  2  0  1  1  1  2  1  2  2  2  2  2  2  2  2  2  2  2  2  2  2
 12 Boom                    55  14  0 27   1  1  1  1  1  1  1  1  1  1  1  1  1  1  1  1  1  1  1  1  1  1  1  1  1  1  2  1  2  1  2  2  2  2  2  2  2  2  2  2  2  2
 13 Mixed Strategy          54  15  2 24   1  0  1  1  2  1  1  1  1  1  1  1  1  1  1  2  1  2  1  1  1  1  0  1  1  1  1  1  2  1  2  1  2  2  2  2  2  2  2  2  2  2
 14 Simple Predictor        52  21 10 10   0  0  0  0  1  1  0  1  1  0  0  1  1  1  0  2  1  2  2  2  1  1  0  2  1  0  2  2  2  2  2  2  2  2  2  2  2  2  2  2  2  2
 15 Vroomfondel             51  12  2 27   1  1  1  0  1  1  1  1  1  1  1  1  1  2  1  1  1  0  1  1  1  2  1  1  1  1  2  1  1  1  2  2  1  1  1  2  2  2  2  2  2  2
 16 Piedra                  50  14  5 22   1  1  0  1  0  1  1  1  1  1  1  1  0  0  1  1  1  1  1  0  1  1  1  1  1  1  1  2  2  1  2  2  2  2  2  2  2  2  2  2  2  2
 17 Majikthise              49  11  3 27   1  1  0  1  0  1  1  1  1  1  1  1  1  1  1  1  1  1  1  1  1  2  1  2  1  1  2  1  1  1  2  1  1  0  1  2  2  2  2  2  2  2
 18 * Anti-rotn             47  14  8 19   0  1  1  0  1  0  1  1  1  0  1  1  0  0  2  1  1  1  1  0  1  1  1  0  1  1  2  1  2  1  2  2  1  2  2  2  2  2  2  2  2  2
 19 Granite                 47  17 11 13   0  0  0  0  0  0  0  0  1  1  0  1  1  0  1  1  1  1  1  1  1  1  0  2  1  2  2  1  2  2  2  2  2  2  2  2  2  2  2  2  2  2
 20 ZQ Bot                  47  18 12 11   0  0  0  0  0  0  0  0  0  0  0  1  1  0  1  2  1  2  1  1  2  1  1  1  1  2  2  1  2  1  2  2  2  2  2  2  2  2  2  2  2  2
 21 Sweet Rocky             47  14  8 19   1  1  0  0  0  1  0  0  0  1  1  1  1  1  1  1  1  1  1  0  1  0  1  1  1  1  2  1  2  1  2  2  2  2  2  2  2  2  2  2  2  2
 22 Marble                  46  17 12 12   0  0  0  0  0  0  1  0  0  0  0  1  1  1  0  1  0  1  1  1  2  1  1  2  1  1  2  1  2  2  2  2  2  2  2  2  2  2  2  2  2  2
 23 * De Bruijn             46   6  1 34   1  1  1  1  1  1  2  1  1  1  2  1  2  2  1  1  1  1  2  1  1  1  1  1  1  1  1  1  1  1  1  1  1  1  1  1  1  1  2  1  1  0
 24 Inocencio               45  17 13 11   0  0  0  0  0  0  0  0  0  1  1  1  1  0  1  1  0  2  0  1  1  0  1  1  1  2  2  1  2  2  2  2  2  2  2  2  2  2  2  2  2  2
 25 * Pi                    40   0  1 40   1  1  1  1  1  1  1  1  1  1  1  1  1  1  1  1  1  1  1  1  1  1  1  1  1  1  1  1  1  1  1  1  1  1  0  1  1  1  1  1  1  1
 26 * Foxtrot               34   1  8 32   0  0  0  0  0  1  1  1  1  1  1  1  1  2  1  1  1  1  0  0  1  1  1  0  1  1  1  1  1  1  1  1  1  1  1  1  1  1  1  1  1  1
 27 Multi-strategy          33  13 21  7   0  0  0  0  0  0  0  0  0  0  0  0  1  0  0  1  0  0  0  0  0  0  1  0  1  1  1  1  2  2  1  2  2  2  2  2  2  2  2  2  2  2
 28 * Add-drift             32   0  9 32   0  0  1  0  1  0  0  0  1  1  1  1  1  0  1  0  1  1  1  1  1  1  1  1  1  1  1  1  1  1  1  0  1  1  1  1  1  1  1  1  1  1
 29 Peterbot                29   9 21 11   0  0  0  0  0  0  0  0  1  0  0  0  0  0  1  0  1  0  0  0  0  0  1  0  1  1  0  1  1  1  1  2  1  2  1  2  2  2  2  2  2  2
 30 * Copy-drift            25   0 16 25   0  0  1  0  0  0  0  1  0  0  0  1  1  0  1  1  1  1  0  1  1  0  1  0  1  1  0  1  1  1  0  1  1  0  1  1  1  1  1  1  1  1
 31 Knucklehead             25   7 23 11   0  0  0  0  0  0  0  0  0  0  0  0  0  0  0  0  0  0  0  0  0  0  1  0  1  1  1  1  1  2  1  1  2  2  1  1  1  2  2  2  1  2
 32 * Flat                  22   3 22 16   0  0  0  0  0  0  0  0  1  1  0  0  1  0  0  0  1  0  0  0  0  0  1  0  1  1  0  2  0  1  1  1  1  2  1  1  1  1  2  1  1  0
 33 * Add-react             21   1 21 19   0  0  0  0  1  0  0  0  0  0  0  0  0  0  1  0  1  1  0  0  0  0  1  0  1  1  0  1  1  1  0  1  1  1  1  1  1  1  1  1  1  2
 34 Beat The Last Move      21   7 27  7   0  0  0  0  0  0  0  0  0  0  0  0  0  0  1  0  2  0  0  0  0  0  1  0  1  1  0  1  0  2  0  0  1  1  2  0  0  2  2  1  2  2
 35 * Text                  19   2 24 15   0  0  0  1  0  0  0  0  0  0  0  0  0  0  1  0  1  0  0  0  0  0  1  0  2  1  0  1  1  1  1  1  1  0  1  1  1  0  0  1  1  2
 36 * Switch A Lot          18   2 25 14   0  0  0  0  0  0  0  0  0  0  0  0  0  0  0  0  0  0  0  0  0  0  1  0  1  1  0  1  0  1  1  1  1  2  1  1  1  1  2  1  1  1
 37 Always Switchin'        17   1 25 15   0  0  0  0  0  0  0  0  0  0  0  0  0  0  0  0  0  0  0  0  0  0  1  0  1  1  0  1  0  1  1  1  1  2  1  1  1  1  1  1  1  1
 38 Good Ole Rock           16   3 28 10   0  0  0  0  0  0  0  0  0  0  0  0  0  0  0  0  0  0  0  0  0  0  1  0  1  1  0  1  0  1  0  1  1  0  2  1  1  1  0  1  2  2
 39 Beat Frequent Pick      15   4 30  7   0  0  0  0  0  0  0  0  0  0  0  0  0  0  0  0  0  0  0  0  0  0  0  0  1  1  0  1  0  1  0  0  1  0  2  0  1  2  1  1  2  2
 40 Rotate R-P-S            14   0 27 14   0  0  0  0  0  0  0  0  0  0  0  0  0  0  0  0  0  0  0  0  0  0  1  0  1  1  0  1  0  1  0  1  1  1  1  1  1  1  1  1  1  0
 41 R-P-S 20-20-60          13   0 28 13   0  0  0  0  0  0  0  0  0  0  0  0  0  0  0  0  0  0  0  0  0  0  1  0  1  1  0  1  0  1  1  1  1  0  1  1  1  0  0  1  1  1
 42 * Anti-Flat             13   3 31  7   0  0  0  0  0  0  0  0  0  0  0  0  0  0  0  0  0  0  0  0  0  0  2  0  1  1  0  1  0  1  0  2  0  0  0  1  1  0  0  2  1  1


   Yomi AI is match ranked 3

 Tournament results:
    Player Name          total 
  1 Yomi AI               6496 
 19 Iocaine Powder       10757 
 20 Phasenbott            9621 
 21 MegaHAL              10287 
 22 RussRocker4           8123 
 23 Biopic                8547 
 24 Simple Modeller       8966 
 25 Simple Predictor      7161 
 26 Robertot              7311 
 27 Boom                  7174 
 28 Shofar                6697 
 32 Granite               6598 

   Yomi is tournament ranked 12

