 Playing 1 tournaments with 1000 trials per match...

 Yomi AI            vs Good Ole Rock       Match: 1000 (1000+   0-   0=)
 Yomi AI            vs R-P-S 20-20-60      Match:  248 (485+ 237- 278=)
 Yomi AI            vs Rotate R-P-S        Match:  913 (921+   8-  71=)
 Yomi AI            vs Beat The Last Move  Match:  103 (397+ 294- 309=)
 Yomi AI            vs Always Switchin'    Match:  203 (456+ 253- 291=)
 Yomi AI            vs Beat Frequent Pick  Match:  465 (655+ 190- 155=)
 Yomi AI            vs * Pi                Match:  -50 (317+ 367- 316=)
 Yomi AI            vs * Switch A Lot      Match:  102 (381+ 279- 340=)
 Yomi AI            vs * Flat              Match:   83 (372+ 289- 339=)
 Yomi AI            vs * Anti-Flat         Match:  936 (941+   5-  54=)
 Yomi AI            vs * Foxtrot           Match:  272 (514+ 242- 244=)
 Yomi AI            vs * De Bruijn         Match:   -1 (329+ 330- 341=)
 Yomi AI            vs * Text              Match:  118 (402+ 284- 314=)
 Yomi AI            vs * Anti-rotn         Match:    6 (335+ 329- 336=)
 Yomi AI            vs * Copy-drift        Match:   77 (363+ 286- 351=)
 Yomi AI            vs * Add-react         Match:   39 (361+ 322- 317=)
 Yomi AI            vs * Add-drift         Match:  -36 (320+ 356- 324=)
 Yomi AI            vs Iocaine Powder      Match:    1 (337+ 336- 327=)
 Yomi AI            vs Phasenbott          Match:  -45 (311+ 356- 333=)
 Yomi AI            vs MegaHAL             Match:   52 (352+ 300- 348=)
 Yomi AI            vs RussRocker4         Match:   28 (360+ 332- 308=)
 Yomi AI            vs Biopic              Match:   13 (347+ 334- 319=)
 Yomi AI            vs Simple Modeller     Match:   14 (345+ 331- 324=)
 Yomi AI            vs Simple Predictor    Match:   10 (338+ 328- 334=)
 Yomi AI            vs Robertot            Match:   -6 (350+ 356- 294=)
 Yomi AI            vs Boom                Match:   43 (366+ 323- 311=)
 Yomi AI            vs Shofar              Match:   14 (367+ 353- 280=)
 Yomi AI            vs ACT-R Lag2          Match:   38 (359+ 321- 320=)
 Yomi AI            vs Majikthise          Match:    1 (349+ 348- 303=)
 Yomi AI            vs Vroomfondel         Match:    4 (349+ 345- 306=)
 Yomi AI            vs Granite             Match:   71 (380+ 309- 311=)
 Yomi AI            vs Marble              Match:   55 (401+ 346- 253=)
 Yomi AI            vs ZQ Bot              Match:   99 (440+ 341- 219=)
 Yomi AI            vs Sweet Rocky         Match:   43 (372+ 329- 299=)
 Yomi AI            vs Piedra              Match:   57 (375+ 318- 307=)
 Yomi AI            vs Mixed Strategy      Match:   54 (408+ 354- 238=)
 Yomi AI            vs Multi-strategy      Match:  268 (517+ 249- 234=)
 Yomi AI            vs Inocencio           Match:   87 (402+ 315- 283=)
 Yomi AI            vs Peterbot            Match:  -13 (340+ 353- 307=)
 Yomi AI            vs Bugbrain            Match:   28 (336+ 308- 356=)
 Yomi AI            vs Knucklehead         Match:  453 (625+ 172- 203=)
 Final results (draw value = 50):

 Tournament results: 

    Player Name          total     1    2    3    4    5    6    7    8    9   10   11   12   13   14   15   16   17   18   19   20   21   22   23   24   25   26   27   28   29   30   31   32   33   34   35   36   37   38   39   40   41   42
  1 Iocaine Powder       10818     0   77   57    9   15  498    9  119   42   21    8  264  209   61   14   13  246   -1   61   -2   16   80  321  288   19   15  125  260  353  345  183  111   31  571  229  894  378  918  984  987  991  999
  2 Phasenbott           10164   -77    0   31   54   29  513   32  140   46   67   58  251  232   18    5   30  272   45   47   29    6   80  206  152   41    4  129   68  373  359   75   75  119  407  232  943  203  909  987  992  993  989
  3 MegaHAL               9604   -57  -31    0    9   10   89   19   40   48   47   55  230  273   -8  -47   12  250  -52   69  -20  -18   51  230  224   23   15  163   38   37  297  144  189  249  357  448  877  405  963  989  992  999  996
  4 Biopic                8951    -9  -54   -9    0   -7  -16   -2  107   38   46   23   87  145   77  -22  -42   81  -13   41   73   22   13  247  147   -1  -23   46   33  412   81  210  157  157  527  348  880  379  784  995  995  999  999
  5 Simple Modeller       8047   -15  -29  -10    7    0  -24    3  236   20   39   -9   60   66   -9   39    5  297  -14   63  -17  -31   65  231   85  -26   15  218  267   -7   99   58  130  208  336  468  303  352  591  992  992  997  996
  6 RussRocker4           7587  -498 -513  -89   16   24    0   26   74   -4   24   37  141  142    9    1  -16  163  -28   99  -11   34  112  222  147  -79    0  157  121  160  327  113   56  135  440  282  886  308  586  994  993  999  997
  7 Boom                  7432    -9  -32  -19    2   -3  -26    0  -35   84   63   32   43   21  -34  -10   -6   26  -43   38  -44   11   24  306   75   70  -16    1   44   -9   82   18  143  203  429  385  494  408  753  978  990  995 1000
  8 Simple Predictor      7376  -119 -140  -40 -107 -236  -74   35    0   58   28  -60    3   44  -96    7   14  171  -10   55  -57   14   94  191  537  -73  -14  325  300  -61  151  116  149  223  270  399  325  404  588  986  989  993  994
  9 Sweet Rocky           7220   -42  -46  -48  -38  -20    4  -84  -58    0  -47   10  -44  -64  -15  -68  -47  -42  -43   46  -17  -62  -20  124  797   -7    8   14   24  -34  132  155  164  167  171  282 1000  398  590  993  995  999  993
 10 Piedra                7193   -21  -67  -47  -46  -39  -24  -63  -28   47    0  -30  -50  -30  -22  -58  -35  -45  -57   15  -21  -35   -5  -48  779  -31   11   85   45    7  146   97  151  157  232  297  999  363  592  993  993  994  992
 11 Robertot              7068    -8  -58  -55  -23    9  -37  -32   60  -10   30    0   49   34  -19   -9    1   93    6   65   -8  -38   37  175   -1   -8   23    1   -2  -12   29   71  169  129  384  488  483  410  835  816  996  996  999
 12 Marble                6754  -264 -251 -230  -87  -60 -141  -43   -3   44   50  -49    0  -15 -135   -6  -76   37  -55   51  -50  -39  -28  284  643  -64  -27    4   71   83  100  170  178  147  338  226  983  385  594  992  997 1000 1000
 13 Granite               6752  -209 -232 -273 -145  -66 -142  -21  -44   64   30  -34   15    0  -77  -21  -49   15  -71   65  -46   -4    3  264  646  -44  -44  -13   46   65  113  185  177  122  335  220  935  411  591  996  995  999  995
 14 ACT-R Lag2            6349   -61  -18    8  -77    9   -9   34   96   15   22   19  135   77    0    7   40   58  -38   19   21    8   81  340  404  -88   11   17   16  -14   42   91  105  145  463  278  232  314  576   -7  992  999  987
 15 Shofar                6195   -14   -5   47   22  -39   -1   10   -7   68   58    9    6   21   -7    0   -5   56  -14   50  -13   18   74   59    5  -37   24   -5   58   18   29   12  156  226  160  434   88  291  553  862  942  992  994
 16 Bugbrain              6164   -13  -30  -12   42   -5   16    6  -14   47   35   -1   76   49  -40    5    0  160  -28   33   16   16   57  153   47  -39  -26  106   17    2   77   -5   43  147  186  212  270  232  436  964  967  986  974
 17 ZQ Bot                5938  -246 -272 -250  -81 -297 -163  -26 -171   42   45  -93  -37  -15  -58  -56 -160    0  -99   53  -49  -60   70  267  185    0  -44   26   70   19  354  198  165  177  257  324  929  383  591  994  987  995  984
 18 Yomi AI               5847     1  -45   52   13   14   28   43   10   43   57   -6   55   71   38   14   28   99    0    6    1    4   54  268   87   -1  -50  -36   77  272   39   83  118  102  453  203  -13  248  465  103  913 1000  936
 19 * Anti-rotn           5455   -61  -47  -69  -41  -63  -99  -38  -55  -46  -15  -65  -51  -65  -19  -50  -33  -53   -6    0   -2   -2  -25  266  443  -58  -50   15  -13   -4  -13  185   56  294   23  496  498  169  598  475  998  997  985
 20 Majikthise            4884     2  -29   20  -73   17   11   44   57   17   21    8   50   46  -21   13  -16   49   -1    2    0  -15   79  173   94  -36   -1   72   -7   13  -31   65   32  130  257  209   52  131  471   11  989  993  986
 21 Vroomfondel           4510   -16   -6   18  -22   31  -34  -11  -14   62   35   38   39    4   -8  -18  -16   60   -4    2   15    0   22  111   61   13  -37  -45   19  -22  -11   58   13  147  167  254   10  108  496   12  992  994  993
 22 Mixed Strategy        4407   -80  -80  -51  -13  -65 -112  -24  -94   20    5  -37   28   -3  -81  -74  -57  -70  -54   25  -79  -22    0   45  -89  -38  -58   -5   27   33   96  -12  177   85  119  100   98  374  456  975  955  990  997
 23 Multi-strategy        2650  -321 -206 -230 -247 -231 -222 -306 -191 -124   48 -175 -284 -264 -340  -59 -153 -267 -268 -266 -173 -111  -45    0 -115  -50  -20   -2  279  -36   79  130  123  325   72  453  500  357  999  997  997  999  998
 24 Inocencio              678  -288 -152 -224 -147  -85 -147  -75 -537 -797 -779    1 -643 -646 -404   -5  -47 -185  -87 -443  -94  -61   89  115    0   -9   -7   58  115  306  110  198  156   94  185  312  135  418  361  949  980  973  985
 25 * De Bruijn            594   -19  -41  -23    1   26   79  -70   73    7   31    8   64   44   88   37   39    0    1   58   36  -13   38   50    9    0   -1   54  -14   -2  -32    9   23   15   -4    9  -17   -4  128   -1   21    0 -113
 26 * Pi                   289   -15   -4  -15   23  -15    0   16   14   -8  -11  -23   27   44  -11  -24   26   44   50   50    1   37   58   20    7    1    0   37   -2   53  -47   -8  -81   11    3  -24   18   18   30   22  -11  -11  -11
 27 * Add-drift          -1690  -125 -129 -163  -46 -218 -157   -1 -325  -14  -85   -1   -4   13  -17    5 -106  -26   36  -15  -72   45    5    2  -58  -54  -37    0    7   78  -93   -9    1  -18    3   -3  -26   -7  -31   29  -50   17  -41
 28 * Copy-drift         -1926  -260  -68  -38  -33 -267 -121  -44 -300  -24  -45    2  -71  -46  -16  -58  -17  -70  -77   13    7  -19  -27 -279 -115   14    2   -7    0   -4  -25   58   24    5  -15  -44   12  -10  -23   28   17   -6   21
 29 * Foxtrot            -2081  -353 -373  -37 -412    7 -160    9   61   34   -7   12  -83  -65   14  -18   -2  -19 -272    4  -13   22  -33   36 -306    2  -53  -78    4    0   -9   -5  -13   16    8   26    0   24  -22   33    0  -42  -18
 30 * Add-react          -2756  -345 -359 -297  -81  -99 -327  -82 -151 -132 -146  -29 -100 -113  -42  -29  -77 -354  -39   13   31   11  -96  -79 -110   32   47   93   25    9    0  -39    5   59  -23   28  -58   46  -13   36    6   -7   30
 31 * Flat               -2797  -183  -75 -144 -210  -58 -113  -18 -116 -155  -97  -71 -170 -185  -91  -12    5 -198  -83 -185  -65  -58   12 -130 -198   -9    8    9  -58    5   39    0  -21  -42   23  -22 -173   -8  239  198   -8   -1 -378
 32 * Text               -3231  -111  -75 -189 -157 -130  -56 -143 -149 -164 -151 -169 -178 -177 -105 -156  -43 -165 -118  -56  -32  -13 -177 -123 -156  -23   81   -1  -24   13   -5   21    0  -38   49    1   15   15 -185  -74  -11 -185  113
 33 * Switch A Lot       -3736   -31 -119 -249 -157 -208 -135 -203 -223 -167 -157 -129 -147 -122 -145 -226 -147 -177 -102 -294 -130 -147  -85 -325  -94  -15  -11   18   -5  -16  -59   42   38    0    5   -4  -93  -29   25  312  -21  -18   14
 34 Knucklehead          -3879  -571 -407 -357 -527 -336 -440 -429 -270 -171 -232 -384 -338 -335 -463 -160 -186 -257 -453  -23 -257 -167 -119  -72 -185    4   -3   -3   15   -8   23  -23  -49   -5    0   16  -50   13  160  421  810  943  996
 35 Always Switchin'     -7316  -229 -232 -448 -348 -468 -282 -385 -399 -282 -297 -488 -226 -220 -278 -434 -212 -324 -203 -496 -209 -254 -100 -453 -312   -9   24    3   44  -26  -28   22   -1    4  -16    0 -216    2   12  504    6   10  -72
 36 Peterbot             -7527  -894 -943 -877 -880 -303 -886 -494 -325 -1000 -999 -483 -983 -935 -232  -88 -270 -929   13 -498  -52  -10  -98 -500 -135   17  -18   26  -12    0   58  173  -15   93   50  216    0  297  430  963  997  999 1000
 37 R-P-S 20-20-60       -9001  -378 -203 -405 -379 -352 -308 -408 -404 -398 -363 -410 -385 -411 -314 -291 -232 -383 -248 -169 -131 -108 -374 -357 -418    4  -18    7   10  -24  -46    8  -15   29  -13   -2 -297    0 -395 -152    0 -410  142
 38 Beat Frequent Pick  -14255  -918 -909 -963 -784 -591 -586 -753 -588 -590 -592 -835 -594 -591 -576 -553 -436 -591 -465 -598 -471 -496 -456 -999 -361 -128  -30   31   23   22   13 -239  185  -25 -160  -12 -430  395    0 -600    0  999  997
 39 Beat The Last Move  -18752  -984 -987 -989 -995 -992 -994 -978 -986 -993 -993 -816 -992 -996    7 -862 -964 -994 -103 -475  -11  -12 -975 -997 -949    1  -22  -29  -28  -33  -36 -198   74 -312 -421 -504 -963  152  600    0    1 1000  996
 40 Rotate R-P-S        -26044  -987 -992 -992 -995 -992 -993 -990 -989 -995 -993 -996 -997 -995 -992 -942 -967 -987 -913 -998 -989 -992 -955 -997 -980  -21   11   50  -17    0   -6    8   11   21 -810   -6 -997    0    0   -1    0    0 -669
 41 Good Ole Rock       -26160  -991 -993 -999 -999 -997 -999 -995 -993 -999 -994 -996 -1000 -999 -999 -992 -986 -995 -1000 -997 -993 -994 -990 -999 -973    0   11  -17    6   42    7    1  185   18 -943  -10 -999  410 -999 -1000    0    0 1000
 42 * Anti-Flat         -27775  -999 -989 -996 -999 -996 -997 -1000 -994 -993 -992 -999 -1000 -995 -987 -994 -974 -984 -936 -985 -986 -993 -997 -998 -985  113   11   41  -21   18  -30  378 -113  -14 -996   72 -1000 -142 -997 -996  669 -1000    0

 Match results (draw <= 50): 

    Player Name           total  W  L  D   1  2  3  4  5  6  7  8  9 10 11 12 13 14 15 16 17 18 19 20 21 22 23 24 25 26 27 28 29 30 31 32 33 34 35 36 37 38 39 40 41 42
  1 Iocaine Powder          68  27  0 14   1  2  1  1  2  1  2  1  1  1  2  1  1  1  2  1  2  1  2  1  2  2  1  2  2  2  2  2  2  2  2  2  2  2  2  1  2  2  2  2  2  2
  2 Phasenbott              67  27  1 13   0  1  1  1  1  2  2  1  1  1  1  2  1  1  2  2  2  1  2  1  2  1  1  2  2  2  2  2  2  2  2  2  2  2  2  2  2  2  2  2  2  2
  3 Simple Modeller         64  23  0 18   1  1  1  1  1  1  1  1  1  1  1  1  1  1  2  1  2  1  2  1  2  2  1  2  2  2  1  2  2  2  2  2  2  2  2  2  2  2  2  2  2  2
  4 Yomi AI                 62  21  0 20   1  1  1  1  2  1  1  1  1  1  1  1  1  1  1  2  2  1  2  1  2  1  1  2  2  2  2  2  1  1  1  2  2  2  2  2  2  2  2  2  2  2
  5 MegaHAL                 62  23  2 16   0  1  1  0  1  1  2  1  1  1  1  2  1  1  1  1  2  1  2  1  2  2  1  2  2  2  1  1  2  2  2  2  2  2  2  2  2  2  2  2  2  2
  6 Biopic                  62  22  1 18   1  0  1  1  1  1  1  1  1  1  2  1  2  1  2  1  2  1  2  1  2  1  1  2  1  2  2  1  1  2  2  2  2  2  2  2  2  2  2  2  2  2
  7 RussRocker4             61  24  4 13   0  0  1  1  0  1  1  1  1  1  1  1  1  1  2  1  2  1  2  0  2  2  1  2  2  2  2  2  2  2  2  2  2  2  2  2  2  2  2  2  2  2
  8 Boom                    58  17  0 24   1  1  1  1  1  1  1  1  1  1  1  1  1  1  1  2  1  2  1  2  1  1  1  2  1  2  1  1  1  2  2  2  2  1  2  2  2  2  2  2  2  2
  9 Shofar                  58  17  0 24   1  1  1  1  1  1  1  1  1  1  1  1  1  1  1  2  1  2  1  1  2  1  1  1  2  2  1  2  1  2  1  2  2  1  2  2  2  2  2  2  2  2
 10 Bugbrain                57  16  0 25   1  1  1  1  1  1  1  1  1  1  1  1  1  1  1  1  1  1  2  1  2  1  1  1  2  2  1  1  2  2  2  2  2  1  1  2  2  2  2  2  2  2
 11 ACT-R Lag2              56  18  3 20   0  1  1  1  1  0  1  1  1  1  1  1  1  1  2  1  2  1  2  0  2  1  1  2  2  2  1  1  1  2  1  2  1  2  2  2  2  2  2  2  2  2
 12 Robertot                55  16  2 23   1  0  1  1  0  1  1  1  1  1  1  1  1  1  2  1  1  1  1  1  2  2  1  1  1  2  1  1  1  2  1  2  2  2  2  2  2  2  2  2  2  2
 13 Majikthise              55  15  1 25   1  1  1  1  1  0  1  1  1  1  1  1  1  1  2  1  1  1  1  1  1  1  1  2  2  2  1  1  2  2  1  2  1  2  1  2  2  2  2  2  2  2
 14 Vroomfondel             54  13  0 28   1  1  1  1  1  1  1  1  1  1  1  1  1  1  1  1  1  2  1  1  2  1  1  2  1  2  1  1  1  1  1  2  1  2  1  2  2  2  2  2  2  2
 15 Simple Predictor        52  21 10 10   0  0  0  1  1  0  0  1  1  1  0  0  0  1  1  1  1  2  1  0  2  2  1  2  2  2  0  2  2  2  2  2  2  2  2  2  2  2  2  2  2  2
 16 Piedra                  52  15  4 22   1  0  1  0  1  1  1  0  0  1  1  1  1  1  1  1  1  1  1  1  1  1  1  2  1  1  1  1  2  2  2  2  2  2  2  2  2  2  2  2  2  2
 17 Granite                 51  18  8 15   0  0  0  0  0  0  0  1  1  1  0  1  1  1  1  1  1  2  1  1  1  2  1  2  1  2  2  1  1  2  2  2  2  2  2  2  2  2  2  2  2  2
 18 Sweet Rocky             51  15  5 21   1  1  1  1  1  1  1  0  0  1  1  1  1  0  0  1  0  1  1  1  1  1  1  2  1  2  1  1  1  2  2  2  2  2  2  2  2  2  2  2  2  2
 19 Marble                  49  18 10 13   0  0  0  0  0  0  0  1  1  0  0  1  1  1  1  1  1  1  1  0  1  2  1  2  1  2  2  2  1  2  2  2  2  2  2  2  2  2  2  2  2  2
 20 * De Bruijn             46   7  2 32   1  1  1  1  1  1  2  0  1  1  2  1  1  1  2  1  1  1  2  1  1  2  1  1  1  1  1  1  2  1  1  1  1  1  1  1  2  1  1  1  1  0
 21 ZQ Bot                  46  18 13 10   0  0  0  0  0  0  0  1  0  0  0  0  1  0  0  1  1  1  1  1  1  2  1  2  2  2  1  2  1  2  2  2  2  2  2  2  2  2  2  2  2  2
 22 * Anti-rotn             44  13 10 18   0  1  0  1  0  1  0  1  1  1  1  0  1  1  0  1  0  1  0  0  0  1  1  2  1  2  1  1  1  2  1  1  2  2  2  2  2  2  2  2  2  2
 23 * Pi                    42   2  1 38   1  1  1  1  1  1  1  1  1  1  1  1  1  1  1  1  1  1  1  1  1  1  1  1  2  1  2  1  1  1  1  1  1  1  0  1  1  1  1  1  1  1
 24 Inocencio               41  18 18  5   0  0  0  0  0  0  0  0  1  1  0  1  0  0  0  0  0  0  0  1  0  0  1  1  2  2  2  2  2  2  2  2  2  2  2  2  2  2  2  2  2  2
 25 Mixed Strategy          39  12 14 15   0  0  0  0  0  1  0  1  0  0  0  1  0  1  0  1  1  1  1  1  0  1  0  0  1  1  1  1  1  2  2  2  2  1  2  2  2  2  2  2  2  2
 26 Multi-strategy          34  14 21  6   0  0  0  0  0  0  0  0  0  0  0  0  0  0  0  1  0  0  0  1  0  0  1  0  1  1  1  2  1  2  2  2  2  2  2  2  2  2  2  2  2  2
 27 * Foxtrot               32   1 10 30   0  0  1  0  1  0  0  1  1  1  1  1  1  1  2  1  0  1  0  1  1  1  0  0  1  1  1  1  0  1  1  1  1  1  1  1  1  1  1  1  1  1
 28 * Copy-drift            31   1 11 29   0  0  0  0  1  1  0  1  0  1  1  1  1  1  0  1  1  1  0  1  0  1  1  0  1  0  1  1  1  1  1  1  1  2  1  1  1  1  1  1  1  1
 29 * Add-drift             30   1 12 28   0  0  0  1  0  1  0  1  1  0  1  1  0  1  0  0  1  1  1  0  1  1  1  0  1  1  2  1  1  1  0  1  1  1  1  1  1  1  1  1  1  1
 30 Peterbot                29  10 22  9   0  0  0  1  0  0  0  0  0  0  0  0  0  1  0  0  0  0  0  1  0  0  1  0  0  0  1  1  1  1  2  1  2  2  1  2  2  2  2  2  2  2
 31 * Add-react             25   2 18 21   0  0  0  1  0  0  0  0  1  0  1  1  1  1  0  0  0  0  0  1  0  1  1  0  0  0  1  1  2  0  1  1  1  1  1  2  1  1  1  1  1  1
 32 Knucklehead             23   5 23 13   0  0  0  0  0  0  0  0  0  0  0  0  0  0  0  0  0  0  0  1  0  1  1  0  0  0  1  1  1  1  1  1  2  1  1  1  2  1  2  1  2  2
 33 Beat The Last Move      20   5 26 10   0  0  0  0  0  0  0  0  0  0  1  0  1  1  0  0  0  0  0  1  0  0  1  0  0  0  1  1  1  0  1  0  1  0  2  0  2  0  2  2  1  2
 34 * Flat                  20   2 23 16   0  0  0  0  0  0  0  1  1  1  0  0  0  0  0  0  0  0  0  1  0  0  1  0  1  0  1  0  1  0  1  1  2  1  1  1  2  1  1  1  1  0
 35 * Text                  19   2 24 15   0  0  0  0  0  0  0  0  0  1  0  0  1  1  0  0  0  0  0  1  0  0  2  0  0  0  1  1  1  1  1  1  0  1  1  1  0  1  0  1  1  2
 36 * Switch A Lot          17   1 25 15   1  0  0  0  0  0  0  0  0  0  0  0  0  0  0  0  0  0  0  1  0  0  1  0  0  0  1  1  1  0  0  1  2  1  1  1  1  1  1  1  1  1
 37 Beat Frequent Pick      16   4 29  8   0  0  0  0  0  0  0  0  0  0  0  0  0  0  0  0  0  0  0  0  0  0  1  0  0  0  1  1  1  0  1  0  0  0  2  1  1  1  2  2  1  2
 38 Always Switchin'        16   1 26 14   0  0  0  0  0  0  0  0  0  0  0  0  0  0  0  0  0  0  0  1  0  0  1  0  0  0  1  1  1  0  1  1  2  1  1  1  1  1  1  1  1  0
 39 Good Ole Rock           16   3 28 10   0  0  0  0  0  0  0  0  0  0  0  0  0  0  0  0  0  0  0  1  0  0  1  0  0  0  1  1  1  0  1  0  0  1  2  1  0  1  1  2  1  2
 40 R-P-S 20-20-60          14   1 28 12   0  0  0  0  0  0  0  0  0  0  0  0  0  0  0  0  0  0  0  1  0  0  1  0  0  0  1  1  1  0  1  1  0  1  1  1  0  1  0  1  1  2
 41 Rotate R-P-S            14   0 27 14   0  0  0  0  0  0  0  0  0  0  0  0  0  0  0  0  0  0  0  1  0  0  1  0  0  0  1  1  1  0  1  0  1  1  1  1  1  1  1  1  1  0
 42 * Anti-Flat             14   4 31  6   0  0  0  0  0  0  0  0  0  0  0  0  0  0  0  0  0  0  0  2  0  0  1  0  0  0  1  1  1  0  1  0  0  2  0  1  0  2  0  0  2  1


   Yomi AI is match ranked 4

 Tournament results:
    Player Name          total 
  1 Yomi AI               5847 
 19 Iocaine Powder       10818 
 20 Phasenbott           10164 
 21 MegaHAL               9604 
 22 RussRocker4           7587 
 23 Biopic                8951 
 24 Simple Modeller       8047 
 25 Simple Predictor      7376 
 26 Robertot              7068 
 27 Boom                  7432 
 28 Shofar                6195 
 29 ACT-R Lag2            6349 
 32 Granite               6752 
 33 Marble                6754 
 34 ZQ Bot                5938 
 35 Sweet Rocky           7220 
 36 Piedra                7193 
 41 Bugbrain              6164 

   Yomi is tournament ranked 18

