 Playing 1 tournaments with 1000 trials per match...

 Yomi AI            vs Good Ole Rock       Match: 1000 (1000+   0-   0=)
 Yomi AI            vs R-P-S 20-20-60      Match:  159 (413+ 254- 333=)
 Yomi AI            vs Rotate R-P-S        Match:  378 (505+ 127- 368=)
 Yomi AI            vs Beat The Last Move  Match:   68 (376+ 308- 316=)
 Yomi AI            vs Always Switchin'    Match:  118 (408+ 290- 302=)
 Yomi AI            vs Beat Frequent Pick  Match:  270 (506+ 236- 258=)
 Yomi AI            vs * Pi                Match:    2 (342+ 340- 318=)
 Yomi AI            vs * Switch A Lot      Match:   85 (388+ 303- 309=)
 Yomi AI            vs * Flat              Match:   80 (377+ 297- 326=)
 Yomi AI            vs * Anti-Flat         Match:  433 (563+ 130- 307=)
 Yomi AI            vs * Foxtrot           Match:  170 (436+ 266- 298=)
 Yomi AI            vs * De Bruijn         Match:  -10 (330+ 340- 330=)
 Yomi AI            vs * Text              Match:   93 (388+ 295- 317=)
 Yomi AI            vs * Anti-rotn         Match:    1 (344+ 343- 313=)
 Yomi AI            vs * Copy-drift        Match:   26 (343+ 317- 340=)
 Yomi AI            vs * Add-react         Match:  -29 (312+ 341- 347=)
 Yomi AI            vs * Add-drift         Match:  -18 (318+ 336- 346=)
 Yomi AI            vs Iocaine Powder      Match:   30 (346+ 316- 338=)
 Yomi AI            vs Phasenbott          Match:  -17 (323+ 340- 337=)
 Yomi AI            vs MegaHAL             Match:  -15 (334+ 349- 317=)
 Yomi AI            vs RussRocker4         Match:   10 (351+ 341- 308=)
 Yomi AI            vs Biopic              Match:   27 (370+ 343- 287=)
 Yomi AI            vs Simple Modeller     Match:   15 (350+ 335- 315=)
 Yomi AI            vs Simple Predictor    Match:   26 (347+ 321- 332=)
 Yomi AI            vs Robertot            Match:   20 (366+ 346- 288=)
 Yomi AI            vs Boom                Match:   30 (353+ 323- 324=)
 Yomi AI            vs Shofar              Match:    6 (341+ 335- 324=)
 Yomi AI            vs ACT-R Lag2          Match:  -31 (324+ 355- 321=)
 Yomi AI            vs Majikthise          Match:   16 (340+ 324- 336=)
 Yomi AI            vs Vroomfondel         Match:  -10 (321+ 331- 348=)
 Yomi AI            vs Granite             Match:   32 (359+ 327- 314=)
 Yomi AI            vs Marble              Match:   98 (405+ 307- 288=)
 Yomi AI            vs ZQ Bot              Match:   10 (347+ 337- 316=)
 Yomi AI            vs Sweet Rocky         Match:   32 (358+ 326- 316=)
 Yomi AI            vs Piedra              Match:   20 (351+ 331- 318=)
 Yomi AI            vs Mixed Strategy      Match:   -7 (332+ 339- 329=)
 Yomi AI            vs Multi-strategy      Match:  184 (440+ 256- 304=)
 Yomi AI            vs Inocencio           Match:   84 (381+ 297- 322=)
 Yomi AI            vs Peterbot            Match:   40 (348+ 308- 344=)
 Yomi AI            vs Bugbrain            Match:  -29 (332+ 361- 307=)
 Yomi AI            vs Knucklehead         Match:  164 (411+ 247- 342=)
 Final results (draw value = 50):

 Tournament results: 

    Player Name          total     1    2    3    4    5    6    7    8    9   10   11   12   13   14   15   16   17   18   19   20   21   22   23   24   25   26   27   28   29   30   31   32   33   34   35   36   37   38   39   40   41   42
  1 Iocaine Powder       10524     0   33   50   26    8  -32  534   15  181   50  224  242   15   53   84   23  308   11   39   25  -15  -30  187  243   18   11  162  184  335  576  120  153   21  292  882  252  400  895  993  988  992  976
  2 Phasenbott           10148   -33    0   49   24  -21    5  537    0  158   14  222  243   38   50   44   43  283   16   59  129   54   17  243  161   38  -18  177   48  356  410   98   69  109  355  916  189  175  923  989  992  990  997
  3 MegaHAL               9673   -50  -49    0   13  -24   39   90   12   24   47  241  192  -14    3   61   60  270  -41   78   64  -27   15  249  173   19   24  169  104   39  399  110  189  269  291  859  417  427  953  989  989 1000 1000
  4 Biopic                8609   -26  -24  -13    0  -10   33   15   -8   48   28  147  159  -13   24   39   45   82   -6   55  -10    1  -27  247  150  -24    7   -1   84  393  508  172  144  205   75  676  316  337  807  995  997  995  987
  5 Simple Modeller       8289    -8   21   24   10    0   22   -2   37  243   25   66  125    2   31   17   64  316   46   68  155  -28  -15  173  103  -53   -2  250  245   -3  238   10  131  201   99  288  415  407  589  992  993  999  995
  6 Robertot              7859    32   -5  -39  -33  -22    0  -36   10   81   76   64   20   -9  -29   -8   78  102  -43   47   77  -16  -20  233   52  -28  -36   36   16   -6  376   89  192  137  109  665  474  416  855  965  994  996  997
  7 RussRocker4           7534  -534 -537  -90  -15    2   36    0   32   90   19  148  184   37  -38   29   12  168  -31   70   57   40  -10  284  114  -52  -46   94  175  148  499   69   48  109  351  944  238  315  593  993  994  998  997
  8 Boom                  7155   -15    0  -12    8  -37  -10  -32    0  -31   46   13   84  -28   23   11   27   60  -41   41   15  -22  -30  289   43    5  -34   68   35  -61  426   56  125  144  103  385  447  369  753  991  989  995  957
  9 Simple Predictor      6902  -181 -158  -24  -48 -243  -81  -90   31    0   19   21   22  -47  -32   50   23  188  -35   52   14  -12  -26  220  208  -62   19  267  249   62  289   57  154  212  122  322  407  383  587  985  986  996  996
 10 Piedra                6656   -50  -14  -47  -28  -25  -76  -19  -46  -19    0  -55  -45  -34   -5  -77   21  -31  -32   40   18  -37  -20  129  -33  -36  -65   47  -15    8  205  135  159  163  304  963  279  428  592  984  992 1000  998
 11 Granite               6647  -224 -222 -241 -147  -66  -64 -148  -13  -21   55    0   25  -32 -148 -122   37   33  -15   50    9  -79  -32  222  644  -48  -17    9   80   60  304  180  181  180   58  921  271  399  594  988  992  998  996
 12 Marble                6493  -242 -243 -192 -159 -125  -20 -184  -84  -22   45  -25    0  -51  -63  -76   13    5  -36   70   14   -2  -98  223  645  -55  -16   28   79   65  274  194  176  166  101  903  233  374  594  994  996 1000  994
 13 Shofar                6317   -15  -38   14   13   -2    9  -37   28   47   34   32   51    0   12  -13   55   53   -6   33   18    3   -6  127  100    5  -21   22   65   14  198  132  123   73   14  130  435  261  554  900  934  976  990
 14 ACT-R Lag2            6190   -53  -50   -3  -24  -31   29   38  -23   32    5  148   63  -12    0   37   49   32  -39   29   82  -43   31  241  435  -90  -39   31  -13  -30  505  145   86  196  106  219  235  309  579   -9  994  998  995
 15 Bugbrain              5867   -84  -44  -61  -39  -17    8  -29  -11  -50   77  122   76   13  -37    0   60  178  -11   37  105   10   29  122   52  -16   19   55   51   12  105  -42   47  145   82  297  262  209  390  940  829  978  998
 16 Sweet Rocky           5845   -23  -43  -60  -45  -64  -78  -12  -27  -23  -21  -37  -13  -55  -49  -60    0  -65  -43   41  -42  -50  -32  157  -21  -27   33   18   53   54  256  187  160  125  281  142  265  400  593  990  994  995  991
 17 ZQ Bot                5277  -308 -283 -270  -82 -316 -102 -168  -60 -188   31  -33   -5  -53  -32 -178   65    0  -47   57   -3  -20  -10  273   28   -8  -10    8   26  -58  250  167  170   65  387  829  180  409  589  991  993  999  994
 18 Majikthise            4960   -11  -16   41    6  -46   43   31   41   35   32   15   36    6   39   11   43   47    0  -17   83   -3  -16  116   72  -32    1   72   13   11  214   95   14  136   29   41  219  182  422  -21  989  995  992
 19 * Anti-rotn           4923   -39  -59  -78  -55  -68  -47  -70  -41  -52  -40  -50  -70  -33  -29  -37  -41  -57   17    0  -41  -13   -1  271  409  -59  -33    9   39  -71   36  203   54  332   -1   21  490  142  499  495  998  996  997
 20 Mixed Strategy        4866   -25 -129  -64   10 -155  -77  -57  -15  -14  -18   -9  -14  -18  -82 -105   42    3  -83   41    0    8    7  -21   39  -37  -16    3   30   15  199   12  179   24   40  310   86  372  459  969  970  994  993
 21 Vroomfondel           4857    15  -54   27   -1   28   16  -40   22   12   37   79    2   -3   43  -10   50   20    3   13   -8    0   10  136   97   24    7   14  -35   31  205  118   56   81    8   -3  242  149  500   -4  991  997  982
 22 Yomi AI               3561    30  -17  -15   27   15   20   10   30   26   20   32   98    6  -31  -29   32   10   16    1   -7  -10    0  184   84  -10    2  -18   26  170  164   80   93   85  -29   40  118  159  270   68  378 1000  433
 23 Multi-strategy        2656  -187 -243 -249 -247 -173 -233 -284 -289 -220 -129 -222 -223 -127 -241 -122 -157 -273 -116 -271   21 -136 -184    0  -80  -50  -20    3  271   -7   14  134  123  254   12  500  444  373  999  997  997  999  998
 24 Inocencio             2297  -243 -161 -173 -150 -103  -52 -114  -43 -208   33 -644 -645 -100 -435  -52   21  -28  -72 -409  -39  -97  -84   80    0   -7  -37  -23   36  321  256  141  172   73   89   87  283  408  351  923  983  981  978
 25 * De Bruijn            665   -18  -38  -19   24   53   28   52   -5   62   36   48   55   -5   90   16   27    8   32   59   37  -24   10   50    7    0   -1  -10   11    6   24   23   23  -30   17    4  -27    0  128   -1   21    0 -108
 26 * Pi                   297   -11   18  -24   -7    2   36   46   34  -19   65   17   16   21   39  -19  -33   10   -1   33   16   -7   -2   20   37    1    0  -12    0   13  -26   20  -81   16  -18   32   39    9   30   22  -11  -11  -13
 27 * Add-drift          -1499  -162 -177 -169    1 -250  -36  -94  -68 -267  -47   -9  -28  -22  -31  -55  -18   -8  -72   -9   -3  -14   18   -3   23   10   12    0   11   -9  -27    5   -5   -2   36  -17  -16  -10   -4  -31    7   17   24
 28 * Copy-drift         -1773  -184  -48 -104  -84 -245  -16 -175  -35 -249   15  -80  -79  -65   13  -51  -53  -26  -13  -39  -30   35  -26 -271  -36  -11    0  -11    0  -10   29    3   32   23   -9  -25   -9   -5   -4   20   12   21   17
 29 * Foxtrot            -1820  -335 -356  -39 -393    3    6 -148   61  -62   -8  -60  -65  -14   30  -12  -54   58  -11   71  -15  -31 -170    7 -321   -6  -13    9   10    0   12   24   35  -30    0  -21    0   11  -19   22  -17   29   -8
 30 Knucklehead          -2855  -576 -410 -399 -508 -238 -376 -499 -426 -289 -205 -304 -274 -198 -505 -105 -256 -250 -214  -36 -199 -205 -164  -14 -256  -24   26   27  -29  -12    0   -9   -1   34   20  -25    9   90  152  862  944  993  994
 31 * Flat               -2928  -120  -98 -110 -172  -10  -89  -69  -56  -57 -135 -180 -194 -132 -145   42 -187 -167  -95 -203  -12 -118  -80 -134 -141  -23  -20   -5   -3  -24    9    0  -23   12   16 -185    7  -18  277  195  -42   -1 -438
 32 * Text               -3233  -153  -69 -189 -144 -131 -192  -48 -125 -154 -159 -181 -176 -123  -86  -47 -160 -170  -14  -54 -179  -56  -93 -123 -172  -23   81    5  -32  -35    1   23    0  -10   -7   18   45   42 -185  -74  -11 -185  112
 33 * Switch A Lot       -3293   -21 -109 -269 -205 -201 -137 -109 -144 -212 -163 -180 -166  -73 -196 -145 -125  -65 -136 -332  -24  -81  -85 -254  -73   30  -16    2  -23   30  -34  -12   10    0  -10 -122  -14    9   21  361    3  -17   -6
 34 * Add-react          -3349  -292 -355 -291  -75  -99 -109 -351 -103 -122 -304  -58 -101  -14 -106  -82 -281 -387  -29    1  -40   -8   29  -12  -89  -17   18  -36    9    0  -20  -16    7   10    0  -41    2    4   12    8  -38  -16   43
 35 Peterbot             -5877  -882 -916 -859 -676 -288 -665 -944 -385 -322 -963 -921 -903 -130 -219 -297 -142 -829  -41  -21 -310    3  -40 -500  -87   -4  -32   17   25   21   25  185  -18  122   41    0  240  450  433  963  999 1000  993
 36 Always Switchin'     -6902  -252 -189 -417 -316 -415 -474 -238 -447 -407 -279 -271 -233 -435 -235 -262 -265 -180 -219 -490  -86 -242 -118 -444 -283   27  -39   16    9    0   -9   -7  -45   14   -2 -240    0   50   87  504  -28   10  -52
 37 R-P-S 20-20-60       -9276  -400 -175 -427 -337 -407 -416 -315 -369 -383 -428 -399 -374 -261 -309 -209 -400 -409 -182 -142 -372 -149 -159 -373 -408    0   -9   10    5  -11  -90   18  -42   -9   -4 -450  -50    0 -352 -143  -15 -376   45
 38 Beat Frequent Pick  -14121  -895 -923 -953 -807 -589 -855 -593 -753 -587 -592 -594 -594 -554 -579 -390 -593 -589 -422 -499 -459 -500 -270 -999 -351 -128  -30    4    4   19 -152 -277  185  -21  -12 -433  -87  352    0 -600    0  999  996
 39 Beat The Last Move  -19207  -993 -989 -989 -995 -992 -965 -993 -991 -985 -984 -988 -994 -900    9 -940 -990 -991   21 -495 -969    4  -68 -997 -923    1  -22   31  -20  -22 -862 -195   74 -361   -8 -963 -504  143  600    0    1 1000  997
 40 Rotate R-P-S        -25462  -988 -992 -989 -997 -993 -994 -994 -989 -986 -992 -992 -996 -934 -994 -829 -994 -993 -989 -998 -970 -991 -378 -997 -983  -21   11   -7  -12   17 -944   42   11   -3   38 -999   28   15    0   -1    0    0 -685
 41 Good Ole Rock       -26332  -992 -990 -1000 -995 -999 -996 -998 -995 -996 -1000 -998 -1000 -976 -998 -978 -995 -999 -995 -996 -994 -997 -1000 -999 -981    0   11  -17  -21  -29 -993    1  185   17   16 -1000  -10  376 -999 -1000    0    0  998
 42 * Anti-Flat         -27140  -976 -997 -1000 -987 -995 -997 -997 -957 -996 -998 -996 -994 -990 -995 -998 -991 -994 -992 -997 -993 -982 -433 -998 -978  108   13  -24  -17    8 -994  438 -112    6  -43 -993   52  -45 -996 -997  685 -998    0

 Match results (draw <= 50): 

    Player Name           total  W  L  D   1  2  3  4  5  6  7  8  9 10 11 12 13 14 15 16 17 18 19 20 21 22 23 24 25 26 27 28 29 30 31 32 33 34 35 36 37 38 39 40 41 42
  1 Phasenbott              66  25  0 16   1  1  1  1  1  1  2  1  1  1  1  1  2  1  2  1  1  2  1  2  2  2  2  1  2  2  2  2  2  1  2  2  2  2  2  2  2  2  2  2  2  2
  2 MegaHAL                 66  25  0 16   1  1  1  1  1  1  2  2  1  1  1  1  1  1  1  2  1  2  1  2  2  2  2  1  2  1  2  2  2  2  2  2  2  2  2  2  2  2  2  2  2  2
  3 Iocaine Powder          65  24  0 17   1  1  1  1  1  1  2  2  1  1  1  2  2  1  1  1  1  2  1  2  2  1  1  1  2  2  2  2  2  2  2  2  2  2  2  1  2  2  2  2  2  2
  4 Simple Modeller         63  23  1 17   1  1  1  1  1  1  1  1  1  1  1  1  2  1  1  2  1  2  0  2  2  2  2  1  2  1  2  2  2  2  2  2  1  2  2  2  2  2  2  2  2  2
  5 Biopic                  62  21  0 20   1  1  1  1  1  1  1  1  1  1  1  1  1  1  1  1  1  2  1  2  2  2  1  1  2  2  1  2  2  2  2  2  2  2  2  2  2  2  2  2  2  2
  6 Robertot                62  21  0 20   1  1  1  1  1  1  1  1  1  1  1  1  2  1  1  2  2  2  1  1  2  1  2  1  2  1  1  2  2  1  2  2  2  2  2  2  2  2  2  2  2  2
  7 RussRocker4             60  23  4 14   0  0  0  1  1  1  1  1  1  1  1  1  2  1  1  1  1  2  0  2  2  2  2  1  2  2  2  2  2  2  2  2  2  2  1  2  2  2  2  2  2  2
  8 Bugbrain                60  21  2 18   1  0  0  1  1  1  1  1  1  1  1  1  1  1  1  2  2  2  1  2  2  1  2  1  2  1  2  2  2  2  2  2  1  2  1  2  2  2  2  2  2  2
  9 Shofar                  59  18  0 23   1  1  1  1  1  1  1  1  1  1  1  1  1  1  1  2  1  1  1  2  2  1  1  1  2  1  1  2  2  2  2  1  2  2  2  2  2  2  2  2  2  2
 10 Boom                    57  17  1 23   1  1  1  1  1  1  1  1  1  1  1  1  1  1  1  1  1  1  1  2  2  1  1  1  1  0  2  2  2  1  2  2  2  2  2  2  2  2  2  2  2  2
 11 Yomi AI                 56  15  0 26   1  1  1  1  1  1  1  1  1  1  1  1  1  1  1  1  1  1  1  2  1  1  1  1  2  2  1  2  1  1  2  1  2  2  2  2  2  2  2  2  2  2
 12 ACT-R Lag2              56  17  2 22   1  1  0  1  1  1  1  1  1  1  1  1  1  1  1  1  1  2  0  2  1  1  2  1  2  1  1  2  2  1  2  2  2  1  2  2  2  2  2  2  2  2
 13 Simple Predictor        55  20  6 15   0  1  0  0  1  0  0  1  1  1  1  1  1  1  1  1  1  1  0  1  2  2  1  1  2  2  2  2  2  2  2  2  2  2  2  2  2  2  2  2  2  2
 14 Majikthise              54  13  0 28   1  1  1  1  1  1  1  1  1  1  1  1  1  1  1  1  1  1  1  1  1  1  2  1  2  1  2  2  1  1  2  1  2  1  1  2  2  2  2  2  2  2
 15 Vroomfondel             53  13  1 27   0  1  1  1  1  1  1  1  1  1  1  1  1  1  1  1  1  2  1  1  1  1  1  1  2  1  1  2  1  1  2  1  2  1  2  2  2  2  2  2  2  2
 16 Sweet Rocky             51  16  6 19   1  0  1  0  1  0  1  0  0  1  1  1  1  1  1  1  1  1  1  1  0  1  1  1  1  2  1  2  2  2  2  2  2  2  2  2  2  2  2  2  2  2
 17 Piedra                  51  14  4 23   1  1  1  1  1  0  1  0  1  1  1  1  1  1  1  1  1  0  1  1  1  1  1  0  1  1  1  2  2  1  2  2  2  2  2  2  2  2  2  2  2  2
 18 Granite                 49  18 10 13   0  0  0  0  0  0  0  0  1  1  1  0  1  1  0  1  2  1  1  1  1  1  1  1  2  2  1  2  2  2  2  2  2  2  2  2  2  2  2  2  2  2
 19 * De Bruijn             47   7  1 33   1  1  1  2  1  1  2  1  1  1  1  2  2  1  1  1  1  1  1  2  1  2  1  1  1  1  1  1  1  1  1  1  1  1  1  1  1  1  0  2  1  1
 20 Marble                  47  18 12 11   0  0  0  0  0  1  0  0  0  0  0  0  1  1  1  1  1  1  0  1  1  2  1  1  2  2  1  2  2  2  2  2  2  2  2  2  2  2  2  2  2  2
 21 ZQ Bot                  45  16 12 13   0  0  0  0  0  0  0  0  0  0  1  1  0  1  1  2  1  1  1  1  1  2  1  1  1  0  1  2  2  1  2  2  2  2  2  2  2  2  2  2  2  2
 22 * Anti-rotn             43  12 10 19   0  0  1  0  0  1  0  1  1  1  1  1  0  1  1  1  1  1  0  0  0  1  1  1  2  0  1  2  1  1  1  1  2  2  2  2  2  2  2  2  2  2
 23 Mixed Strategy          43  10  8 23   0  0  1  0  1  0  0  0  1  1  1  0  1  0  1  1  1  1  1  1  1  1  1  1  1  1  1  1  2  1  2  1  1  2  2  1  2  2  2  2  2  2
 24 * Pi                    41   1  1 39   1  1  1  1  1  1  1  1  1  1  1  1  1  1  1  1  2  1  1  1  1  1  1  1  1  1  1  1  1  1  1  1  1  1  0  1  1  1  1  1  1  1
 25 Inocencio               39  15 17  9   0  0  0  0  0  0  0  0  0  1  0  0  0  0  0  1  1  0  1  0  1  0  1  1  1  2  1  2  2  1  2  2  2  2  2  2  2  2  2  2  2  2
 26 * Foxtrot               34   3 10 28   0  1  0  1  0  1  0  1  1  2  0  1  0  1  1  0  1  0  1  0  2  2  1  1  0  1  1  1  1  1  1  1  1  1  1  1  1  1  1  1  1  1
 27 * Add-drift             32   0  9 32   0  0  0  0  1  1  0  0  1  0  1  1  0  0  1  1  1  1  1  1  1  1  1  1  1  1  1  1  1  1  1  1  1  1  1  1  1  1  1  1  1  1
 28 Multi-strategy          31  12 22  7   0  0  0  0  0  0  0  0  0  0  0  0  0  0  0  0  0  0  1  0  0  0  1  1  0  1  1  1  2  2  1  1  2  2  2  2  2  2  2  2  2  2
 29 Peterbot                30   9 20 12   0  0  0  0  0  0  0  0  0  0  1  0  0  1  1  0  0  0  1  0  0  1  0  1  0  1  1  0  1  1  1  1  2  2  1  2  2  2  2  2  2  2
 30 * Copy-drift            29   0 12 29   1  0  0  0  0  1  0  0  0  1  1  1  0  1  1  0  1  0  1  0  1  1  1  1  1  1  1  0  1  1  1  1  1  1  1  1  1  1  1  1  1  1
 31 Knucklehead             25   6 22 13   0  0  0  0  0  0  0  0  0  0  0  0  0  0  0  0  0  0  1  0  0  1  0  1  0  1  1  1  1  1  1  1  1  2  1  1  1  2  2  2  2  2
 32 * Add-react             24   0 17 24   0  0  0  0  0  0  0  0  1  0  1  0  0  1  1  0  0  0  1  0  0  1  1  1  0  1  1  1  1  1  1  1  1  1  1  1  1  1  1  1  1  1
 33 * Flat                  20   2 23 16   0  0  0  1  0  0  0  1  0  0  0  0  0  0  0  0  0  0  1  0  0  0  1  1  0  1  1  0  0  1  1  1  1  2  1  1  1  1  0  2  1  1
 34 Beat The Last Move      20   5 26 10   0  0  0  0  0  0  0  0  0  0  0  1  0  1  1  0  0  0  1  0  0  0  0  1  0  1  1  0  0  1  0  1  0  1  2  0  0  2  2  2  1  2
 35 * Text                  19   2 24 15   0  0  0  0  0  0  1  1  0  0  0  0  0  1  0  0  0  0  1  0  0  0  0  2  0  1  1  0  1  1  1  1  1  0  1  1  1  0  2  0  1  1
 36 * Switch A Lot          19   1 23 17   0  0  1  0  0  0  0  0  0  0  0  0  0  0  0  0  0  0  1  0  0  0  1  1  0  1  1  0  0  1  1  1  1  2  1  1  1  1  1  1  1  1
 37 Always Switchin'        17   2 26 13   0  0  0  0  0  0  0  0  0  0  0  0  0  0  0  0  0  0  1  0  0  0  0  1  0  1  1  0  0  1  1  1  1  2  1  1  1  1  0  2  1  1
 38 Good Ole Rock           16   3 28 10   0  0  0  0  0  0  0  0  0  0  0  0  0  0  0  0  0  0  1  0  0  0  0  1  0  1  1  0  0  1  0  1  1  0  2  1  1  1  2  0  1  2
 39 * Anti-Flat             15   4 30  7   0  0  0  0  0  0  0  0  0  0  0  0  0  0  0  0  0  0  2  0  0  0  0  1  0  1  1  0  0  1  0  1  2  0  0  1  2  0  1  0  2  1
 40 Beat Frequent Pick      15   4 30  7   0  0  0  0  0  0  0  0  0  0  0  0  0  0  0  0  0  0  0  0  0  0  0  1  0  1  1  0  0  1  0  1  0  0  2  1  0  2  2  1  1  2
 41 Rotate R-P-S            14   0 27 14   0  0  0  0  0  0  0  0  0  0  0  0  0  0  0  0  0  0  1  0  0  0  0  1  0  1  1  0  0  1  0  1  1  1  1  1  1  1  0  1  1  1
 42 R-P-S 20-20-60          12   0 29 12   0  0  0  0  0  0  0  0  0  0  0  0  0  0  0  0  0  0  1  0  0  0  0  1  0  1  1  0  0  1  0  1  1  0  1  1  1  0  1  0  1  1


   Yomi AI is match ranked 11

 Tournament results:
    Player Name          total 
  1 Yomi AI               3561 
 15 * Anti-rotn           4923 
 19 Iocaine Powder       10524 
 20 Phasenbott           10148 
 21 MegaHAL               9673 
 22 RussRocker4           7534 
 23 Biopic                8609 
 24 Simple Modeller       8289 
 25 Simple Predictor      6902 
 26 Robertot              7859 
 27 Boom                  7155 
 28 Shofar                6317 
 29 ACT-R Lag2            6190 
 30 Majikthise            4960 
 31 Vroomfondel           4857 
 32 Granite               6647 
 33 Marble                6493 
 34 ZQ Bot                5277 
 35 Sweet Rocky           5845 
 36 Piedra                6656 
 37 Mixed Strategy        4866 
 41 Bugbrain              5867 

   Yomi is tournament ranked 22

