 Playing 1 tournaments with 1000 trials per match...

 Yomi AI            vs Good Ole Rock       Match: 1000 (1000+   0-   0=)
 Yomi AI            vs R-P-S 20-20-60      Match:  121 (406+ 285- 309=)
 Yomi AI            vs Rotate R-P-S        Match:  704 (763+  59- 178=)
 Yomi AI            vs Beat The Last Move  Match:  163 (441+ 278- 281=)
 Yomi AI            vs Always Switchin'    Match:  153 (430+ 277- 293=)
 Yomi AI            vs Beat Frequent Pick  Match:  362 (575+ 213- 212=)
 Yomi AI            vs * Pi                Match:    6 (343+ 337- 320=)
 Yomi AI            vs * Switch A Lot      Match:   97 (375+ 278- 347=)
 Yomi AI            vs * Flat              Match:  106 (388+ 282- 330=)
 Yomi AI            vs * Anti-Flat         Match:  976 (977+   1-  22=)
 Yomi AI            vs * Foxtrot           Match:  308 (532+ 224- 244=)
 Yomi AI            vs * De Bruijn         Match:    4 (331+ 327- 342=)
 Yomi AI            vs * Text              Match:  112 (400+ 288- 312=)
 Yomi AI            vs * Anti-rotn         Match:    3 (340+ 337- 323=)
 Yomi AI            vs * Copy-drift        Match:    6 (327+ 321- 352=)
 Yomi AI            vs * Add-react         Match:  -30 (325+ 355- 320=)
 Yomi AI            vs * Add-drift         Match:   41 (356+ 315- 329=)
 Yomi AI            vs Iocaine Powder      Match:  -60 (298+ 358- 344=)
 Yomi AI            vs Phasenbott          Match:  -42 (309+ 351- 340=)
 Yomi AI            vs MegaHAL             Match:  -27 (326+ 353- 321=)
 Yomi AI            vs RussRocker4         Match:    0 (342+ 342- 316=)
 Yomi AI            vs Biopic              Match:   -5 (331+ 336- 333=)
 Yomi AI            vs Simple Modeller     Match:   33 (363+ 330- 307=)
 Yomi AI            vs Simple Predictor    Match:   54 (365+ 311- 324=)
 Yomi AI            vs Robertot            Match:    1 (324+ 323- 353=)
 Yomi AI            vs Boom                Match:   17 (350+ 333- 317=)
 Yomi AI            vs Shofar              Match:  -27 (321+ 348- 331=)
 Yomi AI            vs ACT-R Lag2          Match:    1 (340+ 339- 321=)
 Yomi AI            vs Majikthise          Match:   -9 (331+ 340- 329=)
 Yomi AI            vs Vroomfondel         Match:  -21 (349+ 370- 281=)
 Yomi AI            vs Granite             Match:   35 (374+ 339- 287=)
 Yomi AI            vs Marble              Match:   92 (413+ 321- 266=)
 Yomi AI            vs ZQ Bot              Match:  111 (421+ 310- 269=)
 Yomi AI            vs Sweet Rocky         Match:   17 (374+ 357- 269=)
 Yomi AI            vs Piedra              Match:   36 (361+ 325- 314=)
 Yomi AI            vs Mixed Strategy      Match:   41 (347+ 306- 347=)
 Yomi AI            vs Multi-strategy      Match:  211 (465+ 254- 281=)
 Yomi AI            vs Inocencio           Match:   75 (418+ 343- 239=)
 Yomi AI            vs Peterbot            Match:   11 (344+ 333- 323=)
 Yomi AI            vs Bugbrain            Match:   32 (353+ 321- 326=)
 Yomi AI            vs Knucklehead         Match:  407 (584+ 177- 239=)
 Final results (draw value = 50):

 Tournament results: 

    Player Name          total     1    2    3    4    5    6    7    8    9   10   11   12   13   14   15   16   17   18   19   20   21   22   23   24   25   26   27   28   29   30   31   32   33   34   35   36   37   38   39   40   41   42
  1 Iocaine Powder       10986     0  149   27   51   45  -15  517  136   25  200  202   89   46   90  -26   31   57  310   18   60  -10   48  315  191   50    9  118  112  365  187  334  115  603  109  889  228  426  927  986  990  993  989
  2 Phasenbott           10261  -149    0   70   75   54    6  545  137   52  193  260   62   22   41   31    8   34  285  116   42   42    2  187  270   57   13  116   82  373  109  352   88  424   96  862  250  155  929  992  993  992  993
  3 MegaHAL               9606   -27  -70    0   25  -41   13   58   40  -32  240  228   16   42   65   -6   46   -1  267   81   27  -20  -23  197  176   35   -6  211  113  101  177  290  133  415  241  875  453  363  930  990  990  998  996
  4 Biopic                8710   -51  -75  -25    0  -51   33  -16   27   42  103  151   45   79   60    2   82    7   86  -20    5  -44  -45  218  227  -50   12   17   94  384  194   22  164  498  228  807  321  323  872  994  994 1000  996
  5 Simple Modeller       8511   -45  -54   41   51    0   11  -21  276   44   17   96  -38   27   60  -13   43   38  277  112  -33  -32  -10  171  348  -51   25  221  195   12   -6  143  136  245  272  520  464  398  594  990  996  998  993
  6 Robertot              8319    15   -6  -13  -33  -11    0  -43   43   12   48    1  -14   39   50   15   10   14   60   78   -1   11   40  342   26  -21   -8   -7   80   -6   89   58  180  482  103  998  450  419  866  966  990 1000  997
  7 RussRocker4           7848  -517 -545  -58   16   21   43    0  103   26  134  168   19  -12   60    9   -2   25  178   79    0  -39  -24  352  121  -40   -5  127  125  185  115  366   54  529  124  932  266  345  588  994  991  998  997
  8 Simple Predictor      7317  -136 -137  -40  -27 -276  -43 -103    0  -62   23    2  -73   54   70    7   55   25  160    8  -54   18  -84  179  366  -79  -14  240  260  -46   90  103  149  210  221  905  398  387  592  984  990  996  999
  9 Boom                  7044   -25  -52   32  -42  -44  -12  -26   62    0   44   87  -32   42   74  -34   35  -25   48   -4  -17  -51  -52  196   95   13   -5   18   -3    8  -56   99  123  465  176  411  441  341  753  974  990  997 1000
 10 Granite               6913  -200 -193 -240 -103  -17  -48 -134  -23  -44    0   -1 -137   72   41  -46   78  -96   81  -13  -35  -35   -9  252  643  -90   -8   94   49   60  108   45  180  342  189  954  226  399  592  992  995  998  995
 11 Marble                6568  -202 -260 -228 -151  -96   -1 -168   -2  -87    1    0 -109   52   59  -24   39  -86   32    5  -92  -72  -53  238  646  -56  -26   -6   47   88  176   99  178  301  179  972  238  361  594  996  995  998  993
 12 ACT-R Lag2            6427   -89  -62  -16  -45   38   14  -19   73   32  137  109    0    2   13  -29   39   21   95   61   -1   29   19  229   65 -111  -15  -63  -12    5  217   24   89  514  131   10  267  299  579  790  994  997  997
 13 Piedra                5974   -46  -22  -42  -79  -27  -39   12  -54  -42  -72  -52   -2    0   43  -49    9    4   -6  -48  -36  -43  -47  139  -40  -29   25   39   53  -19  128  354  177  222  101  300  193  402  591  992  993  995  996
 14 * Anti-rotn           5971   -90  -41  -65  -60  -60  -50  -60  -70  -74  -41  -59  -13  -43    0  -21  -57  -49  -49   44   -3    8   35  208  725  -54  -44    9   35   11  216   -8   59   75  328  498  511  133  596  497  997 1000  997
 15 Shofar                5925    26  -31    6   -2   13  -15   -9   -7   34   46   24   29   49   21    0   26  -32   97   98   27   40   -2   83   65  -47  -16  -57   33   28  -13  -14  122  128   74   75  417  271  549  866  953  982  988
 16 Sweet Rocky           5823   -31   -8  -46  -82  -43  -10    2  -55  -35  -78  -39  -39   -9   57  -26    0  -72  -44  -58  -17   -6  -25  123  -30  -11  -32   14   40    5   26  409  186  124   99  317  258  396  590  995  988  996  994
 17 Bugbrain              5809   -57  -34    1   -7  -38  -14  -25  -25   25   96   86  -21   -4   49   32   72    0  172   45  -32  -10   35  140   38  -15  -23  101   53    0   -4   84   11  109   77  251  218  179  362  951  965  974  992
 18 ZQ Bot                5520  -310 -285 -267  -86 -277  -60 -178 -160  -48  -81  -32  -95    6   49  -97   44 -172    0   45 -111  -62    7  236  367    3   -7   61   62   19  112  181  152  268  161  933  164  399  594  996  994  996  999
 19 Mixed Strategy        5238   -18 -116  -81   20 -112  -78  -79   -8    4   13   -5  -61   48  -44  -98   58  -45  -45    0  -41  -61  -32   51  436  -82  -11   -3   18    6   53   87  175  153   15  284   47  352  511  960  975  995  997
 20 Yomi AI               5115   -60  -42  -27   -5   33    1    0   54   17   35   92    1   36    3  -27   17   32  111   41    0   -9  -21  211   75    4    6   41    6  308  106  -30  112  407   97   11  153  121  362  163  704 1000  976
 21 Majikthise            4907    10  -42   20   44   32  -11   39  -18   51   35   72  -29   43   -8  -40    6   10   62   61    9    0   -9  157   67    2   10   31   -1   -4  116  -20    1  200  100   30  218  175  479   43  990  991  985
 22 Vroomfondel           4784   -48   -2   23   45   10  -40   24   84   52    9   53  -19   47  -35    2   25  -35   -7   32   21    9    0  227   74   -4   44   28   14   26   41  -62    7  160  103    8  286  139  446   13  991  996  997
 23 Multi-strategy        2105  -315 -187 -197 -218 -171 -342 -352 -179 -196 -252 -238 -229 -139 -208  -83 -123 -140 -236  -51 -211 -157 -227    0 -134  -50  -20   -8  198   41  159   58  123   22  314  -20  468  414  999  997  997  999  999
 24 Inocencio             1457  -191 -270 -176 -227 -348  -26 -121 -366  -95 -643 -646  -65   40 -725  -65   30  -38 -367 -436  -75  -67  -74  134    0  -14  -24  -14  106  319  206   92  157  112   49  128  240  444  587  940  985  983  978
 25 * De Bruijn            707   -50  -57  -35   50   51   21   40   79  -13   90   56  111   29   54   47   11   15   -3   82   -4   -2    4   50   14    0   -1   11   -4   42  -27   15   23  -18  -21  -19   27   -1  128   -1   21    0 -108
 26 * Pi                    74    -9  -13    6  -12  -25    8    5   14    5    8   26   15  -25   44   16   32   23    7   11   -6  -10  -44   20   24    1    0    4    1  -25    9  -47  -81    1   34   15    0   24   30   22  -11  -11  -12
 27 * Add-drift          -1439  -118 -116 -211  -17 -221    7 -127 -240  -18  -94    6   63  -39   -9   57  -14 -101  -61    3  -41  -31  -28    8   14  -11   -4    0   -8  -21   -1   33  -57   -6   -8  -68   22  -21   -4   54   -7    3   -7
 28 * Copy-drift         -1856  -112  -82 -113  -94 -195  -80 -125 -260    3  -49  -47   12  -53  -35  -33  -40  -53  -62  -18   -6    1  -14 -198 -106    4   -1    8    0  -16   12  -15   36 -104   -3  -54   68  -27    5  -42    9   15    8
 29 * Foxtrot            -2225  -365 -373 -101 -384  -12    6 -185   46   -8  -60  -88   -5   19  -11  -28   -5    0  -19   -6 -308    4  -26  -41 -319  -42   25   21   16    0   22   23   48   16  -52   -2   45   -7  -27   -8   -3  -23   -8
 30 * Flat               -2679  -187 -109 -177 -194    6  -89 -115  -90   56 -108 -176 -217 -128 -216   13  -26    4 -112  -53 -106 -116  -41 -159 -206   27   -9    1  -12  -22    0   16   -8   27  -26 -142   21  -14  223  237    6   -1 -457
 31 * Add-react          -3052  -334 -352 -290  -22 -143  -58 -366 -103  -99  -45  -99  -24 -354    8   14 -409  -84 -181  -87   30   20   62  -58  -92  -15   47  -33   15  -23  -16    0    1   21   24  -37  -10  -25    0  -16  -61   16  126
 32 * Text               -3074  -115  -88 -133 -164 -136 -180  -54 -149 -123 -180 -178  -89 -177  -59 -122 -186  -11 -152 -175 -112   -1   -7 -123 -157  -23   81   57  -36  -48    8   -1    0   29   15   39   -7   27 -185  -74  -11 -185  111
 33 Knucklehead          -3316  -603 -424 -415 -498 -245 -482 -529 -210 -465 -342 -301 -514 -222  -75 -128 -124 -109 -268 -153 -407 -200 -160  -22 -112   18   -1    6  104  -16  -27  -21  -29    0   17  -52   21   54  139  914  660  935  970
 34 * Switch A Lot       -3421  -109  -96 -241 -228 -272 -103 -124 -221 -176 -189 -179 -131 -101 -328  -74  -99  -77 -161  -15  -97 -100 -103 -314  -49   21  -34    8    3   52   26  -24  -15  -17    0 -134   -6  -14  -22  330  -31   12   11
 35 Peterbot             -6419  -889 -862 -875 -807 -520 -998 -932 -905 -411 -954 -972  -10 -300 -498  -75 -317 -251 -933 -284  -11  -30   -8   20 -128   19  -15   68   54    2  142   37  -39   52  134    0  248  440  443  963  998  998  987
 36 Always Switchin'     -7117  -228 -250 -453 -321 -464 -450 -266 -398 -441 -226 -238 -267 -193 -511 -417 -258 -218 -164  -47 -153 -218 -286 -468 -240  -27    0  -22  -68  -45  -21   10    7  -21    6 -248    0   41   11  513  -66   15  -27
 37 R-P-S 20-20-60       -8855  -426 -155 -363 -323 -398 -419 -345 -387 -341 -399 -361 -299 -402 -133 -271 -396 -179 -399 -352 -121 -175 -139 -414 -444    1  -24   21   27    7   14   25  -27  -54   14 -440  -41    0 -384 -101  -11 -369  128
 38 Beat Frequent Pick  -14444  -927 -929 -930 -872 -594 -866 -588 -592 -753 -592 -594 -579 -591 -596 -549 -590 -362 -594 -511 -362 -479 -446 -999 -587 -128  -30    4   -5   27 -223    0  185 -139   22 -443  -11  384    0 -600    0  999  996
 39 Beat The Last Move  -20251  -986 -992 -990 -994 -990 -966 -994 -984 -974 -992 -996 -790 -992 -497 -866 -995 -951 -996 -960 -163  -43  -13 -997 -940    1  -22  -54   42    8 -237   16   74 -914 -330 -963 -513  101  600    0    1 1000 1000
 40 Rotate R-P-S        -25619  -990 -993 -990 -994 -996 -990 -991 -990 -990 -995 -995 -994 -993 -997 -953 -988 -965 -994 -975 -704 -990 -991 -997 -985  -21   11    7   -9    3   -6   61   11 -660   31 -998   66   11    0   -1    0    0 -685
 41 Good Ole Rock       -26278  -993 -992 -998 -1000 -998 -1000 -998 -996 -997 -998 -998 -997 -995 -1000 -982 -996 -974 -996 -995 -1000 -991 -996 -999 -983    0   11   -3  -15   23    1  -16  185 -935  -12 -998  -15  369 -999 -1000    0    0  998
 42 * Anti-Flat         -27874  -989 -993 -996 -996 -993 -997 -997 -999 -1000 -995 -993 -997 -996 -997 -988 -994 -992 -999 -997 -976 -985 -997 -999 -978  108   12    7   -8    8  457 -126 -111 -970  -11 -987   27 -128 -996 -1000  685 -998    0

 Match results (draw <= 50): 

    Player Name           total  W  L  D   1  2  3  4  5  6  7  8  9 10 11 12 13 14 15 16 17 18 19 20 21 22 23 24 25 26 27 28 29 30 31 32 33 34 35 36 37 38 39 40 41 42
  1 Iocaine Powder          70  29  0 12   1  2  1  2  1  2  1  2  2  1  1  2  1  2  1  2  1  1  1  2  1  2  2  1  2  2  2  2  2  2  2  2  2  2  2  2  2  2  2  2  2  2
  2 Phasenbott              70  30  1 10   0  1  2  2  2  2  1  1  1  1  1  2  2  2  1  2  1  1  2  2  2  1  2  1  2  2  2  2  2  2  2  2  2  2  2  2  2  2  2  2  2  2
  3 MegaHAL                 64  24  1 16   1  0  1  2  1  1  1  1  1  1  1  1  1  1  1  2  1  1  1  2  2  2  2  1  2  2  2  2  2  2  2  2  2  2  2  2  2  2  2  2  2  2
  4 RussRocker4             62  24  3 14   0  0  0  1  1  1  1  1  1  1  1  1  1  2  1  2  1  1  1  2  2  2  2  1  2  2  2  2  2  2  2  2  2  2  2  2  2  2  2  2  2  2
  5 Simple Modeller         61  22  2 17   1  0  1  1  1  2  1  1  1  1  1  1  1  2  1  1  1  1  0  2  2  2  2  1  2  2  2  1  2  2  2  1  2  2  2  2  2  2  2  2  2  2
  6 Biopic                  60  22  3 16   0  0  1  1  0  1  1  1  1  1  1  1  1  1  1  2  2  2  1  2  1  2  2  1  2  2  1  2  2  2  1  2  2  2  2  2  2  2  2  2  2  2
  7 Robertot                58  17  0 24   1  1  1  1  1  1  1  1  1  1  1  1  1  1  1  1  1  1  1  1  2  1  2  1  1  2  1  1  2  2  2  2  2  2  2  2  2  2  2  2  2  2
  8 Bugbrain                58  18  1 22   0  1  1  1  1  1  1  1  1  1  1  1  1  1  1  2  1  2  1  2  1  1  2  1  1  2  2  1  2  2  2  1  2  2  1  2  2  2  2  2  2  2
  9 Yomi AI                 57  17  1 23   0  1  1  1  1  1  1  1  1  1  1  1  1  2  1  1  1  1  1  2  1  1  2  1  2  1  1  2  2  1  1  2  2  2  2  2  2  2  2  2  2  2
 10 Majikthise              56  15  0 26   1  1  1  1  1  1  1  1  1  1  1  1  2  1  1  1  1  1  1  2  2  1  2  1  2  1  1  1  2  1  1  2  2  2  1  1  2  2  2  2  2  2
 11 Shofar                  55  15  1 25   1  1  1  1  1  1  1  1  1  1  1  1  1  1  1  1  1  1  1  1  2  1  2  1  2  2  0  1  2  1  1  1  2  2  2  2  2  2  2  2  2  2
 12 ACT-R Lag2              55  18  4 19   0  0  1  1  1  1  1  1  1  1  1  1  1  2  1  2  1  1  0  2  2  1  2  1  2  1  0  1  2  1  1  2  2  2  2  2  2  2  2  2  2  2
 13 Boom                    54  17  4 20   1  0  1  1  1  1  1  1  1  0  1  1  1  2  0  1  1  1  1  2  1  2  1  1  2  2  1  1  2  1  2  0  2  2  2  2  2  2  2  2  2  2
 14 Simple Predictor        53  21  9 11   0  0  1  0  0  1  1  1  0  1  1  0  0  1  0  1  2  2  0  1  1  2  2  1  2  2  2  1  2  2  2  2  2  2  2  2  2  2  2  2  2  2
 15 Vroomfondel             53  13  1 27   1  1  1  1  1  1  1  1  1  1  1  1  2  2  1  1  1  1  1  2  1  1  1  1  2  1  1  1  2  1  0  1  2  2  1  1  2  2  2  2  2  2
 16 Granite                 52  19  8 14   0  0  0  0  1  0  1  0  1  1  1  0  1  1  1  1  2  2  0  1  1  1  2  1  2  2  2  2  2  1  1  2  2  2  2  2  2  2  2  2  2  2
 17 Piedra                  52  15  4 22   1  1  1  1  1  0  1  1  1  1  1  1  1  0  1  0  1  1  1  0  1  1  1  1  1  2  1  1  2  2  2  2  2  2  2  2  2  2  2  2  2  2
 18 Sweet Rocky             50  14  5 22   1  1  1  1  1  0  1  0  1  1  1  1  1  0  1  0  1  1  1  1  0  2  1  1  1  2  1  1  2  1  2  1  2  2  2  2  2  2  2  2  2  2
 19 * De Bruijn             47   8  2 31   1  0  1  1  2  1  1  1  1  1  1  2  1  2  1  2  1  1  1  2  2  2  1  1  1  1  1  1  1  1  1  1  1  1  1  1  1  2  1  1  1  0
 20 Marble                  46  18 13 10   0  0  0  0  0  0  1  0  0  0  1  0  0  1  0  1  2  1  0  1  1  2  1  1  2  2  1  2  2  1  2  2  2  2  2  2  2  2  2  2  2  2
 21 Mixed Strategy          46  14  9 18   1  0  0  0  0  1  0  1  1  0  0  0  1  1  1  1  1  2  0  1  1  1  1  1  2  2  1  1  2  1  2  2  2  1  2  2  1  2  2  2  2  2
 22 * Anti-rotn             45  14 10 17   0  1  0  0  0  0  1  1  1  1  1  1  0  0  1  1  1  0  0  0  1  1  1  1  2  2  1  1  2  1  1  2  2  2  2  2  2  2  2  2  2  2
 23 ZQ Bot                  44  17 14 10   0  0  0  0  0  0  0  0  0  0  0  0  1  0  1  0  1  1  1  1  1  1  1  1  2  2  2  1  2  2  2  2  2  2  2  2  2  2  2  2  2  2
 24 * Pi                    40   0  1 40   1  1  1  1  1  1  1  1  1  1  1  1  1  1  1  1  1  1  1  1  1  1  1  1  1  1  1  1  1  1  1  1  1  1  0  1  1  1  1  1  1  1
 25 Inocencio               38  15 18  8   0  0  0  0  0  0  1  1  0  0  0  0  0  0  0  0  1  1  1  0  0  0  0  1  1  2  1  2  2  2  2  2  2  1  2  2  2  2  2  2  2  2
 26 Peterbot                34  12 19 10   0  0  0  0  0  0  0  0  1  1  0  1  0  0  1  0  0  0  1  0  0  0  0  1  0  1  2  1  1  2  1  2  2  2  1  2  2  2  2  2  2  2
 27 * Add-drift             33   3 11 27   0  0  0  0  0  1  1  0  1  1  2  2  1  0  1  0  1  1  1  1  1  1  0  1  1  0  1  1  1  1  1  1  1  1  0  2  1  1  1  1  1  1
 28 * Foxtrot               31   0 10 31   0  0  0  0  1  0  1  1  0  1  1  1  1  1  1  0  1  1  1  0  1  1  1  1  0  1  1  1  1  1  1  1  1  0  1  1  1  1  1  1  1  1
 29 Multi-strategy          30  12 23  6   0  0  0  0  0  0  0  0  0  0  0  0  0  0  0  0  0  0  1  0  0  0  0  1  0  1  1  1  1  2  2  2  1  2  2  2  2  2  2  2  2  2
 30 * Copy-drift            27   1 15 25   0  0  0  0  0  0  0  0  1  1  1  1  1  0  1  1  0  1  1  1  1  1  0  1  0  0  1  1  0  1  1  1  0  1  1  1  2  1  1  1  1  1
 31 * Add-react             26   2 17 22   0  0  0  0  0  1  0  0  1  1  1  1  0  0  2  1  0  0  1  0  0  1  0  1  0  1  1  1  0  1  1  1  1  1  1  1  1  1  0  1  1  2
 32 * Flat                  24   3 20 18   0  0  0  0  1  0  0  1  0  0  1  0  2  0  1  0  0  1  1  0  0  0  0  1  0  0  1  1  0  1  1  1  1  1  1  2  1  2  1  1  1  0
 33 Knucklehead             24   7 24 10   0  0  0  0  0  0  0  0  0  0  0  0  0  0  0  0  0  0  1  0  0  0  0  1  0  0  1  1  1  2  1  1  1  1  1  2  1  2  2  2  2  2
 34 * Switch A Lot          20   2 23 16   0  0  0  0  0  0  0  0  0  0  0  0  0  0  0  0  0  0  1  0  1  0  0  1  1  0  1  2  0  1  1  1  1  1  1  2  1  1  1  1  1  1
 35 * Text                  20   3 24 14   0  0  0  0  0  0  0  1  0  1  0  0  0  0  1  0  0  0  1  0  0  0  0  2  0  1  2  1  0  1  1  1  1  1  1  0  1  0  1  0  1  2
 36 Beat The Last Move      18   5 28  8   0  0  0  0  0  0  0  0  0  1  0  0  0  0  1  0  0  0  1  0  0  0  0  1  0  0  0  1  0  1  1  0  0  0  2  1  0  2  1  2  2  2
 37 Always Switchin'        16   1 26 14   0  0  0  0  0  0  0  0  0  0  0  0  0  0  0  0  0  0  1  0  1  0  0  1  0  0  1  1  0  0  1  1  1  1  1  2  1  1  0  1  1  1
 38 Beat Frequent Pick      16   4 29  8   0  0  0  0  0  0  0  0  0  0  0  0  0  0  0  0  0  0  0  0  0  0  0  1  0  0  1  1  0  1  1  0  0  1  2  0  1  1  1  2  2  2
 39 Rotate R-P-S            16   2 27 12   0  0  0  0  0  0  0  0  0  0  0  0  0  0  0  0  0  0  1  0  0  0  0  1  0  0  1  1  0  1  2  1  0  1  1  1  2  1  1  1  1  0
 40 Good Ole Rock           16   3 28 10   0  0  0  0  0  0  0  0  0  0  0  0  0  0  0  0  0  0  1  0  0  0  0  1  0  0  1  1  0  1  1  1  0  1  2  0  1  0  1  1  2  2
 41 R-P-S 20-20-60          13   1 29 11   0  0  0  0  0  0  0  0  0  0  0  0  0  0  0  0  0  0  1  0  0  0  0  1  0  0  1  1  0  1  1  1  0  1  1  0  1  0  1  0  1  2
 42 * Anti-Flat             12   3 32  6   0  0  0  0  0  0  0  0  0  0  0  0  0  0  0  0  0  0  2  0  0  0  0  1  0  0  1  1  0  1  0  2  0  1  0  0  1  0  2  0  0  1


   Yomi AI is match ranked 9

 Tournament results:
    Player Name          total 
  1 Yomi AI               5115 
 15 * Anti-rotn           5971 
 19 Iocaine Powder       10986 
 20 Phasenbott           10261 
 21 MegaHAL               9606 
 22 RussRocker4           7848 
 23 Biopic                8710 
 24 Simple Modeller       8511 
 25 Simple Predictor      7317 
 26 Robertot              8319 
 27 Boom                  7044 
 28 Shofar                5925 
 29 ACT-R Lag2            6427 
 32 Granite               6913 
 33 Marble                6568 
 34 ZQ Bot                5520 
 35 Sweet Rocky           5823 
 36 Piedra                5974 
 37 Mixed Strategy        5238 
 41 Bugbrain              5809 

   Yomi is tournament ranked 20

