 Playing 1 tournaments with 1000 trials per match...

 Yomi AI            vs Good Ole Rock       Match: 1000 (1000+   0-   0=)
 Yomi AI            vs R-P-S 20-20-60      Match:  302 (519+ 217- 264=)
 Yomi AI            vs Rotate R-P-S        Match:  893 (936+  43-  21=)
 Yomi AI            vs Beat The Last Move  Match:   71 (385+ 314- 301=)
 Yomi AI            vs Always Switchin'    Match:  162 (453+ 291- 256=)
 Yomi AI            vs Beat Frequent Pick  Match:  485 (686+ 201- 113=)
 Yomi AI            vs * Pi                Match:   31 (358+ 327- 315=)
 Yomi AI            vs * Switch A Lot      Match:  103 (404+ 301- 295=)
 Yomi AI            vs * Flat              Match:  144 (436+ 292- 272=)
 Yomi AI            vs * Anti-Flat         Match:  999 (999+   0-   1=)
 Yomi AI            vs * Foxtrot           Match:  316 (532+ 216- 252=)
 Yomi AI            vs * De Bruijn         Match:    9 (333+ 324- 343=)
 Yomi AI            vs * Text              Match:  130 (417+ 287- 296=)
 Yomi AI            vs * Anti-rotn         Match:   37 (363+ 326- 311=)
 Yomi AI            vs * Copy-drift        Match:  -21 (329+ 350- 321=)
 Yomi AI            vs * Add-react         Match:   61 (362+ 301- 337=)
 Yomi AI            vs * Add-drift         Match:  -34 (311+ 345- 344=)
 Yomi AI            vs Iocaine Powder      Match:  -19 (324+ 343- 333=)
 Yomi AI            vs Phasenbott          Match:   36 (348+ 312- 340=)
 Yomi AI            vs MegaHAL             Match:   29 (355+ 326- 319=)
 Yomi AI            vs RussRocker4         Match:  -35 (329+ 364- 307=)
 Yomi AI            vs Biopic              Match:  -16 (358+ 374- 268=)
 Yomi AI            vs Simple Modeller     Match:    9 (350+ 341- 309=)
 Yomi AI            vs Simple Predictor    Match:    0 (362+ 362- 276=)
 Yomi AI            vs Robertot            Match:   33 (365+ 332- 303=)
 Yomi AI            vs Boom                Match:   14 (336+ 322- 342=)
 Yomi AI            vs Shofar              Match:    5 (327+ 322- 351=)
 Yomi AI            vs ACT-R Lag2          Match:  -37 (327+ 364- 309=)
 Yomi AI            vs Majikthise          Match:   13 (338+ 325- 337=)
 Yomi AI            vs Vroomfondel         Match:    1 (340+ 339- 321=)
 Yomi AI            vs Granite             Match:  137 (458+ 321- 221=)
 Yomi AI            vs Marble              Match:  117 (440+ 323- 237=)
 Yomi AI            vs ZQ Bot              Match:  127 (455+ 328- 217=)
 Yomi AI            vs Sweet Rocky         Match:   34 (370+ 336- 294=)
 Yomi AI            vs Piedra              Match:   30 (369+ 339- 292=)
 Yomi AI            vs Mixed Strategy      Match:   -1 (359+ 360- 281=)
 Yomi AI            vs Multi-strategy      Match:  284 (533+ 249- 218=)
 Yomi AI            vs Inocencio           Match:  166 (475+ 309- 216=)
 Yomi AI            vs Peterbot            Match:   53 (368+ 315- 317=)
 Yomi AI            vs Bugbrain            Match:  -13 (336+ 349- 315=)
 Yomi AI            vs Knucklehead         Match:  481 (661+ 180- 159=)
 Final results (draw value = 50):

 Tournament results: 

    Player Name          total     1    2    3    4    5    6    7    8    9   10   11   12   13   14   15   16   17   18   19   20   21   22   23   24   25   26   27   28   29   30   31   32   33   34   35   36   37   38   39   40   41   42
  1 Iocaine Powder       11331     0  107   98  -16   46   42  493  168   35  -20  206  253   34   20   19   24   50  318   48   92   -7   59  312   15    4  689  129  185  339  202  279   91   48  586  177 1000  325  924  991  985  995  986
  2 Phasenbott           10227  -107    0   19    9   55   95  549  145   17   24  232  202   77   78  -36   71   81  296   48   41   15   32  219   34   37  222  179  100  354   28  339   78  102  365  270  904  167  928  982  991  996  989
  3 MegaHAL              10069   -98  -19    0   -8   43   35   98   67   19  -35  252  268  -42   36  -29  -43   79  265   64   29  -40  -42  226  -33  -33  939  207   21   69  130  270  142  227  380  431  885  386  948  986  995  998  996
  4 Simple Modeller       9443    16   -9    8    0  -44    0  -46  307  -17   -9   59  125   -5   60   -9   22   43  286   65  107  -18   22  218  -26  -15  796  264  254  -21   51  108  131  221  297  476  777  381  594  990  991  998  995
  5 Biopic                8858   -46  -55  -43   44    0   88   -2   88  -28  -28  171  118   66   67   16   26   62   76   38   46   21   38  277  -46    2  198   12   46  403  184   48  142  171  497  345  707  389  744  994  992  999  991
  6 Robertot              7922   -42  -95  -35    0  -88    0  -18  -26   28   17   87   97  -25   49  -33   41   33   91   41   74   -7  -12  257   -4   -7   47  -16  104    6   54   70  169  106  446  457  820  409  860  983  994  995  995
  7 RussRocker4           7849  -493 -549  -98   46    2   18    0   89   20   20  131  159   13   24   35   19   55  192   41  123   25   42  248  -41  -37  157   73  125  164  143  316   51  118  515  283  931  314  588  994  995  998 1000
  8 Simple Predictor      7848  -168 -145  -67 -307  -88   26  -89    0  -44   12   34   44  -52   52    0   51   79  202   47   63  -43  -34  220  -73  -21  403  298  286   -1   98  108  149  215  304  408  892  430  592  986  990  993  998
  9 Boom                  7000   -35  -17  -19   17   28  -28  -20   44    0   -5  -40   74  -63   70  -14  -33   63    9   16   89  -26   -9  267  -29   33   46   37   36  -22   28  101   82  191  388  445  188  385  753  991  990  995  994
 10 Shofar                6878    20  -24   35    9   28  -17  -20  -12    5    0   56   88    3   37   -5   33  -23   13   43   64   13   11  106  -38   47  667    3   57   27  117   35  101  144  124  445   91  239  553  902  936  986  979
 11 Granite               6567  -206 -232 -252  -59 -171  -87 -131  -34   40  -56    0  -15 -139   44 -137  -59   49   -8   42    9  -42  -64  275  -65    1  644   30   92   40  146   98  176  167  336  297  907  358  592  989  993  999 1000
 12 Marble                6433  -253 -202 -268 -125 -118  -97 -159  -44  -74  -88   15    0 -125   25 -117  -94   38   -2   55   24   12  -30  280  -65  -46  651   17   85  104  172   65  177  138  315  287  897  419  591  991  991  998  993
 13 ACT-R Lag2            6255   -34  -77   42    5  -66   25  -13   52   63   -3  139  125    0   41   37   37   34  111   42   89   23  -49  326  -77  -33   74   27   14   14  145   54  105   93  496  277  277  283  569   13  995  995  985
 14 Piedra                6188   -20  -78  -36  -60  -67  -49  -24  -52  -70  -37  -44  -25  -41    0  -30  -36  -21  -37   26   19  -42   -7  106  -24  -57  -36   60   64   52  164  155  186  151  167  256  697  410  591  998  995  995  989
 15 Yomi AI               6136   -19   36   29    9  -16   33  -35    0   14    5  137  117  -37   30    0  -13   34  127   37   -1   13    1  284    9   31  166  -34  -21  316  144   61  130  103  481  162   53  302  485   71  893 1000  999
 16 Bugbrain              5803   -24  -71   43  -22  -26  -41  -19  -51   33  -33   59   94  -37   36   13    0   24  150   50   35  -28   29  150    8   32   32  126   47   -2  -22   85   25  138  112  290  218  158  381  938  920  987  966
 17 Sweet Rocky           5730   -50  -81  -79  -43  -62  -33  -55  -79  -63   23  -49  -38  -34   21  -34  -24    0  -71   38  -63  -64  -32   53  -33  -31  -50   34    4  -35   76  203  171  126  118  209  759  420  594  996  993 1000  995
 18 ZQ Bot                5723  -318 -296 -265 -286  -76  -91 -192 -202   -9  -13    8    2 -111   37 -127 -150   71    0   58  -12  -61  -94  201   15   -4  372   83   14   36  131  305  171  127  217  231  997  389  590  995  990  995  995
 19 * Anti-rotn           5421   -48  -48  -64  -65  -38  -41  -41  -47  -16  -43  -42  -55  -42  -26  -37  -50  -38  -58    0  -28  -39   -2  277  -36  -57  599  -12    3  -18  237   22   57  322   63  473   65  210  598  495  998  996  997
 20 Mixed Strategy        4883   -92  -41  -29 -107  -46  -74 -123  -63  -89  -64   -9  -24  -89  -19    1  -35   63   12   28    0   -4   -1    3  -22  -42   64   59    3  -11  -55   71  136  132  229  206  164  410  443  961  968  989  980
 21 Majikthise            4789     7  -15   40   18  -21    7  -25   43   26  -13   42  -12  -23   42  -13   28   64   61   39    4    0   -1  122   -8    8   56  -54  -15   16  110   18   31   89  206  287   21  168  434   16  993 1000  993
 22 Vroomfondel           4522   -59  -32   42  -22  -38   12  -42   34    9  -11   64   30   49    7   -1  -29   32   94    2    1    1    0  120  -37   -6   74    0  -30   20   87  -39   43   73  180  263   42  141  469   -3  995  992  995
 23 Multi-strategy        2360  -312 -219 -226 -218 -277 -257 -248 -220 -267 -106 -275 -280 -326 -106 -284 -150  -53 -201 -277   -3 -122 -120    0  -50  -20 -140  -48  267  -61  105   16  123  292   50  502  500  381  999  997  997  999  998
 24 * De Bruijn            784   -15  -34   33   26   46    4   41   73   29   38   65   65   77   24   -9   -8   33  -15   36   22    8   37   50    0   -1   26   13   -7   -2   -7   14   23   -8   52  -13   17    7  128   -1   21    0 -104
 25 * Pi                   145    -4  -37   33   15   -2    7   37   21  -33  -47   -1   46   33   57  -31  -32   31    4   57   42   -8    6   20    1    0   23   -9    0    2  -43   34  -81  -24   39  -33    3   -4   30   22  -11  -11   -7
 26 Inocencio             -858  -689 -222 -939 -796 -198  -47 -157 -403  -46 -667 -644 -651  -74   36 -166  -32   50 -372 -599  -64  -56  -74  140  -26  -23    0   37   53  291  174   73  152  102  213  234  128  354  363  751  977  984  975
 27 * Add-drift          -1501  -129 -179 -207 -264  -12   16  -73 -298  -37   -3  -30  -17  -27  -60   34 -126  -34  -83   12  -59   54    0   48  -13    9  -37    0   38  -30   42   24   20    6  -16  -26  -24   -6   21  -23  -19   -4   11
 28 * Copy-drift         -1991  -185 -100  -21 -254  -46 -104 -125 -286  -36  -57  -92  -85  -14  -64   21  -47   -4  -14   -3   -3   15   30 -267    7    0  -53  -38    0   21   15  -68   13  -32  -94  -12  -27   11   -7    2   12  -29   29
 29 * Foxtrot            -2189  -339 -354  -69   21 -403   -6 -164    1   22  -27  -40 -104  -14  -52 -316    2   35  -36   18   11  -16  -20   61    2   -2 -291   30  -21    0  -23  -19   32   15  -54   11  -39    3   -6  -16  -11   -7   -4
 30 * Flat               -2750  -202  -28 -130  -51 -184  -54 -143  -98  -28 -117 -146 -172 -145 -164 -144   22  -76 -131 -237   55 -110  -87 -105    7   43 -174  -42  -15   23    0   -6  -10   27  -11   17 -144   -5  244  212  -21   -1 -419
 31 * Add-react          -2898  -279 -339 -270 -108  -48  -70 -316 -108 -101  -35  -98  -65  -54 -155  -61  -85 -203 -305  -22  -71  -18   39  -16  -14  -34  -73  -24   68   19    6    0    2  -80   -3  -45  -54  -11   -6   68   45   -8   34
 32 * Text               -3099   -91  -78 -142 -131 -142 -169  -51 -149  -82 -101 -176 -177 -105 -186 -130  -25 -171 -171  -57 -136  -31  -43 -123  -23   81 -152  -20  -13  -32   10   -2    0   18   21  -11   10   24 -185  -74  -11 -185  112
 33 * Switch A Lot       -3269   -48 -102 -227 -221 -171 -106 -118 -215 -191 -144 -167 -138  -93 -151 -103 -138 -126 -127 -322 -132  -89  -73 -292    8   24 -102   -6   32  -15  -27   80  -18    0    5  -34 -120   27   95  320    8  -31  -21
 34 Knucklehead          -3889  -586 -365 -380 -297 -497 -446 -515 -304 -388 -124 -336 -315 -496 -167 -481 -112 -118 -217  -63 -229 -206 -180  -50  -52  -39 -213   16   94   54   11    3  -21   -5    0  -10   26   82  160  935  -39  981 1000
 35 Always Switchin'     -7254  -177 -270 -431 -476 -345 -457 -283 -408 -445 -445 -297 -287 -277 -256 -162 -290 -209 -231 -473 -206 -287 -263 -502   13   33 -234   26   12  -11  -17   45   11   34   10    0 -227    9   -5  516  -12   17    3
 36 Peterbot             -7518  -1000 -904 -885 -777 -707 -820 -931 -892 -188  -91 -907 -897 -277 -697  -53 -218 -759 -997  -65 -164  -21  -42 -500  -17   -3 -128   24   27   39  144   54  -10  120  -26  227    0  424  434  981  998  999  987
 37 R-P-S 20-20-60       -9165  -325 -167 -386 -381 -389 -409 -314 -430 -385 -239 -358 -419 -283 -410 -302 -158 -420 -389 -210 -410 -168 -141 -381   -7    4 -354    6  -11   -3    5   11  -24  -27  -82   -9 -424    0 -371 -166  -17 -455  233
 38 Beat Frequent Pick  -14320  -924 -928 -948 -594 -744 -860 -588 -592 -753 -553 -592 -591 -569 -591 -485 -381 -594 -590 -598 -443 -434 -469 -999 -128  -30 -363  -21    7    6 -244    6  185  -95 -160    5 -434  371    0 -600    0  999  996
 39 Beat The Last Move  -19185  -991 -982 -986 -990 -994 -983 -994 -986 -991 -902 -989 -991  -13 -998  -71 -938 -996 -995 -495 -961  -16    3 -997    1  -22 -751   23   -2   16 -212  -68   74 -320 -935 -516 -981  166  600    0    1 1000  997
 40 Rotate R-P-S        -25192  -985 -991 -995 -991 -992 -994 -995 -990 -990 -936 -993 -991 -995 -995 -893 -920 -993 -990 -998 -968 -993 -995 -997  -21   11 -977   19  -12   11   21  -45   11   -8   39   12 -998   17    0   -1    0    0 -691
 41 Good Ole Rock       -26148  -995 -996 -998 -998 -999 -995 -998 -993 -995 -986 -999 -998 -995 -995 -1000 -987 -1000 -995 -996 -989 -1000 -992 -999    0   11 -984    4   29    7    1    8  185   31 -981  -17 -999  455 -999 -1000    0    0  999
 42 * Anti-Flat         -27938  -986 -989 -996 -995 -991 -995 -1000 -998 -994 -979 -1000 -993 -985 -989 -999 -966 -995 -995 -997 -980 -993 -995 -998  104    7 -975  -11  -29    4  419  -34 -112   21 -1000   -3 -987 -233 -996 -997  691 -999    0

 Match results (draw <= 50): 

    Player Name           total  W  L  D   1  2  3  4  5  6  7  8  9 10 11 12 13 14 15 16 17 18 19 20 21 22 23 24 25 26 27 28 29 30 31 32 33 34 35 36 37 38 39 40 41 42
  1 Phasenbott              68  28  1 12   1  0  1  1  2  2  1  1  2  2  1  2  2  1  1  2  1  1  2  2  2  1  2  1  2  2  2  2  2  2  2  2  1  2  2  2  2  2  2  2  2  2
  2 Iocaine Powder          67  26  0 15   2  1  1  2  1  2  1  1  1  1  1  2  1  1  2  1  1  2  2  2  1  1  2  1  2  2  2  2  2  2  2  2  2  1  2  2  2  2  2  2  2  2
  3 Simple Modeller         65  24  0 17   1  1  1  1  1  1  1  1  1  1  1  2  1  1  1  2  2  2  2  2  1  1  2  1  2  2  1  2  2  2  2  2  2  2  2  2  2  2  2  2  2  2
  4 MegaHAL                 64  24  1 16   1  0  1  1  1  2  1  1  1  1  1  2  1  1  1  1  2  1  2  2  2  1  2  1  2  2  2  2  2  1  2  2  2  2  2  2  2  2  2  2  2  2
  5 Biopic                  63  23  1 17   0  1  1  1  1  1  1  1  2  2  1  2  1  1  1  2  1  1  2  2  2  1  2  1  2  1  2  2  2  1  2  1  2  2  2  2  2  2  2  2  2  2
  6 RussRocker4             62  24  3 14   0  0  1  0  1  1  1  1  1  1  1  2  1  1  1  1  1  2  2  2  2  1  2  1  2  2  2  2  2  2  2  2  2  2  2  2  2  2  2  2  2  2
  7 Yomi AI                 60  19  0 22   1  1  1  1  1  1  1  1  1  1  1  1  1  1  1  1  1  1  2  2  1  1  2  1  2  1  2  2  2  1  2  2  2  2  2  2  2  2  2  2  2  2
  8 Shofar                  59  18  0 23   1  1  1  1  1  1  1  1  1  1  1  1  1  1  1  1  1  2  2  1  1  1  2  1  2  1  1  2  2  2  2  1  2  2  2  2  2  2  2  2  2  2
  9 Robertot                58  19  2 20   0  1  1  1  0  1  1  1  1  1  1  1  1  1  1  1  1  2  2  2  1  1  2  1  1  1  1  2  2  2  2  2  2  2  2  2  2  2  2  2  2  2
 10 ACT-R Lag2              58  20  3 18   0  1  1  1  0  1  1  1  1  1  2  2  1  1  1  1  1  2  2  2  1  0  2  1  2  1  1  2  2  1  2  2  2  2  2  1  2  2  2  2  2  2
 11 Boom                    57  17  1 23   1  1  1  1  1  1  1  1  1  0  1  1  1  1  1  2  1  2  2  1  2  1  1  1  1  1  1  2  2  1  2  2  1  2  2  2  2  2  2  2  2  2
 12 Simple Predictor        55  22  8 11   0  0  0  0  0  0  1  1  1  0  1  1  2  1  1  2  1  2  1  2  2  0  1  1  2  2  1  2  2  2  2  2  2  2  2  2  2  2  2  2  2  2
 13 Bugbrain                55  16  2 23   0  1  1  1  1  1  1  1  1  1  1  0  1  1  1  1  1  1  2  2  1  1  2  1  1  2  1  2  2  1  2  2  1  2  1  2  2  2  2  2  2  2
 14 Majikthise              53  13  1 27   1  1  1  1  1  1  1  1  1  1  1  1  1  1  1  1  1  1  1  2  2  1  1  1  2  0  1  2  1  1  2  1  2  2  1  1  2  2  2  2  2  2
 15 Vroomfondel             53  13  1 27   1  0  1  1  1  1  1  1  1  1  1  1  1  1  1  1  1  1  1  2  1  1  2  1  2  1  1  2  1  1  2  1  2  2  1  1  2  2  2  2  2  2
 16 Piedra                  52  17  6 18   0  1  0  1  0  1  1  1  1  1  0  0  1  1  1  1  1  1  1  1  1  1  1  0  1  2  2  2  2  2  2  2  2  2  2  2  2  2  2  2  2  2
 17 * Anti-rotn             50  14  5 22   1  1  0  0  1  1  1  1  1  1  1  1  1  1  1  1  1  1  0  0  1  1  1  0  2  1  1  2  2  1  2  1  2  2  2  2  2  2  2  2  2  2
 18 Mixed Strategy          47  15  9 17   1  0  0  1  1  0  1  0  0  0  0  0  1  1  1  1  1  1  1  1  2  1  1  1  2  2  1  1  2  1  2  2  0  2  2  2  2  2  2  2  2  2
 19 Marble                  46  18 13 10   0  0  0  0  0  0  0  0  0  0  0  1  0  1  1  1  2  1  1  1  1  0  1  1  2  1  2  2  2  2  2  2  2  2  2  2  2  2  2  2  2  2
 20 ZQ Bot                  46  18 13 10   0  0  0  0  0  0  0  1  0  0  1  0  0  0  0  1  2  1  1  1  2  1  1  1  2  2  1  2  2  1  2  2  2  2  2  2  2  2  2  2  2  2
 21 Sweet Rocky             46  14  9 18   0  1  1  0  0  0  1  1  1  1  0  0  1  0  1  1  1  0  1  0  1  1  1  1  1  1  1  2  2  1  2  2  2  2  2  2  2  2  2  2  2  2
 22 * De Bruijn             46   6  1 34   1  1  1  1  1  1  1  1  1  2  1  2  1  1  1  1  1  1  2  1  1  1  2  1  1  1  1  1  1  1  2  1  1  1  1  1  1  1  2  1  0  1
 23 Granite                 44  16 13 12   0  0  0  0  0  0  0  0  0  0  1  1  0  1  0  1  1  1  1  1  1  0  1  1  2  1  1  2  2  2  2  2  2  2  2  2  2  2  2  2  2  2
 24 * Pi                    42   2  1 38   1  1  1  1  1  1  1  1  1  1  1  1  1  1  1  2  2  1  1  1  1  1  1  1  1  1  1  1  1  1  1  1  1  1  0  1  1  1  1  1  1  1
 25 Inocencio               40  16 17  8   0  0  0  0  0  0  0  0  1  0  1  0  1  0  0  1  0  0  0  0  1  1  0  1  1  1  2  2  2  2  2  2  2  2  2  2  2  2  2  2  2  2
 26 * Add-drift             32   1 10 30   0  0  0  0  1  0  1  1  1  1  1  0  0  2  1  0  1  0  1  0  1  1  1  1  1  1  1  1  1  1  1  1  1  1  1  1  1  1  1  1  1  1
 27 * Foxtrot               32   1 10 30   0  0  1  0  0  0  0  1  1  1  1  1  1  1  1  0  1  1  0  1  1  1  1  1  0  1  1  2  1  1  0  1  1  1  1  1  1  1  1  1  1  1
 28 Multi-strategy          30  12 23  6   0  0  0  0  0  0  0  0  0  0  0  0  0  0  0  0  0  1  0  0  0  1  0  1  0  1  0  1  2  2  1  1  2  2  2  2  2  2  2  2  2  2
 29 Peterbot                29  10 22  9   0  0  0  0  0  0  0  0  0  0  0  0  0  1  1  0  0  0  0  0  0  1  0  1  0  1  1  0  1  1  1  2  2  2  1  2  2  2  2  2  2  2
 30 * Copy-drift            27   0 14 27   0  0  0  1  1  0  1  0  0  1  1  0  1  1  1  0  1  1  0  1  1  1  0  1  0  1  1  0  1  1  0  0  1  1  1  1  1  1  1  1  1  1
 31 Knucklehead             24   7 24 10   0  0  0  0  0  0  0  0  0  0  0  0  0  0  0  0  0  0  0  0  0  0  0  1  0  1  2  1  1  2  1  1  1  1  1  2  1  2  2  1  2  2
 32 * Add-react             23   2 20 19   0  0  0  0  1  0  0  1  0  0  0  0  0  1  1  0  1  0  0  0  0  1  0  1  0  1  1  1  0  2  1  1  1  0  1  2  1  1  1  1  1  1
 33 * Flat                  22   3 22 16   1  0  0  0  0  0  0  0  0  0  1  0  1  0  0  0  0  2  0  0  0  1  0  1  0  1  1  0  0  1  1  1  1  1  1  2  1  1  2  1  0  1
 34 * Switch A Lot          20   3 24 14   0  1  0  0  0  0  0  0  0  0  0  0  0  0  0  0  0  0  0  0  0  1  0  1  0  1  1  0  0  1  1  2  1  1  1  2  1  1  2  1  1  1
 35 * Text                  19   2 24 15   0  0  0  0  0  0  0  0  0  0  0  0  1  1  1  0  0  0  0  0  0  1  0  2  0  1  1  0  1  1  1  1  1  1  1  0  1  0  0  1  2  1
 36 Beat The Last Move      19   5 27  9   0  0  0  0  0  0  0  0  0  1  0  0  0  1  1  0  0  0  0  0  0  1  0  1  0  1  1  0  0  1  0  0  0  0  2  1  0  2  2  1  2  2
 37 Always Switchin'        17   1 25 15   0  0  0  0  0  0  0  0  0  0  0  0  0  0  0  0  0  0  0  0  0  1  0  1  0  1  1  0  0  1  1  1  1  1  1  2  1  1  1  1  1  1
 38 Good Ole Rock           16   3 28 10   0  0  0  0  0  0  0  0  0  0  0  0  0  0  0  0  0  0  0  0  0  1  0  1  0  1  1  0  0  1  0  1  1  1  2  0  1  1  0  1  2  2
 39 Beat Frequent Pick      15   4 30  7   0  0  0  0  0  0  0  0  0  0  0  0  0  0  0  0  0  0  0  0  0  0  0  1  0  1  1  0  0  1  0  1  0  0  2  0  1  2  1  1  2  2
 40 Rotate R-P-S            15   0 26 15   0  0  0  0  0  0  0  0  0  0  0  0  0  0  0  0  0  0  0  0  0  1  0  1  0  1  1  0  0  1  1  1  1  1  1  1  1  1  1  1  0  1
 41 * Anti-Flat             13   3 31  7   0  0  0  0  0  0  0  0  0  0  0  0  0  0  0  0  0  0  0  0  0  2  0  1  0  1  1  0  0  1  0  1  2  1  0  0  1  0  0  2  1  0
 42 R-P-S 20-20-60          13   1 29 11   0  0  0  0  0  0  0  0  0  0  0  0  0  0  0  0  0  0  0  0  0  1  0  1  0  1  1  0  0  1  0  1  1  1  1  0  1  0  0  1  2  1


   Yomi AI is match ranked 7

 Tournament results:
    Player Name          total 
  1 Yomi AI               6136 
 19 Iocaine Powder       11331 
 20 Phasenbott           10227 
 21 MegaHAL              10069 
 22 RussRocker4           7849 
 23 Biopic                8858 
 24 Simple Modeller       9443 
 25 Simple Predictor      7848 
 26 Robertot              7922 
 27 Boom                  7000 
 28 Shofar                6878 
 29 ACT-R Lag2            6255 
 32 Granite               6567 
 33 Marble                6433 
 36 Piedra                6188 

   Yomi is tournament ranked 15

