 Playing 1 tournaments with 1000 trials per match...

 Yomi AI            vs Good Ole Rock       Match: 1000 (1000+   0-   0=)
 Yomi AI            vs R-P-S 20-20-60      Match:  207 (456+ 249- 295=)
 Yomi AI            vs Rotate R-P-S        Match:  529 (661+ 132- 207=)
 Yomi AI            vs Beat The Last Move  Match:   47 (365+ 318- 317=)
 Yomi AI            vs Always Switchin'    Match:  164 (444+ 280- 276=)
 Yomi AI            vs Beat Frequent Pick  Match:  431 (638+ 207- 155=)
 Yomi AI            vs * Pi                Match:  -33 (328+ 361- 311=)
 Yomi AI            vs * Switch A Lot      Match:   92 (385+ 293- 322=)
 Yomi AI            vs * Flat              Match:  111 (392+ 281- 327=)
 Yomi AI            vs * Anti-Flat         Match:  533 (675+ 142- 183=)
 Yomi AI            vs * Foxtrot           Match:  287 (521+ 234- 245=)
 Yomi AI            vs * De Bruijn         Match:   26 (342+ 316- 342=)
 Yomi AI            vs * Text              Match:   77 (382+ 305- 313=)
 Yomi AI            vs * Anti-rotn         Match:   25 (348+ 323- 329=)
 Yomi AI            vs * Copy-drift        Match:    4 (331+ 327- 342=)
 Yomi AI            vs * Add-react         Match:   26 (348+ 322- 330=)
 Yomi AI            vs * Add-drift         Match:   22 (340+ 318- 342=)
 Yomi AI            vs Iocaine Powder      Match:  -94 (289+ 383- 328=)
 Yomi AI            vs Phasenbott          Match:  -14 (332+ 346- 322=)
 Yomi AI            vs MegaHAL             Match:   19 (342+ 323- 335=)
 Yomi AI            vs RussRocker4         Match:  -14 (328+ 342- 330=)
 Yomi AI            vs Biopic              Match:   26 (365+ 339- 296=)
 Yomi AI            vs Simple Modeller     Match:   23 (347+ 324- 329=)
 Yomi AI            vs Simple Predictor    Match:   15 (355+ 340- 305=)
 Yomi AI            vs Robertot            Match:  -58 (335+ 393- 272=)
 Yomi AI            vs Boom                Match:   30 (363+ 333- 304=)
 Yomi AI            vs Shofar              Match:  -21 (329+ 350- 321=)
 Yomi AI            vs ACT-R Lag2          Match:    7 (329+ 322- 349=)
 Yomi AI            vs Majikthise          Match:  -13 (325+ 338- 337=)
 Yomi AI            vs Vroomfondel         Match:   38 (360+ 322- 318=)
 Yomi AI            vs Granite             Match:   59 (396+ 337- 267=)
 Yomi AI            vs Marble              Match:   85 (386+ 301- 313=)
 Yomi AI            vs ZQ Bot              Match:   41 (381+ 340- 279=)
 Yomi AI            vs Sweet Rocky         Match:   57 (371+ 314- 315=)
 Yomi AI            vs Piedra              Match:   44 (362+ 318- 320=)
 Yomi AI            vs Mixed Strategy      Match:   26 (346+ 320- 334=)
 Yomi AI            vs Multi-strategy      Match:  203 (468+ 265- 267=)
 Yomi AI            vs Inocencio           Match:   94 (419+ 325- 256=)
 Yomi AI            vs Peterbot            Match:   55 (351+ 296- 353=)
 Yomi AI            vs Bugbrain            Match:   38 (347+ 309- 344=)
 Yomi AI            vs Knucklehead         Match:  276 (505+ 229- 266=)
 Final results (draw value = 50):

 Tournament results: 

    Player Name          total     1    2    3    4    5    6    7    8    9   10   11   12   13   14   15   16   17   18   19   20   21   22   23   24   25   26   27   28   29   30   31   32   33   34   35   36   37   38   39   40   41   42
  1 Iocaine Powder       10904     0   35   90   72   58   42  502  142   35   21  246  244    6   31   35  295   43   10   28   58   27   94  212  286   29   35   75  169  368  218  575  131  377   46  842  226  332  932  987  982  993  975
  2 Phasenbott            9871   -35    0   30  -14   25   98  504  121   14   56  166  252    0   46   65  271   26   50    2   41   54   14  157  205   39   -7   99   98  365   54  339   88  319  166  928  204  135  941  978  992  993  992
  3 MegaHAL               9487   -90  -30    0  -31   11   60  123   60   64  -47  236  219   -5   41   10  240   61   60  -15   51   -1  -19  189  172   -8  -21  148   73   50  109  396  189  341  245  858  448  396  941  988  995  998  982
  4 Simple Modeller       8863   -72   14   31    0    8   25    8  262   24  -47   41  115  -53   20   69  264   35  105   15   65    7  -23  160  792  -22  -20  244  250  -29   53  299  135  113  272  338  411  384  595  988  993  997  997
  5 Biopic                8022   -58  -25  -11   -8    0   18    8   56   -9   -7  131  109   -5   47  -26  130   72   11   15   61  -23  -26  144  145   -2   -2  -16   82  357  136  543  139   31  141  729  335  330  487  994  995  997  997
  6 Robertot              7813   -42  -98  -60  -25  -18    0   -5  -16   39    4  -27  -14   26   69  -15  126   42   43  -13   72   30   58  309   28   -3  -35   -5   35  -40   64  439  169   81  110  831  460  355  909  958  989  996  987
  7 RussRocker4           7750  -502 -504 -123   -8   -8    5    0  104   47   16  146  141    8   20   54  155   20   36   22   41   39   14  306  146  -33   27  142  145  224   73  493   64  339   98  943  224  270  590  991  993  997  995
  8 Simple Predictor      7059  -142 -121  -60 -262  -56   16 -104    0   11  -55  -38   21  -24   42   49  135   65   54  -21   52    3  -15  191  511  -62  -21  300  277  -12   52  245  149   93  168  318  380  361  592  985  986  996 1000
  9 Boom                  6891   -35  -14  -64  -24    9  -39  -47  -11    0  -39   46   48  -39   17  -25  -21  -37   48  -15   67  -23  -30  269   40   41    8  -10    6  -20    3  408  120   99  117  502  430  375  753  991  990  997 1000
 10 ACT-R Lag2            6814   -21  -56   47   47    7   -4  -16   55   39    0  143  127   -1   41  -30   48  112   45    3   36   20   -7  259  113  -86   29    0    1  -35  153  508   73   64  144   98  283  347  579  665  994  993  997
 11 Marble                6671  -246 -166 -236  -41 -131   27 -146   38  -46 -143    0  -42  -52   60  -56   10   31   34  -74   72  -47  -85  252  648    1   14   39   48   67  196  353  178   85   97  742  217  399  591  994  995 1000  994
 12 Granite               6600  -244 -252 -219 -115 -109   14 -141  -21  -48 -127   42    0  -94   52  -44   33   58   87    7   68  -38  -59  272  652  -64  -26   16   66   -4  174  276  181   54  107  873  231  373  593  989  993  999  995
 13 Shofar                6237    -6    0    5   53    5  -26   -8   24   39    1   52   94    0   48  -34   92   58   38  -21   49    9   21  136   68  -33    8   31  105   16   15   60   58  -15  188   98  440  243  553  901  923  980  969
 14 Piedra                5902   -31  -46  -41  -20  -47  -69  -20  -42  -17  -41  -60  -52  -48    0  -34  -30  -33   37  -23   55  -34  -44  127  -50   22    6   -6   10  -18  159  122  174  314  205  147  338  421  596  995  990  995  995
 15 Bugbrain              5747   -35  -65  -10  -69   26   15  -54  -49   25   30   56   44   34   34    0  197   43   42  -32   82   -1  -38   53   48   -9  -17  114   17   -7   64  138   24   87  103  266  233  153  397  950  897  970  991
 16 ZQ Bot                5592  -295 -271 -240 -264 -130 -126 -155 -135   21  -48  -10  -33  -92   30 -197    0  -26   31  -60   44  -44  -41  310   57  -16   -8   47   22  -37  154  215  170  226  254  999  302  362  595  998  995  998  990
 17 Mixed Strategy        5433   -43  -26  -61  -35  -72  -42  -20  -65   37 -112  -31  -58  -58   33  -43   26    0  -46  -64  -55  -44  -26   83  726  -52  -27    6   73   -8   31  149  171   46  -64  135  124  403  491  984  990  987  990
 18 Sweet Rocky           5306   -10  -50  -60 -105  -11  -43  -36  -54  -48  -45  -34  -87  -38  -37  -42  -31   46    0  -68   43  -27  -57  110  -59  -49  -29   15  -35  -23  131  170  153  210  190  174  212  366  586  995  989  994 1000
 19 Majikthise            5002   -28   -2   15  -15  -15   13  -22   21   15   -3   74   -7   21   23   32   60   64   68    0   29   54   13  169  108  -16   -6   34  -17   17  100  247    2  -74  128   24  249  168  475    4  995  991  994
 20 * Anti-rotn           4938   -58  -41  -51  -65  -61  -72  -41  -52  -67  -36  -72  -68  -49  -55  -82  -44   55  -43  -29    0  -20  -25  227  -17  -50  -37  -26  -12  -30  194   51   60   -7  341  500  473  164  598  496  996  997  996
 21 Vroomfondel           4513   -27  -54    1   -7   23  -30  -39   -3   23  -20   47   38   -9   34    1   44   44   27  -54   20    0  -38  120   71  -13   29    5    1   16  115  241    1  -23  126    9  205  137  465    4  991  995  997
 22 Yomi AI               4470   -94  -14   19   23   26  -58  -14   15   30    7   85   59  -21   44   38   41   26   57  -13   25   38    0  203   94   26  -33   22    4  287  111  276   77   26   92   55  164  207  431   47  529 1000  533
 23 Multi-strategy        2913  -212 -157 -189 -160 -144 -309 -306 -191 -269 -259 -252 -272 -136 -127  -53 -310  -83 -110 -169 -227 -120 -203    0  -74  -50  -20  -43  253    3  105   64  123   73  315  500  491  440  999  997  997  999  999
 24 Inocencio             1391  -286 -205 -172 -792 -145  -28 -146 -511  -40 -113 -648 -652  -68   50  -48  -57 -726   59 -108   17  -71  -94   74    0  -28  -19   24  134  330  140  223  154   89   95  197  265  369  357  836  979  976  980
 25 * De Bruijn            593   -29  -39    8   22    2    3   33   62  -41   86   -1   64   33  -22    9   16   52   49   16   50   13  -26   50   28    0   -1  -20   -2   50   36   39   23   31   28  -12  -52   -4  128   -1   21    0 -109
 26 * Pi                   156   -35    7   21   20    2   35  -27   21   -8  -29  -14   26   -8   -6   17    8   27   29    6   37  -29   33   20   19    1    0    5  -17  -10   23    3  -81   -9   41   13    6   -9   30   22  -11  -11  -12
 27 * Add-drift          -1279   -75  -99 -148 -244   16    5 -142 -300   10    0  -39  -16  -31    6 -114  -47   -6  -15  -34   26   -5  -22   43  -24   20   -5    0  -10   15   42   16  -31  -79   -7    0    9  -13   -4    2   -8   68  -39
 28 * Copy-drift         -1756  -169  -98  -73 -250  -82  -35 -145 -277   -6   -1  -48  -66 -105  -10  -17  -22  -73   35   17   12   -1   -4 -253 -134    2   17   10    0   30  -21  -40   55   16  -58  -18   -5    4   -9   42   -3   21    6
 29 * Foxtrot            -1954  -368 -365  -50   29 -357   40 -224   12   20   35  -67    4  -16   18    7   37    8   23  -17   30  -16 -287   -3 -330  -50   10  -15  -30    0   33    0  -12   11    2  -25   29    0   37  -13  -53  -38   -3
 30 * Flat               -2755  -218  -54 -109  -53 -136  -64  -73  -52   -3 -153 -196 -174  -15 -159  -64 -154  -31 -131 -100 -194 -115 -111 -105 -140  -36  -23  -42   21  -33    0   -1  -18    7   54 -179   -9   25  235  201   59   -1 -411
 31 Knucklehead          -2959  -575 -339 -396 -299 -543 -439 -493 -245 -408 -508 -353 -276  -60 -122 -138 -215 -149 -170 -247  -51 -241 -276  -64 -223  -39   -3  -16   40    0    1    0   17   73   31  -43    1   43  183  939  699  947  998
 32 * Text               -3075  -131  -88 -189 -135 -139 -169  -64 -149 -120  -73 -178 -181  -58 -174  -24 -170 -171 -153   -2  -60   -1  -77 -123 -154  -23   81   31  -55   12   18  -17    0  -11  -16   25   -3   10 -185  -74  -11 -185  111
 33 * Add-react          -3085  -377 -319 -341 -113  -31  -81 -339  -93  -99  -64  -85  -54   15 -314  -87 -226  -46 -210   74    7   23  -26  -73  -89  -31    9   79  -16  -11   -7  -73   11    0    8  -40   -2   35   -4   39 -138    4    0
 34 * Switch A Lot       -3528   -46 -166 -245 -272 -141 -110  -98 -168 -117 -144  -97 -107 -188 -205 -103 -254   64 -190 -128 -341 -126  -92 -315  -95  -28  -41    7   58   -2  -54  -31   16   -8    0 -140   54  -10   15  319   -8    3    6
 35 Peterbot             -5634  -842 -928 -858 -338 -729 -831 -943 -318 -502  -98 -742 -873  -98 -147 -266 -999 -135 -174  -24 -500   -9  -55 -500 -197   12  -13    0   18   25  179   43  -25   40  140    0  225  422  433  981  997 1000  995
 36 Always Switchin'     -7191  -226 -204 -448 -411 -335 -460 -224 -380 -430 -283 -217 -231 -440 -338 -233 -302 -124 -212 -249 -473 -205 -164 -491 -265   52   -6   -9    5  -29    9   -1    3    2  -54 -225    0  -17    2  505  -27   10  -66
 37 R-P-S 20-20-60       -8653  -332 -135 -396 -384 -330 -355 -270 -361 -375 -347 -399 -373 -243 -421 -153 -362 -403 -366 -168 -164 -137 -207 -440 -369    4    9   13   -4    0  -25  -43  -10  -35   10 -422   17    0 -427 -161   62 -412  261
 38 Beat Frequent Pick  -14085  -932 -941 -941 -595 -487 -909 -590 -592 -753 -579 -591 -593 -553 -596 -397 -595 -491 -586 -475 -598 -465 -431 -999 -357 -128  -30    4    9  -37 -235 -183  185    4  -15 -433   -2  427    0 -600    0  999  996
 39 Beat The Last Move  -19915  -987 -978 -988 -988 -994 -958 -991 -985 -991 -665 -994 -989 -901 -995 -950 -998 -984 -995   -4 -496   -4  -47 -997 -836    1  -22   -2  -42   13 -201 -939   74  -39 -319 -981 -505  161  600    0    1 1000 1000
 40 Rotate R-P-S        -25396  -982 -992 -995 -993 -995 -989 -993 -986 -990 -994 -995 -993 -923 -990 -897 -995 -990 -989 -995 -996 -991 -529 -997 -979  -21   11    8    3   53  -59 -699   11  138    8 -997   27  -62    0   -1    0    0 -648
 41 Good Ole Rock       -26245  -993 -993 -998 -997 -997 -996 -997 -996 -997 -993 -1000 -999 -980 -995 -970 -998 -987 -994 -991 -997 -995 -1000 -999 -976    0   11  -68  -21   38    1 -947  185   -4   -3 -1000  -10  412 -999 -1000    0    0  998
 42 * Anti-Flat         -27428  -975 -992 -982 -997 -997 -987 -995 -1000 -1000 -997 -994 -995 -969 -995 -991 -990 -990 -1000 -994 -996 -997 -533 -999 -980  109   12   39   -6    3  411 -998 -111    0   -6 -995   66 -261 -996 -1000  648 -998    0

 Match results (draw <= 50): 

    Player Name           total  W  L  D   1  2  3  4  5  6  7  8  9 10 11 12 13 14 15 16 17 18 19 20 21 22 23 24 25 26 27 28 29 30 31 32 33 34 35 36 37 38 39 40 41 42
  1 Iocaine Powder          68  27  0 14   1  1  2  2  2  2  1  1  1  2  1  1  2  1  1  2  1  2  1  2  1  2  1  2  1  2  2  2  2  2  2  2  2  1  2  2  2  2  2  2  2  2
  2 Phasenbott              68  27  0 14   1  1  1  1  1  2  1  2  2  1  1  2  2  1  1  2  2  2  1  2  1  1  1  2  1  2  2  2  2  2  2  2  2  2  2  2  2  2  2  2  2  2
  3 MegaHAL                 67  27  1 13   0  1  1  1  1  2  1  1  2  1  1  1  2  2  1  2  1  2  2  2  1  2  2  2  1  2  1  2  2  2  2  2  2  2  2  2  2  2  2  2  2  2
  4 Biopic                  62  22  1 18   0  1  1  1  1  1  1  1  1  1  1  1  2  1  1  2  1  2  1  2  1  2  2  2  1  1  2  2  2  2  1  2  2  2  2  2  2  2  2  2  2  2
  5 Simple Modeller         62  23  2 16   0  1  1  1  1  1  0  1  1  1  1  2  2  1  1  2  1  1  2  2  1  2  1  2  1  2  1  2  2  2  2  2  2  2  2  2  2  2  2  2  2  2
  6 RussRocker4             61  23  3 15   0  0  0  1  1  1  1  1  1  1  1  2  2  1  1  2  1  2  1  2  1  1  1  2  1  2  2  2  2  2  2  2  2  2  2  2  2  2  2  2  2  2
  7 Shofar                  60  19  0 22   1  1  1  1  2  1  1  1  1  1  1  1  1  1  1  2  1  2  1  2  1  1  2  2  1  1  1  2  2  2  1  2  1  2  2  2  2  2  2  2  2  2
  8 ACT-R Lag2              58  19  2 20   1  0  1  1  1  1  1  1  1  1  1  1  2  1  1  2  1  2  1  1  0  1  2  2  1  1  1  2  1  2  2  2  2  2  2  2  2  2  2  2  2  2
  9 Robertot                57  18  2 21   1  0  0  1  1  1  1  1  1  2  1  1  1  1  2  1  1  1  1  2  1  2  1  1  1  1  1  2  1  2  2  2  2  2  2  2  2  2  2  2  2  2
 10 Yomi AI                 56  17  2 22   0  1  1  1  1  1  1  1  0  1  1  1  1  1  1  2  1  2  2  1  1  1  1  2  1  1  2  2  1  2  1  2  2  2  1  2  2  2  2  2  2  2
 11 Majikthise              56  16  1 24   1  1  1  1  1  1  1  1  1  1  1  1  1  1  1  1  2  2  2  2  1  1  2  2  1  1  1  2  1  1  0  2  2  2  1  1  2  2  2  2  2  2
 12 Bugbrain                55  17  3 21   1  0  1  1  0  0  1  1  1  1  1  1  1  1  1  1  1  2  1  2  1  2  1  1  1  2  1  2  1  2  2  2  2  2  2  1  2  2  2  2  2  2
 13 Simple Predictor        54  21  8 12   0  0  0  0  0  0  1  0  1  1  1  1  1  1  1  1  1  1  2  2  0  2  2  2  1  2  1  2  2  2  2  2  2  2  2  2  2  2  2  2  2  2
 14 Boom                    54  14  1 26   1  1  0  1  1  1  1  1  1  1  1  1  1  1  1  1  1  1  1  1  1  2  1  1  1  1  1  2  1  2  2  2  1  2  2  2  2  2  2  2  2  2
 15 Piedra                  53  15  3 23   1  1  1  1  1  1  1  1  0  1  1  1  1  1  1  0  1  0  1  1  1  2  1  1  1  1  1  2  1  2  2  2  2  2  2  2  2  2  2  2  2  2
 16 Granite                 51  20 10 11   0  0  0  0  0  0  0  0  1  0  1  1  1  1  2  1  1  1  2  1  0  2  2  2  1  1  1  2  2  2  2  2  2  2  2  2  2  2  2  2  2  2
 17 Vroomfondel             50  11  2 28   1  0  1  1  1  1  1  1  1  1  0  1  1  1  1  1  1  1  1  1  1  1  1  2  1  1  1  2  1  1  1  2  2  2  1  1  2  2  2  2  2  2
 18 Marble                  49  18 10 13   0  0  0  0  1  0  0  0  1  0  0  0  1  1  2  1  1  1  1  1  1  2  1  2  1  1  2  2  1  2  2  2  2  2  2  2  2  2  2  2  2  2
 19 Sweet Rocky             48  14  7 20   1  1  0  1  0  1  1  1  1  0  0  1  0  1  1  0  1  1  1  1  1  1  1  0  1  1  1  2  1  2  2  2  2  2  2  2  2  2  2  2  2  2
 20 ZQ Bot                  45  15 11 15   0  0  0  0  0  0  0  1  0  1  0  0  0  1  1  1  1  1  1  1  1  1  1  2  1  1  1  2  1  2  2  2  2  2  2  2  2  2  2  2  2  2
 21 * De Bruijn             44   5  2 34   1  1  1  1  1  1  1  2  1  1  1  1  2  1  1  2  1  1  1  1  1  1  2  1  1  1  1  1  1  1  1  1  1  1  1  1  2  0  1  1  1  0
 22 * Anti-rotn             44  14 11 16   0  1  0  0  0  1  1  1  0  1  1  0  0  0  0  0  1  0  1  1  1  1  2  1  1  1  1  2  1  2  1  2  2  2  2  2  2  2  2  2  2  2
 23 Mixed Strategy          44  13 10 18   1  1  0  0  1  1  0  0  1  1  0  1  0  1  1  0  1  1  1  1  0  0  1  2  1  1  1  2  2  2  1  2  1  0  2  2  2  2  2  2  2  2
 24 Inocencio               42  17 16  8   0  0  0  0  0  0  0  0  1  0  0  1  0  1  1  0  0  0  2  0  1  1  0  1  1  1  2  2  2  2  2  2  2  2  2  2  2  2  2  2  2  2
 25 * Pi                    40   0  1 40   1  1  1  1  1  1  1  1  1  1  1  1  1  1  1  1  1  1  1  1  1  1  1  1  1  1  1  1  1  1  1  1  1  1  1  0  1  1  1  1  1  1
 26 * Add-drift             34   1  8 32   0  0  0  1  0  0  1  1  1  1  1  0  0  1  1  1  1  1  1  1  1  1  1  1  1  1  1  1  1  1  0  1  1  1  1  1  1  1  2  1  1  1
 27 * Foxtrot               33   0  8 33   0  0  1  0  1  0  1  1  1  0  1  1  1  1  1  1  1  0  1  1  1  1  1  0  1  1  1  1  1  1  1  1  1  1  1  1  1  1  1  1  0  1
 28 Multi-strategy          32  14 23  4   0  0  0  0  0  0  0  0  0  0  0  0  0  0  0  0  0  0  0  0  1  0  0  0  1  1  1  1  2  2  2  2  2  2  2  2  2  2  2  2  2  2
 29 * Copy-drift            29   1 13 27   0  0  0  0  0  0  0  1  1  1  1  1  0  1  1  0  1  1  1  1  1  1  0  0  1  1  1  0  1  1  1  1  1  0  1  2  1  1  1  1  1  1
 30 Peterbot                28   9 22 10   0  0  0  0  0  0  0  0  0  0  1  0  0  0  0  0  1  0  0  0  1  0  0  0  1  1  1  0  1  1  1  1  2  2  2  1  2  2  2  2  2  2
 31 * Add-react             24   2 19 20   0  0  0  1  0  0  1  0  0  1  2  0  0  0  0  0  1  0  0  0  1  1  1  0  1  2  1  0  1  1  1  0  1  1  1  1  1  1  1  1  0  1
 32 Knucklehead             23   6 24 11   0  0  0  0  0  0  0  0  0  0  0  0  0  0  0  0  0  0  0  0  1  0  0  0  1  1  1  0  1  1  2  1  1  1  2  1  2  1  2  1  2  2
 33 * Flat                  22   4 23 14   0  0  0  0  0  0  1  0  0  0  0  0  0  1  0  0  0  0  0  0  1  0  1  0  1  1  1  0  1  0  1  1  1  2  2  1  2  1  1  1  2  0
 34 * Switch A Lot          21   4 24 13   1  0  0  0  0  0  0  0  0  0  0  0  0  0  0  0  0  0  0  0  1  0  2  0  1  1  1  0  2  0  1  1  0  1  2  1  1  2  1  1  1  1
 35 Beat The Last Move      20   5 26 10   0  0  0  0  0  0  0  0  0  1  1  0  0  0  0  0  1  0  0  0  1  0  0  0  1  1  1  0  1  0  1  0  0  0  1  2  2  0  2  2  1  2
 36 * Text                  18   2 25 14   0  0  0  0  0  0  0  0  0  0  1  1  0  0  0  0  1  0  0  0  1  0  0  0  2  1  1  0  0  1  1  1  1  1  0  1  0  1  0  1  1  2
 37 Beat Frequent Pick      16   4 29  8   0  0  0  0  0  0  0  0  0  0  0  0  0  0  0  0  0  0  0  0  0  0  0  0  1  1  1  0  1  0  1  0  0  1  0  2  1  1  2  2  1  2
 38 Always Switchin'        16   2 27 12   0  0  0  0  0  0  0  0  0  0  0  0  0  0  0  0  0  0  0  0  2  0  0  0  1  1  1  0  1  0  1  1  1  0  2  1  1  1  1  1  1  0
 39 Good Ole Rock           15   3 29  9   0  0  0  0  0  0  0  0  0  0  0  0  0  0  0  0  0  0  0  0  1  0  0  0  1  0  1  0  1  0  1  0  1  1  0  2  0  1  1  2  1  2
 40 R-P-S 20-20-60          15   2 28 11   0  0  0  0  0  0  0  0  0  0  0  0  0  0  0  0  0  0  0  0  1  0  0  0  1  1  1  0  1  0  1  1  1  1  0  1  0  1  0  1  2  2
 41 Rotate R-P-S            14   2 29 10   0  0  0  0  0  0  0  0  0  0  0  0  0  0  0  0  0  0  0  0  1  0  0  0  1  1  2  0  1  0  2  0  0  1  1  1  1  1  1  0  1  0
 42 * Anti-Flat             14   4 31  6   0  0  0  0  0  0  0  0  0  0  0  0  0  0  0  0  0  0  0  0  2  0  0  0  1  1  1  0  1  0  1  0  2  1  0  0  0  2  0  0  2  1


   Yomi AI is match ranked 10

 Tournament results:
    Player Name          total 
  1 Yomi AI               4470 
 15 * Anti-rotn           4938 
 19 Iocaine Powder       10904 
 20 Phasenbott            9871 
 21 MegaHAL               9487 
 22 RussRocker4           7750 
 23 Biopic                8022 
 24 Simple Modeller       8863 
 25 Simple Predictor      7059 
 26 Robertot              7813 
 27 Boom                  6891 
 28 Shofar                6237 
 29 ACT-R Lag2            6814 
 30 Majikthise            5002 
 31 Vroomfondel           4513 
 32 Granite               6600 
 33 Marble                6671 
 34 ZQ Bot                5592 
 35 Sweet Rocky           5306 
 36 Piedra                5902 
 37 Mixed Strategy        5433 
 41 Bugbrain              5747 

   Yomi is tournament ranked 22

