 Playing 1 tournaments with 1000 trials per match...

 Yomi AI            vs Good Ole Rock       Match: 1000 (1000+   0-   0=)
 Yomi AI            vs R-P-S 20-20-60      Match:  217 (466+ 249- 285=)
 Yomi AI            vs Rotate R-P-S        Match:  557 (693+ 136- 171=)
 Yomi AI            vs Beat The Last Move  Match:   -3 (335+ 338- 327=)
 Yomi AI            vs Always Switchin'    Match:  171 (449+ 278- 273=)
 Yomi AI            vs Beat Frequent Pick  Match:  381 (609+ 228- 163=)
 Yomi AI            vs * Pi                Match:    1 (346+ 345- 309=)
 Yomi AI            vs * Switch A Lot      Match:   98 (390+ 292- 318=)
 Yomi AI            vs * Flat              Match:  109 (395+ 286- 319=)
 Yomi AI            vs * Anti-Flat         Match:  635 (744+ 109- 147=)
 Yomi AI            vs * Foxtrot           Match:  353 (576+ 223- 201=)
 Yomi AI            vs * De Bruijn         Match:   -4 (332+ 336- 332=)
 Yomi AI            vs * Text              Match:  123 (415+ 292- 293=)
 Yomi AI            vs * Anti-rotn         Match:  -20 (332+ 352- 316=)
 Yomi AI            vs * Copy-drift        Match:   -5 (338+ 343- 319=)
 Yomi AI            vs * Add-react         Match:   14 (346+ 332- 322=)
 Yomi AI            vs * Add-drift         Match:   23 (347+ 324- 329=)
 Yomi AI            vs Iocaine Powder      Match:   15 (329+ 314- 357=)
 Yomi AI            vs Phasenbott          Match:  -15 (330+ 345- 325=)
 Yomi AI            vs MegaHAL             Match:   86 (371+ 285- 344=)
 Yomi AI            vs RussRocker4         Match:   33 (359+ 326- 315=)
 Yomi AI            vs Biopic              Match:   38 (346+ 308- 346=)
 Yomi AI            vs Simple Modeller     Match:    5 (343+ 338- 319=)
 Yomi AI            vs Simple Predictor    Match:   30 (351+ 321- 328=)
 Yomi AI            vs Robertot            Match:   -7 (338+ 345- 317=)
 Yomi AI            vs Boom                Match:   -6 (335+ 341- 324=)
 Yomi AI            vs Shofar              Match:   17 (342+ 325- 333=)
 Yomi AI            vs ACT-R Lag2          Match:   36 (358+ 322- 320=)
 Yomi AI            vs Majikthise          Match:  -44 (314+ 358- 328=)
 Yomi AI            vs Vroomfondel         Match:   21 (353+ 332- 315=)
 Yomi AI            vs Granite             Match:   59 (403+ 344- 253=)
 Yomi AI            vs Marble              Match:  105 (406+ 301- 293=)
 Yomi AI            vs ZQ Bot              Match:   52 (392+ 340- 268=)
 Yomi AI            vs Sweet Rocky         Match:    1 (331+ 330- 339=)
 Yomi AI            vs Piedra              Match:   68 (365+ 297- 338=)
 Yomi AI            vs Mixed Strategy      Match:   71 (372+ 301- 327=)
 Yomi AI            vs Multi-strategy      Match:  259 (512+ 253- 235=)
 Yomi AI            vs Inocencio           Match:   60 (399+ 339- 262=)
 Yomi AI            vs Peterbot            Match:    4 (334+ 330- 336=)
 Yomi AI            vs Bugbrain            Match:    4 (342+ 338- 320=)
 Yomi AI            vs Knucklehead         Match:  337 (550+ 213- 237=)
 Final results (draw value = 50):

 Tournament results: 

    Player Name          total     1    2    3    4    5    6    7    8    9   10   11   12   13   14   15   16   17   18   19   20   21   22   23   24   25   26   27   28   29   30   31   32   33   34   35   36   37   38   39   40   41   42
  1 Iocaine Powder       11320     0  166   45   32   30  518   70  206   55   27  244    5   95  219   49   91  294   25  -15   55   42   44  243  559   27  -15  154  353  194  198  579  328  100    1  896  206  353  885  982  980 1000 1000
  2 Phasenbott            9976  -166    0   31   20   13  530   48  166   17   41  233   15   36  213   47   80  272   35   15    7   63   83  253  183   51  -62   82  390  138   39  409  279  101   67  955  268  130  937  982  993  993  989
  3 MegaHAL               9484   -45  -31    0    4  -14  135   21   25   48   36  246  -57   66  227   39   12  244  -33  -86   15   52   47  227  132  -64  -10  186  100   90  125  387  285  189  247  868  441  393  953  996  989  999 1000
  4 Simple Modeller       8974   -32  -20   -4    0   27  -18   15  250   11   13  122   10   37   88   77   54  283   43   -5    4   64   40  218  787  -27  -30  240  -42  195  100  265   96  140  243  313  454  388  593  993  994  998  997
  5 Biopic                8542   -30  -13   14  -27    0  -31   30   65   48  -25   82  -29   34  138  -26   38  103   20  -38  -37   46   47  207  141  -45  -34   -5  398  165  212  561    8  146  130  770  284  359  857  995  995  997  992
  6 RussRocker4           7834  -518 -530 -135   18   31    0    2   79   34   39  119    8   55  167   -3   32  154   56  -33   53   71   40  317  188  -47  -10  133  158  172   79  462  353   50  128  948  234  359  590  991  995  999  996
  7 Robertot              7832   -70  -48  -21  -15  -30   -2    0   22   12    4   -7   -8   -7   33   25  -55  114   -6    7  -46    1   31  297    5  -14   14   38   26  113   47  356   91  167   93  999  461  354  889  969  995  998 1000
  8 Simple Predictor      7401  -206 -166  -25 -250  -65  -79  -22    0   32   14   55    3   39   35   20  -66  159  -30  -30  -75   70   45  191  669  -73  -21  325   34  236   76  325  115  166  305  313  373  353  592  986  986  996  996
  9 Piedra                7312   -55  -17  -48  -11  -48  -34  -12  -32    0  -60  -50  -44   42  -33    6    8  -20  -36  -68  -31   -8   42   79  750  -46  -35  -47   23   52  126   85  227  169  172  958  357  379  590  991  997  999  995
 10 Boom                  6950   -27  -41  -36  -13   25  -39   -4  -14   60    0   21  -16   37   53   -7  -31   63  -23    6  -42  -33   42  276   23  -42    0  -10   -7   34   27  476   72  125  -66  500  426  407  753  991  990  997  997
 11 Granite               6648  -244 -233 -246 -122  -82 -119    7  -55   50  -21    0  -35   67   24  -90  -69   59  -78  -59  -49    7   54  294  649  -98  -10   73   -6   52  127  292  131  179  125  895  249  358  592  991  991  998 1000
 12 Shofar                6432    -5  -15   57  -10   29   -8    8   -3   44   16   35    0   55   15   29   11   43  -32  -17  -13   73   41  164   -3   15    2   28  -12   80   55  161   51  123  224  194  430  247  552  899  917  972  980
 13 Sweet Rocky           6391   -95  -36  -66  -37  -34  -55    7  -39  -42  -37  -67  -55    0  -47   -3  -32  -53  -52   -1    0  -66   54  131  -40    0  -56  -31   32   65  109  138  248  192  174  937  303  381  591  992  990  998  993
 14 Marble                5974  -219 -213 -227  -88 -138 -167  -33  -35   33  -53  -24  -15   47    0  -90 -133   21  -76 -105  -48   14   47  375   10 -103  -19   38   75   84  185  395   73  183  144  828  231  408  591  991  995 1000  992
 15 Bugbrain              5698   -49  -47  -39  -77   26    3  -25  -20   -6    7   90  -29    3   90    0  -28  154  -13   -4  -61   69   42  113    3    3   21  100  -12   12   66  151   94   65  128  284  217  143  385  940  945  982  972
 16 ACT-R Lag2            5672   -91  -80  -12  -54  -38  -32   55   66   -8   31   69  -11   32  133   28    0   88   -5  -36  -16   73   14  311   70  -72  -19   24  -49   43  127  488   48   82  155   81  300  324  574   -9  994  998  996
 17 ZQ Bot                5220  -294 -272 -244 -283 -103 -154 -114 -159   20  -63  -59  -43   53  -21 -154  -88    0  -83  -52  -46   41   36  201   -6  -13   -4   80   46   51  119  292  293  139  179  758  236  348  594  995  996  998 1000
 18 Majikthise            5059   -25  -35   33  -43  -20  -56    6   30   36   23   78   32   52   76   13    5   83    0   44    0   37   49  163   73   25   48    5   15   48   78  281   36  -11  126   35  220  140  452  -54  989  994  978
 19 Yomi AI               4879    15  -15   86    5   38   33   -7   30   68   -6   59   17    1  105    4   36   52  -44    0   21   71  -20  259   60   -4    1   23  353   -5  109  337   14  123   98    4  171  217  381   -3  557 1000  635
 20 Vroomfondel           4843   -55   -7  -15   -4   37  -53   46   75   31   42   49   13    0   48   61   16   46    0  -21    0   10   49  167   74   35  -18   35   13   -6   18  133   -8   13  156    6  251  193  435    0  988  997  993
 21 Mixed Strategy        4645   -42  -63  -52  -64  -46  -71   -1  -70    8   33   -7  -73   66  -14  -69  -73  -41  -37  -71  -10    0  -38    4   85  -44  -70    2   -7  -13  -35  202   40  156   42  257   40  333  458  977  968  994  991
 22 * Anti-rotn           4512   -44  -83  -47  -40  -47  -40  -31  -45  -42  -42  -54  -41  -54  -47  -42  -14  -36  -49   20  -49   38    0  254  -41  -47  -45  -34   -8   28  170   43  -26   61  312   19  479  143  499  497  999  998 1000
 23 Multi-strategy        2350  -243 -253 -227 -218 -207 -317 -297 -191  -79 -276 -294 -164 -131 -375 -113 -311 -201 -163 -259 -167   -4 -254    0  -97  -50  -20   33    8  274  123   25    8  123  289  500  482  406  999  997  997  999  998
 24 Inocencio             1751  -559 -183 -132 -787 -141 -188   -5 -669 -750  -23 -649    3   40  -10   -3  -70    6  -73  -60  -74  -85   41   97    0  -11  -15   31  274   57  144  174   62  162  106  177  269  407  362  879  988  979  980
 25 * De Bruijn            741   -27  -51   64   27   45   47   14   73   46   42   98  -15    0  103   -3   72   13  -25    4  -35   44   47   50   11    0   -1  -48  -26   26    5    8   54   23   -3   -9    8   21  128   -1   21    0 -109
 26 * Pi                   457    15   62   10   30   34   10  -14   21   35    0   10   -2   56   19  -21   19    4  -48   -1   18   70   45   20   15    1    0  -19   64  -32   24  -40   57  -81   -3    4   32   23   30   22  -11  -11  -10
 27 * Add-drift          -1443  -154  -82 -186 -240    5 -133  -38 -325   47   10  -73  -28   31  -38 -100  -24  -80   -5  -23  -35   -2   34  -33  -31   48   19    0   -2   71  -12  -35  -64  -31  -16    5  -38   -4    4   28  -14   73   28
 28 * Foxtrot            -2134  -353 -390 -100   42 -398 -158  -26  -34  -23    7    6   12  -32  -75   12   49  -46  -15 -353  -13    7    8   -8 -274   26  -64    2    0   17  -17   10   -2   20  -20  -30   57   22  -42   15   12   17   -2
 29 * Copy-drift         -2262  -194 -138  -90 -195 -165 -172 -113 -236  -52  -34  -52  -80  -65  -84  -12  -43  -51  -48    5    6   13  -28 -274  -57  -26   32  -71  -17    0   39  -86  -13    2    8  -37  -22   14  -18   77    5  -12   22
 30 * Flat               -2553  -198  -39 -125 -100 -212  -79  -47  -76 -126  -27 -127  -55 -109 -185  -66 -127 -119  -78 -109  -18   35 -170 -123 -144   -5  -24   12   17  -39    0  -16  -18    2   -4 -172   10   19  237  220   71   -2 -437
 31 Knucklehead          -2890  -579 -409 -387 -265 -561 -462 -356 -325  -85 -476 -292 -161 -138 -395 -151 -488 -292 -281 -337 -133 -202  -43  -25 -174   -8   40   35  -10   86   16    0   33   99   28  -95    0   75  191  920  759  958 1000
 32 * Add-react          -3179  -328 -279 -285  -96   -8 -353  -91 -115 -227  -72 -131  -51 -248  -73  -94  -48 -293  -36  -14    8  -40   26   -8  -62  -54  -57   64    2   13   18  -33    0  -29   -4  -47  -31   33  -32   -3 -153   -2   54
 33 * Text               -3372  -100 -101 -189 -140 -146  -50 -167 -166 -169 -125 -179 -123 -192 -183  -65  -82 -139   11 -123  -13 -156  -61 -123 -162  -23   81   31  -20   -2   -2  -99   29    0   31   13  -87  -38 -185  -74  -11 -185  112
 34 * Switch A Lot       -3494    -1  -67 -247 -243 -130 -128  -93 -305 -172   66 -125 -224 -174 -144 -128 -155 -179 -126  -98 -156  -42 -312 -289 -106    3    3   16   20   -8    4  -28    4  -31    0 -128   -4    7  -23  311   11   11  -84
 35 Peterbot             -6980  -896 -955 -868 -313 -770 -948 -999 -313 -958 -500 -895 -194 -937 -828 -284  -81 -758  -35   -4   -6 -257  -19 -500 -177    9   -4   -5   30   37  172   95   47  -13  128    0  225  385  431  982  998  998 1000
 36 Always Switchin'     -7108  -206 -268 -441 -454 -284 -234 -461 -373 -357 -426 -249 -430 -303 -231 -217 -300 -236 -220 -171 -251  -40 -479 -482 -269   -8  -32   38  -57   22  -10    0   31   87    4 -225    0  -39   30  517  -25   -6  -53
 37 R-P-S 20-20-60       -8681  -353 -130 -393 -388 -359 -359 -354 -353 -379 -407 -358 -247 -381 -408 -143 -324 -348 -140 -217 -193 -333 -143 -406 -407  -21  -23    4  -22  -14  -19  -75  -33   38   -7 -385   39    0 -434 -190   58 -444  370
 38 Beat Frequent Pick  -14022  -885 -937 -953 -593 -857 -590 -889 -592 -590 -753 -592 -552 -591 -591 -385 -574 -594 -452 -381 -435 -458 -499 -999 -362 -128  -30   -4   42   18 -237 -191   32  185   23 -431  -30  434    0 -600    0  999 1000
 39 Beat The Last Move  -19191  -982 -982 -996 -993 -995 -991 -969 -986 -991 -991 -991 -899 -992 -991 -940    9 -995   54    3    0 -977 -497 -997 -879    1  -22  -28  -15  -77 -220 -920    3   74 -311 -982 -517  190  600    0    1 1000 1000
 40 Rotate R-P-S        -25640  -980 -993 -989 -994 -995 -995 -995 -986 -997 -990 -991 -917 -990 -995 -945 -994 -996 -989 -557 -988 -968 -999 -997 -988  -21   11   14  -12   -5  -71 -759  153   11  -11 -998   25  -58    0   -1    0    0 -690
 41 Good Ole Rock       -26279  -1000 -993 -999 -998 -997 -999 -998 -996 -999 -997 -998 -972 -998 -1000 -982 -998 -998 -994 -1000 -997 -994 -998 -999 -979    0   11  -73  -17   12    2 -958    2  185  -11 -998    6  444 -999 -1000    0    0  998
 42 * Anti-Flat         -27669  -1000 -989 -1000 -997 -992 -996 -1000 -996 -995 -997 -1000 -980 -993 -992 -972 -996 -1000 -978 -635 -993 -991 -1000 -998 -980  109   10  -28    2  -22  437 -1000  -54 -112   84 -1000   53 -370 -1000 -1000  690 -998    0

 Match results (draw <= 50): 

    Player Name           total  W  L  D   1  2  3  4  5  6  7  8  9 10 11 12 13 14 15 16 17 18 19 20 21 22 23 24 25 26 27 28 29 30 31 32 33 34 35 36 37 38 39 40 41 42
  1 Iocaine Powder          69  28  0 13   1  2  1  2  1  1  1  1  1  2  1  2  1  2  2  2  1  2  2  1  1  2  2  2  1  2  2  2  2  2  2  2  2  2  1  2  2  2  2  2  2  2
  2 Phasenbott              65  26  2 13   0  1  1  2  1  1  1  1  1  2  1  1  1  1  2  1  2  2  1  2  0  2  2  2  2  2  2  2  2  2  2  2  1  2  2  2  2  2  2  2  2  2
  3 Simple Modeller         65  24  0 17   1  1  1  1  1  1  1  1  2  2  1  1  1  1  2  1  1  2  1  1  1  2  2  2  2  1  2  2  2  2  2  2  2  2  2  2  2  2  2  2  2  2
  4 RussRocker4             63  25  3 13   0  0  1  1  0  1  1  1  1  1  1  1  2  1  2  2  1  2  2  1  1  2  2  2  2  2  2  2  2  2  2  2  2  2  2  1  2  2  2  2  2  2
  5 MegaHAL                 62  24  3 14   1  1  1  2  1  1  0  0  1  1  1  1  1  1  1  1  1  2  2  0  1  2  2  2  2  2  2  2  2  2  2  2  2  2  2  2  2  2  2  2  2  2
  6 Biopic                  61  20  0 21   1  1  1  1  1  1  1  1  1  1  1  1  1  1  2  1  1  2  1  1  1  2  2  2  1  2  1  2  2  2  2  1  2  2  2  2  2  2  2  2  2  2
  7 Yomi AI                 60  19  0 22   1  1  1  1  2  1  1  1  1  1  1  1  1  2  1  1  1  2  1  1  1  2  2  2  2  2  1  2  1  2  1  1  2  1  2  2  2  2  2  2  2  2
  8 Shofar                  59  18  0 23   1  1  1  1  2  1  1  1  1  1  1  1  1  1  1  1  1  1  2  1  1  1  1  1  2  1  1  2  2  2  2  2  2  2  2  2  2  2  2  2  2  2
  9 Bugbrain                58  19  2 20   1  1  0  1  1  1  1  1  1  1  1  1  1  1  1  0  1  2  1  1  1  2  2  1  2  1  2  2  2  2  1  2  2  2  2  2  2  2  2  2  2  2
 10 ACT-R Lag2              56  19  4 18   0  0  0  1  1  1  1  1  1  1  1  2  1  1  2  1  1  2  1  0  1  2  2  2  2  1  1  2  2  2  1  1  2  1  2  2  2  2  2  2  2  2
 11 Boom                    55  15  1 25   1  1  1  1  1  1  1  1  1  1  1  1  1  2  1  1  1  1  1  1  1  2  2  1  1  1  1  2  2  2  1  2  1  2  0  2  2  2  2  2  2  2
 12 Robertot                54  15  2 24   0  1  1  1  1  1  1  1  1  0  1  1  1  1  1  1  1  1  1  1  1  1  2  1  1  1  1  2  2  2  2  2  1  2  2  2  2  2  2  2  2  2
 13 Majikthise              54  15  2 24   1  1  1  0  1  1  1  1  1  1  1  1  1  1  1  1  1  2  2  1  1  2  2  2  1  1  1  2  1  2  1  1  2  0  2  1  2  2  2  2  2  2
 14 Piedra                  54  16  3 22   0  1  1  1  1  1  0  1  1  1  0  1  1  1  1  1  1  1  1  1  1  1  1  2  1  1  1  2  2  2  2  2  2  2  2  2  2  2  2  2  2  2
 15 Simple Predictor        53  20  8 13   0  0  0  0  1  0  1  1  1  0  1  1  1  1  1  0  1  2  1  0  1  1  2  2  2  1  2  2  2  2  2  2  2  2  2  2  2  2  2  2  2  2
 16 Vroomfondel             51  12  2 27   0  1  1  0  1  1  1  1  2  1  1  1  1  1  2  1  1  1  1  1  1  1  1  2  1  1  1  2  1  2  1  1  1  1  2  1  2  2  2  2  2  2
 17 * Anti-rotn             49  11  3 27   1  0  1  1  1  1  1  1  1  1  1  1  1  1  1  1  1  0  0  1  1  1  1  1  1  1  1  2  1  1  1  1  2  2  2  2  2  2  2  2  2  2
 18 Granite                 49  20 12  9   0  0  0  0  0  0  0  1  0  0  1  1  0  1  0  1  2  1  2  0  1  1  2  2  1  1  2  2  2  2  2  2  2  2  2  2  2  2  2  2  2  2
 19 Sweet Rocky             48  16  9 16   0  1  1  0  0  1  1  0  1  1  1  1  0  1  1  1  2  0  1  1  0  1  0  1  0  1  1  2  2  2  2  2  2  2  2  2  2  2  2  2  2  2
 20 * De Bruijn             46   7  2 32   1  0  1  1  2  1  1  1  1  2  1  1  1  1  2  1  1  2  1  1  1  2  1  1  1  1  1  1  1  1  1  2  1  1  1  1  1  2  1  0  1  1
 21 * Pi                    45   5  1 35   1  2  1  1  1  1  1  1  1  1  1  1  1  1  1  1  1  1  2  1  1  1  1  1  2  2  1  1  1  1  1  2  1  1  1  0  1  1  1  1  1  1
 22 Marble                  45  16 12 13   0  0  0  0  0  0  0  1  0  0  0  1  0  1  1  1  1  1  1  0  1  1  1  1  1  2  1  2  2  2  2  2  2  2  2  2  2  2  2  2  2  2
 23 ZQ Bot                  44  17 14 10   0  0  0  0  0  0  0  1  0  0  0  0  0  1  0  1  1  0  2  1  1  1  1  1  1  1  2  2  2  2  2  2  2  2  2  2  2  2  2  2  2  2
 24 Inocencio               43  16 14 11   0  0  0  0  0  0  0  1  1  0  1  1  0  0  0  0  1  0  1  1  1  1  1  1  0  2  1  2  2  2  2  2  2  2  2  2  2  2  2  2  2  2
 25 Mixed Strategy          42  11 10 20   1  0  0  0  0  1  0  0  0  0  1  1  1  1  0  1  1  1  2  1  0  1  1  2  1  1  1  1  2  2  1  1  1  2  1  2  1  2  2  2  2  2
 26 * Foxtrot               33   1  9 31   0  0  1  0  0  0  0  1  1  1  1  1  1  1  1  1  1  1  1  1  0  0  1  0  1  1  1  1  1  1  1  1  1  1  1  1  2  1  1  1  1  1
 27 * Add-drift             33   2 10 29   0  0  0  0  0  1  1  1  0  1  1  1  1  1  0  1  1  0  1  1  1  1  0  1  1  1  1  1  1  1  2  0  1  1  1  1  1  1  2  1  1  1
 28 Multi-strategy          31  12 22  7   0  0  0  0  0  0  0  0  0  0  0  0  0  0  0  0  0  0  0  1  1  0  0  0  1  1  1  1  2  1  2  1  2  2  2  2  2  2  2  2  2  2
 29 Peterbot                31  10 20 11   0  0  0  0  0  0  1  0  0  0  0  0  1  0  0  1  1  0  0  1  1  0  0  0  0  1  1  0  1  2  1  1  2  2  2  1  2  2  2  2  2  2
 30 Knucklehead             26   8 23 10   0  0  0  0  0  0  0  0  0  0  0  0  0  0  0  0  1  0  0  1  1  0  0  0  0  1  1  1  0  1  2  1  1  2  1  2  1  2  2  2  2  2
 31 * Copy-drift            24   1 18 22   0  0  0  0  0  0  1  0  1  1  1  0  1  0  0  1  1  0  0  1  1  0  0  0  1  1  0  0  1  0  1  1  1  2  1  1  1  1  1  1  1  1
 32 * Add-react             24   2 19 20   0  0  0  0  0  1  1  0  0  1  0  0  1  0  0  1  1  0  0  0  0  0  0  0  1  1  2  1  1  1  1  1  1  1  1  1  1  1  1  2  1  0
 33 * Flat                  23   3 21 17   0  1  0  0  0  0  0  0  0  0  1  1  0  0  0  1  0  0  0  1  1  0  0  0  1  1  1  0  0  1  1  1  1  2  1  1  1  2  1  0  1  2
 34 Beat The Last Move      21   6 26  9   0  0  0  0  0  0  1  0  0  1  0  0  2  0  0  1  0  0  0  1  1  0  0  0  0  1  1  0  0  0  0  1  0  1  0  2  0  2  2  2  2  1
 35 * Switch A Lot          20   2 23 16   1  0  0  0  0  0  0  0  0  0  2  0  0  0  0  0  0  0  0  1  1  0  0  0  1  1  1  0  0  1  1  1  1  2  1  1  1  1  1  0  1  1
 36 * Text                  17   2 26 13   0  0  0  1  0  0  0  0  0  0  0  0  1  0  0  1  0  0  0  1  2  0  0  0  0  1  1  0  1  0  1  1  1  0  1  1  0  0  0  2  1  1
 37 Always Switchin'        17   2 26 13   0  0  0  0  0  0  0  0  0  0  0  0  0  0  0  0  0  0  0  1  1  0  0  0  1  0  1  0  0  1  1  1  1  2  1  2  1  1  1  0  1  1
 38 Beat Frequent Pick      16   4 29  8   0  0  0  0  0  0  0  0  0  0  0  0  0  0  0  0  0  0  0  0  1  0  0  0  0  1  1  0  0  0  1  1  0  0  1  2  1  1  2  2  2  1
 39 Good Ole Rock           15   3 29  9   0  0  0  0  0  0  0  0  0  0  0  0  0  0  0  0  0  0  0  1  1  0  0  0  0  1  0  0  0  0  1  1  1  0  1  2  1  0  1  2  2  1
 40 * Anti-Flat             14   5 32  4   0  0  0  0  0  0  0  0  0  0  0  0  0  0  0  0  0  0  0  2  1  0  0  0  0  1  1  0  0  0  1  0  2  0  2  0  2  0  0  1  0  2
 41 R-P-S 20-20-60          14   2 29 10   0  0  0  0  0  0  0  0  0  0  0  0  0  0  0  0  0  0  0  1  1  0  0  0  0  1  1  0  0  0  1  1  1  0  1  1  1  0  0  2  1  2
 42 Rotate R-P-S            13   1 29 11   0  0  0  0  0  0  0  0  0  0  0  0  0  0  0  0  0  0  0  1  1  0  0  0  0  1  1  0  0  0  1  2  0  1  1  1  1  1  1  0  0  1


   Yomi AI is match ranked 7

 Tournament results:
    Player Name          total 
  1 Yomi AI               4879 
 19 Iocaine Powder       11320 
 20 Phasenbott            9976 
 21 MegaHAL               9484 
 22 RussRocker4           7834 
 23 Biopic                8542 
 24 Simple Modeller       8974 
 25 Simple Predictor      7401 
 26 Robertot              7832 
 27 Boom                  6950 
 28 Shofar                6432 
 29 ACT-R Lag2            5672 
 30 Majikthise            5059 
 32 Granite               6648 
 33 Marble                5974 
 34 ZQ Bot                5220 
 35 Sweet Rocky           6391 
 36 Piedra                7312 
 41 Bugbrain              5698 

   Yomi is tournament ranked 19

