 Playing 1 tournaments with 1000 trials per match...

 Yomi AI            vs Good Ole Rock       Match: 1000 (1000+   0-   0=)
 Yomi AI            vs R-P-S 20-20-60      Match:  327 (555+ 228- 217=)
 Yomi AI            vs Rotate R-P-S        Match:  995 (997+   2-   1=)
 Yomi AI            vs Beat The Last Move  Match:   29 (351+ 322- 327=)
 Yomi AI            vs Always Switchin'    Match:  241 (453+ 212- 335=)
 Yomi AI            vs Beat Frequent Pick  Match:  672 (801+ 129-  70=)
 Yomi AI            vs * Pi                Match:   17 (358+ 341- 301=)
 Yomi AI            vs * Switch A Lot      Match:  144 (425+ 281- 294=)
 Yomi AI            vs * Flat              Match:  130 (422+ 292- 286=)
 Yomi AI            vs * Anti-Flat         Match:  999 (999+   0-   1=)
 Yomi AI            vs * Foxtrot           Match:  385 (597+ 212- 191=)
 Yomi AI            vs * De Bruijn         Match:   13 (332+ 319- 349=)
 Yomi AI            vs * Text              Match:  113 (407+ 294- 299=)
 Yomi AI            vs * Anti-rotn         Match:   32 (360+ 328- 312=)
 Yomi AI            vs * Copy-drift        Match:   36 (353+ 317- 330=)
 Yomi AI            vs * Add-react         Match:   57 (367+ 310- 323=)
 Yomi AI            vs * Add-drift         Match:  -24 (329+ 353- 318=)
 Yomi AI            vs Iocaine Powder      Match:  -43 (311+ 354- 335=)
 Yomi AI            vs Phasenbott          Match:   20 (334+ 314- 352=)
 Yomi AI            vs MegaHAL             Match:   35 (363+ 328- 309=)
 Yomi AI            vs RussRocker4         Match:   17 (326+ 309- 365=)
 Yomi AI            vs Biopic              Match:   10 (358+ 348- 294=)
 Yomi AI            vs Simple Modeller     Match:  -14 (335+ 349- 316=)
 Yomi AI            vs Simple Predictor    Match:   59 (389+ 330- 281=)
 Yomi AI            vs Robertot            Match:   72 (397+ 325- 278=)
 Yomi AI            vs Boom                Match:  -30 (316+ 346- 338=)
 Yomi AI            vs Shofar              Match:   -8 (335+ 343- 322=)
 Yomi AI            vs ACT-R Lag2          Match:   48 (373+ 325- 302=)
 Yomi AI            vs Majikthise          Match:   14 (351+ 337- 312=)
 Yomi AI            vs Vroomfondel         Match:  -15 (323+ 338- 339=)
 Yomi AI            vs Granite             Match:  115 (443+ 328- 229=)
 Yomi AI            vs Marble              Match:  118 (456+ 338- 206=)
 Yomi AI            vs ZQ Bot              Match:  118 (447+ 329- 224=)
 Yomi AI            vs Sweet Rocky         Match:   59 (375+ 316- 309=)
 Yomi AI            vs Piedra              Match:   34 (379+ 345- 276=)
 Yomi AI            vs Mixed Strategy      Match:   93 (414+ 321- 265=)
 Yomi AI            vs Multi-strategy      Match:  184 (465+ 281- 254=)
 Yomi AI            vs Inocencio           Match:  838 (912+  74-  14=)
 Yomi AI            vs Peterbot            Match:   99 (397+ 298- 305=)
 Yomi AI            vs Bugbrain            Match:   23 (352+ 329- 319=)
 Yomi AI            vs Knucklehead         Match:  506 (667+ 161- 172=)
 Final results (draw value = 50):

 Tournament results: 

    Player Name          total     1    2    3    4    5    6    7    8    9   10   11   12   13   14   15   16   17   18   19   20   21   22   23   24   25   26   27   28   29   30   31   32   33   34   35   36   37   38   39   40   41   42
  1 Iocaine Powder       11094     0   83   38   88   37   43  522  -20   52  165   25   46  240   47  242   36  -23  270    9   78   39    1  216  231   57   36  191  229  344  215  342  138  579  102  911  208  419  890  993  984  999  992
  2 Phasenbott           10582   -83    0   28   28   28  -20  518   54   31  128  -12   73  219   20  254   23   45  278   26   87   84   44  280  202   52    1  142  141  399  122  303   79  415   39  998  214  429  944  985  996  994  994
  3 Simple Modeller       9416   -38  -28    0   36   50   14  -10    7   46  317  -11   12   64   37   94   47   32  301    7   57    5  -35  162  675  -38   -1  257  206    5  126  107  132  301  223  792  478  419  591  990  993  999  995
  4 MegaHAL               9361   -88  -28  -36    0   34  -35  111   23   25   57   -1   14  198   21  274   47   -2  245  -35   40   40 -104  194  214  -27  -20  187   19   76  166  291  133  411  226  896  469  403  944  990  994  999  996
  5 Biopic                8392   -37  -28  -50  -34    0  -10  -38   40  -59   55  -27   30  114   74  138   64   -8   88    2   69   31    3  229  126   -2   -1   50  131  409  154  -67  155  505  198  793  341  402  565  994  995  998 1000
  6 Yomi AI               7518   -43   20  -14   35   10    0   17   72  -30   59   -8   48  115   34  118   59   23  118   14   32   93  -15  184  838   13   17  -24   36  385  130   57  113  506  144   99  241  327  672   29  995 1000  999
  7 RussRocker4           7511  -522 -518   10 -111   38  -17    0   59   28  105   22  -16  119   61  144   70   18  124  -46   57   64  -24  233  163  -55  -11  106  102  163   56  342   94  485  148  917  202  324  593  991  993 1000 1000
  8 Robertot              7272    20  -54   -7  -23  -40  -72  -59    0    6   60  -16   11   29   46   15   -6  -14   69  -27   44   40   -2  210   26   12  -13   36   31   20   76   30  157  443   87  649  471  382  775  873  993  998  996
  9 Boom                  7245   -52  -31  -46  -25   59   30  -28   -6    0   13  -11  -24   76   10   68   16  -31  107  -18   49   46  -12   89   68  -15  -57   33   28   26   59   84  105  466  238  481  350  374  753  991  987  995 1000
 10 Simple Predictor      6960  -165 -128 -317  -57  -55  -59 -105  -60  -13    0  -61  -77   -5    6   56   46   38  189  -21   53   58  -58  179  544  -79   19  332  292  -12   70  105  149  248  181  270  420  418  592  986  989  996  996
 11 Shofar                6906   -25   12   11    1   27    8  -22   16   11   61    0  -28   36  -22   40   39  -17   -6  -58   48   42   30  166  794   -1  -36   -3   90  -46   16   64  113   95  209  115  452  337  555  903  920  981  978
 12 ACT-R Lag2            6660   -46  -73  -12  -14  -30  -48   16  -11   24   77   28    0  155   38  114   25   32   19  -34   36   95   69  285   34  -50  -33   38   40  -35   96   71   54  498  194  274  291  316  573  573  997  998  986
 13 Granite               6649  -240 -219  -64 -198 -114 -115 -119  -29  -76    5  -36 -155    0   32   -2   27  -54   25  -37   59  -10    0  273  647  -47   -7  -17   12   15  143  184  172  306  109  967  270  370  591  992  991  998 1000
 14 Piedra                6603   -47  -20  -37  -21  -74  -34  -61  -46  -10   -6   22  -38  -32    0  -51  -67  -23  -57  -34   57   45  -19  128  -38  -21  -39   33   19   -5  138  239  157  169  150 1000  259  392  589  994 1000  997  995
 15 Marble                6113  -242 -254  -94 -274 -138 -118 -144  -15  -68  -56  -40 -114    2   51    0   17 -119  -15  -17   43   24  -35  440   34  -29  -24   45   52   28  202   80  181  374  237  906  211  408  593  991  995 1000  995
 16 Sweet Rocky           6105   -36  -23  -47  -47  -64  -59  -70    6  -16  -46  -39  -25  -27   67  -17    0  -43  -31  -53   47   40   -8   84  -42  -28  -30    2  -37  -18  141  222  154  229  145  536  282  390  591  989  992  996  998
 17 Bugbrain              5628    23  -45  -32    2    8  -23  -18   14   31  -38   17  -32   54   23  119   43    0  173  -15   29   33   24   94   13  -68  -21   80   59  -24   58   98   20  162   75  140  197  121  395  957  910  984  988
 18 ZQ Bot                5568  -270 -278 -301 -245  -88 -118 -124  -69 -107 -189    6  -19  -25   57   15   31 -173    0  -48   59  -60  -84  249   52  -42   -7   33   32   63  124  395  154  309  197  877  238  364  587  988  988  997 1000
 19 Majikthise            4976    -9  -26   -7   35   -2  -14   46   27   18   21   58   34   37   34   17   53   15   48    0    8    0    7  234   61   34  -60  -26  -25  -32  124    8   27  287  123   55  194  160  440  -11  993  996  994
 20 * Anti-rotn           4966   -78  -87  -57  -40  -69  -32  -57  -44  -49  -53  -48  -36  -59  -57  -43  -47  -29  -59   -8    0  -47   27  257  -13  -53  -43  -30   13  -50  249   22   61   30  337  498  481  199  499  497 1000  998  986
 21 Mixed Strategy        4831   -39  -84   -5  -40  -31  -93  -64  -40  -46  -58  -42  -95   10  -45  -24  -40  -33   60    0   47    0  -20   67  -48 -102  -13    1   79    8   16   69  180  138   89   45  163  388  490  986  970  996  991
 22 Vroomfondel           4764    -1  -44   35  104   -3   15   24    2   12   58  -30  -69    0   19   35    8  -24   84   -7  -27   20    0  141    0    2   40   18   56   32  109  -22   53  229  110    5  233  154  432  -22  994  994  995
 23 Multi-strategy        2210  -216 -280 -162 -194 -229 -184 -233 -210  -89 -179 -166 -285 -273 -128 -440  -84  -94 -249 -234 -257  -67 -141    0 -107  -50  -20   20  207   29  186   53  123   31  292    1  449  399  999  997  997  999  999
 24 Inocencio             1688  -231 -202 -675 -214 -126 -838 -163  -26  -68 -544 -794  -34 -647   38  -34   42  -13  -52  -61   13   48    0  107    0   -8  -28  -13  137  299   76   86  149  221  138  181  278  410  347  959  983  976  971
 25 * De Bruijn            575   -57  -52   38   27    2  -13   55  -12   15   79    1   50   47   21   29   28   68   42  -34   53  102   -2   50    8    0   -1   -9    2   13   47   -1   23  -40    0  -19  -20   -6  128   -1   21    0 -107
 26 * Pi                   223   -36   -1    1   20    1  -17   11   13   57  -19   36   33    7   39   24   30   21    7   60   43   13  -40   20   28    1    0  -30  -70  -11  -26  -12  -81  -13   52   34    4    6   30   22  -11  -11  -12
 27 * Add-drift          -1416  -191 -142 -257 -187  -50   24 -106  -36  -33 -332    3  -38   17  -33  -45   -2  -80  -33   26   30   -1  -18  -20   13    9   30    0   33    6  -24  -85   16  -24   25   -2   -2   16   52   16   -3    1   11
 28 * Copy-drift         -1837  -229 -141 -206  -19 -131  -36 -102  -31  -28 -292  -90  -40  -12  -19  -52   37  -59  -32   25  -13  -79  -56 -207 -137   -2   70  -33    0   -6    8   60   37  -51   67  -44    7  -27   15    1  -45   24   31
 29 * Foxtrot            -2078  -344 -399   -5  -76 -409 -385 -163  -20  -26   12   46   35  -15    5  -28   18   24  -63   32   50   -8  -32  -29 -299  -13   11   -6    6    0   21   -2    9  -44   -6   -2   40   42    6  -13  -47  -12   11
 30 * Flat               -3029  -215 -122 -126 -166 -154 -130  -56  -76  -59  -70  -16  -96 -143 -138 -202 -141  -58 -124 -124 -249  -16 -109 -186  -76  -47   26   24   -8  -21    0  -24  -32    4   13 -204    6    8  276  203    2    0 -403
 31 * Add-react          -3130  -342 -303 -107 -291   67  -57 -342  -30  -84 -105  -64  -71 -184 -239  -80 -222  -98 -395   -8  -22  -69   22  -53  -86    1   12   85  -60    2   24    0    7  -40   14  -40   15    9  -22   16    7    2    1
 32 * Text               -3202  -138  -79 -132 -133 -155 -113  -94 -157 -105 -149 -113  -54 -172 -157 -181 -154  -20 -154  -27  -61 -180  -53 -123 -149  -23   81  -16  -37   -9   32   -7    0  -62   -6   32    6    2 -185  -74  -11 -185  113
 33 Knucklehead          -3227  -579 -415 -301 -411 -505 -506 -485 -443 -466 -248  -95 -498 -306 -169 -374 -229 -162 -309 -287  -30 -138 -229  -31 -221   40   13   24   51   44   -4   40   62    0   22    8   10   89  193  649 1000  970  999
 34 * Switch A Lot       -4091  -102  -39 -223 -226 -198 -144 -148  -87 -238 -181 -209 -194 -109 -150 -237 -145  -75 -197 -123 -337  -89 -110 -292 -138    0  -52  -25  -67    6  -13  -14    6  -22    0 -106  -44   -8   17  290   -6   -9  -53
 35 Peterbot             -7039  -911 -998 -792 -896 -793  -99 -917 -649 -481 -270 -115 -274 -967 -1000 -906 -536 -140 -877  -55 -498  -45   -5   -1 -181   19  -34    2   44    2  204   40  -32   -8  106    0  233  411  432  963  999  999  987
 36 Always Switchin'     -7138  -208 -214 -478 -469 -341 -241 -202 -471 -350 -420 -452 -291 -270 -259 -211 -282 -197 -238 -194 -481 -163 -233 -449 -278   20   -4    2   -7  -40   -6  -15   -6  -10   44 -233    0    5   38  487    7   24  -52
 37 R-P-S 20-20-60       -9740  -419 -429 -419 -403 -402 -327 -324 -382 -374 -418 -337 -316 -370 -392 -408 -390 -121 -364 -160 -199 -388 -154 -399 -410    6   -6  -16   27  -42   -8   -9   -2  -89    8 -411   -5    0 -409 -155    3 -359   32
 38 Beat Frequent Pick  -14172  -890 -944 -591 -944 -565 -672 -593 -775 -753 -592 -555 -573 -591 -589 -593 -591 -395 -587 -440 -499 -490 -432 -999 -347 -128  -30  -52  -15   -6 -276   22  185 -193  -17 -432  -38  409    0 -600    0  999 1000
 39 Beat The Last Move  -19421  -993 -985 -990 -990 -994  -29 -991 -873 -991 -986 -903 -573 -992 -994 -991 -989 -957 -988   11 -497 -986   22 -997 -959    1  -22  -16   -1   13 -203  -16   74 -649 -290 -963 -487  155  600    0    1 1000  997
 40 Rotate R-P-S        -26238  -984 -996 -993 -994 -995 -995 -993 -993 -987 -989 -920 -997 -991 -1000 -995 -992 -910 -988 -993 -1000 -970 -994 -997 -983  -21   11    3   45   47   -2   -7   11 -1000    6 -999   -7   -3    0   -1    0    0 -672
 41 Good Ole Rock       -26333  -999 -994 -999 -999 -998 -1000 -1000 -998 -995 -996 -981 -998 -998 -997 -1000 -996 -984 -997 -996 -998 -996 -994 -999 -976    0   11   -1  -24   12    0   -2  185 -970    9 -999  -24  359 -999 -1000    0    0  998
 42 * Anti-Flat         -27725  -992 -994 -995 -996 -1000 -999 -1000 -996 -1000 -996 -978 -986 -1000 -995 -995 -998 -988 -1000 -994 -986 -991 -995 -999 -971  107   12  -11  -31  -11  403   -1 -113 -999   53 -987   52  -32 -1000 -997  672 -998    0

 Match results (draw <= 50): 

    Player Name           total  W  L  D   1  2  3  4  5  6  7  8  9 10 11 12 13 14 15 16 17 18 19 20 21 22 23 24 25 26 27 28 29 30 31 32 33 34 35 36 37 38 39 40 41 42
  1 Iocaine Powder          69  28  0 13   1  2  2  1  1  1  2  1  2  1  1  1  1  1  1  1  2  1  2  2  2  2  2  2  1  2  2  2  2  2  2  2  2  2  2  2  2  2  2  2  2  2
  2 Phasenbott              67  27  1 13   0  1  2  1  1  1  1  2  1  1  1  1  1  2  1  1  2  2  2  2  2  2  2  2  1  2  2  2  2  2  2  2  2  2  2  2  2  2  2  1  2  2
  3 RussRocker4             64  27  4 10   0  0  1  1  1  1  0  1  1  1  1  1  1  2  2  2  2  2  2  2  2  0  2  2  1  2  2  2  2  2  2  2  2  2  2  2  2  2  2  2  2  2
  4 Yomi AI                 63  22  0 19   1  1  1  1  1  1  1  1  1  1  1  1  1  2  2  1  2  2  2  2  2  1  2  1  1  1  2  1  2  2  2  2  1  2  2  2  2  2  2  2  2  2
  5 Simple Modeller         63  22  0 19   1  1  1  1  1  1  1  1  1  1  1  1  1  1  1  1  2  1  2  2  2  1  2  2  1  2  1  2  2  2  2  2  2  2  2  2  2  2  2  2  2  2
  6 Biopic                  62  23  2 16   1  1  1  1  1  1  1  1  0  1  1  1  1  1  2  2  2  1  2  2  2  1  2  2  1  1  2  2  2  2  2  0  2  2  2  2  2  2  2  2  2  2
  7 MegaHAL                 61  22  2 17   0  1  2  1  1  1  1  1  1  1  1  0  1  1  1  1  2  1  2  2  2  1  2  1  1  2  2  1  2  2  2  2  2  2  2  2  2  2  2  2  2  2
  8 ACT-R Lag2              59  19  1 21   1  0  1  1  1  1  1  1  1  1  1  2  1  1  1  1  2  2  2  2  1  1  1  1  1  1  1  1  2  2  2  2  2  2  2  2  2  2  2  2  2  2
  9 Boom                    58  19  2 20   0  1  1  1  1  2  1  1  1  1  1  1  1  1  1  1  1  1  2  2  2  1  2  1  0  1  1  1  2  2  2  2  2  2  2  2  2  2  2  2  2  2
 10 Bugbrain                58  18  1 22   1  1  1  1  1  1  1  1  1  1  1  1  1  1  1  1  1  1  2  2  2  0  1  1  1  2  1  2  2  2  2  2  2  2  1  2  2  2  2  2  2  2
 11 Shofar                  56  16  1 24   1  1  1  1  1  1  1  1  1  1  1  1  0  1  1  1  2  1  1  1  1  1  2  1  1  1  1  2  2  2  2  2  2  1  2  2  2  2  2  2  2  2
 12 Vroomfondel             55  15  1 25   1  1  1  1  1  1  2  0  1  1  1  1  1  1  1  1  2  1  1  1  2  1  1  1  1  1  1  2  2  1  2  1  1  2  2  2  2  2  2  2  2  2
 13 Majikthise              54  14  1 26   1  1  1  1  1  1  1  1  1  1  2  1  1  1  2  1  1  1  1  1  1  1  2  1  0  1  1  1  2  2  2  1  1  2  1  2  2  2  2  2  2  2
 14 Robertot                53  15  3 23   1  0  0  0  1  1  1  1  1  1  1  1  1  1  1  1  2  1  1  1  2  1  1  1  1  1  1  1  2  2  2  1  2  2  2  2  2  2  2  2  2  2
 15 Sweet Rocky             52  15  4 22   1  1  0  0  1  0  1  1  1  1  1  1  0  1  1  2  1  1  1  1  1  1  1  1  1  1  1  1  2  2  2  2  2  2  2  2  2  2  2  2  2  2
 16 Piedra                  51  15  5 21   1  1  0  1  1  0  1  1  1  1  1  1  1  1  0  1  1  1  1  0  0  1  1  2  1  1  1  1  2  2  2  2  2  2  2  2  2  2  2  2  2  2
 17 Simple Predictor        50  21 12  8   0  0  0  0  0  0  0  0  1  1  0  0  1  0  1  1  1  2  1  2  2  0  2  2  1  2  1  2  2  2  2  2  2  2  2  2  2  2  2  2  2  2
 18 Mixed Strategy          49  14  6 21   1  0  0  0  1  1  1  0  1  1  1  1  1  1  1  1  0  1  1  1  2  0  1  1  1  1  1  2  2  1  2  2  2  1  2  2  2  2  2  2  2  2
 19 Granite                 47  16 10 15   0  0  0  0  0  0  0  0  0  0  1  1  1  1  1  1  1  1  1  1  1  1  2  2  1  1  1  1  2  2  2  2  2  2  2  2  2  2  2  2  2  2
 20 Marble                  46  16 11 14   0  0  0  0  0  0  0  0  0  0  1  1  1  1  1  2  0  1  1  1  1  1  1  1  1  1  1  2  2  2  2  2  2  2  2  2  2  2  2  2  2  2
 21 ZQ Bot                  46  18 13 10   0  0  0  0  0  0  0  1  0  0  1  0  1  0  1  2  0  0  1  1  1  1  2  2  1  1  2  1  2  2  2  2  2  2  2  2  2  2  2  2  2  2
 22 * De Bruijn             44   6  3 32   0  0  2  1  1  1  1  1  1  2  1  1  1  1  1  1  2  2  1  1  1  1  1  2  1  1  1  1  1  1  1  1  1  1  1  0  1  1  2  1  1  1
 23 Inocencio               44  16 13 12   0  0  0  0  0  0  0  1  0  1  0  1  0  1  1  1  0  1  0  1  0  1  1  1  1  1  2  2  2  2  2  2  2  2  2  2  2  2  2  2  2  2
 24 * Anti-rotn             43  12 10 19   0  0  0  1  0  0  1  1  1  1  1  1  1  1  1  0  0  1  0  1  0  0  1  1  1  1  1  1  2  2  1  1  2  2  2  2  2  2  2  2  2  2
 25 * Pi                    42   3  2 36   1  1  1  1  1  1  1  1  2  1  1  1  2  1  1  1  1  1  1  1  1  1  1  1  1  1  1  0  1  1  1  1  1  1  0  1  1  1  1  2  1  1
 26 * Add-drift             34   1  8 32   0  0  0  1  0  1  0  1  1  0  1  1  1  1  1  1  0  1  1  1  1  1  1  1  1  1  1  1  1  1  1  0  1  1  1  1  1  1  2  1  1  1
 27 * Foxtrot               33   0  8 33   0  0  0  0  1  0  0  1  1  1  1  1  1  1  1  1  1  1  1  1  0  1  0  1  1  1  1  1  1  1  1  1  1  1  1  1  1  1  1  1  1  1
 28 * Copy-drift            30   3 14 24   0  0  0  1  0  0  1  1  1  0  0  0  1  1  1  1  0  0  1  0  1  1  0  1  2  1  1  1  0  1  0  2  1  1  1  1  1  1  1  2  1  1
 29 Multi-strategy          30  12 23  6   0  0  0  0  0  0  0  0  0  0  0  0  0  0  0  0  0  0  0  0  0  1  0  0  1  1  1  2  1  1  1  2  2  2  2  2  2  2  2  2  2  2
 30 Peterbot                29   9 21 11   0  0  0  0  0  0  0  0  0  0  0  1  0  0  0  0  0  1  0  0  0  1  0  0  1  1  1  1  1  1  1  1  2  2  1  2  2  2  2  2  2  2
 31 Knucklehead             27   8 22 11   0  0  0  0  0  0  0  0  0  0  0  0  0  0  0  0  0  0  0  0  0  1  0  1  1  1  1  2  1  1  1  1  2  1  2  2  2  1  2  1  2  2
 32 * Add-react             23   2 20 19   0  0  0  0  0  2  0  0  0  0  0  1  1  1  0  0  0  0  0  0  0  1  0  1  1  2  1  0  0  1  1  1  1  1  1  1  1  1  1  1  1  1
 33 Beat The Last Move      20   5 26 10   0  0  0  1  0  0  0  0  0  0  0  1  1  0  0  0  0  0  0  0  0  1  0  0  1  1  1  1  0  0  0  1  1  0  2  2  2  0  2  0  1  2
 34 * Flat                  19   2 24 15   0  0  0  0  0  0  0  0  0  0  1  0  0  0  0  0  0  1  0  0  0  1  0  0  1  1  1  1  0  0  1  1  2  1  1  0  1  1  2  1  1  1
 35 * Text                  17   2 26 13   0  0  0  0  0  0  0  0  0  1  0  0  1  0  0  0  0  0  0  0  0  1  0  0  2  1  1  1  0  1  0  1  0  1  1  2  0  1  0  1  1  1
 36 * Anti-Flat             16   5 30  6   0  0  0  0  0  0  0  0  0  0  0  0  0  0  0  0  0  0  0  0  0  2  0  0  1  1  1  1  0  0  0  1  0  2  0  1  0  2  0  2  2  1
 37 Good Ole Rock           16   3 28 10   0  0  0  0  0  0  0  0  0  0  0  0  0  0  0  0  0  0  0  0  0  1  0  0  1  1  1  1  0  0  0  1  0  1  2  2  1  1  0  1  1  2
 38 Always Switchin'        16   1 26 14   0  0  0  0  0  0  0  0  0  0  0  0  0  0  0  0  0  0  0  0  0  1  0  0  1  1  1  1  0  0  1  1  2  1  1  0  1  1  1  1  1  1
 39 Beat Frequent Pick      15   4 30  7   0  0  0  0  0  0  0  0  0  0  0  0  0  0  0  0  0  0  0  0  0  0  0  0  1  0  1  1  0  0  0  1  0  0  2  2  2  1  1  1  1  2
 40 * Switch A Lot          15   1 27 13   0  1  0  0  0  0  0  0  0  0  0  0  0  0  0  0  0  0  0  0  0  1  0  0  0  1  1  0  0  0  1  1  2  1  1  0  1  1  1  1  1  1
 41 Rotate R-P-S            14   0 27 14   0  0  0  0  0  0  0  0  0  0  0  0  0  0  0  0  0  0  0  0  0  1  0  0  1  1  1  1  0  0  0  1  1  1  1  0  1  1  1  1  1  1
 42 R-P-S 20-20-60          12   0 29 12   0  0  0  0  0  0  0  0  0  0  0  0  0  0  0  0  0  0  0  0  0  1  0  0  1  1  1  1  0  0  0  1  0  1  1  1  0  1  0  1  1  1


   Yomi AI is match ranked 4

 Tournament results:
    Player Name          total 
  1 Yomi AI               7518 
 19 Iocaine Powder       11094 
 20 Phasenbott           10582 
 21 MegaHAL               9361 
 23 Biopic                8392 
 24 Simple Modeller       9416 

   Yomi is tournament ranked 6

