 Playing 1 tournaments with 1000 trials per match...

 Yomi AI            vs Good Ole Rock       Match: 1000 (1000+   0-   0=)
 Yomi AI            vs R-P-S 20-20-60      Match:  155 (448+ 293- 259=)
 Yomi AI            vs Rotate R-P-S        Match:  727 (863+ 136-   1=)
 Yomi AI            vs Beat The Last Move  Match:   33 (364+ 331- 305=)
 Yomi AI            vs Always Switchin'    Match:  168 (429+ 261- 310=)
 Yomi AI            vs Beat Frequent Pick  Match:  464 (684+ 220-  96=)
 Yomi AI            vs * Pi                Match:  -17 (334+ 351- 315=)
 Yomi AI            vs * Switch A Lot      Match:  101 (412+ 311- 277=)
 Yomi AI            vs * Flat              Match:   43 (369+ 326- 305=)
 Yomi AI            vs * Anti-Flat         Match:  999 (999+   0-   1=)
 Yomi AI            vs * Foxtrot           Match:  255 (515+ 260- 225=)
 Yomi AI            vs * De Bruijn         Match:   30 (346+ 316- 338=)
 Yomi AI            vs * Text              Match:   99 (405+ 306- 289=)
 Yomi AI            vs * Anti-rotn         Match:   26 (347+ 321- 332=)
 Yomi AI            vs * Copy-drift        Match:   19 (338+ 319- 343=)
 Yomi AI            vs * Add-react         Match:   23 (345+ 322- 333=)
 Yomi AI            vs * Add-drift         Match:  -13 (332+ 345- 323=)
 Yomi AI            vs Iocaine Powder      Match:  -17 (337+ 354- 309=)
 Yomi AI            vs Phasenbott          Match:  -20 (316+ 336- 348=)
 Yomi AI            vs MegaHAL             Match:    7 (338+ 331- 331=)
 Yomi AI            vs RussRocker4         Match:   12 (347+ 335- 318=)
 Yomi AI            vs Biopic              Match:   -7 (341+ 348- 311=)
 Yomi AI            vs Simple Modeller     Match:   -5 (331+ 336- 333=)
 Yomi AI            vs Simple Predictor    Match:   48 (382+ 334- 284=)
 Yomi AI            vs Robertot            Match:   32 (374+ 342- 284=)
 Yomi AI            vs Boom                Match:   53 (354+ 301- 345=)
 Yomi AI            vs Shofar              Match:  -25 (320+ 345- 335=)
 Yomi AI            vs ACT-R Lag2          Match:  -35 (321+ 356- 323=)
 Yomi AI            vs Majikthise          Match:   -5 (332+ 337- 331=)
 Yomi AI            vs Vroomfondel         Match:   19 (357+ 338- 305=)
 Yomi AI            vs Granite             Match:   84 (411+ 327- 262=)
 Yomi AI            vs Marble              Match:   23 (375+ 352- 273=)
 Yomi AI            vs ZQ Bot              Match:   72 (422+ 350- 228=)
 Yomi AI            vs Sweet Rocky         Match:   45 (382+ 337- 281=)
 Yomi AI            vs Piedra              Match:   30 (367+ 337- 296=)
 Yomi AI            vs Mixed Strategy      Match:  133 (442+ 309- 249=)
 Yomi AI            vs Multi-strategy      Match:  173 (471+ 298- 231=)
 Yomi AI            vs Inocencio           Match:   62 (391+ 329- 280=)
 Yomi AI            vs Peterbot            Match:    9 (356+ 347- 297=)
 Yomi AI            vs Bugbrain            Match:  -24 (320+ 344- 336=)
 Yomi AI            vs Knucklehead         Match:  364 (587+ 223- 190=)
 Final results (draw value = 50):

 Tournament results: 

    Player Name          total     1    2    3    4    5    6    7    8    9   10   11   12   13   14   15   16   17   18   19   20   21   22   23   24   25   26   27   28   29   30   31   32   33   34   35   36   37   38   39   40   41   42
  1 Iocaine Powder       11619     0  150   98   35   77  148  546   56   41  268   27   51   82  193    6   42   28  275   17  142   64   35  345   28  -16  800  144  345  144  572  281  138   84   -5  909  203  387  928  997  992  992  970
  2 Phasenbott           10193  -150    0   84   16    6  145  535   72   66  248   -7   14   51  241   46   52   31  254   20   38   54   60  277   45  -42  178  124  376   43  403  334  141  100   98  910  287  128  950  982  987  996 1000
  3 MegaHAL               9383   -98  -84    0   12  -31   52  125  -10  -15  241  -27   72   28  240   19   35   27  256   -7   60  -28   34  197  -25   14  180  177   89   28  379  333  117  142  207  883  436  405  944  990  992  999  995
  4 Biopic                8532   -35  -16  -12    0   -6   35  -11   91   42  101   38   88   30  118  -29   34   39  125    7   67  -42    5  238  -18  -33  168   18  387   41  511   62  155  142  174  753  350  406  523  997  999  999  991
  5 Simple Modeller       8315   -77   -6   31    6    0  245    3   12  -28  109    1   90  -11   22   81   51   54  314    5   75  -14   -8  195  -54  -43  102  284  -42  226  225  111  116  152  246  334  492  439  595  994  992  999  997
  6 Simple Predictor      7902  -148 -145  -52  -35 -245    0 -126  -31   29    8    2   35  -51   23   43   50   14  136  -48  124  -17   -4  191  -73   19  588  247   13  279  290  108   72  166  201  880  407  393  592  984  989  996  998
  7 RussRocker4           7879  -546 -535 -125   11   -3  126    0   17   59  166    4   39   57  163   31   43   42  148  -12   -4   27    1  332  -17  -34  149  127  209  172  502  338  103   93  116  909  253  339  598  994  993  999  995
  8 Robertot              7373   -56  -72   10  -91  -12   31  -17    0  -28   42  -25   46  -30   83  -28   51   60   58  -32   52  -21    3  257  -17  -12  -22   26  -61   66  426   50   73  177   44  669  473  420  830  962  998  995  995
  9 Boom                  7104   -41  -66   15  -42   28  -29  -59   28    0   67  -31   28  -59   43  -24   48   64   60  -53   18   -5  -37  232   -2   14   48   76  -22  116  376  101  108  148  246  224  403  358  753  991  990  995  996
 10 Marble                6694  -268 -248 -241 -101 -109   -8 -166  -42  -67    0   -6   38 -137  -18  -72   50   67   51  -23   44  -19  -42  233  -39  -48  647   44   67   46  286   84  227  177  222  826  232  430  591  996  996 1000  994
 11 Shofar                6641   -27    7   27  -38   -1   -2   -4   25   31    6    0   47  -40   -9    0   31   62   91   25   63  -79   28  101  -77   24  553   24  -42   85  149   23   -2  142  232   54  440  361  554  902  924  966  985
 12 Sweet Rocky           6534   -51  -14  -72  -88  -90  -35  -39  -46  -28  -38  -47    0  -20  -12  -28  -26   -6  -67  -45  -26  -26   -7  154  -16  -22  -45   80  -15   31  175  360  181  167  179 1000  168  384  590  994  994  994  992
 13 ACT-R Lag2            6426   -82  -51  -28  -30   11   51  -57   30   59  137   40   20    0  153    1   14   18  103   35   72    2   18  248    2   48  554    6  -32   23  511   72   98   99  164   27  274  289  569  -13  991  994  986
 14 Granite               6180  -193 -241 -240 -118  -22  -23 -163  -83  -43   18    9   12 -153    0  -11   44   49   30  -84    2   13  -54  327  -93  -32  653   67   11   65  250   62  144  181  132  550  170  369  594  994  993  999  995
 15 Bugbrain              5745    -6  -46  -19   29  -81  -43  -31   28   24   72    0   28   -1   11    0   39   35  133   24   59  -12   36  144  -32  -24    1   90    5   69  164   94   27   26   92  228  158  138  429  925  950  992  990
 16 * Anti-rotn           5631   -42  -52  -35  -34  -51  -50  -43  -51  -48  -50  -31   26  -14  -44  -39    0  -40  -48  -26   -2  -18   -7  240  -60  -48  657    0   22   23   33    2  235   56  340   77  483  216  597  489  999  999  970
 17 Piedra                5431   -28  -31  -27  -39  -54  -14  -42  -60  -64  -67  -62    6  -18  -49  -35   40    0  -36  -30  -50  -27  -55   67  -12  -28  -31   -6  -16   42   93   17  199  177  191  235  278  394  593  995  992  996  997
 18 ZQ Bot                5291  -275 -254 -256 -125 -314 -136 -148  -58  -60  -51  -91   67 -103  -30 -133   48   36    0  -72  -23  -78  -53  223  -12   -7    3   39    6   -5  223  381  116  147  112  946  310  343  592  989  997 1000  997
 19 Yomi AI               5140   -17  -20    7   -7   -5   48   12   32   53   23  -25   45  -35   84  -24   26   30   72    0  133   19   -5  173   30  -17   62  -13  255   19  364   23   43   99  101    9  168  155  464   33  727 1000  999
 20 Mixed Strategy        4748  -142  -38  -60  -67  -75 -124    4  -52  -18  -44  -63   26  -72   -2  -59    2   50   23 -133    0  -71  -30   18 -103  -66  -35    0  -27  154  229   11   71  140   67  308  177  364  474  961  960  992  998
 21 Vroomfondel           4596   -64  -54   28   42   14   17  -27   21    5   19   79   26   -2  -13   12   18   27   78  -19   71    0  -24  198  -39   27   68   12   19  -24  238  -22   64  -47  104    2  230  155  407  -29  991  994  994
 22 Majikthise            4540   -35  -60  -34   -5    8    4   -1   -3   37   42  -28    7  -18   54  -36    7   55   53    5   30   24    0   60    2    6   66  -11   15   -3  224   15   86   24  122  -33  320  140  439  -10  990  992  990
 23 Multi-strategy        2642  -345 -277 -197 -238 -195 -191 -332 -257 -232 -233 -101 -154 -248 -327 -144 -240  -67 -223 -173  -18 -198  -60    0  -50  -20 -105  -34  -15  208   16   58  238  123  298  500  466  420  999  997  997  999  997
 24 * De Bruijn            576   -28  -45   25   18   54   73   17   17    2   39   77   16   -2   93   32   60   12   12  -30  103   39   -2   50    0   -1   18  -46    1  -19  -12  -29  -10   23   -7  -10    7   -3  128   -1   21    0 -116
 25 * Pi                   242    16   42  -14   33   43  -19   34   12  -14   48  -24   22  -48   32   24   48   28    7   17   66  -27   -6   20    1    0   27  -39  -15  -32  -26   18  -42  -81   12    5   38   19   30   22  -11  -11  -13
 26 Inocencio             -768  -800 -178 -180 -168 -102 -588 -149   22  -48 -647 -553   45 -554 -653   -1 -657   31   -3  -62   35  -68  -66  105  -18  -27    0   27  295  134  229   83  129  149   88  173  271  410  358 -775  985  983  977
 27 * Add-drift          -1499  -144 -124 -177  -18 -284 -247 -127  -26  -76  -44  -24  -80   -6  -67  -90    0    6  -39   13    0  -12   11   34   46   39  -27    0   -8    5  -55   -5  -45   21   -6   24   15   17  -21  -38   10   28   22
 28 * Foxtrot            -1761  -345 -376  -89 -387   42  -13 -209   61   22  -67   42   15   32  -11   -5  -22   16   -6 -255   27  -19  -15   15   -1   15 -295    8    0  -13  -33    0  -12   32   43  -35   28  -18   23  -29   13   15   45
 29 * Copy-drift         -1908  -144  -43  -28  -41 -226 -279 -172  -66 -116  -46  -85  -31  -23  -65  -69  -23  -42    5  -19 -154   24    3 -208   19   32 -134   -5   13    0   -6   43   -9    2   -3  -15  -33   55  -27   -2   19  -22   13
 30 Knucklehead          -2597  -572 -403 -379 -511 -225 -290 -502 -426 -376 -286 -149 -175 -511 -250 -164  -33  -93 -223 -364 -229 -238 -224  -16   12   26 -229   55   33    6    0   51   16  -10   28   -3   24   86  156  980  873  960  978
 31 * Add-react          -2839  -281 -334 -333  -62 -111 -108 -338  -50 -101  -84  -23 -360  -72  -62  -94   -2  -17 -381  -23  -11   22  -15  -58   29  -18  -83    5    0  -43  -51    0   26    8   41  -15   42   50  -20  -21   52    1   56
 32 * Flat               -2987  -138 -141 -117 -155 -116  -72 -103  -73 -108 -227    2 -181  -98 -144  -27 -235 -199 -116  -43  -71  -64  -86 -238   10   42 -129   45   12    9  -16  -26    0  -34  -54 -190  -18   22  249  196   41    0 -396
 33 * Text               -3055   -84 -100 -142 -142 -152 -166  -93 -177 -148 -177 -142 -167  -99 -181  -26  -56 -177 -147  -99 -140   47  -24 -123  -23   81 -149  -21  -32   -2   10   -8   34    0    2   31   54   27 -185  -74  -11 -185  111
 34 * Switch A Lot       -3624     5  -98 -207 -174 -246 -201 -116  -44 -246 -222 -232 -179 -164 -132  -92 -340 -191 -112 -101  -67 -104 -122 -298    7  -12  -88    6  -43    3  -28  -41   54   -2    0  -90  -30   31   32  281   16   -3  -34
 35 Peterbot             -6012  -909 -910 -883 -753 -334 -880 -909 -669 -224 -826  -54 -1000  -27 -550 -228  -77 -235 -946   -9 -308   -2   33 -500   10   -5 -173  -24   35   15    3   15  190  -31   90    0  231  416  438  981  998  999 1000
 36 Always Switchin'     -7259  -203 -287 -436 -350 -492 -407 -253 -473 -403 -232 -440 -168 -274 -170 -158 -483 -278 -310 -168 -177 -230 -320 -466   -7  -38 -271  -15  -28   33  -24  -42   18  -54   30 -231    0   41   57  485  -28   16  -23
 37 R-P-S 20-20-60       -9511  -387 -128 -405 -406 -439 -393 -339 -420 -358 -430 -361 -384 -289 -369 -138 -216 -394 -343 -155 -364 -155 -140 -420    3  -19 -410  -17   18  -55  -86  -50  -22  -27  -31 -416  -41    0 -396 -160   14 -399   16
 38 Beat Frequent Pick  -14031  -928 -950 -944 -523 -595 -592 -598 -830 -753 -591 -554 -590 -569 -594 -429 -597 -593 -592 -464 -474 -407 -439 -999 -128  -30 -358   21  -23   27 -156   20 -249  185  -32 -438  -57  396    0 -600    0  999  997
 39 Beat The Last Move  -17358  -997 -982 -990 -997 -994 -984 -994 -962 -991 -996 -902 -994   13 -994 -925 -489 -995 -989  -33 -961   29   10 -997    1  -22  775   38   29    2 -980   21 -196   74 -281 -981 -485  160  600    0    1 1000 1000
 40 Rotate R-P-S        -26146  -992 -987 -992 -999 -992 -989 -993 -998 -990 -996 -924 -994 -991 -993 -950 -999 -992 -997 -727 -960 -991 -990 -997  -21   11 -985  -10  -13  -19 -873  -52  -41   11  -16 -998   28  -14    0   -1    0    0 -720
 41 Good Ole Rock       -26269  -992 -996 -999 -999 -999 -996 -999 -995 -995 -1000 -966 -994 -994 -999 -992 -999 -996 -1000 -1000 -992 -994 -992 -999    0   11 -983  -28  -15   22 -960   -1    0  185    3 -999  -16  399 -999 -1000    0    0  999
 42 * Anti-Flat         -27733  -970 -1000 -995 -991 -997 -998 -995 -995 -996 -994 -985 -992 -986 -995 -990 -970 -997 -997 -999 -998 -994 -990 -997  116   13 -977  -22  -45  -13 -978  -56  396 -111   34 -1000   23  -16 -997 -1000  720 -999    0

 Match results (draw <= 50): 

    Player Name           total  W  L  D   1  2  3  4  5  6  7  8  9 10 11 12 13 14 15 16 17 18 19 20 21 22 23 24 25 26 27 28 29 30 31 32 33 34 35 36 37 38 39 40 41 42
  1 Iocaine Powder          71  30  0 11   1  2  2  2  1  2  1  2  1  1  1  2  1  2  2  2  1  2  2  1  1  1  2  2  2  2  2  2  2  2  2  2  2  2  1  2  2  2  2  2  2  2
  2 Phasenbott              69  29  1 11   0  1  1  2  1  2  1  2  1  2  1  2  2  2  2  1  2  2  2  1  1  1  1  2  2  2  2  2  1  2  2  2  2  2  2  2  2  2  2  2  2  2
  3 Simple Modeller         64  25  2 14   0  1  1  1  1  1  1  1  2  1  1  1  1  2  1  2  2  2  1  2  0  1  2  2  2  1  2  2  2  2  2  2  2  2  2  2  2  2  2  2  2  2
  4 MegaHAL                 63  24  2 15   0  0  1  1  1  2  1  1  1  1  1  1  1  2  1  2  1  2  2  1  1  1  2  2  2  2  2  2  1  2  2  2  2  2  2  2  2  2  2  2  2  2
  5 Biopic                  63  22  0 19   1  1  1  1  1  1  1  1  1  1  1  2  1  1  1  2  1  2  2  1  1  1  2  2  2  2  2  1  1  2  2  2  2  2  2  2  2  2  2  2  2  2
  6 RussRocker4             62  24  3 14   0  0  1  0  1  1  1  2  1  2  1  1  1  2  1  1  1  2  2  1  1  1  1  2  2  2  2  2  2  2  2  2  2  2  2  2  2  2  2  2  2  2
  7 Yomi AI                 57  16  0 25   1  1  1  1  1  1  1  1  1  2  1  1  1  1  1  1  1  1  2  1  1  1  2  2  2  2  2  1  1  1  2  1  1  2  2  1  2  2  2  2  2  2
  8 ACT-R Lag2              57  19  3 19   0  0  1  1  1  0  1  1  1  2  1  1  1  2  1  1  1  2  2  1  1  1  2  2  2  1  2  1  1  1  2  2  1  2  2  2  2  2  2  2  2  2
  9 Bugbrain                57  17  1 23   1  1  0  1  1  1  1  1  1  1  1  1  1  1  1  1  1  2  1  1  1  1  2  2  1  1  2  2  2  2  2  2  2  1  2  1  2  2  2  2  2  2
 10 Boom                    56  19  4 18   1  0  1  1  1  0  0  0  1  1  1  1  1  1  1  1  1  2  1  2  1  1  1  2  1  1  2  2  2  2  2  2  2  2  2  2  2  2  2  2  2  2
 11 Shofar                  56  17  2 22   1  1  1  1  1  1  1  1  1  1  1  1  1  1  0  1  1  1  1  2  0  1  2  2  2  1  2  1  2  2  2  1  2  2  2  1  2  2  2  2  2  2
 12 Robertot                55  18  4 19   0  0  1  1  0  1  1  1  1  1  1  1  1  1  1  1  2  1  2  2  1  1  2  2  1  0  2  1  2  2  2  1  2  2  1  2  2  2  2  2  2  2
 13 Majikthise              54  14  1 26   1  0  1  1  1  1  1  1  1  1  1  1  1  1  1  1  1  1  2  2  1  1  1  2  2  1  2  1  1  1  2  1  1  1  2  2  2  2  2  2  2  2
 14 Simple Predictor        53  19  7 15   0  0  0  0  1  0  1  0  1  1  1  1  1  1  1  1  1  1  1  1  0  1  2  2  2  1  2  2  2  2  2  2  2  2  2  2  2  2  2  2  2  2
 15 Vroomfondel             53  14  2 25   0  0  1  1  1  1  1  1  1  1  2  1  1  1  1  1  1  1  1  1  1  1  2  2  2  1  2  1  1  1  2  1  1  1  2  2  2  2  2  2  2  2
 16 Sweet Rocky             51  15  5 21   0  1  0  0  0  1  1  1  1  1  1  1  1  1  1  1  1  1  1  1  1  1  1  0  1  1  2  2  1  2  2  2  2  2  2  2  2  2  2  2  2  2
 17 * Anti-rotn             50  13  4 24   1  0  0  1  1  1  1  1  1  1  1  0  1  1  1  1  1  1  1  1  0  1  1  1  2  1  2  1  1  2  1  1  2  2  2  2  2  2  2  2  2  2
 18 Marble                  50  18  9 14   0  0  0  0  0  0  1  0  0  0  1  1  1  1  1  1  1  1  1  2  1  1  1  2  2  2  2  1  1  2  2  2  2  2  2  2  2  2  2  2  2  2
 19 Granite                 48  17 10 14   0  0  1  0  0  0  0  0  1  1  1  0  0  1  1  1  1  1  1  1  0  1  1  1  2  1  2  2  2  2  2  2  2  2  2  2  2  2  2  2  2  2
 20 Piedra                  48  13  6 22   1  1  0  1  1  1  1  1  1  0  0  0  0  1  1  1  1  0  1  1  1  1  1  1  1  1  2  1  1  2  2  1  2  2  2  2  2  2  2  2  2  2
 21 * De Bruijn             47   7  1 33   1  1  2  1  1  1  1  1  1  1  2  1  1  2  1  1  2  1  2  1  1  1  2  1  1  1  1  1  1  1  1  1  1  1  1  1  1  1  2  1  0  1
 22 * Pi                    41   1  1 39   1  1  1  1  1  1  1  1  1  1  1  1  1  1  1  1  1  1  1  1  1  1  2  1  1  1  1  1  1  1  1  1  1  0  1  1  1  1  1  1  1  1
 23 Mixed Strategy          41  13 13 15   0  1  0  0  0  1  0  0  0  1  0  0  1  0  0  1  1  1  1  1  0  0  1  1  1  1  1  1  2  2  2  1  2  2  2  2  2  2  2  2  2  2
 24 ZQ Bot                  40  15 16 10   0  0  0  0  0  0  0  0  0  0  0  0  0  0  0  2  1  0  1  1  1  1  1  1  1  1  2  1  1  2  2  2  2  2  2  2  2  2  2  2  2  2
 25 Inocencio               40  15 16 10   0  0  0  0  0  0  0  0  1  1  0  1  0  0  0  1  0  0  0  1  1  1  1  1  1  2  2  1  2  2  2  2  0  2  2  2  2  2  2  2  2  2
 26 * Foxtrot               34   1  8 32   0  0  1  0  0  0  0  1  1  1  1  2  1  1  1  1  1  0  1  1  1  1  1  1  0  1  1  1  1  1  1  1  1  1  1  1  1  1  1  1  1  1
 27 Multi-strategy          32  13 22  6   0  0  0  0  0  0  0  0  0  0  0  0  0  0  0  0  0  0  0  0  1  1  1  0  0  1  1  1  2  2  1  2  2  2  2  2  2  2  2  2  2  2
 28 * Add-drift             30   0 11 30   0  0  0  0  1  0  1  1  0  0  1  1  1  0  1  0  1  1  0  1  1  1  1  1  1  1  1  1  1  1  0  1  1  1  1  1  1  1  1  1  1  1
 29 * Copy-drift            30   1 12 28   0  1  0  1  1  0  1  1  0  0  0  0  1  0  1  1  1  1  0  1  1  1  0  1  0  1  0  1  1  1  1  1  1  1  1  1  1  1  1  1  1  2
 30 Peterbot                30   9 20 12   0  0  0  0  0  0  1  1  0  0  0  0  1  0  1  0  0  0  0  0  1  1  0  0  0  1  0  1  1  1  1  1  2  1  2  2  2  2  2  2  2  2
 31 Knucklehead             27   8 22 11   0  0  0  0  0  0  0  0  0  0  0  0  0  0  0  0  1  0  0  0  1  1  0  0  0  1  1  2  1  1  1  2  2  1  1  1  1  2  2  2  2  2
 32 * Add-react             26   2 17 22   0  0  0  0  0  0  1  0  0  0  1  1  1  0  1  0  1  0  0  1  1  1  1  0  0  1  0  1  1  1  0  1  1  1  1  1  1  1  1  2  2  1
 33 Beat The Last Move      23   6 24 11   0  0  0  0  0  0  1  1  0  0  0  0  1  0  1  0  0  0  0  0  1  1  0  0  2  1  0  1  1  0  0  1  1  2  0  0  0  2  2  1  2  2
 34 * Text                  20   3 24 14   0  0  0  0  0  0  0  0  1  0  0  0  1  0  1  0  0  0  0  0  1  2  0  0  0  1  0  1  1  1  1  1  0  1  1  1  2  0  0  1  2  1
 35 * Switch A Lot          20   2 23 16   1  0  0  0  0  0  0  0  0  0  0  1  0  0  0  0  0  0  0  0  1  1  0  0  0  1  0  1  1  0  1  1  2  1  1  2  1  1  1  1  1  1
 36 * Flat                  19   2 24 15   0  0  0  0  0  0  1  0  1  0  1  0  0  0  0  0  0  0  0  0  1  1  0  0  0  1  0  1  1  0  1  1  2  1  0  1  1  1  2  1  0  1
 37 Always Switchin'        17   2 26 13   0  0  0  0  0  0  0  0  0  0  0  0  0  0  0  0  0  0  0  0  1  1  0  0  0  1  0  1  1  0  1  1  2  0  1  1  1  1  2  1  1  1
 38 Good Ole Rock           16   3 28 10   0  0  0  0  0  0  0  0  0  0  0  0  0  0  0  0  0  0  0  0  1  1  0  0  0  1  0  1  1  0  0  1  0  2  1  1  1  1  0  1  2  2
 39 Beat Frequent Pick      15   4 30  7   0  0  0  0  0  0  0  0  0  0  0  0  0  0  0  0  0  0  0  0  0  1  0  0  0  1  0  1  1  0  0  1  0  2  1  0  0  2  1  1  2  2
 40 Rotate R-P-S            13   0 28 13   0  0  0  0  0  0  0  0  0  0  0  0  0  0  0  0  0  0  0  0  1  1  0  0  0  1  0  1  1  0  0  0  1  1  1  1  1  1  1  1  0  1
 41 * Anti-Flat             13   3 31  7   0  0  0  0  0  0  0  0  0  0  0  0  0  0  0  0  0  0  0  0  2  1  0  0  0  1  0  1  1  0  0  0  0  0  1  2  1  0  0  2  1  1
 42 R-P-S 20-20-60          11   0 30 11   0  0  0  0  0  0  0  0  0  0  0  0  0  0  0  0  0  0  0  0  1  1  0  0  0  1  0  1  0  0  0  1  0  1  1  1  1  0  0  1  1  1


   Yomi AI is match ranked 7

 Tournament results:
    Player Name          total 
  1 Yomi AI               5140 
 15 * Anti-rotn           5631 
 19 Iocaine Powder       11619 
 20 Phasenbott           10193 
 21 MegaHAL               9383 
 22 RussRocker4           7879 
 23 Biopic                8532 
 24 Simple Modeller       8315 
 25 Simple Predictor      7902 
 26 Robertot              7373 
 27 Boom                  7104 
 28 Shofar                6641 
 29 ACT-R Lag2            6426 
 32 Granite               6180 
 33 Marble                6694 
 34 ZQ Bot                5291 
 35 Sweet Rocky           6534 
 36 Piedra                5431 
 41 Bugbrain              5745 

   Yomi is tournament ranked 19

