 Playing 1 tournaments with 1000 trials per match...

 Yomi AI            vs Good Ole Rock       Match: 1000 (1000+   0-   0=)
 Yomi AI            vs R-P-S 20-20-60      Match:  126 (414+ 288- 298=)
 Yomi AI            vs Rotate R-P-S        Match:  921 (929+   8-  63=)
 Yomi AI            vs Beat The Last Move  Match:   57 (362+ 305- 333=)
 Yomi AI            vs Always Switchin'    Match:  209 (468+ 259- 273=)
 Yomi AI            vs Beat Frequent Pick  Match:  599 (751+ 152-  97=)
 Yomi AI            vs * Pi                Match:   21 (343+ 322- 335=)
 Yomi AI            vs * Switch A Lot      Match:  111 (413+ 302- 285=)
 Yomi AI            vs * Flat              Match:   20 (346+ 326- 328=)
 Yomi AI            vs * Anti-Flat         Match:  904 (918+  14-  68=)
 Yomi AI            vs * Foxtrot           Match:  294 (523+ 229- 248=)
 Yomi AI            vs * De Bruijn         Match:  -10 (315+ 325- 360=)
 Yomi AI            vs * Text              Match:  120 (410+ 290- 300=)
 Yomi AI            vs * Anti-rotn         Match:   19 (339+ 320- 341=)
 Yomi AI            vs * Copy-drift        Match:   14 (337+ 323- 340=)
 Yomi AI            vs * Add-react         Match:   70 (367+ 297- 336=)
 Yomi AI            vs * Add-drift         Match:   38 (363+ 325- 312=)
 Yomi AI            vs Iocaine Powder      Match:    0 (338+ 338- 324=)
 Yomi AI            vs Phasenbott          Match:   56 (368+ 312- 320=)
 Yomi AI            vs MegaHAL             Match:  -19 (337+ 356- 307=)
 Yomi AI            vs RussRocker4         Match:  -42 (288+ 330- 382=)
 Yomi AI            vs Biopic              Match:   21 (352+ 331- 317=)
 Yomi AI            vs Simple Modeller     Match:   10 (345+ 335- 320=)
 Yomi AI            vs Simple Predictor    Match:   67 (396+ 329- 275=)
 Yomi AI            vs Robertot            Match:    7 (357+ 350- 293=)
 Yomi AI            vs Boom                Match:   53 (349+ 296- 355=)
 Yomi AI            vs Shofar              Match:  -14 (324+ 338- 338=)
 Yomi AI            vs ACT-R Lag2          Match:  -39 (325+ 364- 311=)
 Yomi AI            vs Majikthise          Match:  -29 (312+ 341- 347=)
 Yomi AI            vs Vroomfondel         Match:  -20 (330+ 350- 320=)
 Yomi AI            vs Granite             Match:   10 (368+ 358- 274=)
 Yomi AI            vs Marble              Match:   68 (400+ 332- 268=)
 Yomi AI            vs ZQ Bot              Match:   92 (390+ 298- 312=)
 Yomi AI            vs Sweet Rocky         Match:   23 (356+ 333- 311=)
 Yomi AI            vs Piedra              Match:   55 (380+ 325- 295=)
 Yomi AI            vs Mixed Strategy      Match:   33 (387+ 354- 259=)
 Yomi AI            vs Multi-strategy      Match:  231 (485+ 254- 261=)
 Yomi AI            vs Inocencio           Match:   83 (396+ 313- 291=)
 Yomi AI            vs Peterbot            Match:   98 (386+ 288- 326=)
 Yomi AI            vs Bugbrain            Match:   26 (357+ 331- 312=)
 Yomi AI            vs Knucklehead         Match:  455 (620+ 165- 215=)
 Final results (draw value = 50):

 Tournament results: 

    Player Name          total     1    2    3    4    5    6    7    8    9   10   11   12   13   14   15   16   17   18   19   20   21   22   23   24   25   26   27   28   29   30   31   32   33   34   35   36   37   38   39   40   41   42
  1 Iocaine Powder       10841     0  158   80   50   25   48  536   25  148   38  233  224   23   50   13  -20    0  308  132   40  -29   23  226  155   27  -29  199  212  333  186  397  130  574   11  858  145  424  928  991  984  994  991
  2 Phasenbott           10070  -158    0   23   31   29   44  508   27  129   70  223  243   64   27   15   51  -56  256   25   55  -32   27  207  207   42   -9  178   91  403  143  348   98  432   57  998  211  168  947  985  990  993  980
  3 MegaHAL               9506   -80  -23    0   16  -24   37   68   18   50  -54  231  220   57   18    8   12   19  253   34   76   34   12  200  172  -20  -39  187   59   22  179  303  133  395  213  890  481  433  944  988  989  998  997
  4 Biopic                8724   -50  -31  -16    0  -48   45  -31  -15   31   50  145   94   39   50  -14   -6  -21  104   26   31  -13   19  284  160   -4   17   31   99  431   77   83  118  526  138  814  334  375  881  989  994  996  992
  5 Simple Modeller       8523   -25  -29   24   48    0   24  -28   20  293  -30  123  100  -27   53  -14   65  -10  295  107   53  -61  -26  179  148  -29  -18  196  203    5  141  127  127  267  256  515  473  411  591  989  996  998  993
  6 Robertot              7697   -48  -44  -37  -45  -24    0  -62  -22   17    5   40   59   31   48    7  -11   -7   53  123   55  -37   17  347   58  -14   18   25   85   10   96   94  165  432   98  442  482  394  895  968  991  996  997
  7 RussRocker4           7696  -536 -508  -68   31   28   62    0   19   99    5  167  151    2   65   33   39   42  165   65   87   26  -18  170  120  -25  -15  110  120  188  117  331   70  454  115  892  224  295  588  994  994  998 1000
  8 Boom                  7587   -25  -27  -18   15  -20   22  -19    0   54  -33   41   81   17   18  -14  -26  -53   56  200   49  -17   56  249   48   25    6  -40   19    1   91   95  127  478  156  485  357  402  753  991  990  997 1000
  9 Simple Predictor      6971  -148 -129  -50  -31 -293  -17  -99  -54    0  -26   34   23   24  -10    5    3  -67  161   47   51  -53  -48  191  466  -79  -14  264  275  -43  139   99  149  310  200  294  441  404  588  986  986  993  999
 10 ACT-R Lag2            6843   -38  -70   54  -50   30   -5   -5   33   26    0  121   88   66   73    6   -1   39  121   54   23    9   34  244  788  -57    8   15   20    6   73   55   75  456  173  135  299  384  577    1  993  998  992
 11 Granite               6795  -233 -223 -231 -145 -123  -40 -167  -41  -34 -121    0   -3   82   55  -73  -70  -10  -15    7   85  -45  -54  223  652  -72   51   39   67   36  153  131  177  352  179  976  256  407  591  990  991 1000  995
 12 Marble                6655  -224 -243 -220  -94 -100  -59 -151  -81  -23  -88    3    0  -10   43  -10 -104  -68  -41    1   48  -32  -46  283  648  -63   17   31   82   31  138  142  178  333  179  924  265  399  593  994  993 1000  987
 13 Piedra                6515   -23  -64  -57  -39   27  -31   -2  -17  -24  -66  -82   10    0  -21  -28  -64  -55  -47  -34   26  -29  -16  134  -46  -27    2  -10   40   28  129  209  183  125  186  989  228  410  591  993  990 1000  997
 14 Sweet Rocky           6342   -50  -27  -18  -50  -53  -48  -65  -18   10  -73  -55  -43   21    0  -15  -47  -23  -35  -73   48  -17  -31  164  -12  -30   -9   60    7   34  144   72  145  151  159 1000  186  365  593  993  988  998  996
 15 Shofar                6225   -13  -15   -8   14   14   -7  -33   14   -5   -6   73   10   28   15    0  -13   14   22   80   55  -29  -83  122   51  -15   -1   50   74    3    1   69   85  218  190  213  439  292  559  906  926  984  932
 16 Bugbrain              5855    20  -51  -12    6  -65   11  -39   26   -3    1   70  104   64   47   13    0  -26  174   28   41   -6    8  154   14  -68  -21   97   77  -17   29   87   67  165   98  160  207  144  407  955  948  964  977
 17 Yomi AI               5738     0   56  -19   21   10    7  -42   53   67  -39   10   68   55   23  -14   26    0   92   33   19  -29  -20  231   83  -10   21   38   14  294   20   70  120  455  111   98  209  126  599   57  921 1000  904
 18 ZQ Bot                5544  -308 -256 -253 -104 -295  -53 -165  -56 -161 -121   15   41   47   35  -22 -174  -92    0  -21   74  -55  -67  176  123   -4  -24   44    9   56  115  313  153  374  193  851  204  386  589  992  991  995  999
 19 Mixed Strategy        5113  -132  -25  -34  -26 -107 -123  -65 -200  -47  -54   -7   -1   34   73  -80  -28  -33   21    0   54   -2  -28   25   20  -58  -49   25   82   37    6   87  179  216  192  140  303  373  444  988  944  988  981
 20 * Anti-rotn           5045   -40  -55  -76  -31  -53  -55  -87  -49  -51  -23  -85  -48  -26  -48  -55  -41  -19  -74  -54    0  -14   26  239  449  -39  -48    5   22    7  177   21   58   11  332   42  472  181  598  485  998  996  997
 21 Majikthise            4973    29   32  -34   13   61   37  -26   17   53   -9   45   32   29   17   29    6   29   55    2   14    0   -9  192   53  -15   22   -4  -12  -23   78  -50   26  218  121   50  307  138  486  -21  992  995  998
 22 Vroomfondel           4474   -23  -27  -12  -19   26  -17   18  -56   48  -34   54   46   16   31   83   -8   20   67   28  -26    9    0  170   53  -13   -1   -2  -32   22   76  -44   33  164   96  -15  253  137  424  -38  992  998  977
 23 Multi-strategy        2026  -226 -207 -200 -284 -179 -347 -170 -249 -191 -244 -223 -283 -134 -164 -122 -154 -231 -176  -25 -239 -192 -170    0 -155  -50  -20  -23  250    7  193  -15  123   11  287  -10  445  404  999  997  997  999  997
 24 Inocencio             1895  -155 -207 -172 -160 -148  -58 -120  -48 -466 -788 -652 -648   46   12  -51  -14  -83 -123  -20 -449  -53  -53  155    0   -2  -30   51  126  333   93   83  152  204   78  104  289  396  363  959  988  983  980
 25 * De Bruijn            739   -27  -42   20    4   29   14   25  -25   79   57   72   63   27   30   15   68   10    4   58   39   15   13   50    2    0   -1  -25   35   42   30   34   23   15  -21  -36   17  -18  128   -1   21    0 -104
 26 * Pi                   129    29    9   39  -17   18  -18   15   -6   14   -8  -51  -17   -2    9    1   21  -21   24   49   48  -22    1   20   30    1    0  -16   25   17   -6  -26  -81  -13  -23    6   44   20   30   22  -11  -11  -14
 27 * Add-drift          -1688  -199 -178 -187  -31 -196  -25 -110   40 -264  -15  -39  -31   10  -60  -50  -97  -38  -44  -25   -5    4    2   23  -51   25   16    0   32  -34 -120   20   14  -10    2  -22  -22   -7    2   10   53  -50  -31
 28 * Copy-drift         -2262  -212  -91  -59  -99 -203  -85 -120  -19 -275  -20  -67  -82  -40   -7  -74  -77  -14   -9  -82  -22   12   32 -250 -126  -35  -25  -32    0    2   -9   39  -15  -86  -31  -44   44  -21  -12  -53   15   -5   -5
 29 * Foxtrot            -2336  -333 -403  -22 -431   -5  -10 -188   -1   43   -6  -36  -31  -28  -34   -3   17 -294  -56  -37   -7   23  -22   -7 -333  -42  -17   34   -2    0   -1  -33    1   43  -18  -13   31  -10   11  -24  -58  -31   -3
 30 * Flat               -2774  -186 -143 -179  -77 -141  -96 -117  -91 -139  -73 -153 -138 -129 -144   -1  -29  -20 -115   -6 -177  -78  -76 -193  -93  -30    6  120    9    1    0  -70  -14  -42   12 -191  -16   22  241  196  -25   -1 -398
 31 * Add-react          -2948  -397 -348 -303  -83 -127  -94 -331  -95  -99  -55 -131 -142 -209  -72  -69  -87  -70 -313  -87  -21   50   44   15  -83  -34   26  -20  -39   33   70    0  -34  -54   37  -13    8   64   12  -37  138    1    1
 32 * Text               -3126  -130  -98 -133 -118 -127 -165  -70 -127 -149  -75 -177 -178 -183 -145  -85  -67 -120 -153 -179  -58  -26  -33 -123 -152  -23   81  -14   15   -1   14   34    0  -50    1   24  -42   49 -185  -74  -11 -185  112
 33 Knucklehead          -3277  -574 -432 -395 -526 -267 -432 -454 -478 -310 -456 -352 -333 -125 -151 -218 -165 -455 -374 -216  -11 -218 -164  -11 -204  -15   13   10   86  -43   42   54   50    0   13  -34    7  112  144  972  748  938  947
 34 * Switch A Lot       -3533   -11  -57 -213 -138 -256  -98 -115 -156 -200 -173 -179 -179 -186 -159 -190  -98 -111 -193 -192 -332 -121  -96 -287  -78   21   23   -2   31   18  -12  -37   -1  -13    0  -73  -19    0   44  299    4    9   -7
 35 Peterbot             -6367  -858 -998 -890 -814 -515 -442 -892 -485 -294 -135 -976 -924 -989 -1000 -213 -160  -98 -851 -140  -42  -50   15   10 -104   36   -6   22   44   13  191   13  -24   34   73    0  264  426  431  963  998 1000 1000
 36 Always Switchin'     -7283  -145 -211 -481 -334 -473 -482 -224 -357 -441 -299 -256 -265 -228 -186 -439 -207 -209 -204 -303 -472 -307 -253 -445 -289  -17  -44   22  -44  -31   16   -8   42   -7   19 -264    0   40   44  497    5   19  -62
 37 R-P-S 20-20-60       -9375  -424 -168 -433 -375 -411 -394 -295 -402 -404 -384 -407 -399 -410 -365 -292 -144 -126 -386 -373 -181 -138 -137 -404 -396   18  -20    7   21   10  -22  -64  -49 -112    0 -426  -40    0 -450 -145  -16 -351  112
 38 Beat Frequent Pick  -14569  -928 -947 -944 -881 -591 -895 -588 -753 -588 -577 -591 -593 -591 -593 -559 -407 -599 -589 -444 -598 -486 -424 -999 -363 -128  -30   -2   12  -11 -241  -12  185 -144  -44 -431  -44  450    0 -600    0  999 1000
 39 Beat The Last Move  -19160  -991 -985 -988 -989 -989 -968 -994 -991 -986   -1 -990 -994 -993 -993 -906 -955  -57 -992 -988 -485   21   38 -997 -959    1  -22  -10   53   24 -196   37   74 -972 -299 -963 -497  145  600    0    1 1000  996
 40 Rotate R-P-S        -26086  -984 -990 -989 -994 -996 -991 -994 -990 -986 -993 -991 -993 -990 -988 -926 -948 -921 -991 -944 -998 -992 -992 -997 -988  -21   11  -53  -15   58   25 -138   11 -748   -4 -998   -5   16    0   -1    0    0 -658
 41 Good Ole Rock       -26195  -994 -993 -998 -996 -998 -996 -998 -997 -993 -998 -1000 -1000 -1000 -998 -984 -964 -1000 -995 -988 -996 -995 -998 -999 -983    0   11   50    5   31    1   -1  185 -938   -9 -1000  -19  351 -999 -1000    0    0  998
 42 * Anti-Flat         -27542  -991 -980 -997 -992 -993 -997 -1000 -1000 -999 -992 -995 -987 -997 -996 -932 -977 -904 -999 -981 -997 -998 -977 -997 -980  104   14   31    5    3  398   -1 -112 -947    7 -1000   62 -112 -1000 -996  658 -998    0

 Match results (draw <= 50): 

    Player Name           total  W  L  D   1  2  3  4  5  6  7  8  9 10 11 12 13 14 15 16 17 18 19 20 21 22 23 24 25 26 27 28 29 30 31 32 33 34 35 36 37 38 39 40 41 42
  1 Iocaine Powder          66  25  0 16   1  2  1  2  1  2  1  1  1  1  1  1  1  1  2  1  2  1  2  1  2  2  1  2  1  2  2  2  2  2  2  2  2  2  2  1  2  2  2  2  2  2
  2 Phasenbott              66  27  2 12   0  1  1  2  0  1  1  1  2  1  1  2  1  1  2  1  2  2  1  1  2  2  2  2  1  2  2  2  2  2  2  2  2  2  2  2  2  2  2  2  2  2
  3 Simple Modeller         65  25  1 15   1  1  1  1  1  1  1  1  1  1  1  2  0  1  2  2  2  1  2  1  2  2  2  2  1  1  2  2  2  2  2  2  2  2  2  2  2  2  2  2  2  2
  4 RussRocker4             64  26  3 12   0  0  1  1  1  0  1  2  1  1  1  1  1  1  2  2  2  1  2  1  2  2  2  2  1  2  2  2  2  2  2  2  2  2  2  2  2  2  2  2  2  2
  5 Yomi AI                 62  21  0 20   1  2  1  1  1  1  1  1  1  2  1  1  1  1  2  1  1  2  1  1  2  2  1  2  1  2  1  2  2  2  1  2  1  2  2  2  2  2  2  2  2  2
  6 MegaHAL                 62  23  2 16   0  1  1  2  1  1  1  1  0  1  1  1  1  1  1  1  2  2  1  1  2  2  2  2  1  1  2  2  2  2  2  2  2  2  2  2  2  2  2  2  2  2
  7 Biopic                  61  20  0 21   1  1  1  1  1  1  1  1  1  1  1  1  1  1  1  1  2  1  1  1  2  2  1  2  1  2  1  2  2  2  2  2  2  2  2  2  2  2  2  2  2  2
  8 Robertot                60  20  1 20   1  1  1  0  1  1  1  1  1  1  1  1  1  1  1  1  1  1  2  1  2  2  2  2  1  1  1  2  2  2  2  2  2  2  2  2  2  2  2  2  2  2
  9 ACT-R Lag2              60  21  2 18   1  0  1  1  1  2  1  1  1  1  1  1  1  1  1  2  2  2  2  0  2  2  1  2  1  1  1  2  2  2  1  2  2  1  2  2  2  2  2  2  2  2
 10 Boom                    59  19  1 21   1  1  1  1  0  1  1  1  1  1  1  1  1  2  2  1  1  1  2  1  2  2  1  1  1  1  1  2  2  2  1  2  2  2  2  2  2  2  2  2  2  2
 11 Shofar                  58  18  1 22   1  1  1  1  1  1  1  1  1  1  1  1  1  0  1  1  2  1  2  1  1  1  2  2  1  1  1  2  2  2  2  2  1  2  2  2  2  2  2  2  2  2
 12 Bugbrain                57  19  3 19   1  0  0  1  1  1  1  1  1  1  1  1  1  1  1  1  2  2  1  0  2  2  1  1  1  1  2  2  2  2  2  2  1  2  2  2  2  2  2  2  2  2
 13 Majikthise              55  14  0 27   1  1  2  1  1  1  1  1  1  1  1  1  1  1  2  1  1  1  1  1  1  2  1  2  1  1  1  2  1  2  1  1  2  1  1  2  2  2  2  2  2  2
 14 Vroomfondel             54  14  1 26   1  1  1  1  1  1  1  1  1  0  2  1  1  1  1  1  2  1  1  1  1  2  1  2  1  1  1  2  1  2  1  1  2  1  1  2  2  2  2  2  2  2
 15 Simple Predictor        52  19  8 14   0  0  0  0  0  1  1  1  1  0  1  1  0  1  1  1  1  1  1  0  1  2  2  2  1  1  2  2  2  2  2  2  2  2  2  2  2  2  2  2  2  2
 16 Sweet Rocky             51  15  5 21   1  1  0  0  1  1  1  1  0  1  1  1  1  1  1  1  0  1  0  1  1  1  1  1  1  1  2  2  2  2  1  2  2  2  2  2  2  2  2  2  2  2
 17 Granite                 50  20 11 10   0  0  0  0  1  0  0  1  0  1  0  0  1  0  1  2  1  2  1  0  1  1  2  2  2  1  1  2  2  2  2  2  2  2  2  2  2  2  2  2  2  2
 18 Piedra                  49  14  6 21   1  0  1  1  0  0  1  1  0  1  1  0  1  1  1  1  0  1  1  1  1  1  1  1  1  1  1  2  2  2  1  2  2  2  2  2  2  2  2  2  2  2
 19 Mixed Strategy          48  15  8 18   0  1  0  0  1  1  1  0  0  0  0  1  1  1  1  2  1  1  1  0  1  1  2  1  1  1  1  1  2  2  2  2  1  2  2  2  2  2  2  2  2  2
 20 * De Bruijn             47   7  1 33   1  1  1  1  1  1  1  1  2  1  1  2  1  1  2  1  2  1  2  1  2  1  1  1  1  1  1  1  1  1  1  1  1  1  1  1  1  2  1  0  1  1
 21 Marble                  45  16 12 13   0  0  0  0  0  0  0  0  0  0  1  0  1  1  1  1  1  1  1  0  1  1  1  2  1  1  1  2  2  2  2  2  2  2  2  2  2  2  2  2  2  2
 22 ZQ Bot                  44  17 14 10   0  0  0  0  0  0  0  0  0  0  1  0  0  0  0  1  1  1  1  1  1  1  2  2  1  2  1  2  2  2  1  2  2  2  2  2  2  2  2  2  2  2
 23 * Anti-rotn             43  12 10 19   1  0  0  0  1  0  1  0  1  1  0  1  1  1  0  1  0  1  0  1  1  0  1  2  1  1  1  2  1  1  1  1  2  2  2  2  2  2  2  2  2  2
 24 Inocencio               41  17 17  7   0  0  0  0  0  0  0  0  0  1  0  1  0  0  0  1  0  1  1  1  0  0  0  1  1  2  2  2  2  2  2  2  2  2  2  2  2  2  2  2  2  2
 25 * Pi                    39   0  2 39   1  1  1  1  1  1  1  1  1  1  1  1  1  1  1  1  0  1  1  1  1  1  1  1  1  1  1  1  1  1  1  1  1  1  0  1  1  1  1  1  1  1
 26 * Foxtrot               33   0  8 33   0  0  1  0  0  1  0  1  1  1  1  1  1  1  1  1  1  1  1  1  1  0  1  0  1  1  1  1  1  1  1  1  1  1  1  1  1  1  1  1  0  1
 27 * Add-drift             32   1 10 30   0  0  0  0  1  0  1  1  1  1  1  0  1  1  0  0  1  1  1  1  1  1  1  0  1  1  1  1  1  1  1  1  0  1  1  1  1  1  1  1  2  1
 28 Multi-strategy          30  11 22  8   0  0  0  0  0  0  0  0  0  0  0  0  0  0  0  0  0  0  1  1  0  0  0  0  1  1  1  1  1  1  2  1  2  2  2  2  2  2  2  2  2  2
 29 Peterbot                30   9 20 12   0  0  0  0  0  0  0  0  0  0  0  0  1  1  0  0  0  0  0  1  0  0  1  0  1  1  1  1  1  1  1  1  2  2  1  2  2  2  2  2  2  2
 30 Knucklehead             27   8 22 11   0  0  0  0  0  0  0  0  0  0  0  0  0  0  0  0  0  0  0  1  0  0  1  0  1  1  1  1  1  1  2  2  1  2  1  1  1  2  2  2  2  2
 31 * Copy-drift            24   0 17 24   0  0  0  0  1  0  0  0  1  1  0  0  1  1  0  1  0  1  0  1  0  1  1  0  1  1  1  0  1  0  1  1  1  0  1  1  1  1  1  1  1  1
 32 * Add-react             23   3 21 17   0  0  0  0  0  0  0  0  0  0  0  0  1  1  0  0  0  0  0  1  0  0  1  0  1  1  1  1  1  0  1  1  2  1  1  1  1  1  1  1  2  2
 33 * Flat                  21   3 23 15   0  0  0  0  1  0  0  0  0  0  1  1  0  0  0  0  0  0  1  1  0  0  0  0  1  1  2  0  0  1  1  0  1  2  1  1  1  2  1  0  1  1
 34 Beat The Last Move      21   6 26  9   0  0  0  0  0  0  0  0  1  0  0  0  1  1  0  0  0  0  0  1  0  0  0  0  1  1  1  0  0  0  2  1  0  1  2  0  0  2  2  2  1  2
 35 * Text                  18   2 25 14   0  0  0  0  0  0  0  0  0  0  0  0  1  1  0  0  0  0  0  1  0  0  0  0  2  1  1  0  1  1  1  1  1  0  1  1  1  0  0  2  1  1
 36 * Switch A Lot          18   1 24 16   1  0  0  0  0  0  0  0  0  0  0  0  0  0  0  0  0  0  0  1  0  0  0  0  1  1  1  0  0  1  1  1  1  2  1  1  1  1  1  1  1  1
 37 Always Switchin'        16   1 26 14   0  0  0  0  0  0  0  0  0  0  0  0  0  0  0  0  0  0  0  1  0  0  0  0  1  1  1  0  0  1  1  1  1  2  1  1  1  1  1  0  1  1
 38 Beat Frequent Pick      16   4 29  8   0  0  0  0  0  0  0  0  0  0  0  0  0  0  0  0  0  0  0  0  0  0  0  0  1  1  1  0  0  0  1  1  0  0  2  1  1  1  2  2  1  2
 39 Good Ole Rock           16   3 28 10   0  0  0  0  0  0  0  0  0  0  0  0  0  0  0  0  0  0  0  1  0  0  0  0  1  1  1  0  0  0  1  1  1  0  2  1  1  0  1  2  1  2
 40 * Anti-Flat             14   4 31  6   0  0  0  0  0  0  0  0  0  0  0  0  0  0  0  0  0  0  0  2  0  0  0  0  1  1  1  0  0  0  1  1  2  0  0  1  2  0  0  1  2  0
 41 Rotate R-P-S            13   1 29 11   0  0  0  0  0  0  0  0  0  0  0  0  0  0  0  0  0  0  0  1  0  0  0  0  1  2  0  0  0  0  1  0  1  1  1  1  1  1  1  0  1  1
 42 R-P-S 20-20-60          12   1 30 10   0  0  0  0  0  0  0  0  0  0  0  0  0  0  0  0  0  0  0  1  0  0  0  0  1  1  1  0  0  0  1  0  1  0  1  1  1  0  0  2  1  1


   Yomi AI is match ranked 5

 Tournament results:
    Player Name          total 
  1 Yomi AI               5738 
 19 Iocaine Powder       10841 
 20 Phasenbott           10070 
 21 MegaHAL               9506 
 22 RussRocker4           7696 
 23 Biopic                8724 
 24 Simple Modeller       8523 
 25 Simple Predictor      6971 
 26 Robertot              7697 
 27 Boom                  7587 
 28 Shofar                6225 
 29 ACT-R Lag2            6843 
 32 Granite               6795 
 33 Marble                6655 
 35 Sweet Rocky           6342 
 36 Piedra                6515 
 41 Bugbrain              5855 

   Yomi is tournament ranked 17

