 Playing 1 tournaments with 1000 trials per match...

 Yomi AI            vs Good Ole Rock       Match: 1000 (1000+   0-   0=)
 Yomi AI            vs R-P-S 20-20-60      Match:  303 (542+ 239- 219=)
 Yomi AI            vs Rotate R-P-S        Match:  996 (997+   1-   2=)
 Yomi AI            vs Beat The Last Move  Match:  127 (424+ 297- 279=)
 Yomi AI            vs Always Switchin'    Match:  246 (508+ 262- 230=)
 Yomi AI            vs Beat Frequent Pick  Match:  609 (754+ 145- 101=)
 Yomi AI            vs * Pi                Match:   -1 (340+ 341- 319=)
 Yomi AI            vs * Switch A Lot      Match:  113 (406+ 293- 301=)
 Yomi AI            vs * Flat              Match:  140 (412+ 272- 316=)
 Yomi AI            vs * Anti-Flat         Match:  989 (993+   4-   3=)
 Yomi AI            vs * Foxtrot           Match:  435 (626+ 191- 183=)
 Yomi AI            vs * De Bruijn         Match:   33 (362+ 329- 309=)
 Yomi AI            vs * Text              Match:  145 (430+ 285- 285=)
 Yomi AI            vs * Anti-rotn         Match:  -19 (335+ 354- 311=)
 Yomi AI            vs * Copy-drift        Match:    8 (344+ 336- 320=)
 Yomi AI            vs * Add-react         Match:   73 (385+ 312- 303=)
 Yomi AI            vs * Add-drift         Match:   26 (359+ 333- 308=)
 Yomi AI            vs Iocaine Powder      Match:  -20 (318+ 338- 344=)
 Yomi AI            vs Phasenbott          Match:    1 (331+ 330- 339=)
 Yomi AI            vs MegaHAL             Match:  -14 (329+ 343- 328=)
 Yomi AI            vs RussRocker4         Match:  -19 (336+ 355- 309=)
 Yomi AI            vs Biopic              Match:  -32 (334+ 366- 300=)
 Yomi AI            vs Simple Modeller     Match:   17 (344+ 327- 329=)
 Yomi AI            vs Simple Predictor    Match:   68 (379+ 311- 310=)
 Yomi AI            vs Robertot            Match:   71 (374+ 303- 323=)
 Yomi AI            vs Boom                Match:   51 (360+ 309- 331=)
 Yomi AI            vs Shofar              Match:  -26 (312+ 338- 350=)
 Yomi AI            vs ACT-R Lag2          Match:   14 (350+ 336- 314=)
 Yomi AI            vs Majikthise          Match:   -2 (343+ 345- 312=)
 Yomi AI            vs Vroomfondel         Match:   11 (335+ 324- 341=)
 Yomi AI            vs Granite             Match:   88 (418+ 330- 252=)
 Yomi AI            vs Marble              Match:  107 (430+ 323- 247=)
 Yomi AI            vs ZQ Bot              Match:   58 (406+ 348- 246=)
 Yomi AI            vs Sweet Rocky         Match:   23 (377+ 354- 269=)
 Yomi AI            vs Piedra              Match:   12 (357+ 345- 298=)
 Yomi AI            vs Mixed Strategy      Match:  102 (416+ 314- 270=)
 Yomi AI            vs Multi-strategy      Match:  324 (547+ 223- 230=)
 Yomi AI            vs Inocencio           Match:   39 (392+ 353- 255=)
 Yomi AI            vs Peterbot            Match:   88 (405+ 317- 278=)
 Yomi AI            vs Bugbrain            Match:   -3 (337+ 340- 323=)
 Yomi AI            vs Knucklehead         Match:  477 (658+ 181- 161=)
 Final results (draw value = 50):

 Tournament results: 

    Player Name          total     1    2    3    4    5    6    7    8    9   10   11   12   13   14   15   16   17   18   19   20   21   22   23   24   25   26   27   28   29   30   31   32   33   34   35   36   37   38   39   40   41   42
  1 Iocaine Powder       11509     0   68   66   31   28    4  507   53   32  183   97   20  247   24  212  -56  288   60   52   -7   27   94  352   42   -8  816  141  305   61  204  105   87  331  594  898  275  412  903  990  985  995  991
  2 Phasenbott           10049   -68    0   53   39   25   63  530   27   12  171   69   -1  206   37  254    4  279   -4   45   23   56   98  260   49  -21  198  183  364  100   72   86   66  313  375  880  219  105  924  976  993  995  994
  3 MegaHAL               9423   -66  -53    0  -16   29   10  101   49   22   80  -45   14  262   38  205  -10  226  -10   45  -38  -12   28  197   14  -22  189  186   70  115  101  189  223  279  372  874  444  399  963  988  988  999  996
  4 Simple Modeller       9011   -31  -39   16    0   32    5  -61   38   35  324  -14  -17   52   43   72  -35  298   48   73    2    5   86  270  -33  -41  394  209   14  232  103  148  249  102  243  820  417  373  594  993  993  999 1000
  5 Biopic                8584   -28  -25  -29  -32    0   17    3   53   30  -17   43   32   91   43  140   -7   98  -21   50   -4   -3   71  256  -68   -6  137   15  442   33  120  145   95   91  489  827  305  363  848  995  997  995 1000
  6 Robertot              7608    -4  -63  -10   -5  -17    0  -15   11  -39   39   19  -71   68   57   36   14  120   -9   66    5  -67  111  217    8  -76   41  -30  -18   25   57  191  142   40  431  656  460  380  866  980  998  996  998
  7 RussRocker4           7544  -507 -530 -101   61   -3   15    0   65   36   77    4   19  161   74  167  -15  164   16   48  -25   11   36  125  -86   -3  183  158  132  154  128   51   92  315  500  942  205  302  587  994  993  999 1000
  8 Piedra                7132   -53  -27  -49  -38  -53  -11  -65    0  -52  -26  -40  -12  -61   25  -29  -56  -56  -28   43    3  -51   71  145  -43   10  777  -42   20   49   94  158  115  363  142  729  256  372  593  992  987  998  982
  9 Boom                  6865   -32  -12  -22  -35  -30   39  -36   52    0   25  -36  -51  105   45   14  -18   22    7   49    2   52  -12  281  -33  -57   82   62   -2   36   93  113  168   42  484  -59  439  365  753  991  990  995  994
 10 Simple Predictor      6738  -183 -171  -80 -324   17  -39  -77   26  -25    0  -87  -68   32   41   15  -67  209   45   45   -1  -48   50  191  -62  -14  383  253  -82  247   62  166  169  126  278  330  406  421  588  986  986  995  999
 11 ACT-R Lag2            6663   -97  -69   45   14  -43  -19   -4   40   36   87    0  -14  109   63  170  -36   81   13   39   35  -21  120  325  -68   18   68   16  -14   -3  115   86  114    1  444   86  231  335  578  798  992  996  996
 12 Yomi AI               6658   -20    1  -14   17  -32   71  -19   12   51   68   14    0   88   23  107  -26   58   -3  -19   11   -2  102  324   33   -1   39   26  435    8  140  145  113   73  477   88  246  303  609  127  996 1000  989
 13 Granite               6608  -247 -206 -262  -52  -91  -68 -161   61 -105  -32 -109  -88    0   23   -4  -12  -17 -110   48   -5  -51  -21  232  -20  -33  648   42   78   68  180  177  151   80  336  915  300  394  591  991  993  998  996
 14 Sweet Rocky           6586   -24  -37  -38  -43  -43  -57  -74  -25  -45  -41  -63  -23  -23    0  -27  -25  -20  -53   14  -48  -56  -38   52  -71  -15  491    6   30   41  133  191  175  290  208  570  264  434  592  995  992  998  999
 15 Marble                6410  -212 -254 -205  -72 -140  -36 -167   29  -14  -15 -170 -107    4   27    0  -15   36 -100   66  -41  -40   10  254  -48    8  640  -43   15   10  145  177  157   96  287  922  229  412  592  991  991  999  992
 16 Shofar                6397    56   -4   10   35    7  -14   15   56   18   67   36   26   12   25   15    0   82  -19   43  -42    3   71  111  -23   -6   58   12  -48  134   15   86   77   47  217  167  439  311  551  878  953  971  949
 17 ZQ Bot                6348  -288 -279 -226 -298  -98 -120 -164   56  -22 -209  -81  -58   17   20  -36  -82    0 -152   76  -47  -47   28  235  -49    3  791   43   34    5  187  166  180  297  257  968  273  393  592  987  998  998 1000
 18 Bugbrain              5913   -60    4   10  -48   21    9  -16   28   -7  -45  -13    3  110   53  100   19  152    0   23  -37  -11   50   99  -11   16   33   99   71  106   43   55   64  104  144   68  270  150  423  950  903  993  988
 19 * Anti-rotn           5685   -52  -45  -45  -73  -50  -66  -48  -43  -49  -45  -39   19  -48  -14  -66  -43  -76  -23    0  -12   57  -26  227  -52  -45  729   77  -44   67  226   61  337   54   51   44  509  152  598  489  999  999  994
 20 Vroomfondel           4722     7  -23   38   -2    4   -5   25   -3   -2    1  -35  -11    5   48   41   42   47   37   12    0   17   29  155  -21   31   49    2   39   30    1    4  144   56  190  -39  254  128  459    3  993  997  975
 21 Majikthise            4719   -27  -56   12   -5    3   67  -11   51  -52   48   21    2   51   56   40   -3   47   11  -57  -17    0   30  159  -14   46   22  -10   27    4  107  -10  104   -4  221  -34  262  190  447   12  993  992  994
 22 Mixed Strategy        4093   -94  -98  -28  -86  -71 -111  -36  -71   12  -50 -120 -102   21   38  -10  -71  -28  -50   26  -29  -30    0   -9  -91  -23   -4   21   23   84   64  148   78   32  145  188  130  360   18  972  975  990  980
 23 Multi-strategy        2143  -352 -260 -197 -270 -256 -217 -125 -145 -281 -191 -325 -324 -232  -52 -254 -111 -235  -99 -227 -155 -159    9    0  -50  -20 -147   12  -37  276  121  123  327   41   54   17  468  425  999  997  997  999  999
 24 * De Bruijn            711   -42  -49  -14   33   68   -8   86   43   33   62   68  -33   20   71   48   23   49   11   52   21   14   91   50    0   -1   12  -44   -4    2  -12   23   29    8  -48  -21   43   -7  128   -1   21    0 -114
 25 * Pi                   273     8   21   22   41    6   76    3  -10   57   14  -18    1   33   15   -8    6   -3  -16   45  -31  -46   23   20    1    0   11   22  -24    0  -46  -81   33   22   35   23   17  -16   30   22  -11  -11  -13
 26 Inocencio             -722  -816 -198 -189 -394 -137  -41 -183 -777  -82 -383  -68  -39 -648 -491 -640  -58 -791  -33 -729  -49  -22    4  147  -12  -11    0   -1  254   31  157  166   73   64  186   86  200  421  366  976  985  982  972
 27 * Add-drift          -1316  -141 -183 -186 -209  -15   30 -158   42  -62 -253  -16  -26  -42   -6   43  -12  -43  -99  -77   -2   10  -21  -12   44  -22    1    0    6   29    9  -27  -31   23  -30   -8   23   56  -10   -3   17  -18   63
 28 * Foxtrot            -2036  -305 -364  -70  -14 -442   18 -132  -20    2   82   14 -435  -78  -30  -15   48  -34  -71   44  -39  -27  -23   37    4   24 -254   -6    0  -21   32   23   57  -23   -1   -1  -29   28   -5   25  -34   12  -13
 29 * Copy-drift         -2047   -61 -100 -115 -232  -33  -25 -154  -49  -36 -247    3   -8  -68  -41  -10 -134   -5 -106  -67  -30   -4  -84 -276   -2    0  -31  -29   21    0    4   20  -21  -16 -130  -63    4   52  -14  -18   23   -1   36
 30 * Flat               -2726  -204  -72 -101 -103 -120  -57 -128  -94  -93  -62 -115 -140 -180 -133 -145  -15 -187  -43 -226   -1 -107  -64 -121   12   46 -157   -9  -32   -4    0   -1   57  -40    5 -131  -11  -15  258  174   52   -1 -418
 31 * Text               -3210  -105  -86 -189 -148 -145 -191  -51 -158 -113 -166  -86 -145 -177 -191 -177  -86 -166  -55  -61   -4   10 -148 -123  -23   81 -166   27  -23  -20    1    0    2  -20  -22   16   11   30 -185  -74  -11 -185  112
 32 * Switch A Lot       -3295   -87  -66 -223 -249  -95 -142  -92 -115 -168 -169 -114 -113 -151 -175 -157  -77 -180  -64 -337 -144 -104  -78 -327  -29  -33  -73   31  -57   21  -57   -2    0   55    2 -186  -19   20   45  327   14   33   40
 33 * Add-react          -3308  -331 -313 -279 -102  -91  -40 -315 -363  -42 -126   -1  -73  -80 -290  -96  -47 -297 -104  -54  -56    4  -32  -41   -8  -22  -64  -23   23   16   40   20  -55    0   -4  -44   17  -25   -1   -5    7   -2   -9
 34 Knucklehead          -3581  -594 -375 -372 -243 -489 -431 -500 -142 -484 -278 -444 -477 -336 -208 -287 -217 -257 -144  -51 -190 -221 -145  -54   48  -35 -186   30    1  130   -5   22   -2    4    0   13   41   60  181  824  324  940  968
 35 Peterbot             -5491  -898 -880 -874 -820 -827 -656 -942 -729   59 -330  -86  -88 -915 -570 -922 -167 -968  -68  -44   39   34 -188  -17   21  -23  -86    8    1   63  131  -16  186   44  -13    0  206  436  428  982  998 1000 1000
 36 Always Switchin'     -7288  -275 -219 -444 -417 -305 -460 -205 -256 -439 -406 -231 -246 -300 -264 -229 -439 -273 -270 -509 -254 -262 -130 -468  -43  -17 -200  -23   29   -4   11  -11   19  -17  -41 -206    0   45   31  501  -31  -15  -15
 37 R-P-S 20-20-60       -9095  -412 -105 -399 -373 -363 -380 -302 -372 -365 -421 -335 -303 -394 -434 -412 -311 -393 -150 -152 -128 -190 -360 -425    7   16 -421  -56  -28  -52   15  -30  -20   25  -60 -436  -45    0 -393 -119   -9 -395  385
 38 Beat Frequent Pick  -14131  -903 -924 -963 -594 -848 -866 -587 -593 -753 -588 -578 -609 -591 -592 -592 -551 -592 -423 -598 -459 -447  -18 -999 -128  -30 -366   10    5   14 -258  185  -45    1 -181 -428  -31  393    0 -600    0  999  997
 39 Beat The Last Move  -20088  -990 -976 -988 -993 -995 -980 -994 -992 -991 -986 -798 -127 -991 -995 -991 -878 -987 -950 -489   -3  -12 -972 -997    1  -22 -976    3  -25   18 -174   74 -327    5 -824 -982 -501  119  600    0    1 1000  997
 40 Rotate R-P-S        -25673  -985 -993 -988 -993 -997 -998 -993 -987 -990 -986 -992 -996 -993 -992 -991 -953 -998 -903 -999 -993 -993 -975 -997  -21   11 -985  -17   34  -23  -52   11  -14   -7 -324 -998   31    9    0   -1    0    0 -642
 41 Good Ole Rock       -26235  -995 -995 -999 -999 -995 -996 -999 -998 -995 -995 -996 -1000 -998 -998 -999 -971 -998 -993 -999 -997 -992 -990 -999    0   11 -982   18  -12    1    1  185  -33    2 -940 -1000   15  395 -999 -1000    0    0  999
 42 * Anti-Flat         -28150  -991 -994 -996 -1000 -1000 -998 -1000 -982 -994 -999 -996 -989 -996 -999 -992 -949 -1000 -988 -994 -975 -994 -980 -999  114   13 -972  -63   13  -36  418 -112  -40    9 -968 -1000   15 -385 -997 -997  642 -999    0

 Match results (draw <= 50): 

    Player Name           total  W  L  D   1  2  3  4  5  6  7  8  9 10 11 12 13 14 15 16 17 18 19 20 21 22 23 24 25 26 27 28 29 30 31 32 33 34 35 36 37 38 39 40 41 42
  1 Iocaine Powder          70  30  1 10   1  2  1  1  2  2  1  0  2  2  1  1  2  1  1  1  2  2  1  2  2  2  2  1  2  2  2  2  2  2  2  2  2  2  2  2  2  2  2  2  2  2
  2 Phasenbott              68  28  1 12   0  1  1  1  2  2  1  1  1  2  2  1  1  2  1  1  2  1  1  2  2  2  2  1  2  2  2  2  2  2  2  2  2  2  2  2  2  2  2  2  2  2
  3 Yomi AI                 63  22  0 19   1  1  1  1  1  1  1  1  1  1  2  2  1  1  1  1  2  1  1  2  2  2  2  1  1  2  1  2  2  1  2  2  2  2  2  2  2  2  2  2  2  2
  4 Simple Modeller         63  23  1 17   1  1  1  1  1  0  1  1  1  1  1  1  2  1  1  1  2  1  1  2  2  2  2  1  2  1  2  2  2  2  2  2  2  2  2  2  2  2  2  2  2  2
  5 MegaHAL                 62  23  2 16   0  0  1  1  1  2  1  1  1  1  1  1  1  1  1  1  2  1  1  2  2  2  1  1  2  2  2  2  2  2  2  2  2  2  2  2  2  2  2  2  2  2
  6 RussRocker4             62  25  4 12   0  0  1  2  0  1  1  1  1  1  1  1  1  1  1  2  2  2  0  2  2  2  1  1  2  2  2  2  2  2  2  2  2  2  2  2  2  2  2  2  2  2
  7 Biopic                  61  21  1 19   1  1  1  1  1  1  1  1  1  1  1  1  1  1  1  1  1  2  0  2  2  2  2  1  2  2  1  2  2  1  2  2  2  2  2  2  2  2  2  2  2  2
  8 Shofar                  60  19  0 22   2  1  1  1  1  1  1  1  1  1  1  1  1  1  1  1  2  2  1  1  1  2  2  1  2  1  1  2  2  2  2  1  1  2  2  2  2  2  2  2  2  2
  9 Bugbrain                60  20  1 20   0  1  1  1  1  1  1  1  1  1  1  1  1  1  1  2  1  1  1  2  2  2  1  1  1  2  2  2  2  2  2  2  1  2  2  2  2  2  2  2  2  2
 10 ACT-R Lag2              58  20  3 18   0  0  1  1  1  1  1  1  1  1  1  1  1  1  1  2  2  1  0  2  2  2  2  1  2  1  1  2  2  1  2  1  2  2  2  2  2  2  2  2  2  2
 11 Robertot                55  18  4 19   1  0  0  1  1  1  1  1  1  1  1  1  2  0  1  2  1  1  1  1  2  2  2  0  1  1  1  2  2  1  2  1  2  2  2  2  2  2  2  2  2  2
 12 Boom                    55  17  3 21   1  1  0  1  1  1  1  1  1  1  1  1  1  2  1  1  1  2  1  1  2  1  1  0  2  1  2  0  2  1  2  1  2  2  2  2  2  2  2  2  2  2
 13 * Anti-rotn             52  17  6 18   0  1  1  0  1  1  1  1  1  1  0  1  1  2  1  1  1  1  0  0  1  0  1  1  2  1  2  1  2  2  2  2  2  2  2  2  2  2  2  2  2  2
 14 Majikthise              52  14  3 24   1  0  1  1  1  1  1  1  1  1  2  0  0  1  1  2  1  2  1  1  2  1  1  1  1  1  1  1  2  1  2  1  2  1  1  2  2  2  2  2  2  2
 15 Vroomfondel             51  10  0 31   1  1  1  1  1  1  1  1  1  1  1  1  1  1  1  1  1  1  1  1  1  1  1  1  1  1  1  1  2  1  2  2  1  1  1  2  2  2  2  2  2  2
 16 Sweet Rocky             50  15  6 20   1  1  1  1  1  0  1  1  0  0  0  1  1  0  1  1  1  1  0  1  1  1  1  1  2  1  1  2  2  1  2  2  2  2  2  2  2  2  2  2  2  2
 17 Simple Predictor        49  18 10 13   0  0  0  0  0  0  1  0  1  0  1  1  1  1  1  1  1  1  0  1  1  2  1  1  2  0  2  2  2  2  2  2  2  2  2  2  2  2  2  2  2  2
 18 Piedra                  49  16  8 17   0  1  1  1  1  0  0  0  1  1  1  0  1  0  1  1  1  1  1  1  0  0  2  1  2  1  1  2  2  1  2  2  2  2  2  2  2  2  2  2  2  2
 19 * De Bruijn             48   8  1 32   1  1  1  1  1  2  2  1  1  2  1  1  2  1  1  2  2  1  1  1  1  1  2  1  1  1  1  1  1  1  1  1  1  1  1  2  1  1  1  1  0  1
 20 Marble                  48  16  9 16   0  0  0  0  0  0  0  1  0  0  1  1  2  1  1  1  1  1  1  1  1  1  1  1  2  1  1  2  2  1  2  2  2  2  2  2  2  2  2  2  2  2
 21 Granite                 47  18 12 11   0  0  0  0  0  0  0  1  0  0  0  0  1  0  1  1  1  2  1  1  1  1  1  1  2  2  1  2  2  2  2  2  2  2  2  2  2  2  2  2  2  2
 22 ZQ Bot                  46  17 12 12   0  0  0  0  0  0  0  0  0  0  0  1  2  1  1  1  0  2  1  1  1  1  1  1  2  1  1  2  2  1  2  2  2  2  2  2  2  2  2  2  2  2
 23 Mixed Strategy          43  12 10 19   0  0  0  0  1  1  0  0  1  0  0  1  1  1  1  1  1  0  0  1  1  1  1  1  1  1  1  2  1  2  2  1  2  2  2  1  2  2  2  2  2  2
 24 * Pi                    42   2  1 38   1  1  1  1  1  1  1  1  1  1  2  2  1  1  1  1  1  1  1  1  1  1  1  1  1  1  1  1  1  1  1  1  1  1  0  1  1  1  1  1  1  1
 25 Inocencio               40  15 16 10   0  0  1  0  0  0  0  0  1  0  1  0  0  1  1  0  0  0  1  0  0  0  1  1  1  2  1  2  2  1  2  2  2  2  2  2  2  2  2  2  2  2
 26 * Foxtrot               34   2  9 30   0  0  0  1  0  0  0  1  0  1  1  1  1  1  1  1  2  1  1  1  0  1  1  1  0  1  1  1  1  1  1  1  1  1  1  1  1  1  2  1  1  1
 27 * Add-drift             34   2  9 30   0  0  1  0  0  0  1  1  0  1  1  0  0  1  1  1  0  1  1  1  1  1  1  1  1  1  1  1  1  1  1  1  1  1  1  1  1  1  1  1  2  2
 28 Peterbot                33  11 19 11   0  0  0  0  0  0  0  0  0  0  0  2  1  1  1  0  0  0  1  0  0  0  0  1  0  1  1  1  1  2  1  1  2  2  1  2  2  2  2  2  2  2
 29 Multi-strategy          31  12 22  7   0  0  0  0  0  0  0  0  0  0  0  0  0  0  0  0  0  0  1  0  0  0  1  1  0  1  1  1  1  2  2  1  2  2  2  2  2  2  2  2  2  2
 30 * Copy-drift            28   1 14 26   0  0  1  0  0  0  1  0  0  1  1  1  0  1  1  1  0  1  1  1  0  1  0  1  1  1  1  0  0  1  0  1  1  1  1  1  1  1  1  1  1  2
 31 Knucklehead             24   7 24 10   0  0  0  0  0  0  0  0  0  0  0  0  0  0  0  0  0  0  1  0  0  0  0  1  0  1  1  1  0  2  1  1  1  2  1  2  1  2  1  2  2  2
 32 * Add-react             23   0 18 23   0  0  0  0  0  0  0  1  0  1  1  1  0  1  0  0  0  0  1  0  0  0  1  1  0  1  1  1  1  1  1  1  1  1  1  1  1  1  0  1  1  1
 33 * Flat                  22   4 23 14   0  0  0  0  0  0  0  1  1  0  0  0  0  0  1  0  0  0  1  0  0  0  0  1  0  1  1  0  0  1  1  1  1  2  1  2  1  1  2  2  0  1
 34 Beat The Last Move      19   5 27  9   0  0  0  0  0  0  0  0  0  0  0  0  0  1  1  0  0  0  1  0  0  0  0  1  0  1  1  0  0  1  0  1  0  1  2  2  0  2  0  1  2  2
 35 * Text                  18   2 25 14   0  0  0  0  0  0  0  0  0  0  0  0  0  1  1  0  0  0  1  0  0  0  0  2  0  1  1  1  0  1  1  1  1  0  1  0  1  0  1  1  2  1
 36 Beat Frequent Pick      17   4 28  9   0  0  0  0  0  0  0  0  0  0  0  0  0  0  0  0  0  0  0  0  0  0  1  1  0  1  1  0  0  1  0  1  0  0  2  1  1  2  1  1  2  2
 37 Always Switchin'        17   1 25 15   0  0  0  0  0  0  0  0  0  0  0  0  0  0  0  0  0  0  1  0  0  0  0  1  0  1  1  0  0  1  1  1  1  2  1  1  1  1  1  1  1  1
 38 Good Ole Rock           16   3 28 10   0  0  0  0  0  0  0  0  0  0  0  0  0  0  0  0  0  0  1  0  0  0  0  1  0  1  1  0  0  1  0  1  1  0  2  0  1  1  1  1  2  2
 39 * Switch A Lot          16   2 27 12   0  0  0  0  0  0  0  0  0  0  0  0  0  0  0  0  0  0  1  0  0  0  0  1  0  0  1  0  0  1  1  2  0  2  1  1  1  1  1  1  1  1
 40 Rotate R-P-S            13   0 28 13   0  0  0  0  0  0  0  0  0  0  0  0  0  0  0  0  0  0  1  0  0  0  0  1  0  1  1  0  0  1  0  1  0  1  1  1  1  1  1  1  0  1
 41 * Anti-Flat             12   3 32  6   0  0  0  0  0  0  0  0  0  0  0  0  0  0  0  0  0  0  2  0  0  0  0  1  0  1  0  0  0  1  0  1  2  0  0  0  1  0  1  2  1  0
 42 R-P-S 20-20-60          11   1 31  9   0  0  0  0  0  0  0  0  0  0  0  0  0  0  0  0  0  0  1  0  0  0  0  1  0  1  0  0  0  0  0  1  1  0  1  0  1  0  1  1  2  1


   Yomi AI is match ranked 3

 Tournament results:
    Player Name          total 
  1 Yomi AI               6658 
 19 Iocaine Powder       11509 
 20 Phasenbott           10049 
 21 MegaHAL               9423 
 22 RussRocker4           7544 
 23 Biopic                8584 
 24 Simple Modeller       9011 
 25 Simple Predictor      6738 
 26 Robertot              7608 
 27 Boom                  6865 
 29 ACT-R Lag2            6663 
 36 Piedra                7132 

   Yomi is tournament ranked 12

