 Playing 1 tournaments with 1000 trials per match...

 Yomi AI            vs Good Ole Rock       Match: 1000 (1000+   0-   0=)
 Yomi AI            vs R-P-S 20-20-60      Match:  224 (492+ 268- 240=)
 Yomi AI            vs Rotate R-P-S        Match:  779 (889+ 110-   1=)
 Yomi AI            vs Beat The Last Move  Match:    9 (326+ 317- 357=)
 Yomi AI            vs Always Switchin'    Match:  167 (456+ 289- 255=)
 Yomi AI            vs Beat Frequent Pick  Match:  488 (689+ 201- 110=)
 Yomi AI            vs * Pi                Match:  -48 (322+ 370- 308=)
 Yomi AI            vs * Switch A Lot      Match:   72 (387+ 315- 298=)
 Yomi AI            vs * Flat              Match:   89 (385+ 296- 319=)
 Yomi AI            vs * Anti-Flat         Match:  751 (872+ 121-   7=)
 Yomi AI            vs * Foxtrot           Match:  388 (598+ 210- 192=)
 Yomi AI            vs * De Bruijn         Match:   48 (358+ 310- 332=)
 Yomi AI            vs * Text              Match:  119 (416+ 297- 287=)
 Yomi AI            vs * Anti-rotn         Match:  -16 (337+ 353- 310=)
 Yomi AI            vs * Copy-drift        Match:    0 (333+ 333- 334=)
 Yomi AI            vs * Add-react         Match:    5 (357+ 352- 291=)
 Yomi AI            vs * Add-drift         Match:   71 (375+ 304- 321=)
 Yomi AI            vs Iocaine Powder      Match:  -45 (322+ 367- 311=)
 Yomi AI            vs Phasenbott          Match:  -34 (320+ 354- 326=)
 Yomi AI            vs MegaHAL             Match:   25 (359+ 334- 307=)
 Yomi AI            vs RussRocker4         Match:  -35 (319+ 354- 327=)
 Yomi AI            vs Biopic              Match:  -34 (337+ 371- 292=)
 Yomi AI            vs Simple Modeller     Match:    9 (340+ 331- 329=)
 Yomi AI            vs Simple Predictor    Match:   57 (372+ 315- 313=)
 Yomi AI            vs Robertot            Match:    4 (354+ 350- 296=)
 Yomi AI            vs Boom                Match:   28 (349+ 321- 330=)
 Yomi AI            vs Shofar              Match:   10 (340+ 330- 330=)
 Yomi AI            vs ACT-R Lag2          Match:    2 (357+ 355- 288=)
 Yomi AI            vs Majikthise          Match:  -11 (314+ 325- 361=)
 Yomi AI            vs Vroomfondel         Match:   27 (364+ 337- 299=)
 Yomi AI            vs Granite             Match:   69 (424+ 355- 221=)
 Yomi AI            vs Marble              Match:   91 (413+ 322- 265=)
 Yomi AI            vs ZQ Bot              Match:   89 (429+ 340- 231=)
 Yomi AI            vs Sweet Rocky         Match:   38 (365+ 327- 308=)
 Yomi AI            vs Piedra              Match:   48 (379+ 331- 290=)
 Yomi AI            vs Mixed Strategy      Match:   45 (385+ 340- 275=)
 Yomi AI            vs Multi-strategy      Match:  167 (466+ 299- 235=)
 Yomi AI            vs Inocencio           Match:   67 (391+ 324- 285=)
 Yomi AI            vs Peterbot            Match:   71 (377+ 306- 317=)
 Yomi AI            vs Bugbrain            Match:   36 (349+ 313- 338=)
 Yomi AI            vs Knucklehead         Match:  437 (641+ 204- 155=)
 Final results (draw value = 50):

 Tournament results: 

    Player Name          total     1    2    3    4    5    6    7    8    9   10   11   12   13   14   15   16   17   18   19   20   21   22   23   24   25   26   27   28   29   30   31   32   33   34   35   36   37   38   39   40   41   42
  1 Iocaine Powder       11750     0   68   66   28  507   31    4   97   32  183  212   20   24  247   53   60   45   45   27  288   -7   94  352  816    8  -14  141  184  364  184  331   63  118  594  898  297  421  914  988  988  991  988
  2 Phasenbott           10100   -68    0   53   25  530   39   63   69   12  171  254  -28   37  206   27   -4   42   34   56  279   23   98  260  198   44  -19  183   20  396   86  313   40  114  375  880  247  151  940  984  998  993  979
  3 MegaHAL               9330   -66  -53    0   29  101  -16   10  -45   22   80  205  -48   38  262   49  -10   73  -25  -12  226  -38   28  197  189  -34   29  186  103   69  100  279  236  133  372  874  446  399  963  990  989 1000 1000
  4 Biopic                8525   -28  -25  -29    0    3  -32   17   17   30  -17   92  -22   55  144    5   11   66   34  -34   79  -28   30  278  125   36   50   15  121  360  120   91  162  147  529  714  275  343  808  996  995  998  994
  5 RussRocker4           7818  -507 -530 -101   -3    0   61   15    4   36   77  167  -58   74  161   65   16   44   35   11  164  -25   36  125  183    0   18  158  197  225  111  315  106   99  500  942  236  291  592  992  990  999  997
  6 Simple Modeller       7809   -31  -39   16   32  -61    0  -30   20   11  273   91  -20   37   76   64   19   41   -9  -41  288   -7   75  139   72  -45  -54  209  257    5   46  102  221  123  268  307  434  351  593  990  992  997  997
  7 Robertot              7694    -4  -63  -10  -17  -15   30    0  -52  -10   46   11   10   33  140   47   -6   38   -4  -26  124   22   18  240   -5    6  -16  -30   76   42  123   40   60  162  441  591  466  395  835  967  993 1000  996
  8 ACT-R Lag2            7293   -97  -69   45  -17   -4  -20   52    0   18   52   92  -27   46  135   47   28   23   -2  -53   65  -45   17  312  795  -91  -48   16   14  -56   80    1  126  105  521  168  243  316  576  944  995  994  996
  9 Boom                  7111   -32  -12  -22  -30  -36  -11   10  -18    0  -42   70  -20   48   16   40  -44   46  -28  -57   74   -8  -36  193   52  -24  -26   62  135   51  106   42  190  131  460  336  422  356  753  983  990  997  994
 10 Simple Predictor      7022  -183 -171  -80   17  -77 -273  -46  -52   42    0   58  -11   11  -10   57   25   56  -57  -48  197  -44   51  220  332  -62  -14  253  257  -28   89  126  248  154  264  321  409  442  588  985  986  993  997
 11 Marble                6674  -212 -254 -205  -92 -167  -91  -11  -92  -70  -58    0  -78   15   20    6  -73   39  -91  -48   65   42   15  339  651  -65   -2  -43   56   34  238   96  128  175  289  967  167  418  591  989  993  999  994
 12 Shofar                6493   -20   28   48   22   58   20  -10   27   20   11   78    0   22   71   28  -13   40  -10    7   56  -44   34  146  -32  -47    7   33  132   25  103  -19   49   95  261  164  444  337  548  898  933  970  973
 13 Sweet Rocky           6440   -24  -37  -38  -55  -74  -37  -33  -46  -48  -11  -15  -22    0  -42  -57  -60   13  -38   -3  -74  -27   -3  134  752    3  -22    6  -20   60  153  290   73  160  190  123  300  414  590  986  992  998  989
 14 Granite               6050  -247 -206 -262 -144 -161  -76 -140 -135  -16   10  -20  -71   42    0   28  -67   45  -69  -37    5   43  -15  330   17  -83  -37   42   24   73  156   80  172  181  318  967  308  415  594  994  997 1000  995
 15 Piedra                5846   -53  -27  -49   -5  -65  -64  -47  -47  -40  -57   -6  -28   57  -28    0  -15   25  -48  -73  -29  -29   46  125  -59  -51  -15  -42   21  -42  141  363  134  179  216  246  248  391  592  993  990 1000  998
 16 Bugbrain              5827   -60    4   10  -11  -16  -19    6  -28   44  -25   73   13   60   67   15    0   37  -36  -12  166  -29   14  116   80   37   -5   99   66    7   11  104   91   35  175  171  256  109  383  921  937  961 1000
 17 * Anti-rotn           5819   -45  -42  -73  -66  -44  -41  -38  -23  -46  -56  -39  -40  -13  -45  -25  -37    0   16  -34  -37   15   38  247  758  -33  -37    0    7   18  227   83  315   53   55   34  520  157  597  497  998  998 1000
 18 Yomi AI               5307   -45  -34   25  -34  -35    9    4    2   28   57   91   10   38   69   48   36  -16    0  -11   89   27   45  167   67   48  -48   71    0  388   89    5   72  119  437   71  167  224  488    9  779 1000  751
 19 Majikthise            5240   -27  -56   12   34  -11   41   26   53   57   48   48   -7    3   37   73   12   34   11    0   33    2  107  207   82  -15   20  -10   25    9  117   -4  112   38  248   12  262  184  447    2  990  992  992
 20 ZQ Bot                5182  -288 -279 -226  -79 -164 -288 -124  -65  -74 -197  -65  -56   74   -5   29 -166   37  -89  -33    0  -31  -52  215  -50  -75   -8   43   41   60   99  297  126  182  185  947  324  371  592  992  988 1000  994
 21 Vroomfondel           4900     7  -23   38   28   25    7  -22   45    8   44  -42   44   27  -43   29   29  -15  -27   -2   31    0  -15  143   94  -29   -3    2   17   30   90   56  165   79  207   18  256  109  481   27  993  995  997
 22 Mixed Strategy        4709   -94  -98  -28  -30  -36  -75  -18  -17   36  -51  -15  -34    3   15  -46  -14  -38  -45 -107   52   15    0   30   29  -75  -21   21   22   -6  -55   32  -13  160  154  151  195  354  482  962  940  987  985
 23 Multi-strategy        2684  -352 -260 -197 -278 -125 -139 -240 -312 -193 -220 -339 -146 -134 -330 -125 -116 -247 -167 -207 -215 -143  -30    0 -118  -50  -20   12  287   24  178   41  281  123   56  500  459  437  999  997  997  999  997
 24 Inocencio              906  -816 -198 -189 -125 -183  -72    5 -795  -52 -332 -651   32 -752  -17   59  -80 -758  -67  -82   50  -94  -29  118    0  -23  -47   -1  117  311   81   64   22  162  257  123  222  427  364  919  980  976  980
 25 * De Bruijn            634    -8  -44   34  -36    0   45   -6   91   24   62   65   47   -3   83   51  -37   33  -48   15   75   29   75   50   23    0   -1   -6   28  -39  -36    5   -5   23   16    6  -44   25  128   -1   21    0 -106
 26 * Pi                   247    14   19  -29  -50  -18   54   16   48   26   14    2   -7   22   37   15    5   37   48  -20    8    3   21   20   47    1    0   -7  -42   25  -21   -5    3  -81  -50   31   32   10   30   22  -11  -11  -11
 27 * Add-drift          -1456  -141 -183 -186  -15 -158 -209   30  -16  -62 -253   43  -33   -6  -42   42  -99    0  -71   10  -43   -2  -21  -12    1    6    7    0   32  -33    9   23   -1  -19  -30   -8   18   30  -29  -35   -6  -30   36
 28 * Copy-drift         -2363  -184  -20 -103 -121 -197 -257  -76  -14 -135 -257  -56 -132   20  -24  -21  -66   -7    0  -25  -41  -17  -22 -287 -117  -28   42  -32    0  -18   13    0   22   -8 -123  -50  -24   -5   -5  -25  -12    3   46
 29 * Foxtrot            -2539  -364 -396  -69 -360 -225   -5  -42   56  -51   28  -34  -25  -60  -73   42   -7  -18 -388   -9  -60  -30    6  -24 -311   39  -25   33   18    0   10    4  -13    2  -20  -49    1  -13  -37    3   -6  -47  -20
 30 * Flat               -2692  -184  -86 -100 -120 -111  -46 -123  -80 -106  -89 -238 -103 -153 -156 -141  -11 -227  -89 -117  -99  -90   55 -178  -81   36   21   -9  -13  -10    0  -58   22   -9   18 -125   49   30  261  211    0   -1 -442
 31 * Add-react          -3038  -331 -313 -279  -91 -315 -102  -40   -1  -42 -126  -96   19 -290  -80 -363 -104  -83   -5    4 -297  -56  -32  -41  -64   -5    5  -23    0   -4   58    0    7   12   -4  -44    2   -5  -25   28   28    1   59
 32 * Switch A Lot       -3112   -63  -40 -236 -162 -106 -221  -60 -126 -190 -248 -128  -49  -73 -172 -134  -91 -315  -72 -112 -126 -165   13 -281  -22    5   -3    1  -22   13  -22   -7    0   -1  -13 -165  -28   -6   18  324  -27    2   -2
 33 * Text               -3237  -118 -114 -133 -147  -99 -123 -162 -105 -131 -154 -175  -95 -160 -181 -179  -35  -53 -119  -38 -182  -79 -160 -123 -162  -23   81   19    8   -2    9  -12    1    0   -9   26  -16   51 -185  -74  -11 -185  112
 34 Knucklehead          -3372  -594 -375 -372 -529 -500 -268 -441 -521 -460 -264 -289 -261 -190 -318 -216 -175  -55 -437 -248 -185 -207 -154  -56 -257  -16   50   30  123   20  -18    4   13    9    0   62   63   43   91  912  633  982  999
 35 Peterbot             -5157  -898 -880 -874 -714 -942 -307 -591 -168 -336 -321 -967 -164 -123 -967 -246 -171  -34  -71  -12 -947  -18 -151 -500 -123   -6  -31    8   50   49  125   44  165  -26  -62    0  225  411  442  981  999  999  995
 36 Always Switchin'     -7458  -297 -247 -446 -275 -236 -434 -466 -243 -422 -409 -167 -444 -300 -308 -248 -256 -520 -167 -262 -324 -256 -195 -459 -222   44  -32  -18   24   -1  -49   -2   28   16  -63 -225    0  -38   28  501   31  -16  -83
 37 R-P-S 20-20-60       -8915  -421 -151 -399 -343 -291 -351 -395 -316 -356 -442 -418 -337 -414 -415 -391 -109 -157 -224 -184 -371 -109 -354 -437 -427  -25  -10  -30    5   13  -30    5    6  -51  -43 -411   38    0 -356 -132   -2 -373  293
 38 Beat Frequent Pick  -14276  -914 -940 -963 -808 -592 -593 -835 -576 -753 -588 -591 -548 -590 -594 -592 -383 -597 -488 -447 -592 -481 -482 -999 -364 -128  -30   29    5   37 -261   25  -18  185  -91 -442  -28  356    0 -600    0  999  996
 39 Beat The Last Move  -20122  -988 -984 -990 -996 -992 -990 -967 -944 -983 -985 -989 -898 -986 -994 -993 -921 -497   -9   -2 -992  -27 -962 -997 -919    1  -22   35   25   -3 -211  -28 -324   74 -912 -981 -501  132  600    0    1 1000  997
 40 Rotate R-P-S        -25733  -988 -998 -989 -995 -990 -992 -993 -995 -990 -986 -993 -933 -992 -997 -990 -937 -998 -779 -990 -988 -993 -940 -997 -980  -21   11    6   12    6    0  -28   27   11 -633 -999  -31    2    0   -1    0    0 -672
 41 Good Ole Rock       -26161  -991 -993 -1000 -998 -999 -997 -1000 -994 -997 -993 -999 -970 -998 -1000 -1000 -961 -998 -1000 -992 -1000 -995 -987 -999 -976    0   11   30   -3   47    1   -1   -2  185 -982 -999   16  373 -999 -1000    0    0  999
 42 * Anti-Flat         -27779  -988 -979 -1000 -994 -997 -997 -996 -996 -994 -997 -994 -973 -989 -995 -998 -1000 -1000 -751 -992 -994 -997 -985 -997 -980  106   11  -36  -46   20  442  -59    2 -112 -999 -995   83 -293 -996 -997  672 -999    0

 Match results (draw <= 50): 

    Player Name           total  W  L  D   1  2  3  4  5  6  7  8  9 10 11 12 13 14 15 16 17 18 19 20 21 22 23 24 25 26 27 28 29 30 31 32 33 34 35 36 37 38 39 40 41 42
  1 Iocaine Powder          70  29  0 12   1  2  2  1  2  1  1  1  2  1  2  1  2  1  1  1  1  2  1  2  2  2  1  2  2  2  2  2  2  2  2  2  2  2  2  2  2  2  2  2  2  2
  2 Phasenbott              66  26  1 14   0  1  2  1  2  1  1  1  1  1  2  2  2  2  1  1  1  1  1  2  2  2  1  2  2  2  2  2  2  1  2  2  1  2  2  2  2  2  2  2  2  2
  3 MegaHAL                 63  24  2 15   0  0  1  1  2  1  1  1  1  1  2  1  1  1  1  2  1  1  1  2  1  2  1  2  2  2  2  2  2  2  2  2  2  2  2  2  2  2  2  2  2  2
  4 Biopic                  63  22  0 19   1  1  1  1  1  1  1  1  1  1  1  1  1  1  1  2  2  1  1  2  1  2  1  2  2  1  2  2  2  2  2  2  2  2  2  2  2  2  2  2  2  2
  5 RussRocker4             62  25  4 12   0  0  0  1  1  2  1  1  1  0  2  1  1  1  1  1  2  2  1  2  1  2  1  2  2  2  2  2  2  2  2  2  2  2  2  2  2  2  2  2  2  2
  6 Simple Modeller         61  22  2 17   1  1  1  1  0  1  1  1  1  1  2  1  1  1  1  1  1  2  1  2  2  2  0  2  2  2  2  1  2  2  2  2  2  1  2  2  2  2  2  2  2  2
  7 Yomi AI                 60  19  0 22   1  1  1  1  1  1  1  1  1  1  2  1  1  1  1  1  1  1  1  2  1  2  1  2  2  2  2  2  2  1  1  2  2  2  1  2  2  2  2  2  2  2
  8 Boom                    59  19  1 21   1  1  1  1  1  1  1  1  1  1  1  1  1  0  1  1  1  1  1  2  1  1  1  2  2  2  2  2  2  2  1  2  2  2  2  2  2  2  2  2  2  2
  9 Bugbrain                59  19  1 21   0  1  1  1  1  1  1  1  1  1  1  1  1  1  1  1  2  1  1  2  1  2  1  2  2  2  2  1  2  2  2  2  2  1  2  1  2  2  2  2  2  2
 10 Shofar                  58  17  0 24   1  1  1  1  2  1  1  1  1  1  1  1  1  1  1  1  1  1  1  2  1  2  1  2  1  1  2  1  2  2  1  2  1  2  2  2  2  2  2  2  2  2
 11 Simple Predictor        55  22  8 11   0  0  0  1  0  0  0  1  1  1  1  1  0  1  1  2  1  2  0  2  2  1  1  2  2  2  2  1  2  2  2  2  2  2  2  2  2  2  2  2  2  2
 12 Robertot                55  16  2 23   1  0  1  1  1  1  1  1  1  1  1  1  0  1  1  1  1  1  1  1  1  2  1  2  1  1  2  1  2  2  1  2  2  2  2  2  2  2  2  2  2  2
 13 ACT-R Lag2              55  19  5 17   0  0  1  1  1  1  1  1  1  1  2  2  1  0  1  1  1  1  0  2  1  2  1  2  2  1  2  0  2  1  1  2  2  2  2  2  2  2  2  2  2  2
 14 Majikthise              55  15  1 25   1  0  1  1  1  1  1  2  1  1  1  1  2  1  1  1  1  2  1  1  2  1  1  1  2  1  2  1  1  1  1  2  2  2  1  1  2  2  2  2  2  2
 15 Vroomfondel             54  13  0 28   1  1  1  1  1  1  1  1  1  1  1  1  1  1  1  1  1  1  1  1  1  1  1  1  2  1  2  1  1  1  2  2  2  2  1  2  2  2  2  2  2  2
 16 * Anti-rotn             52  14  3 24   1  1  0  0  1  1  1  1  1  1  0  1  1  1  1  1  1  1  1  1  1  1  1  1  2  1  2  1  1  1  2  2  2  2  2  2  2  2  2  2  2  2
 17 Sweet Rocky             52  16  5 20   1  1  1  0  0  1  1  1  0  1  1  1  1  1  1  1  1  0  1  1  1  1  1  0  2  1  2  2  2  1  2  2  2  2  2  2  2  2  2  2  2  2
 18 Piedra                  49  15  7 19   0  1  1  1  0  0  1  1  1  1  0  1  1  0  1  1  2  1  0  1  1  1  1  1  0  1  2  1  2  1  2  2  2  2  2  2  2  2  2  2  2  2
 19 * De Bruijn             48   8  1 32   1  1  1  1  1  1  1  1  1  1  2  1  2  1  1  1  1  2  1  2  2  2  1  2  1  1  1  1  1  1  1  1  1  1  1  1  2  1  1  1  1  0
 20 Marble                  45  17 13 11   0  0  0  0  0  0  0  0  0  0  0  1  0  1  1  1  1  1  0  1  1  1  1  2  2  1  2  1  2  2  2  2  2  2  2  2  2  2  2  2  2  2
 21 Mixed Strategy          45  11  7 23   0  0  1  1  1  0  1  1  1  1  0  1  1  0  1  1  1  1  0  1  1  1  1  2  1  1  1  1  2  1  1  2  1  0  2  2  2  2  2  2  2  2
 22 Granite                 44  15 12 14   0  0  0  0  0  0  0  1  0  0  1  0  0  1  1  1  1  1  0  1  1  1  1  1  1  1  2  2  2  1  2  2  2  2  2  2  2  2  2  2  2  2
 23 * Pi                    41   1  1 39   1  1  1  1  1  2  1  1  1  1  1  1  1  1  1  1  1  1  1  1  1  1  1  1  1  1  1  1  1  1  1  1  1  1  1  0  1  1  1  1  1  1
 24 ZQ Bot                  41  16 16  9   0  0  0  0  0  0  0  0  0  0  0  0  0  1  1  1  2  1  0  0  0  1  1  1  1  1  2  2  2  1  2  2  2  2  2  2  2  2  2  2  2  2
 25 Inocencio               41  16 16  9   0  0  0  0  0  0  0  0  0  1  0  1  0  0  0  0  0  2  1  0  1  1  1  1  1  1  2  2  2  2  2  2  1  2  2  2  2  2  2  2  2  2
 26 * Add-drift             32   0  9 32   0  0  0  1  0  0  0  0  0  1  0  1  1  1  1  1  1  1  1  1  1  1  1  1  1  1  1  1  1  1  1  1  1  1  1  1  1  1  1  1  1  1
 27 Multi-strategy          32  13 22  6   0  0  0  0  0  0  0  0  0  0  0  0  0  0  0  0  0  0  1  0  1  0  1  0  0  1  1  1  2  2  1  2  2  2  2  2  2  2  2  2  2  2
 28 * Foxtrot               31   1 11 29   0  0  0  0  0  1  0  0  1  1  1  1  2  1  1  1  0  1  1  1  1  0  1  0  0  1  1  1  1  1  1  1  1  1  1  1  1  1  1  1  1  1
 29 Peterbot                28   9 22 10   0  0  0  0  0  0  0  0  0  0  0  0  0  1  1  1  0  0  1  0  0  0  1  0  0  1  0  1  1  1  1  0  2  2  2  1  2  2  2  2  2  2
 30 * Copy-drift            27   0 14 27   0  1  0  0  0  0  1  0  0  0  0  0  1  1  1  1  1  1  1  0  1  1  1  1  0  1  0  1  1  1  1  0  1  1  1  1  1  1  1  1  1  1
 31 * Add-react             27   2 16 23   0  0  0  0  0  0  1  1  0  1  0  1  1  1  0  0  0  0  1  0  1  0  1  0  0  1  1  1  1  1  1  1  1  2  1  1  1  1  1  1  1  2
 32 Knucklehead             25   8 24  9   0  0  0  0  0  0  0  0  0  0  0  0  0  0  0  0  0  0  1  0  0  0  1  0  0  1  0  1  2  2  1  1  1  1  2  1  2  2  2  2  1  2
 33 * Switch A Lot          21   1 21 19   0  1  0  0  0  0  0  0  0  1  0  0  0  0  0  0  0  0  1  0  1  0  1  0  1  1  0  1  0  1  1  1  1  1  2  1  1  1  1  1  1  1
 34 * Flat                  20   3 24 14   0  0  0  0  0  1  0  0  1  0  0  0  0  0  0  0  0  0  1  0  2  0  1  0  0  1  0  1  0  1  0  1  1  1  2  1  2  1  1  1  1  0
 35 Beat The Last Move      20   5 26 10   0  0  0  0  0  0  1  0  0  0  0  0  0  1  1  0  0  0  1  0  0  0  1  0  0  1  0  1  0  1  1  0  0  0  1  2  2  2  0  1  2  2
 36 * Text                  19   3 25 13   0  0  0  0  0  0  0  0  1  0  0  0  0  1  0  0  0  0  1  0  0  0  2  0  0  1  0  1  1  1  1  1  1  1  0  1  0  0  1  1  2  2
 37 Beat Frequent Pick      16   4 29  8   0  0  0  0  0  0  0  0  0  0  0  0  0  0  0  0  0  0  0  0  0  0  1  0  0  1  0  1  0  1  1  0  1  0  0  2  1  2  1  1  2  2
 38 Good Ole Rock           16   3 28 10   0  0  0  0  0  0  0  0  0  0  0  0  0  0  0  0  0  0  1  0  0  0  1  0  0  1  0  1  0  1  1  0  1  1  0  2  0  1  1  1  2  2
 39 Always Switchin'        15   1 27 13   0  0  0  0  0  0  0  0  0  0  0  0  0  0  0  0  0  0  1  0  0  0  1  0  0  1  0  1  0  1  1  0  1  1  2  1  1  1  1  1  1  0
 40 Rotate R-P-S            14   0 27 14   0  0  0  0  0  0  0  0  0  0  0  0  0  0  0  0  0  0  1  0  0  0  1  0  0  1  0  1  0  1  1  0  1  1  1  1  1  1  1  1  1  0
 41 R-P-S 20-20-60          13   1 29 11   0  0  0  0  0  0  0  0  0  0  0  0  0  0  0  0  0  0  1  0  0  0  1  0  0  1  0  1  0  1  1  1  1  1  0  0  0  0  1  1  1  2
 42 * Anti-Flat             13   4 32  5   0  0  0  0  0  0  0  0  0  0  0  0  0  0  0  0  0  0  2  0  0  0  1  0  0  1  0  1  0  1  0  0  1  2  0  0  0  0  2  2  0  1


   Yomi AI is match ranked 7

 Tournament results:
    Player Name          total 
  1 Yomi AI               5307 
 15 * Anti-rotn           5819 
 19 Iocaine Powder       11750 
 20 Phasenbott           10100 
 21 MegaHAL               9330 
 22 RussRocker4           7818 
 23 Biopic                8525 
 24 Simple Modeller       7809 
 25 Simple Predictor      7022 
 26 Robertot              7694 
 27 Boom                  7111 
 28 Shofar                6493 
 29 ACT-R Lag2            7293 
 32 Granite               6050 
 33 Marble                6674 
 35 Sweet Rocky           6440 
 36 Piedra                5846 
 41 Bugbrain              5827 

   Yomi is tournament ranked 18

