 Playing 1 tournaments with 1000 trials per match...

 Yomi AI            vs Good Ole Rock       Match: 1000 (1000+   0-   0=)
 Yomi AI            vs R-P-S 20-20-60      Match:  159 (421+ 262- 317=)
 Yomi AI            vs Rotate R-P-S        Match:  472 (606+ 134- 260=)
 Yomi AI            vs Beat The Last Move  Match:   25 (338+ 313- 349=)
 Yomi AI            vs Always Switchin'    Match:  130 (426+ 296- 278=)
 Yomi AI            vs Beat Frequent Pick  Match:  347 (582+ 235- 183=)
 Yomi AI            vs * Pi                Match:  -25 (329+ 354- 317=)
 Yomi AI            vs * Switch A Lot      Match:   86 (381+ 295- 324=)
 Yomi AI            vs * Flat              Match:   79 (389+ 310- 301=)
 Yomi AI            vs * Anti-Flat         Match:  999 (999+   0-   1=)
 Yomi AI            vs * Foxtrot           Match:  258 (478+ 220- 302=)
 Yomi AI            vs * De Bruijn         Match:  -25 (321+ 346- 333=)
 Yomi AI            vs * Text              Match:  122 (409+ 287- 304=)
 Yomi AI            vs * Anti-rotn         Match:   31 (351+ 320- 329=)
 Yomi AI            vs * Copy-drift        Match:   28 (339+ 311- 350=)
 Yomi AI            vs * Add-react         Match:    7 (340+ 333- 327=)
 Yomi AI            vs * Add-drift         Match:   -3 (335+ 338- 327=)
 Yomi AI            vs Iocaine Powder      Match:  -43 (317+ 360- 323=)
 Yomi AI            vs Phasenbott          Match:  -36 (313+ 349- 338=)
 Yomi AI            vs MegaHAL             Match:   -7 (349+ 356- 295=)
 Yomi AI            vs RussRocker4         Match:   11 (342+ 331- 327=)
 Yomi AI            vs Biopic              Match:   10 (327+ 317- 356=)
 Yomi AI            vs Simple Modeller     Match:   24 (362+ 338- 300=)
 Yomi AI            vs Simple Predictor    Match:   43 (371+ 328- 301=)
 Yomi AI            vs Robertot            Match:   40 (368+ 328- 304=)
 Yomi AI            vs Boom                Match:   18 (343+ 325- 332=)
 Yomi AI            vs Shofar              Match:  -44 (322+ 366- 312=)
 Yomi AI            vs ACT-R Lag2          Match:   22 (356+ 334- 310=)
 Yomi AI            vs Majikthise          Match:   19 (326+ 307- 367=)
 Yomi AI            vs Vroomfondel         Match:  -26 (325+ 351- 324=)
 Yomi AI            vs Granite             Match:   26 (356+ 330- 314=)
 Yomi AI            vs Marble              Match:   27 (374+ 347- 279=)
 Yomi AI            vs ZQ Bot              Match:  134 (426+ 292- 282=)
 Yomi AI            vs Sweet Rocky         Match:   61 (380+ 319- 301=)
 Yomi AI            vs Piedra              Match:   51 (386+ 335- 279=)
 Yomi AI            vs Mixed Strategy      Match:   72 (387+ 315- 298=)
 Yomi AI            vs Multi-strategy      Match:  158 (438+ 280- 282=)
 Yomi AI            vs Inocencio           Match:   54 (370+ 316- 314=)
 Yomi AI            vs Peterbot            Match:   26 (360+ 334- 306=)
 Yomi AI            vs Bugbrain            Match:   10 (349+ 339- 312=)
 Yomi AI            vs Knucklehead         Match:  282 (517+ 235- 248=)
 Final results (draw value = 50):

 Tournament results: 

    Player Name          total     1    2    3    4    5    6    7    8    9   10   11   12   13   14   15   16   17   18   19   20   21   22   23   24   25   26   27   28   29   30   31   32   33   34   35   36   37   38   39   40   41   42
  1 Iocaine Powder       10696     0   66   86  -10   70    1  494  171   30   31   71  226  219  -17   71    1   57  313   30   36   43   42  226  133   36  -28  111  223  324  322  216   39  117  589  897  224  379  901  989  989  992  986
  2 Phasenbott            9936   -66    0   85   48   42   53  550  118   28   39    6  221  213   38   67   17   44  237  -19   49   36   -6  156  192   17   54  151   83  338  351   57  103   76  380  912  242  139  918  982  997  995  993
  3 MegaHAL               9243   -86  -85    0  -47   35   37   45   73   17   45   25  247  227    1    3  -28   80  239  -57   64    7    4  256  171  -23    7  223   74   71  226   87  250  133  395  886  408  330  932  988  990  999  994
  4 Simple Modeller       9059    10  -48   47    0    1   49   63  279   31   58   67   72  124    0   43   46   55  312  -22   41  -24  -26  185  197  -79  -21  272  260  -28  101   48  263  123  216  938  453  386  594  992  990 1000  991
  5 Biopic                8651   -70  -42  -35   -1    0    5    9   74   26   57   57   91  124   -2   45  -16   71  110  -53    7  -10   12  234  156  -18    1   44   36  435   32  165  135  157  486  791  279  387  886  991  996 1000  999
  6 Robertot              7727    -1  -53  -37  -49   -5    0  -48   66  -27   49   92   93   39   43    8   43   48   62    1   29  -40   17  308   68    2  -34  -59  111   -3   57   47   60  159  333  862  458  401  835  812  993  998  989
  7 RussRocker4           7677  -494 -550  -45  -63   -9   48    0  113   46   42   24  118  204  -12   51    6   48  178   -3   32  -11  -13  313  129  -48   -8   67  183  173  315  164   92   61  470  919  202  347  607  991  995  998  997
  8 Simple Predictor      7366  -171 -118  -73 -279  -74  -66 -113    0   32   53   31   90   58   10  -67   50   74  152  -39  102  -43  -26  220  508  -79  -21  311  270   -8   94  132  253  154  250  288  432  423  588  984  990  996  998
  9 Boom                  7008   -30  -28  -17  -31  -26   27  -46  -32    0   58   63   43   31  -30  -31    0   38   58  -17  -12  -18  -11  254   44  -43    0   51   36    1   95   27  142  121  391  297  448  424  753  991  990  997 1000
 10 Piedra                6938   -31  -39  -45  -58  -57  -49  -42  -53  -58    0  -42  -27  -14  -41  -42    8   47  -84  -18  -48  -51  -36   67  606  -35  -60   21   11   63  166  144  151  166  223 1000  244  392  585  992  991  996  995
 11 Sweet Rocky           6752   -71   -6  -25  -67  -57  -92  -24  -31  -63   42    0  -20  -15  -17  -53  -39   59  -83  -49   37  -61  -39   92  725  -51   43  104  118   11  314  169  145  166  187  168  247  431  595  988  989  993  992
 12 Granite               6519  -226 -221 -247  -72  -91  -93 -118  -90  -43   27   20    0   34  -64 -109  -71   44   26  -32   60  -26  -44  234  654  -13  -32   25   56   39   84  156  144  182  279  907  202  365  591  994  995 1000  993
 13 Marble                6434  -219 -213 -227 -124 -124  -39 -204  -58  -31   14   15  -34    0  -60  -97 -107   64  -23  -39   -9  -27  -40  288  645  -91  -10   40   98   55   55  177  143  178  295  921  247  408  592  989  993  999  994
 14 Shofar                6102    17  -38   -1    0    2  -43   12  -10   30   41   17   64   60    0  -30    3   45   47  -17   41   44   31   82   85    9  -32    2   80   -6  -15   48  100  165  169  114  399  239  551  900  938  983  976
 15 ACT-R Lag2            5803   -71  -67   -3  -43  -45   -8  -51   67   31   42   53  109   97   30    0   -8   46  140  -21   83  -22  -18  212   53  -65   18   13    1   -9   64  121  161   99  546   98  277  265  578   51  992  992  995
 16 Bugbrain              5737    -1  -17   28  -46   16  -43   -6  -50    0   -8   39   71  107   -3    8    0   44  123  -27   36  -10   24  130   18  -11    0  127   10  -13   94  -21  149   29   81  256  238  132  411  958  893  998  973
 17 * Anti-rotn           5733   -57  -44  -80  -55  -71  -48  -48  -74  -38  -47  -59  -44  -64  -45  -46  -44    0  -47  -18  -55  -31   -8  230  609  -41  -42   36   -7  -15   45  222  345   54  106  500  452  183  598  486  999  999  997
 18 ZQ Bot                5630  -313 -237 -239 -312 -110  -62 -178 -152  -58   84   83  -26   23  -47 -140 -123   47    0  -25   16 -134    2  266   92  -44  -14  -11   15   32  299  169  171  156  199  895  321  405  596  993  993  998 1000
 19 Vroomfondel           5215   -30   19   57   22   53   -1    3   39   17   18   49   32   39   17   21   27   18   25    0    7   26   32  191   65   18  -17   -7   -6   44  -21   69   95   58  209   40  322  190  464   30  994  993  994
 20 Mixed Strategy        4901   -36  -49  -64  -41   -7  -29  -32 -102   12   48  -37  -60    9  -41  -83  -36   55  -16   -7    0  -72  -53   65  -15  -80    0   51   42    3    5   50   33  140  235  209   45  427  445  978  986  985  938
 21 Yomi AI               4622   -43  -36   -7   24   10   40   11   43   18   51   61   26   27  -44   22   10   31  134  -26   72    0   19  158   54  -25  -25   -3   28  258    7   79   86  122  282   26  130  159  347   25  472 1000  999
 22 Majikthise            4553   -42    6   -4   26  -12  -17   13   26   11   36   39   44   40  -31   18  -24    8   -2  -32   53  -19    0  113   42  -16  -22   16   34   22  -11   72   86   16  184   43  253  179  453  -34  996  998  992
 23 Multi-strategy        2303  -226 -156 -256 -185 -234 -308 -313 -220 -254  -67  -92 -234 -288  -82 -212 -130 -230 -266 -191  -65 -158 -113    0  -87  -50  -20  -22  253    0   63   98  296  123  118  -76  497  400  999  997  997  999  998
 24 Inocencio             1037  -133 -192 -171 -197 -156  -68 -129 -508  -44 -606 -725 -654 -645  -85  -53  -18 -609  -92  -65   15  -54  -42   87    0  -24  -11    6  121  275   87  172   -6  175  219  127  388  419  356  939  979  978  981
 25 * De Bruijn            667   -36  -17   23   79   18   -2   48   79   43   35   51   13   91   -9   65   11   41   44  -18   80   25   16   50   24    0   -1  -12  -41   10   18   13  -24   23  -28  -12  -38  -36  128   -1   21    0 -107
 26 * Pi                   275    28  -54   -7   21   -1   34    8   21    0   60  -43   32   10   32  -18    0   42   14   17    0   25   22   20   11    1    0  -25   -6    6  -50   40    1  -81   19    3   33   39   30   22  -11  -11   -9
 27 * Add-drift          -1457  -111 -151 -223 -272  -44   59  -67 -311  -51  -21 -104  -25  -40   -2  -13 -127  -36   11    7  -51    3  -16   22   -6   12   25    0    2   24   13   22   -1   35  -24    4  -32  -34  -61   48    6   37   36
 28 * Copy-drift         -1946  -223  -83  -74 -260  -36 -111 -183 -270  -36  -11 -118  -56  -98  -80   -1  -10    7  -15    6  -42  -28  -34 -253 -121   41    6   -2    0   30  -16   40   18   10  -30   62   40  -13  -21   37  -20   -1    3
 29 * Foxtrot            -2126  -324 -338  -71   28 -435    3 -173    8   -1  -63  -11  -39  -55    6    9   13   15  -32  -44   -3 -258  -22    0 -275  -10   -6  -24  -30    0   36   33   14   40  -68  -38   16   15  -15   18  -22   -2  -21
 30 * Add-react          -2723  -322 -351 -226 -101  -32  -57 -315  -94  -95 -166 -314  -84  -55   15  -64  -94  -45 -299   21   -5   -7   11  -63  -87  -18   50  -13   16  -36    0   52  -35  -19  -26  -46    5  -22  -18   35   21  139   21
 31 * Flat               -3026  -216  -57  -87  -48 -165  -47 -164 -132  -27 -144 -169 -156 -177  -48 -121   21 -222 -169  -69  -50  -79  -72  -98 -172  -13  -40  -22  -40  -33  -52    0   -2  -51   -5 -135  -12   24  256  137   42    1 -413
 32 * Switch A Lot       -3089   -39 -103 -250 -263 -135  -60  -92 -253 -142 -151 -145 -144 -143 -100 -161 -149 -345 -171  -95  -33  -86  -86 -296    6   24   -1    1  -18  -14   35    2    0    7   32 -139   64   27   23  295   13   -4    0
 33 * Text               -3272  -117  -76 -133 -123 -157 -159  -61 -154 -121 -166 -166 -182 -178 -165  -99  -29  -54 -156  -58 -140 -122  -16 -123 -175  -23   81  -35  -10  -40   19   51   -7    0  -24   12  -25    3 -185  -74  -11 -185  111
 34 Knucklehead          -3383  -589 -380 -395 -216 -486 -333 -470 -250 -391 -223 -187 -279 -295 -169 -546  -81 -106 -199 -209 -235 -282 -184 -118 -219   28  -19   24   30   68   26    5  -32   24    0    6  -39   27  149  944  224 1000  994
 35 Peterbot             -6694  -897 -912 -886 -938 -791 -862 -919 -288 -297 -1000 -168 -907 -921 -114  -98 -256 -500 -895  -40 -209  -26  -43   76 -127   12   -3   -4  -62   38   46  135  139  -12   -6    0  228  395  439  981  998 1000 1000
 36 Always Switchin'     -7052  -224 -242 -408 -453 -279 -458 -202 -432 -448 -244 -247 -202 -247 -399 -277 -238 -452 -321 -322  -45 -130 -253 -497 -388   38  -33   32  -40  -16   -5   12  -64   25   39 -228    0   19   54  496    4   24   -1
 37 R-P-S 20-20-60       -8829  -379 -139 -330 -386 -387 -401 -347 -423 -424 -392 -431 -365 -408 -239 -265 -132 -183 -405 -190 -427 -159 -179 -400 -419   36  -39   34   13  -15   22  -24  -27   -3  -27 -395  -19    0 -411 -134   33 -352  289
 38 Beat Frequent Pick  -14147  -901 -918 -932 -594 -886 -835 -607 -588 -753 -585 -595 -591 -592 -551 -578 -411 -598 -596 -464 -445 -347 -453 -999 -356 -128  -30   61   21   15   18 -256  -23  185 -149 -439  -54  411    0 -600    0  999  997
 39 Beat The Last Move  -19213  -989 -982 -988 -992 -991 -812 -991 -984 -991 -992 -988 -994 -989 -900  -51 -958 -486 -993  -30 -978  -25   34 -997 -939    1  -22  -48  -37  -18  -35 -137 -295   74 -944 -981 -496  134  600    0    1 1000  996
 40 Rotate R-P-S        -25091  -989 -997 -990 -990 -996 -993 -995 -990 -990 -991 -989 -995 -993 -938 -992 -893 -999 -993 -994 -986 -472 -996 -997 -979  -21   11   -6   20   22  -21  -42  -13   11 -224 -998   -4  -33    0   -1    0    0 -655
 41 Good Ole Rock       -26531  -992 -995 -999 -1000 -1000 -998 -998 -996 -997 -996 -993 -1000 -999 -983 -992 -998 -999 -998 -993 -985 -1000 -998 -999 -978    0   11  -37    1    2 -139   -1    4  185 -1000 -1000  -24  352 -999 -1000    0    0 1000
 42 * Anti-Flat         -28005  -986 -993 -994 -991 -999 -989 -997 -998 -1000 -995 -992 -993 -994 -976 -995 -973 -997 -1000 -994 -938 -999 -992 -998 -981  107    9  -36   -3   21  -21  413    0 -111 -994 -1000    1 -289 -997 -996  655 -1000    0

 Match results (draw <= 50): 

    Player Name           total  W  L  D   1  2  3  4  5  6  7  8  9 10 11 12 13 14 15 16 17 18 19 20 21 22 23 24 25 26 27 28 29 30 31 32 33 34 35 36 37 38 39 40 41 42
  1 Iocaine Powder          69  28  0 13   1  2  1  2  2  2  1  1  1  2  1  1  2  1  1  2  1  2  1  2  2  2  1  1  2  2  2  2  2  2  2  2  2  1  2  2  2  2  2  2  2  2
  2 Phasenbott              67  27  1 13   0  1  1  2  2  1  1  2  1  2  1  1  2  1  1  1  1  2  1  1  2  2  1  2  2  2  2  2  2  2  2  2  2  2  2  2  2  2  2  2  2  2
  3 Simple Modeller         64  24  1 16   1  1  1  1  2  1  1  1  1  1  1  1  2  1  1  2  2  2  0  2  2  2  1  1  2  2  1  2  2  2  2  2  1  2  2  2  2  2  2  2  2  2
  4 MegaHAL                 62  24  3 14   0  0  1  1  1  1  1  1  1  1  1  1  2  0  1  1  1  2  1  2  2  2  2  1  2  2  2  2  2  2  2  2  2  2  2  2  2  2  2  2  2  2
  5 RussRocker4             61  23  3 15   0  0  0  1  1  1  1  1  1  2  1  1  2  1  1  1  1  2  1  1  2  2  1  1  2  2  2  2  2  2  2  2  2  2  2  2  2  2  2  2  2  2
  6 Biopic                  61  22  2 17   0  1  1  1  1  1  1  1  1  1  1  1  2  0  1  2  2  2  1  2  2  2  1  1  2  1  2  2  2  1  1  2  2  2  2  2  2  2  2  2  2  2
  7 Yomi AI                 58  17  0 24   1  1  1  1  1  1  1  1  1  1  1  1  1  1  1  2  2  1  1  1  1  2  2  1  2  1  2  2  1  1  1  2  2  2  1  2  2  2  2  2  2  2
  8 Robertot                58  19  2 20   1  0  1  1  1  1  1  1  1  1  1  1  2  1  1  2  1  1  1  1  2  2  1  1  2  0  1  2  2  2  2  2  1  2  2  2  2  2  2  2  2  2
  9 Boom                    58  17  0 24   1  1  1  1  1  1  1  1  1  1  1  1  1  1  1  2  2  1  1  1  1  2  1  1  1  2  1  2  2  1  2  2  1  2  2  2  2  2  2  2  2  2
 10 ACT-R Lag2              58  21  4 16   0  0  1  1  0  1  1  1  1  1  1  1  2  1  1  2  1  2  0  1  2  2  2  1  2  1  1  2  2  1  2  2  2  2  2  2  2  2  2  2  2  2
 11 Shofar                  57  16  0 25   1  1  1  1  1  1  1  1  1  1  1  1  1  1  1  1  1  2  1  1  2  1  1  1  2  1  1  2  2  2  1  2  1  2  2  2  2  2  2  2  2  2
 12 Bugbrain                57  16  0 25   1  1  1  1  1  1  1  1  1  1  1  1  1  1  1  1  1  2  1  1  2  2  1  1  1  2  1  2  2  1  2  2  1  2  2  1  2  2  2  2  2  2
 13 Simple Predictor        55  23  9  9   0  0  0  0  0  0  1  0  1  0  1  1  1  1  1  1  2  2  0  2  2  2  2  1  2  2  1  2  2  2  2  2  2  2  2  2  2  2  2  2  2  2
 14 Vroomfondel             55  14  0 27   1  1  1  2  1  2  1  1  1  1  1  1  1  1  1  1  1  1  1  1  1  1  1  1  2  1  1  2  1  1  1  2  2  2  1  2  2  2  2  2  2  2
 15 Majikthise              52  11  0 30   1  1  1  1  1  1  1  1  1  1  1  1  1  1  1  1  1  1  1  1  1  1  2  1  1  1  1  2  1  1  1  2  2  2  1  1  2  2  2  2  2  2
 16 Sweet Rocky             50  18  9 14   0  1  0  1  1  0  0  0  0  0  1  1  1  1  1  1  1  1  0  2  1  0  1  1  2  2  1  2  2  2  2  2  2  2  2  2  2  2  2  2  2  2
 17 Piedra                  50  16  7 18   1  1  0  1  1  0  0  1  0  1  1  1  0  1  1  1  1  1  1  1  1  0  1  0  2  1  2  2  2  1  2  2  2  2  2  2  2  2  2  2  2  2
 18 Marble                  48  18 11 12   0  0  0  0  0  0  1  1  1  0  0  0  0  1  1  1  1  1  0  2  1  1  1  1  2  1  2  2  2  2  2  2  2  2  2  2  2  2  2  2  2  2
 19 * De Bruijn             47   7  1 33   1  1  2  1  1  1  1  1  1  2  1  1  2  1  1  2  1  2  1  1  1  1  2  1  1  1  1  1  1  1  1  1  1  1  1  1  1  2  1  1  1  0
 20 * Anti-rotn             47  14  8 19   0  1  0  0  1  0  1  1  1  1  1  1  0  1  1  0  1  0  1  1  1  1  0  1  2  1  1  2  2  1  1  2  2  2  2  2  2  2  2  2  2  2
 21 Granite                 47  17 11 13   0  0  0  0  0  0  1  0  1  0  0  0  0  1  1  1  1  1  1  1  1  1  2  1  2  1  1  2  2  2  2  2  2  2  2  2  2  2  2  2  2  2
 22 ZQ Bot                  46  17 12 12   0  0  0  0  0  0  0  0  0  0  1  0  0  1  1  2  2  1  1  1  1  1  1  1  2  1  1  2  2  1  2  2  2  2  2  2  2  2  2  2  2  2
 23 Mixed Strategy          46  12  7 22   1  1  1  0  1  1  0  1  1  0  1  1  0  1  0  1  1  1  0  2  0  1  1  1  1  2  1  2  2  1  1  2  1  1  2  2  1  2  2  2  2  2
 24 * Pi                    40   1  2 38   1  0  1  1  1  1  1  1  1  1  1  1  1  1  1  1  2  1  1  1  1  1  1  1  1  1  1  1  1  1  1  1  1  1  1  0  1  1  1  1  1  1
 25 Inocencio               38  15 18  8   0  0  0  0  0  0  0  0  1  0  0  1  0  0  1  0  0  0  1  0  0  0  1  1  1  1  2  2  2  2  2  2  2  1  2  2  2  2  2  2  2  2
 26 * Add-drift             31   1 11 29   0  0  0  0  0  1  1  2  0  1  1  0  0  1  1  0  1  1  1  1  1  1  0  1  1  1  1  1  1  1  1  1  1  1  1  1  1  0  1  1  1  1
 27 * Foxtrot               31   0 10 31   0  0  1  0  0  0  0  1  1  1  1  1  1  1  1  1  0  0  1  1  1  1  1  1  0  1  1  1  1  1  1  0  1  1  1  1  1  1  1  1  1  1
 28 Multi-strategy          30  13 24  4   0  0  0  0  0  0  0  0  0  0  0  0  0  0  0  0  0  0  1  0  0  0  0  1  0  1  1  1  0  2  2  2  2  2  2  2  2  2  2  2  2  2
 29 Peterbot                30  10 21 10   0  0  0  0  0  0  1  0  0  0  0  0  0  1  1  0  0  0  1  0  0  0  0  1  0  1  1  2  1  0  1  1  2  2  2  1  2  2  2  2  2  2
 30 * Copy-drift            29   1 13 27   0  0  0  0  0  1  1  0  1  1  0  1  0  1  1  0  1  0  1  1  0  1  1  1  0  1  1  0  2  1  1  1  1  1  1  1  1  1  1  1  1  1
 31 * Add-react             26   2 17 22   0  0  0  0  0  1  1  0  0  0  1  0  0  1  1  0  0  0  1  1  0  0  1  1  0  1  1  0  1  1  1  1  2  1  1  1  1  1  2  1  1  1
 32 Knucklehead             23   6 24 11   0  0  0  0  0  0  0  0  0  0  0  0  0  0  0  0  0  0  1  0  0  0  0  1  0  1  2  0  1  1  1  1  1  1  2  1  1  2  2  1  2  2
 33 * Flat                  21   2 22 17   0  0  1  0  0  0  0  1  1  0  1  1  0  0  0  0  0  0  1  0  0  0  1  1  0  1  1  0  0  1  0  1  1  1  2  0  1  2  1  1  1  0
 34 * Switch A Lot          21   2 22 17   1  0  0  0  0  0  0  0  0  0  0  0  0  0  0  0  0  0  1  0  0  0  1  1  1  1  1  0  0  1  1  1  1  1  2  1  2  1  1  1  1  1
 35 Beat The Last Move      20   5 26 10   0  0  0  0  0  0  1  0  0  0  0  0  0  1  1  0  0  0  1  0  0  0  0  1  0  1  1  0  0  1  1  0  0  0  1  2  0  2  2  2  1  2
 36 * Text                  19   3 25 13   0  0  0  0  0  0  0  0  0  0  0  1  0  0  1  0  0  0  1  0  0  0  0  2  0  1  1  0  1  1  1  1  2  1  0  1  1  0  0  1  1  2
 37 Always Switchin'        18   2 25 14   0  0  0  0  0  0  0  0  0  0  0  0  0  0  0  0  0  0  1  0  0  0  1  1  0  1  1  0  0  1  1  1  1  0  2  1  1  2  1  1  1  1
 38 Beat Frequent Pick      16   5 30  6   0  0  0  0  0  0  0  0  0  0  0  0  0  0  0  0  0  0  0  0  0  0  0  1  0  2  1  0  0  1  1  0  0  1  0  2  0  1  2  2  1  2
 39 Good Ole Rock           15   3 29  9   0  0  0  0  0  0  0  0  0  0  0  0  0  0  0  0  0  0  1  0  0  0  0  1  0  1  1  0  0  1  0  0  1  1  0  2  1  0  1  2  1  2
 40 R-P-S 20-20-60          14   1 28 12   0  0  0  0  0  0  0  0  0  0  0  0  0  0  0  0  0  0  1  0  0  0  0  1  0  1  1  0  0  1  1  1  1  1  0  1  1  0  0  1  1  2
 41 Rotate R-P-S            14   0 27 14   0  0  0  0  0  0  0  0  0  0  0  0  0  0  0  0  0  0  1  0  0  0  0  1  0  1  1  0  0  1  1  0  1  1  1  1  1  1  1  1  1  0
 42 * Anti-Flat             13   3 31  7   0  0  0  0  0  0  0  0  0  0  0  0  0  0  0  0  0  0  2  0  0  0  0  1  0  1  1  0  0  1  1  0  2  1  0  0  1  0  0  0  2  1


   Yomi AI is match ranked 7

 Tournament results:
    Player Name          total 
  1 Yomi AI               4622 
 15 * Anti-rotn           5733 
 19 Iocaine Powder       10696 
 20 Phasenbott            9936 
 21 MegaHAL               9243 
 22 RussRocker4           7677 
 23 Biopic                8651 
 24 Simple Modeller       9059 
 25 Simple Predictor      7366 
 26 Robertot              7727 
 27 Boom                  7008 
 28 Shofar                6102 
 29 ACT-R Lag2            5803 
 31 Vroomfondel           5215 
 32 Granite               6519 
 33 Marble                6434 
 34 ZQ Bot                5630 
 35 Sweet Rocky           6752 
 36 Piedra                6938 
 37 Mixed Strategy        4901 
 41 Bugbrain              5737 

   Yomi is tournament ranked 21

