 Playing 1 tournaments with 1000 trials per match...

 Yomi AI            vs Good Ole Rock       Match: 1000 (1000+   0-   0=)
 Yomi AI            vs R-P-S 20-20-60      Match:  332 (551+ 219- 230=)
 Yomi AI            vs Rotate R-P-S        Match:  994 (996+   2-   2=)
 Yomi AI            vs Beat The Last Move  Match:  174 (446+ 272- 282=)
 Yomi AI            vs Always Switchin'    Match:  227 (494+ 267- 239=)
 Yomi AI            vs Beat Frequent Pick  Match:  508 (680+ 172- 148=)
 Yomi AI            vs * Pi                Match:   -6 (337+ 343- 320=)
 Yomi AI            vs * Switch A Lot      Match:  105 (404+ 299- 297=)
 Yomi AI            vs * Flat              Match:  190 (464+ 274- 262=)
 Yomi AI            vs * Anti-Flat         Match:  999 (999+   0-   1=)
 Yomi AI            vs * Foxtrot           Match:  375 (582+ 207- 211=)
 Yomi AI            vs * De Bruijn         Match:   -5 (321+ 326- 353=)
 Yomi AI            vs * Text              Match:  140 (424+ 284- 292=)
 Yomi AI            vs * Anti-rotn         Match:   32 (361+ 329- 310=)
 Yomi AI            vs * Copy-drift        Match:  -18 (332+ 350- 318=)
 Yomi AI            vs * Add-react         Match:   50 (354+ 304- 342=)
 Yomi AI            vs * Add-drift         Match:   10 (341+ 331- 328=)
 Yomi AI            vs Iocaine Powder      Match:   -1 (336+ 337- 327=)
 Yomi AI            vs Phasenbott          Match:  -54 (309+ 363- 328=)
 Yomi AI            vs MegaHAL             Match:   -6 (346+ 352- 302=)
 Yomi AI            vs RussRocker4         Match:   -9 (324+ 333- 343=)
 Yomi AI            vs Biopic              Match:   -2 (350+ 352- 298=)
 Yomi AI            vs Simple Modeller     Match:  -37 (320+ 357- 323=)
 Yomi AI            vs Simple Predictor    Match:   94 (401+ 307- 292=)
 Yomi AI            vs Robertot            Match:   14 (352+ 338- 310=)
 Yomi AI            vs Boom                Match:   34 (344+ 310- 346=)
 Yomi AI            vs Shofar              Match:  -14 (322+ 336- 342=)
 Yomi AI            vs ACT-R Lag2          Match:   -7 (334+ 341- 325=)
 Yomi AI            vs Majikthise          Match:   15 (349+ 334- 317=)
 Yomi AI            vs Vroomfondel         Match:   34 (359+ 325- 316=)
 Yomi AI            vs Granite             Match:  108 (444+ 336- 220=)
 Yomi AI            vs Marble              Match:   92 (444+ 352- 204=)
 Yomi AI            vs ZQ Bot              Match:   83 (417+ 334- 249=)
 Yomi AI            vs Sweet Rocky         Match:   52 (380+ 328- 292=)
 Yomi AI            vs Piedra              Match:   25 (375+ 350- 275=)
 Yomi AI            vs Mixed Strategy      Match:   59 (374+ 315- 311=)
 Yomi AI            vs Multi-strategy      Match:  401 (609+ 208- 183=)
 Yomi AI            vs Inocencio           Match:  563 (752+ 189-  59=)
 Yomi AI            vs Peterbot            Match:  194 (466+ 272- 262=)
 Yomi AI            vs Bugbrain            Match:   -5 (332+ 337- 331=)
 Yomi AI            vs Knucklehead         Match:  553 (705+ 152- 143=)
 Final results (draw value = 50):

 Tournament results: 

    Player Name          total     1    2    3    4    5    6    7    8    9   10   11   12   13   14   15   16   17   18   19   20   21   22   23   24   25   26   27   28   29   30   31   32   33   34   35   36   37   38   39   40   41   42
  1 Iocaine Powder       10631     0  -33   50   29   18  528   64    1   51  274  152  223   36   68   46   17   43  270   40  -11    2   45  208  276   37   -3  119  183  331  577   23  198  139  297  884  221  358  914  990  987  993  986
  2 Phasenbott           10291    33    0   66   16   34  523   55   54   12  226  178  199   38   81   36    6   75  285   70   57   64    0  204  221   31  -14  123   55  316  400   86   66   91  354  998  234  139  920  987  995  993  984
  3 MegaHAL               9429   -50  -66    0  -14   22   71   81    6   24  228   63  226  -22   16   11   -2   61  275   56   61    0  -13  190  177  -13   18  208  -19   58  334  213  121  142  325  921  436  377  934  989  985  999 1000
  4 Simple Modeller       8822   -29  -16   14    0   -8  -39   26   37   14   76  293   78   28    2   14  -10   66  279   43   64   -9  -36  802  178  -38  -21  230  305  -19  191  232  110  149   97  314  467  378  591  989  993  999  988
  5 Biopic                8472   -18  -34  -22    8    0  -13   76    2   20  122   90  128  -16   61   70  -31   43   79   43   35    5   12  141  227   -4   14   29   76  404  486  133  139  149   66  727  328  372  539  993  997  997  999
  6 RussRocker4           7525  -528 -523  -71   39   13    0    0    9   18  146   76  144  -21   -4   35    1   45  150   44   77   -9   11   79  151  -54    0  147  124  246  471  108  132   92  357  924  276  235  600  993  993  999 1000
  7 Robertot              7377   -64  -55  -81  -26  -76    0    0  -14  -30   74   53   56   16  -43   21   60   44   90   49  101  -34  -38    0  204    7  -16  -50  115   17  475  105   88  171   81  428  457  425  818  968  992  995  994
  8 Yomi AI               7293    -1  -54   -6  -37   -2   -9   14    0   34   92   94  108   -5   -7   25  -14   32   83   52   59   15   34  563  401   -5   -6   10  -18  375  553  105  190  140   50  194  227  332  508  174  994 1000  999
  9 Boom                  6845   -51  -12  -24  -14  -20  -18   30  -34    0    9  -36    3  -20  -37   13  -20   42   45   53   20  -21  -22   77  212   17  -20   35   11   -3  369  197   -7  102   86  307  460  386  753  991  989  997 1000
 10 Marble                6705  -274 -226 -228  -76 -122 -146  -74  -92   -9    0   -3   26  -53 -121   66  -18   43   58   64   25  -61  -39  645  246  -46  -14   17   49   74  235  134  148  181   95  895  306  418  594  992  996 1000 1000
 11 Simple Predictor      6626  -152 -178  -63 -293  -90  -76  -53  -94   36    3    0   62   36  -67   41   19   38  170   27   35   -6  -38  102  179  -73  -21  307  235   -1  278  209  114  166  119  322  374  407  588  984  990  996  994
 12 Granite               6479  -223 -199 -226  -78 -128 -144  -56 -108   -3  -26  -62    0 -110 -118   18  -60   41   24   54   18  -87  -50  649  289  -61  -18  -14   56   83  290  189  154  175   66  922  261  385  593  994  995 1000  994
 13 Bugbrain              6231   -36  -38   22  -28   16   21  -16    5   20   53  -36  110    0  -22   54   14   45  179   44   72  -16   32   49  145   22  -18  137   34   16  121  113   35   54   79  263  254  178  384  937  976  990  967
 14 ACT-R Lag2            5922   -68  -81  -16   -2  -61    4   43    7   37  121   67  118   22    0   11   43   41   76   20  121   18  -11   71  354  -76  -58    2   -1  -15  457  148   70   82   66  205  233  290  576   19  995  997  997
 15 Piedra                5914   -46  -36  -11  -14  -70  -35  -21  -25  -13  -66  -41  -18  -54  -11    0    6   29  -32   45  -61  -27  -29  -11  118  -54  -38   83   12  -41  193  156  134  152  338  159  243  421  595  995  992  997 1000
 16 Shofar                5780   -17   -6    2   10   31   -1  -60   14   20   18  -19   60  -14  -43   -6    0   40   33   65   65  -23  -13   59   68  -41   11  -24   39   20  103  131  108   83   20   25  416  275  556  904  926  979  966
 17 * Anti-rotn           5403   -43  -75  -61  -66  -43  -45  -44  -32  -42  -43  -38  -41  -45  -41  -29  -40    0  -49  -39   63   50  -34  141  265  -36  -45    0  -16  -43   82  290  206   56    1  499  531  137  598  485  997  996  996
 18 ZQ Bot                5255  -270 -285 -275 -279  -79 -150  -90  -83  -45  -58 -170  -24 -179  -76   32  -33   49    0   40   22  -66  -59  -24  212   -7  -12   34   13   30  244  205  155  119  277  937  207  380  591  987  995  994  996
 19 Sweet Rocky           5225   -40  -70  -56  -43  -43  -44  -49  -52  -53  -64  -27  -54  -44  -20  -45  -65   39  -40    0  -33  -26  -18  -38   67  -66  -15   12    1   -4   98  135  160  171  223  126  226  402  592  992  995  998  997
 20 Mixed Strategy        5080    11  -57  -61  -64  -35  -77 -101  -59  -20  -25  -35  -18  -72 -121   61  -65  -63  -22   33    0   -7  -36  -21   40  -42  -21   -2   94   15  194  100   80  129   47  364  111  425  455  970  983  994  998
 21 Majikthise            4923    -2  -64    0    9   -5    9   34  -15   21   61    6   87   16  -18   27   23  -50   66   26    7    0   10   28  196  -11   37    4   -9   34  240   97   90   42    0   31  302  129  461   31  994  995  984
 22 Vroomfondel           4822   -45    0   13   36  -12  -11   38  -34   22   39   38   50  -32   11   29   13   34   59   18   36  -10    0   70  160    0  -38   11    7   17  214   35  108   68    1   -6  266  181  471  -13  992  993  993
 23 Inocencio             2289  -208 -204 -190 -802 -141  -79    0 -563  -77 -645 -102 -649  -49  -71   11  -59 -141   24   38   21  -28  -70    0  144  -15  -19   28  167  309  205   -7  177  153   73  208  260  383  366  897  980  986  978
 24 Multi-strategy        2199  -276 -221 -177 -178 -227 -151 -204 -401 -212 -246 -179 -289 -145 -354 -118  -68 -265 -212  -67  -40 -196 -160 -144    0  -50  -20  -27  205    4   70  280  216  123   36   33  482  386  999  997  997  999  999
 25 * De Bruijn            829   -37  -31   13   38    4   54   -7    5  -17   46   73   61  -22   76   54   41   36    7   66   42   11    0   15   50    0   -1   26   28   27   29    6   19   23   39   14   11   -4  128   -1   21    0 -114
 26 * Pi                   274     3   14  -18   21  -14    0   16    6   20   14   21   18   18   58   38  -11   45   12   15   21  -37   38   19   20    1    0  -27   -1   15    6   16  -13  -81  -15   16   14  -13   30   22  -11  -11  -11
 27 * Add-drift          -1405  -119 -123 -208 -230  -29 -147   50  -10  -35  -17 -307   14 -137   -2  -83   24    0  -34  -12    2   -4  -11  -28   27  -26   27    0    7   27   37   25   29  -11   11  -14  -43   14   16  -13  -46    8  -34
 28 * Copy-drift         -1740  -183  -55   19 -305  -76 -124 -115   18  -11  -49 -235  -56  -34    1  -12  -39   16  -13   -1  -94    9   -7 -167 -205  -28    1   -7    0   17  -56  -23   14   63   41  -16  -11   -8  -38   -6   19    2   14
 29 * Foxtrot            -2334  -331 -316  -58   19 -404 -246  -17 -375    3  -74    1  -83  -16   15   41  -20   43  -30    4  -15  -34  -17 -309   -4  -27  -15  -27  -17    0  -31   -4   26  -38  -12   -3   32   -8    2    4  -27   24   10
 30 Knucklehead          -2964  -577 -400 -334 -191 -486 -471 -475 -553 -369 -235 -278 -290 -121 -457 -193 -103  -82 -244  -98 -194 -240 -214 -205  -70  -29   -6  -37   56   31    0  -11    4   27   40  -69  -36   46  179  841  914  966 1000
 31 * Switch A Lot       -3074   -23  -86 -213 -232 -133 -108 -105 -105 -197 -134 -209 -189 -113 -148 -156 -131 -290 -205 -135 -100  -97  -35    7 -280   -6  -16  -25   23    4   11    0  -32   51   49 -179   29   91  -16  351   16  -15    7
 32 * Flat               -3129  -198  -66 -121 -110 -139 -132  -88 -190    7 -148 -114 -154  -35  -70 -134 -108 -206 -155 -160  -80  -90 -108 -177 -216  -19   13  -29  -14  -26   -4   32    0   -3   65 -163   21  -30  209  212    5    1 -407
 33 * Text               -3302  -139  -91 -142 -149 -149  -92 -171 -140 -102 -181 -166 -175  -54  -82 -152  -83  -56 -119 -171 -129  -42  -68 -153 -123  -23   81   11  -63   38  -27  -51    3    0   27   21  -45   -2 -185  -74  -11 -185  112
 34 * Add-react          -3502  -297 -354 -325  -97  -66 -357  -81  -50  -86  -95 -119  -66  -79  -66 -338  -20   -1 -277 -223  -47    0   -1  -73  -36  -39   15  -11  -41   12  -40  -49  -65  -27    0  -54  -52   15   -6   18  -39    1   14
 35 Peterbot             -5241  -884 -998 -921 -314 -727 -924 -428 -194 -307 -895 -322 -922 -263 -205 -159  -25 -499 -937 -126 -364  -31    6 -208  -33  -14  -16   14   16    3   69  179  163  -21   54    0  217  391  441  981  997  999  966
 36 Always Switchin'     -7157  -221 -234 -436 -467 -328 -276 -457 -227 -460 -306 -374 -261 -254 -233 -243 -416 -531 -207 -226 -111 -302 -266 -260 -482  -11  -14   43   11  -32   36  -29  -21   45   52 -217    0   30   22  518  -10   14  -16
 37 R-P-S 20-20-60       -8959  -358 -139 -377 -378 -372 -235 -425 -332 -386 -418 -407 -385 -178 -290 -421 -275 -137 -380 -402 -425 -129 -181 -383 -386    4   13  -14    8    8  -46  -91   30    2  -15 -391  -30    0 -406 -137  -38 -447  390
 38 Beat Frequent Pick  -13976  -914 -920 -934 -591 -539 -600 -818 -508 -753 -594 -588 -593 -384 -576 -595 -556 -598 -591 -592 -455 -461 -471 -366 -999 -128  -30  -16   38   -2 -179   16 -209  185    6 -441  -22  406    0 -600    0  999  997
 39 Beat The Last Move  -19364  -990 -987 -989 -989 -993 -993 -968 -174 -991 -992 -984 -994 -937  -19 -995 -904 -485 -987 -992 -970  -31   13 -897 -997    1  -22   13    6   -4 -841 -351 -212   74  -18 -981 -518  137  600    0    1 1000  996
 40 Rotate R-P-S        -26196  -987 -995 -985 -993 -997 -993 -992 -994 -989 -996 -990 -995 -976 -995 -992 -926 -997 -995 -995 -983 -994 -992 -980 -997  -21   11   46  -19   27 -914  -16   -5   11   39 -997   10   38    0   -1    0    0 -677
 41 Good Ole Rock       -26244  -993 -993 -999 -999 -997 -999 -995 -1000 -997 -1000 -996 -1000 -990 -997 -997 -979 -996 -994 -998 -994 -995 -993 -986 -999    0   11   -8   -2  -24 -966   15   -1  185   -1 -999  -14  447 -999 -1000    0    0  998
 42 * Anti-Flat         -28054  -986 -984 -1000 -988 -999 -1000 -994 -999 -1000 -1000 -994 -994 -967 -997 -1000 -966 -996 -996 -997 -998 -984 -993 -978 -999  114   11   34  -14  -10 -1000   -7  407 -112  -14 -966   16 -390 -997 -996  677 -998    0

 Match results (draw <= 50): 

    Player Name           total  W  L  D   1  2  3  4  5  6  7  8  9 10 11 12 13 14 15 16 17 18 19 20 21 22 23 24 25 26 27 28 29 30 31 32 33 34 35 36 37 38 39 40 41 42
  1 Phasenbott              72  31  0 10   1  1  2  1  1  2  2  1  2  1  1  2  2  2  1  1  2  2  1  2  2  2  2  2  1  2  2  2  2  2  2  2  2  2  2  2  2  2  2  2  2  2
  2 Iocaine Powder          66  25  0 16   1  1  1  1  1  1  2  1  2  1  2  2  1  1  1  1  2  2  1  1  2  1  2  2  1  2  2  2  2  2  1  2  2  2  2  2  2  2  2  2  2  2
  3 MegaHAL                 66  26  1 14   0  1  1  1  1  1  2  1  2  1  1  1  2  1  1  1  2  2  1  2  2  2  2  2  1  2  2  2  2  1  2  2  2  2  2  2  2  2  2  2  2  2
  4 Biopic                  65  24  0 17   1  1  1  1  1  1  1  1  2  1  1  2  1  1  1  2  2  2  1  1  2  1  2  2  1  1  2  2  2  2  2  2  2  2  2  2  2  2  2  2  2  2
  5 Simple Modeller         64  23  0 18   1  1  1  1  1  1  1  1  1  1  1  1  2  1  1  1  2  2  1  1  2  2  2  2  1  2  1  2  2  2  2  2  2  2  2  2  2  2  2  2  2  2
  6 Yomi AI                 61  21  1 19   0  1  1  1  1  1  1  1  1  1  1  1  1  1  1  1  2  2  1  2  2  2  2  2  1  1  2  2  2  1  2  2  1  2  2  2  2  2  2  2  2  2
  7 RussRocker4             60  23  4 14   0  0  0  1  1  1  1  1  1  1  1  1  1  1  1  1  2  2  0  1  2  2  2  2  1  2  2  2  2  2  2  2  2  2  2  2  2  2  2  2  2  2
  8 Bugbrain                60  19  0 22   1  1  1  1  1  1  1  1  1  1  1  1  1  1  1  2  1  2  1  1  2  2  2  1  1  2  1  2  2  1  2  2  2  2  1  2  2  2  2  2  2  2
  9 Robertot                58  21  4 16   0  0  0  0  1  1  1  1  1  2  1  1  1  1  1  1  2  2  1  1  2  2  2  1  1  1  1  2  2  2  2  2  2  2  2  2  2  2  2  2  2  2
 10 Shofar                  56  16  1 24   1  1  1  1  1  1  1  1  0  1  1  1  1  1  1  1  1  1  1  2  2  2  1  2  1  1  1  1  2  1  2  2  1  2  2  2  2  2  2  2  2  2
 11 Boom                    55  15  1 25   1  0  1  1  1  1  1  1  1  1  1  1  1  1  1  1  1  1  1  2  1  1  1  2  1  1  1  2  2  1  2  2  2  2  1  2  2  2  2  2  2  2
 12 ACT-R Lag2              55  19  5 17   0  0  1  0  1  1  1  1  1  1  1  1  1  1  1  1  2  2  0  1  2  2  2  2  0  1  1  2  2  1  2  2  2  1  2  2  2  2  2  2  2  2
 13 * Anti-rotn             53  15  3 23   0  1  0  1  0  1  1  1  1  1  1  1  1  1  1  1  1  1  1  1  1  2  1  2  1  1  1  2  2  1  2  2  1  2  2  2  2  2  2  2  2  2
 14 Majikthise              53  13  1 27   0  1  1  1  1  1  1  1  1  1  1  1  1  1  1  1  1  2  1  1  2  1  2  1  1  1  1  1  2  1  2  2  1  1  2  2  2  2  1  2  2  2
 15 Vroomfondel             53  12  0 29   1  1  1  1  1  1  1  1  1  1  1  1  1  1  1  1  1  1  1  1  1  1  2  2  1  1  1  1  2  1  1  2  1  1  2  2  2  2  2  2  2  2
 16 Piedra                  51  15  5 21   1  1  1  0  1  1  1  0  1  1  1  1  1  1  1  1  1  0  0  1  1  0  1  1  1  2  1  2  2  1  2  2  2  2  2  2  2  2  2  2  2  2
 17 Simple Predictor        50  19 10 12   0  0  0  0  0  0  0  1  0  1  1  0  1  1  1  1  1  1  0  1  2  1  2  2  1  2  1  2  2  2  2  2  2  2  2  2  2  2  2  2  2  2
 18 Marble                  49  19 11 11   0  0  0  0  0  0  0  0  0  1  1  0  1  0  1  2  1  1  1  2  1  1  2  2  1  1  2  2  2  1  2  2  2  2  2  2  2  2  2  2  2  2
 19 * De Bruijn             47   7  1 33   1  1  1  1  1  1  2  1  1  1  1  2  1  1  1  2  2  1  1  2  2  1  1  1  1  1  1  1  1  1  1  1  1  1  1  1  2  1  1  1  0  1
 20 Sweet Rocky             47  14  8 19   0  1  0  1  1  0  1  1  1  0  0  1  1  1  1  1  1  0  0  1  0  1  1  1  1  1  1  2  2  1  2  2  2  2  2  2  2  2  2  2  2  2
 21 Granite                 45  18 14  9   0  0  0  0  0  0  0  0  0  0  1  0  1  0  1  1  0  1  0  2  1  1  1  2  1  1  2  2  2  2  2  2  2  2  2  2  2  2  2  2  2  2
 22 Mixed Strategy          45  14 10 17   0  1  0  1  0  0  0  0  0  0  1  0  0  1  1  2  1  1  1  1  1  1  1  1  1  1  1  2  1  2  2  2  1  2  2  2  2  2  2  2  2  2
 23 ZQ Bot                  41  14 14 13   0  0  0  0  0  0  0  0  0  1  1  0  1  0  0  1  0  0  1  1  1  1  1  1  1  1  1  2  2  1  2  2  2  2  2  2  2  2  2  2  2  2
 24 Inocencio               41  15 15 11   0  0  0  0  0  0  0  1  1  0  0  0  0  1  0  1  0  0  1  1  0  1  1  1  1  1  2  2  2  2  1  2  2  2  2  2  2  2  2  2  2  2
 25 * Pi                    41   1  1 39   1  1  1  1  1  1  1  1  1  1  1  2  1  1  1  1  1  1  1  1  1  1  1  1  1  1  1  1  1  1  1  1  1  1  1  1  1  1  0  1  1  1
 26 * Add-drift             33   0  8 33   0  0  0  1  0  1  0  0  1  1  1  1  1  1  1  0  0  1  1  1  1  1  1  1  1  1  1  1  1  1  1  1  1  1  1  1  1  1  1  1  1  1
 27 * Foxtrot               32   0  9 32   0  0  0  0  1  0  0  1  1  1  1  1  1  1  1  1  1  0  1  1  0  1  1  0  1  1  1  1  1  1  1  1  1  1  1  1  1  1  1  1  1  1
 28 Peterbot                32  11 20 10   0  0  0  0  0  0  0  0  0  1  0  0  0  1  1  0  0  0  1  0  0  0  0  0  1  1  1  1  1  1  2  2  2  2  2  2  2  2  1  2  2  2
 29 Multi-strategy          31  12 22  7   0  0  0  0  0  0  0  0  0  0  0  0  0  0  0  0  0  0  1  0  0  1  0  0  1  1  1  1  1  2  2  2  1  2  2  2  2  2  2  2  2  2
 30 * Copy-drift            30   1 12 28   0  0  1  0  0  1  0  1  0  1  1  1  1  1  1  1  0  1  1  1  0  0  1  0  1  1  1  1  0  1  1  0  1  1  1  1  1  1  2  1  1  1
 31 * Switch A Lot          22   3 22 16   0  1  0  0  0  0  0  0  0  0  0  0  0  0  1  0  0  0  1  0  0  0  0  1  1  1  1  0  0  1  1  1  1  2  1  1  1  1  2  1  1  2
 32 Knucklehead             22   6 25 10   0  0  0  0  0  0  0  0  0  0  0  0  0  0  0  0  0  0  1  0  0  0  0  0  1  1  1  0  0  2  1  1  1  2  1  1  2  2  1  2  2  1
 33 * Add-react             21   0 20 21   0  0  0  0  0  1  0  0  0  1  0  0  1  1  1  0  0  0  1  0  0  1  0  0  1  1  1  0  1  1  1  1  1  1  0  0  1  1  1  1  1  1
 34 Beat The Last Move      20   5 26 10   0  0  0  0  0  0  0  0  0  0  0  1  0  1  1  0  0  0  1  0  0  0  0  0  1  1  1  0  0  1  0  0  1  1  0  0  2  2  2  1  2  2
 35 * Flat                  20   3 24 14   0  0  0  0  0  0  0  1  0  0  1  0  0  0  0  0  0  0  1  0  0  0  0  0  1  1  1  0  0  1  1  1  2  2  1  1  2  1  1  1  0  1
 36 Always Switchin'        18   2 25 14   0  0  0  0  0  0  0  0  0  0  0  0  0  0  0  0  0  0  1  0  0  0  0  0  1  1  1  0  0  1  1  1  2  2  1  1  1  1  1  1  1  1
 37 Beat Frequent Pick      16   4 29  8   0  0  0  0  0  0  0  0  0  0  0  0  0  0  0  0  0  0  0  0  0  0  0  0  1  1  1  0  0  1  1  0  1  0  0  1  1  2  2  1  2  2
 38 Good Ole Rock           16   3 28 10   0  0  0  0  0  0  0  0  0  0  0  0  0  0  0  0  0  0  1  0  0  0  0  0  1  1  1  0  0  1  1  0  1  0  1  1  0  1  2  1  2  2
 39 * Text                  15   2 28 11   0  0  0  0  0  0  0  0  0  0  0  0  0  1  0  0  0  0  1  0  0  0  0  0  2  1  1  1  0  0  0  1  1  0  1  1  0  0  1  1  2  1
 40 Rotate R-P-S            14   0 27 14   0  0  0  0  0  0  0  0  0  0  0  0  0  0  0  0  0  0  1  0  0  0  0  0  1  1  1  0  0  1  1  0  1  1  1  1  1  1  1  1  0  1
 41 * Anti-Flat             13   3 31  7   0  0  0  0  0  0  0  0  0  0  0  0  0  0  0  0  0  0  2  0  0  0  0  0  1  1  1  0  0  1  1  0  1  0  2  1  0  0  0  2  1  0
 42 R-P-S 20-20-60          13   1 29 11   0  0  0  0  0  0  0  0  0  0  0  0  0  0  0  0  0  0  1  0  0  0  0  0  1  1  1  0  0  1  0  1  1  0  1  1  0  0  1  1  2  1


   Yomi AI is match ranked 6

 Tournament results:
    Player Name          total 
  1 Yomi AI               7293 
 19 Iocaine Powder       10631 
 20 Phasenbott           10291 
 21 MegaHAL               9429 
 22 RussRocker4           7525 
 23 Biopic                8472 
 24 Simple Modeller       8822 
 26 Robertot              7377 

   Yomi is tournament ranked 8

