 Playing 1 tournaments with 1000 trials per match...

 Yomi AI            vs Good Ole Rock       Match: 1000 (1000+   0-   0=)
 Yomi AI            vs R-P-S 20-20-60      Match:  337 (547+ 210- 243=)
 Yomi AI            vs Rotate R-P-S        Match:  996 (997+   1-   2=)
 Yomi AI            vs Beat The Last Move  Match:   11 (344+ 333- 323=)
 Yomi AI            vs Always Switchin'    Match:  202 (489+ 287- 224=)
 Yomi AI            vs Beat Frequent Pick  Match:  572 (738+ 166-  96=)
 Yomi AI            vs * Pi                Match:  -11 (332+ 343- 325=)
 Yomi AI            vs * Switch A Lot      Match:  137 (409+ 272- 319=)
 Yomi AI            vs * Flat              Match:  180 (457+ 277- 266=)
 Yomi AI            vs * Anti-Flat         Match:  999 (999+   0-   1=)
 Yomi AI            vs * Foxtrot           Match:  366 (563+ 197- 240=)
 Yomi AI            vs * De Bruijn         Match:    0 (324+ 324- 352=)
 Yomi AI            vs * Text              Match:  133 (423+ 290- 287=)
 Yomi AI            vs * Anti-rotn         Match:   36 (360+ 324- 316=)
 Yomi AI            vs * Copy-drift        Match:   -6 (336+ 342- 322=)
 Yomi AI            vs * Add-react         Match:   47 (393+ 346- 261=)
 Yomi AI            vs * Add-drift         Match:   15 (349+ 334- 317=)
 Yomi AI            vs Iocaine Powder      Match:   22 (344+ 322- 334=)
 Yomi AI            vs Phasenbott          Match:  -32 (313+ 345- 342=)
 Yomi AI            vs MegaHAL             Match:  -15 (344+ 359- 297=)
 Yomi AI            vs RussRocker4         Match:    9 (351+ 342- 307=)
 Yomi AI            vs Biopic              Match:   -1 (354+ 355- 291=)
 Yomi AI            vs Simple Modeller     Match:   -2 (329+ 331- 340=)
 Yomi AI            vs Simple Predictor    Match:   60 (381+ 321- 298=)
 Yomi AI            vs Robertot            Match:   31 (379+ 348- 273=)
 Yomi AI            vs Boom                Match:   -6 (346+ 352- 302=)
 Yomi AI            vs Shofar              Match:    1 (332+ 331- 337=)
 Yomi AI            vs ACT-R Lag2          Match:   52 (363+ 311- 326=)
 Yomi AI            vs Majikthise          Match:   51 (356+ 305- 339=)
 Yomi AI            vs Vroomfondel         Match:    0 (332+ 332- 336=)
 Yomi AI            vs Granite             Match:   65 (427+ 362- 211=)
 Yomi AI            vs Marble              Match:   97 (449+ 352- 199=)
 Yomi AI            vs ZQ Bot              Match:  135 (479+ 344- 177=)
 Yomi AI            vs Sweet Rocky         Match:   55 (378+ 323- 299=)
 Yomi AI            vs Piedra              Match:   46 (378+ 332- 290=)
 Yomi AI            vs Mixed Strategy      Match:  101 (426+ 325- 249=)
 Yomi AI            vs Multi-strategy      Match:  256 (520+ 264- 216=)
 Yomi AI            vs Inocencio           Match:  722 (842+ 120-  38=)
 Yomi AI            vs Peterbot            Match:   47 (346+ 299- 355=)
 Yomi AI            vs Bugbrain            Match:   48 (366+ 318- 316=)
 Yomi AI            vs Knucklehead         Match:  480 (664+ 184- 152=)
 Final results (draw value = 50):

 Tournament results: 

    Player Name          total     1    2    3    4    5    6    7    8    9   10   11   12   13   14   15   16   17   18   19   20   21   22   23   24   25   26   27   28   29   30   31   32   33   34   35   36   37   38   39   40   41   42
  1 Iocaine Powder       11202     0  114   80   62   47  497   26  157  -22   17  244   22  285   53   43  306    7  -13   92  145   61   59  275    7   -4  280  215  155  314  211  350  125   69  595  914  233  321  913  986 1000  993  968
  2 Phasenbott           10207  -114    0   54   55   14  536   66  110   32    7  249   50  240   28   72  290   23   34   54  117   -9   17  303   53    4  201   66  147  363   84  361   89  121  341  905  232  134  921  993  993  984  987
  3 MegaHAL               9485   -80  -54    0   -1    6   43   42   19   15    3  245   35  271    1   12  243   40   38   57   57  -21    4  319   10  -42  185   95  194  -24  113  264  142  233  383  871  453  409  931  985  998  991 1000
  4 Simple Modeller       8967   -62  -55    1    0   20  -22  -26  263    2   47   94   43   77   92  -24  295   20   66   49   68  -11   24  181  -19    4  779  301  256    7   43  120  118  270  235  292  442  412  589  990  997  990  999
  5 Biopic                8372   -47  -14   -6  -20    0  -21   38   44    1   22  101   53  156   35   22   71   15    5   10   52   -7  -25  243   -4   14  155   36    4  427  175   83  117  237  477  721  304  367  545  994  999  995  998
  6 RussRocker4           7736  -497 -536  -43   22   21    0   14  113   -9   16  172   34  134   28   19  181  -18  -12   62   33   19   13  179  -47   -2  130  168  147  196  133  307   78  121  516  906  266  303  588  988 1000  993 1000
  7 Robertot              7695   -26  -66  -42   26  -38  -14    0   45  -31   17   23   48   45   32  -50  101   17   16   71   50  -44  -11  203   30   -8  -11   11   10    3   69   95  174   40  512  614  504  426  907  962  998  997  990
  8 Simple Predictor      7314  -157 -110  -19 -263  -44 -113  -45    0  -60   24   25   60  -46   77  -57  164  -54   -3   32   56   -8    4  191  -73  -14  619  279  316    0   59  100  154  214  311  324  411  410  587  985  993  989  996
  9 Yomi AI               7236    22  -32  -15   -2   -1    9   31   60    0   -6   65   55   97   46   52  135    1   48   36  101   51    0  256    0  -11  722   -6   15  366  180   47  133  137  480   47  202  337  572   11 1000  996  999
 10 Boom                  7188   -17   -7   -3  -47  -22  -16  -17  -24    6    0   47   27   21   23  -35   43   31   16   30  -10  -30  -30  254  -13    2   38   38   43    5    2  107  128  164  450  477  383  394  753  991  996  990 1000
 11 Granite               6861  -244 -249 -245  -94 -101 -172  -23  -25  -65  -47    0   38   51   60  -79    8  -30  -60   45   36   -3  -34  360  -60  -45  654   14   34   49  172   88  177  135  313  965  265  389  594  994 1000  996 1000
 12 Sweet Rocky           6800   -22  -50  -35  -43  -53  -34  -48  -60  -55  -27  -38    0  -36   47  -65  -31  -33   17   41   71  -46  -37  137   -3  -35  785   44   46    8  152  115  152  168  216  482  104  396  591  994  996  994  995
 13 Marble                6547  -285 -240 -271  -77 -156 -134  -45   46  -97  -21  -51   36    0   47 -112   55  -89 -109   50   26  -34  -27  306  -84   11  654   92   14   60  124  129  177  140  299  979  160  398  594  992  999  997  994
 14 Piedra                6426   -53  -28   -1  -92  -35  -28  -32  -77  -46  -23  -60  -47  -47    0  -58  -57  -54  -64   -1  -57  -19  -27   84   -5  -27  -57   -7   61  -31  195  383  178  120  236  997  208  439  595  988  996  985  994
 15 ACT-R Lag2            6353   -43  -72  -12   24  -22  -19   50   57  -52   35   79   65  112   58    0   90  -22   38   -3   58    8   33  377  -76    0   49   32   44  -38  122   11  119  123  504  134  274  336  566  337  995  993  989
 16 ZQ Bot                6165  -306 -290 -243 -295  -71 -181 -101 -164 -135  -43   -8   31  -55   57  -90    0  -64 -165   46   31  -40  -18  250  -64  -26  521   24   26   46  160  344  151  199  388  920  342  417  595  989  996  993  998
 17 Shofar                6022    -7  -23  -40  -20  -15   18  -17   54   -1  -31   30   33   89   54   22   64    0   13   35   48   -1   21  119  -22  -10   10   90   17    7   14  -22   91  107  210  149  386  241  553  869  983  923  981
 18 Bugbrain              5688    13  -34  -38  -66   -5   12  -16    3  -48  -16   60  -17  109   64  -38  165  -13    0   64    2    2  -29  128  -18  -35   53   39  105   15   -4   88   51  148  118  147  221  203  406  922  978  959  990
 19 * Anti-rotn           4931   -92  -54  -57  -49  -10  -62  -71  -32  -36  -30  -45  -41  -50    1    3  -46  -35  -64    0   34  -25  -45  180  -63  -52  327  -11   24  -12  191   31   50  272   25   48  505  154  598  493  999  999  979
 20 Mixed Strategy        4713  -145 -117  -57  -68  -52  -33  -50  -56 -101   10  -36  -71  -26   57  -58  -31  -48   -2  -34    0  -12   -3    5  -44   -3  -47   40   19   11   35   80  137  115  214  240   35  431  452  981  995  979  971
 21 Majikthise            4681   -61    9   21   11    7  -19   44    8  -51   30    3   46   34   19   -8   40    1   -2   25   12    0  -16  218   -6   -4   54   13    1   16   57   20   16   87  210    3  248  126  484    9  992  996  988
 22 Vroomfondel           4519   -59  -17   -4  -24   25  -13   11   -4    0   30   34   37   27   27  -33   18  -21   29   45    3   16    0  205  -35  -49   84  -23   38   35   34  -32   24   90  197  -12  279  167  425    0  992  991  982
 23 Multi-strategy        2205  -275 -303 -319 -181 -243 -179 -203 -191 -256 -254 -360 -137 -306  -84 -377 -250 -119 -128 -180   -5 -218 -205    0  -50  -20 -169  225  -24  -41  119   35  123  268   87  500  514  420  999  997  999  997  999
 24 * De Bruijn            577    -7  -53  -10   19    4   47  -30   73    0   13   60    3   84    5   76   64   22   18   63   44    6   35   50    0   -1   29  -43  -14  -38  -38    0   23   18    0   -7  -10   23  128   -1    0   21  -99
 25 * Pi                   214     4   -4   42   -4  -14    2    8   14   11   -2   45   35  -11   27    0   26   10   35   52    3    4   49   20    1    0   26  -18  -33   36  -42   -1  -81   -7    0    2  -26  -15   30   22  -11  -11  -10
 26 Inocencio               23  -280 -201 -185 -779 -155 -130   11 -619 -722  -38 -654 -785 -654   57  -49 -521  -10  -53 -327   47  -54  -84  169  -29  -26    0   77   54  310  150   26  160   83  245   64  304  380  361  952  973  980  975
 27 * Copy-drift         -1846  -215  -66  -95 -301  -36 -168  -11 -279    6  -38  -14  -44  -92    7  -32  -24  -90  -39   11  -40  -13   23 -225   43   18  -77    0   -8  -32   12  -14   30  -22  -61   -5   64    1   19  -13  -11  -10   -5
 28 * Add-drift          -1903  -155 -147 -194 -256   -4 -147  -10 -316  -15  -43  -34  -46  -14  -61  -44  -26  -17 -105  -24  -19   -1  -38   24   14   33  -54    8    0   -7  -24  -57  -39    8    4  -29  -12  -12   -4  -25  -12  -20   17
 29 * Foxtrot            -2203  -314 -363   24   -7 -427 -196   -3    0 -366   -5  -49   -8  -60   31   38  -46   -7  -15   12  -11  -16  -35   41   38  -36 -310   32    7    0  -30  -34  -21    3  -30  -23   -2    4    1  -27  -42   44    5
 30 * Flat               -2497  -211  -84 -113  -43 -175 -133  -69  -59 -180   -2 -172 -152 -124 -195 -122 -160  -14    4 -191  -35  -57  -34 -119   38   42 -150  -12   24   30    0  -20   77   18   15 -187   18   28  212  226   -2   -1 -413
 31 * Add-react          -3175  -350 -361 -264 -120  -83 -307  -95 -100  -47 -107  -88 -115 -129 -383  -11 -344   22  -88  -31  -80  -20   32  -35    0    1  -26   14   57   34   20    0  -18  -45  -37  -31   17  -46    2   35   24  -85   13
 32 * Text               -3297  -125  -89 -142 -118 -117  -78 -174 -154 -133 -128 -177 -152 -177 -178 -119 -151  -91  -51  -50 -137  -16  -24 -123  -23   81 -160  -30   39   21  -77   18    0  -50   -3   26  -54  -39 -185  -74 -185  -11  113
 33 * Switch A Lot       -3321   -69 -121 -233 -270 -237 -121  -40 -214 -137 -164 -135 -168 -140 -120 -123 -199 -107 -148 -272 -115  -87  -90 -268  -18    7  -83   22   -8   -3  -18   45   50    0   18 -195   27  -14   35  362    9    2   19
 34 Knucklehead          -3437  -595 -341 -383 -235 -477 -516 -512 -311 -480 -450 -313 -216 -299 -236 -504 -388 -210 -118  -25 -214 -210 -197  -87    0    0 -245   61   -4   30  -15   37    3  -18    0   -9  -46   67  127  964  947  996  985
 35 Peterbot             -6197  -914 -905 -871 -292 -721 -906 -614 -324  -47 -477 -965 -482 -979 -997 -134 -920 -149 -147  -48 -240   -3   12 -500    7   -2  -64    5   29   23  187   31  -26  195    9    0  240  389  431  981 1000  998  993
 36 Always Switchin'     -6952  -233 -232 -453 -442 -304 -266 -504 -411 -202 -383 -265 -104 -160 -208 -274 -342 -386 -221 -505  -35 -248 -279 -514   10   26 -304  -64   12    2  -18  -17   54  -27   46 -240    0   14   35  512   -4  -29   11
 37 R-P-S 20-20-60       -8955  -321 -134 -409 -412 -367 -303 -426 -410 -337 -394 -389 -396 -398 -439 -336 -417 -241 -203 -154 -431 -126 -167 -420  -23   15 -380   -1   12   -4  -28   46   39   14  -67 -389  -14    0 -401 -147 -420  -13  436
 38 Beat Frequent Pick  -14153  -913 -921 -931 -589 -545 -588 -907 -587 -572 -753 -594 -591 -594 -595 -566 -595 -553 -406 -598 -452 -484 -425 -999 -128  -30 -361  -19    4   -1 -212   -2  185  -35 -127 -431  -35  401    0 -600  999    0  997
 39 Beat The Last Move  -19620  -986 -993 -985 -990 -994 -988 -962 -985  -11 -991 -994 -994 -992 -988 -337 -989 -869 -922 -493 -981   -9    0 -997    1  -22 -952   13   25   27 -226  -35   74 -362 -964 -981 -512  147  600    0 1000    1  996
 40 Good Ole Rock       -26161  -1000 -993 -998 -997 -999 -1000 -998 -993 -1000 -996 -1000 -996 -999 -996 -995 -996 -983 -978 -999 -995 -992 -992 -999    0   11 -973   11   12   42    2  -24  185   -9 -947 -1000    4  420 -999 -1000    0    0  998
 41 Rotate R-P-S        -26266  -993 -984 -991 -990 -995 -993 -997 -989 -996 -990 -996 -994 -997 -985 -993 -993 -923 -959 -999 -979 -996 -991 -997  -21   11 -980   10   20  -44    1   85   11   -2 -996 -998   29   13    0   -1    0    0 -684
 42 * Anti-Flat         -28144  -968 -987 -1000 -999 -998 -1000 -990 -996 -999 -1000 -1000 -995 -994 -994 -989 -998 -981 -990 -979 -971 -988 -982 -999   99   10 -975    5  -17   -5  413  -13 -113  -19 -985 -993  -11 -436 -997 -996 -998  684    0

 Match results (draw <= 50): 

    Player Name           total  W  L  D   1  2  3  4  5  6  7  8  9 10 11 12 13 14 15 16 17 18 19 20 21 22 23 24 25 26 27 28 29 30 31 32 33 34 35 36 37 38 39 40 41 42
  1 Iocaine Powder          72  31  0 10   1  2  1  2  1  2  2  1  1  1  1  2  1  1  2  2  2  2  1  2  2  2  2  2  1  2  2  2  2  2  2  2  2  2  2  2  2  2  2  2  2  2
  2 Phasenbott              70  30  1 10   0  1  1  2  1  2  2  1  1  2  2  2  1  1  1  1  2  2  2  1  2  2  2  2  1  2  2  2  2  2  2  2  2  2  2  2  2  2  2  2  2  2
  3 Yomi AI                 62  21  0 20   1  1  1  1  1  1  1  1  1  2  1  2  1  2  2  1  2  2  1  1  1  2  2  2  1  2  2  1  1  1  1  2  2  1  2  2  2  2  2  2  2  2
  4 RussRocker4             62  23  2 16   0  0  1  1  1  1  1  1  1  1  1  2  1  1  1  1  2  2  1  1  2  1  2  2  1  2  2  2  2  2  2  2  2  2  2  2  2  2  2  2  2  2
  5 Biopic                  62  21  0 20   1  1  1  1  1  1  1  1  1  1  1  1  1  2  1  1  2  2  1  1  1  2  2  2  1  2  2  1  1  2  2  2  2  2  2  2  2  2  2  2  2  2
  6 Simple Modeller         62  23  2 16   0  0  1  1  1  1  1  2  1  1  1  2  1  1  1  1  2  2  1  2  1  2  2  2  1  1  2  2  2  2  2  2  1  2  2  2  2  2  2  2  2  2
  7 MegaHAL                 61  22  2 17   0  0  1  1  1  1  1  1  1  1  1  1  1  1  1  1  2  2  1  1  2  2  2  2  1  1  2  2  2  2  2  2  2  2  2  2  2  2  2  2  2  2
  8 Bugbrain                60  20  1 20   1  1  1  1  1  0  1  1  1  1  1  1  1  1  1  1  2  2  1  2  2  1  2  2  1  1  2  1  2  2  2  2  1  2  2  2  2  2  2  2  2  2
  9 Shofar                  58  17  0 24   1  1  1  1  1  1  1  1  1  1  1  2  1  1  1  1  1  2  1  2  1  1  2  1  1  1  2  2  1  2  1  2  1  2  2  2  2  2  2  2  2  2
 10 ACT-R Lag2              58  20  3 18   1  0  0  1  1  1  1  1  1  1  1  2  1  2  1  1  2  2  0  2  1  2  2  1  1  1  2  1  1  2  1  2  2  2  2  2  2  2  2  2  2  2
 11 Robertot                55  15  1 25   1  0  1  1  1  1  1  1  1  1  1  1  1  1  1  1  1  1  1  1  2  1  2  1  1  1  2  1  1  2  2  2  2  2  2  1  2  2  2  2  2  2
 12 Simple Predictor        54  21  8 12   0  0  0  0  1  0  1  1  0  0  1  1  1  2  1  1  1  1  0  2  1  2  2  2  1  1  2  2  2  2  2  2  2  2  2  2  2  2  2  2  2  2
 13 Boom                    54  13  0 28   1  1  1  1  1  1  1  1  1  1  1  1  1  1  1  1  1  1  1  1  1  1  1  1  1  1  2  1  1  2  2  2  1  2  2  2  2  2  2  2  2  2
 14 Sweet Rocky             53  16  4 21   1  1  0  1  0  1  1  1  1  0  1  0  1  1  1  1  1  1  1  1  1  2  1  2  1  1  2  1  1  2  2  2  2  2  2  2  2  2  2  2  2  2
 15 Majikthise              50  11  2 28   0  1  0  1  1  1  1  1  1  1  1  1  1  1  1  1  1  1  1  1  1  1  1  2  1  1  2  1  1  1  1  2  2  1  2  2  1  2  2  2  2  2
 16 Vroomfondel             50  10  1 30   0  1  1  1  1  1  1  1  1  1  1  1  1  1  1  1  1  1  1  1  1  1  1  2  1  1  2  1  1  1  1  2  1  1  2  2  1  2  2  2  2  2
 17 Granite                 48  17 10 14   0  0  0  0  0  0  0  0  1  0  1  1  1  1  1  1  1  2  0  2  1  1  1  2  1  1  2  1  1  2  2  2  2  2  2  2  2  2  2  2  2  2
 18 Marble                  47  18 12 11   0  0  0  0  0  0  0  0  0  0  1  1  1  1  1  1  0  1  0  1  1  1  2  2  1  2  2  2  1  2  2  2  2  2  2  2  2  2  2  2  2  2
 19 * De Bruijn             46   7  2 32   1  0  1  1  1  1  1  1  1  2  1  2  1  1  1  1  2  2  1  1  2  1  2  1  1  1  1  1  1  1  1  1  1  1  1  1  1  2  1  1  0  1
 20 Piedra                  46  15 10 16   0  1  1  1  1  0  1  0  0  0  1  0  1  1  1  1  0  1  1  1  1  0  0  0  1  1  2  1  2  2  2  2  2  2  2  2  2  2  2  2  2  2
 21 * Anti-rotn             44  11  8 22   0  0  1  0  1  1  0  0  1  1  0  1  1  1  1  1  1  1  0  1  1  1  1  2  0  1  2  1  1  1  1  1  2  2  2  2  1  2  2  2  2  2
 22 Mixed Strategy          44  12  9 20   0  0  0  1  0  0  0  1  1  0  1  0  1  0  1  1  1  1  1  2  1  1  1  1  1  1  1  1  1  2  2  2  1  2  1  2  2  2  2  2  2  2
 23 ZQ Bot                  43  16 14 11   0  0  0  0  0  0  0  0  0  0  0  0  1  1  1  1  1  0  0  2  1  1  1  2  1  1  2  1  1  2  2  2  2  2  2  2  2  2  2  2  2  2
 24 Inocencio               42  17 16  8   0  0  0  0  0  0  0  0  1  1  1  0  1  0  0  0  0  0  1  2  0  1  0  1  1  2  2  2  2  2  1  2  2  2  2  2  2  2  2  2  2  2
 25 * Pi                    41   1  1 39   1  1  1  1  1  1  1  1  1  1  1  1  1  1  1  1  1  1  1  1  2  1  1  1  1  1  1  1  1  1  1  1  1  1  1  1  0  1  1  1  1  1
 26 * Foxtrot               34   0  7 34   0  0  0  0  0  1  1  1  1  1  1  1  1  1  1  1  1  0  1  1  1  1  1  0  1  1  1  1  1  1  1  1  1  1  1  1  1  1  1  1  1  1
 27 Multi-strategy          32  13 22  6   0  0  0  0  0  0  0  0  0  0  0  0  0  0  0  0  0  0  1  0  0  1  0  0  1  1  1  2  1  2  1  2  2  2  2  2  2  2  2  2  2  2
 28 * Copy-drift            31   1 11 29   0  0  1  0  1  0  0  1  0  1  1  0  1  1  1  1  1  0  1  1  1  1  1  0  1  1  0  1  1  1  1  0  1  1  2  1  1  1  1  1  1  1
 29 * Add-drift             31   0 10 31   0  0  1  0  1  0  0  0  1  1  1  0  1  1  1  1  1  1  1  0  1  1  1  0  1  1  1  1  1  1  0  1  1  1  1  1  1  1  1  1  1  1
 30 Peterbot                30   9 20 12   0  0  1  0  0  0  0  0  0  0  0  0  0  0  1  1  0  0  1  0  1  0  0  0  1  1  0  1  1  1  1  1  2  2  2  2  1  2  2  2  2  2
 31 * Add-react             25   1 17 23   0  0  1  0  0  0  0  0  1  1  0  0  0  0  1  1  0  0  1  0  1  0  0  1  1  1  1  1  2  1  1  1  1  1  1  1  1  1  1  0  1  1
 32 Knucklehead             25   7 23 11   0  0  0  0  0  0  0  0  0  0  0  0  0  0  0  0  0  0  1  0  1  0  0  0  1  1  0  2  1  1  1  1  1  2  1  1  1  2  2  2  2  2
 33 * Flat                  24   3 20 18   0  0  0  0  0  1  0  1  1  0  0  0  1  0  0  1  0  0  1  0  0  1  0  0  1  1  0  1  1  0  1  1  1  2  1  1  2  2  1  1  0  1
 34 Beat The Last Move      20   5 26 10   0  0  1  0  0  0  0  0  0  0  0  0  0  0  1  1  0  0  1  0  0  0  0  0  1  1  0  1  1  0  1  0  0  1  0  0  2  2  2  1  2  2
 35 Always Switchin'        18   2 25 14   0  0  0  0  0  0  0  0  0  0  0  0  0  0  0  0  0  0  1  0  0  1  0  0  1  1  0  0  1  0  1  1  1  2  1  1  2  1  1  1  1  1
 36 * Switch A Lot          18   1 24 16   0  0  0  0  0  0  0  0  0  0  1  0  0  0  0  0  0  0  1  0  0  0  0  0  1  1  0  1  1  0  1  1  1  2  1  1  1  1  1  1  1  1
 37 * Text                  17   2 26 13   0  0  0  0  0  0  0  0  0  0  0  0  0  0  1  1  0  0  1  0  1  0  0  0  2  1  0  1  1  1  1  1  0  0  0  1  1  0  0  1  2  1
 38 Beat Frequent Pick      16   4 29  8   0  0  0  0  0  0  0  0  0  0  0  0  0  0  0  0  0  0  0  0  0  0  0  0  1  1  0  1  1  0  1  0  0  0  1  1  2  1  2  1  2  2
 39 Good Ole Rock           16   3 28 10   0  0  0  0  0  0  0  0  0  0  0  0  0  0  0  0  0  0  1  0  0  0  0  0  1  1  0  1  1  0  1  0  1  0  1  1  2  0  1  1  2  2
 40 Rotate R-P-S            15   1 27 13   0  0  0  0  0  0  0  0  0  0  0  0  0  0  0  0  0  0  1  0  0  0  0  0  1  1  0  1  1  0  2  0  1  1  1  1  1  1  1  1  0  1
 41 * Anti-Flat             13   3 31  7   0  0  0  0  0  0  0  0  0  0  0  0  0  0  0  0  0  0  2  0  0  0  0  0  1  1  0  1  1  0  1  0  2  0  1  1  0  0  0  2  1  0
 42 R-P-S 20-20-60          13   1 29 11   0  0  0  0  0  0  0  0  0  0  0  0  0  0  0  0  0  0  1  0  0  0  0  0  1  1  0  1  1  0  1  0  1  0  1  1  1  0  0  1  2  1


   Yomi AI is match ranked 3

 Tournament results:
    Player Name          total 
  1 Yomi AI               7236 
 19 Iocaine Powder       11202 
 20 Phasenbott           10207 
 21 MegaHAL               9485 
 22 RussRocker4           7736 
 23 Biopic                8372 
 24 Simple Modeller       8967 
 25 Simple Predictor      7314 
 26 Robertot              7695 

   Yomi is tournament ranked 9

