 Playing 1 tournaments with 1000 trials per match...

 Yomi AI            vs Good Ole Rock       Match: 1000 (1000+   0-   0=)
 Yomi AI            vs R-P-S 20-20-60      Match:  267 (510+ 243- 247=)
 Yomi AI            vs Rotate R-P-S        Match:  992 (995+   3-   2=)
 Yomi AI            vs Beat The Last Move  Match:   60 (369+ 309- 322=)
 Yomi AI            vs Always Switchin'    Match:  246 (497+ 251- 252=)
 Yomi AI            vs Beat Frequent Pick  Match:  670 (812+ 142-  46=)
 Yomi AI            vs * Pi                Match:  -31 (321+ 352- 327=)
 Yomi AI            vs * Switch A Lot      Match:  163 (416+ 253- 331=)
 Yomi AI            vs * Flat              Match:  105 (387+ 282- 331=)
 Yomi AI            vs * Anti-Flat         Match:  992 (993+   1-   6=)
 Yomi AI            vs * Foxtrot           Match:  366 (573+ 207- 220=)
 Yomi AI            vs * De Bruijn         Match:   12 (335+ 323- 342=)
 Yomi AI            vs * Text              Match:  133 (420+ 287- 293=)
 Yomi AI            vs * Anti-rotn         Match:   42 (351+ 309- 340=)
 Yomi AI            vs * Copy-drift        Match:    1 (332+ 331- 337=)
 Yomi AI            vs * Add-react         Match:   30 (352+ 322- 326=)
 Yomi AI            vs * Add-drift         Match:   48 (351+ 303- 346=)
 Yomi AI            vs Iocaine Powder      Match:   -1 (326+ 327- 347=)
 Yomi AI            vs Phasenbott          Match:   16 (344+ 328- 328=)
 Yomi AI            vs MegaHAL             Match:   -3 (315+ 318- 367=)
 Yomi AI            vs RussRocker4         Match:    2 (330+ 328- 342=)
 Yomi AI            vs Biopic              Match:  -18 (360+ 378- 262=)
 Yomi AI            vs Simple Modeller     Match:  -39 (332+ 371- 297=)
 Yomi AI            vs Simple Predictor    Match:    8 (360+ 352- 288=)
 Yomi AI            vs Robertot            Match:   23 (372+ 349- 279=)
 Yomi AI            vs Boom                Match:    8 (342+ 334- 324=)
 Yomi AI            vs Shofar              Match:    7 (343+ 336- 321=)
 Yomi AI            vs ACT-R Lag2          Match:   32 (348+ 316- 336=)
 Yomi AI            vs Majikthise          Match:  -10 (312+ 322- 366=)
 Yomi AI            vs Vroomfondel         Match:   12 (340+ 328- 332=)
 Yomi AI            vs Granite             Match:  109 (430+ 321- 249=)
 Yomi AI            vs Marble              Match:  134 (456+ 322- 222=)
 Yomi AI            vs ZQ Bot              Match:   80 (401+ 321- 278=)
 Yomi AI            vs Sweet Rocky         Match:   64 (391+ 327- 282=)
 Yomi AI            vs Piedra              Match:   35 (379+ 344- 277=)
 Yomi AI            vs Mixed Strategy      Match:   30 (368+ 338- 294=)
 Yomi AI            vs Multi-strategy      Match:  250 (508+ 258- 234=)
 Yomi AI            vs Inocencio           Match:  811 (894+  83-  23=)
 Yomi AI            vs Peterbot            Match:  -23 (322+ 345- 333=)
 Yomi AI            vs Bugbrain            Match:  -46 (306+ 352- 342=)
 Yomi AI            vs Knucklehead         Match:  480 (645+ 165- 190=)
 Final results (draw value = 50):

 Tournament results: 

    Player Name          total     1    2    3    4    5    6    7    8    9   10   11   12   13   14   15   16   17   18   19   20   21   22   23   24   25   26   27   28   29   30   31   32   33   34   35   36   37   38   39   40   41   42
  1 Iocaine Powder       10688     0   58   36   22  549   48   30  206   24    1    4  212  222   63   60    4  -18   69   44  290   18   55  184  220   38  -35  160  204  386  279  204  579   86   65  200  899  366  920  991  980  991  974
  2 Phasenbott            9788   -58    0   64   29  512   30   23  141   46  -16  -22  243  205   32   25   57   53   55   83  257   -9   32  220  146   -1    0   74   94  397  342   88  358   65   76  206  901  139  947  985  989  992  988
  3 MegaHAL               9342   -36  -64    0  -35   73   14   24   37   24    3  -38  228  263  102   23  -16  -29   -2   47  251  -12   67   94  182  -43    6  224   40   49  315  143  338  142  268  438  896  404  952  985  989 1000  996
  4 Simple Modeller       8374   -22  -29   35    0  -15   10   -2  208   30   39  -11   89   62   38   70   48    4   24   40  305   -9  189  181   94  -73  -24  250  184  -11  105  133  291  139  290  455  326  358  595  993  997 1000  988
  5 RussRocker4           8272  -549 -512  -73   15    0   25   -5   69  -12   -2   50  156  160   -3   33   -1  -27   28   40  153   12   53  231  797  -49  -12  130  117  175  362   83  495   87  121  280  944  326  591  994  993 1000  997
  6 Biopic                8249   -48  -30  -14  -10  -25    0   70   47  -18   18  -10   52   90    9    0  -17  -14    2   47   96  -42   45  314  193  -29  -32   18   66  426   62  202  501  118  219  346  698  347  567  996  996  996  997
  7 Robertot              7843   -30  -23  -24    2    5  -70    0   58    8  -23   65   68   70   26    7    1   -2   -8   31  107   12   35  228   21   -9   -2  -22   66  -32   27   38  400  167   95  511  802  422  857  967  996  998  998
  8 Simple Predictor      7463  -206 -141  -37 -208  -69  -47  -58    0   38   -8   -5    6   25   24   65   11   -4  -14   45  187   16   40  179  545  -73  -14  314  277    7  137   89  297  154  221  398  331  390  587  986  986  993  999
  9 Boom                  7260   -24  -46  -24  -30   12   18   -8  -38    0   -8  -18   93   15   60   43   -2  -43  -18   42   31  -13   98  249   82   11   -6   51  -21    3   76    3  447  134  112  439  415  398  753  991  990  997  996
 10 Yomi AI               7057    -1   16   -3  -39    2  -18   23    8    8    0    7  109  134   35   64  -46   12   32   42   80  -10   30  250  811   12  -31   48    1  366   30  105  480  133  163  246  -23  267  670   60  992 1000  992
 11 Shofar                6681    -4   22   38   11  -50   10  -65    5   18   -7    0   17  110   52   73   28   12    7   32   88  -15   97  153  374   -7  -35  -27   70   13   22   38  128   99  194  445   59  319  562  906  932  975  982
 12 Granite               6657  -212 -243 -228  -89 -156  -52  -68   -6  -93 -109  -17    0   -1   65   36 -104  -57 -122   55   17   53   34  276  651 -102  -11   43   27   63  158  152  281  183  111  209  922  421  593  992  992  998  995
 13 Marble                6476  -222 -205 -263  -62 -160  -90  -70  -25  -15 -134 -110    1    0   40   39  -99  -70 -145   43   91  -59   19  364  646  -38  -30  -15   -2   48  117  182  283  177   93  246  937  392  592  992  995  998  995
 14 Piedra                6451   -63  -32 -102  -38    3   -9  -26  -24  -60  -35  -52  -65  -40    0   38  -17  -39  -47   51  -59  -12  -45  162  -26  -34    6   21   -8   -7  200  100  236  149  223  338  814  378  593  994  992  995  998
 15 Sweet Rocky           6092   -60  -25  -23  -70  -33    0   -7  -65  -43  -64  -73  -36  -39  -38    0  -48  -31    1   35   -4  -36  -39   98  -58  -36   -1  -34   87  -17  139  155  155  160  220  165  781  411  591  994  988  997  995
 16 Bugbrain              5870    -4  -57   16  -48    1   17   -1  -11    2   46  -28  104   99   17   48    0  -26  -11   36  175  -37   76  118   16  -35   -8  107   61   -8  101   17  124   65  133  243  131  167  398  910  947  982  987
 17 Vroomfondel           5783    18  -53   29   -4   27   14    2    4   43  -12  -12   57   70   39   31   26    0    9   31   -3    2   55  127   80   25  -14  -44    7   28  -31   49  238   13  123  257  997  154  433  -21  997  995  997
 18 ACT-R Lag2            5619   -69  -55    2  -24  -28   -2    8   14   18  -32   -7  122  145   47   -1   11   -9    0   41   67    1  106  277   33  -32   -9   14   19  -28   12  105  512   92  173  222   46  263  574    7  993  997  994
 19 * Anti-rotn           5471   -44  -83  -47  -40  -40  -47  -31  -45  -42  -42  -32  -55  -43  -51  -35  -36  -31  -41    0  -48    3    8  211  390  -46  -51  -34   28    1  -26  193   51   52  311  483  499  149  597  491  997  997 1000
 20 ZQ Bot                5232  -290 -257 -251 -305 -153  -96 -107 -187  -31  -80  -88  -17  -91   59    4 -175    3  -67   48    0  -40   25  244  -31  -17  -22   54   23   -8  362  124  178  157  161  287  892  367  590  991  989  993  994
 21 Majikthise            4917   -18    9   12    9  -12   42  -12  -16   13   10   15  -53   59   12   36   37   -2   -1   -3   40    0   46  261   33   46   18    5  -24  -17  -10   36  237   35  142  213   92  171  491   -4  991  999  979
 22 Mixed Strategy        4683   -55  -32  -67 -189  -53  -45  -35  -40  -98  -30  -97  -34  -19   45   39  -76  -55 -106   -8  -25  -46    0   72   44  -32  -49   13   -6   -5   44   88  223  177   35  104  156  462  468  971  957  988  999
 23 Multi-strategy        2546  -184 -220  -94 -181 -231 -314 -228 -179 -249 -250 -153 -276 -364 -162  -98 -118 -127 -277 -211 -244 -261  -72    0  -73  -50  -20  -24  301   13   21  121   30  123  293  468  500  346  999  997  997  999  998
 24 Inocencio              910  -220 -146 -182  -94 -797 -193  -21 -545  -82 -811 -374 -651 -646   26   58  -16  -80  -33 -390   31  -33  -44   73    0  -15  -26  -50  126  287   79  173  277  157   62  244  133  406  358  926  982  978  983
 25 * De Bruijn            685   -38    1   43   73   49   29    9   73  -11  -12    7  102   38   34   36   35  -25   32   46   17  -46   32   50   15    0   -1    1  -21   45  -11   17   21   23  -35   -6   -6   30  128   -1   21    0 -109
 26 * Pi                   238    35    0   -6   24   12   32    2   14    6   31   35   11   30   -6    1    8   14    9   51   22  -18   49   20   26    1    0   11  -24  -26   -2   -1  -13  -81  -16  -32   21  -22   30   22  -11  -11  -10
 27 * Add-drift          -1292  -160  -74 -224 -250 -130  -18   22 -314  -51  -48   27  -43   15  -21   34 -107   44  -14   34  -54   -5  -13   24   50   -1  -11    0   36   -9  -84   40   15   -1  -48    5  -47  -15   36   54    9  -14   19
 28 * Copy-drift         -1706  -204  -94  -40 -184 -117  -66  -66 -277   21   -1  -70  -27    2    8  -87  -61   -7  -19  -28  -23   24    6 -301 -126   21   24  -36    0  -17   35   -6  -73   41   39   -3  -54   24   13  -20  -12   18   37
 29 * Foxtrot            -2225  -386 -397  -49   11 -175 -426   32   -7   -3 -366  -13  -63  -48    7   17    8  -28   28   -1    8   17    5  -13 -287  -45   26    9   17    0  -16   23   -3  -22   -8    7  -22  -33   -1    6   -4  -26   -4
 30 * Add-react          -2508  -279 -342 -315 -105 -362  -62  -27 -137  -76  -30  -22 -158 -117 -200 -139 -101   31  -12   26 -362   10  -44  -21  -79   11    2   84  -35   16    0   10  -40   65   26    5  -10   42    9   39  -40  172   59
 31 * Flat               -2762  -204  -88 -143 -133  -83 -202  -38  -89   -3 -105  -38 -152 -182 -100 -155  -17  -49 -105 -193 -124  -36  -88 -121 -173  -17    1  -40    6  -23  -10    0   14    0   -2   40 -169   15  246  222  -15    1 -410
 32 Knucklehead          -3078  -579 -358 -338 -291 -495 -501 -400 -297 -447 -480 -128 -281 -283 -236 -155 -124 -238 -512  -51 -178 -237 -223  -30 -277  -21   13  -15   73    3   40  -14    0   99   39   -5  851   50  155  268  549  993  983
 33 * Text               -3273   -86  -65 -142 -139  -87 -118 -167 -154 -134 -133  -99 -183 -177 -149 -160  -65  -13  -92  -52 -157  -35 -177 -123 -157  -23   81    1  -41   22  -65    0  -99    0    1  -12   28   41 -185  -74  -11 -185  112
 34 * Switch A Lot       -3671   -65  -76 -268 -290 -121 -219  -95 -221 -112 -163 -194 -111  -93 -223 -220 -133 -123 -173 -311 -161 -142  -35 -293  -62   35   16   48  -39    8  -26    2  -39   -1    0   16 -135  -17   18  315   75  -31  -12
 35 Always Switchin'     -7213  -200 -206 -438 -455 -280 -346 -511 -398 -439 -246 -445 -209 -246 -338 -165 -243 -257 -222 -483 -287 -213 -104 -468 -244    6   32   -5    3   -7   -5  -40    5   12  -16    0 -219  -16    8  502    8   15  -53
 36 Peterbot             -8636  -899 -901 -896 -326 -944 -698 -802 -331 -415   23  -59 -922 -937 -814 -781 -131 -997  -46 -499 -892  -92 -156 -500 -133    6  -21   47   54   22   10  169 -851  -28  135  219    0  346  426  982  998  998 1000
 37 R-P-S 20-20-60       -9162  -366 -139 -404 -358 -326 -347 -422 -390 -398 -267 -319 -421 -392 -378 -411 -167 -154 -263 -149 -367 -171 -462 -346 -406  -30   22   15  -24   33  -42  -15  -50  -41   17   16 -346    0 -389 -154   13 -431   67
 38 Beat Frequent Pick  -14377  -920 -947 -952 -595 -591 -567 -857 -587 -753 -670 -562 -593 -592 -593 -591 -398 -433 -574 -597 -590 -491 -468 -999 -358 -128  -30  -36  -13    1   -9 -246 -155  185  -18   -8 -426  389    0 -600    0  999  996
 39 Beat The Last Move  -18654  -991 -985 -985 -993 -994 -996 -967 -986 -991  -60 -906 -992 -992 -994 -994 -910   21   -7 -491 -991    4 -971 -997 -926    1  -22  -54   20   -6  -39 -222 -268   74 -315 -502 -982  154  600    0    1 1000 1000
 40 Rotate R-P-S        -25912  -980 -989 -989 -997 -993 -996 -996 -986 -990 -992 -932 -992 -995 -992 -988 -947 -997 -993 -997 -989 -991 -957 -997 -982  -21   11   -9   12    4   40   15 -549   11  -75   -8 -998  -13    0   -1    0    0 -674
 41 Good Ole Rock       -26357  -991 -992 -1000 -1000 -1000 -996 -998 -993 -997 -1000 -975 -998 -998 -995 -997 -982 -995 -997 -997 -993 -999 -988 -999 -978    0   11   14  -18   26 -172   -1 -993  185   31  -15 -998  431 -999 -1000    0    0  999
 42 * Anti-Flat         -27821  -974 -988 -996 -988 -997 -997 -998 -999 -996 -992 -982 -995 -995 -998 -995 -987 -997 -994 -1000 -994 -979 -999 -998 -983  109   10  -19  -37    4  -59  410 -983 -112   12   53 -1000  -67 -996 -1000  674 -999    0

 Match results (draw <= 50): 

    Player Name           total  W  L  D   1  2  3  4  5  6  7  8  9 10 11 12 13 14 15 16 17 18 19 20 21 22 23 24 25 26 27 28 29 30 31 32 33 34 35 36 37 38 39 40 41 42
  1 Iocaine Powder          69  28  0 13   1  2  1  1  1  2  1  1  1  1  1  2  2  1  1  1  2  2  2  1  2  2  2  2  1  2  2  2  2  2  2  2  2  2  2  2  2  2  2  2  2  2
  2 Phasenbott              68  28  1 12   0  1  1  2  1  2  1  1  1  2  1  2  2  2  2  1  1  1  2  1  2  2  1  2  1  2  2  2  2  2  2  2  2  2  2  2  2  2  2  2  2  2
  3 Simple Modeller         63  23  1 17   1  1  1  1  1  1  1  1  1  1  1  2  1  1  1  1  2  1  2  0  2  2  2  2  1  1  2  2  2  2  2  2  2  2  2  2  2  2  2  2  2  2
  4 MegaHAL                 62  22  1 18   1  0  1  1  1  2  1  1  1  1  1  1  1  1  1  1  1  2  2  1  2  2  2  2  1  1  2  2  2  2  1  2  2  2  2  2  2  2  2  2  2  2
  5 Biopic                  62  21  0 20   1  1  1  1  1  1  1  1  1  1  2  1  1  1  1  1  1  1  2  1  2  2  1  2  1  2  1  2  2  2  2  2  2  2  2  2  2  2  2  2  2  2
  6 RussRocker4             61  23  3 15   0  0  1  0  1  1  1  1  1  1  1  2  1  1  1  1  1  1  2  1  2  2  2  2  1  2  2  2  2  2  2  2  2  2  2  2  2  2  2  2  2  2
  7 Yomi AI                 59  18  0 23   1  1  1  1  1  1  1  1  1  1  1  1  1  1  1  1  2  1  2  1  2  2  1  2  1  2  1  1  2  1  1  2  2  2  2  2  2  2  2  2  2  2
  8 Boom                    59  18  0 23   1  1  1  1  1  1  1  1  1  1  1  1  1  1  1  1  1  2  2  1  1  1  2  2  1  1  2  2  2  2  1  2  1  2  2  2  2  2  2  2  2  2
  9 Shofar                  59  19  1 21   1  1  1  1  1  1  1  1  1  1  0  1  1  1  1  1  2  2  1  1  2  2  2  2  1  1  1  1  2  2  2  2  1  2  2  2  2  2  2  2  2  2
 10 Bugbrain                59  19  1 21   1  0  1  1  1  1  1  1  1  1  1  1  1  1  1  1  1  1  2  1  2  2  2  1  1  1  2  2  2  2  2  2  1  2  2  2  2  2  2  2  2  2
 11 Robertot                58  18  1 22   1  1  1  1  0  1  1  1  2  1  1  2  1  1  1  1  1  1  2  1  2  2  1  1  1  1  1  1  2  2  2  2  1  2  2  2  2  2  2  2  2  2
 12 Simple Predictor        54  19  6 16   0  0  0  1  1  0  1  1  1  1  0  1  1  1  1  1  2  1  1  0  1  2  1  2  1  1  2  2  2  2  2  2  2  2  2  2  2  2  2  2  2  2
 13 ACT-R Lag2              54  15  2 24   0  0  1  1  1  1  1  1  1  1  1  1  1  1  1  1  1  1  2  1  2  2  2  1  1  1  1  1  2  1  1  2  2  2  1  2  2  2  2  2  2  2
 14 Vroomfondel             54  14  1 26   1  0  1  1  1  1  1  1  1  1  1  1  1  1  1  1  1  1  2  1  2  1  2  2  1  1  1  1  2  2  1  2  1  2  1  2  1  2  2  2  2  2
 15 * Anti-rotn             51  14  4 23   1  0  1  1  1  1  1  1  1  1  1  1  1  1  1  1  1  0  0  1  1  1  1  2  0  1  1  1  2  2  1  2  2  2  2  2  2  2  2  2  2  2
 16 Majikthise              51  11  1 29   1  1  1  1  1  1  1  1  1  1  1  1  1  1  1  1  1  1  0  1  2  1  1  1  1  1  1  1  2  2  1  2  1  2  1  2  1  2  2  2  2  2
 17 Sweet Rocky             50  15  6 20   0  1  0  1  1  1  0  1  0  1  1  0  1  1  1  1  1  1  1  1  1  1  1  0  1  1  1  2  2  2  2  2  2  2  2  2  2  2  2  2  2  2
 18 Piedra                  50  15  6 20   0  1  1  0  1  1  1  0  0  1  1  1  1  1  2  1  1  1  0  1  1  0  1  1  1  1  1  2  2  2  1  2  2  2  2  2  2  2  2  2  2  2
 19 Granite                 47  19 13  9   0  0  0  0  0  0  0  0  1  0  0  1  0  0  2  2  1  2  1  0  1  1  1  2  1  2  1  2  2  2  1  2  2  2  2  2  2  2  2  2  2  2
 20 * De Bruijn             44   4  1 36   1  1  2  1  1  1  1  1  1  1  1  2  1  1  1  1  1  1  2  1  1  1  1  1  1  1  1  1  1  1  1  1  1  1  1  1  1  2  1  1  1  0
 21 Marble                  44  16 13 12   0  0  0  0  0  0  0  1  0  0  0  1  0  0  1  0  1  1  1  1  1  2  1  2  1  1  1  2  2  2  1  2  2  2  2  2  2  2  2  2  2  2
 22 ZQ Bot                  44  16 13 12   0  0  0  0  0  0  0  1  0  0  0  0  0  1  1  1  1  2  1  1  0  1  1  1  1  1  2  2  2  2  1  2  2  2  2  2  2  2  2  2  2  2
 23 Mixed Strategy          44  12  9 20   0  1  0  0  1  0  1  0  0  0  1  1  0  0  1  1  1  1  1  1  1  1  1  1  1  1  1  1  2  2  1  2  2  1  2  2  2  2  2  2  2  2
 24 Inocencio               44  17 14 10   0  0  0  0  0  0  0  0  0  1  1  0  1  0  0  1  2  1  0  1  0  1  1  1  1  2  1  2  2  2  2  2  2  2  2  2  2  2  2  2  2  2
 25 * Pi                    41   1  1 39   1  1  1  1  1  1  1  1  1  1  1  1  1  1  2  1  1  1  1  1  1  1  1  1  1  1  1  1  1  1  1  1  1  1  1  1  0  1  1  1  1  1
 26 * Foxtrot               34   0  7 34   0  0  1  1  0  0  0  1  1  1  1  1  1  1  1  1  1  1  0  1  1  1  1  0  1  1  1  1  1  1  1  1  1  1  1  1  1  1  1  1  1  1
 27 * Add-drift             32   1 10 30   0  0  0  0  1  0  1  0  1  0  1  0  1  1  1  1  1  1  1  1  1  0  1  1  1  1  1  0  1  1  1  1  1  1  2  1  1  1  1  1  1  1
 28 * Add-react             30   4 15 22   0  0  0  0  0  0  1  0  1  0  1  0  1  1  1  1  0  0  0  1  0  0  1  0  1  1  2  1  1  1  1  1  1  1  1  1  2  1  2  1  1  2
 29 Multi-strategy          30  12 23  6   0  0  0  0  0  0  0  0  0  0  0  0  0  0  0  0  0  0  0  1  0  0  0  0  1  1  1  1  1  2  2  1  2  2  2  2  2  2  2  2  2  2
 30 Peterbot                28  10 23  8   0  0  0  0  0  0  1  0  0  0  0  0  1  0  0  0  0  0  0  1  0  0  0  0  1  1  1  1  0  1  2  0  2  2  2  2  1  2  2  2  2  2
 31 * Copy-drift            27   0 14 27   0  0  0  1  0  0  1  1  0  0  0  0  1  1  1  1  0  1  1  1  1  1  1  0  1  1  1  1  0  0  1  0  1  1  1  1  1  1  1  1  1  1
 32 Knucklehead             26   8 23 10   0  0  0  0  0  0  0  0  0  0  0  0  0  0  0  0  0  0  0  1  0  0  0  0  1  1  1  1  1  2  2  1  1  1  2  1  2  2  2  1  2  2
 33 * Flat                  23   2 20 19   0  0  0  0  0  0  0  1  1  1  1  0  0  1  0  1  0  0  0  1  0  0  0  0  1  1  1  1  0  0  1  1  1  1  2  1  1  2  1  1  1  0
 34 * Switch A Lot          19   2 24 15   0  0  0  0  0  0  0  0  0  0  0  0  0  0  0  0  0  0  0  1  0  0  1  0  1  1  1  1  0  0  1  1  1  1  2  1  1  1  1  1  2  1
 35 Beat The Last Move      19   5 27  9   0  0  0  0  0  0  0  0  0  0  0  0  1  1  0  1  0  0  0  1  0  0  0  0  1  1  0  1  0  0  1  0  0  0  1  0  2  2  2  2  1  2
 36 Always Switchin'        16   1 26 14   0  0  0  0  0  0  0  0  0  0  0  0  0  0  0  0  0  0  0  1  0  0  0  0  1  1  1  1  0  0  1  1  1  1  2  1  1  1  1  1  1  0
 37 * Text                  16   2 27 12   0  0  0  0  0  0  0  0  0  0  0  0  0  1  0  1  0  0  0  1  0  0  0  0  2  1  1  0  0  1  1  0  1  1  0  1  1  0  0  1  1  2
 38 Beat Frequent Pick      16   4 29  8   0  0  0  0  0  0  0  0  0  0  0  0  0  0  0  0  0  0  0  0  0  0  0  0  1  1  1  1  0  0  1  0  0  1  0  1  2  1  2  2  1  2
 39 Good Ole Rock           15   3 29  9   0  0  0  0  0  0  0  0  0  0  0  0  0  0  0  0  0  0  0  1  0  0  0  0  1  1  1  0  0  0  1  0  1  1  0  1  2  0  1  2  1  2
 40 R-P-S 20-20-60          14   1 28 12   0  0  0  0  0  0  0  0  0  0  0  0  0  0  0  0  0  0  0  1  0  0  0  0  1  1  1  1  0  0  1  1  1  1  0  1  1  0  0  1  1  2
 41 Rotate R-P-S            13   0 28 13   0  0  0  0  0  0  0  0  0  0  0  0  0  0  0  0  0  0  0  1  0  0  0  0  1  1  1  1  0  0  1  0  1  0  1  1  1  1  1  1  1  0
 42 * Anti-Flat             13   4 32  5   0  0  0  0  0  0  0  0  0  0  0  0  0  0  0  0  0  0  0  2  0  0  0  0  1  1  1  0  0  0  1  0  2  1  0  2  0  0  0  0  2  1


   Yomi AI is match ranked 7

 Tournament results:
    Player Name          total 
  1 Yomi AI               7057 
 19 Iocaine Powder       10688 
 20 Phasenbott            9788 
 21 MegaHAL               9342 
 22 RussRocker4           8272 
 23 Biopic                8249 
 24 Simple Modeller       8374 
 25 Simple Predictor      7463 
 26 Robertot              7843 
 27 Boom                  7260 

   Yomi is tournament ranked 10

