 Playing 1 tournaments with 1000 trials per match...

 Yomi AI            vs Good Ole Rock       Match: 1000 (1000+   0-   0=)
 Yomi AI            vs R-P-S 20-20-60      Match:  244 (494+ 250- 256=)
 Yomi AI            vs Rotate R-P-S        Match:  997 (998+   1-   1=)
 Yomi AI            vs Beat The Last Move  Match:  220 (486+ 266- 248=)
 Yomi AI            vs Always Switchin'    Match:  227 (481+ 254- 265=)
 Yomi AI            vs Beat Frequent Pick  Match:  665 (797+ 132-  71=)
 Yomi AI            vs * Pi                Match:   -2 (347+ 349- 304=)
 Yomi AI            vs * Switch A Lot      Match:  117 (400+ 283- 317=)
 Yomi AI            vs * Flat              Match:   70 (387+ 317- 296=)
 Yomi AI            vs * Anti-Flat         Match:  999 (999+   0-   1=)
 Yomi AI            vs * Foxtrot           Match:  425 (610+ 185- 205=)
 Yomi AI            vs * De Bruijn         Match:  -49 (314+ 363- 323=)
 Yomi AI            vs * Text              Match:  136 (428+ 292- 280=)
 Yomi AI            vs * Anti-rotn         Match:   61 (360+ 299- 341=)
 Yomi AI            vs * Copy-drift        Match:   36 (354+ 318- 328=)
 Yomi AI            vs * Add-react         Match:   96 (399+ 303- 298=)
 Yomi AI            vs * Add-drift         Match:   55 (361+ 306- 333=)
 Yomi AI            vs Iocaine Powder      Match: -804 ( 15+ 819- 166=)
 Yomi AI            vs Phasenbott          Match: -802 ( 13+ 815- 172=)
 Yomi AI            vs MegaHAL             Match:  -44 (317+ 361- 322=)
 Yomi AI            vs RussRocker4         Match:  -20 (371+ 391- 238=)
 Yomi AI            vs Biopic              Match:  -53 (395+ 448- 157=)
 Yomi AI            vs Simple Modeller     Match:    0 (352+ 352- 296=)
 Yomi AI            vs Simple Predictor    Match:   63 (401+ 338- 261=)
 Yomi AI            vs Robertot            Match:   30 (390+ 360- 250=)
 Yomi AI            vs Boom                Match:   19 (346+ 327- 327=)
 Yomi AI            vs Shofar              Match:   -4 (332+ 336- 332=)
 Yomi AI            vs ACT-R Lag2          Match:    2 (335+ 333- 332=)
 Yomi AI            vs Majikthise          Match:  -12 (342+ 354- 304=)
 Yomi AI            vs Vroomfondel         Match:   35 (358+ 323- 319=)
 Yomi AI            vs Granite             Match:  121 (457+ 336- 207=)
 Yomi AI            vs Marble              Match:  148 (486+ 338- 176=)
 Yomi AI            vs ZQ Bot              Match:  184 (499+ 315- 186=)
 Yomi AI            vs Sweet Rocky         Match:   11 (365+ 354- 281=)
 Yomi AI            vs Piedra              Match:   34 (359+ 325- 316=)
 Yomi AI            vs Mixed Strategy      Match:   57 (387+ 330- 283=)
 Yomi AI            vs Multi-strategy      Match:  289 (532+ 243- 225=)
 Yomi AI            vs Inocencio           Match:  125 (440+ 315- 245=)
 Yomi AI            vs Peterbot            Match:   74 (388+ 314- 298=)
 Yomi AI            vs Bugbrain            Match:   -3 (340+ 343- 317=)
 Yomi AI            vs Knucklehead         Match:  498 (654+ 156- 190=)
 Final results (draw value = 50):

 Tournament results: 

    Player Name          total     1    2    3    4    5    6    7    8    9   10   11   12   13   14   15   16   17   18   19   20   21   22   23   24   25   26   27   28   29   30   31   32   33   34   35   36   37   38   39   40   41   42
  1 Iocaine Powder       11885     0   36  101   24   49  525   39  171    1   35  211  -10   46  264  320   16   70   54   52  132  804   56  287  257   44  -26  136  415  219  196  309   89   51  573  907  224  366  899  983  988  991  981
  2 Phasenbott           10904   -36    0   24   21   31  525   46  157   22    6  227  -16   63  249  280   26   86  -60   26   23  802  -27  302  184   23  -36  112  405  142  111  389  108   75  401  998  244  102  912  989  987  995  986
  3 MegaHAL               9356  -101  -24    0  -16    9   63   87   27   33   51  271  -37  -23  210  220   50   63  -42   -8  121   44    9  197  160  -66  -23  154   38   81  123  267  189  193  457  869  429  365  944  985  989  998 1000
  4 Biopic                8823   -24  -21   16    0   12  -24   33  125    9   18   89    4   46  115   95   25   74   18  -26   19   53   -1  248  208  -24  -37   10  399   25  225   61  149  207  434  999  354  376  548  997  996  999  994
  5 Simple Modeller       8779   -49  -31   -9  -12    0  -16  -15  252   42   64  128   -2   28  160  247   57   52  -12   68  103    0   10  181   83  -32   -9  278  -28  282   88  112  138  253  242  726  430  402  595  992  989  998  994
  6 RussRocker4           7860  -525 -525  -63   24   16    0   46   90   64   57  152   37   43  152  138   76   51   -4   24   36   20  -14  281  105  -14  -47  201  137  117  164  307   69   96  468  970  261  275  588  994  993 1000 1000
  7 Robertot              7243   -39  -46  -87  -33   15  -46    0   53  -37   26   33   10   18   97   93   66   41  -19   19   71  -30  -19  265   70  -19  -20   -7   -8   85   42   63  174  108  373  395  509  354  727  968  992  995  991
  8 Simple Predictor      7162  -171 -157  -27 -125 -252  -90  -53    0    5   28   30  -17  -67   61  163   32   52  -12   74   83  -63   -4  179  178  -79  -21  312   25  220   63  106  149  207  345  593  427  410  592  985  990  995  996
  9 Boom                  7019    -1  -22  -33   -9  -42  -64   37   -5    0   48   50  -38  -45   18   33   43   39  -18  -26  -21  -19  -33  308   62  -17    9   36   47   41   45   75  122  181  264  349  465  426  753  977  990  995  999
 10 Piedra                6707   -35   -6  -51  -18  -64  -57  -26  -28  -48    0  -51  -48  -37   -5  -32   55  -51  -38  -23   56  -34  -36  130  -17  -55   -1   78  -16   50  147  408  183  113  102  933  306  363  594  990  991  998  987
 11 Marble                6687  -211 -227 -271  -89 -128 -152  -33  -30  -50   51    0  -40 -135   22   72   81   58  -16  -89   -2 -148   -9  315  420  -57   17   46   77   73  174  140  172  110  332  937  275  431  594  989  993  999  996
 12 Shofar                6540    10   16   37   -4    2  -37  -10   17   38   48   40    0  -28   41   33   36   54   23  -12   60    4   37  111  740  -45  -24  -40  -58   51   56   43  102   89   89   21  439  254  554  907  927  967  952
 13 ACT-R Lag2            6516   -46  -63   23  -46  -28  -43  -18   67   45   37  135   28    0  110   97   28   73   48   14   94   -2  -10  387   86  -35  -21   42   13   22  192   82   75  130  516  205  248  407  583   57  993  996  995
 14 Granite               6361  -264 -249 -210 -115 -160 -152  -97  -61  -18    5  -22  -41 -110    0   26   29   43  -21  -95   22 -121  -23  266  520  -46  -14   87   61   43  194   58  179  199  319  925  233  395  591  996  995  999  995
 15 ZQ Bot                6027  -320 -280 -220  -95 -247 -138  -93 -163  -33   32  -72  -33  -97  -26    0   14   42  -43 -193   34 -184  -39  338  731  -49  -71   24   38   55  166   65  164  121  339  989  321  380  592  991  994  997  996
 16 Sweet Rocky           5710   -16  -26  -50  -25  -57  -76  -66  -32  -43  -55  -81  -36  -28  -29  -14    0   41  -12   -4  -27  -11  -73  130  -60  -54   18   99   10   64  100  385  160  175  113  156  217  350  592  992  994  994  995
 17 * Anti-rotn           5691   -70  -86  -63  -74  -52  -51  -41  -52  -39   51  -58  -54  -73  -43  -42  -41    0   62  -39   12  -61   39  180  391  -62  -47    4   15   44  219   -3   55  325   86  499  515  153  596  499  999  998 1000
 18 Majikthise            5647   -54   60   42  -18   12    4   19   12   18   38   16  -23  -48   21   43   12  -62    0   22   88   12   45  184   32   27  -10   18   19   -2   73  -51   44  101  222   13  212  101  446  987  990  995  987
 19 Bugbrain              5596   -52  -26    8   26  -68  -24  -19  -74   26   23   89   12  -14   95  193    4   39  -22    0  -12    3  -53  129    1    7  -34  134  -23   65   58  111   25  126   95   71  281  120  421  947  934  985  989
 20 Mixed Strategy        5312  -132  -23 -121  -19 -103  -36  -71  -83   21  -56    2  -60  -94  -22  -34   27  -12  -88   12    0  -57    6   57  731  -51  -44  -14  -10   68    2   70  135   88  133  277   99  361  458  954  979  992  970
 21 Yomi AI               5245  -804 -802  -44  -53    0  -20   30   63   19   34  148   -4    2  121  184   11   61  -12   -3   57    0   35  289  125  -49   -2   55  425   36   70   96  136  117  498   74  227  244  665  220  997 1000  999
 22 Vroomfondel           4681   -56   27   -9    1  -10   14   19    4   33   36    9  -37   10   23   39   73  -39  -45   53   -6  -35    0  205   78    5  -19   -1   30   -8   73  -26   33   90  209   35  271  176  452   -7  997  993  991
 23 Multi-strategy        2098  -287 -302 -197 -248 -181 -281 -265 -179 -308 -130 -315 -111 -387 -266 -338 -130 -180 -184 -129  -57 -289 -205    0  -82  -50  -20  -18   -7  257  150   50  123  318   37  500  432  386  999  997  997  999  999
 24 Inocencio             1105  -257 -184 -160 -208  -83 -105  -70 -178  -62   17 -420 -740  -86 -520 -731   60 -391  -32   -1 -731 -125  -78   82    0  -26  -19   38  301  139  214   90  145   87  227   89  222  368  354  939  975  982  983
 25 * De Bruijn            688   -44  -23   66   24   32   14   19   79   17   55   57   45   35   46   49   54   62  -27   -7   51   49   -5   50   26    0   -1   -4  -39   -5    4  -17   23  -52  -23    1   65  -32  128   -1   21    0 -104
 26 * Pi                   495    26   36   23   37    9   47   20   21   -9    1  -17   24   21   14   71  -18   47   10   34   44    2   19   20   19    1    0  -37   33    9   -4   37  -81  -22  -17   24   16   16   30   22  -11  -11  -11
 27 * Add-drift          -1775  -136 -112 -154  -10 -278 -201    7 -312  -36  -78  -46   40  -42  -87  -24  -99   -4  -18 -134   14  -55    1   18  -38    4   37    0  -15   24   60   17  -14  -15   -8   -8  -14  -50   -7    5  -18  -17   28
 28 * Foxtrot            -2333  -415 -405  -38 -399   28 -137    8  -25  -47   16  -77   58  -13  -61  -38  -10  -15  -19   23   10 -425  -30    7 -301   39  -33   15    0   16  -23    4  -10  -15  -15  -29    6   19   21   -3  -16  -24   20
 29 * Copy-drift         -2349  -219 -142  -81  -25 -282 -117  -85 -220  -41  -50  -73  -51  -22  -43  -55  -64  -44    2  -65  -68  -36    8 -257 -139    5   -9  -24  -16    0  -47   -2   37  -11  -59  -17   52  -11  -52  -32   19  -27   14
 30 * Flat               -3077  -196 -111 -123 -225  -88 -164  -42  -63  -45 -147 -174  -56 -192 -194 -166 -100 -219  -73  -58   -2  -70  -73 -150 -214   -4    4  -60   23   47    0  -54   17   21  -24 -173  -12   25  216  196   52   -1 -405
 31 * Add-react          -3169  -309 -389 -267  -61 -112 -307  -63 -106  -75 -408 -140  -43  -82  -58  -65 -385    3   51 -111  -70  -96   26  -50  -90   17  -37  -17   -4    2   54    0   43   70   31  -54   -2    5  -15  -38  -19  -17   19
 32 * Text               -3263   -89 -108 -189 -149 -138  -69 -174 -149 -122 -183 -172 -102  -75 -179 -164 -160  -55  -44  -25 -135 -136  -33 -123 -145  -23   81   14   10  -37  -17  -43    0    5  -13   37  -14   -2 -185  -74  -11 -185  112
 33 * Switch A Lot       -3411   -51  -75 -193 -207 -253  -96 -108 -207 -181 -113 -110  -89 -130 -199 -121 -175 -325 -101 -126  -88 -117  -90 -318  -87   52   22   15   15   11  -21  -70   -5    0   13 -140  -11  -30  -16  308   -8   17   -3
 34 Knucklehead          -3575  -573 -401 -457 -434 -242 -468 -373 -345 -264 -102 -332  -89 -516 -319 -339 -113  -86 -222  -95 -133 -498 -209  -37 -227   23   17    8   15   59   24  -31   13  -13    0   30   32   16  139  464  533 1000  970
 35 Peterbot             -7119  -907 -998 -869 -999 -726 -970 -395 -593 -349 -933 -937  -21 -205 -925 -989 -156 -499  -13  -71 -277  -74  -35 -500  -89   -1  -24    8   29   17  173   54  -37  140  -30    0  278  394  431  982  997 1000 1000
 36 Always Switchin'     -7510  -224 -244 -429 -354 -430 -261 -509 -427 -465 -306 -275 -439 -248 -233 -321 -217 -515 -212 -281  -99 -227 -271 -432 -222  -65  -16   14   -6  -52   12    2   14   11  -32 -278    0    3   61  498   -9    8  -34
 37 R-P-S 20-20-60       -8617  -366 -102 -365 -376 -402 -275 -354 -410 -426 -363 -431 -254 -407 -395 -380 -350 -153 -101 -120 -361 -244 -176 -386 -368   32  -16   50  -19   11  -25   -5    2   30  -16 -394   -3    0 -437 -189  -17 -437  381
 38 Beat Frequent Pick  -13964  -899 -912 -944 -548 -595 -588 -727 -592 -753 -594 -594 -554 -583 -591 -592 -592 -596 -446 -421 -458 -665 -452 -999 -354 -128  -30    7  -21   52 -216   15  185   16 -139 -431  -61  437    0 -600    0  999 1000
 39 Beat The Last Move  -19865  -983 -989 -985 -997 -992 -994 -968 -985 -977 -990 -989 -907  -57 -996 -991 -992 -499 -987 -947 -954 -220    7 -997 -939    1  -22   -5    3   32 -196   38   74 -308 -464 -982 -498  189  600    0    1 1000 1000
 40 Rotate R-P-S        -25867  -988 -987 -989 -996 -989 -993 -992 -990 -990 -991 -993 -927 -993 -995 -994 -994 -999 -990 -934 -979 -997 -997 -997 -975  -21   11   18   16  -19  -52   19   11    8 -533 -997    9   17    0   -1    0    0 -684
 41 Good Ole Rock       -26167  -991 -995 -998 -999 -998 -1000 -995 -995 -995 -998 -999 -967 -996 -999 -997 -994 -998 -995 -985 -992 -1000 -993 -999 -982    0   11   17   24   27    1   17  185  -17 -1000 -1000   -8  437 -999 -1000    0    0  998
 42 * Anti-Flat         -28076  -981 -986 -1000 -994 -994 -1000 -991 -996 -999 -987 -996 -952 -995 -995 -996 -995 -1000 -987 -989 -970 -999 -991 -999 -983  104   11  -28  -20  -14  405  -19 -112    3 -970 -1000   34 -381 -1000 -1000  684 -998    0

 Match results (draw <= 50): 

    Player Name           total  W  L  D   1  2  3  4  5  6  7  8  9 10 11 12 13 14 15 16 17 18 19 20 21 22 23 24 25 26 27 28 29 30 31 32 33 34 35 36 37 38 39 40 41 42
  1 Iocaine Powder          71  30  0 11   1  1  1  2  2  1  2  1  1  1  2  2  1  2  2  1  2  1  1  2  2  2  2  1  2  2  2  2  2  2  2  2  2  2  2  2  2  2  2  2  2  2
  2 Simple Modeller         67  26  0 15   1  1  1  1  1  1  1  1  1  1  2  2  1  1  2  2  1  2  1  2  2  2  2  1  2  1  2  2  2  2  2  2  2  2  2  2  2  2  2  2  2  2
  3 Phasenbott              66  26  1 14   1  1  1  1  2  1  2  2  1  1  1  2  1  1  2  1  0  1  1  2  2  1  2  1  2  2  2  2  2  2  2  2  2  2  2  2  2  2  2  2  2  2
  4 MegaHAL                 64  25  2 14   0  1  1  1  2  1  1  1  2  1  1  1  1  1  2  2  1  1  0  2  2  2  2  1  2  1  2  2  2  2  2  2  2  2  2  2  2  2  2  2  2  2
  5 RussRocker4             64  26  3 12   0  1  0  0  1  1  1  1  1  1  1  2  2  1  2  2  1  2  1  2  2  1  2  1  2  2  2  2  2  2  2  2  2  2  2  2  2  2  2  2  2  2
  6 Biopic                  63  22  0 19   1  1  1  1  1  1  2  1  1  1  1  2  1  1  2  1  1  1  1  2  2  1  2  1  2  2  1  2  2  1  2  2  2  2  2  2  2  2  2  2  2  2
  7 Yomi AI                 61  23  3 15   0  1  0  1  1  0  1  1  1  1  1  2  1  1  2  1  1  1  1  2  2  2  2  1  2  2  2  2  2  1  2  2  2  2  2  2  2  2  2  2  2  2
  8 ACT-R Lag2              61  21  1 19   1  1  0  1  1  1  1  1  1  1  1  2  1  1  2  1  1  1  1  2  2  2  2  1  2  1  1  2  2  1  2  2  2  2  2  2  2  2  2  2  2  2
  9 Robertot                60  20  1 20   1  1  1  0  1  1  1  1  1  1  1  2  1  1  1  1  1  2  1  2  1  2  2  1  2  1  1  2  2  2  2  2  2  1  2  2  2  2  2  2  2  2
 10 Shofar                  56  16  1 24   1  1  1  1  1  1  1  1  1  1  1  1  1  1  1  1  1  1  1  1  2  2  1  1  2  0  1  2  1  2  1  2  2  2  2  2  2  2  2  2  2  2
 11 Bugbrain                55  18  4 19   0  0  1  1  1  1  1  1  1  1  1  0  1  0  2  1  1  1  1  2  1  1  2  1  1  1  2  2  2  2  2  2  1  2  2  2  2  2  2  2  2  2
 12 Simple Predictor        54  22  9 10   0  0  0  1  0  0  0  0  0  1  2  1  1  1  1  1  1  1  0  2  2  2  2  1  2  1  2  2  2  2  2  2  2  2  2  2  2  2  2  2  2  2
 13 Boom                    54  14  1 26   1  1  1  1  0  1  1  1  1  1  1  1  1  1  1  1  1  1  1  1  1  1  1  1  2  1  1  2  2  1  2  2  2  1  2  2  2  2  2  2  2  2
 14 Vroomfondel             53  13  1 27   0  1  1  1  1  1  1  1  1  1  2  1  1  1  1  1  1  2  1  1  1  1  1  1  2  1  1  2  1  1  1  2  1  2  1  2  2  2  2  2  2  2
 15 Marble                  52  21 10 10   0  0  0  0  0  0  0  0  1  1  0  1  1  1  1  2  1  2  0  1  2  1  2  1  2  2  1  2  2  2  2  2  2  2  2  2  2  2  2  2  2  2
 16 Piedra                  52  17  6 18   1  0  1  0  0  1  1  1  1  1  1  1  1  1  0  1  1  2  0  1  0  2  1  1  1  1  2  2  2  1  2  2  2  2  2  2  2  2  2  2  2  2
 17 Majikthise              51  13  3 25   0  1  2  1  1  1  1  1  1  1  1  1  1  1  1  1  1  1  1  1  0  2  1  1  1  1  1  2  1  1  0  2  1  2  2  2  2  2  2  2  2  2
 18 Sweet Rocky             49  16  8 17   1  0  1  1  0  1  1  1  0  1  1  1  1  0  0  0  1  1  0  1  1  1  1  1  0  1  2  2  2  2  2  2  2  2  2  2  2  2  2  2  2  2
 19 * De Bruijn             48   9  2 30   1  1  1  2  1  1  1  1  1  1  1  2  1  1  2  2  1  2  1  1  2  2  1  1  1  1  1  1  1  1  1  1  1  1  1  0  2  2  1  1  0  1
 20 Granite                 47  17 11 13   0  0  0  0  0  0  0  0  0  1  0  0  1  1  1  1  1  1  1  1  1  1  1  1  2  2  2  2  2  1  2  2  2  2  2  2  2  2  2  2  2  2
 21 * Anti-rotn             45  16 12 13   0  0  0  0  0  0  0  0  1  0  1  0  1  1  0  2  2  1  0  1  1  1  1  1  2  1  1  2  2  1  1  2  2  2  2  2  2  2  2  2  2  2
 22 Mixed Strategy          45  15 11 15   0  0  1  0  1  1  0  0  0  0  1  0  1  1  1  0  0  1  0  1  1  1  1  1  2  1  1  2  2  2  2  2  2  1  2  2  2  2  2  2  2  2
 23 ZQ Bot                  44  16 13 12   0  0  0  0  0  0  0  0  0  1  0  0  1  1  0  1  1  1  1  1  1  1  1  0  2  1  1  2  2  2  2  2  2  2  2  2  2  2  2  2  2  2
 24 * Pi                    41   1  1 39   1  1  1  1  1  1  1  1  1  1  1  1  1  1  1  1  1  1  1  1  1  1  2  1  1  1  1  1  1  1  1  1  0  1  1  1  1  1  1  1  1  1
 25 Inocencio               40  17 18  6   0  0  0  0  0  0  0  0  0  0  1  0  0  0  0  1  1  2  1  0  0  0  0  1  1  2  1  2  2  2  2  2  2  2  2  2  2  2  2  2  2  2
 26 * Foxtrot               34   1  8 32   0  1  0  1  0  0  0  1  1  2  1  1  1  1  0  1  1  1  1  0  1  1  1  1  0  1  1  1  1  1  1  1  1  1  1  1  1  1  1  1  1  1
 27 * Add-drift             31   1 11 29   0  0  0  0  0  1  0  1  1  1  0  0  1  1  1  0  1  0  1  0  1  1  1  1  1  1  1  1  1  1  1  1  1  2  1  1  1  1  1  1  1  1
 28 Multi-strategy          30  12 23  6   0  0  0  0  0  0  0  0  0  0  0  0  0  0  0  0  0  0  1  0  0  0  0  1  0  1  1  1  2  2  1  1  2  2  2  2  2  2  2  2  2  2
 29 Peterbot                30  10 21 10   0  0  0  0  0  0  0  0  0  1  0  0  0  1  0  0  1  0  1  0  0  0  0  1  0  1  1  0  1  1  2  1  1  2  2  2  2  2  2  2  2  2
 30 * Copy-drift            25   1 17 23   0  0  0  0  0  1  1  1  0  0  0  0  1  1  0  1  1  0  1  1  1  0  0  1  0  1  1  0  1  1  1  0  1  1  1  1  0  2  1  1  1  1
 31 * Add-react             24   3 20 18   0  0  0  0  0  0  0  0  0  1  0  0  0  1  0  0  2  0  1  0  1  0  0  1  0  1  1  1  0  1  1  1  1  2  1  2  1  1  1  1  1  1
 32 Knucklehead             24   6 23 12   0  0  0  0  0  0  0  0  0  0  0  0  0  0  0  0  0  0  1  0  0  0  0  1  0  1  1  1  1  2  1  1  1  1  2  1  2  1  2  1  2  2
 33 * Text                  19   2 24 15   0  0  0  0  0  0  0  0  0  0  1  0  0  1  0  0  1  0  1  0  0  0  0  2  0  1  1  0  1  1  1  1  1  1  0  1  0  1  0  1  2  1
 34 * Flat                  19   3 25 13   0  0  0  0  0  0  0  0  1  0  0  0  1  0  0  0  0  0  1  0  0  1  0  1  0  1  0  0  0  1  0  1  1  1  2  1  2  1  1  1  0  2
 35 Beat The Last Move      18   5 28  8   0  0  0  0  0  0  0  0  0  0  0  0  0  1  0  0  0  0  1  0  0  0  0  1  0  1  1  0  0  1  1  0  2  0  1  0  2  0  2  2  2  1
 36 * Switch A Lot          17   2 26 13   0  0  0  0  0  0  0  0  0  0  0  0  0  0  0  0  0  0  2  0  0  0  0  1  0  1  1  0  0  1  0  1  1  1  2  1  1  1  1  1  1  1
 37 Beat Frequent Pick      16   5 30  6   0  0  0  0  0  0  0  0  0  0  0  0  0  0  0  0  0  0  0  0  0  0  0  1  0  1  1  0  0  2  1  0  2  0  0  1  1  0  2  2  2  1
 38 Always Switchin'        16   2 27 12   0  0  0  0  0  0  0  0  0  0  0  0  0  0  0  0  0  0  0  0  0  0  0  1  0  1  1  0  0  0  1  1  1  1  2  1  2  1  1  1  1  1
 39 Good Ole Rock           16   3 28 10   0  0  0  0  0  0  0  0  0  0  0  0  0  0  0  0  0  0  1  0  0  0  0  1  0  1  1  0  0  1  1  0  2  1  0  1  0  1  1  2  2  1
 40 R-P-S 20-20-60          14   1 28 12   0  0  0  0  0  0  0  0  0  0  0  0  0  0  0  0  0  0  1  0  0  0  0  1  0  1  1  0  0  1  1  1  1  1  0  1  0  1  0  1  2  1
 41 * Anti-Flat             13   3 31  7   0  0  0  0  0  0  0  0  0  0  0  0  0  0  0  0  0  0  2  0  0  0  0  1  0  1  1  0  0  1  1  0  0  2  0  1  0  1  0  0  1  2
 42 Rotate R-P-S            13   0 28 13   0  0  0  0  0  0  0  0  0  0  0  0  0  0  0  0  0  0  1  0  0  0  0  1  0  1  1  0  0  1  1  0  1  0  1  1  1  1  1  1  0  1


   Yomi AI is match ranked 7

 Tournament results:
    Player Name          total 
  1 Yomi AI               5245 
 15 * Anti-rotn           5691 
 19 Iocaine Powder       11885 
 20 Phasenbott           10904 
 21 MegaHAL               9356 
 22 RussRocker4           7860 
 23 Biopic                8823 
 24 Simple Modeller       8779 
 25 Simple Predictor      7162 
 26 Robertot              7243 
 27 Boom                  7019 
 28 Shofar                6540 
 29 ACT-R Lag2            6516 
 30 Majikthise            5647 
 32 Granite               6361 
 33 Marble                6687 
 34 ZQ Bot                6027 
 35 Sweet Rocky           5710 
 36 Piedra                6707 
 37 Mixed Strategy        5312 
 41 Bugbrain              5596 

   Yomi is tournament ranked 21

