 Playing 1 tournaments with 1000 trials per match...

 Yomi AI            vs Good Ole Rock       Match: 1000 (1000+   0-   0=)
 Yomi AI            vs R-P-S 20-20-60      Match:  244 (494+ 250- 256=)
 Yomi AI            vs Rotate R-P-S        Match:  997 (998+   1-   1=)
 Yomi AI            vs Beat The Last Move  Match:  288 (540+ 252- 208=)
 Yomi AI            vs Always Switchin'    Match:  256 (500+ 244- 256=)
 Yomi AI            vs Beat Frequent Pick  Match:  638 (781+ 143-  76=)
 Yomi AI            vs * Pi                Match:   -5 (346+ 351- 303=)
 Yomi AI            vs * Switch A Lot      Match:  140 (405+ 265- 330=)
 Yomi AI            vs * Flat              Match:   52 (382+ 330- 288=)
 Yomi AI            vs * Anti-Flat         Match:  998 (999+   1-   0=)
 Yomi AI            vs * Foxtrot           Match:  427 (614+ 187- 199=)
 Yomi AI            vs * De Bruijn         Match:  -54 (309+ 363- 328=)
 Yomi AI            vs * Text              Match:  136 (428+ 292- 280=)
 Yomi AI            vs * Anti-rotn         Match:   14 (349+ 335- 316=)
 Yomi AI            vs * Copy-drift        Match:  -60 (304+ 364- 332=)
 Yomi AI            vs * Add-react         Match:   43 (368+ 325- 307=)
 Yomi AI            vs * Add-drift         Match:   16 (339+ 323- 338=)
 Yomi AI            vs Iocaine Powder      Match: -815 (  5+ 820- 175=)
 Yomi AI            vs Phasenbott          Match: -764 ( 14+ 778- 208=)
 Yomi AI            vs MegaHAL             Match:  -37 (359+ 396- 245=)
 Yomi AI            vs RussRocker4         Match:   17 (376+ 359- 265=)
 Yomi AI            vs Biopic              Match:  -21 (366+ 387- 247=)
 Yomi AI            vs Simple Modeller     Match:    1 (354+ 353- 293=)
 Yomi AI            vs Simple Predictor    Match:   56 (397+ 341- 262=)
 Yomi AI            vs Robertot            Match:   39 (377+ 338- 285=)
 Yomi AI            vs Boom                Match:   34 (352+ 318- 330=)
 Yomi AI            vs Shofar              Match:  -10 (335+ 345- 320=)
 Yomi AI            vs ACT-R Lag2          Match:   11 (347+ 336- 317=)
 Yomi AI            vs Majikthise          Match:    1 (343+ 342- 315=)
 Yomi AI            vs Vroomfondel         Match:  -29 (333+ 362- 305=)
 Yomi AI            vs Granite             Match:   89 (436+ 347- 217=)
 Yomi AI            vs Marble              Match:  122 (479+ 357- 164=)
 Yomi AI            vs ZQ Bot              Match:  122 (462+ 340- 198=)
 Yomi AI            vs Sweet Rocky         Match:   37 (384+ 347- 269=)
 Yomi AI            vs Piedra              Match:   65 (395+ 330- 275=)
 Yomi AI            vs Mixed Strategy      Match:   11 (348+ 337- 315=)
 Yomi AI            vs Multi-strategy      Match:  158 (441+ 283- 276=)
 Yomi AI            vs Inocencio           Match:  130 (469+ 339- 192=)
 Yomi AI            vs Peterbot            Match:  141 (425+ 284- 291=)
 Yomi AI            vs Bugbrain            Match:   26 (357+ 331- 312=)
 Yomi AI            vs Knucklehead         Match:  490 (675+ 185- 140=)
 Final results (draw value = 50):

 Tournament results: 

    Player Name          total     1    2    3    4    5    6    7    8    9   10   11   12   13   14   15   16   17   18   19   20   21   22   23   24   25   26   27   28   29   30   31   32   33   34   35   36   37   38   39   40   41   42
  1 Iocaine Powder       11664     0   87   31   30   37  536   72  168   26  223   55  -54   38   44  276  -22  295  815    2   52   -4   60  228  -11   10  357  155  143  380  117  215  357    3  575  229  906  331  937  991  987  994  993
  2 Phasenbott           11077   -87    0   43    6   59  547   25  137   39  207   43   32   52   53  215   63  289  764   28   45   26  198  215   52  -14  178  104   65  375   86   70  340   79  409  266  998  176  927  991  989  994  993
  3 MegaHAL               9651   -31  -43    0    4   32  110   32   56   23  251  -14    4   74   20  266   23  237   37    7   50  -60   44  199  -23  -22  164  122  135   49  189   92  265  234  445  451  914  396  944  990  986  999 1000
  4 Simple Modeller       9526   -30   -6   -4    0   35  -13   19  242   51   31   25  -11   28   35   60   89  306   -1  -13   63    7  113  181  -66  -58  641  271  274   28  107   98  101  232  279  481  943  413  593  989  996  997 1000
  5 Biopic                8801   -37  -59  -32  -35    0   75  -59   54    9  120   50  -25   52   57  151    6   77   21   -3   35   -4  108  239  -23   34  150   31   47  395  135  237   65  192  484  358  654  399  863  992  997  999  992
  6 RussRocker4           8097  -536 -547 -110   13  -75    0   18  123    9  131  -43   10   42   40  171   33  184  -17  -56   47   17   22  329  -24  -11  780  107  161  139   29  146  331  145  494  203  918  295  593  993  993 1000 1000
  7 Robertot              7804   -72  -25  -32  -19   59  -18    0   56  -12   63  -45   -4   39    3   30  -49  129  -39   10   45  -37   45  206  -31  -51   39   64   69  -11  171   73   61  116  429  513  998  349  883  813  995  998  993
  8 Simple Predictor      7293  -168 -137  -56 -242  -54 -123  -56    0   55  -14   -6  -29   55   23   -3   35  142  -56  -32   49  -17   -2  191  -79  -21  771  245  273  -42  166   50  134  227  300  435  328  401  588  986  990  993  993
  9 Boom                  7273   -26  -39  -23  -51   -9   -9   12  -55    0   60  -19   24   62   60   45  -24   -1  -34  -36   43   11   13  267  -23  -11   36    3   17  -27  137   69  102  113  462  423  553  417  753  991  990  997 1000
 10 Marble                6784  -223 -207 -251  -31 -120 -131  -63   14  -60    0 -148  -57   81   48   11  -98  -24 -122  -40   83  -18   20  301  -69  -40  652   38   74   54  183  169   91  193  326  225  924  432  591  991  995  999  991
 11 ACT-R Lag2            6703   -55  -43   14  -25  -50   43   45    6   19  148    0  -27   54   -2  121   -8   57  -11   33   37   15   40  358  -72  -15  785  -10   11  -40   67  107   40  147  531  243  178  421  567   -4  993  995  990
 12 Shofar                6657    54  -32   -4   11   25  -10    4   29  -24   57   27    0   35   35   35  -34  102   10  -30   62  -10   47  169  -14  -13  486   84   75   46   65  -15   41  144  192  431    9  260  553  900  930  964  961
 13 Piedra                6625   -38  -52  -74  -28  -52  -42  -39  -55  -62  -81  -54  -35    0    8  -20  -70  -42  -65  -32   34  -20  -23  129  -14  -48  -19  121  112  -26  161  182  301  158  188  300  994  347  596  994  997  999  995
 14 Sweet Rocky           6490   -44  -53  -20  -35  -57  -40   -3  -23  -60  -48    2  -35   -8    0  -51   -6  -65  -37  -29   46  -30   28  101   10   -2  -92   43   40   52  167  152  246  135  225  332  734  353  594  990  990  995  993
 15 Granite               6450  -276 -215 -266  -60 -151 -171  -30    3  -45  -11 -121  -35   20   51    0 -123   34  -89  -46   49  -36   77  284  -60  -19  646   28  -24   72  174  127  102  116  322  236  922  395  594  989  993  998  996
 16 Bugbrain              5988    22  -63  -23  -89   -6  -33   49  -35   24   98    8   34   70    6  123    0  142  -26    4   75   -1   77  107  -39   -6   26   57  145  -11   19    9  100  115  147  221  204  152  381  983  955  977  990
 17 ZQ Bot                5879  -295 -289 -237 -306  -77 -184 -129 -142    1   24  -57 -102   42   65  -34 -142    0 -122  -62   43  -44  -10  227  -11  -25  304   39   73   29  160  218  408  146  285  222  932  359  591  992  996  996  995
 18 Yomi AI               5004  -815 -764  -37    1  -21   17   39   56   34  122   11  -10   65   37   89   26  122    0  -29   14    1   11  158  -54   -5  130  -60   16  427  136   52   43  140  490  256  141  244  638  288  997 1000  998
 19 Vroomfondel           4796    -2  -28   -7   13    3   56  -10   32   36   40  -33   30   32   29   46   -4   62   29    0    6  -35   20  161   33    3   12   15    6   -1   10   79   40  122  187  233   31  153  448  -23  991  995  986
 20 * Anti-rotn           4759   -52  -45  -50  -63  -35  -47  -45  -49  -43  -83  -37  -62  -34  -46  -49  -75  -43  -14   -6    0   12   23  284  -52  -43  -41    1  -21  -37   55  216   10  344   80  514   41  160  598  500  998  999  996
 21 Majikthise            4557     4  -26   60   -7    4  -17   37   17  -11   18  -15   10   20   30   36    1   44   -1   35  -12    0   12  143  -15  -28   74  -45   20    4   -1  131  -19   72  249  229  -23  127  445  -16  989  991  991
 22 Mixed Strategy        4402   -60 -198  -44 -113 -108  -22  -45    2  -13  -20  -40  -47   23  -28  -77  -77   10  -11  -20  -23  -12    0  -29  -68    0  -32   17   -2  -47  175   77   43   71  143   89  263  395  547  978  859  983  863
 23 Multi-strategy        2579  -228 -215 -199 -181 -239 -329 -206 -191 -267 -301 -358 -169 -129 -101 -284 -107 -227 -158 -161 -284 -143   29    0  -50  -20 -119  226   26   10  123  132  -16  304   55  470  500  397  999  997  997  999  997
 24 * De Bruijn            734    11  -52   23   66   23   24   31   79   23   69   72   14   14  -10   60   39   11   54  -33   52   15   68   50    0   -1   16    7  -23    0   23   14   -9  -30    0  -24  -15   30  128   -1   21    0 -105
 25 * Pi                   399   -10   14   22   58  -34   11   51   21   11   40   15   13   48    2   19    6   25    5   -3   43   28    0   20    1    0   14   29    9  -14  -81   -7  -14    2   -2   15   32  -10   30   22  -11  -11  -10
 26 Inocencio               39  -357 -178 -164 -641 -150 -780  -39 -771  -36 -652 -785 -486   19   92 -646  -26 -304 -130  -12   41  -74   32  119  -16  -14    0  131   -6  319  158  163   71   98  225  243   80  353  355  868  980  975  984
 27 * Copy-drift         -1932  -155 -104 -122 -271  -31 -107  -64 -245   -3  -38   10  -84 -121  -43  -28  -57  -39   60  -15   -1   45  -17 -226   -7  -29 -131    0   14  -23    2  -19   -9   28  -71   -1   15   -1  -10  -27  -12   15  -10
 28 * Add-drift          -1936  -143  -65 -135 -274  -47 -161  -69 -273  -17  -74  -11  -75 -112  -40   24 -145  -73  -16   -6   21  -20    2  -26   23   -9    6  -14    0  -59  -38   75    4    2  -31  -35  -21  -67   -6   -8  -64   25   16
 29 * Foxtrot            -2083  -380 -375  -49  -28 -395 -139   11   42   27  -54   40  -46   26  -52  -72   11  -29 -427    1   37   -4   47  -10    0   14 -319   23   59    0   20  -19   16   32    1   -7  -64  -30   -1   23  -46   -8   41
 30 * Text               -3067  -117  -86 -189 -107 -135  -29 -171 -166 -137 -183  -67  -65 -161 -167 -174  -19 -160 -136  -10  -55    1 -175 -123  -23   81 -158   -2   38  -20    0   21   62    0  -53  -40   11   -9 -185  -74  -11 -185  111
 31 * Flat               -3119  -215  -70  -92  -98 -237 -146  -73  -50  -69 -169 -107   15 -182 -152 -127   -9 -218  -52  -79 -216 -131  -77 -132  -14    7 -163   19  -75   19  -21    0  -55  -24  -22   17 -171  -17  210  250   13    1 -407
 32 * Add-react          -3161  -357 -340 -265 -101  -65 -331  -61 -134 -102  -91  -40  -41 -301 -246 -102 -100 -408  -43  -40  -10   19  -43   16    9   14  -71    9   -4  -16  -62   55    0   36   53    3  -39   12    2  -32   73   -9   -8
 33 * Switch A Lot       -3568    -3  -79 -234 -232 -192 -145 -116 -227 -113 -193 -147 -144 -158 -135 -116 -115 -146 -140 -122 -344  -72  -71 -304   30   -2  -98  -28   -2  -32    0   24  -36    0   -6  -43 -144    6   30  292   39    5  -55
 34 Knucklehead          -3602  -575 -409 -445 -279 -484 -494 -429 -300 -462 -326 -531 -192 -188 -225 -322 -147 -285 -490 -187  -80 -249 -143  -55    0    2 -225   71   31   -1   53   22  -53    6    0    2  -93   41   88  944  941  983  883
 35 Always Switchin'     -7302  -229 -266 -451 -481 -358 -203 -513 -435 -423 -225 -243 -431 -300 -332 -236 -221 -222 -256 -233 -514 -229  -89 -470   24  -15 -243    1   35    7   40  -17   -3   43   -2    0 -262   24    3  492  -24    0  -45
 36 Peterbot             -7597  -906 -998 -914 -943 -654 -918 -998 -328 -553 -924 -178   -9 -994 -734 -922 -204 -932 -141  -31  -41   23 -263 -500   15  -32  -80  -15   21   64  -11  171   39  144   93  262    0  403  436  963  998  999  995
 37 R-P-S 20-20-60       -9165  -331 -176 -396 -413 -399 -295 -349 -401 -417 -432 -421 -260 -347 -353 -395 -152 -359 -244 -153 -160 -127 -395 -397  -30   10 -353    1   67   30    9   17  -12   -6  -41  -24 -403    0 -445 -182  -13 -441   23
 38 Beat Frequent Pick  -14463  -937 -927 -944 -593 -863 -593 -883 -588 -753 -591 -567 -553 -596 -594 -594 -381 -591 -638 -448 -598 -445 -547 -999 -128  -30 -355   10    6    1  185 -210   -2  -30  -88   -3 -436  445    0 -600    0  999  996
 39 Beat The Last Move  -19228  -991 -991 -990 -989 -992 -993 -813 -986 -991 -991    4 -900 -994 -990 -989 -983 -992 -288   23 -500   16 -978 -997    1  -22 -868   27    8  -23   74 -250   32 -292 -944 -492 -963  182  600    0    1 1000  996
 40 Rotate R-P-S        -26141  -987 -989 -986 -996 -997 -993 -995 -990 -990 -995 -993 -930 -997 -990 -993 -955 -996 -997 -991 -998 -989 -859 -997  -21   11 -980   12   64   46   11  -13  -73  -39 -941   24 -998   13    0   -1    0    0 -653
 41 Good Ole Rock       -26210  -994 -994 -999 -997 -999 -1000 -998 -993 -997 -999 -995 -964 -999 -995 -998 -977 -996 -1000 -995 -999 -991 -983 -999    0   11 -975  -15  -25    8  185   -1    9   -5 -983    0 -999  441 -999 -1000    0    0  999
 42 * Anti-Flat         -27457  -993 -993 -1000 -1000 -992 -1000 -993 -993 -1000 -991 -990 -961 -995 -993 -996 -990 -995 -998 -986 -996 -991 -863 -997  105   10 -984   10  -16  -41 -111  407    8   55 -883   45 -995  -23 -996 -996  653 -999    0

 Match results (draw <= 50): 

    Player Name           total  W  L  D   1  2  3  4  5  6  7  8  9 10 11 12 13 14 15 16 17 18 19 20 21 22 23 24 25 26 27 28 29 30 31 32 33 34 35 36 37 38 39 40 41 42
  1 Phasenbott              70  30  1 10   1  0  1  2  1  1  1  2  2  2  1  1  1  1  2  2  2  2  2  2  1  2  2  2  1  2  2  2  2  2  2  2  2  2  2  2  2  2  2  2  2  2
  2 Iocaine Powder          68  28  1 12   2  1  1  1  1  2  0  1  2  2  1  2  1  1  2  1  2  1  2  1  2  2  2  2  1  2  2  2  2  2  2  2  2  2  2  1  2  2  2  2  2  2
  3 MegaHAL                 63  23  1 17   1  1  1  1  1  1  1  1  1  2  1  1  0  1  2  1  2  1  2  2  1  1  2  2  1  1  2  2  2  2  2  2  2  2  2  2  2  2  2  2  2  2
  4 Biopic                  63  24  2 15   0  1  1  1  1  0  1  1  1  2  1  1  1  1  2  2  2  1  2  2  1  2  2  2  1  2  2  2  1  1  2  2  2  2  2  2  2  2  2  2  2  2
  5 Simple Modeller         63  24  2 15   1  1  1  1  1  1  1  2  1  1  2  1  1  1  2  1  2  0  1  1  2  2  2  2  0  1  2  2  2  2  2  2  2  2  2  2  2  2  2  2  2  2
  6 Robertot                59  20  2 19   1  0  1  2  1  1  1  1  1  1  1  1  1  1  2  1  1  1  2  1  1  1  2  1  0  1  2  2  2  2  2  2  2  2  2  2  2  2  2  2  2  2
  7 Shofar                  59  18  0 23   1  2  1  1  1  1  1  1  1  1  1  1  1  1  1  1  1  1  2  1  2  1  2  2  1  1  2  1  2  2  1  2  2  2  1  2  2  2  2  2  2  2
  8 Bugbrain                59  20  2 19   0  1  1  1  0  1  1  1  1  1  1  1  1  1  1  1  2  1  2  2  2  2  2  1  1  1  2  2  2  2  2  2  2  1  1  2  2  2  2  2  2  2
  9 Yomi AI                 57  20  4 17   0  0  1  1  1  1  1  1  1  1  1  1  1  1  2  1  2  0  2  2  1  1  2  2  1  2  2  2  0  1  1  2  2  2  2  2  2  2  2  2  2  2
 10 RussRocker4             57  21  5 15   0  0  0  0  1  1  1  1  1  1  1  1  1  0  2  1  2  1  2  1  1  1  2  2  1  2  2  2  2  2  2  2  2  1  2  2  2  2  2  2  2  2
 11 Boom                    56  17  2 22   1  1  1  1  0  1  1  1  1  1  1  1  1  1  0  2  1  1  2  2  1  1  1  1  1  1  2  2  1  1  2  2  2  2  2  2  2  2  2  2  2  2
 12 ACT-R Lag2              56  17  2 22   1  0  1  1  1  1  1  1  1  1  1  1  1  1  1  1  2  0  2  2  1  1  2  2  1  1  2  2  1  1  1  2  1  2  2  2  2  2  2  2  2  2
 13 Majikthise              53  12  0 29   1  1  2  1  1  1  1  1  1  1  1  1  1  1  1  1  1  1  1  1  1  1  1  2  1  1  2  1  1  1  1  2  1  1  2  2  2  2  2  2  2  2
 14 Vroomfondel             53  12  0 29   1  1  1  1  1  1  1  1  1  2  1  1  1  1  1  1  1  1  1  1  1  1  2  1  1  1  2  1  1  1  1  2  1  1  2  2  2  2  2  2  2  2
 15 Simple Predictor        51  19  9 13   0  0  0  0  0  0  1  1  0  0  2  1  1  1  1  1  1  0  1  2  1  1  2  2  1  1  2  2  2  2  2  2  2  2  1  2  2  2  2  2  2  2
 16 Sweet Rocky             50  15  6 20   0  1  1  0  1  1  1  1  1  1  0  1  1  1  1  1  0  1  1  1  1  1  0  0  1  2  2  2  1  1  2  2  2  2  2  2  2  2  2  2  2  2
 17 Granite                 49  18 10 13   0  0  0  0  0  1  1  0  0  0  1  0  1  1  1  2  1  0  1  1  1  2  1  2  1  2  2  2  1  1  2  2  2  2  2  2  2  2  2  2  2  2
 18 * De Bruijn             48   9  2 30   0  1  1  1  2  1  1  1  2  1  1  2  1  1  2  1  2  1  2  1  2  2  1  1  1  1  1  1  1  1  1  1  1  1  1  1  1  1  2  0  1  1
 19 Marble                  48  19 12 10   0  0  0  0  1  0  0  0  0  0  0  0  1  1  1  1  1  0  1  2  2  1  1  2  1  2  2  2  1  2  2  2  2  2  2  2  2  2  2  2  2  2
 20 Piedra                  48  16  9 16   0  1  0  0  1  1  1  0  0  1  0  0  1  1  0  1  1  1  0  1  1  1  1  1  1  1  2  2  2  2  2  2  2  2  2  2  2  2  2  2  2  2
 21 * Anti-rotn             47  12  6 23   1  0  1  1  0  1  0  0  1  1  1  1  1  1  1  1  1  0  0  1  1  1  1  1  1  1  2  1  1  1  1  2  2  2  2  2  2  2  2  2  2  2
 22 Mixed Strategy          46  12  7 22   0  0  1  0  0  1  1  0  1  1  1  1  1  1  1  1  0  0  1  1  1  1  1  1  1  1  1  2  1  1  1  2  2  2  2  2  2  2  2  2  2  2
 23 ZQ Bot                  45  17 13 11   0  0  0  0  0  0  0  0  0  0  1  0  1  0  0  2  1  1  1  1  1  1  1  2  1  1  2  2  1  2  2  2  2  2  2  2  2  2  2  2  2  2
 24 Inocencio               44  17 14 10   0  0  0  0  0  1  0  1  0  0  1  0  0  1  0  2  0  1  0  1  1  1  0  1  1  2  2  2  2  1  2  2  2  2  2  2  2  2  2  2  2  2
 25 * Pi                    42   2  1 38   1  1  1  1  2  2  1  1  1  1  1  1  1  1  1  1  1  1  1  1  1  1  1  1  1  1  1  1  1  1  1  1  1  0  1  1  1  1  1  1  1  1
 26 * Foxtrot               32   1 10 30   0  0  1  0  1  1  1  1  0  0  1  1  1  1  1  0  0  1  0  1  1  1  1  0  1  1  1  0  1  2  1  1  1  1  1  1  1  1  1  1  1  1
 27 Multi-strategy          32  13 22  6   0  0  0  0  0  0  0  0  0  0  0  0  0  0  0  0  0  1  0  0  0  1  0  0  1  1  1  2  2  1  1  2  2  2  2  2  2  2  2  2  2  2
 28 Peterbot                32  11 20 10   0  0  0  0  0  0  1  0  0  0  0  0  1  1  0  0  0  1  0  0  1  0  0  0  1  2  0  1  1  1  1  2  2  1  2  2  2  2  2  2  2  2
 29 * Copy-drift            29   1 13 27   0  0  0  1  0  0  0  0  2  0  1  1  1  1  0  1  1  1  1  0  1  1  1  0  1  1  0  1  1  1  1  0  1  1  1  1  1  1  1  1  1  1
 30 * Add-drift             27   1 15 25   0  0  0  1  0  0  0  0  1  0  1  1  1  1  0  1  1  1  0  0  1  1  0  1  1  0  1  1  1  1  1  1  1  1  2  1  1  1  1  1  0  0
 31 * Add-react             27   3 17 21   0  0  0  0  0  0  1  0  1  0  0  1  1  1  0  0  0  1  0  0  1  1  0  0  1  1  1  1  1  1  1  2  1  0  2  1  1  1  1  1  1  2
 32 Knucklehead             22   7 26  8   0  0  0  0  0  0  0  0  0  0  0  0  0  0  0  0  0  1  0  0  0  0  0  0  1  1  0  0  2  1  0  1  2  2  1  1  1  2  2  2  1  2
 33 Beat The Last Move      20   5 26 10   0  0  0  0  0  0  0  0  0  0  0  1  1  1  0  0  0  1  0  0  0  0  0  0  1  1  0  0  1  1  1  0  1  2  0  0  0  2  2  2  2  1
 34 * Text                  20   3 24 14   0  0  0  0  0  0  0  1  0  1  0  0  1  1  0  0  0  1  0  0  0  0  0  0  2  1  0  1  1  1  2  0  0  1  1  1  1  0  0  2  1  1
 35 * Flat                  18   2 25 14   0  0  0  0  0  0  1  1  0  0  0  0  0  0  1  0  0  1  0  0  0  0  0  0  1  1  0  0  1  0  0  1  2  1  1  1  1  1  2  0  1  1
 36 * Switch A Lot          17   1 25 15   0  1  0  0  0  0  0  0  0  0  0  0  0  0  0  0  0  1  0  0  0  0  0  0  1  1  0  0  1  1  1  1  2  1  1  1  1  1  1  0  1  1
 37 Always Switchin'        17   1 25 15   0  0  0  0  0  0  0  0  0  0  0  0  0  0  0  0  0  1  0  0  0  0  0  0  1  1  0  0  1  1  1  1  2  1  1  1  1  1  1  1  1  1
 38 Good Ole Rock           16   3 28 10   0  0  0  0  0  0  0  0  0  0  0  0  0  0  0  0  0  1  0  0  0  0  0  0  1  1  0  0  1  1  1  0  0  2  1  1  1  1  0  2  2  1
 39 Beat Frequent Pick      16   4 29  8   0  0  0  0  0  0  0  0  0  0  0  0  0  0  0  0  0  0  0  0  0  0  0  0  1  1  0  0  1  1  1  0  0  2  0  1  1  2  1  2  2  1
 40 * Anti-Flat             15   4 30  7   0  0  0  0  0  0  0  0  0  0  0  0  0  0  0  0  0  2  0  0  0  0  0  0  1  1  0  0  1  1  1  0  0  0  2  2  1  0  0  1  1  2
 41 R-P-S 20-20-60          14   1 28 12   0  0  0  0  0  0  0  0  0  0  0  0  0  0  0  0  0  1  0  0  0  0  0  0  1  1  0  0  1  2  1  1  0  1  1  1  1  0  0  1  1  1
 42 Rotate R-P-S            14   1 28 12   0  0  0  0  0  0  0  0  0  0  0  0  0  0  0  0  0  1  0  0  0  0  0  0  1  1  0  0  1  2  0  0  1  1  1  1  1  1  1  0  1  1


   Yomi AI is match ranked 9

 Tournament results:
    Player Name          total 
  1 Yomi AI               5004 
 19 Iocaine Powder       11664 
 20 Phasenbott           11077 
 21 MegaHAL               9651 
 22 RussRocker4           8097 
 23 Biopic                8801 
 24 Simple Modeller       9526 
 25 Simple Predictor      7293 
 26 Robertot              7804 
 27 Boom                  7273 
 28 Shofar                6657 
 29 ACT-R Lag2            6703 
 32 Granite               6450 
 33 Marble                6784 
 34 ZQ Bot                5879 
 35 Sweet Rocky           6490 
 36 Piedra                6625 
 41 Bugbrain              5988 

   Yomi is tournament ranked 18

