 Playing 1 tournaments with 1000 trials per match...

 Yomi AI            vs Good Ole Rock       Match: 1000 (1000+   0-   0=)
 Yomi AI            vs R-P-S 20-20-60      Match:  357 (572+ 215- 213=)
 Yomi AI            vs Rotate R-P-S        Match:  997 (998+   1-   1=)
 Yomi AI            vs Beat The Last Move  Match:  677 (788+ 111- 101=)
 Yomi AI            vs Always Switchin'    Match:  254 (514+ 260- 226=)
 Yomi AI            vs Beat Frequent Pick  Match:  592 (794+ 202-   4=)
 Yomi AI            vs * Pi                Match:  -63 (301+ 364- 335=)
 Yomi AI            vs * Switch A Lot      Match:  138 (423+ 285- 292=)
 Yomi AI            vs * Flat              Match:  105 (419+ 314- 267=)
 Yomi AI            vs * Anti-Flat         Match:  998 (999+   1-   0=)
 Yomi AI            vs * Foxtrot           Match:  383 (595+ 212- 193=)
 Yomi AI            vs * De Bruijn         Match:  -18 (329+ 347- 324=)
 Yomi AI            vs * Text              Match:  161 (432+ 271- 297=)
 Yomi AI            vs * Anti-rotn         Match:   54 (379+ 325- 296=)
 Yomi AI            vs * Copy-drift        Match:  -33 (330+ 363- 307=)
 Yomi AI            vs * Add-react         Match:  102 (396+ 294- 310=)
 Yomi AI            vs * Add-drift         Match:   24 (345+ 321- 334=)
 Yomi AI            vs Iocaine Powder      Match: -354 (183+ 537- 280=)
 Yomi AI            vs Phasenbott          Match: -366 (140+ 506- 354=)
 Yomi AI            vs MegaHAL             Match:  -80 (327+ 407- 266=)
 Yomi AI            vs RussRocker4         Match:  -54 (392+ 446- 162=)
 Yomi AI            vs Biopic              Match: -157 (374+ 531-  95=)
 Yomi AI            vs Simple Modeller     Match:    0 (352+ 352- 296=)
 Yomi AI            vs Simple Predictor    Match:   52 (391+ 339- 270=)
 Yomi AI            vs Robertot            Match:    1 (385+ 384- 231=)
 Yomi AI            vs Boom                Match:  -49 (321+ 370- 309=)
 Yomi AI            vs Shofar              Match:   20 (364+ 344- 292=)
 Yomi AI            vs ACT-R Lag2          Match:  -10 (344+ 354- 302=)
 Yomi AI            vs Majikthise          Match:   16 (361+ 345- 294=)
 Yomi AI            vs Vroomfondel         Match:   39 (362+ 323- 315=)
 Yomi AI            vs Granite             Match:   37 (443+ 406- 151=)
 Yomi AI            vs Marble              Match:   96 (488+ 392- 120=)
 Yomi AI            vs ZQ Bot              Match:  103 (465+ 362- 173=)
 Yomi AI            vs Sweet Rocky         Match:   30 (367+ 337- 296=)
 Yomi AI            vs Piedra              Match:   11 (356+ 345- 299=)
 Yomi AI            vs Mixed Strategy      Match:   40 (384+ 344- 272=)
 Yomi AI            vs Multi-strategy      Match:  385 (601+ 216- 183=)
 Yomi AI            vs Inocencio           Match:   78 (443+ 365- 192=)
 Yomi AI            vs Peterbot            Match:  339 (584+ 245- 171=)
 Yomi AI            vs Bugbrain            Match:  -24 (325+ 349- 326=)
 Yomi AI            vs Knucklehead         Match:  594 (722+ 128- 150=)
 Final results (draw value = 50):

 Tournament results: 

    Player Name          total     1    2    3    4    5    6    7    8    9   10   11   12   13   14   15   16   17   18   19   20   21   22   23   24   25   26   27   28   29   30   31   32   33   34   35   36   37   38   39   40   41   42
  1 Iocaine Powder       11300     0   14   64   30   25  195   26  493   -3  267  261  354    5   12  -11   92   46  292   28   52   16  117  355    9   59  180  139  176  375  167  363  140  106  588  846  199  335  923  985 1000  988  992
  2 Phasenbott           10619   -14    0   56   49   53  122   -5  521  -26  202  198  366   42   77   45   67   43  278   60   61   -3   50  226   22    0  196  107  162  378   37  321  103  105  405  998  252  150  934  993  994  994 1000
  3 MegaHAL               9358   -64  -56    0   17   19   61   37   80   36  206  242   80   63  -32  -23   17   53  264  -40   63   27   37  243   -1  -61  166   26  182   19  145  239  142  211  372  905  402  354  963  988  999  988  989
  4 Biopic                8502   -30  -49  -17    0    4   41   -7  -44   21  102  136  157   32    9  -41   60   15  103   11   40    0   34  229    1   38  187   43    5  390  165   70   82  110  492  807  310  380  634  995  998  997  992
  5 Simple Modeller       8447   -25  -53  -19   -4    0  245   35   -8   21   76  106    0   47   -5   85   30    8  272  -49   46   15   85  270  -22  -24   94  313  214   -1  124   97  138  255  312  314  504  377  587  993  999  995 1000
  6 Simple Predictor      8280  -195 -122  -61  -41 -245    0  -14  -88  -52   14   10  -52   52  -14   36   10   45  180   31   60  -21  126  179  -62  -21  794  204  296  -16   87  101  154  230  336  941  414  427  592  986  996  989  994
  7 Boom                  8009   -26    5  -37    7  -35   14    0  -35   -4   46   18   49   76  -43  -47  -45   41   48  -14   62  -27   80  245   -6  -27  929    8   84   24   78   69  120   98  417  332  402  380  753  991  997  990  992
  8 RussRocker4           7794  -493 -521  -80   44    8   88   35    0   40  130  161   54   37   45   25  -25   60  158  -22   90  -27   56  394  -54  -12   99  113  118  135  128  313   55  122  492  912  225  309  602  992 1000  993  995
  9 Robertot              7555     3   26  -36  -21  -21   52    4  -40    0   40    5   -1   24    4   -5  -16   43   56   15   58  -25   13  204  -33  -24   22  139   14  -22   78   86  171  136  445  415  491  358  915  995  997  992  998
 10 Granite               6957  -267 -202 -206 -102  -76  -14  -46 -130  -40    0   23  -37   42  -73 -115 -131   29   11  -16   54   35   15  300  -86  -31  645   73   48   82  159  133  176  236  292  917  277  398  594  996  999  995 1000
 11 Marble                6741  -261 -198 -242 -136 -106  -10  -18 -161   -5  -23    0  -96   21  -26  -57 -119   85   98  -59   54  -45   21  243  -43   -9  649   80   96   54  190   74  178  110  359  831  214  424  592  991  998  993 1000
 12 Yomi AI               6475  -354 -366  -80 -157    0   52  -49  -54    1   37   96    0   30   20  -24  -10   11  103   39   54   16   40  385  -18  -63   78  -33   24  383  105  102  161  138  594  339  254  357  592  677 1000  997  998
 13 Sweet Rocky           6445    -5  -42  -63  -32  -47  -52  -76  -37  -24  -42  -21  -30    0  -18  -25  -35   20  -37  -53   41  -44  -42  135  -12  -24  760   32  106  -29  103  292  180   81  136  273  172  338  590  994  996  995  991
 14 Shofar                6244   -12  -77   32   -9    5   14   43  -45   -4   73   26  -20   18    0    4  -16   34   92  -38   39  -28  128  136  -26  -28  170   93   -7  -24   86   24  158  134  147  112  415  251  555  902  982  924  981
 15 Bugbrain              6121    11  -45   23   41  -85  -36   47  -25    5  115   57   24   25   -4    0   19   38  145   -2   41   -7   71  165   -4  -19    6   97   53  -10   21   84   55  136  137  226  281  115  415  971  979  975  980
 16 ACT-R Lag2            6015   -92  -67  -17  -60  -30  -10   45   25   16  131  119   10   35   16  -19    0   44  103  -42   56   41   60  304  -90   16  102   15   73   -4   76   28  105  135  504  121  232  401  579   60  999  998  997
 17 Piedra                5578   -46  -43  -53  -15   -8  -45  -41  -60  -43  -29  -85  -11  -20  -34  -38  -44    0   -4    2   42  -45   -7  140    0  -15   -2  -15  -15  -27  157  162  170  160  194  128  265  333  594  999  995  992  990
 18 ZQ Bot                5569  -292 -278 -264 -103 -272 -180  -48 -158  -56  -11  -98 -103   37  -92 -145 -103    4    0  -46   81  -41  -20  224  -58   -9  411   39   13   12  140  287  162  131  249  869  327  389  593  989  997  994  998
 19 Vroomfondel           4809   -28  -60   40  -11   49  -31   14   22  -15   16   59  -39   53   38    2   42   -2   46    0    5   -1   79  144  -10    6  113   14   35   28   30   16   60   93  199   -8  235  166  452  -19  999  991  987
 20 * Anti-rotn           4797   -52  -61  -63  -40  -46  -60  -62  -90  -58  -54  -54  -54  -41  -39  -41  -56  -42  -81   -5    0  -17  -30  238  -41  -51  302  -27   11  -49  221  -16   52  335   75   43  512  147  598  500  999  998  996
 21 Majikthise            4563   -16    3  -27    0  -15   21   27   27   25  -35   45  -16   44   28    7  -41   45   41    1   17    0    3  232  -25   -1   76  -15   46   13   40   -6  -10  113  172   15  265   88  408   -8  997  990  989
 22 Mixed Strategy        4208  -117  -50  -37  -34  -85 -126  -80  -56  -13  -15  -21  -40   42 -128  -71  -60    7   20  -79   30   -3    0    9  -35  -28   11  -24    1   22   15   18  168   54  239   80   80  366  465  918  994  979  792
 23 Multi-strategy        2091  -355 -226 -243 -229 -270 -179 -245 -394 -204 -300 -243 -385 -135 -136 -165 -304 -140 -224 -144 -238 -232   -9    0  -50  -20  -73  259  -13   55  124    7  123  296   26  500  482  384  999  997  999  997  999
 24 * De Bruijn            723    -9  -22    1   -1   22   62    6   54   33   86   43   18   12   26    4   90    0   58   10   41   25   35   50    0   -1    2   47    6   21  -19   34   23  -21  -25  -20    5  -16  128   -1    0   21 -105
 25 * Pi                   367   -59    0   61  -38   24   21   27   12   24   31    9   63   24   28   19  -16   15    9   -6   51    1   28   20    1    0   23    6   21   51  -17  -20  -81  -15  -38   10   46   13   30   22  -11  -11  -11
 26 Inocencio               80  -180 -196 -166 -187  -94 -794 -929  -99  -22 -645 -649  -78 -760 -170   -6 -102    2 -411 -113 -302  -76  -11   73   -2  -23    0   80  -23  319  161   57  143   81  229  126  222  373  359  946  981  988  978
 27 * Copy-drift         -1770  -139 -107  -26  -43 -313 -204   -8 -113 -139  -73  -80   33  -32  -93  -97  -15   15  -39  -14   27   15   24 -259  -47   -6  -80    0    6    4   11    5   22    3   -9   10  -19   -7  -10  -12    1  -13   51
 28 * Add-drift          -1956  -176 -162 -182   -5 -214 -296  -84 -118  -14  -48  -96  -24 -106    7  -53  -73   15  -13  -35  -11  -46   -1   13   -6  -21   23   -6    0  -26   -6  -54   41   -6  -11  -19  -51  -68    5  -14   -9   18  -24
 29 * Foxtrot            -2223  -375 -378  -19 -390    1   16  -24 -135   22  -82  -54 -383   29   24   10    4   27  -12  -28   49  -13  -22  -55  -21  -51 -319   -4   26    0    0    7    2  -27   19  -35  -12   -5  -14   13   29  -27  -16
 30 * Flat               -2819  -167  -37 -145 -165 -124  -87  -78 -128  -78 -159 -190 -105 -103  -86  -21  -76 -157 -140  -30 -221  -40  -15 -124   19   17 -161  -11    6    0    0  -46   -3    0    5 -231   16   38  220  201    0   -6 -407
 31 * Add-react          -3021  -363 -321 -239  -70  -97 -101  -69 -313  -86 -133  -74 -102 -292  -24  -84  -28 -162 -287  -16   16    6  -18   -7  -34   20  -57   -5   54   -7   46    0  -22   20   12  -44    3    4    0  -50  -18  -85    6
 32 * Text               -3348  -140 -103 -142  -82 -138 -154 -120  -55 -171 -176 -178 -161 -180 -158  -55 -105 -170 -162  -60  -52   10 -168 -123  -23   81 -143  -22  -41   -2    3   22    0  -21  -33   15   20  -18 -185  -74 -185  -11  112
 33 * Switch A Lot       -3483  -106 -105 -211 -110 -255 -230  -98 -122 -136 -236 -110 -138  -81 -134 -136 -135 -160 -131  -93 -335 -113  -54 -296   21   15  -81   -3    6   27    0  -20   21    0   -2 -139  -47  -37   -9  310    8   59  -87
 34 Knucklehead          -3540  -588 -405 -372 -492 -312 -336 -417 -492 -445 -292 -359 -594 -136 -147 -137 -504 -194 -249 -199  -75 -172 -239  -26   25   38 -229    9   11  -19   -5  -12   33    2    0   -4    8    9  172  758  927  947  972
 35 Peterbot             -5522  -846 -998 -905 -807 -314 -941 -332 -912 -415 -917 -831 -339 -273 -112 -226 -121 -128 -869    8  -43  -15  -80 -500   20  -10 -126  -10   19   35  231   44  -15  139    4    0  257  400  435  982  998  998  993
 36 Always Switchin'     -7027  -199 -252 -402 -310 -504 -414 -402 -225 -491 -277 -214 -254 -172 -415 -281 -232 -265 -327 -235 -512 -265  -80 -482   -5  -46 -222   19   51   12  -16   -3  -20   47   -8 -257    0    5   59  507   22   32    6
 37 R-P-S 20-20-60       -8580  -335 -150 -354 -380 -377 -427 -380 -309 -358 -398 -424 -357 -338 -251 -115 -401 -333 -389 -166 -147  -88 -366 -384   16  -13 -373    7   68    5  -38   -4   18   37   -9 -400   -5    0 -442 -182 -429  -11  402
 38 Beat Frequent Pick  -14278  -923 -934 -963 -634 -587 -592 -753 -602 -915 -594 -592 -592 -590 -555 -415 -579 -594 -593 -452 -598 -408 -465 -999 -128  -30 -359   10   -5   14 -220    0  185    9 -172 -435  -59  442    0 -600  999    0 1000
 39 Beat The Last Move  -19693  -985 -993 -988 -995 -993 -986 -991 -992 -995 -996 -991 -677 -994 -902 -971  -60 -999 -989   19 -500    8 -918 -997    1  -22 -946   12   14  -13 -201   50   74 -310 -758 -982 -507  182  600    0 1000    1  997
 40 Good Ole Rock       -26228  -1000 -994 -999 -998 -999 -996 -997 -1000 -997 -999 -998 -1000 -996 -982 -979 -999 -995 -997 -999 -999 -997 -994 -999    0   11 -981   -1    9  -29    0   18  185   -8 -927 -998  -22  429 -999 -1000    0    0  998
 41 Rotate R-P-S        -26331  -988 -994 -988 -997 -995 -989 -990 -993 -992 -995 -993 -997 -995 -924 -975 -998 -992 -994 -991 -998 -990 -979 -997  -21   11 -988   13  -18   27    6   85   11  -59 -947 -998  -32   11    0   -1    0    0 -687
 42 * Anti-Flat         -27828  -992 -1000 -989 -992 -1000 -994 -992 -995 -998 -1000 -1000 -998 -991 -981 -980 -997 -990 -998 -987 -996 -989 -792 -999  105   11 -978  -51   24   16  407   -6 -112   87 -972 -993   -6 -402 -1000 -997 -998  687    0

 Match results (draw <= 50): 

    Player Name           total  W  L  D   1  2  3  4  5  6  7  8  9 10 11 12 13 14 15 16 17 18 19 20 21 22 23 24 25 26 27 28 29 30 31 32 33 34 35 36 37 38 39 40 41 42
  1 Iocaine Powder          70  29  0 12   1  1  2  2  1  1  1  1  1  1  2  2  2  1  1  2  1  1  2  1  2  2  2  2  2  2  2  2  2  2  2  2  2  2  2  2  2  2  2  2  2  2
  2 Phasenbott              70  29  0 12   1  1  2  2  2  1  1  1  1  2  2  2  2  2  1  2  1  1  2  1  1  2  1  2  2  2  2  2  2  2  2  2  1  2  2  2  2  2  2  2  2  2
  3 MegaHAL                 63  25  3 13   0  0  1  2  1  1  1  1  1  1  1  2  2  1  2  2  2  1  2  1  0  2  1  2  2  2  1  1  2  2  2  2  2  2  2  2  2  2  2  2  2  2
  4 RussRocker4             63  26  4 11   0  0  0  1  1  1  1  1  1  1  1  2  2  1  1  2  2  1  2  0  1  2  2  2  2  2  2  2  2  2  2  2  2  2  2  2  2  2  2  2  2  2
  5 Simple Modeller         63  23  1 17   1  0  1  1  1  1  1  1  2  1  1  1  2  1  1  2  1  1  2  1  1  2  2  1  2  2  1  2  2  2  2  2  2  2  2  2  2  2  2  2  2  2
  6 Biopic                  62  21  0 20   1  1  1  1  1  1  1  1  1  1  2  2  1  1  1  2  1  1  2  1  1  2  1  1  2  2  2  1  2  1  2  2  2  2  2  2  2  2  2  2  2  2
  7 Boom                    60  19  0 22   1  1  1  1  1  1  1  1  1  1  1  1  1  1  2  1  1  1  1  1  1  1  2  2  2  2  1  1  2  2  2  2  2  2  2  2  2  2  2  2  2  2
  8 Robertot                59  18  0 23   1  1  1  1  1  1  1  1  1  1  1  1  2  1  1  1  1  1  1  1  1  2  1  2  1  2  1  2  2  1  2  2  2  2  2  2  2  2  2  2  2  2
  9 Bugbrain                59  19  1 21   1  1  1  1  0  1  1  1  1  1  1  1  1  1  1  2  1  1  2  1  1  2  2  1  1  2  1  2  2  2  2  2  1  2  2  2  2  2  2  2  2  2
 10 Shofar                  58  18  1 22   1  0  1  1  1  1  1  1  1  1  1  1  1  1  1  1  1  1  2  1  1  2  2  1  2  2  1  2  2  1  1  2  2  2  2  2  2  2  2  2  2  2
 11 ACT-R Lag2              57  20  4 17   0  0  1  1  1  0  1  1  1  1  1  1  1  1  1  2  1  1  2  0  1  2  2  2  2  2  1  1  2  2  1  2  2  2  2  2  2  2  2  2  2  2
 12 Yomi AI                 55  20  6 15   0  0  0  0  1  0  1  1  1  1  1  1  2  1  1  2  1  1  1  1  0  2  1  2  2  2  2  1  2  1  2  2  2  2  2  2  2  2  2  2  2  2
 13 Simple Predictor        54  21  8 12   0  0  0  0  0  1  1  0  1  1  1  0  1  1  2  1  1  1  1  0  1  2  2  2  2  2  1  2  2  2  2  2  2  2  2  2  2  2  2  2  2  2
 14 Vroomfondel             54  14  1 26   1  0  1  1  1  1  1  1  1  1  1  1  1  1  2  2  1  1  1  1  1  1  2  1  2  2  1  1  1  1  1  2  1  1  2  2  2  2  2  2  2  2
 15 Sweet Rocky             53  16  4 21   1  1  0  1  1  1  0  1  1  1  1  1  0  0  1  1  1  1  1  1  1  1  1  1  2  2  1  1  2  2  2  2  2  2  2  2  2  2  2  2  2  2
 16 Marble                  52  21 10 10   0  0  0  0  0  0  1  1  0  1  0  0  1  0  1  1  2  1  1  1  1  2  1  2  2  2  2  2  2  2  2  2  2  2  2  2  2  2  2  2  2  2
 17 Piedra                  52  14  3 24   1  1  0  0  1  1  1  1  1  1  1  1  1  1  1  0  1  1  1  1  1  1  1  1  1  2  1  1  2  1  2  2  2  2  2  2  2  2  2  2  2  2
 18 Majikthise              51  10  0 31   1  1  1  1  1  1  1  1  1  1  1  1  1  1  1  1  1  1  1  1  1  1  1  1  2  2  1  1  1  1  1  2  1  1  2  1  2  2  2  2  2  2
 19 Granite                 49  18 10 13   0  0  0  0  0  0  1  1  0  0  0  1  1  1  1  1  1  1  1  0  1  1  1  2  2  2  2  2  2  1  2  2  2  2  2  2  2  2  2  2  2  2
 20 * De Bruijn             46   6  1 34   1  1  1  2  1  1  1  1  1  1  2  1  2  1  1  1  1  1  2  1  1  2  1  1  1  1  1  1  1  1  1  1  1  1  1  1  1  1  1  2  1  0
 21 * Pi                    43   4  2 35   0  1  2  1  1  1  1  1  1  1  1  2  1  1  1  1  1  1  1  1  1  1  1  2  1  1  2  1  1  1  1  1  1  1  1  0  1  1  1  1  1  1
 22 ZQ Bot                  43  16 14 11   0  0  0  0  0  0  1  0  0  0  0  0  0  1  1  0  1  1  1  0  1  1  1  2  2  2  1  1  2  1  2  2  2  2  2  2  2  2  2  2  2  2
 23 Mixed Strategy          43  11  9 21   0  1  1  0  0  1  0  1  0  0  0  1  0  0  1  1  1  1  1  1  1  1  1  1  1  1  1  1  2  1  1  2  1  2  2  2  2  2  2  2  2  2
 24 * Anti-rotn             41  13 13 15   0  0  0  0  1  1  0  0  1  1  0  0  0  1  1  0  1  1  0  1  0  0  1  1  2  2  1  1  1  1  1  2  2  2  2  2  2  2  2  2  2  2
 25 Inocencio               39  16 18  7   0  0  0  0  0  0  0  1  1  0  0  0  0  0  0  0  1  0  0  1  1  0  1  0  1  2  2  2  2  1  2  2  2  2  2  2  2  2  2  2  2  2
 26 Multi-strategy          32  13 22  6   0  0  0  0  0  0  0  0  0  0  0  0  0  0  0  0  0  0  0  1  1  0  1  0  0  1  2  2  2  1  1  1  2  2  2  2  2  2  2  2  2  2
 27 * Foxtrot               31   0 10 31   0  0  1  0  1  0  1  1  1  1  1  0  1  1  1  0  1  1  0  1  0  1  1  1  0  0  1  1  1  1  1  1  1  1  1  1  1  1  1  1  1  1
 28 * Copy-drift            30   1 12 28   0  0  1  0  0  1  1  0  0  0  1  1  0  1  1  0  1  1  0  1  1  1  1  1  0  0  1  1  1  1  1  1  1  1  1  1  1  1  1  1  1  2
 29 Peterbot                29   9 21 11   0  0  0  0  0  0  0  0  0  0  0  0  0  1  0  0  0  1  0  1  1  0  0  1  0  0  1  1  1  1  1  1  2  2  2  1  2  2  2  2  2  2
 30 * Add-drift             27   0 14 27   0  0  0  0  0  1  0  1  0  1  0  1  0  1  0  0  1  1  1  1  1  1  1  1  1  1  1  1  1  1  0  1  1  1  0  1  1  1  0  1  1  1
 31 * Add-react             24   1 18 22   0  0  0  0  0  0  0  0  0  1  1  0  0  1  0  0  0  1  0  1  1  0  1  1  0  1  1  1  1  2  1  1  1  1  1  1  1  1  1  1  0  1
 32 Knucklehead             23   5 23 13   0  0  0  0  0  0  0  0  0  0  0  0  0  0  0  0  0  0  0  1  1  0  0  0  0  1  1  1  1  1  1  1  1  2  1  1  1  2  1  2  2  2
 33 * Flat                  22   2 21 18   0  1  0  0  0  0  0  0  1  0  0  0  0  1  0  0  0  1  0  1  1  0  1  0  0  0  1  1  0  1  1  1  1  2  1  1  1  1  1  2  1  0
 34 Beat The Last Move      19   5 27  9   0  0  0  0  0  0  0  0  0  0  0  0  0  1  0  0  0  1  0  1  1  0  0  0  0  0  1  1  0  1  1  0  0  1  0  2  0  2  2  2  1  2
 35 Always Switchin'        19   3 25 13   0  0  0  0  0  0  0  0  0  0  0  0  0  0  0  0  0  0  0  1  1  0  0  0  0  0  1  1  0  2  1  1  1  2  1  1  1  1  1  2  1  1
 36 * Text                  17   2 26 13   0  0  0  0  0  0  0  0  0  0  0  0  0  0  0  0  0  1  0  1  2  0  0  0  0  0  1  1  1  1  1  1  1  0  1  1  1  0  1  0  1  2
 37 * Switch A Lot          17   2 26 13   0  0  0  0  0  0  0  0  0  0  0  0  0  0  0  0  0  0  0  1  1  0  0  0  0  0  1  1  0  1  1  1  1  2  1  1  1  1  1  1  2  0
 38 Good Ole Rock           16   3 28 10   0  0  0  0  0  0  0  0  0  0  0  0  0  0  0  0  0  0  0  1  1  0  0  0  0  0  1  1  0  1  1  0  1  0  1  2  1  1  2  0  1  2
 39 R-P-S 20-20-60          15   2 28 11   0  0  0  0  0  0  0  0  0  0  0  0  0  0  0  0  0  0  0  1  1  0  0  0  0  0  1  1  0  2  1  1  1  0  1  1  1  0  1  0  1  2
 40 Beat Frequent Pick      15   4 30  7   0  0  0  0  0  0  0  0  0  0  0  0  0  0  0  0  0  0  0  0  1  0  0  0  0  0  1  1  0  1  1  0  0  0  0  2  1  2  2  1  1  2
 41 Rotate R-P-S            14   1 28 12   0  0  0  0  0  0  0  0  0  0  0  0  0  0  0  0  0  0  0  1  1  0  0  0  0  0  1  1  0  1  2  0  1  1  1  1  0  1  1  1  1  0
 42 * Anti-Flat             13   4 32  5   0  0  0  0  0  0  0  0  0  0  0  0  0  0  0  0  0  0  0  2  1  0  0  0  0  0  1  0  0  1  1  0  2  0  1  0  2  0  0  0  2  1


   Yomi AI is match ranked 12

 Tournament results:
    Player Name          total 
  1 Yomi AI               6475 
 19 Iocaine Powder       11300 
 20 Phasenbott           10619 
 21 MegaHAL               9358 
 22 RussRocker4           7794 
 23 Biopic                8502 
 24 Simple Modeller       8447 
 25 Simple Predictor      8280 
 26 Robertot              7555 
 27 Boom                  8009 
 32 Granite               6957 
 33 Marble                6741 

   Yomi is tournament ranked 12

