 Playing 1 tournaments with 1000 trials per match...

 Yomi AI            vs Good Ole Rock       Match: 1000 (1000+   0-   0=)
 Yomi AI            vs R-P-S 20-20-60      Match:  244 (494+ 250- 256=)
 Yomi AI            vs Rotate R-P-S        Match:  997 (998+   1-   1=)
 Yomi AI            vs Beat The Last Move  Match:  295 (541+ 246- 213=)
 Yomi AI            vs Always Switchin'    Match:  250 (499+ 249- 252=)
 Yomi AI            vs Beat Frequent Pick  Match:  590 (755+ 165-  80=)
 Yomi AI            vs * Pi                Match:   -5 (346+ 351- 303=)
 Yomi AI            vs * Switch A Lot      Match:  125 (397+ 272- 331=)
 Yomi AI            vs * Flat              Match:  133 (414+ 281- 305=)
 Yomi AI            vs * Anti-Flat         Match:  999 (999+   0-   1=)
 Yomi AI            vs * Foxtrot           Match:  384 (597+ 213- 190=)
 Yomi AI            vs * De Bruijn         Match:  -49 (314+ 363- 323=)
 Yomi AI            vs * Text              Match:  138 (429+ 291- 280=)
 Yomi AI            vs * Anti-rotn         Match:   61 (360+ 299- 341=)
 Yomi AI            vs * Copy-drift        Match:   38 (355+ 317- 328=)
 Yomi AI            vs * Add-react         Match:   96 (399+ 303- 298=)
 Yomi AI            vs * Add-drift         Match:   55 (361+ 306- 333=)
 Yomi AI            vs Iocaine Powder      Match: -804 ( 15+ 819- 166=)
 Yomi AI            vs Phasenbott          Match: -802 ( 13+ 815- 172=)
 Yomi AI            vs MegaHAL             Match:  -44 (317+ 361- 322=)
 Yomi AI            vs RussRocker4         Match:  -20 (371+ 391- 238=)
 Yomi AI            vs Biopic              Match:  -53 (395+ 448- 157=)
 Yomi AI            vs Simple Modeller     Match:    0 (352+ 352- 296=)
 Yomi AI            vs Simple Predictor    Match:   63 (401+ 338- 261=)
 Yomi AI            vs Robertot            Match:   30 (390+ 360- 250=)
 Yomi AI            vs Boom                Match:   19 (346+ 327- 327=)
 Yomi AI            vs Shofar              Match:   -4 (332+ 336- 332=)
 Yomi AI            vs ACT-R Lag2          Match:    2 (335+ 333- 332=)
 Yomi AI            vs Majikthise          Match:  -12 (342+ 354- 304=)
 Yomi AI            vs Vroomfondel         Match:   35 (358+ 323- 319=)
 Yomi AI            vs Granite             Match:  109 (449+ 340- 211=)
 Yomi AI            vs Marble              Match:  148 (486+ 338- 176=)
 Yomi AI            vs ZQ Bot              Match:  164 (482+ 318- 200=)
 Yomi AI            vs Sweet Rocky         Match:   21 (370+ 349- 281=)
 Yomi AI            vs Piedra              Match:   39 (371+ 332- 297=)
 Yomi AI            vs Mixed Strategy      Match:   84 (413+ 329- 258=)
 Yomi AI            vs Multi-strategy      Match:  229 (491+ 262- 247=)
 Yomi AI            vs Inocencio           Match:  154 (459+ 305- 236=)
 Yomi AI            vs Peterbot            Match:   24 (364+ 340- 296=)
 Yomi AI            vs Bugbrain            Match:   32 (349+ 317- 334=)
 Yomi AI            vs Knucklehead         Match:  433 (632+ 199- 169=)
 Final results (draw value = 50):

 Tournament results: 

    Player Name          total     1    2    3    4    5    6    7    8    9   10   11   12   13   14   15   16   17   18   19   20   21   22   23   24   25   26   27   28   29   30   31   32   33   34   35   36   37   38   39   40   41   42
  1 Iocaine Powder       11643     0  107   55   40   34  509   32  141    4  213  -22  247   28   41   34    1  804   52  300   37  -41   21  316  243    9   59  159  190  375  167  330  140  573  106  891  199  361  923  985 1000  988  992
  2 Phasenbott           11016  -107    0   27   33   17  548   70  119   18  235  -25  205   88   25   44   58  802   61  265   42   41  173  282  144   22    0   86   81  378   37  331  103  428  105  928  252  181  934  993  999  993 1000
  3 MegaHAL               9694   -55  -27    0   58   13   76   34   67   26  193  -40  267   25   68   71   31   44   63  238  -65   26   97  208  239   -1  -61   83  191   19  145  290  142  404  211  914  402  365  963  988  999  994  989
  4 Simple Modeller       8405   -40  -33  -58    0   -6  -11  -43  314   27   54  -32   78  -14   -4    0   50    0   46  304  -14  -35   74  186  478  -22  -24  261  241   -1  124   97  138  236  255  311  504  392  587  993  998  994 1000
  5 Biopic                8375   -34  -17  -13    6    0  -54  -61   58  -20  164  -34  124   32   39   28  -15   53   40   82    1  -28   52  310  165    1   38   77   30  390  165   48   82  502  110  714  310  415  634  995  999  995  992
  6 RussRocker4           8249  -509 -548  -76   11   54    0   22   99   40  176   23  126  -15   62   23    3   20   90  189   36   28   76  164  791  -54  -12   60  125  135  128  341   55  467  122  899  225  290  602  992  999  995  995
  7 Robertot              7996   -32  -70  -34   43   61  -22    0   16  -33   13    5   49  -29   57   60   33  -30   58  107  -29   -2  133  223   36  -33  -24   86   12  -22   78   73  171  399  136  756  491  360  915  995  999  993  998
  8 Simple Predictor      7437  -141 -119  -67 -314  -58  -99  -16    0   29    3  -23  -26  -50   20   22  -11  -63   60  172  -34  -58   61  179  633  -62  -21  281  264  -16   87  140  154  263  230  635  414  414  592  986  996  986  994
  9 Boom                  6907    -4  -18  -26  -27   20  -40   33  -29    0  -74   -3   26  -35   46   57  -29  -19   62   64  -22    5   73  173   48   -6  -27  -25   11   24   78  114  120  436   98  290  402  390  753  991  995  990  992
 10 Marble                6894  -213 -235 -193  -54 -164 -176  -13   -3   74    0  -33  -10  -97   73   74 -116 -148   62   -2  -31  -35   24  287  631  -43   -9   42   61   54  190   88  178  376  110  949  214  408  592  991  998  993 1000
 11 Shofar                6441    22   25   40   32   34  -23   -5   23    3   33    0   58  -31   46   31  -14    4   27   39   12   24  118   61  199  -50   11  108   12   -7   59   69   93  143  150   95  421  263  557  902  970  922  965
 12 Granite               6413  -247 -205 -267  -78 -124 -126  -49   26  -26   10  -58    0 -165   81   20  -74 -109   39   79  -19  -41   15  332  225  -86  -31   30   25   82  159  101  176  336  236  887  277  397  594  996 1000  995 1000
 13 ACT-R Lag2            6209   -28  -88  -25   14  -32   15   29   50   35   97   31  165    0   24   43  -33   -2   30   25  -40    7    6  382  512  -90   16  -23   12   -4   76   45  105  511  135   17  232  327  579   60  999  998  997
 14 Sweet Rocky           6080   -41  -25  -68    4  -39  -62  -57  -20  -46  -73  -46  -81  -24    0  -63  -28  -21    3  -16  -31  -28  -63   66  -53  -12  -24   78   83  -29  103   56  180  298   81  996  172  343  590  994  997  995  991
 15 Piedra                5891   -34  -44  -71    0  -28  -23  -60  -22  -57  -74  -31  -20  -43   63    0  -36  -39   86  -26  -26  -60    1  156  -52    0  -15   69    5  -27  157  217  170  179  160  233  265  347  594  999  996  992  990
 16 Bugbrain              5773    -1  -58  -31  -50   15   -3  -33   11   29  116   14   74   33   28   36    0  -32   25  189  -47  -49   82   65   65   -4  -19   30  106  -10   21   79   55  106  136   58  281  143  415  971  972  975  980
 17 Yomi AI               5198  -804 -802  -44    0  -53  -20   30   63   19  148   -4  109    2   21   39   32    0   61  164  -12   35   84  229  154  -49   -5   38   55  384  133   96  138  433  125   24  250  244  590  295 1000  997  999
 18 * Anti-rotn           5105   -52  -61  -63  -46  -40  -90  -58  -60  -62  -62  -27  -39  -30   -3  -86  -25  -61    0  -44    5   28    0  242  404  -41  -51  -27   11  -49  221  -16   52   85  335   58  512  154  598  500  998  999  996
 19 ZQ Bot                5088  -300 -265 -238 -304  -82 -189 -107 -172  -64    2  -39  -79  -25   16   26 -189 -164   44    0  -54  -24  -67  301  -63  -58   -9   78   46   12  140  254  162  200  131  884  327  387  593  989  996  994  998
 20 Majikthise            4788   -37  -42   65   14   -1  -36   29   34   22   31  -12   19   40   31   26   47   12   -5   54    0   22   52  185  104  -25   -1    8    0   13   40  -51  -10  258  113  -12  265  160  408   -8  997  990  989
 21 Vroomfondel           4740    41  -41  -26   35   28  -28    2   58   -5   35  -24   41   -7   28   60   49  -35  -28   24  -22    0   64  209   26  -10    6  -19    2   28   30    2   60  152   93   35  235  240  452  -19  991  991  987
 22 Mixed Strategy        4209   -21 -173  -97  -74  -52  -76 -133  -61  -73  -24 -118  -15   -6   63   -1  -82  -84    0   67  -52  -64    0   64  -21  -35  -28   19   36   22   15   70  168   82   54  221   80  390  465  918  994  979  792
 23 Multi-strategy        1962  -316 -282 -208 -186 -310 -164 -223 -179 -173 -287  -61 -332 -382  -66 -156  -65 -229 -242 -301 -185 -209  -64    0 -145  -50  -20  252    2   55  124   25  123   74  296  -22  482  395  999  997  999  997  999
 24 Inocencio             1403  -243 -144 -239 -478 -165 -791  -36 -633  -48 -631 -199 -225 -512   53   52  -65 -154 -404   63 -104  -26   21  145    0   -2  -23  158   34  319  161   83  143  272   81   99  222  369  359  946  979  988  978
 25 * De Bruijn            747    -9  -22    1   22   -1   54   33   62    6   43   50   86   90   12    0    4   49   41   58   25   10   35   50    2    0   -1   47    6   21  -19   34   23  -25  -21  -20    5  -47  128   -1    0   21 -105
 26 * Pi                   266   -59    0   61   24  -38   12   24   21   27    9  -11   31  -16   24   15   19    5   51    9    1   -6   28   20   23    1    0    6   21   51  -17  -20  -81  -38  -15   10   46    9   30   22  -11  -11  -11
 27 * Copy-drift         -1954  -159  -86  -83 -261  -77  -60  -86 -281   25  -42 -108  -30   23  -78  -69  -30  -38   27  -78   -8   19  -19 -252 -158  -47   -6    0   15    4   11   -6   22  -45    3    5  -19   -3  -10  -12   -7   -1   51
 28 * Add-drift          -1974  -190  -81 -191 -241  -30 -125  -12 -264  -11  -61  -12  -25  -12  -83   -5 -106  -55  -11  -46    0   -2  -36   -2  -34   -6  -21  -15    0  -26   -6  -93   41  -46   -6   11  -51  -61    5  -14  -19   -8  -24
 29 * Foxtrot            -2257  -375 -378  -19    1 -390 -135   22   16  -24  -54    7  -82    4   29   27   10 -384   49  -12  -13  -28  -22  -55 -319  -21  -51   -4   26    0    0    7    2   19  -27  -35  -12    5  -14   13  -18   -6  -16
 30 * Flat               -2793  -167  -37 -145 -124 -165 -128  -78  -87  -78 -190  -59 -159  -76 -103 -157  -21 -133 -221 -140  -40  -30  -15 -124 -161   19   17  -11    6    0    0  -46   -3    5    0 -231   16   10  220  201    2   47 -407
 31 * Add-react          -2900  -330 -331 -290  -97  -48 -341  -73 -140 -114  -88  -69 -101  -45  -56 -217  -79  -96   16 -254   51   -2  -70  -25  -83  -34   20    6   93   -7   46    0  -22   26   20  -32    3  -26    0  -50   -4  -63    6
 32 * Text               -3244  -140 -103 -142 -138  -82  -55 -171 -154 -120 -178  -93 -176 -105 -180 -170  -55 -138  -52 -162   10  -60 -168 -123 -143  -23   81  -22  -41   -2    3   22    0  -33  -21   15   20   -2 -185  -74 -185  -11  112
 33 Knucklehead          -3307  -573 -428 -404 -236 -502 -467 -399 -263 -436 -376 -143 -336 -511 -298 -179 -106 -433  -85 -200 -258 -152  -82  -74 -272   25   38   45   46  -19   -5  -26   33    0    2  -87    8   -3  172  758 1000  947  972
 34 * Switch A Lot       -3516  -106 -105 -211 -255 -110 -122 -136 -230  -98 -110 -150 -236 -135  -81 -160 -136 -125 -335 -131 -113  -93  -54 -296  -81   21   15   -3    6   27    0  -20   21   -2    0 -139  -47  -14   -9  310   11    3  -87
 35 Peterbot             -5290  -891 -928 -914 -311 -714 -899 -756 -635 -290 -949  -95 -887  -17 -996 -233  -58  -24  -58 -884   12  -35 -221   22  -99   20  -10   -5  -11   35  231   32  -15   87  139    0  257  402  435  982 1000  998  993
 36 Always Switchin'     -7099  -199 -252 -402 -504 -310 -225 -491 -414 -402 -214 -421 -277 -232 -172 -265 -281 -250 -512 -327 -265 -235  -80 -482 -222   -5  -46   19   51   12  -16   -3  -20   -8   47 -257    0    4   59  507   15  -30    6
 37 R-P-S 20-20-60       -8668  -361 -181 -365 -392 -415 -290 -360 -414 -390 -408 -263 -397 -327 -343 -347 -143 -244 -154 -387 -160 -240 -390 -395 -369   47   -9    3   61   -5  -10   26    2    3   14 -402   -4    0 -461 -197 -428   17  410
 38 Beat Frequent Pick  -14259  -923 -934 -963 -587 -634 -602 -915 -592 -753 -592 -557 -594 -579 -590 -594 -415 -590 -598 -593 -408 -452 -465 -999 -359 -128  -30   10   -5   14 -220    0  185 -172    9 -435  -59  461    0 -600  999    0 1000
 39 Beat The Last Move  -19296  -985 -993 -988 -993 -995 -992 -995 -986 -991 -991 -902 -996  -60 -994 -999 -971 -295 -500 -989    8   19 -918 -997 -946    1  -22   12   14  -13 -201   50   74 -758 -310 -982 -507  197  600    0 1000    1  997
 40 Good Ole Rock       -26227  -1000 -999 -999 -998 -999 -999 -999 -996 -995 -998 -970 -1000 -999 -997 -996 -972 -1000 -998 -996 -997 -991 -994 -999 -979    0   11    7   19   18   -2    4  185 -1000  -11 -1000  -15  428 -999 -1000    0    0  998
 41 Rotate R-P-S        -26328  -988 -993 -994 -994 -995 -995 -993 -986 -990 -993 -922 -995 -998 -995 -992 -975 -997 -999 -994 -990 -991 -979 -997 -988  -21   11    1    8    6  -47   63   11 -947   -3 -998   30  -17    0   -1    0    0 -691
 42 * Anti-Flat         -27817  -992 -1000 -989 -1000 -992 -995 -998 -994 -992 -1000 -965 -1000 -997 -991 -990 -980 -999 -996 -998 -989 -987 -792 -999 -978  105   11  -51   24   16  407   -6 -112 -972   87 -993   -6 -410 -1000 -997 -998  691    0

 Match results (draw <= 50): 

    Player Name           total  W  L  D   1  2  3  4  5  6  7  8  9 10 11 12 13 14 15 16 17 18 19 20 21 22 23 24 25 26 27 28 29 30 31 32 33 34 35 36 37 38 39 40 41 42
  1 Iocaine Powder          69  28  0 13   1  2  2  2  1  1  1  2  1  1  1  1  1  1  2  2  1  1  2  1  2  2  1  2  2  2  2  2  2  2  2  2  2  2  2  2  2  2  2  2  2  2
  2 Phasenbott              68  28  1 12   0  1  1  2  1  1  2  2  1  2  1  2  1  1  2  2  1  1  2  1  2  2  2  1  2  2  2  2  2  2  2  1  2  2  2  2  2  2  2  2  2  2
  3 MegaHAL                 65  27  3 11   0  1  1  2  2  1  1  1  1  1  1  1  1  0  2  2  2  2  2  1  2  2  2  0  2  2  1  2  2  2  2  2  2  2  2  2  2  2  2  2  2  2
  4 RussRocker4             63  26  4 11   0  0  0  1  1  2  1  1  1  1  1  1  1  1  2  2  1  2  2  0  2  2  2  1  2  2  2  2  2  2  2  2  2  2  2  2  2  2  2  2  2  2
  5 Simple Modeller         62  22  1 18   1  1  0  1  1  1  1  1  1  1  1  1  1  1  2  2  1  1  2  1  2  1  2  1  2  2  1  2  2  2  2  2  2  2  2  2  2  2  2  2  2  2
  6 Biopic                  61  22  2 17   1  1  1  0  1  1  0  2  1  1  1  1  1  1  2  2  1  1  2  1  2  1  2  1  2  2  2  2  2  1  1  2  2  2  2  2  2  2  2  2  2  2
  7 Robertot                61  21  1 19   1  0  1  1  1  2  1  1  1  1  1  1  1  1  1  1  2  2  1  1  1  2  2  1  2  2  1  2  2  1  2  2  2  2  2  2  2  2  2  2  2  2
  8 Yomi AI                 60  22  3 16   0  0  1  1  1  0  1  1  1  1  1  1  1  1  2  2  1  1  2  1  2  2  2  1  2  1  2  2  1  2  2  2  2  2  2  2  2  2  2  2  2  2
  9 Shofar                  59  18  0 23   1  1  1  1  1  1  1  1  1  1  1  1  1  1  1  1  1  1  2  1  2  1  2  1  1  2  1  2  2  1  2  2  2  2  2  2  2  2  2  2  2  2
 10 Bugbrain                59  19  1 21   1  0  1  1  1  1  1  1  1  1  1  1  1  1  2  1  1  1  2  1  2  1  2  1  2  2  1  2  1  2  2  1  2  2  2  2  2  2  2  2  2  2
 11 Boom                    58  18  1 22   1  1  1  1  1  1  1  1  1  1  1  1  1  1  0  1  2  1  1  1  1  2  2  1  2  2  1  2  1  1  2  2  2  2  2  2  2  2  2  2  2  2
 12 ACT-R Lag2              54  15  2 24   1  0  1  1  1  1  1  1  1  1  1  1  1  1  2  1  1  1  2  0  2  1  1  1  1  1  1  2  1  1  1  2  2  2  2  2  2  2  2  2  2  2
 13 Vroomfondel             54  13  0 28   1  1  1  1  1  1  1  1  1  1  1  1  1  1  1  2  2  1  1  1  1  1  2  1  1  1  1  2  1  1  1  1  2  2  1  2  2  2  2  2  2  2
 14 Majikthise              53  13  1 27   1  1  2  1  1  1  1  1  1  1  1  1  1  1  1  1  1  1  1  1  2  1  2  1  2  1  1  2  1  1  0  1  2  2  1  1  2  2  2  2  2  2
 15 Marble                  53  21  9 11   0  0  0  0  0  0  1  0  1  0  2  0  1  1  1  1  2  2  1  1  2  2  1  1  1  2  2  2  1  2  2  2  2  2  2  2  2  2  2  2  2  2
 16 Simple Predictor        52  20  9 12   0  0  0  0  0  0  1  0  1  1  1  1  0  1  1  1  1  1  1  0  2  2  2  1  2  2  1  2  2  2  2  2  2  2  2  2  2  2  2  2  2  2
 17 Piedra                  52  17  6 18   1  1  0  1  1  1  0  1  1  1  0  1  0  1  0  1  1  2  1  1  0  2  1  1  1  2  1  2  2  1  2  2  2  2  2  2  2  2  2  2  2  2
 18 Sweet Rocky             49  16  8 17   1  1  0  0  1  1  0  1  1  1  1  1  1  1  0  1  0  1  0  1  0  1  0  1  1  2  1  2  2  2  2  2  2  2  2  2  2  2  2  2  2  2
 19 Granite                 48  18 11 12   0  0  0  0  0  0  1  0  0  0  1  0  1  1  1  1  1  2  1  0  2  1  1  1  2  2  2  2  1  1  2  2  2  2  2  2  2  2  2  2  2  2
 20 * De Bruijn             46   6  1 34   1  1  1  2  1  1  1  1  1  1  1  2  1  1  1  2  1  1  2  1  1  1  1  1  2  1  1  1  1  1  1  1  1  1  1  1  1  1  1  2  1  0
 21 Inocencio               45  19 15  7   0  0  0  0  0  0  1  0  0  0  1  0  1  0  0  0  2  2  0  1  1  0  1  1  2  2  2  2  2  1  2  2  2  2  2  2  2  2  2  2  2  2
 22 * Anti-rotn             44  14 11 16   0  0  0  0  1  1  0  0  1  1  0  1  1  1  0  0  0  1  1  1  2  1  1  0  1  2  1  2  1  1  1  2  2  2  2  2  2  2  2  2  2  2
 23 Mixed Strategy          43  15 13 13   1  0  0  0  0  0  0  0  0  0  0  1  0  0  1  0  1  2  1  1  1  1  1  1  2  2  1  2  1  1  2  1  2  2  2  2  2  2  2  2  2  2
 24 * Pi                    42   3  2 36   0  1  2  1  1  1  1  1  1  1  1  1  1  1  1  1  1  1  1  1  1  2  1  1  1  1  2  1  1  1  1  1  1  1  1  0  1  1  1  1  1  1
 25 ZQ Bot                  40  15 16 10   0  0  0  0  0  0  0  0  1  0  0  1  1  0  1  0  1  1  0  0  0  1  0  1  1  2  1  2  2  1  2  2  2  2  2  2  2  2  2  2  2  2
 26 Peterbot                32  10 19 12   0  0  0  0  0  0  0  1  0  0  0  1  1  1  0  0  0  0  0  1  0  0  0  1  0  1  1  1  1  1  1  2  2  2  2  1  2  2  2  2  2  2
 27 * Foxtrot               31   0 10 31   0  0  1  0  1  0  1  0  1  1  1  1  1  1  0  1  1  1  0  1  0  1  1  0  1  1  1  0  1  1  1  1  1  1  1  1  1  1  1  1  1  1
 28 Multi-strategy          31  13 23  5   0  0  0  0  0  0  0  0  0  0  0  0  0  0  0  0  0  0  0  1  0  0  0  1  0  1  2  1  2  1  1  2  2  2  2  2  2  2  2  2  2  2
 29 * Copy-drift            28   1 14 26   0  0  0  0  0  0  0  1  0  1  1  1  1  1  1  0  0  0  1  1  0  1  1  1  0  1  1  0  1  1  1  1  1  1  1  1  1  1  1  1  1  2
 30 * Add-drift             28   0 13 28   0  0  0  0  0  1  1  0  1  0  1  1  1  1  0  0  1  0  1  1  1  1  1  1  1  1  1  1  1  1  0  1  1  0  1  1  1  1  0  1  1  1
 31 * Add-react             24   2 19 20   0  0  0  0  0  1  0  0  0  0  0  1  1  2  0  0  0  0  0  1  0  1  0  1  0  1  1  1  1  2  1  1  1  1  1  1  1  1  1  1  0  1
 32 * Flat                  22   2 21 18   0  1  0  0  0  0  0  0  0  1  0  0  1  1  0  0  0  0  0  1  0  0  1  1  0  0  1  0  1  1  1  1  1  1  2  1  1  1  1  2  1  0
 33 Knucklehead             21   5 25 11   0  0  0  0  0  0  0  0  0  0  0  0  0  0  0  0  0  0  0  1  0  0  0  1  0  0  1  0  1  1  1  1  1  1  2  1  1  2  1  2  2  2
 34 Always Switchin'        19   3 25 13   0  0  0  0  0  0  0  0  0  0  0  0  0  0  0  0  0  0  0  1  0  0  0  1  0  0  1  0  1  2  1  1  1  1  2  1  1  1  1  2  1  1
 35 Beat The Last Move      19   5 27  9   0  0  0  0  0  0  0  0  0  0  0  0  1  1  0  0  0  0  0  1  0  0  0  1  0  0  1  0  1  1  1  0  0  0  1  2  0  2  2  2  1  2
 36 * Text                  17   2 26 13   0  0  0  0  0  0  0  0  0  0  0  0  0  1  0  0  0  0  0  1  0  0  0  2  0  1  1  0  1  1  1  1  1  1  0  1  1  0  1  0  1  2
 37 * Switch A Lot          16   1 26 14   0  0  0  0  0  0  0  0  0  0  0  0  0  0  0  0  0  0  0  1  0  0  0  1  0  0  1  0  1  1  1  1  1  1  2  1  1  1  1  1  1  0
 38 Good Ole Rock           16   3 28 10   0  0  0  0  0  0  0  0  0  0  0  0  0  0  0  0  0  0  0  1  0  0  0  1  0  0  1  0  1  1  1  1  0  1  0  2  1  1  2  0  1  2
 39 R-P-S 20-20-60          15   2 28 11   0  0  0  0  0  0  0  0  0  0  0  0  0  0  0  0  0  0  0  1  0  0  0  1  0  0  1  0  1  2  1  1  1  1  0  1  1  0  1  0  1  2
 40 Beat Frequent Pick      15   4 30  7   0  0  0  0  0  0  0  0  0  0  0  0  0  0  0  0  0  0  0  0  0  0  0  1  0  0  1  0  1  1  1  0  0  0  0  2  1  2  2  1  1  2
 41 Rotate R-P-S            15   1 27 13   0  0  0  0  0  0  0  0  0  0  0  0  0  0  0  0  0  0  0  1  0  0  0  1  0  0  1  0  1  1  2  1  0  1  1  1  1  1  1  1  1  0
 42 * Anti-Flat             13   4 32  5   0  0  0  0  0  0  0  0  0  0  0  0  0  0  0  0  0  0  0  2  0  0  0  1  0  0  1  0  0  1  1  2  0  1  0  0  2  0  0  0  2  1


   Yomi AI is match ranked 8

 Tournament results:
    Player Name          total 
  1 Yomi AI               5198 
 19 Iocaine Powder       11643 
 20 Phasenbott           11016 
 21 MegaHAL               9694 
 22 RussRocker4           8249 
 23 Biopic                8375 
 24 Simple Modeller       8405 
 25 Simple Predictor      7437 
 26 Robertot              7996 
 27 Boom                  6907 
 28 Shofar                6441 
 29 ACT-R Lag2            6209 
 32 Granite               6413 
 33 Marble                6894 
 35 Sweet Rocky           6080 
 36 Piedra                5891 
 41 Bugbrain              5773 

   Yomi is tournament ranked 17

