 Playing 1 tournaments with 1000 trials per match...

 Yomi AI            vs Good Ole Rock       Match:  985 (989+   4-   7=)
 Yomi AI            vs R-P-S 20-20-60      Match:  335 (554+ 219- 227=)
 Yomi AI            vs Rotate R-P-S        Match:  973 (979+   6-  15=)
 Yomi AI            vs Beat The Last Move  Match:   63 (381+ 318- 301=)
 Yomi AI            vs Always Switchin'    Match:  171 (438+ 267- 295=)
 Yomi AI            vs Beat Frequent Pick  Match:  515 (700+ 185- 115=)
 Yomi AI            vs * Pi                Match:  -27 (316+ 343- 341=)
 Yomi AI            vs * Switch A Lot      Match:  143 (433+ 290- 277=)
 Yomi AI            vs * Flat              Match:  140 (424+ 284- 292=)
 Yomi AI            vs * Anti-Flat         Match:  975 (981+   6-  13=)
 Yomi AI            vs * Foxtrot           Match:  319 (542+ 223- 235=)
 Yomi AI            vs * De Bruijn         Match:  -78 (298+ 376- 326=)
 Yomi AI            vs * Text              Match:  126 (418+ 292- 290=)
 Yomi AI            vs * Anti-rotn         Match:   13 (347+ 334- 319=)
 Yomi AI            vs * Copy-drift        Match:   19 (355+ 336- 309=)
 Yomi AI            vs * Add-react         Match:   51 (370+ 319- 311=)
 Yomi AI            vs * Add-drift         Match:   32 (360+ 328- 312=)
 Yomi AI            vs Iocaine Powder      Match:  -68 (299+ 367- 334=)
 Yomi AI            vs Phasenbott          Match:  -63 (314+ 377- 309=)
 Yomi AI            vs MegaHAL             Match:  -29 (349+ 378- 273=)
 Yomi AI            vs RussRocker4         Match:    3 (373+ 370- 257=)
 Yomi AI            vs Biopic              Match:    9 (368+ 359- 273=)
 Yomi AI            vs Simple Modeller     Match:  -33 (325+ 358- 317=)
 Yomi AI            vs Simple Predictor    Match:  -31 (338+ 369- 293=)
 Yomi AI            vs Robertot            Match:    8 (381+ 373- 246=)
 Yomi AI            vs Boom                Match:  -56 (322+ 378- 300=)
 Yomi AI            vs Shofar              Match:    1 (353+ 352- 295=)
 Yomi AI            vs ACT-R Lag2          Match:  -79 (310+ 389- 301=)
 Yomi AI            vs Majikthise          Match:   14 (355+ 341- 304=)
 Yomi AI            vs Vroomfondel         Match:  -26 (334+ 360- 306=)
 Yomi AI            vs Granite             Match:  102 (468+ 366- 166=)
 Yomi AI            vs Marble              Match:  113 (479+ 366- 155=)
 Yomi AI            vs ZQ Bot              Match:  112 (454+ 342- 204=)
 Yomi AI            vs Sweet Rocky         Match:   -1 (355+ 356- 289=)
 Yomi AI            vs Piedra              Match:   39 (377+ 338- 285=)
 Yomi AI            vs Mixed Strategy      Match:   94 (421+ 327- 252=)
 Yomi AI            vs Multi-strategy      Match:  291 (541+ 250- 209=)
 Yomi AI            vs Inocencio           Match:   68 (406+ 338- 256=)
 Yomi AI            vs Peterbot            Match:   74 (396+ 322- 282=)
 Yomi AI            vs Bugbrain            Match:  -35 (317+ 352- 331=)
 Yomi AI            vs Knucklehead         Match:  440 (635+ 195- 170=)
Error: return value out of range.
Error: return value out of range.
Error: return value out of range.
Error: return value out of range.
Error: return value out of range.
Error: return value out of range.
 Final results (draw value = 50):

 Tournament results: 

    Player Name          total     1    2    3    4    5    6    7    8    9   10   11   12   13   14   15   16   17   18   19   20   21   22   23   24   25   26   27   28   29   30   31   32   33   34   35   36   37   38   39   40   41   42
  1 Iocaine Powder       11303     0   76   40   35   45  112  503  145    2  223   66   34   12    4  224   30   68   51  309  -34   38   29  347  862   43   -4  141  112  375  166  301   93  -12  555  175  902  360  906  997  983  997  992
  2 MegaHAL              10290   -76    0  -56   27   24   -1  105   38   30  226   13    2    1  -49  261   13   29   91  224   46  -18  -48  307  946  -52   26  172   71   85  151  296  133  205  397  470  907  380  939  989  992 1000  994
  3 Phasenbott           10141   -40   56    0   22   26   13  525  111   13  223   76   30   37   -5  257   74   63   58  276   84  -44   -6  247  186   50   18  122  103  382   96  346  103   39  389  241  922  154  933  986  992  993  990
  4 Simple Modeller       8808   -35  -27  -22    0   29   43  -19  306   13   61   -5   29   66   -9   34   15   33   51  290  104  -27  -19  193   82  -24  -24  284  271  -14  127   97  125  239  243  476  850  401  591  993  993  997  997
  5 Biopic                8195   -45  -24  -26  -29    0   13    7   46   11   90   41   32   33  -24  114  -25   -9   33  110    4  -64   13  221  115   14   14   -5  100  399  106   66  122  150  487  306  798  432  583  993  999  997  997
  6 Robertot              7929  -112    1  -13  -43  -13    0  -55    5    9   43   -9   35   47   12   22  -11   -8   68   65   18   18  -41  308   83  -34   32   66   97  -19   54   75  150  123  434  482  998  402  834  812  996  998 1000
  7 RussRocker4           7631  -503 -105 -525   19   -7   55    0   64   46  155   20   22   56    3  166   68   -3   53  181   38   -3   -7  280  156  -83  -28  134  159  145  147  330   70   89  487  198  911  278  585  994  992  999  995
  8 Simple Predictor      6966  -145  -38 -111 -306  -46   -5  -64    0   39  -31  -33   58   89  -59  -15   30   31   67  169   76  -30   15  191  170  -73  -21  245  300  -65   80   99  149  221  298  424  292  410  592  985  986  995  997
  9 Boom                  6910    -2  -30  -13  -13  -11   -9  -46  -39    0   40  -35   24   36  -45  -13  -39   56   56   67  -17  -37    0  306  142  -22   -1    8  -42  -50  -46   98  109  147  385  397  453  365  753  991  990  997 1000
 10 Marble                6828  -223 -226 -223  -61  -90  -43 -155   31  -40    0 -140   69   32  -59   15 -104 -113   36   55   21  -13  -34  274  643  -60  -18   40   -4   54  153   88  185  210  306  286  928  437  592  994  991 1000  994
 11 ACT-R Lag2            6754   -66  -13  -76    5  -41    9  -20   33   35  140    0   92  -11  -32  106    3   79    2  145   44    4  -15  248  492  -43   10   17   32   11   87   71   99  188  549  185  278  298  580  250  995  999  985
 12 Piedra                6419   -34   -2  -30  -29  -32  -35  -22  -58  -24  -69  -92    0   20  -39  -21  -53  -39   44  -54   20  -43  -38   97  -40  -39  -37  -45    2  -41  148  359  164  169  151  198  998  394  590  991  990 1000 1000
 13 Sweet Rocky           6313   -12   -1  -37  -66  -33  -47  -56  -89  -36  -32   11  -20    0  -51   13  -46    1   54  -15  -53  -21  -62   96  -14  -13   16   41   40   22  149   91  177  106  147  185  911  396  592  992  996  995  986
 14 Shofar                6283    -4   49    5    9   24  -12   -3   59   45   59   32   39   51    0    4   -6   -1   32   31   63   -3  -24   94   18  -33   -6   48  109  -44   25   51  160  124   85  438  157  280  554  894  924  969  987
 15 Granite               6105  -224 -261 -257  -34 -114  -22 -166   15   13  -15 -106   21  -13   -4    0 -148 -102   41   13   51  -38  -19  303   13  -73  -18   15   35   77  186  118  172  179  333  232  925  406  592  992  993  999  995
 16 Bugbrain              6050   -30  -13  -74  -15   25   11  -68  -30   39  104   -3   53   46    6  148    0   35   63  148    9    5  -26  108   -7   29   34  139   55  -25   29   90   48  132  110  243  327  145  413  964  894  950  939
 17 Yomi AI               5702   -68  -29  -63  -33    9    8    3  -31  -56  113  -79   39   -1    1  102  -35    0   13  112   94   14  -26  291   68  -78  -27   32   19  319  140   51  126  143  440  171   74  335  515   63  973  985  975
 18 * Anti-rotn           5457   -51  -91  -58  -51  -33  -68  -53  -67  -56  -36   -2  -44  -54  -32  -41  -63  -13    0  -53  -43   57   25  268  244  -91  -36   82  -19  -25  199   14   54  316   91  486  499  211  499  497  999 1000  996
 19 ZQ Bot                5352  -309 -224 -276 -290 -110  -65 -181 -169  -67  -55 -145   54   15  -31  -13 -148 -112   53    0    5  -58  -48  265  -42  -40   -3   42   89   13  182  396  157  187  287  186  866  375  591  989  993  997  996
 20 Mixed Strategy        4976    34  -46  -84 -104   -4  -18  -38  -76   17  -21  -44  -20   53  -63  -51   -9  -94   43   -5    0  -53  -24   32   45  -25  -58    6   46  -50  -42   53  143    6  199  144  286  386  479  977  971  985 1000
 21 Majikthise            4958   -38   18   44   27   64  -18    3   30   37   13   -4   43   21    3   38   -5  -14  -57   58   53    0   24   92   53    7   17   72  -35   42   21   19   82  144  193  281   10  112  498   35  988  992  995
 22 Vroomfondel           4887   -29   48    6   19  -13   41    7  -15    0   34   15   38   62   24   19   26   26  -25   48   24  -24    0  175   84   27   -6  -18   28  -16   69   87   26  117  234  245   -2  156  399  -10  991  990  980
 23 Multi-strategy        2253  -347 -307 -247 -193 -221 -308 -280 -191 -306 -274 -248  -97  -96  -94 -303 -108 -291 -268 -265  -32  -92 -175    0  -93  -50  -20  -38  273    9  103   18  123  312   -2  469  500  402  999  997  997  999  998
 24 Inocencio             1890  -862 -946 -186  -82 -115  -83 -156 -170 -142 -643 -492   40   14  -18  -13    7  -68 -244   42  -45  -53  -84   93    0  -30  -34  -33   31  343  155   95  152  121  251  288  133  426  363  884  988  984  979
 25 * De Bruijn            819   -43   52  -50   24  -14   34   83   73   22   60   43   39   13   33   73  -29   78   91   40   25   -7  -27   50   30    0   -1   13   17   21   24   13   23   -6   -1   -2    6  -21  128   -1   21    0 -108
 26 * Pi                    48     4  -26  -18   24  -14  -32   28   21    1   18  -10   37  -16    6   18  -34   27   36    3   58  -17    6   20   34    1    0   14  -20   36   20    6  -81  -41  -29  -43   17  -27   30   22  -11  -11   -9
 27 * Add-drift          -1468  -141 -172 -122 -284    5  -66 -134 -245   -8  -40  -17   45  -41  -48  -15 -139  -32  -82  -42   -6  -72   18   38   33  -13  -14    0  -44  -30  -30  -66   52   22   32   -1    4   67    0   37   24   82  -23
 28 * Copy-drift         -1934  -112  -71 -103 -271 -100  -97 -159 -300   42    4  -32   -2  -40 -109  -35  -55  -19   19  -89  -46   35  -28 -273  -31  -17   20   44    0    8   53  -48  -34   -4  -37   -3    9  -30  -22   10    7  -44   26
 29 * Foxtrot            -1966  -375  -85 -382   14 -399   19 -145   65   50  -54  -11   41  -22   44  -77   25 -319   25  -13   50  -42   16   -9 -343  -21  -36   30   -8    0   43    0   27    8   20  -21  -28  -10  -28   18  -12  -11  -10
 30 * Flat               -2818  -166 -151  -96 -127 -106  -54 -147  -80   46 -153  -87 -148 -149  -25 -186  -29 -140 -199 -182   42  -21  -69 -103 -155  -24  -20   30  -53  -43    0  -17  -17  -22   12  -10 -186   -6  225  229  -28   -2 -401
 31 * Add-react          -3160  -301 -296 -346  -97  -66  -75 -330  -99  -98  -88  -71 -359  -91  -51 -118  -90  -51  -14 -396  -53  -19  -87  -18  -95  -13   -6   66   48    0   17    0    8  -47  -20   25  -19    2    3  -38  151    5  -33
 32 * Text               -3170   -93 -133 -103 -125 -122 -150  -70 -149 -109 -185  -99 -164 -177 -160 -172  -48 -126  -54 -157 -143  -82  -26 -123 -152  -23   81  -52   34  -27   17   -8    0   10   -5   31   17   21 -185  -74  -11 -185  111
 33 * Switch A Lot       -3385    12 -205  -39 -239 -150 -123  -89 -221 -147 -210 -188 -169 -106 -124 -179 -132 -143 -316 -187   -6 -144 -117 -312 -121    6   41  -22    4   -8   22   47  -10    0  -14   28  -99  -40    6  288   31   -2   -8
 34 Knucklehead          -4210  -555 -397 -389 -243 -487 -434 -487 -298 -385 -306 -549 -151 -147  -85 -333 -110 -440  -91 -287 -199 -193 -234    2 -251    1   29  -32   37  -20  -12   20    5   14    0    4  -43   -5   41  818   61  921 1000
 35 Always Switchin'     -6989  -175 -470 -241 -476 -306 -482 -198 -424 -397 -286 -185 -198 -185 -438 -232 -243 -171 -486 -186 -144 -281 -245 -469 -288    2   43    1    3   21   10  -25  -31  -28   -4    0 -259    9  -11  519   -1  -19  -13
 36 Peterbot             -8563  -902 -907 -922 -850 -798 -998 -911 -292 -453 -928 -278 -998 -911 -157 -925 -327  -74 -499 -866 -286  -10    2 -500 -133   -6  -17   -4   -9   28  186   19  -17   99   43  259    0  382  437  963  997 1000 1000
 37 R-P-S 20-20-60       -9122  -360 -380 -154 -401 -432 -402 -278 -410 -365 -437 -298 -394 -396 -280 -406 -145 -335 -211 -375 -386 -112 -156 -402 -426   21   27  -67   30   10    6   -2  -21   40    5   -9 -382    0 -367 -145   23 -378   28
 38 Beat Frequent Pick  -13833  -906 -939 -933 -591 -583 -834 -585 -592 -753 -592 -580 -590 -592 -554 -592 -413 -515 -499 -591 -479 -498 -399 -999 -363 -128  -30    0   22   28 -225   -3  185   -6  -41   11 -437  367    0 -600    0  999  997
 39 Beat The Last Move  -19298  -997 -989 -986 -993 -993 -812 -994 -985 -991 -994 -250 -991 -992 -894 -992 -964  -63 -497 -989 -977  -35   10 -997 -884    1  -22  -37  -10  -18 -229   38   74 -288 -818 -519 -963  145  600    0    1 1000  996
 40 Rotate R-P-S        -25515  -983 -992 -992 -993 -999 -996 -992 -986 -990 -991 -995 -990 -996 -924 -993 -894 -973 -999 -993 -971 -988 -991 -997 -988  -21   11  -24   -7   12   28 -151   11  -31  -61    1 -997  -23    0   -1    0    0 -656
 41 Good Ole Rock       -26172  -997 -1000 -993 -997 -997 -998 -999 -995 -997 -1000 -999 -1000 -995 -969 -999 -950 -985 -1000 -997 -985 -992 -990 -999 -984    0   11  -82   44   11    2   -5  185    2 -921   19 -1000  378 -999 -1000    0    0 1000
 42 * Anti-Flat         -27664  -992 -994 -990 -997 -997 -1000 -995 -997 -1000 -994 -985 -1000 -986 -987 -995 -939 -975 -996 -996 -1000 -995 -980 -998 -979  108    9   23  -26   10  401   33 -111    8 -1000   13 -1000  -28 -997 -996  656 -1000    0

 Match results (draw <= 50): 

    Player Name           total  W  L  D   1  2  3  4  5  6  7  8  9 10 11 12 13 14 15 16 17 18 19 20 21 22 23 24 25 26 27 28 29 30 31 32 33 34 35 36 37 38 39 40 41 42
  1 Phasenbott              69  28  0 13   1  1  1  2  2  1  1  2  1  1  2  2  2  1  1  1  1  1  2  2  2  2  2  1  2  2  2  2  2  2  2  2  2  1  2  2  2  2  2  2  2  2
  2 Iocaine Powder          68  27  0 14   1  1  1  2  2  1  1  2  2  1  1  2  2  1  1  1  1  1  2  2  2  1  2  1  2  2  2  2  2  2  2  2  2  1  2  2  2  2  2  2  2  2
  3 Simple Modeller         64  23  0 18   1  1  1  1  1  1  1  1  1  1  1  1  2  1  1  2  1  1  1  2  2  2  2  1  2  1  2  2  2  2  2  2  2  2  2  2  2  2  2  2  2  2
  4 RussRocker4             63  26  4 11   0  0  1  1  0  1  1  1  2  1  2  1  2  1  1  2  1  0  2  2  2  1  2  1  2  2  2  2  2  2  2  2  2  2  2  2  2  2  2  2  2  2
  5 MegaHAL                 61  23  3 15   0  0  1  2  1  1  1  1  1  1  1  1  1  1  1  1  1  0  2  2  2  1  2  1  2  2  2  2  2  2  2  2  2  2  2  2  2  2  2  2  2  2
  6 Biopic                  60  20  1 20   1  1  1  1  1  1  1  1  1  1  1  1  1  0  1  1  1  1  2  2  1  1  2  1  2  2  1  2  2  2  2  2  2  2  2  2  2  2  2  2  2  2
  7 Shofar                  59  18  0 23   1  1  1  1  1  1  1  1  1  1  1  1  2  1  1  2  1  1  1  2  1  2  1  1  1  1  1  2  2  2  2  2  1  2  2  2  2  2  2  2  2  2
  8 ACT-R Lag2              59  20  2 19   0  0  1  1  1  1  1  1  1  1  1  2  1  1  1  1  2  1  2  2  1  1  2  1  2  1  1  2  1  2  2  2  2  2  2  2  2  2  2  2  2  2
  9 Robertot                58  19  2 20   1  0  1  0  1  1  1  1  1  1  1  1  1  1  1  1  1  1  1  1  2  1  2  1  2  1  2  2  2  2  2  2  2  2  2  2  2  2  2  2  2  2
 10 Boom                    58  17  0 24   1  1  1  1  1  1  1  1  1  1  1  2  1  1  1  1  1  1  1  1  2  1  2  1  2  1  1  2  1  2  2  2  1  2  2  2  2  2  2  2  2  2
 11 Bugbrain                58  19  2 20   0  1  1  0  1  1  1  1  1  1  1  1  1  1  1  1  2  1  2  2  2  1  2  1  1  1  2  2  2  2  2  2  1  2  2  2  2  1  2  2  2  2
 12 Yomi AI                 56  20  5 16   0  0  1  1  1  1  1  0  1  0  1  1  1  1  1  1  1  0  2  2  1  2  2  1  2  2  1  2  1  2  2  2  2  2  2  2  2  2  2  2  2  2
 13 Simple Predictor        56  22  7 12   0  0  0  0  1  1  0  1  1  1  1  1  1  1  1  2  2  0  1  1  2  2  2  1  2  0  2  2  2  2  2  2  2  2  2  2  2  2  2  2  2  2
 14 Majikthise              55  15  1 25   1  1  1  1  1  2  1  1  1  1  1  1  1  1  1  1  1  1  1  1  0  2  2  1  2  1  2  2  1  1  1  2  1  2  1  2  2  2  2  2  2  2
 15 Vroomfondel             54  13  0 28   1  1  1  1  1  1  1  1  1  1  1  1  1  1  1  2  1  1  1  1  1  1  1  1  2  1  1  2  1  1  2  2  2  2  1  2  2  1  2  2  2  2
 16 Sweet Rocky             50  15  6 20   1  1  0  0  1  1  0  1  1  1  1  1  0  1  0  1  1  1  1  1  2  0  1  1  1  1  1  2  1  2  2  2  2  2  2  2  2  2  2  2  2  2
 17 Piedra                  50  14  5 22   1  1  1  1  1  1  1  0  1  1  0  1  0  1  1  1  1  1  1  0  1  1  0  1  1  1  1  2  1  2  2  2  2  2  2  2  2  2  2  2  2  2
 18 * De Bruijn             48   8  1 32   1  1  1  2  2  1  1  1  1  1  1  2  2  1  1  1  1  1  2  2  2  1  1  1  1  1  1  1  1  1  1  1  1  1  1  2  1  1  1  0  1  1
 19 Granite                 48  16  9 16   0  0  1  0  0  0  1  0  1  1  0  0  1  1  1  1  1  0  1  1  1  2  1  1  1  2  1  2  1  2  2  2  2  2  2  2  2  2  2  2  2  2
 20 Marble                  48  18 11 12   0  0  0  0  0  0  0  0  1  1  0  0  1  1  1  1  2  0  1  1  1  1  2  1  2  2  1  2  1  2  2  2  2  2  2  2  2  2  2  2  2  2
 21 * Anti-rotn             45  16 12 13   0  0  0  0  0  1  1  1  0  0  0  1  0  2  1  0  1  0  1  1  1  1  0  1  2  1  2  2  1  2  1  2  2  2  2  2  2  2  2  2  2  2
 22 Mixed Strategy          45  12  8 21   0  1  0  1  1  1  0  1  1  1  1  0  0  0  1  2  1  1  0  1  1  1  1  0  1  1  1  1  1  2  2  2  1  1  2  2  2  2  2  2  2  2
 23 ZQ Bot                  44  17 14 10   0  0  0  0  0  0  1  0  0  0  0  0  0  0  1  1  2  1  1  0  2  1  1  1  1  1  1  2  2  2  2  2  2  2  2  2  2  2  2  2  2  2
 24 * Pi                    41   1  1 39   1  1  1  1  1  1  1  1  1  1  1  1  1  1  1  1  1  1  1  1  1  2  1  1  1  1  1  1  1  1  1  1  1  1  1  1  1  0  1  1  1  1
 25 Inocencio               41  15 15 11   0  0  0  0  0  0  1  0  0  0  1  0  0  0  0  1  1  1  1  0  0  1  1  1  1  2  1  2  1  2  2  2  2  2  2  2  2  2  2  2  2  2
 26 * Foxtrot               33   1  9 31   0  0  1  0  0  0  1  1  1  1  1  0  2  1  1  1  1  1  0  0  1  1  1  1  0  1  1  1  1  1  1  1  1  1  1  1  1  1  1  1  1  1
 27 * Add-drift             33   3 11 27   0  0  0  0  0  1  1  1  0  1  0  1  0  0  1  1  1  1  1  1  0  1  1  1  1  1  1  1  1  1  0  1  1  1  1  1  1  2  2  1  1  2
 28 Multi-strategy          31  12 22  7   0  0  0  0  0  0  0  0  0  0  0  0  0  0  0  0  0  1  0  0  0  1  0  1  0  1  1  1  2  2  1  1  2  2  2  2  2  2  2  2  2  2
 29 * Copy-drift            30   1 12 28   0  0  0  0  0  0  0  1  0  1  0  1  0  1  1  1  1  1  1  1  1  1  0  1  1  1  1  0  1  1  1  1  2  1  1  1  1  1  1  1  1  1
 30 Peterbot                28   9 22 10   0  0  0  0  0  0  0  0  0  0  0  0  0  1  1  0  0  1  0  0  0  0  0  1  0  1  1  0  1  1  1  1  2  2  2  2  2  1  2  2  2  2
 31 * Add-react             22   2 21 18   0  0  0  0  0  0  0  0  0  0  0  0  0  1  0  0  0  1  0  0  1  0  0  1  0  1  2  1  1  1  1  1  1  1  1  1  1  1  1  1  2  1
 32 Knucklehead             22   4 23 14   0  0  0  0  0  0  0  0  0  0  0  0  0  0  0  0  0  1  0  0  0  0  0  1  0  1  1  1  1  1  1  1  1  1  2  1  1  1  2  2  2  1
 33 * Flat                  21   2 22 17   0  0  0  0  0  0  1  0  0  1  1  0  0  1  0  0  0  1  0  0  0  1  0  1  0  1  1  0  0  0  1  1  1  1  2  2  1  1  1  0  1  1
 34 * Switch A Lot          20   1 22 18   1  1  0  0  0  0  0  0  0  0  0  0  0  0  0  0  0  1  0  0  0  1  0  1  0  1  1  0  1  0  1  1  1  1  2  1  1  1  1  1  1  1
 35 Beat The Last Move      19   5 27  9   0  0  0  0  0  0  0  0  0  0  0  0  0  1  1  0  0  1  0  0  0  0  0  1  0  1  1  0  1  0  1  0  0  0  1  2  0  2  2  2  1  2
 36 Beat Frequent Pick      17   4 28  9   0  0  0  0  0  0  0  0  0  0  0  0  0  0  0  0  0  0  0  0  0  0  0  1  0  1  1  0  1  0  1  1  0  1  0  1  1  2  2  2  1  2
 37 Always Switchin'        17   1 25 15   0  0  0  0  0  0  0  0  0  0  0  0  0  0  0  0  0  1  0  0  0  0  0  1  0  1  1  0  1  0  1  1  1  1  2  1  1  1  1  1  1  1
 38 * Text                  17   2 26 13   0  0  0  0  0  0  0  0  0  0  1  0  0  0  1  0  0  1  0  0  0  0  0  2  0  1  0  0  1  1  1  1  1  1  0  0  1  1  0  2  1  1
 39 Good Ole Rock           15   3 29  9   0  0  0  0  0  0  0  0  0  0  0  0  0  0  0  0  0  1  0  0  0  0  0  1  0  1  0  0  1  0  1  0  1  1  0  0  1  2  1  2  1  2
 40 * Anti-Flat             14   3 30  8   0  0  0  0  0  0  0  0  0  0  0  0  0  0  0  0  0  2  0  0  0  0  0  1  0  1  1  0  1  0  1  0  2  1  0  0  1  0  0  1  2  1
 41 Rotate R-P-S            13   0 28 13   0  0  0  0  0  0  0  0  0  0  0  0  0  0  0  0  0  1  0  0  0  0  0  1  0  1  1  0  1  0  0  0  1  1  1  1  1  1  1  0  1  1
 42 R-P-S 20-20-60          12   0 29 12   0  0  0  0  0  0  0  0  0  0  0  0  0  0  0  0  0  1  0  0  0  0  0  1  0  1  0  0  1  0  1  1  1  1  0  0  1  1  0  1  1  1


   Yomi AI is match ranked 12

 Tournament results:
    Player Name          total 
  1 Yomi AI               5702 
 19 Iocaine Powder       11303 
 20 Phasenbott           10141 
 21 MegaHAL              10290 
 22 RussRocker4           7631 
 23 Biopic                8195 
 24 Simple Modeller       8808 
 25 Simple Predictor      6966 
 26 Robertot              7929 
 27 Boom                  6910 
 28 Shofar                6283 
 29 ACT-R Lag2            6754 
 32 Granite               6105 
 33 Marble                6828 
 35 Sweet Rocky           6313 
 36 Piedra                6419 
 41 Bugbrain              6050 

   Yomi is tournament ranked 17

