 Playing 1 tournaments with 1000 trials per match...

 Yomi AI            vs Good Ole Rock       Match: 1000 (1000+   0-   0=)
 Yomi AI            vs R-P-S 20-20-60      Match:  228 (476+ 248- 276=)
 Yomi AI            vs Rotate R-P-S        Match:  522 (650+ 128- 222=)
 Yomi AI            vs Beat The Last Move  Match:   66 (379+ 313- 308=)
 Yomi AI            vs Always Switchin'    Match:  176 (406+ 230- 364=)
 Yomi AI            vs Beat Frequent Pick  Match:  395 (600+ 205- 195=)
 Yomi AI            vs * Pi                Match:   14 (342+ 328- 330=)
 Yomi AI            vs * Switch A Lot      Match:  122 (414+ 292- 294=)
 Yomi AI            vs * Flat              Match:   33 (351+ 318- 331=)
 Yomi AI            vs * Anti-Flat         Match:  999 (999+   0-   1=)
 Yomi AI            vs * Foxtrot           Match:  308 (526+ 218- 256=)
 Yomi AI            vs * De Bruijn         Match:   11 (335+ 324- 341=)
 Yomi AI            vs * Text              Match:   96 (394+ 298- 308=)
 Yomi AI            vs * Anti-rotn         Match:   47 (355+ 308- 337=)
 Yomi AI            vs * Copy-drift        Match:  -21 (332+ 353- 315=)
 Yomi AI            vs * Add-react         Match:   10 (332+ 322- 346=)
 Yomi AI            vs * Add-drift         Match:   -9 (315+ 324- 361=)
 Yomi AI            vs Iocaine Powder      Match:   23 (349+ 326- 325=)
 Yomi AI            vs Phasenbott          Match:  -24 (331+ 355- 314=)
 Yomi AI            vs MegaHAL             Match:  -39 (325+ 364- 311=)
 Yomi AI            vs RussRocker4         Match:   17 (337+ 320- 343=)
 Yomi AI            vs Biopic              Match:  -12 (336+ 348- 316=)
 Yomi AI            vs Simple Modeller     Match:   31 (353+ 322- 325=)
 Yomi AI            vs Simple Predictor    Match:   10 (359+ 349- 292=)
 Yomi AI            vs Robertot            Match:   37 (378+ 341- 281=)
 Yomi AI            vs Boom                Match:   28 (345+ 317- 338=)
 Yomi AI            vs Shofar              Match:    2 (335+ 333- 332=)
 Yomi AI            vs ACT-R Lag2          Match:   -3 (335+ 338- 327=)
 Yomi AI            vs Majikthise          Match:    2 (336+ 334- 330=)
 Yomi AI            vs Vroomfondel         Match:   26 (342+ 316- 342=)
 Yomi AI            vs Granite             Match:   70 (415+ 345- 240=)
 Yomi AI            vs Marble              Match:   86 (415+ 329- 256=)
 Yomi AI            vs ZQ Bot              Match:   84 (413+ 329- 258=)
 Yomi AI            vs Sweet Rocky         Match:   44 (376+ 332- 292=)
 Yomi AI            vs Piedra              Match:   35 (381+ 346- 273=)
 Yomi AI            vs Mixed Strategy      Match:   22 (364+ 342- 294=)
 Yomi AI            vs Multi-strategy      Match:  187 (444+ 257- 299=)
 Yomi AI            vs Inocencio           Match:   35 (362+ 327- 311=)
 Yomi AI            vs Peterbot            Match:    9 (346+ 337- 317=)
 Yomi AI            vs Bugbrain            Match:   33 (351+ 318- 331=)
 Yomi AI            vs Knucklehead         Match:  316 (527+ 211- 262=)
 Final results (draw value = 50):

 Tournament results: 

    Player Name          total     1    2    3    4    5    6    7    8    9   10   11   12   13   14   15   16   17   18   19   20   21   22   23   24   25   26   27   28   29   30   31   32   33   34   35   36   37   38   39   40   41   42
  1 Iocaine Powder       10680     0   83   88   38   37  522  -20   52  165  240  -37  242   46  270   47  -23   36   50  -23    1   39    9  216   28   36  231  191  194  345  188  579   90  279  140  911  155  361  927  985  982  991  989
  2 Phasenbott            9852   -83    0   28   28   28  518   54   31  128  199    2  222   64  248   19   50   59   61   24   -2   36   62  220   45  -13  155  142   95  345   12  392   90  324   46  891  257  157  973  985  991  994  975
  3 MegaHAL               9770   -88  -28    0   13   32  116   20   34   65  262  -47  233  -10  269   56   -4   26   92   39  -20   68   -6  213  -25  -13  251  187  101  108  129  388  133  253  235  904  465  409  930  990  992  998 1000
  4 Simple Modeller       9045   -38  -28  -13    0   35  -12   35   24  269  109  -16   99   18  282   69   44   20   54  -31  -47   34    7  173  -54  -46  355  257  224    1  103  274  128  131  200  955  462  408  585  990  991  999  995
  5 Biopic                8240   -37  -28  -32  -35    0  -35   41   -4   53   96  -12  155   35   95   54  -17   59   39   12   -5   88   10  300  -18   -5  156   50   46  392   97  507  -56   89  124  694  313  384  648  995  998  996  998
  6 RussRocker4           7812  -522 -518 -116   12   35    0   32   37  128  164  -15  162   13  171   54    3   35   55  -17   22   67  -22  262  -17  -10  174  106  112  184  142  509   87  349  114  939  248  264  592  988  995  999  995
  7 Robertot              7697    20  -54  -20  -35  -41  -32    0  -25   16   57    7   19  -14  111   23   43   21   43  -37  -26   56  -11  248  -17   -5   37   36   85   14   88  424  174   80   80  677  466  419  818  968  995  998  991
  8 Boom                  7358   -52  -31  -34  -24    4  -37   25    0   47   55  -33   16  -11   98   28  -28   30   57  -28  -52   65  -27  287   24   -2   57   33   70  -20   52  423  106   84  242  435  377  399  753  991  990  995  994
  9 Simple Predictor      7213  -165 -128  -65 -269  -53 -128  -16  -47    0   -4  -43  -11   -9  180   23    6   42   54  -10  -64   56  -42  220  -73   19   43  332  262  -58   66  333  149  128  209  941  405  379  588  984  990  996  993
 10 Granite               6709  -240 -199 -262 -109  -96 -164  -57  -55    4    0  -60   -7 -108   43   44  -98   12   49  -70   -9  -42  -51  364  -51  -43  652  -17    8   39  166  312  177  184  203  888  332  404  592  989  992  998  995
 11 Shofar                6598    37   -2   47   16   12   15   -7   33   43   60    0   60   24   71   32   27   31   55   -2  -41   91   11  115   24  -32   15   -1   89   51  -22  160  109   42  206   92  439  363  559  907  924  994  951
 12 Marble                6162  -242 -222 -233  -99 -155 -162  -19  -16   11    7  -60    0 -116    9   15  -78   32   41  -86  -58   -6  -18  316  -53  -25  647   45   54   66  165  294  177   80  104  518  265  386  591  996  995 1000  996
 13 ACT-R Lag2            6097   -46  -64   10  -18  -35  -13   14   11    9  108  -24  116    0  108   71   -3   40   21    3   29   72   18  252  -86    5   79   38   39  -31  125  461   66   71  193  212  217  343  580  130  993  997  986
 14 ZQ Bot                5981  -270 -248 -269 -282  -95 -171 -111  -98 -180  -43  -71   -9 -108    0   49 -158   60   52  -84  -85   18  -89  167  -19  -24  783   33   64   18  145  240  159  395  173  920  194  372  593  985  992  995  988
 15 Piedra                5898   -47  -19  -56  -69  -54  -54  -23  -28  -23  -44  -32  -15  -71  -49    0  -24  -24   40  -35   11  -24  -20   59  -28  -31  -37   33   13  -15  186  103  183  239  112  532  281  354  593  989  994  998 1000
 16 Bugbrain              5811    23  -50    4  -44   17   -3  -43   28   -6   98  -27   78    3  158   24    0   43   29  -33  -32   35  -35  114  -27  -17   47   80   46   -8   42   94   95   98  100  273  223  186  423  925  895  966  989
 17 Sweet Rocky           5577   -36  -59  -26  -20  -59  -35  -21  -30  -42  -12  -31  -32  -40  -60   24  -43    0   48  -44  -32  -11  -29   16  -32    9  -12    2   35   50  140  204  163  222  129  117  143  402  594  993  996  999  997
 18 * Anti-rotn           5475   -50  -61  -92  -54  -39  -55  -43  -57  -54  -49  -55  -41  -21  -52  -40  -29  -48    0  -47  -38   26    4  242  -52  -36  803  -15   18  -39  197   61   57  -22  330   57  503  190  598  493  998 1000  987
 19 Yomi AI               5016    23  -24  -39   31  -12   17   37   28   10   70    2   86   -3   84   35   33   44   47    0   26   22    2  187   11   14   35   -9  -21  308   33  316   96   10  122    9  176  228  395   66  522 1000  999
 20 Vroomfondel           4953    -1    2   20   47    5  -22   26   52   64    9   41   58  -29   85  -11   32   32   38  -26    0   29   -1  123    5   13   46   18   -1   34  101  177   53  -22   87   48  231  189  444  -22  991  995  993
 21 Mixed Strategy        4873   -39  -36  -68  -34  -88  -67  -56  -65  -56   42  -91    6  -72  -18   24  -35   11  -26  -22  -29    0  -14   26  -50  -66    2    1   15   19   53   83  181   69  114  225  226  396  457  965  905  990  995
 22 Majikthise            4843    -9  -62    6   -7  -10   22   11   27   42   51  -11   18  -18   89   20   35   29   -4   -2    1   14    0  153  -31   46   82  -26    7   28   97  261  -12    8  172   27  240  139  460  -18  989  990  989
 23 Multi-strategy        2857  -216 -220 -213 -173 -300 -262 -248 -287 -220 -364 -115 -316 -252 -167  -59 -114  -16 -242 -187 -123  -26 -153    0  -50  -20  -80   20  241  -26  125   74  123   53  282  500  496  403  999  997  997  999  997
 24 * De Bruijn            583   -28  -45   25   54   18   17   17  -24   73   51  -24   53   86   19   28   27   32   52  -11   -5   50   31   50    0   -1    5  -46   13  -27    9   -4   23   -9   19   -9   57  -25  128   -1   21    0 -116
 25 * Pi                   368   -36   13   13   46    5   10    5    2  -19   43   32   25   -5   24   31   17   -9   36  -14  -13   66  -46   20    1    0   19   -4   10    1   23   11  -81   58   48   25   32  -39   30   22  -11  -11  -12
 26 Inocencio              -22  -231 -155 -251 -355 -156 -174  -37  -57  -43 -652  -15 -647  -79 -783   37  -47   12 -803  -35  -46   -2  -82   80   -5  -19    0  -13  177  324  122  243  155   86  102   91  195  405  360 -668  975  981  988
 27 * Add-drift          -1771  -191 -142 -187 -257  -50 -106  -36  -33 -332   17    1  -45  -38  -33  -33  -80   -2   15    9  -18   -1   26  -20   46    4   13    0  -15  -36  -49  -24  -78   23    0   -2    6   30    0   -2  -91  -63    3
 28 * Copy-drift         -1968  -194  -95 -101 -224  -46 -112  -85  -70 -262   -8  -89  -54  -39  -64  -13  -46  -35  -18   21    1  -15   -7 -241  -13  -10 -177   15    0   -6   72  -35   14   27   27  -55   -5   17  -30  -22    3    4    2
 29 * Foxtrot            -2077  -345 -345 -108   -1 -392 -184  -14   20   58  -39  -51  -66   31  -18   15    8  -50   39 -308  -34  -19  -28   26   27   -1 -324   36    6    0   17   -1   48  -20  -19  -31   33    1   50   -1  -40  -27  -26
 30 * Flat               -2699  -188  -12 -129 -103  -97 -142  -88  -52  -66 -166   22 -165 -125 -145 -186  -42 -140 -197  -33 -101  -53  -97 -125   -9  -23 -122   49  -72  -17    0    8   30    8   -4 -179  -23    3  235  196   49    1 -399
 31 Knucklehead          -2819  -579 -392 -388 -274 -507 -509 -424 -423 -333 -312 -160 -294 -461 -240 -103  -94 -204  -61 -316 -177  -83 -261  -74    4  -11 -243   24   35    1   -8    0   31   40   13   12   16   31   94  964  927  920 1000
 32 * Text               -2941   -90  -90 -133 -128   56  -87 -174 -106 -149 -177 -109 -177  -66 -159 -183  -95 -163  -57  -96  -53 -181   12 -123  -23   81 -155   78  -14  -48  -30  -31    0   -6    5    3   54   16 -185  -74  -11 -185  112
 33 * Add-react          -3222  -279 -324 -253 -131  -89 -349  -80  -84 -128 -184  -42  -80  -71 -395 -239  -98 -222   22  -10   22  -69   -8  -53    9  -58  -86  -23  -27   20   -8  -40    6    0   43  -40   59  -22    9   30   65    2  -17
 34 * Switch A Lot       -3870  -140  -46 -235 -200 -124 -114  -80 -242 -209 -203 -206 -104 -193 -173 -112 -100 -129 -330 -122  -87 -114 -172 -282  -19  -48 -102    0  -27   19    4  -13   -5  -43    0 -113  -14    5  -10  283   -8  -15  -47
 35 Peterbot             -6390  -911 -891 -904 -955 -694 -939 -677 -435 -941 -888  -92 -518 -212 -920 -532 -273 -117  -57   -9  -48 -225  -27 -500    9  -25  -91    2   55   31  179  -12   -3   40  113    0  260  404  443  982  997  998  993
 36 Always Switchin'     -7256  -155 -257 -465 -462 -313 -248 -466 -377 -405 -332 -439 -265 -217 -194 -281 -223 -143 -503 -176 -231 -226 -240 -496  -57  -32 -195   -6    5  -33   23  -16  -54  -59   14 -260    0   11   14  493    1   13   -4
 37 R-P-S 20-20-60       -9333  -361 -157 -409 -408 -384 -264 -419 -399 -379 -404 -363 -386 -343 -372 -354 -186 -402 -190 -228 -189 -396 -139 -403   25   39 -405  -30  -17   -1   -3  -31  -16   22   -5 -404  -11    0 -416 -140    0 -435   30
 38 Beat Frequent Pick  -14015  -927 -973 -930 -585 -648 -592 -818 -753 -588 -592 -559 -591 -580 -593 -593 -423 -594 -598 -395 -444 -457 -460 -999 -128  -30 -360    0   30  -50 -235  -94  185   -9   10 -443  -14  416    0 -600    0  999 1000
 39 Beat The Last Move  -17732  -985 -985 -990 -990 -995 -988 -968 -991 -984 -989 -907 -996 -130 -985 -989 -925 -993 -493  -66   22 -965   18 -997    1  -22  668    2   22    1 -196 -964   74  -30 -283 -982 -493  140  600    0    1 1000 1000
 40 Rotate R-P-S        -25664  -982 -991 -992 -991 -998 -995 -995 -990 -990 -992 -924 -995 -993 -992 -994 -895 -996 -998 -522 -991 -905 -989 -997  -21   11 -975   91   -3   40  -49 -927   11  -65    8 -997   -1    0    0   -1    0    0 -679
 41 Good Ole Rock       -26069  -991 -994 -998 -999 -996 -999 -998 -995 -996 -998 -994 -1000 -997 -995 -998 -966 -999 -1000 -1000 -995 -990 -990 -999    0   11 -981   63   -4   27   -1 -920  185   -2   15 -998  -13  435 -999 -1000    0    0 1000
 42 * Anti-Flat         -27620  -989 -975 -1000 -995 -998 -995 -991 -994 -993 -995 -951 -996 -986 -988 -1000 -989 -997 -987 -999 -993 -995 -989 -997  116   12 -988   -3   -2   26  399 -1000 -112   17   47 -993    4  -30 -1000 -1000  679 -1000    0

 Match results (draw <= 50): 

    Player Name           total  W  L  D   1  2  3  4  5  6  7  8  9 10 11 12 13 14 15 16 17 18 19 20 21 22 23 24 25 26 27 28 29 30 31 32 33 34 35 36 37 38 39 40 41 42
  1 Iocaine Powder          67  26  0 15   1  2  2  2  1  1  1  2  1  1  1  1  1  1  2  1  1  1  1  2  1  2  1  2  2  2  2  2  2  2  2  2  2  2  2  2  2  2  2  2  2  2
  2 Phasenbott              66  26  1 14   0  1  1  2  1  1  1  1  2  2  1  1  1  2  2  2  1  1  2  2  1  2  1  2  2  2  2  2  2  2  2  2  2  2  1  1  2  2  2  2  2  2
  3 MegaHAL                 66  26  1 14   0  1  1  2  1  1  1  1  1  1  1  1  1  1  2  1  2  1  2  2  2  2  1  2  2  2  2  2  2  2  2  2  2  2  2  2  2  2  2  2  2  2
  4 RussRocker4             63  25  3 13   0  0  0  1  1  1  1  1  1  1  1  1  1  1  2  1  2  1  2  2  2  2  1  2  2  2  2  2  2  2  2  2  2  2  2  2  2  2  2  2  2  2
  5 Simple Modeller         63  23  1 17   1  1  1  1  1  1  1  1  1  1  1  1  1  1  2  1  2  0  2  2  1  2  1  2  2  2  1  2  2  2  2  2  2  2  2  2  2  2  2  2  2  2
  6 Biopic                  62  22  1 18   1  1  1  1  1  1  1  1  1  1  1  1  1  1  2  2  2  1  1  2  2  2  1  2  2  2  2  1  2  1  2  2  0  2  2  2  2  2  2  2  2  2
  7 Shofar                  60  19  0 22   1  1  1  1  1  1  1  1  1  1  1  1  1  1  1  1  1  1  2  2  2  2  1  2  1  2  2  1  2  2  1  2  2  2  1  2  2  2  2  2  2  2
  8 Boom                    59  20  2 19   0  1  1  1  1  1  1  1  1  1  1  1  0  1  1  1  1  1  2  1  2  2  1  2  2  2  1  1  2  2  2  2  2  2  2  2  2  2  2  2  2  2
  9 ACT-R Lag2              59  20  2 19   1  0  1  1  1  1  1  1  1  1  1  1  1  1  1  1  2  0  1  2  2  2  1  2  2  2  1  1  2  1  2  2  2  2  2  2  2  2  2  2  2  2
 10 Robertot                58  18  1 22   1  0  1  1  1  1  1  1  1  1  1  1  1  1  1  1  1  1  1  1  2  2  1  2  1  2  1  1  2  2  2  2  2  2  2  2  2  2  2  2  2  2
 11 Bugbrain                58  17  0 24   1  1  1  1  1  1  1  1  1  1  1  1  1  1  1  1  1  1  1  2  1  2  1  2  1  2  1  2  2  1  2  2  2  2  1  2  2  2  2  2  2  2
 12 Yomi AI                 56  15  0 26   1  1  1  1  1  1  1  1  1  1  1  1  1  1  1  1  1  1  1  2  1  2  1  2  1  2  2  1  1  1  1  2  2  2  1  2  2  2  2  2  2  2
 13 Vroomfondel             56  15  0 26   1  1  1  1  1  1  1  2  1  1  1  1  1  1  2  1  1  1  1  2  1  2  1  1  1  2  1  1  1  1  1  2  2  1  2  2  2  2  2  2  2  2
 14 Majikthise              53  13  1 27   1  0  1  1  1  1  1  1  1  1  1  1  1  1  1  1  1  1  1  1  1  2  1  2  2  2  1  1  1  1  1  2  1  1  2  2  2  2  2  2  2  2
 15 Simple Predictor        51  19  9 13   0  0  0  0  0  0  1  1  1  1  1  1  0  1  1  1  1  0  2  1  2  2  1  1  1  2  0  2  2  2  2  2  2  2  2  2  2  2  2  2  2  2
 16 Sweet Rocky             51  13  3 25   1  0  1  1  1  0  1  1  1  1  1  1  1  1  1  1  1  1  1  1  1  0  1  1  1  1  1  1  2  1  2  2  2  2  2  2  2  2  2  2  2  2
 17 Piedra                  50  14  5 22   1  1  0  0  0  0  1  1  0  1  1  1  1  1  1  1  1  1  1  1  1  1  1  1  1  2  1  1  2  1  2  2  2  2  2  2  2  2  2  2  2  2
 18 * De Bruijn             48   8  1 32   1  1  1  1  2  1  1  1  2  1  1  1  1  1  2  1  1  1  2  2  1  1  1  2  1  1  1  1  1  1  1  1  1  1  1  1  1  2  2  0  1  1
 19 * Anti-rotn             46  14  9 18   1  0  0  0  0  1  0  0  1  1  1  1  1  1  0  1  1  0  1  1  1  0  1  1  2  2  1  1  2  1  1  2  2  2  2  2  2  2  2  2  2  2
 20 Marble                  46  17 12 12   0  0  0  0  0  0  0  1  0  1  0  0  0  1  1  1  1  0  1  1  1  1  1  1  2  2  2  1  2  2  2  2  2  2  2  2  2  2  2  2  2  2
 21 Mixed Strategy          45  13  9 19   1  1  0  0  1  0  0  0  0  0  1  1  1  1  0  1  1  1  1  1  1  1  0  1  1  1  1  1  2  1  2  2  2  2  2  2  2  2  2  2  2  2
 22 ZQ Bot                  44  18 15  8   0  0  0  0  0  0  0  0  0  0  0  0  0  0  0  2  1  1  2  1  1  1  1  1  2  2  1  1  2  2  2  2  2  2  2  2  2  2  2  2  2  2
 23 * Pi                    42   2  1 38   1  1  1  1  1  1  1  1  1  1  1  1  1  1  1  1  1  1  1  1  2  1  1  1  1  1  1  1  1  1  2  1  0  1  1  1  1  1  1  1  1  1
 24 Granite                 42  15 14 12   0  0  0  0  0  0  0  0  0  0  0  0  1  0  1  1  1  0  1  1  1  1  1  1  2  2  1  1  2  1  2  2  2  2  2  2  2  2  2  2  2  2
 25 Inocencio               42  15 14 12   0  0  0  0  0  0  1  0  0  1  1  1  1  0  1  1  1  1  0  0  1  0  1  0  1  2  2  1  2  2  2  2  2  0  2  2  2  2  2  2  2  2
 26 Multi-strategy          34  14 21  6   0  0  0  0  0  0  0  0  0  0  0  0  0  0  0  1  0  1  0  0  1  0  1  0  0  1  1  1  2  2  2  2  2  2  2  2  2  2  2  2  2  2
 27 * Foxtrot               33   1  9 31   0  0  0  0  1  0  0  1  1  1  1  0  1  1  2  1  1  1  1  0  1  1  1  1  0  1  1  1  1  1  1  1  1  1  1  1  1  1  1  1  1  1
 28 * Add-drift             31   0 10 31   0  0  0  0  0  1  1  1  1  1  0  1  1  1  0  1  1  1  1  1  1  1  1  1  1  1  1  1  1  1  1  1  0  1  1  1  0  1  1  1  0  1
 29 Peterbot                30  10 21 10   0  0  0  0  0  0  0  0  0  0  0  1  1  1  0  0  0  1  0  0  0  0  1  0  0  0  1  1  1  2  1  1  1  2  2  2  2  2  2  2  2  2
 30 * Copy-drift            28   1 14 26   0  0  0  0  0  1  0  0  1  0  1  1  1  1  0  1  1  1  1  0  1  0  1  1  0  0  1  1  0  1  1  1  1  1  2  1  1  1  1  1  1  1
 31 * Add-react             23   2 20 19   0  0  0  0  0  0  1  0  0  0  0  1  1  1  0  0  0  1  1  0  0  0  0  0  0  0  1  1  1  1  1  1  1  1  1  1  1  1  2  1  2  1
 32 Knucklehead             22   5 24 12   0  0  0  0  0  0  0  0  0  0  0  0  0  0  0  0  0  1  0  0  0  0  1  0  0  0  1  1  1  1  1  1  1  2  1  1  2  2  1  2  2  1
 33 * Text                  21   5 25 11   0  0  0  0  0  2  0  0  0  0  0  0  0  1  0  0  0  1  0  0  0  0  2  0  0  0  1  2  1  1  1  1  1  0  1  1  0  0  2  2  1  1
 34 Beat The Last Move      21   6 26  9   0  0  0  0  0  0  0  0  0  0  0  0  1  1  0  0  0  1  0  0  0  0  1  0  2  0  1  1  0  1  1  0  2  1  0  0  2  2  0  2  1  2
 35 * Flat                  20   2 23 16   0  1  0  0  0  0  1  0  0  0  1  1  0  0  0  0  0  1  0  0  0  0  1  0  0  0  1  1  0  0  1  1  1  2  1  1  1  2  1  0  1  1
 36 * Switch A Lot          18   1 24 16   0  1  0  0  0  0  0  0  0  0  0  0  0  0  0  0  0  1  0  0  0  0  1  0  0  0  1  1  0  1  1  1  1  2  1  1  1  1  1  1  1  1
 37 Good Ole Rock           17   4 28  9   0  0  0  0  0  0  0  0  0  0  0  0  0  0  0  0  0  1  0  0  0  0  1  0  0  0  1  2  0  1  1  0  2  0  1  1  1  0  1  2  1  2
 38 Beat Frequent Pick      16   4 29  8   0  0  0  0  0  0  0  0  0  0  0  0  0  0  0  0  0  0  0  0  0  0  1  0  0  0  1  1  0  1  1  0  2  0  0  1  2  1  1  2  1  2
 39 Always Switchin'        14   1 28 12   0  0  0  0  0  0  0  0  0  0  0  0  0  0  0  0  0  0  0  0  0  0  1  0  0  0  1  1  0  1  0  1  0  2  1  1  1  1  1  1  1  1
 40 * Anti-Flat             14   3 30  8   0  0  0  0  0  0  0  0  0  0  0  0  0  0  0  0  0  2  0  0  0  0  1  0  0  0  1  1  0  1  1  0  0  0  2  1  0  0  1  1  2  1
 41 Rotate R-P-S            14   1 28 12   0  0  0  0  0  0  0  0  0  0  0  0  0  0  0  0  0  1  0  0  0  0  1  0  0  0  1  2  0  1  0  0  1  1  1  1  1  1  1  0  1  1
 42 R-P-S 20-20-60          13   0 28 13   0  0  0  0  0  0  0  0  0  0  0  0  0  0  0  0  0  1  0  0  0  0  1  0  0  0  1  1  0  1  1  1  1  0  1  1  0  0  1  1  1  1


   Yomi AI is match ranked 12

 Tournament results:
    Player Name          total 
  1 Yomi AI               5016 
 15 * Anti-rotn           5475 
 19 Iocaine Powder       10680 
 20 Phasenbott            9852 
 21 MegaHAL               9770 
 22 RussRocker4           7812 
 23 Biopic                8240 
 24 Simple Modeller       9045 
 25 Simple Predictor      7213 
 26 Robertot              7697 
 27 Boom                  7358 
 28 Shofar                6598 
 29 ACT-R Lag2            6097 
 32 Granite               6709 
 33 Marble                6162 
 34 ZQ Bot                5981 
 35 Sweet Rocky           5577 
 36 Piedra                5898 
 41 Bugbrain              5811 

   Yomi is tournament ranked 19

