 Playing 1 tournaments with 1000 trials per match...

 Yomi AI            vs Good Ole Rock       Match: 1000 (1000+   0-   0=)
 Yomi AI            vs R-P-S 20-20-60      Match:  128 (417+ 289- 294=)
 Yomi AI            vs Rotate R-P-S        Match:  453 (631+ 178- 191=)
 Yomi AI            vs Beat The Last Move  Match:   22 (357+ 335- 308=)
 Yomi AI            vs Always Switchin'    Match:  160 (427+ 267- 306=)
 Yomi AI            vs Beat Frequent Pick  Match:  383 (623+ 240- 137=)
 Yomi AI            vs * Pi                Match:   46 (349+ 303- 348=)
 Yomi AI            vs * Switch A Lot      Match:   41 (354+ 313- 333=)
 Yomi AI            vs * Flat              Match:   27 (363+ 336- 301=)
 Yomi AI            vs * Anti-Flat         Match:  443 (618+ 175- 207=)
 Yomi AI            vs * Foxtrot           Match:  319 (548+ 229- 223=)
 Yomi AI            vs * De Bruijn         Match:  -50 (305+ 355- 340=)
 Yomi AI            vs * Text              Match:   42 (354+ 312- 334=)
 Yomi AI            vs * Anti-rotn         Match:   44 (366+ 322- 312=)
 Yomi AI            vs * Copy-drift        Match:  -24 (318+ 342- 340=)
 Yomi AI            vs * Add-react         Match:   59 (392+ 333- 275=)
 Yomi AI            vs * Add-drift         Match:  -20 (329+ 349- 322=)
 Yomi AI            vs Iocaine Powder      Match:  -23 (322+ 345- 333=)
 Yomi AI            vs Phasenbott          Match:    6 (342+ 336- 322=)
 Yomi AI            vs MegaHAL             Match:    4 (335+ 331- 334=)
 Yomi AI            vs RussRocker4         Match:   12 (343+ 331- 326=)
 Yomi AI            vs Biopic              Match:   14 (335+ 321- 344=)
 Yomi AI            vs Simple Modeller     Match:  -32 (320+ 352- 328=)
 Yomi AI            vs Simple Predictor    Match:   89 (410+ 321- 269=)
 Yomi AI            vs Robertot            Match:   -1 (356+ 357- 287=)
 Yomi AI            vs Boom                Match:  -27 (318+ 345- 337=)
 Yomi AI            vs Shofar              Match:  -22 (329+ 351- 320=)
 Yomi AI            vs ACT-R Lag2          Match:  -48 (295+ 343- 362=)
 Yomi AI            vs Majikthise          Match:  -37 (315+ 352- 333=)
 Yomi AI            vs Vroomfondel         Match:  -55 (309+ 364- 327=)
 Yomi AI            vs Granite             Match:   37 (389+ 352- 259=)
 Yomi AI            vs Marble              Match:    3 (358+ 355- 287=)
 Yomi AI            vs ZQ Bot              Match:   13 (358+ 345- 297=)
 Yomi AI            vs Sweet Rocky         Match:   10 (342+ 332- 326=)
 Yomi AI            vs Piedra              Match:   53 (372+ 319- 309=)
 Yomi AI            vs Mixed Strategy      Match:    7 (361+ 354- 285=)
 Yomi AI            vs Multi-strategy      Match:  257 (497+ 240- 263=)
 Yomi AI            vs Inocencio           Match:   56 (390+ 334- 276=)
 Yomi AI            vs Peterbot            Match:  -14 (329+ 343- 328=)
 Yomi AI            vs Bugbrain            Match:    9 (357+ 348- 295=)
 Yomi AI            vs Knucklehead         Match:  319 (548+ 229- 223=)
 Final results (draw value = 50):

 Tournament results: 

    Player Name          total     1    2    3    4    5    6    7    8    9   10   11   12   13   14   15   16   17   18   19   20   21   22   23   24   25   26   27   28   29   30   31   32   33   34   35   36   37   38   39   40   41   42
  1 Iocaine Powder       10602     0  154   16   39   57  164  510   -1   22  169  227   10  252   14   68   59   52   56   50    6  -13   23  280  178   28   17   98  340  236  201  582  225   90   10  883  239  406  909  985  987  994  980
  2 Phasenbott           10013  -154    0   52   22   45  130  532   21   50  205  243   -9  260   76   66   12   71   26   61    5   12   -6  223  173   45    9  145  351  118   76  369  387   90  106  998  245  119  879  987  992  996  985
  3 MegaHAL               9537   -16  -52    0  -35  -13   64   81   32   19  265  233   -7  253   27   10   24   18   31   92  -36  -30   -4  228  263  -25   13  175  110  -12  167  362  288  133  248  885  401  432  944  984  989 1000  996
  4 Simple Modeller       8663   -39  -22   35    0   21  248  -36   27   22  113   91  -12  290    7   19   89   13   44   54  -28  -35   32  183   31  -54   -8  281  -46  240   42  300  104  128  212  897  438  410  591  993  995  998  995
  5 Biopic                8222   -57  -45   13  -21    0   73  -30   26   24  119  113  -41   81   56   31  -46   11   38   39  -23    3  -14  125  179  -18    4    6  405  102  130  490  104  -56  187  989  313  371  561  993  995  996  996
  6 Simple Predictor      7889  -164 -130  -64 -248  -73    0  -66  -10    1   75   32   -5  210   37  -20   32   68   17   54  -26  -49  -89  220  586  -73   19  264    8  255   54  329  142  149  158  742  458  440  588  985  990  996  997
  7 RussRocker4           7698  -510 -532  -81   36   30   66    0   15    7  171  154   14  180   40  -13   32   32   62   55   -9  -20  -12  254  161  -17  -32  103  172  195   76  515  306   87  102  922  223  341  591  994  994  998  996
  8 Robertot              7680     1  -21  -32  -27  -26   10  -15    0   -9   58   37  -22   86   48    0   16   64   58   43  -53  -50    1  233    2  -17   -4  -17  -19  165   27  435   72  174   32  777  483  389  822  974  992  997  996
  9 Boom                  7226   -22  -50  -19  -22  -24   -1   -7    9    0   14   11  -27   21   59    0  -16   15   25   57    5  -22   27  156   15   24  -20   19   27  111  108  502   82  106  162  429  357  397  753  984  990  997  994
 10 Granite               6690  -169 -205 -265 -113 -119  -75 -171  -58  -14    0   57  -54   -3   21 -122  -34  -48   39   61   12  -27  -37  347  650  -51  -69   49   70   33  164  254   45  177  174  898  308  396  594  990  990  999  996
 11 Marble                6555  -227 -243 -233  -91 -113  -32 -154  -37  -11  -57    0  -67   -5    8 -173  -60   22   46   42  -49   -3   -3  376  640  -53  -30   16   56    1  135  352   82  177  134  869  270  393  594  994  990  999 1000
 12 Shofar                6489   -10    9    7   12   41    5  -14   22   27   54   67    0   32   47   -8  -44   16   40   33   19    9   22   87   84   -1  -18   24   -1  136   33  116   55   89  207  169  448  345  562  909  920  966  973
 13 ZQ Bot                6427  -252 -260 -253 -290  -81 -210 -180  -86  -21    3    5  -32    0   29 -114 -161   15   44   81  -84  -28  -13  214  781  -19  -55   38   -6   98  159  300  346  159  207  853  248  433  588  994  995  997  985
 14 Piedra                6261   -14  -76  -27   -7  -56  -37  -40  -48  -59  -21   -8  -47  -29    0  -34  -52  -50  -39   47  -45  -35  -53  134  -46  -28  -18   55   30   67  150   71  248  183  197  825  158  394  590  994  993  998  996
 15 ACT-R Lag2            5869   -68  -66  -10  -19  -31   20   13    0    0  122  173    8  114   34    0   23   81   45  -10    7    8   48  307   95  -86    5   -9  -28   19  129  469   50   66  194   39  237  285  577   43  993  997  995
 16 Bugbrain              5820   -59  -12  -24  -89   46  -32  -32  -16   16   34   60   44  161   52  -23    0   31   60   77  -19    0   -9  159   14  -27   18  107  -12   83   44  142   85   95   70  181  193  155  355  949  972  991  980
 17 Mixed Strategy        5440   -52  -71  -18  -13  -11  -68  -32  -64  -15   48  -22  -16  -15   50  -81  -31    0   19   42  -14  -40   -7  -56  239  -50  -39   23    4   35   29    9   77  181  184  359   94  378  478  973  951  984  998
 18 Sweet Rocky           5399   -56  -26  -31  -44  -38  -17  -62  -58  -25  -39  -46  -40  -44   39  -45  -60  -19    0   26  -13  -13  -10  125  -25  -32  -24   68  -63   48  126  168  144  163  146  142  127  330  596  990  995  997  999
 19 * Anti-rotn           5059   -50  -61  -92  -54  -39  -54  -55  -43  -57  -61  -42  -33  -81  -47   10  -77  -42  -26    0    1  -19  -44  235  509  -79  -45  -15  -49   18  242   54  -22   57  341   38  481  172  597  495  999  997 1000
 20 Vroomfondel           4831    -6   -5   36   28   23   26    9   53   -5  -12   49  -19   84   45   -7   19   14   13   -1    0  -35   55  226   80    5  -26   -1   24  -47  101  185  -19   53   87  -15  256  138  443    0  990  994  993
 21 Majikthise            4678    13  -12   30   35   -3   49   20   50   22   27    3   -9   28   35   -8    0   40   13   19   35    0   37  189   44  -31   22  -34    2   41   30  185  -37  -12  150  -16  203  174  423  -51  992  994  986
 22 Yomi AI               3703   -23    6    4  -32   14   89   12   -1  -27   37    3  -22   13   53  -48    9    7   10   44  -55  -37    0  257   56  -50   46  -20  319  -24   27  319   59   42   41  -14  160  128  383   22  453 1000  443
 23 Multi-strategy        2219  -280 -223 -228 -183 -125 -220 -254 -233 -156 -347 -376  -87 -214 -134 -307 -159   56 -125 -235 -226 -189 -257    0  -64  -50  -20    3   22  264  230   60   63  123  288  -29  441  400  999  997  997  999  998
 24 Inocencio             1463  -178 -173 -263  -31 -179 -586 -161   -2  -15 -650 -640  -84 -781   46  -95  -14 -239   25 -509  -80  -44  -56   64    0   -5  -21    9  292   57   81  230   98  155  174  108  267  410  362  954  982  978  977
 25 * De Bruijn            663   -28  -45   25   54   18   73   17   17  -24   51   53    1   19   28   86   27   50   32   79   -5   31   50   50    5    0   -1  -46  -21   12   12   -4   -9   23    3   -9    0   -2  128   -1   21    0 -107
 26 * Pi                   148   -17   -9  -13    8   -4  -19   32    4   20   69   30   18   55   18   -5  -18   39   24   45   26  -22  -46   20   21    1    0  -26  -12   -1  -12  -30    2  -81  -15   22   31  -27   30   22  -11  -11  -10
 27 * Add-drift          -1601   -98 -145 -175 -281   -6 -264 -103   17  -19  -49  -16  -24  -38  -55    9 -107  -23  -68   15    1   34   20   -3   -9   46   26    0   15  -37  -36  -60  -51  -78   29   12  -14   10   12   -8  -10    0  -70
 28 * Foxtrot            -2068  -340 -351 -110   46 -405   -8 -172   19  -27  -70  -56    1    6  -30   28   12   -4   63   49  -24   -2 -319  -22 -292   21   12  -15    0    9  -26  -42  -18   -2   13  -38   30   45   -7  -15  -29  -35   37
 29 * Copy-drift         -2360  -236 -118   12 -240 -102 -255 -195 -165 -111  -33   -1 -136  -98  -67  -19  -83  -35  -48  -18   47  -41   24 -264  -57  -12    1   37   -9    0  -18  -91   28   14   67  -36  -52   11  -26  -26  -23   -1   15
 30 * Flat               -2690  -201  -76 -167  -42 -130  -54  -76  -27 -108 -164 -135  -33 -159 -150 -129  -44  -29 -126 -242 -101  -30  -27 -230  -81  -12   12   36   26   18    0   -6  -55   42   17 -184  -31    5  238  187  -28    1 -395
 31 Knucklehead          -2735  -582 -369 -362 -300 -490 -329 -515 -435 -502 -254 -352 -116 -300  -71 -469 -142   -9 -168  -54 -185 -185 -319  -60 -230    4   30   60   42   91    6    0   26   31   17   58    4   96  111  946  586  965  990
 32 * Add-react          -2843  -225 -387 -288 -104 -104 -142 -306  -72  -82  -45  -82  -55 -346 -248  -50  -85  -77 -144   22   19   37  -59  -63  -98    9   -2   51   18  -28   55  -26    0    6   -3  -67   27   70   25   -9   20  -13    8
 33 * Text               -2872   -90  -90 -133 -128   56 -149  -87 -174 -106 -177 -177  -89 -159 -183  -66  -95 -181 -163  -57  -53   12  -42 -123 -155  -23   81   78    2  -14  -42  -31   -6    0   -9    3   22   19 -185  -74  -11 -185  112
 34 * Switch A Lot       -3695   -10 -106 -248 -212 -187 -158 -102  -32 -162 -174 -134 -207 -207 -197 -194  -70 -184 -146 -341  -87 -150  -41 -288 -174   -3   15  -29  -13  -67  -17  -17    3    9    0  -73   -4    7   11  288    7   11  -12
 35 Peterbot             -6576  -883 -998 -885 -897 -989 -742 -922 -777 -429 -898 -869 -169 -853 -825  -39 -181 -359 -142  -38   15   16   14   29 -108    9  -22  -12   38   36  184  -58   67   -3   73    0  260  396  430  963  997 1000  995
 36 Always Switchin'     -6804  -239 -245 -401 -438 -313 -458 -223 -483 -357 -308 -270 -448 -248 -158 -237 -193  -94 -127 -481 -256 -203 -160 -441 -267    0  -31   14  -30   52   31   -4  -27  -22    4 -260    0   -7   14  514  -18   18   -4
 37 R-P-S 20-20-60       -9299  -406 -119 -432 -410 -371 -440 -341 -389 -397 -396 -393 -345 -433 -394 -285 -155 -378 -330 -172 -138 -174 -128 -400 -410    2   27  -10  -45  -11   -5  -96  -70  -19   -7 -396    7    0 -409 -164    8 -402  127
 38 Beat Frequent Pick  -13756  -909 -879 -944 -591 -561 -588 -591 -822 -753 -594 -594 -562 -588 -590 -577 -355 -478 -596 -597 -443 -423 -383 -999 -362 -128  -30  -12    7   26 -238 -111  -25  185  -11 -430  -14  409    0 -600    0  999  996
 39 Beat The Last Move  -19158  -985 -987 -984 -993 -993 -985 -994 -974 -984 -990 -994 -909 -994 -994  -43 -949 -973 -990 -495    0   51  -22 -997 -954    1  -22    8   15   26 -187 -946    9   74 -288 -963 -514  164  600    0    1 1000  996
 40 Rotate R-P-S        -25338  -987 -992 -989 -995 -995 -990 -994 -992 -990 -990 -990 -920 -995 -993 -993 -972 -951 -995 -999 -990 -992 -453 -997 -982  -21   11   10   29   23   28 -586  -20   11   -7 -997   18   -8    0   -1    0    0 -692
 41 Good Ole Rock       -26210  -994 -996 -1000 -998 -996 -996 -998 -997 -997 -999 -999 -966 -997 -998 -997 -991 -984 -997 -997 -994 -994 -1000 -999 -978    0   11    0   35    1   -1 -965   13  185  -11 -1000  -18  402 -999 -1000    0    0  999
 42 * Anti-Flat         -27239  -980 -985 -996 -995 -996 -997 -996 -996 -994 -996 -1000 -973 -985 -996 -995 -980 -998 -999 -1000 -993 -986 -443 -998 -977  107   10   70  -37  -15  395 -990   -8 -112   12 -995    4 -127 -996 -996  692 -999    0

 Match results (draw <= 50): 

    Player Name           total  W  L  D   1  2  3  4  5  6  7  8  9 10 11 12 13 14 15 16 17 18 19 20 21 22 23 24 25 26 27 28 29 30 31 32 33 34 35 36 37 38 39 40 41 42
  1 Iocaine Powder          69  28  0 13   1  2  1  2  1  2  2  1  1  1  1  2  2  1  1  2  1  1  2  2  2  2  1  1  2  2  2  2  2  2  2  2  2  2  2  1  2  2  2  2  2  2
  2 Phasenbott              68  28  1 12   0  1  2  2  1  1  1  1  1  1  1  2  2  1  2  1  1  1  2  2  2  2  2  1  2  2  2  2  2  2  2  2  2  2  2  2  2  2  2  2  2  2
  3 MegaHAL                 63  23  1 17   1  0  1  2  1  1  1  1  1  1  1  2  1  1  1  1  1  1  1  2  2  2  2  1  2  2  2  2  2  2  1  2  2  2  2  2  2  2  2  2  2  2
  4 RussRocker4             62  24  3 14   0  0  0  1  1  1  1  1  1  1  1  2  1  1  1  2  1  1  1  2  2  2  2  1  2  2  2  2  2  2  2  2  2  2  2  2  2  2  2  2  2  2
  5 Simple Modeller         61  21  1 19   1  1  1  1  1  1  2  1  1  1  1  2  1  1  1  1  1  0  1  2  2  2  2  1  1  2  1  2  2  2  2  2  1  2  2  2  2  2  2  2  2  2
  6 Biopic                  60  21  2 18   0  1  1  1  1  1  1  1  1  1  1  2  1  1  2  1  1  1  1  2  2  2  1  1  2  2  2  2  1  2  2  2  2  2  0  2  2  2  2  2  2  2
  7 Bugbrain                59  20  2 19   0  1  1  1  0  1  1  1  1  1  1  1  1  1  2  2  1  1  1  1  2  2  2  1  1  2  1  2  2  2  2  2  1  2  2  2  2  2  2  2  2  2
  8 Boom                    58  17  0 24   1  1  1  1  1  1  1  1  1  1  1  1  1  1  2  1  1  1  1  1  1  1  2  1  1  2  1  2  1  2  2  2  2  2  2  2  2  2  2  2  2  2
  9 Shofar                  58  17  0 24   1  1  1  1  1  1  1  1  1  1  1  1  1  1  1  1  1  1  1  2  2  1  1  1  2  2  1  2  1  2  2  2  1  2  2  2  2  2  2  2  2  2
 10 Robertot                57  17  1 23   1  1  1  1  1  1  1  1  1  1  0  1  1  1  1  2  1  1  2  2  1  2  1  1  1  2  1  2  1  2  2  2  1  2  2  1  2  2  2  2  2  2
 11 Vroomfondel             56  15  0 26   1  1  1  1  1  1  1  1  1  2  1  1  1  2  1  1  1  1  1  1  1  2  1  1  2  2  1  1  1  2  1  1  2  1  2  2  2  2  2  2  2  2
 12 Simple Predictor        54  21  8 12   0  0  0  0  0  0  1  1  1  1  1  1  1  0  1  1  1  0  2  2  1  2  2  1  2  2  1  2  2  2  2  2  2  2  2  2  2  2  2  2  2  2
 13 ACT-R Lag2              54  16  3 22   0  0  1  1  1  1  1  1  1  1  1  1  1  1  1  1  1  0  2  2  2  2  1  1  2  2  1  1  1  2  1  1  2  1  2  2  2  2  2  2  2  2
 14 Yomi AI                 53  13  1 27   1  1  1  1  1  1  1  1  1  1  0  2  1  1  2  1  1  1  1  1  1  1  1  1  2  2  2  1  1  2  1  2  1  1  1  1  2  2  2  2  2  2
 15 Piedra                  52  16  5 20   1  0  1  1  1  0  0  0  1  1  1  1  1  0  1  1  1  1  1  1  1  1  1  1  1  2  1  2  2  2  2  2  2  2  2  2  2  2  2  2  2  2
 16 Sweet Rocky             51  15  5 21   0  1  1  0  1  1  0  1  1  0  1  1  1  1  1  1  1  1  1  1  1  1  1  1  1  2  0  2  2  2  1  2  2  2  2  2  2  2  2  2  2  2
 17 Majikthise              49   9  1 31   1  1  1  1  1  1  1  1  1  1  1  1  1  1  1  1  1  1  1  1  1  1  1  1  1  2  1  1  1  2  1  1  1  0  1  2  2  2  2  2  2  2
 18 * De Bruijn             47   7  1 33   1  1  1  1  2  1  1  1  1  1  1  2  2  1  1  1  1  1  1  2  2  1  2  1  1  1  1  1  1  1  1  1  1  1  1  1  1  2  1  0  1  1
 19 Mixed Strategy          47  12  6 23   0  0  1  1  1  1  1  1  1  0  1  0  0  1  1  1  1  1  1  1  1  1  1  1  2  0  1  2  1  1  1  2  1  2  2  2  2  2  2  2  2  2
 20 Granite                 46  17 12 12   0  0  0  0  0  0  1  1  0  0  1  0  0  1  1  1  1  0  1  1  2  1  2  0  2  2  2  2  1  2  1  1  2  2  2  2  2  2  2  2  2  2
 21 Marble                  46  16 11 14   0  0  0  0  0  0  0  1  0  1  1  1  0  1  1  1  1  0  1  0  1  1  1  1  2  2  2  2  1  2  1  2  2  2  2  2  2  2  2  2  2  2
 22 ZQ Bot                  46  17 12 12   0  0  0  0  0  0  0  1  1  0  0  0  0  1  1  1  1  1  1  1  1  1  2  0  2  2  1  2  1  2  2  2  2  2  2  2  2  2  2  2  2  2
 23 * Anti-rotn             44  13 10 18   1  0  0  0  0  1  0  0  1  1  1  0  1  1  1  1  1  0  1  0  1  0  1  1  2  2  1  1  1  2  1  1  2  2  2  2  2  2  2  2  2  2
 24 * Pi                    42   2  1 38   1  1  1  1  1  1  1  1  1  1  1  1  1  1  1  1  1  1  1  2  1  2  1  1  1  1  1  1  1  1  1  1  1  1  0  1  1  1  1  1  1  1
 25 Inocencio               42  16 15 10   0  0  0  0  1  0  1  1  0  1  0  0  0  0  1  1  1  1  0  0  0  0  0  1  1  2  2  2  1  2  2  2  2  2  2  2  2  2  2  2  2  2
 26 Multi-strategy          33  14 22  5   0  0  0  0  0  0  0  0  0  0  0  0  0  0  0  0  0  1  2  0  0  0  0  1  0  1  1  1  1  2  2  2  2  2  2  2  2  2  2  2  2  2
 27 * Foxtrot               33   1  9 31   0  0  0  0  1  0  1  1  1  1  1  1  1  0  1  2  1  1  1  0  0  1  1  1  0  1  1  1  1  1  1  1  1  1  1  1  1  1  1  1  1  1
 28 Peterbot                32  10 19 12   0  0  0  0  0  0  0  0  0  0  1  0  1  1  0  0  1  1  0  0  0  0  1  1  0  1  1  1  1  0  1  2  2  2  1  2  2  2  2  2  2  2
 29 * Add-drift             28   0 13 28   0  0  0  0  0  1  0  1  1  1  1  0  1  1  0  0  1  1  1  1  1  1  1  1  1  1  1  1  1  0  1  0  1  1  0  1  1  1  1  0  1  1
 30 Knucklehead             27   9 23  9   0  0  0  0  0  0  0  0  0  0  0  0  0  0  0  0  0  1  1  0  0  0  0  1  0  0  1  2  2  1  2  1  1  2  1  1  1  2  2  2  2  2
 31 * Copy-drift            26   1 16 24   0  0  1  0  0  0  0  0  0  0  1  0  1  1  0  1  1  1  1  1  1  0  1  1  0  0  1  1  1  0  1  1  1  1  1  2  0  1  1  1  1  1
 32 * Add-react             24   3 20 18   0  0  0  0  0  0  0  0  0  0  1  0  1  0  0  0  1  1  0  1  0  0  1  1  0  0  1  0  2  1  1  1  2  1  1  1  1  1  1  1  1  2
 33 * Flat                  23   2 20 19   0  0  0  0  1  0  1  0  1  1  0  0  0  1  0  0  1  1  1  0  0  0  0  1  0  0  1  0  1  1  1  0  1  2  1  1  1  2  1  0  1  1
 34 Beat The Last Move      22   6 25 10   0  0  0  0  0  0  0  0  0  0  1  0  1  1  0  0  2  1  0  0  0  0  0  1  0  0  1  0  1  0  1  1  0  1  2  0  0  2  2  2  1  2
 35 * Text                  21   4 24 13   0  0  0  0  0  2  0  0  0  0  0  0  0  1  0  0  1  1  0  0  0  0  0  2  0  0  1  1  2  1  1  1  1  0  1  1  1  0  0  2  1  1
 36 * Switch A Lot          19   1 23 17   1  0  0  0  0  0  0  0  0  1  0  0  0  1  0  0  0  1  0  0  0  0  0  1  0  0  1  0  1  1  0  1  1  2  1  1  1  1  1  1  1  1
 37 Always Switchin'        18   2 25 14   0  0  0  0  0  0  0  0  0  0  0  0  0  0  0  0  0  1  0  0  0  0  0  1  0  0  1  0  1  1  2  1  1  2  1  1  1  1  1  1  1  1
 38 Beat Frequent Pick      16   4 29  8   0  0  0  0  0  0  0  0  0  0  0  0  0  0  0  0  0  0  0  0  0  0  0  1  0  0  1  0  1  0  1  1  0  0  2  1  1  1  2  2  1  2
 39 Good Ole Rock           16   3 28 10   0  0  0  0  0  0  0  0  0  0  0  0  0  0  0  0  0  1  0  0  0  0  0  1  0  0  1  0  1  0  1  1  1  0  2  1  1  0  1  2  1  2
 40 * Anti-Flat             14   4 31  6   0  0  0  0  0  0  0  0  0  0  0  0  0  0  0  0  0  2  0  0  0  0  0  1  0  0  1  0  2  0  1  1  2  0  0  1  1  0  0  1  2  0
 41 Rotate R-P-S            14   0 27 14   0  0  0  0  0  0  0  0  0  0  0  0  0  0  0  0  0  1  0  0  0  0  0  1  0  0  1  0  1  0  1  1  1  1  1  1  1  1  1  0  1  1
 42 R-P-S 20-20-60          12   1 30 10   0  0  0  0  0  0  0  0  0  0  0  0  0  0  0  0  0  1  0  0  0  0  0  1  0  0  1  0  1  0  1  0  1  0  1  1  1  0  0  2  1  1


   Yomi AI is match ranked 14

 Tournament results:
    Player Name          total 
  1 Yomi AI               3703 
 15 * Anti-rotn           5059 
 19 Iocaine Powder       10602 
 20 Phasenbott           10013 
 21 MegaHAL               9537 
 22 RussRocker4           7698 
 23 Biopic                8222 
 24 Simple Modeller       8663 
 25 Simple Predictor      7889 
 26 Robertot              7680 
 27 Boom                  7226 
 28 Shofar                6489 
 29 ACT-R Lag2            5869 
 30 Majikthise            4678 
 31 Vroomfondel           4831 
 32 Granite               6690 
 33 Marble                6555 
 34 ZQ Bot                6427 
 35 Sweet Rocky           5399 
 36 Piedra                6261 
 37 Mixed Strategy        5440 
 41 Bugbrain              5820 

   Yomi is tournament ranked 22

