 Playing 1 tournaments with 1000 trials per match...

 Yomi AI            vs Good Ole Rock       Match: 1000 (1000+   0-   0=)
 Yomi AI            vs R-P-S 20-20-60      Match:   29 (341+ 312- 347=)
 Yomi AI            vs Rotate R-P-S        Match:  320 (471+ 151- 378=)
 Yomi AI            vs Beat The Last Move  Match:   44 (360+ 316- 324=)
 Yomi AI            vs Always Switchin'    Match:  106 (381+ 275- 344=)
 Yomi AI            vs Beat Frequent Pick  Match:  147 (406+ 259- 335=)
 Yomi AI            vs * Pi                Match:   11 (346+ 335- 319=)
 Yomi AI            vs * Switch A Lot      Match:   72 (378+ 306- 316=)
 Yomi AI            vs * Flat              Match:   23 (364+ 341- 295=)
 Yomi AI            vs * Anti-Flat         Match:  999 (999+   0-   1=)
 Yomi AI            vs * Foxtrot           Match:  147 (408+ 261- 331=)
 Yomi AI            vs * De Bruijn         Match:   26 (343+ 317- 340=)
 Yomi AI            vs * Text              Match:   74 (370+ 296- 334=)
 Yomi AI            vs * Anti-rotn         Match:  -19 (329+ 348- 323=)
 Yomi AI            vs * Copy-drift        Match:   14 (350+ 336- 314=)
 Yomi AI            vs * Add-react         Match:   -7 (331+ 338- 331=)
 Yomi AI            vs * Add-drift         Match:    7 (345+ 338- 317=)
 Yomi AI            vs Iocaine Powder      Match:  -43 (310+ 353- 337=)
 Yomi AI            vs Phasenbott          Match:  -18 (334+ 352- 314=)
 Yomi AI            vs MegaHAL             Match:    7 (345+ 338- 317=)
 Yomi AI            vs RussRocker4         Match:   -4 (354+ 358- 288=)
 Yomi AI            vs Biopic              Match:  -11 (335+ 346- 319=)
 Yomi AI            vs Simple Modeller     Match:   48 (365+ 317- 318=)
 Yomi AI            vs Simple Predictor    Match:    7 (367+ 360- 273=)
 Yomi AI            vs Robertot            Match:   30 (333+ 303- 364=)
 Yomi AI            vs Boom                Match:    7 (350+ 343- 307=)
 Yomi AI            vs Shofar              Match:    7 (347+ 340- 313=)
 Yomi AI            vs ACT-R Lag2          Match:    9 (341+ 332- 327=)
 Yomi AI            vs Majikthise          Match:   16 (339+ 323- 338=)
 Yomi AI            vs Vroomfondel         Match:   -6 (320+ 326- 354=)
 Yomi AI            vs Granite             Match:   46 (351+ 305- 344=)
 Yomi AI            vs Marble              Match:  106 (420+ 314- 266=)
 Yomi AI            vs ZQ Bot              Match:   45 (366+ 321- 313=)
 Yomi AI            vs Sweet Rocky         Match:    9 (336+ 327- 337=)
 Yomi AI            vs Piedra              Match:   33 (361+ 328- 311=)
 Yomi AI            vs Mixed Strategy      Match:    6 (340+ 334- 326=)
 Yomi AI            vs Multi-strategy      Match:  121 (392+ 271- 337=)
 Yomi AI            vs Inocencio           Match:   40 (358+ 318- 324=)
 Yomi AI            vs Peterbot            Match:  -20 (328+ 348- 324=)
 Yomi AI            vs Bugbrain            Match:   -2 (336+ 338- 326=)
 Yomi AI            vs Knucklehead         Match:  161 (397+ 236- 367=)
 Final results (draw value = 50):

 Tournament results: 

    Player Name          total     1    2    3    4    5    6    7    8    9   10   11   12   13   14   15   16   17   18   19   20   21   22   23   24   25   26   27   28   29   30   31   32   33   34   35   36   37   38   39   40   41   42
  1 Iocaine Powder       10985     0   15  190   38   -9   65  534  193  -19   42   40  285  248   20  -27   23   50  -15  294   22    5   43  247   28  258   36  345  227  166  188  596   90  265  140  214  882  407  902  990  988  990  989
  2 MegaHAL               9699   -15    0  -20  -28   45   42  121   52   17   29  -11  243  220  -26  -27   45   92  115  279    3   10   -7  169  -25  214  -13  108   70  185  129  352  133  283  235  453  886  417  941  994  990  999 1000
  3 Phasenbott            9672  -190   20    0   -8   30   33  513  134   84   25   78  214  236  -25   25   -9   61   23  287   -1    0   18  188   45  190  -13  345  106  124   12  384   90  365   46  237  998  109  956  981  993  993  975
  4 Simple Modeller       8943   -38   28    8    0   20    8  -34  238    1   32    1   86   73  -23   16   70   54   84  291   -7   -2  -48  218  -54  797  -46    1  272  302  103  264  128  101  200  464  320  447  593  994  988  998  995
  5 Boom                  8107     9  -45  -30  -20    0   38  -43  -21   -7   54  -29   46   78  -46  -42   56   57   52   47  -32  -34   -7  304   24  884   -2  -20    5   16   52  415  106  128  242  476  311  362  753  991  990  995  994
  6 Biopic                8071   -65  -42  -33   -8  -38    0   14   57   62   45   17  117  127  -26  -21    8   39   52  113   -9   -8   11  279  -18  177   -5  392   74   30   97  481  -56   37  124  317  855  389  497  995  998  998  998
  7 RussRocker4           7867  -534 -121 -513   34   43  -14    0  131   56   42   30  191  146  -55   13   29   55   69  189    7  -18    4  263  -17  149  -10  184   83  172  142  525   87  364  114  247  939  273  589  992  993  999  995
  8 Simple Predictor      7513  -193  -52 -134 -238   21  -57 -131    0  -16    3  -33   -5   46  -11   30   40   54   39  144    6  -47   -7  179  -73  443   19  -58  231  265   66  258  149  133  209  420  855  406  588  985  990  996  993
  9 Robertot              7512    19  -17  -84   -1    7  -62  -56   16    0   38  -10   45   90  -63  -55   15   43  111   84  -25   25  -30  160  -17   41   -5   14   70   37   88  423  174   86   80  471  529  401  915  968  997  999  991
 10 Piedra                7394   -42  -29  -25  -32  -54  -45  -42   -3  -38    0  -71  -64  -39  -60  -27   71  -15   19  -93  -42  -38  -33  112  -28  794  -31  -15   45   73  186  139  183  326  112  244  985  400  591  993  990  997 1000
 11 ACT-R Lag2            6659   -40   11  -78   -1   29  -17  -30   33   10   71    0  120  119    2    5   44   -9   41   92  -28    0   -9  217  -86   98    5  -31   27  -13  125  528   66   47  193  224 1000  291  584   44  993  996  986
 12 Marble                6617  -285 -243 -214  -86  -46 -117 -191    5  -45   64 -120    0   32  -21  -65    8   78   12   26  -23  -33 -106  277  -53  649  -25   66   62   83  165  299  177   84  104  267  869  393  591  994  990  999  996
 13 Granite               6529  -248 -220 -236  -73  -78 -127 -146  -46  -90   39 -119  -32    0   -1  -73   31   42  -10   54  -21  -17  -46  162  -51  646  -43   39   65   30  166  311  177   89  203  259  921  393  594  996  995  999  995
 14 Shofar                6510   -20   26   25   23   46   26   55   11   63   60   -2   21    1    0   -5   51   38   38   70  -68  -19   -7  129   -9  197  -18  -17   18   26   18  103  165   31  210  436   98  356  559  902  915  974  984
 15 Bugbrain              6207    27   27  -25  -16   42   21  -13  -30   55   27   -5   65   73    5    0   54   44   70  179    1  -38    2  104  -27   81  -17   -8   45  159   42  100   95   94  100  185  208  204  401  970  928  989  989
 16 Sweet Rocky           5941   -23  -45    9  -70  -56   -8  -29  -40  -15  -71  -44   -8  -31  -51  -54    0   42  -12  -23  -39  -18   -9  107  -32  -45    9   50   25   32  140  242  163  262  129  138  342  396  596  991  997  997  997
 17 * Anti-rotn           5581   -50  -92  -61  -54  -57  -39  -55  -54  -43   15    9  -78  -42  -38  -44  -42    0  -39  -48   30  -16   19  240  -52  -36  -37  -39   18  -15  197   17   57  -22  330  510  499  209  499 1000 1000  998  987
 18 Mixed Strategy        5053    15 -115  -23  -84  -52  -52  -69  -39 -111  -19  -41  -12   10  -38  -70   12   39    0    2  -68   -8   -6   60  -50  350  -66   19   33   28   53  168  181    0  114  103  109  301  454  980  956  994  995
 19 ZQ Bot                5027  -294 -279 -287 -291  -47 -113 -189 -144  -84   93  -92  -26  -54  -70 -179   23   48   -2    0    3  -69  -45  181  -19  -85  -24   18   13   55  145  236  159  307  173  146  929  325  589  993  998  998  988
 20 Vroomfondel           4842   -22   -3    1    7   32    9   -7   -6   25   42   28   23   21   68   -1   39  -30   68   -3    0  -20    6  144    5   21   13   34   56  -58  101  230   53   38   87  240  -24  175  483  -10  991  993  993
 21 Majikthise            4807    -5  -10    0    2   34    8   18   47  -25   38    0   33   17   19   38   18   16    8   69   20    0  -16  185  -31    5   46   28   34  -13   97  208  -12  -32  172  240   -9  137  442    6  993  993  989
 22 Yomi AI               3587   -43    7  -18   48    7  -11   -4    7   30   33    9  106   46    7   -2    9  -19    6   45   -6   16    0  121   26   40   11  147   14    7   23  161   74   -7   72  106  -20   29  147   44  320 1000  999
 23 Multi-strategy        2684  -247 -169 -188 -218 -304 -279 -263 -179 -160 -112 -217 -277 -162 -129 -104 -107 -240  -60 -181 -144 -185 -121    0  -50  -75  -20  -26  247   47  125   81  123   40  282  503   32  432  999  997  997  999  997
 24 * De Bruijn            547   -28   25  -45   54  -24   18   17   73   17   28   86   53   51    9   27   32   52   50   19   -5   31  -26   50    0    5   -1  -27   13  -46    9   -4   23   -9   19  -12   -9  -10  128   -1   21    0 -116
 25 Inocencio              251  -258 -214 -190 -797 -884 -177 -149 -443  -41 -794  -98 -649 -646 -197  -81   45   36 -350   85  -21   -5  -40   75   -5    0  -19  324   69   80  122  170  155   85  102  195  149  398  356  920  976  979  988
 26 * Pi                   192   -36   13   13   46    2    5   10  -19    5   31   -5   25   43   18   17   -9   37   66   24  -13  -46  -11   20    1   19    0  -14  -19   -4  -12    7  -81   58  -34   -1   25   -7   30   22  -11  -11  -12
 27 * Foxtrot            -1777  -345 -108 -345   -1   20 -392 -184   58  -14   15   31  -66  -39   17    8  -50   39  -19  -18  -34  -28 -147   26   27 -324   14    0    6   36   17   -1   48  -20  -19   19  -31   59   30   -6  -22   -8  -26
 28 * Copy-drift         -1986  -227  -70 -106 -272   -5  -74  -83 -231  -70  -45  -27  -62  -65  -18  -45  -25  -18  -33  -13  -56  -34  -14 -247  -13  -69   19   -6    0  -36   72  -62   14  -16   27    2   -7   18  -41  -23   12  -39    2
 29 * Add-drift          -1986  -166 -185 -124 -302  -16  -30 -172 -265  -37  -73   13  -83  -30  -26 -159  -32   15  -28  -55   58   13   -7  -47   46  -80    4  -36   36    0  -49  -60  -78  -85    0   22  -18    2    3    9   16   17    3
 30 * Flat               -2682  -188 -129  -12 -103  -52  -97 -142  -66  -88 -186 -125 -165 -166  -18  -42 -140 -197  -53 -145 -101  -97  -23 -125   -9 -122   12  -17  -72   49    0    8   30    8   -4   10 -179   -9  214  214   45   -1 -399
 31 Knucklehead          -2872  -596 -352 -384 -264 -415 -481 -525 -258 -423 -139 -528 -299 -311 -103 -100 -242  -17 -168 -236 -230 -208 -161  -81    4 -170   -7    1   62   60   -8    0   31   21   13   14    8   85  119  872  544 1000 1000
 32 * Text               -2970   -90 -133  -90 -128 -106   56  -87 -149 -174 -183  -66 -177 -177 -165  -95 -163  -57 -181 -159  -53   12  -74 -123  -23 -155   81  -48  -14   78  -30  -31    0   -6    5   23    3   52 -185  -74  -11 -185  112
 33 * Add-react          -3020  -265 -283 -365 -101 -128  -37 -364 -133  -86 -326  -47  -84  -89  -31  -94 -262   22    0 -307  -38   32    7  -40    9  -85  -58   20   16   85   -8  -21    6    0   43    8  -46   55    9  -39   21    1  -17
 34 * Switch A Lot       -3726  -140 -235  -46 -200 -242 -124 -114 -209  -80 -112 -193 -104 -203 -210 -100 -129 -330 -114 -173  -87 -172  -72 -282  -19 -102   34   19  -27    0    4  -13   -5  -43    0  -26 -113   28   11  278  -28   -6  -47
 35 Always Switchin'     -6850  -214 -453 -237 -464 -476 -317 -247 -420 -471 -244 -224 -267 -259 -436 -185 -138 -510 -103 -146 -240 -240 -106 -503   12 -195    1  -19   -2  -22  -10  -14  -23   -8   26    0 -268   33   34  484   -9   14   16
 36 Peterbot             -7205  -882 -886 -998 -320 -311 -855 -939 -855 -529 -985 -1000 -869 -921  -98 -208 -342 -499 -109 -929   24    9   20  -32    9 -149  -25   31    7   18  179   -8   -3   46  113  268    0  410  443  981  997  999  993
 37 R-P-S 20-20-60       -9302  -407 -417 -109 -447 -362 -389 -273 -406 -401 -400 -291 -393 -393 -356 -204 -396 -209 -301 -325 -175 -137  -29 -432   10 -398    7  -59  -18   -2    9  -85  -52  -55  -28  -33 -410    0 -404 -156   -9 -399   32
 38 Beat Frequent Pick  -13615  -902 -941 -956 -593 -753 -497 -589 -588 -915 -591 -584 -591 -594 -559 -401 -596 -499 -454 -589 -483 -442 -147 -999 -128 -356  -30  -30   41   -3 -214 -119  185   -9  -11  -34 -443  404    0 -600    0  999  996
 39 Beat The Last Move  -19674  -990 -994 -981 -994 -991 -995 -992 -985 -968 -993  -44 -994 -996 -902 -970 -991 -1000 -980 -993   10   -6  -44 -997    1 -920  -22    6   23   -9 -214 -872   74   39 -278 -484 -981  156  600    0    1 1000  996
 40 Rotate R-P-S        -25213  -988 -990 -993 -988 -990 -998 -993 -990 -997 -990 -993 -990 -995 -915 -928 -997 -1000 -956 -998 -991 -993 -320 -997  -21 -976   11   22  -12  -16  -45 -544   11  -21   28    9 -997    9    0   -1    0    0 -680
 41 Good Ole Rock       -26255  -990 -999 -993 -998 -995 -998 -999 -996 -999 -997 -996 -999 -999 -974 -989 -997 -998 -994 -998 -993 -993 -1000 -999    0 -979   11    8   39  -17    1 -1000  185   -1    6  -14 -999  399 -999 -1000    0    0  998
 42 * Anti-Flat         -27664  -989 -1000 -975 -995 -994 -998 -995 -993 -991 -1000 -986 -996 -995 -984 -989 -997 -987 -995 -988 -993 -989 -999 -997  116 -988   12   26   -2   -3  399 -1000 -112   17   47  -16 -993  -32 -996 -996  680 -998    0

 Match results (draw <= 50): 

    Player Name           total  W  L  D   1  2  3  4  5  6  7  8  9 10 11 12 13 14 15 16 17 18 19 20 21 22 23 24 25 26 27 28 29 30 31 32 33 34 35 36 37 38 39 40 41 42
  1 Iocaine Powder          66  25  0 16   1  1  2  1  2  1  1  2  1  1  1  1  1  1  2  1  2  1  2  1  1  1  2  2  1  2  2  2  2  2  2  2  2  2  2  2  2  2  2  2  2  2
  2 MegaHAL                 66  25  0 16   1  1  1  1  2  1  1  1  1  1  1  1  1  1  2  1  2  1  2  1  2  2  2  2  1  2  2  2  2  2  2  2  2  2  2  2  2  2  2  2  2  2
  3 Phasenbott              64  24  1 16   0  1  1  1  2  1  1  1  1  2  2  1  1  1  2  1  2  1  2  1  1  2  2  2  1  2  2  2  2  2  2  2  2  2  1  1  2  2  2  2  2  2
  4 Simple Modeller         64  24  1 16   1  1  1  1  1  1  1  1  1  1  1  1  1  1  2  1  2  2  2  0  2  2  2  2  1  1  2  2  2  2  2  2  2  2  2  2  2  2  2  2  2  2
  5 RussRocker4             62  25  4 12   0  0  0  1  1  1  1  1  0  1  2  1  1  1  2  1  2  1  2  1  2  2  2  2  1  2  2  2  2  2  2  2  2  2  2  2  2  2  2  2  2  2
  6 Bugbrain                62  21  0 20   1  1  1  1  1  1  1  1  1  1  2  1  1  1  1  1  2  2  2  1  2  1  2  2  1  1  2  2  1  2  2  2  2  2  1  2  2  2  2  2  2  2
  7 Boom                    61  20  0 21   1  1  1  1  1  1  1  1  1  1  1  1  2  1  1  1  1  2  2  1  2  2  2  1  1  1  2  2  1  1  2  2  2  2  2  2  2  2  2  2  2  2
  8 Biopic                  60  21  2 18   0  1  1  1  1  1  1  1  1  1  2  1  1  1  2  1  2  1  2  1  2  1  2  2  1  2  2  2  2  1  1  2  2  0  2  2  2  2  2  2  2  2
  9 Shofar                  58  18  1 22   1  1  1  1  2  1  1  1  1  1  2  0  2  1  1  1  1  2  1  1  1  1  2  2  1  1  2  2  1  1  1  2  2  2  1  2  2  2  2  2  2  2
 10 ACT-R Lag2              56  17  2 22   1  1  0  1  1  1  1  1  1  1  1  1  2  1  1  1  2  1  2  0  1  1  2  2  1  1  2  2  1  1  1  2  1  2  2  2  2  2  2  2  2  2
 11 Robertot                54  18  5 18   1  1  0  1  0  0  1  0  0  1  1  1  1  1  1  1  1  1  2  1  2  1  1  2  1  1  2  2  2  1  2  2  2  2  2  2  2  2  2  2  2  2
 12 Vroomfondel             54  14  1 26   1  1  1  1  1  1  1  1  2  1  1  1  1  1  1  1  1  1  1  1  2  1  1  1  1  1  2  1  2  0  1  2  1  2  2  2  2  2  2  2  2  2
 13 Piedra                  53  17  5 19   1  1  1  1  1  1  0  1  0  0  1  1  1  1  1  1  0  2  1  1  1  1  2  0  1  1  2  2  1  2  2  2  2  2  2  2  2  2  2  2  2  2
 14 Yomi AI                 52  11  0 30   1  1  1  1  1  1  1  1  1  1  1  1  1  1  1  1  2  1  1  1  1  1  1  1  1  2  2  1  1  1  1  2  1  2  1  2  2  2  2  2  2  1
 15 Simple Predictor        52  19  8 14   0  0  0  0  0  1  1  0  1  1  1  1  1  1  1  1  1  1  1  0  1  2  2  2  1  0  2  2  2  2  2  2  2  2  2  2  2  2  2  2  2  2
 16 Majikthise              52  11  0 30   1  1  1  1  1  1  1  1  1  1  1  1  1  1  1  1  1  1  1  1  1  1  1  2  1  1  2  1  1  1  1  2  1  1  2  2  2  2  2  2  2  2
 17 Marble                  51  20 10 11   0  0  0  0  0  0  1  0  1  0  1  1  2  0  1  1  1  1  1  0  1  2  2  1  1  2  2  2  2  2  2  2  2  2  2  2  2  2  2  2  2  2
 18 Sweet Rocky             50  14  5 22   1  1  1  0  1  0  0  1  0  1  1  1  0  1  1  1  1  1  1  1  1  1  1  1  1  1  2  2  1  1  2  2  2  2  2  2  2  2  2  2  2  2
 19 Granite                 47  17 11 13   0  0  0  0  0  0  0  0  1  0  0  1  1  1  1  1  1  1  1  0  1  1  2  2  1  1  2  2  2  1  2  2  2  2  2  2  2  2  2  2  2  2
 20 * De Bruijn             47   7  1 33   1  1  1  2  1  1  1  1  1  2  1  1  1  1  2  1  2  1  2  1  1  2  1  1  1  1  1  1  1  1  1  1  1  1  1  1  1  2  1  0  1  1
 21 Mixed Strategy          46  14  9 18   1  0  1  0  0  0  0  0  1  1  0  0  1  1  1  1  1  1  1  1  1  1  2  1  0  1  2  2  1  1  1  2  2  2  2  2  2  2  2  2  2  2
 22 * Anti-rotn             45  12  8 21   1  0  0  0  0  1  0  1  1  1  1  1  1  1  0  1  0  1  1  0  1  1  1  1  1  1  2  2  1  1  1  1  2  2  2  2  2  2  2  2  2  2
 23 Inocencio               44  18 15  8   0  0  0  0  0  0  0  0  0  0  1  1  0  1  0  1  0  1  0  1  0  1  1  2  1  2  2  2  2  2  2  2  2  2  2  2  2  2  2  2  2  2
 24 ZQ Bot                  43  16 14 11   0  0  0  0  0  0  1  0  0  0  0  1  2  1  0  0  1  1  0  1  1  1  0  1  1  1  2  2  1  2  2  2  2  2  2  2  2  2  2  2  2  2
 25 * Pi                    42   2  1 38   1  1  1  1  1  1  1  1  1  1  1  1  1  1  1  1  1  1  1  1  2  1  1  1  1  1  1  1  1  1  2  1  1  0  1  1  1  1  1  1  1  1
 26 * Foxtrot               35   2  8 31   0  0  0  1  0  1  1  0  1  1  1  1  1  0  2  1  0  1  1  1  1  1  0  1  1  1  1  1  1  1  1  1  1  1  1  1  1  1  1  1  1  2
 27 Multi-strategy          30  12 23  6   0  0  0  0  0  0  0  0  0  0  0  0  0  0  0  0  0  0  0  1  0  0  0  0  1  1  1  1  2  1  1  2  2  2  2  2  2  2  2  2  2  2
 28 Peterbot                30   9 20 12   0  0  0  0  0  0  0  0  0  0  0  1  0  1  0  1  0  0  0  1  0  0  0  0  1  1  1  1  1  1  1  1  2  1  2  2  2  2  2  2  2  2
 29 * Copy-drift            28   1 14 26   0  0  0  0  0  1  1  0  1  1  0  0  1  1  0  1  0  1  0  1  1  1  0  1  1  1  0  1  1  1  1  0  1  1  2  1  1  1  1  1  1  1
 30 * Add-drift             28   1 14 26   0  0  0  0  0  0  1  1  1  1  1  2  0  1  0  1  0  1  1  1  1  1  0  0  1  1  1  1  1  1  0  0  1  0  1  1  1  1  1  1  1  1
 31 * Add-react             27   2 16 23   0  0  0  0  0  0  0  1  1  1  0  1  0  1  0  1  0  0  0  1  1  1  0  0  0  1  1  1  1  2  1  1  1  1  1  1  1  1  1  1  1  2
 32 Knucklehead             26   8 23 10   0  0  0  0  0  0  0  0  0  0  0  0  0  0  0  0  0  0  0  1  0  1  0  0  1  1  0  1  2  2  1  1  2  1  1  1  1  2  2  2  2  2
 33 Beat The Last Move      21   5 25 11   0  0  0  0  0  0  0  0  0  1  0  1  0  1  0  1  0  0  0  1  0  0  0  0  1  1  0  0  1  1  1  0  1  2  0  0  0  2  2  2  1  2
 34 * Text                  21   5 25 11   0  0  0  0  0  0  0  2  0  0  0  0  0  0  0  1  0  0  0  1  0  0  0  0  2  1  0  1  1  2  1  1  0  1  1  1  1  0  0  2  1  2
 35 * Flat                  20   2 23 16   0  0  1  0  0  1  0  0  1  0  0  0  0  1  0  0  0  0  0  1  0  0  0  0  1  1  0  0  0  1  1  1  2  1  1  1  1  2  1  0  1  1
 36 * Switch A Lot          18   1 24 16   0  0  1  0  0  0  0  0  0  0  0  0  0  0  0  0  0  0  0  1  0  0  0  0  1  1  0  0  1  1  1  1  2  1  1  1  1  1  1  1  1  1
 37 Always Switchin'        17   1 25 15   0  0  0  0  0  0  0  0  0  0  0  0  0  0  0  0  0  0  0  1  0  0  0  0  1  1  0  0  1  1  1  1  2  1  1  1  1  1  1  1  1  1
 38 Beat Frequent Pick      16   4 29  8   0  0  0  0  0  0  0  0  0  0  0  0  0  0  0  0  0  0  0  0  0  0  0  0  1  1  0  0  1  1  1  0  0  2  0  1  1  1  2  2  1  2
 39 Good Ole Rock           16   3 28 10   0  0  0  0  0  0  0  0  0  0  0  0  0  0  0  0  0  0  0  1  0  0  0  0  1  1  0  0  1  1  1  0  0  2  1  1  1  0  1  2  1  2
 40 * Anti-Flat             14   3 30  8   0  0  0  0  0  0  0  0  0  0  0  0  0  0  0  0  0  0  0  2  0  0  0  0  1  1  0  0  1  1  1  0  0  0  2  1  1  0  0  1  2  1
 41 Rotate R-P-S            14   0 27 14   0  0  0  0  0  0  0  0  0  0  0  0  0  0  0  0  0  0  0  1  0  0  0  0  1  1  0  0  1  1  1  0  1  1  1  1  1  1  1  0  1  1
 42 R-P-S 20-20-60          10   0 31 10   0  0  0  0  0  0  0  0  0  0  0  0  0  1  0  0  0  0  0  1  0  0  0  0  1  0  0  0  1  1  0  0  0  0  1  1  1  0  0  1  1  1


   Yomi AI is match ranked 14

 Tournament results:
    Player Name          total 
  1 Yomi AI               3587 
 15 * Anti-rotn           5581 
 19 Iocaine Powder       10985 
 20 Phasenbott            9672 
 21 MegaHAL               9699 
 22 RussRocker4           7867 
 23 Biopic                8071 
 24 Simple Modeller       8943 
 25 Simple Predictor      7513 
 26 Robertot              7512 
 27 Boom                  8107 
 28 Shofar                6510 
 29 ACT-R Lag2            6659 
 30 Majikthise            4807 
 31 Vroomfondel           4842 
 32 Granite               6529 
 33 Marble                6617 
 34 ZQ Bot                5027 
 35 Sweet Rocky           5941 
 36 Piedra                7394 
 37 Mixed Strategy        5053 
 41 Bugbrain              6207 

   Yomi is tournament ranked 22

