 Playing 1 tournaments with 1000 trials per match...

 Yomi AI            vs Good Ole Rock       Match: 1000 (1000+   0-   0=)
 Yomi AI            vs R-P-S 20-20-60      Match:  305 (537+ 232- 231=)
 Yomi AI            vs Rotate R-P-S        Match:  995 (997+   2-   1=)
 Yomi AI            vs Beat The Last Move  Match:  184 (451+ 267- 282=)
 Yomi AI            vs Always Switchin'    Match:  247 (452+ 205- 343=)
 Yomi AI            vs Beat Frequent Pick  Match:  514 (688+ 174- 138=)
 Yomi AI            vs * Pi                Match:   22 (350+ 328- 322=)
 Yomi AI            vs * Switch A Lot      Match:  143 (433+ 290- 277=)
 Yomi AI            vs * Flat              Match:  136 (428+ 292- 280=)
 Yomi AI            vs * Anti-Flat         Match:  992 (995+   3-   2=)
 Yomi AI            vs * Foxtrot           Match:  376 (583+ 207- 210=)
 Yomi AI            vs * De Bruijn         Match:   -7 (317+ 324- 359=)
 Yomi AI            vs * Text              Match:  130 (418+ 288- 294=)
 Yomi AI            vs * Anti-rotn         Match:    6 (325+ 319- 356=)
 Yomi AI            vs * Copy-drift        Match:  -34 (306+ 340- 354=)
 Yomi AI            vs * Add-react         Match:   39 (354+ 315- 331=)
 Yomi AI            vs * Add-drift         Match:   37 (356+ 319- 325=)
 Yomi AI            vs Iocaine Powder      Match:  -54 (302+ 356- 342=)
 Yomi AI            vs Phasenbott          Match:    8 (333+ 325- 342=)
 Yomi AI            vs MegaHAL             Match:    4 (343+ 339- 318=)
 Yomi AI            vs RussRocker4         Match:  -12 (337+ 349- 314=)
 Yomi AI            vs Biopic              Match:   17 (346+ 329- 325=)
 Yomi AI            vs Simple Modeller     Match:  -23 (332+ 355- 313=)
 Yomi AI            vs Simple Predictor    Match:    3 (349+ 346- 305=)
 Yomi AI            vs Robertot            Match:  104 (413+ 309- 278=)
 Yomi AI            vs Boom                Match:  -20 (329+ 349- 322=)
 Yomi AI            vs Shofar              Match:  -11 (343+ 354- 303=)
 Yomi AI            vs ACT-R Lag2          Match:  -11 (333+ 344- 323=)
 Yomi AI            vs Majikthise          Match:   28 (363+ 335- 302=)
 Yomi AI            vs Vroomfondel         Match:  -23 (322+ 345- 333=)
 Yomi AI            vs Granite             Match:   28 (363+ 335- 302=)
 Yomi AI            vs Marble              Match:   84 (411+ 327- 262=)
 Yomi AI            vs ZQ Bot              Match:   64 (408+ 344- 248=)
 Yomi AI            vs Sweet Rocky         Match:   47 (392+ 345- 263=)
 Yomi AI            vs Piedra              Match:   46 (370+ 324- 306=)
 Yomi AI            vs Mixed Strategy      Match:   65 (390+ 325- 285=)
 Yomi AI            vs Multi-strategy      Match:  199 (477+ 278- 245=)
 Yomi AI            vs Inocencio           Match:  578 (753+ 175-  72=)
 Yomi AI            vs Peterbot            Match:  222 (489+ 267- 244=)
 Yomi AI            vs Bugbrain            Match:   31 (355+ 324- 321=)
 Yomi AI            vs Knucklehead         Match:  576 (709+ 133- 158=)
 Final results (draw value = 50):

 Tournament results: 

    Player Name          total     1    2    3    4    5    6    7    8    9   10   11   12   13   14   15   16   17   18   19   20   21   22   23   24   25   26   27   28   29   30   31   32   33   34   35   36   37   38   39   40   41   42
  1 Iocaine Powder       11051     0   -3   12   37   29  170  526   33   54   10   36   78   73  226  250   43  308   -5   50   31   48   55  402   -2   18  193  163  275  347  273   98  184  577   73  229  890  390  924  988  992  987  989
  2 Phasenbott            9846     3    0  -27   36   33  144  533   26   -8   16   -1   57   75  223  227   21  261   54   61   15   -2   18  157   39  -48  164  183  102  365  381   75  119  389   74  222  898   87  906  991  996  990  991
  3 Simple Modeller       9519   -12   27    0    9  -61  207  -39   25   23   21   55   46  -31  122   84   57  303   40   54   21  -50  166  218  -35  -23  735  235  214   -9  122  106   96  271  189  419  926  412  595  992 1000  990  999
  4 MegaHAL               9320   -37  -36   -9    0   -8   45   86   34   -4   -3   24   17   -3  207  220   89  245  -25   92    6  -34    7  169  -20  -16  165  182   18   99  269  133   90  414  240  404  877  458  944  992  998  991 1000
  5 Biopic                8698   -29  -33   61    8    0   77  -15  -20  -17   12   22   69   33  102  163   41  100   36   39   32  -25   53  240  -32  -28  176   15  137  407   83  152  166  480  152  370  686  386  623  993  999  992  992
  6 Simple Predictor      8108  -170 -144 -207  -45  -77    0  -75  -21   -3  -24    3   54    9   47   57    5  152    9   54  -22  -16   75  220  -73  -21  675  259  238    1   86  154  114  315  200  464  849  420  587  984  993  986  996
  7 RussRocker4           7744  -526 -533   39  -86   15   75    0   59   12   19   35    2   24  139  136   16  122   40   55  -17   56  116  198   27  -72  127   84  137  177  348   94  124  468  150  260  946  301  596  992  999  993  997
  8 Robertot              7614   -33  -26  -25  -34   20   21  -59    0 -104  -54  -10   48  -15   85  123   59   50   26   43  -29    6   41  204  -10  -32   16   -9   61    4   89  159   74  440   87  489  908  382  822  806  996  995 1000
  9 Yomi AI               7035   -54    8  -23    4   17    3  -12  104    0  -11  -20   46  -11   84   28   47   64   31    6   28  -23   65  199   -7   22  578   37  -34  376   39  130  136  576  143  247  222  305  514  184 1000  995  992
 10 Shofar                6985   -10  -16  -21    3  -12   24  -19   54   11    0   18   41  -30   89   61   22   83  -42   36   -8   35   80  133    2   -9  116   28  130   18   49  142   56  231  219  436  400  350  554  900  977  918  936
 11 Boom                  6860   -36    1  -55  -24  -22   -3  -35   10   20  -18    0   10  -26   81   52   40   12  -44   57  -21  -51    3  187    5  -20   28    3   74   31   65  118   96  381  186  414  225  401  753  981  997  990  994
 12 Piedra                6796   -78  -57  -46  -17  -69  -54   -2  -48  -46  -41  -10    0  -28  -42  -30   38  -67  -32   56  -11  -44   12  167  -14    5  -44   64   39   29  271  163  115  259  251  212  933  392  591  995  999  996  989
 13 ACT-R Lag2            6543   -73  -75   31    3  -33   -9  -24   15   11   30   26   28    0  158   95   24  145   35   16   13   53   66  243  -75   42   96  -37   16  -40  114   65  162  506  126  311  191  290  572  443  994  993  996
 14 Marble                6487  -226 -223 -122 -207 -102  -47 -139  -85  -84  -89  -81   42 -158    0   18   42   -5 -109   52  -98  -44  -10  305  -91  -19  644    6   90   26  159  184  165  334  218  229  911  422  592  996  999  996  996
 15 Granite               6247  -250 -227  -84 -220 -163  -57 -136 -123  -28  -61  -52   30  -95  -18    0   42   35  -56   44  -49   16   18  240  -43  -17  626   32   56   30  175  174  165  345  167  264  525  366  591  994 1000  995  996
 16 Sweet Rocky           6075   -43  -21  -57  -89  -41   -5  -16  -59  -47  -22  -40  -38  -24  -42  -42    0  -51  -62   27  -52  -13   49   59  -64    1  776   41    2   13  -12  178   94  181  201  214  148  367  590  995  996  990  993
 17 ZQ Bot                5981  -308 -261 -303 -245 -100 -152 -122  -50  -64  -83  -12   67 -145    5  -35   51    0 -174   34  -68  -54  -76  203  -50  -24  790   75   62  -18  302  152  154  238  163  129  940  398  594  989  995  991  993
 18 Bugbrain              5953     5  -54  -40   25  -36   -9  -40  -26  -31   42   44   32  -35  109   56   62  174    0   32    7   26   50  134  -24  -20   17   52   63   22   98   72  -14  156   72  223  281  192  405  932  978  944  977
 19 * Anti-rotn           5221   -50  -61  -54  -92  -39  -54  -55  -43   -6  -36  -57  -56  -16  -52  -44  -27  -34  -32    0  -32  -18  -30  259  -40  -38  633  -15    7  -43  -22   54  160   81  322  472   31  161  596  500  999  997  995
 20 Majikthise            4820   -31  -15  -21   -6  -32   22   17   29  -28    8   21   11  -13   98   49   52   68   -7   32    0  -34  -17  207  -19  -37   52  -23  -11   56  -13    1  103  233  131  298   68  161  455  -23  995  988  995
 21 Vroomfondel           4687   -48    2   50   34   25   16  -56   -6   23  -35   51   44  -53   44  -16   13   54  -26   18   34    0   29  157  -29   31   27   14   33   16  -15   50   70  231   98  262    1  100  446   23  993  991  991
 22 Mixed Strategy        4385   -55  -18 -166   -7  -53  -75 -116  -41  -65  -80   -3  -12  -66   10  -18  -49   76  -50   30   17  -29    0   32  -70  -26  -89   23   44  -32   57  153   27  107    8  138   38  394  442  973  994  959  983
 23 Multi-strategy        2793  -402 -157 -218 -169 -240 -220 -198 -204 -199 -133 -187 -167 -243 -305 -240  -59 -203 -134 -259 -207 -157  -32    0  -50  -20 -146   28  273  -18   72  123  208   75  231  445  500  415  999  997  999  997  998
 24 * De Bruijn            695     2  -39   35   20   32   73  -27   10    7   -2   -5   14   75   91   43   64   50   24   40   19   29   70   50    0   -1   45  -42  -21    2   -6   23  -25  -24    2   -3  -14   44  128   -1    0   21 -108
 25 * Pi                   387   -18   48   23   16   28   21   72   32  -22    9   20   -5  -42   19   17   -1   24   20   38   37  -31   26   20    1    0   31    5   -2  -19  -11  -81  -11  -33   57   61    7   11   30   22  -11  -11  -10
 26 Inocencio             -177  -193 -164 -735 -165 -176 -675 -127  -16 -578 -116  -28   44  -96 -644 -626 -776 -790  -17 -633  -52  -27   89  146  -45  -31    0    3  107  297  116  161  190  257  110  232  127  389  362  959  982  981  981
 27 * Add-drift          -1705  -163 -183 -235 -182  -15 -259  -84    9  -37  -28   -3  -64   37   -6  -32  -41  -75  -52   15   23  -14  -23  -28   42   -5   -3    0    7   21  -70   12  -29  -39  -25  -13  -34  -20  -28  -11  -56   44  -58
 28 * Copy-drift         -2158  -275 -102 -214  -18 -137 -238 -137  -61   34 -130  -74  -39  -16  -90  -56   -2  -62  -63   -7   11  -33  -44 -273   21    2 -107   -7    0   10   13  -18  -28  -18   36  -46    1   -1   19  -23    5   -4   13
 29 * Foxtrot            -2245  -347 -365    9  -99 -407   -1 -177   -4 -376  -18  -31  -29   40  -26  -30  -13   18  -22   43  -56  -16   32   18   -2   19 -297  -21  -10    0   22   -7    0   14   14  -45  -26   24   55  -15  -50  -17  -46
 30 * Add-react          -2885  -273 -381 -122 -269  -83  -86 -348  -89  -39  -49  -65 -271 -114 -159 -175   12 -302  -98   22   13   15  -57  -72    6   11 -116   70  -13  -22    0   55   54  -78  -11    9   -5    2    2   31    0   92   18
 31 * Text               -3102   -98  -75 -106 -133 -152 -154  -94 -159 -130 -142 -118 -163  -65 -184 -174 -178 -152  -72  -54   -1  -50 -153 -123  -23   81 -161  -12   18    7  -55    0   35   22    3   10   14   33 -185  -74 -185  -11  111
 32 * Flat               -3118  -184 -119  -96  -90 -166 -114 -124  -74 -136  -56  -96 -115 -162 -165 -165  -94 -154   14 -160 -103  -70  -27 -208   25   11 -190   29   28    0  -54  -35    0  -20   -2  -49 -191  -10  239  208    1  -23 -421
 33 Knucklehead          -3334  -577 -389 -271 -414 -480 -315 -468 -440 -576 -231 -381 -259 -506 -334 -345 -181 -238 -156  -81 -233 -231 -107  -75   24   33 -257   39   18  -14   78  -22   20    0    0    1   20   95  144  995  994  822  964
 34 * Switch A Lot       -3691   -73  -74 -189 -240 -152 -200 -150  -87 -143 -219 -186 -251 -126 -218 -167 -201 -163  -72 -322 -131  -98   -8 -231   -2  -57 -110   25  -36  -14   11   -3    2    0    0   23 -118   11   49  293    7  -11  -60
 35 Always Switchin'     -7032  -229 -222 -419 -404 -370 -464 -260 -489 -247 -436 -414 -212 -311 -229 -264 -214 -129 -223 -472 -298 -262 -138 -445    3  -61 -232   13   46   45   -9  -10   49   -1  -23    0 -258    1   -4  517   27   18   -2
 36 Peterbot             -7076  -890 -898 -926 -877 -686 -849 -946 -908 -222 -400 -225 -933 -191 -911 -525 -148 -940 -281  -31  -68   -1  -38 -500   14   -7 -127   34   -1   26    5  -14  191  -20  118  258    0  435  433  981  999  998  995
 37 R-P-S 20-20-60       -9431  -390  -87 -412 -458 -386 -420 -301 -382 -305 -350 -401 -392 -290 -422 -366 -367 -398 -192 -161 -161 -100 -394 -415  -44  -11 -389   20    1  -24   -2  -33   10  -95  -11   -1 -435    0 -440 -155 -371   -2  101
 38 Beat Frequent Pick  -14096  -924 -906 -595 -944 -623 -587 -596 -822 -514 -554 -753 -591 -572 -592 -591 -590 -594 -405 -596 -455 -446 -442 -999 -128  -30 -362   28  -19  -55   -2  185 -239 -144  -49    4 -433  440    0 -600  999    0 1000
 39 Beat The Last Move  -19747  -988 -991 -992 -992 -993 -984 -992 -806 -184 -900 -981 -995 -443 -996 -994 -995 -989 -932 -500   23  -23 -973 -997    1  -22 -959   11   23   15  -31   74 -208 -995 -293 -517 -981  155  600    0 1000    1  996
 40 Good Ole Rock       -26229  -992 -996 -1000 -998 -999 -993 -999 -996 -1000 -977 -997 -999 -994 -999 -1000 -996 -995 -978 -999 -995 -993 -994 -999    0   11 -982   56   -5   50    0  185   -1 -994   -7  -27 -999  371 -999 -1000    0    0 1000
 41 Rotate R-P-S        -26241  -987 -990 -990 -991 -992 -986 -993 -995 -995 -918 -990 -996 -993 -996 -995 -990 -991 -944 -997 -988 -991 -959 -997  -21   11 -981  -44    4   17  -92   11   23 -822   11  -18 -998    2    0   -1    0    0 -679
 42 * Anti-Flat         -27583  -989 -991 -999 -1000 -992 -996 -997 -1000 -992 -936 -994 -989 -996 -996 -996 -993 -993 -977 -995 -995 -991 -983 -998  108   10 -981   58  -13   46  -18 -111  421 -964   60    2 -995 -101 -1000 -996 -1000  679    0

 Match results (draw <= 50): 

    Player Name           total  W  L  D   1  2  3  4  5  6  7  8  9 10 11 12 13 14 15 16 17 18 19 20 21 22 23 24 25 26 27 28 29 30 31 32 33 34 35 36 37 38 39 40 41 42
  1 Iocaine Powder          68  27  0 14   1  1  1  1  1  2  1  2  1  2  2  1  1  1  2  1  1  1  2  1  2  2  1  2  2  2  2  2  2  2  2  2  2  2  2  2  2  2  2  2  2  2
  2 Phasenbott              68  27  0 14   1  1  1  1  1  2  1  1  2  2  2  1  1  1  2  1  1  1  2  2  2  2  1  1  2  2  2  2  2  2  2  2  2  2  2  2  2  2  2  2  2  2
  3 Biopic                  65  24  0 17   1  1  1  2  1  1  1  1  1  1  2  1  1  1  2  1  1  1  2  1  2  2  1  2  2  2  2  1  2  2  2  2  2  2  2  2  2  2  2  2  2  2
  4 Simple Modeller         65  25  1 15   1  1  0  1  1  1  1  1  1  1  2  2  1  1  1  1  2  1  2  2  2  2  1  2  2  1  2  2  2  2  2  2  2  2  2  2  2  2  2  2  2  2
  5 MegaHAL                 64  23  0 18   1  1  1  1  1  2  1  1  1  1  1  1  1  1  1  1  2  1  2  2  2  2  1  1  2  2  2  2  2  1  2  2  2  2  2  2  2  2  2  2  2  2
  6 RussRocker4             63  26  4 11   0  0  1  1  0  1  1  1  1  1  2  1  1  2  1  2  1  1  2  2  2  2  0  2  2  2  2  2  2  2  2  2  2  2  2  2  2  2  2  2  2  2
  7 Shofar                  61  20  0 21   1  1  1  1  1  1  1  1  1  1  1  1  1  2  1  1  1  1  2  1  2  2  1  2  2  1  2  1  2  2  1  2  2  2  2  2  2  2  2  2  2  2
  8 Yomi AI                 59  19  1 21   0  1  1  1  1  1  1  1  1  1  1  1  1  2  1  1  1  1  2  1  1  2  1  2  2  2  2  1  2  1  1  2  2  2  2  2  2  2  2  2  2  2
  9 Bugbrain                59  19  1 21   1  0  1  1  1  1  1  1  1  1  1  1  1  1  1  1  2  1  2  1  2  2  1  1  1  1  2  2  2  2  2  2  2  1  2  2  2  2  2  2  2  2
 10 ACT-R Lag2              58  20  3 18   0  0  1  1  1  1  1  1  1  1  1  1  1  1  1  2  1  0  2  1  2  2  1  2  2  1  2  1  2  1  2  2  2  2  2  2  2  2  2  2  2  2
 11 Simple Predictor        57  22  6 13   0  0  0  0  1  0  1  1  1  1  1  1  1  1  2  1  1  0  2  2  2  1  1  2  2  1  2  2  2  2  2  2  2  2  2  2  2  2  2  2  2  2
 12 Boom                    57  18  2 21   1  1  1  0  1  1  1  1  1  1  1  1  1  1  1  0  1  1  1  2  2  2  1  1  1  1  2  1  2  2  2  2  2  2  2  2  2  2  2  2  2  2
 13 Majikthise              57  16  0 25   1  1  1  1  1  1  1  1  1  1  1  1  1  1  1  1  2  1  2  1  1  2  1  1  2  2  2  1  2  1  1  2  1  2  2  1  2  2  2  2  2  2
 14 Robertot                56  18  3 20   1  1  1  1  1  0  0  0  1  1  1  1  1  1  1  1  2  1  1  1  2  2  1  1  1  1  2  1  2  2  2  2  2  2  2  2  2  2  2  2  2  2
 15 Piedra                  52  16  5 20   0  0  0  1  1  1  1  1  1  1  0  1  1  1  1  1  1  1  0  2  1  1  1  1  1  1  2  2  2  1  2  2  2  2  2  2  2  2  2  2  2  2
 16 Vroomfondel             51  12  2 27   1  1  1  1  1  0  1  1  1  0  1  2  1  1  1  1  1  1  2  1  1  1  1  1  1  1  2  1  1  1  1  2  1  2  2  1  2  2  2  2  2  2
 17 Sweet Rocky             48  14  7 20   1  1  1  0  0  1  1  1  0  1  1  1  0  0  1  1  1  0  0  1  1  1  1  1  2  1  2  1  2  1  1  2  2  2  2  2  2  2  2  2  2  2
 18 * De Bruijn             46   6  1 34   1  1  1  1  1  1  1  1  1  2  2  1  1  1  1  1  2  1  1  1  1  2  1  2  1  1  1  1  1  1  1  1  1  1  1  1  1  1  0  2  1  1
 19 ZQ Bot                  46  19 14  8   0  0  0  0  0  0  0  0  0  0  0  1  0  1  2  0  2  1  1  1  1  1  1  0  2  1  2  2  2  2  2  2  2  2  2  2  2  2  2  2  2  2
 20 * Anti-rotn             46  13  8 20   1  0  1  0  0  0  1  1  1  1  0  0  1  1  0  1  1  1  1  1  1  0  1  1  2  1  2  1  1  1  1  2  2  2  2  2  2  2  2  2  2  2
 21 Granite                 45  16 12 13   0  0  0  0  0  0  0  1  0  0  0  0  1  0  1  1  1  1  1  1  1  1  1  1  2  1  2  1  2  2  2  2  2  2  2  2  2  2  2  2  2  2
 22 Marble                  44  17 14 10   0  0  0  0  0  0  0  0  0  0  1  0  0  0  1  1  1  0  1  2  1  1  1  1  2  1  2  1  2  2  2  2  2  2  2  2  2  2  2  2  2  2
 23 * Pi                    43   3  1 37   1  1  1  1  1  2  1  1  1  1  1  1  1  1  1  1  1  1  1  1  1  1  1  1  1  1  1  1  1  1  1  1  1  1  1  0  2  2  1  1  1  1
 24 Mixed Strategy          42  11 10 20   0  1  0  0  1  0  0  0  1  0  0  1  1  1  1  1  1  0  2  1  1  1  1  1  0  1  1  1  1  1  2  2  2  1  2  2  1  2  2  2  2  2
 25 Inocencio               42  17 16  8   0  0  0  0  0  0  0  0  1  0  0  1  0  1  1  1  0  1  0  0  0  0  1  2  1  2  2  1  2  2  2  2  2  2  2  2  2  2  2  2  2  2
 26 * Foxtrot               34   1  8 32   0  0  0  1  0  0  1  0  1  1  1  1  0  1  1  1  1  1  1  1  1  1  1  1  0  1  1  1  1  1  1  1  1  1  1  1  1  1  1  2  1  1
 27 Multi-strategy          33  14 22  5   0  0  0  0  0  0  0  0  0  0  0  0  0  0  0  0  0  1  0  0  0  0  1  1  0  1  1  1  2  2  2  2  2  2  2  2  2  2  2  2  2  2
 28 * Add-drift             29   0 12 29   0  0  1  0  0  0  1  1  0  1  0  1  1  1  0  1  1  1  0  1  1  1  1  1  1  1  1  1  1  1  0  1  1  1  0  1  1  1  0  1  1  1
 29 Peterbot                29   9 21 11   0  0  0  0  0  0  0  0  0  0  0  0  0  0  0  1  0  1  0  1  0  0  1  1  0  1  0  1  1  1  1  1  2  2  2  1  2  2  2  2  2  2
 30 * Copy-drift            26   0 15 26   0  0  0  0  1  0  0  1  0  1  0  0  1  0  1  1  1  1  0  1  0  0  1  1  0  1  0  1  1  1  1  1  1  1  1  1  1  1  1  1  1  1
 31 * Add-react             26   4 19 18   0  0  0  0  0  0  1  1  0  0  0  0  1  0  0  1  1  1  0  1  0  0  1  0  0  1  0  2  1  1  1  0  1  2  1  2  1  1  1  1  2  1
 32 Knucklehead             24   7 24 10   0  0  0  0  0  0  0  0  0  0  0  0  0  0  0  0  0  1  0  0  0  0  1  0  0  1  0  1  1  1  2  1  2  1  2  1  1  1  2  2  2  2
 33 Beat The Last Move      19   5 27  9   0  0  0  0  0  0  0  0  0  0  0  0  1  0  0  1  0  1  0  0  0  0  1  0  0  1  0  1  0  1  1  0  1  0  2  2  0  0  2  2  1  2
 34 * Flat                  18   2 25 14   0  0  0  0  0  0  0  0  1  0  0  0  0  0  0  0  0  1  0  0  0  0  1  1  0  1  0  1  0  1  0  1  2  1  1  1  1  1  0  2  1  1
 35 Good Ole Rock           17   4 28  9   0  0  0  0  0  0  0  0  0  0  0  0  0  0  0  0  0  1  0  0  0  0  1  0  0  1  0  2  0  1  1  0  0  1  1  2  1  1  2  0  1  2
 36 * Text                  17   2 26 13   0  0  0  0  0  0  0  0  0  0  0  0  1  0  0  1  0  1  0  0  0  0  2  0  0  1  0  1  1  1  0  1  0  1  0  1  1  1  2  0  1  1
 37 * Switch A Lot          16   1 26 14   0  0  0  0  0  0  0  0  0  0  0  0  0  0  0  0  0  1  0  0  0  0  0  1  0  1  0  1  0  1  1  1  2  1  1  1  1  1  0  1  1  1
 38 Always Switchin'        16   1 26 14   0  0  0  0  0  0  0  0  0  0  0  0  0  0  0  0  0  1  0  0  0  0  0  0  0  1  0  1  0  1  1  1  2  1  1  1  1  1  1  1  1  1
 39 * Anti-Flat             15   5 31  5   0  0  0  0  0  0  0  0  0  0  0  0  0  0  0  0  0  2  0  0  0  0  1  0  0  1  0  2  0  1  1  0  0  2  0  0  2  1  1  0  2  0
 40 Beat Frequent Pick      15   4 30  7   0  0  0  0  0  0  0  0  0  0  0  0  0  0  0  0  0  0  0  0  0  0  1  0  0  0  0  1  0  1  1  0  0  0  2  2  1  1  2  1  1  2
 41 Rotate R-P-S            13   0 28 13   0  0  0  0  0  0  0  0  0  0  0  0  0  0  0  0  0  1  0  0  0  0  1  0  0  1  0  1  0  1  0  0  1  1  1  1  1  1  0  1  1  1
 42 R-P-S 20-20-60          13   1 29 11   0  0  0  0  0  0  0  0  0  0  0  0  0  0  0  0  0  1  0  0  0  0  1  0  0  1  0  1  0  1  1  0  0  1  0  1  1  1  2  0  1  1


   Yomi AI is match ranked 8

 Tournament results:
    Player Name          total 
  1 Yomi AI               7035 
 19 Iocaine Powder       11051 
 20 Phasenbott            9846 
 21 MegaHAL               9320 
 22 RussRocker4           7744 
 23 Biopic                8698 
 24 Simple Modeller       9519 
 25 Simple Predictor      8108 
 26 Robertot              7614 

   Yomi is tournament ranked 9

