 Playing 1 tournaments with 1000 trials per match...

 Yomi AI            vs Good Ole Rock       Match: 1000 (1000+   0-   0=)
 Yomi AI            vs R-P-S 20-20-60      Match:  324 (540+ 216- 244=)
 Yomi AI            vs Rotate R-P-S        Match:  986 (992+   6-   2=)
 Yomi AI            vs Beat The Last Move  Match:  163 (438+ 275- 287=)
 Yomi AI            vs Always Switchin'    Match:  195 (483+ 288- 229=)
 Yomi AI            vs Beat Frequent Pick  Match:  566 (732+ 166- 102=)
 Yomi AI            vs * Pi                Match:    4 (344+ 340- 316=)
 Yomi AI            vs * Switch A Lot      Match:   93 (392+ 299- 309=)
 Yomi AI            vs * Flat              Match:  187 (467+ 280- 253=)
 Yomi AI            vs * Anti-Flat         Match:  962 (978+  16-   6=)
 Yomi AI            vs * Foxtrot           Match:  358 (555+ 197- 248=)
 Yomi AI            vs * De Bruijn         Match:  -12 (313+ 325- 362=)
 Yomi AI            vs * Text              Match:  131 (420+ 289- 291=)
 Yomi AI            vs * Anti-rotn         Match:    0 (351+ 351- 298=)
 Yomi AI            vs * Copy-drift        Match:   49 (349+ 300- 351=)
 Yomi AI            vs * Add-react         Match:   22 (355+ 333- 312=)
 Yomi AI            vs * Add-drift         Match:  -13 (348+ 361- 291=)
 Yomi AI            vs Iocaine Powder      Match:  -27 (323+ 350- 327=)
 Yomi AI            vs Phasenbott          Match:  -53 (306+ 359- 335=)
 Yomi AI            vs MegaHAL             Match:    8 (341+ 333- 326=)
 Yomi AI            vs RussRocker4         Match:  -26 (333+ 359- 308=)
 Yomi AI            vs Biopic              Match:   23 (356+ 333- 311=)
 Yomi AI            vs Simple Modeller     Match:    9 (337+ 328- 335=)
 Yomi AI            vs Simple Predictor    Match:   12 (346+ 334- 320=)
 Yomi AI            vs Robertot            Match:   34 (351+ 317- 332=)
 Yomi AI            vs Boom                Match:   10 (332+ 322- 346=)
 Yomi AI            vs Shofar              Match:  -34 (323+ 357- 320=)
 Yomi AI            vs ACT-R Lag2          Match:   16 (344+ 328- 328=)
 Yomi AI            vs Majikthise          Match:   12 (348+ 336- 316=)
 Yomi AI            vs Vroomfondel         Match:   46 (368+ 322- 310=)
 Yomi AI            vs Granite             Match:  129 (457+ 328- 215=)
 Yomi AI            vs Marble              Match:   90 (432+ 342- 226=)
 Yomi AI            vs ZQ Bot              Match:  153 (472+ 319- 209=)
 Yomi AI            vs Sweet Rocky         Match:   36 (403+ 367- 230=)
 Yomi AI            vs Piedra              Match:   45 (383+ 338- 279=)
 Yomi AI            vs Mixed Strategy      Match:   40 (374+ 334- 292=)
 Yomi AI            vs Multi-strategy      Match:  274 (503+ 229- 268=)
 Yomi AI            vs Inocencio           Match:  767 (874+ 107-  19=)
 Yomi AI            vs Peterbot            Match:  103 (414+ 311- 275=)
 Yomi AI            vs Bugbrain            Match:   30 (350+ 320- 330=)
 Yomi AI            vs Knucklehead         Match:  483 (655+ 172- 173=)
Error: return value out of range.
Error: return value out of range.
Error: return value out of range.
Error: return value out of range.
 Final results (draw value = 50):

 Tournament results: 

    Player Name          total     1    2    3    4    5    6    7    8    9   10   11   12   13   14   15   16   17   18   19   20   21   22   23   24   25   26   27   28   29   30   31   32   33   34   35   36   37   38   39   40   41   42
  1 Iocaine Powder       10787     0   25   21   33   40   84  242  515   69   27   54    4  251  306  276   77   41   48   21   97    0    0  262    8  -51  210   38  326  227    4  295   91  195  590  201  897  372  926  997  986  994  988
  2 Phasenbott           10152   -25    0    5   29   44   55  127  527   50   53   61   -3  216  253  226   -8   59   48   73   84   49   -2  245   47  -18  170  154  336   86  107  347   78  103  361  204  950  161  939  986  993  996  986
  3 MegaHAL               9689   -21   -5    0   -4    0   61   69  102    7   -8   10  -24  235  263  254   19   26   64   21  134   -6   -4  259  -18    3  167  209   51  113  187  267  142  186  352  431  872  348  944  990  993 1000 1000
  4 Simple Modeller       9574   -33  -29    4    0    0  -22  273  -32   35   -9  -17  -16   80  318   84   82   37   65   36   55    7  -17  162   -2    2  804  243   -5  233  277  101  131  118  257  462  938  383  591  995  991  997  995
  5 Biopic                8585   -40  -44    0    0    0   28   37  -69   23  -23   50  -44   65  139  131    8   26   38   24   26   21   35  196   12  -12  130  -26  405   94  187   22  142  172  504  313  990  363  691  996  995 1000  980
  6 Robertot              8045   -84  -55  -61   22  -28    0   93  -21   25  -34   19  -21   76   97   52   -1   42   41   88   51  -21  -35  261  -14   -5   60   20   -3   37   60   94  169   35  417  467 1000  405  838  968  996  995 1000
  7 Simple Predictor      7828  -242 -127  -69 -273  -37  -93    0  -55  -10  -12  -52  -10   58  163   -6   -1   74   47   48   57  -23  -26  179  -73  -14  537  291   -3  241  237  136  149  153  311  388  924  410  592  986  986  993  994
  8 RussRocker4           7678  -515 -527 -102   32   69   21   55    0   22   26    8   15  172  149  108   -4   26   41   48   41  -25    0  270  -47  -29  159  159  173  161  124  354   51  101  513  269  924  239  614  992  994 1000  997
  9 Boom                  7237   -69  -50   -7  -35  -23  -25   10  -22    0  -10  -12   14   16   65   -6  -22   11   16   53   19  -40  -15  286    3  -59    5  133  -15   25   43  103   82    6  389  402  845  392  753  991  990  995 1000
 10 Yomi AI               7195   -27  -53    8    9   23   34   12  -26   10    0   16  -34  129  153   90   30   36    0   45   40   12   46  274  -12    4  767  -13  358   49   93   22  131  187  483  195  103  324  566  163  986 1000  962
 11 ACT-R Lag2            7125   -54  -61  -10   17  -50  -19   52   -8   12  -16    0  -29  120   24  106    9   63   62   14  -19   -1   -1  259  -72  -42  792  -26  -69    1  115   89  105  130  468  241  263  332  576  769  997  996  990
 12 Shofar                6769    -4    3   24   16   44   21   10  -15  -14   34   29    0   16  115   82  -41   51   41   53    3   -7  -15   97    8    1  713  -27  -41   71  145  -19  101  160  120  393   33  252  557  872  942  977  968
 13 Granite               6763  -251 -216 -235  -80  -65  -76  -58 -172  -16 -129 -120  -16    0   15   -5 -106   53   59   43   -7  -80  -29  270  -33  -10  658   35   71  100  138   87  176  207  337  261  979  400  591  994  995  998 1000
 14 ZQ Bot                6223  -306 -253 -263 -318 -139  -97 -163 -149  -65 -153  -24 -115  -15    0  -29 -186   48   42   87   47  -29  -11  279  -28  -65  719   31   41   28  152  251  171   65  354  373  953  432  588  992  989  997  992
 15 Marble                6108  -276 -226 -254  -84 -131  -52    6 -108    6  -90 -106  -82    5   29    0  -78   26   49   85   35  -67  -31  314   33  -38   21   61   77   48  155  103  177  156  297  188  927  361  594  989  995  999  995
 16 Bugbrain              5986   -77    8  -19  -82   -8    1    1    4   22  -30   -9   41  106  186   78    0   41   47   23   81   16   -8  109    2  -16   96  109  -54   64  115   91   25   67  142  178  263  183  376  917  971  994  932
 17 Sweet Rocky           5797   -41  -59  -26  -37  -26  -42  -74  -26  -11  -36  -63  -51  -53  -48  -26  -41    0  -55  -29   13  -15  -69   68   -2  -20  -58   20  -61   -7  128   16  171  156  190  185  881  382  593  991  989  993  997
 18 * Anti-rotn           5717   -48  -48  -64  -65  -38  -41  -47  -41  -16    0  -62  -41  -59  -42  -49  -47   55    0  -22  -30   10    2  284  -51  -41  334  -12  -22    3  290   22   59  232  109  507   59  160  500 1000  996  999  982
 19 Piedra                5558   -21  -73  -21  -36  -24  -88  -48  -48  -53  -45  -14  -53  -43  -87  -85  -23   29   22    0  -23  -77  -30   94  -39   -4  -71   86   21   53  150  165  186  101  279  214  176  413  593  997  997  994  994
 20 Mixed Strategy        4962   -97  -84 -134  -55  -26  -51  -57  -41  -19  -40   19   -3    7  -47  -35  -81  -13   30   23    0  -48  -21   50  -21   -9  -14  -29  -27   19   44   17  136  131  223  143  284  396  486  959  953  996  998
 21 Majikthise            4829     0  -49    6   -7  -21   21   23   25   40  -12    1    7   80   29   67  -16   15  -10   77   48    0    0  140  -16   42   88    9    2  -43   85   20   31   94  211  240   27  143  446   10  992  992  992
 22 Vroomfondel           4713     0    2    4   17  -35   35   26    0   15  -46    1   15   29   11   31    8   69   -2   30   21    0    0  141  -22  -13   23   22   30   35   61   -4   43   61  211  253   38  159  450   17  993  992  992
 23 Multi-strategy        2660  -262 -245 -259 -162 -196 -261 -179 -270 -286 -274 -259  -97 -270 -279 -314 -109  -68 -284  -94  -50 -140 -141    0  -50  -20 -174   29   -7  263  285   88  123  183   28  509  500  413  999  997  997  999  997
 24 * De Bruijn            451    -8  -47   18    2  -12   14   73   47   -3   12   72   -8   33   28  -33   -2    2   51   39   21   16   22   50    0   -1   24  -13  -38  -18  -17   -4   23   33   52  -11   -3   -1  128   -1   21    0 -110
 25 * Pi                   258    51   18   -3   -2   12    5   14   29   59   -4   42   -1   10   65   38   16   20   41    4    9  -42   13   20    1    0   32  -31    4  -69   15  -25  -81  -18    3    4   21  -29   30   22  -11  -11  -13
 26 Inocencio              -89  -210 -170 -167 -804 -130  -60 -537 -159   -5 -767 -792 -713 -658 -719  -21  -96   58 -334   71   14  -88  -23  174  -24  -32    0  -34  324  101   90   80  152  165  251  238  138  372  358  941  978  971  978
 27 * Add-drift          -1489   -38 -154 -209 -243   26  -20 -291 -159 -133   13   26   27  -35  -31  -61 -109  -20   12  -86   29   -9  -22  -29   13   31   34    0   13   34    7  -13   20  -17   -9    4  -22   16   -6   -7  -37  -22  -12
 28 * Foxtrot            -2071  -326 -336  -51    5 -405    3    3 -173   15 -358   69   41  -71  -41  -77   54   61   22  -21   27   -2  -30    7   38   -4 -324  -13    0    6  -39   -7   28  -14  -26   -5  -31  -33  -34  -31    0  -25   27
 29 * Copy-drift         -2113  -227  -86 -113 -233  -94  -37 -241 -161  -25  -49   -1  -71 -100  -28  -48  -64    7   -3  -53  -19   43  -35 -263   18   69 -101  -34   -6    0  -26  -11   11    0  -87    8  -19  -11   -8  -28    6   14   -7
 30 * Switch A Lot       -2835    -4 -107 -187 -277 -187  -60 -237 -124  -43  -93 -115 -145 -138 -152 -155 -115 -128 -290 -150  -44  -85  -61 -285   17  -15  -90   -7   39   26    0   35  -10   18    7   18 -182   59   51  362  -13    6   26
 31 * Add-react          -2857  -295 -347 -267 -101  -22  -94 -136 -354 -103  -22  -89   19  -87 -251 -103  -91  -16  -22 -165  -17  -20    4  -88    4   25  -80   13    7   11  -35    0    2  -28   32  -27  -31  -47    1  -54  -62   59   20
 32 * Text               -3127   -91  -78 -142 -131 -142 -169 -149  -51  -82 -131 -105 -101 -176 -171 -177  -25 -171  -59 -186 -136  -31  -43 -123  -23   81 -152  -20  -28  -11   10   -2    0  -30   21   32   10   -3 -185  -74  -11 -185  113
 33 * Flat               -3130  -195 -103 -186 -118 -172  -35 -153 -101   -6 -187 -130 -160 -207  -65 -156  -67 -156 -232 -101 -131  -94  -61 -183  -33   18 -165   17   14    0  -18   28   30    0   14   25 -131    5  240  229   13   -1 -416
 34 Knucklehead          -4141  -590 -361 -352 -257 -504 -417 -311 -513 -389 -483 -468 -120 -337 -354 -297 -142 -190 -109 -279 -223 -211 -211  -28  -52   -3 -251    9   26   87   -7  -32  -21  -14    0  -33  -24   74  168  762  402  962  952
 35 Always Switchin'     -6907  -201 -204 -431 -462 -313 -467 -388 -269 -402 -195 -241 -393 -261 -373 -188 -178 -185 -507 -214 -143 -240 -253 -509   11   -4 -238   -4    5   -8  -18   27  -32  -25   33    0 -241   37   47  514  -26    5   27
 36 Peterbot             -8551  -897 -950 -872 -938 -990 -1000 -924 -924 -845 -103 -263  -33 -979 -953 -927 -263 -881  -59 -176 -284  -27  -38 -500    3  -21 -138   22   31   19  182   31  -10  131   24  241    0  359  423  981  997 1000 1000
 37 R-P-S 20-20-60       -8709  -372 -161 -348 -383 -363 -405 -410 -239 -392 -324 -332 -252 -400 -432 -361 -183 -382 -160 -413 -396 -143 -159 -413    1   29 -372  -16   33   11  -59   47    3   -5  -74  -37 -359    0 -381 -141  -10 -415  459
 38 Beat Frequent Pick  -14239  -926 -939 -944 -591 -691 -838 -592 -614 -753 -566 -576 -557 -591 -588 -594 -376 -593 -500 -593 -486 -446 -450 -999 -128  -30 -358    6   34    8  -51   -1  185 -240 -168  -47 -423  381    0 -600    0  999  997
 39 Beat The Last Move  -20442  -997 -986 -990 -995 -996 -968 -986 -992 -991 -163 -769 -872 -994 -992 -989 -917 -991 -1000 -997 -959  -10  -17 -997    1  -22 -941    7   31   28 -362   54   74 -229 -762 -514 -981  141  600    0    1 1000 1000
 40 Rotate R-P-S        -25632  -986 -993 -993 -991 -995 -996 -986 -994 -990 -986 -997 -942 -995 -989 -995 -971 -989 -996 -997 -953 -992 -993 -997  -21   11 -978   37    0   -6   13   62   11  -13 -402   26 -997   10    0   -1    0    0 -668
 41 Good Ole Rock       -26255  -994 -996 -1000 -997 -1000 -995 -993 -1000 -995 -1000 -996 -977 -998 -997 -999 -994 -993 -999 -994 -996 -992 -992 -999    0   11 -971   22   25  -14   -6  -59  185    1 -962   -5 -1000  415 -999 -1000    0    0  998
 42 * Anti-Flat         -28102  -988 -986 -1000 -995 -980 -1000 -994 -997 -1000 -962 -990 -968 -1000 -992 -995 -932 -997 -982 -994 -998 -992 -992 -997  110   13 -978   12  -27    7  -26  -20 -113  416 -952  -27 -1000 -459 -997 -1000  668 -998    0

 Match results (draw <= 50): 

    Player Name           total  W  L  D   1  2  3  4  5  6  7  8  9 10 11 12 13 14 15 16 17 18 19 20 21 22 23 24 25 26 27 28 29 30 31 32 33 34 35 36 37 38 39 40 41 42
  1 Phasenbott              70  29  0 12   1  1  1  1  2  1  1  2  2  1  2  1  2  1  1  1  2  2  2  1  2  2  2  2  1  2  2  2  2  2  2  2  2  2  2  2  2  2  2  2  2  2
  2 MegaHAL                 67  26  0 15   1  1  1  1  2  1  1  1  2  1  1  1  2  1  1  2  1  2  2  1  1  2  2  2  1  2  2  2  2  2  2  2  2  2  2  2  2  2  2  2  2  2
  3 Iocaine Powder          66  26  1 14   1  1  1  1  2  1  1  1  2  2  2  1  2  2  1  1  1  2  2  1  1  2  2  2  0  2  1  2  2  2  2  2  1  2  2  2  2  2  2  2  2  2
  4 Simple Modeller         65  24  0 17   1  1  1  1  1  1  1  1  1  2  1  1  2  1  1  2  1  2  2  1  1  2  2  2  1  1  2  2  2  2  2  2  2  2  2  2  2  2  2  2  2  2
  5 RussRocker4             61  23  3 15   0  0  0  1  1  2  1  1  1  1  1  1  2  1  1  1  1  2  2  1  1  1  2  2  1  2  2  2  2  2  2  2  2  2  2  2  2  2  2  2  2  2
  6 Biopic                  59  19  1 21   1  1  1  1  0  1  1  1  1  1  1  1  1  1  1  1  1  2  2  1  1  1  2  2  1  2  1  2  2  2  1  2  2  2  2  2  2  2  2  2  2  2
  7 Shofar                  59  18  0 23   1  1  1  1  1  1  1  1  1  1  1  1  1  1  1  1  2  1  2  1  2  1  2  2  1  1  1  2  1  2  1  2  2  2  2  2  2  2  2  2  2  2
  8 Yomi AI                 58  18  1 22   0  1  1  1  1  1  1  1  1  1  1  1  1  1  1  1  1  2  2  1  1  1  2  2  1  2  1  2  2  1  1  2  2  2  2  2  2  2  2  2  2  2
  9 Robertot                58  20  3 18   0  0  0  1  1  1  1  1  1  1  1  1  2  1  1  1  2  2  2  1  1  2  2  2  1  1  1  2  2  1  2  2  2  2  1  2  2  2  2  2  2  2
 10 Bugbrain                58  20  3 18   1  1  0  0  1  1  1  1  1  1  1  1  1  1  1  1  1  2  2  1  1  2  2  2  1  0  2  2  2  2  2  2  2  2  2  1  2  2  2  2  2  2
 11 ACT-R Lag2              57  20  4 17   0  1  0  1  1  1  1  1  1  1  1  1  2  1  1  2  1  2  2  0  2  1  1  2  1  0  1  2  2  1  2  2  2  2  2  2  2  2  2  2  2  2
 12 Majikthise              55  14  0 27   1  1  1  1  1  1  1  1  1  1  1  1  1  1  1  1  2  2  2  1  1  1  1  2  1  1  1  2  1  1  1  2  2  1  2  1  2  2  2  2  2  2
 13 Simple Predictor        54  21  8 12   0  0  0  0  0  1  1  1  0  1  0  1  1  1  1  1  1  2  1  0  2  2  2  2  1  1  2  2  2  2  2  2  2  2  2  2  2  2  2  2  2  2
 14 Boom                    54  15  2 24   1  1  0  1  1  1  1  1  1  1  1  1  1  1  1  1  2  1  1  1  1  1  2  1  0  1  2  2  2  1  2  2  1  2  1  2  2  2  2  2  2  2
 15 Vroomfondel             52  11  0 30   1  1  1  1  1  1  1  1  1  1  1  1  1  1  1  1  1  1  1  1  2  1  1  1  1  1  1  2  1  1  1  2  2  1  2  1  2  2  2  2  2  2
 16 * Anti-rotn             51  15  5 21   1  0  1  0  1  1  1  1  1  1  0  1  1  1  1  1  1  0  1  0  2  1  1  2  1  1  1  2  2  1  1  2  2  2  2  2  2  2  2  2  2  2
 17 Piedra                  49  16  8 17   0  1  1  1  1  1  0  1  0  1  1  0  1  0  1  1  1  1  0  1  1  1  0  0  1  1  2  2  2  2  2  2  2  2  2  2  2  2  2  2  2  2
 18 Granite                 48  19 12 10   0  0  0  0  0  0  1  0  0  0  0  0  0  1  1  2  1  1  1  1  2  1  1  2  1  2  1  2  2  2  2  2  2  2  2  2  2  2  2  2  2  2
 19 Marble                  46  17 12 12   0  0  0  0  0  0  0  0  0  0  0  0  1  1  1  1  2  1  1  1  1  1  1  1  1  2  2  2  2  1  2  2  2  2  2  2  2  2  2  2  2  2
 20 * De Bruijn             45   5  1 35   1  1  1  1  1  1  1  1  1  1  2  1  2  1  1  2  1  1  1  1  1  1  1  1  1  1  1  1  1  1  1  2  1  1  1  1  1  2  1  1  0  1
 21 Sweet Rocky             45  13  9 19   0  1  1  1  1  1  0  1  1  1  0  1  0  1  0  0  1  0  1  1  1  1  1  0  1  0  1  2  2  1  1  2  2  2  2  2  2  2  2  2  2  2
 22 Mixed Strategy          45  11  7 23   0  0  0  0  1  1  1  1  0  0  1  1  0  1  1  1  1  1  1  1  1  1  1  1  1  1  1  1  2  1  1  2  1  2  2  2  2  2  2  2  2  2
 23 ZQ Bot                  44  16 13 12   0  0  0  0  0  0  0  0  0  0  1  1  0  0  1  1  2  1  1  1  1  1  1  2  0  1  1  2  2  1  2  2  2  2  2  2  2  2  2  2  2  2
 24 Inocencio               43  18 16  7   0  0  0  0  0  0  0  0  0  0  0  0  0  1  1  0  2  0  1  1  2  1  0  1  1  2  1  2  2  2  2  2  2  2  2  2  2  2  2  2  2  2
 25 * Pi                    42   3  2 36   1  1  2  1  1  1  1  1  1  1  1  1  1  2  1  1  1  1  1  1  1  1  2  1  1  1  1  1  1  0  1  1  1  1  1  0  1  1  1  1  1  1
 26 * Foxtrot               35   3  9 29   0  0  0  1  0  0  1  0  1  2  2  1  1  1  1  1  1  0  0  1  2  1  1  0  1  1  1  1  1  1  1  1  1  1  1  1  1  1  1  1  1  1
 27 * Add-drift             32   0  9 32   0  0  1  0  0  1  1  1  1  0  1  1  0  0  1  1  0  1  0  1  1  1  1  1  1  1  1  1  1  1  1  1  1  1  1  1  1  1  1  1  1  1
 28 Multi-strategy          32  13 22  6   0  0  0  0  0  0  0  0  0  0  0  0  0  0  0  0  0  0  0  1  0  1  0  0  1  1  1  1  2  2  2  1  2  2  2  2  2  2  2  2  2  2
 29 Peterbot                29   9 21 11   0  0  0  0  0  0  1  0  0  0  0  1  0  0  1  0  0  0  0  1  0  0  0  0  1  1  1  0  1  1  1  1  2  2  2  1  2  2  2  2  2  2
 30 * Copy-drift            28   1 14 26   0  0  0  0  0  0  0  1  1  0  1  1  0  1  1  1  0  0  1  1  1  1  1  0  2  1  1  0  1  1  1  0  1  1  1  1  1  1  1  1  1  1
 31 * Add-react             24   1 18 22   0  0  0  0  0  1  1  1  0  0  0  1  0  0  1  1  0  0  0  1  1  1  0  0  1  1  1  0  1  1  1  1  1  0  1  1  1  1  0  2  1  1
 32 Knucklehead             24   7 24 10   0  0  0  0  0  0  0  0  0  0  0  0  0  0  0  0  0  0  0  0  0  0  0  0  1  1  1  1  1  2  1  1  1  2  1  1  1  2  2  2  2  2
 33 * Switch A Lot          22   3 22 16   0  0  1  0  0  0  0  0  0  0  0  0  0  1  0  0  0  0  0  1  0  1  0  0  1  1  1  0  0  1  1  1  1  2  1  1  1  2  1  1  1  2
 34 Beat The Last Move      20   6 27  8   0  0  0  0  0  0  0  0  0  0  0  1  0  0  1  0  0  0  0  1  0  0  0  0  1  1  1  0  0  1  2  0  0  1  0  2  0  2  1  2  2  2
 35 * Flat                  19   2 24 15   0  0  0  0  0  0  0  0  1  0  0  0  0  1  0  0  0  0  0  1  0  0  0  0  1  1  1  0  0  1  1  1  1  2  1  1  1  2  1  1  0  1
 36 * Text                  19   2 24 15   0  0  0  0  0  0  0  0  0  1  0  1  0  0  1  0  0  0  0  1  0  0  0  0  2  1  1  0  1  1  1  1  1  0  1  1  1  0  1  0  2  1
 37 Always Switchin'        17   1 25 15   0  0  0  0  0  0  0  0  0  0  0  0  0  0  0  0  0  0  0  1  0  0  0  0  1  1  1  0  0  1  1  1  1  2  1  1  1  1  1  1  1  1
 38 Beat Frequent Pick      15   4 30  7   0  0  0  0  0  0  0  0  0  0  0  0  0  0  0  0  0  0  0  0  0  0  0  0  1  1  1  0  0  1  1  0  0  0  0  2  1  1  1  2  2  2
 39 Rotate R-P-S            15   1 27 13   0  0  0  0  0  0  0  0  0  0  0  0  0  0  0  0  0  0  0  1  0  0  0  0  1  1  1  0  0  1  2  0  1  1  1  1  1  1  1  1  0  1
 40 Good Ole Rock           15   3 29  9   0  0  0  0  0  0  0  0  0  0  0  0  0  0  0  0  0  0  0  1  0  0  0  0  1  1  1  0  0  1  0  0  1  0  1  2  1  0  1  1  2  2
 41 * Anti-Flat             13   3 31  7   0  0  0  0  0  0  0  0  0  0  0  0  0  0  0  0  0  0  0  2  0  0  0  0  1  1  1  0  0  1  1  0  1  0  2  0  1  0  2  0  1  0
 42 R-P-S 20-20-60          12   1 30 10   0  0  0  0  0  0  0  0  0  0  0  0  0  0  0  0  0  0  0  1  0  0  0  0  1  1  1  0  0  1  1  0  0  0  1  1  1  0  1  0  2  1


   Yomi AI is match ranked 8

 Tournament results:
    Player Name          total 
  1 Yomi AI               7195 
 19 Iocaine Powder       10787 
 20 Phasenbott           10152 
 21 MegaHAL               9689 
 22 RussRocker4           7678 
 23 Biopic                8585 
 24 Simple Modeller       9574 
 25 Simple Predictor      7828 
 26 Robertot              8045 
 27 Boom                  7237 

   Yomi is tournament ranked 10

