 Playing 1 tournaments with 1000 trials per match...

 Yomi AI            vs Good Ole Rock       Match: 1000 (1000+   0-   0=)
 Yomi AI            vs R-P-S 20-20-60      Match:  353 (559+ 206- 235=)
 Yomi AI            vs Rotate R-P-S        Match:  994 (996+   2-   2=)
 Yomi AI            vs Beat The Last Move  Match:  205 (449+ 244- 307=)
 Yomi AI            vs Always Switchin'    Match:  219 (499+ 280- 221=)
 Yomi AI            vs Beat Frequent Pick  Match:  652 (794+ 142-  64=)
 Yomi AI            vs * Pi                Match:  -10 (334+ 344- 322=)
 Yomi AI            vs * Switch A Lot      Match:   90 (392+ 302- 306=)
 Yomi AI            vs * Flat              Match:  191 (466+ 275- 259=)
 Yomi AI            vs * Anti-Flat         Match:  999 (999+   0-   1=)
 Yomi AI            vs * Foxtrot           Match:  389 (580+ 191- 229=)
 Yomi AI            vs * De Bruijn         Match:   -7 (320+ 327- 353=)
 Yomi AI            vs * Text              Match:  143 (428+ 285- 287=)
 Yomi AI            vs * Anti-rotn         Match:   63 (367+ 304- 329=)
 Yomi AI            vs * Copy-drift        Match:  -41 (315+ 356- 329=)
 Yomi AI            vs * Add-react         Match:   54 (386+ 332- 282=)
 Yomi AI            vs * Add-drift         Match:   -7 (336+ 343- 321=)
 Yomi AI            vs Iocaine Powder      Match:    1 (334+ 333- 333=)
 Yomi AI            vs Phasenbott          Match:  -31 (316+ 347- 337=)
 Yomi AI            vs MegaHAL             Match:  -40 (325+ 365- 310=)
 Yomi AI            vs RussRocker4         Match:  -14 (339+ 353- 308=)
 Yomi AI            vs Biopic              Match:  -23 (329+ 352- 319=)
 Yomi AI            vs Simple Modeller     Match:   -8 (339+ 347- 314=)
 Yomi AI            vs Simple Predictor    Match:    1 (353+ 352- 295=)
 Yomi AI            vs Robertot            Match:   30 (379+ 349- 272=)
 Yomi AI            vs Boom                Match:   63 (371+ 308- 321=)
 Yomi AI            vs Shofar              Match:  -36 (314+ 350- 336=)
 Yomi AI            vs ACT-R Lag2          Match:  -14 (323+ 337- 340=)
 Yomi AI            vs Majikthise          Match:  -11 (335+ 346- 319=)
 Yomi AI            vs Vroomfondel         Match:   -4 (329+ 333- 338=)
 Yomi AI            vs Granite             Match:  104 (451+ 347- 202=)
 Yomi AI            vs Marble              Match:   91 (431+ 340- 229=)
 Yomi AI            vs ZQ Bot              Match:   68 (428+ 360- 212=)
 Yomi AI            vs Sweet Rocky         Match:   42 (381+ 339- 280=)
 Yomi AI            vs Piedra              Match:   53 (380+ 327- 293=)
 Yomi AI            vs Mixed Strategy      Match:   70 (379+ 309- 312=)
 Yomi AI            vs Multi-strategy      Match:  355 (577+ 222- 201=)
 Yomi AI            vs Inocencio           Match:  776 (879+ 103-  18=)
 Yomi AI            vs Peterbot            Match:   27 (350+ 323- 327=)
 Yomi AI            vs Bugbrain            Match:  -10 (350+ 360- 290=)
 Yomi AI            vs Knucklehead         Match:  513 (681+ 168- 151=)
 Final results (draw value = 50):

 Tournament results: 

    Player Name          total     1    2    3    4    5    6    7    8    9   10   11   12   13   14   15   16   17   18   19   20   21   22   23   24   25   26   27   28   29   30   31   32   33   34   35   36   37   38   39   40   41   42
  1 Iocaine Powder       11520     0   67   30   90   42  510   18   -1   12  237   55   37   37  246   23  248   58  311    5   76  -26   72  379   43    6  652  159  205  397  194  267  594  151    7  244  854  369  903  992  993  989  975
  2 Phasenbott           10328   -67    0   46   73   54  548   76   31   -2  138   27    6  -28  247   25  248   71  273   -7   51   41  153  209   46   11  189  143   83  396   97  298  430   86  115  231  921  171  932  992  993  989  992
  3 Simple Modeller       9410   -30  -46    0   34   66   40   25    8  -25  224   24   47   27   76    4   86   18  301   13   48   -4   60  202  -64   -6  676  263  230   10   62  107  220  141  211  464  916  420  592  992  999  992  987
  4 MegaHAL               9331   -90  -73  -34    0    4   78   52   40  -52   57   19   34   29  249   12  250   57  263  -18   44  -23   95  229   12    2  179  141   90   45  132  252  339  133  232  432  852  348  944  988 1000  992  996
  5 Biopic                8307   -42  -54  -66   -4    0   10   33   23  -11   25   20   53  -14   76   16  161   80  105  -23   42   -7   46  247  -29  -13  164  -27   86  400   82   64  512  131  207  308  769  409  559  989  994  996  990
  6 RussRocker4           8010  -510 -548  -40  -78  -10    0    6   14   -4   65   32    9   17  175   18  124   56  169    3   56   32  126  248  -81  -27  121  163  234  170  110  355  424   53  151  267  940  308  888  988  999  992  995
  7 Robertot              7704   -18  -76  -25  -52  -33   -6    0  -30    3   50  -38   24    5   87   -6   76   -6   80    5   71  -10   29  232   -2  -39   28   25   89  -40   85   96  372  193  101  460  741  386  873  986  996  999  993
  8 Yomi AI               7290     1  -31   -8  -40  -23  -14   30    0  -36    1   63   42  -10   91   53  104  -14   68  -11   63   -4   70  355   -7  -10  776   -7  -41  389  191   54  513  143   90  219   27  353  652  205 1000  994  999
  9 Shofar                7172   -12    2   25   52   11    4   -3   36    0   13   23   27  -41   94   65   62   17  100    0   38  -59  100  104   -8   15  787  -11   58   41   82   10  196  105  136  426   36  275  557  905  976  943  985
 10 Simple Predictor      7138  -237 -138 -224  -57  -25  -65  -50   -1  -13    0   48   20   25   37   40    3  -66  200   46   51    4   76  179  -62  -14  187  304  279  -52   95  159  335  166  207  408  316  395  592  986  996  990  998
 11 Boom                  6963   -55  -27  -24  -19  -20  -32   38  -63  -23  -48    0   50  -34   38   27   -5  -22   44  -16   53  -32   67  229    9   -8   62   15   60  -35  -30   83  395  103  172  428  495  369  753  980  997  990  999
 12 Sweet Rocky           6928   -37   -6  -47  -34  -53   -9  -24  -42  -27  -20  -50    0  -34   -2  -11  -37   -3  -67  -27   75  -16  -22  154  -16  -10  -50   57   77   21  122  319  245  159  125  308  938  411  590  994  996  992  989
 13 Bugbrain              6619   -37   28  -27  -29   14  -17   -5   10   41  -25   34   34    0   66   65  170   -4  195   13   45  -22   68  138  -24   61   31   73   -7   52   24   88  106   53  126  200  692  156  353  979  969  939  993
 14 Marble                6613  -246 -247  -76 -249  -76 -175  -87  -91  -94  -37  -38    2  -66    0   52  -12  -95    9  -59   61  -30   45  307  -39  -27  642    2   19   13  142  139  407  179  159  227  947  435  592  991  998  993  996
 15 Piedra                6121   -23  -25   -4  -12  -16  -18    6  -53  -65  -40  -27   11  -65  -52    0  -17  -40  -48  -26   55  -30    3  106   63   -3  -45   20   23   19  164  180  220  180  180  258  273  406  591  990  996  990  996
 16 Granite               6072  -248 -248  -86 -250 -161 -124  -76 -104  -62   -3    5   37 -170   12   17    0 -159   13  -12   61  -29    7  299  -76  -15  340   30   21   65  115   89  280  177  153  218  954  419  592  996 1000  995 1000
 17 ACT-R Lag2            5750   -58  -71  -18  -57  -80  -56    6   14  -17   66   22    3    4   95   40  159    0   37   18   37   20   43  285  -68  -27   91    6  -10  -47  106   48  559   68  137  300  261  283  573   -4  995  992  995
 18 ZQ Bot                5661  -311 -273 -301 -263 -105 -169  -80  -68 -100 -200  -44   67 -195   -9   48  -13  -37    0  -23   42   -3  -36  218  -47  -13  180   42   48    4  199  153  300  162  160  310  998  438  592  998  996  996 1000
 19 Majikthise            4932    -5    7  -13   18   23   -3   -5   11    0  -46   16   27  -13   59   26   12  -18   23    0   41   47   76  183   -6   13   88   10   34   22   70   -5  186   20   82  270   43  191  474   -7  994  992  995
 20 * Anti-rotn           4801   -76  -51  -48  -44  -42  -56  -71  -63  -38  -51  -53  -75  -45  -61  -55  -61  -37  -42  -41    0  -88    2  241  -56  -45  452  -35    5   35  239   16   49   57  323  504   -9  140  500  488 1000  998  995
 21 Vroomfondel           4673    26  -41    4   23    7  -32   10    4   59   -4   32   16   22   30   30   29  -20    3  -47   88    0   78  198  -36    9   72  -32    0   28  126   52  200   16   53  236  -31  117  443  -46  990  990  971
 22 Mixed Strategy        4580   -72 -153  -60  -95  -46 -126  -29  -70 -100  -76  -67   22  -68  -45   -3   -7  -43   36  -76   -2  -78    0   23  -55  -53  -10    4   35  -14   85   15  212  181   26  160  325  450  464  981  988  934  987
 23 Multi-strategy        2073  -379 -209 -202 -229 -247 -248 -232 -355 -104 -179 -229 -154 -138 -307 -106 -299 -285 -218 -183 -241 -198  -23    0  -50  -20  -94  -13  239   -8   82  -33    2  123  272  478  500  369  999  997  999  997  999
 24 * De Bruijn            607   -43  -46   64  -12   29   81    2    7    8   62   -9   16   24   39  -63   76   68   47    6   56   36   55   50    0   -1   23   37  -21  -41   17   20   -1   23  -31  -13   25  -25  128   -1    0   21 -106
 25 * Pi                   198    -6  -11    6   -2   13   27   39   10  -15   14    8   10  -61   27    3   15   27   13  -13   45   -9   53   20    1    0   30  -50   -8  -23    5    3   -7  -81   67   -1    9   17   30   22  -11  -11   -7
 26 Inocencio             -910  -652 -189 -676 -179 -164 -121  -28 -776 -787 -187  -62   50  -31 -642   45 -340  -91 -180  -88 -452  -72   10   94  -23  -30    0   -3  100  315  129    8  178  154  162  203  129  393  355 -395  980  982  971
 27 * Add-drift          -1365  -159 -143 -263 -141   27 -163  -25    7   11 -304  -15  -57  -73   -2  -20  -30   -6  -42  -10   35   32   -4   13  -37   50    3    0   15  -31    5    8  -60   -7   30   28  -50   29  -20    3   -7   16   -8
 28 * Copy-drift         -2086  -205  -83 -230  -90  -86 -234  -89   41  -58 -279  -60  -77    7  -19  -23  -21   10  -48  -34   -5    0  -35 -239   21    8 -100  -15    0  -16  -43   37 -110   14   20    7  -43  -16   -6  -21   32   -3    5
 29 * Foxtrot            -2137  -397 -396  -10  -45 -400 -170   40 -389  -41   52   35  -21  -52  -13  -19  -65   47   -4  -22  -35  -28   14    8   41   23 -315   31   16    0    6  -35  -19   13  -27   -9  -22   22   11   11   31    0   -4
 30 * Flat               -2830  -194  -97  -62 -132  -82 -110  -85 -191  -82  -95   30 -122  -24 -142 -164 -115 -106 -199  -70 -239 -126  -85  -82  -17   -5 -129   -5   43   -6    0   15   17   18   -6  -16 -180  -55  249  194    1   46 -420
 31 * Add-react          -2897  -267 -298 -107 -252  -64 -355  -96  -54  -10 -159  -83 -319  -88 -139 -180  -89  -48 -153    5  -16  -52  -15   33  -20   -3   -8   -8  -37   35  -15    0   11    6  -23  -39  -40   -9   -1   56    0   17  -13
 32 Knucklehead          -3191  -594 -430 -220 -339 -512 -424 -372 -513 -196 -335 -395 -245 -106 -407 -220 -280 -559 -300 -186  -49 -200 -212   -2    1    7 -178   60  110   19  -17  -11    0  -11   22   -2  -22   55  124  955  992  914  887
 33 * Text               -3210  -151  -86 -141 -133 -131  -53 -193 -143 -105 -166 -103 -159  -53 -179 -180 -177  -68 -162  -20  -57  -16 -181 -123  -23   81 -154    7  -14  -13  -18   -6   11    0   17  -13   17   21 -185  -74 -185  -11  112
 34 * Switch A Lot       -3539    -7 -115 -211 -232 -207 -151 -101  -90 -136 -207 -172 -125 -126 -159 -180 -153 -137 -160  -82 -323  -53  -26 -272   31  -67 -162  -30  -20   27    6   23  -22  -17    0  -11 -161   38   14  292   -9  -28  -18
 35 Always Switchin'     -7301  -244 -231 -464 -432 -308 -267 -460 -219 -426 -408 -428 -308 -200 -227 -258 -218 -300 -310 -270 -504 -236 -160 -478   13    1 -203  -28   -7    9   16   39    2   13   11    0 -241    4   21  500  -39   -9  -47
 36 Peterbot             -7366  -854 -921 -916 -852 -769 -940 -741  -27  -36 -316 -495 -938 -692 -947 -273 -954 -261 -998  -43    9   31 -325 -500  -25   -9 -129   50   43   22  180   40   22  -17  161  241    0  407  443  981  998  997  987
 37 R-P-S 20-20-60       -9067  -369 -171 -420 -348 -409 -308 -386 -353 -275 -395 -369 -411 -156 -435 -406 -419 -283 -438 -191 -140 -117 -450 -369   25  -17 -393  -29   16  -22   55    9  -55  -21  -38   -4 -407    0 -385 -157 -408    2  380
 38 Beat Frequent Pick  -14391  -903 -932 -592 -944 -559 -888 -873 -652 -557 -592 -753 -590 -353 -592 -591 -592 -573 -592 -474 -500 -443 -464 -999 -128  -30 -355   20    6  -11 -249    1 -124  185  -14  -21 -443  385    0 -600  999    0  996
 39 Beat The Last Move  -18128  -992 -992 -992 -988 -989 -988 -986 -205 -905 -986 -980 -994 -979 -991 -990 -996    4 -998    7 -488   46 -981 -997    1  -22  395   -3   21  -11 -194  -56 -955   74 -292 -500 -981  157  600    0 1000    1  997
 40 Good Ole Rock       -26239  -993 -993 -999 -1000 -994 -999 -996 -1000 -976 -996 -997 -996 -969 -998 -996 -1000 -995 -996 -994 -1000 -990 -988 -999    0   11 -980    7  -32  -31   -1    0 -992  185    9   39 -998  408 -999 -1000    0    0  999
 41 Rotate R-P-S        -26273  -989 -989 -992 -992 -996 -992 -999 -994 -943 -990 -990 -992 -939 -993 -990 -995 -992 -996 -992 -998 -990 -934 -997  -21   11 -982  -16    3    0  -46  -17 -914   11   28    9 -997   -2    0   -1    0    0 -665
 42 * Anti-Flat         -27871  -975 -992 -987 -996 -990 -995 -993 -999 -985 -998 -999 -989 -993 -996 -996 -1000 -995 -1000 -995 -995 -971 -987 -999  106    7 -971    8   -5    4  420   13 -887 -112   18   47 -987 -380 -996 -997 -999  665    0

 Match results (draw <= 50): 

    Player Name           total  W  L  D   1  2  3  4  5  6  7  8  9 10 11 12 13 14 15 16 17 18 19 20 21 22 23 24 25 26 27 28 29 30 31 32 33 34 35 36 37 38 39 40 41 42
  1 Iocaine Powder          69  28  0 13   1  2  1  2  1  2  1  1  1  1  2  1  1  1  2  1  2  1  2  2  2  1  2  2  2  2  2  2  2  2  2  2  2  2  1  2  2  2  2  2  2  2
  2 Phasenbott              69  29  1 11   0  1  1  2  1  2  1  2  1  2  1  1  1  1  2  1  2  1  2  2  2  1  2  2  2  2  2  2  2  2  2  2  2  2  2  2  2  2  2  2  2  2
  3 Yomi AI                 63  22  0 19   1  1  1  1  1  1  1  1  1  1  2  1  1  1  1  2  1  1  2  2  2  1  2  2  2  2  1  2  1  1  2  2  2  2  2  2  2  2  2  2  2  2
  4 MegaHAL                 63  25  3 13   0  0  1  1  1  2  1  1  0  2  1  1  1  1  2  1  2  1  2  2  2  1  1  2  2  1  2  2  2  2  2  2  2  2  2  2  2  2  2  2  2  2
  5 Simple Modeller         63  23  1 17   1  1  1  1  1  1  1  2  1  1  1  1  1  1  2  1  1  0  2  2  2  1  1  2  2  1  2  2  2  2  2  2  2  2  2  2  2  2  2  2  2  2
  6 RussRocker4             62  25  4 12   0  0  1  0  1  1  1  1  1  1  1  1  1  1  2  1  2  0  2  2  2  1  2  2  2  2  2  2  2  2  2  2  2  2  2  2  2  2  2  2  2  2
  7 Bugbrain                62  21  0 20   1  1  1  1  1  1  1  1  1  1  1  1  1  1  1  2  1  1  2  2  2  2  1  2  1  2  2  2  2  1  2  2  2  2  2  1  2  2  2  2  2  2
  8 Biopic                  61  22  2 17   1  0  1  1  0  1  1  1  1  1  1  1  2  1  1  1  2  1  2  2  2  1  1  1  2  2  1  2  2  2  2  2  2  2  2  2  2  2  2  2  2  2
  9 Shofar                  60  20  1 20   1  1  1  2  1  1  1  1  1  1  1  0  1  1  1  2  1  1  2  2  2  1  1  2  2  1  1  2  1  2  2  1  2  2  2  2  2  2  2  2  2  2
 10 Robertot                58  19  2 20   1  0  1  0  1  1  1  1  1  1  1  1  1  1  1  1  1  1  2  2  2  1  2  1  1  1  1  2  2  2  2  2  2  2  2  2  2  2  2  2  2  2
 11 Boom                    56  17  2 22   0  1  0  1  1  1  1  1  1  1  1  1  1  1  1  1  1  1  1  1  1  1  2  2  2  1  1  2  2  2  2  2  2  2  2  1  2  2  2  2  2  2
 12 Vroomfondel             56  15  0 26   1  1  1  1  1  1  1  1  2  1  1  1  1  1  1  1  1  1  1  1  1  1  2  2  2  1  1  2  1  1  2  2  1  1  2  2  2  2  2  2  2  2
 13 Sweet Rocky             56  17  2 22   1  1  1  1  1  1  1  0  1  1  1  1  1  1  1  1  1  1  1  1  0  1  2  1  1  1  2  2  2  2  2  2  2  2  2  2  2  2  2  2  2  2
 14 Majikthise              54  13  0 28   1  1  1  1  1  1  1  1  1  1  1  1  1  1  1  1  1  1  1  2  1  1  1  2  2  1  1  2  1  1  2  1  1  1  2  2  2  2  2  2  2  2
 15 Simple Predictor        53  20  8 13   0  0  1  0  0  0  1  1  1  1  1  1  1  1  1  1  0  0  1  1  2  1  2  2  2  0  2  2  2  2  2  2  2  2  2  2  2  2  2  2  2  2
 16 Piedra                  53  16  4 21   1  1  0  1  1  1  0  1  0  1  1  1  1  1  1  1  1  2  1  0  1  1  2  1  1  1  1  2  2  1  2  2  2  2  2  2  2  2  2  2  2  2
 17 ACT-R Lag2              51  16  6 19   0  0  1  0  1  0  1  0  1  1  1  1  1  1  2  1  1  0  2  2  1  1  1  1  2  1  1  2  2  1  2  1  1  2  2  2  2  2  2  2  2  2
 18 * De Bruijn             47   8  2 31   1  1  1  1  2  2  1  1  1  1  1  1  1  1  2  0  2  1  2  1  1  1  2  2  1  1  1  1  1  1  1  1  1  1  1  1  1  1  2  1  1  0
 19 Granite                 46  17 12 12   0  0  0  0  0  0  0  0  0  0  1  1  1  1  1  1  0  0  1  1  1  1  2  1  2  2  1  2  2  1  2  2  2  2  2  2  2  2  2  2  2  2
 20 Marble                  46  17 12 12   0  0  0  0  0  0  0  0  0  0  1  1  1  0  1  2  0  1  1  1  1  1  2  1  2  1  1  2  2  1  2  2  2  2  2  2  2  2  2  2  2  2
 21 ZQ Bot                  46  16 11 14   0  0  0  0  0  0  0  0  0  0  1  1  2  1  0  1  1  1  1  1  1  1  1  1  2  1  1  2  2  1  2  2  2  2  2  2  2  2  2  2  2  2
 22 * Pi                    41   2  2 37   1  1  1  1  1  1  0  1  1  1  1  1  1  1  1  1  1  1  1  1  1  1  1  2  1  1  1  1  1  1  1  1  1  0  2  1  1  1  1  1  1  1
 23 * Anti-rotn             40  12 13 16   0  0  0  1  1  0  1  1  1  0  0  0  0  1  0  0  1  0  0  0  1  1  1  1  2  1  1  2  1  1  1  1  2  2  2  2  2  2  2  2  2  2
 24 Mixed Strategy          38  11 14 16   0  0  0  0  0  0  0  1  0  1  0  0  1  0  0  1  1  0  1  1  1  0  1  1  1  1  1  1  2  1  2  1  2  2  1  2  2  2  2  2  2  2
 25 Inocencio               37  14 18  9   0  0  0  0  0  0  1  0  0  1  0  0  1  0  0  1  0  1  0  0  0  1  0  1  1  2  1  2  2  2  2  1  0  2  2  2  2  2  2  2  2  2
 26 * Foxtrot               34   1  8 32   0  0  0  1  1  0  0  0  1  1  1  1  1  1  2  1  1  1  0  1  1  1  1  1  0  1  1  1  1  1  1  1  1  1  1  1  1  1  1  1  1  1
 27 * Add-drift             32   0  9 32   0  0  1  0  0  0  0  1  1  1  1  1  0  1  0  1  1  1  1  1  1  1  1  1  1  1  1  1  1  1  0  1  1  1  1  1  1  1  1  1  1  1
 28 Multi-strategy          31  12 22  7   0  0  0  0  0  0  0  0  0  0  0  0  0  0  0  0  0  1  0  0  0  1  0  1  0  1  1  1  2  2  1  1  2  2  2  2  2  2  2  2  2  2
 29 Peterbot                31   9 19 13   0  0  1  0  0  0  0  0  1  0  0  1  0  1  0  0  0  1  0  0  0  1  1  0  0  1  1  0  1  1  1  1  2  1  2  2  2  2  2  2  2  2
 30 * Copy-drift            27   0 14 27   0  0  1  0  0  0  1  0  0  0  0  1  0  1  0  1  1  1  1  1  1  1  1  1  0  1  1  0  1  1  0  1  1  1  1  1  1  1  1  1  1  1
 31 Knucklehead             27   8 22 11   0  0  0  0  0  0  0  0  0  0  0  0  0  0  0  0  0  1  0  0  0  1  1  0  0  1  2  1  1  2  1  1  2  1  1  1  1  2  2  2  2  2
 32 * Add-react             25   1 17 23   0  0  0  0  0  0  0  0  1  0  0  0  0  1  0  0  1  1  0  0  0  1  1  1  1  1  1  1  1  1  1  1  2  1  1  1  1  1  1  1  1  1
 33 Beat The Last Move      21   6 26  9   0  0  0  0  0  0  0  0  0  0  0  1  0  1  0  0  1  1  0  0  0  1  0  0  2  1  1  0  0  1  0  0  1  2  0  0  0  2  2  2  1  2
 34 * Text                  18   2 25 14   0  0  0  0  0  0  0  0  0  0  0  1  0  1  0  0  0  1  0  0  0  2  0  0  0  1  1  0  1  1  1  1  0  1  1  1  1  0  0  1  1  2
 35 * Switch A Lot          18   1 24 16   1  0  0  0  0  0  0  0  0  0  0  0  0  0  0  0  0  1  0  0  0  0  0  1  0  1  1  0  0  1  1  1  2  1  1  1  1  1  1  1  1  1
 36 * Flat                  18   2 25 14   0  0  0  0  0  0  1  0  0  0  1  0  0  0  0  0  0  1  0  0  0  1  0  0  0  1  1  0  0  1  1  1  2  1  1  1  1  1  2  0  1  0
 37 Always Switchin'        17   1 25 15   0  0  0  0  0  0  0  0  0  0  0  0  0  0  0  0  0  1  0  0  0  1  0  0  0  1  1  0  0  1  1  1  2  1  1  1  1  1  1  1  1  1
 38 Good Ole Rock           16   3 28 10   0  0  0  0  0  0  0  0  0  0  0  0  0  0  0  0  0  1  0  0  0  1  0  0  0  1  1  0  0  1  0  1  0  2  1  1  1  1  0  2  1  2
 39 Beat Frequent Pick      16   4 29  8   0  0  0  0  0  0  0  0  0  0  0  0  0  0  0  0  0  0  0  0  0  1  0  0  0  1  1  0  0  1  0  1  0  2  1  0  1  2  1  2  1  2
 40 R-P-S 20-20-60          14   2 29 10   0  0  0  0  0  0  0  0  0  0  0  0  0  0  0  0  0  1  0  0  0  1  0  0  0  1  1  0  0  1  0  1  0  1  1  2  1  0  0  1  1  2
 41 Rotate R-P-S            14   0 27 14   0  0  0  0  0  0  0  0  0  0  0  0  0  0  0  0  0  1  0  0  0  1  0  0  0  1  1  0  0  1  0  1  1  1  1  1  1  1  1  1  1  0
 42 * Anti-Flat             13   3 31  7   0  0  0  0  0  0  0  0  0  0  0  0  0  0  0  0  0  2  0  0  0  1  0  0  0  1  1  0  0  1  0  1  0  0  1  2  1  0  0  0  2  1


   Yomi AI is match ranked 3

 Tournament results:
    Player Name          total 
  1 Yomi AI               7290 
 19 Iocaine Powder       11520 
 20 Phasenbott           10328 
 21 MegaHAL               9331 
 22 RussRocker4           8010 
 23 Biopic                8307 
 24 Simple Modeller       9410 
 26 Robertot              7704 

   Yomi is tournament ranked 8

