 Playing 1 tournaments with 1000 trials per match...

 Yomi AI            vs Good Ole Rock       Match: 1000 (1000+   0-   0=)
 Yomi AI            vs R-P-S 20-20-60      Match:  327 (547+ 220- 233=)
 Yomi AI            vs Rotate R-P-S        Match:  993 (996+   3-   1=)
 Yomi AI            vs Beat The Last Move  Match:  105 (397+ 292- 311=)
 Yomi AI            vs Always Switchin'    Match:  297 (484+ 187- 329=)
 Yomi AI            vs Beat Frequent Pick  Match:  717 (839+ 122-  39=)
 Yomi AI            vs * Pi                Match:  -26 (329+ 355- 316=)
 Yomi AI            vs * Switch A Lot      Match:  145 (428+ 283- 289=)
 Yomi AI            vs * Flat              Match:  106 (410+ 304- 286=)
 Yomi AI            vs * Anti-Flat         Match:  999 (999+   0-   1=)
 Yomi AI            vs * Foxtrot           Match:  388 (593+ 205- 202=)
 Yomi AI            vs * De Bruijn         Match:   42 (335+ 293- 372=)
 Yomi AI            vs * Text              Match:  156 (435+ 279- 286=)
 Yomi AI            vs * Anti-rotn         Match:   32 (359+ 327- 314=)
 Yomi AI            vs * Copy-drift        Match:  -25 (310+ 335- 355=)
 Yomi AI            vs * Add-react         Match:    6 (338+ 332- 330=)
 Yomi AI            vs * Add-drift         Match:    2 (329+ 327- 344=)
 Yomi AI            vs Iocaine Powder      Match:  -16 (335+ 351- 314=)
 Yomi AI            vs Phasenbott          Match:  -27 (333+ 360- 307=)
 Yomi AI            vs MegaHAL             Match:   25 (361+ 336- 303=)
 Yomi AI            vs RussRocker4         Match:  -12 (326+ 338- 336=)
 Yomi AI            vs Biopic              Match:    7 (342+ 335- 323=)
 Yomi AI            vs Simple Modeller     Match:    8 (343+ 335- 322=)
 Yomi AI            vs Simple Predictor    Match:   87 (404+ 317- 279=)
 Yomi AI            vs Robertot            Match:   30 (377+ 347- 276=)
 Yomi AI            vs Boom                Match:   18 (347+ 329- 324=)
 Yomi AI            vs Shofar              Match:    4 (337+ 333- 330=)
 Yomi AI            vs ACT-R Lag2          Match:    0 (340+ 340- 320=)
 Yomi AI            vs Majikthise          Match:  -25 (318+ 343- 339=)
 Yomi AI            vs Vroomfondel         Match:   41 (349+ 308- 343=)
 Yomi AI            vs Granite             Match:  123 (462+ 339- 199=)
 Yomi AI            vs Marble              Match:   94 (436+ 342- 222=)
 Yomi AI            vs ZQ Bot              Match:   65 (411+ 346- 243=)
 Yomi AI            vs Sweet Rocky         Match:   80 (390+ 310- 300=)
 Yomi AI            vs Piedra              Match:   66 (404+ 338- 258=)
 Yomi AI            vs Mixed Strategy      Match:   28 (365+ 337- 298=)
 Yomi AI            vs Multi-strategy      Match:  423 (614+ 191- 195=)
 Yomi AI            vs Inocencio           Match:  723 (837+ 114-  49=)
 Yomi AI            vs Peterbot            Match:  175 (463+ 288- 249=)
 Yomi AI            vs Bugbrain            Match:   -2 (339+ 341- 320=)
 Yomi AI            vs Knucklehead         Match:  490 (650+ 160- 190=)
 Final results (draw value = 50):

 Tournament results: 

    Player Name          total     1    2    3    4    5    6    7    8    9   10   11   12   13   14   15   16   17   18   19   20   21   22   23   24   25   26   27   28   29   30   31   32   33   34   35   36   37   38   39   40   41   42
  1 Iocaine Powder       10991     0   39  118   41   30   16   16  514   20   79   50  249  243  252   54  -36   20   57  272   79    7   41  329   52    0  142   96  236  331  159  380   57  133  560  928  182  392  908  988  988  992  977
  2 MegaHAL              10228   -39    0  -75   14   10   44  -25   81   10   -3   41  201   30  242   70   12  -11   66  266   44   27   22  209  -32   -4  932  204   43   37   35  284  216  189  352  976  446  399  941  989  989 1000  996
  3 Phasenbott           10145  -118   75    0   27   14   55   27  526   29   91   21  238  120  228    4   -2   21   41  285   34   51   59  250   49   -8  223   92  128  340   95  330   92   87  409  927  223  183  944  983  992  995  985
  4 Biopic                8478   -41  -14  -27    0   -9   30   -7    4    9   -3   65  136   68  151   62  -34  -30   46   32   23   22   29  259  -40  -31  127   21   39  427  141  102  127  151  519  869  292  374  617  989  992  998  993
  5 Simple Modeller       8137   -30  -10  -14    9    0  -15   -8   12   36  -62   24   72  313   94   -5   32   82   53  282   28  -11  -59  188  -25  -14  113  211  201   10   74   96  218  125  317  311  478  439  592  993  992  999  996
  6 Robertot              8052   -16  -44  -55  -30   15    0  -30  -21   -4  -29    0   79  -10   52   18   -3    8   48   98   25  -27   39  245  -30   -6   19   21   94   26  135   69   84  171  457 1000  479  402  823  964  995  998  993
  7 Yomi AI               7669   -16   25  -27    7    8   30    0  -12   18    0   66   94   87  123   80    4   -2   32   65   28  -25   41  423   42  -26  723    2  -25  388  106    6  145  156  490  175  297  327  717  105  993 1000  999
  8 RussRocker4           7444  -514  -81 -526   -4  -12   21   12    0   38  -11   67  111   83  120   25    4    5   58  166   72   13  -13  218  -19  -21  152   57   89  187   94  345  116   35  472  937  251  331  588  988  991  999 1000
  9 Boom                  7255   -20  -10  -29   -9  -36    4  -18  -38    0  -27   25   15  -34   39   21    1   18   48   20   19  -26   19  222   21  -37  303   -8    8   22   -5  104  179  135  361  463  425  358  753  982  990  997 1000
 10 ACT-R Lag2            6748   -79    3  -91    3   62   29    0   11   27    0   34  147   90  127   48    2   -4   13   92   54    1    6  332  -65    3   15  -17   -2  -42  160   35  165   59  489  140  255  298  584  778  993  998  995
 11 Piedra                6664   -50  -41  -21  -65  -24    0  -66  -67  -25  -34    0  -20  -22   15  -52  -45  -40   64  -43   28  -26  -36   46  -36  -26  793   58    6   23  125  308  161  170  140  298  220  384  592  991  991  994  996
 12 Marble                6661  -249 -201 -238 -136  -72  -79  -94 -111  -15 -147   20    0  -34  -28   46  -57  -69   55   18   80  -26    3  281  -97  -14  653   26   38   67  206   77  175  183  249  887  258  443  592  990  995 1000  986
 13 Simple Predictor      6658  -243  -30 -120  -68 -313   10  -87  -83   34  -90   22   34    0   50   46  -18    8   56  142    7   -2  -27  179  -79  -14   89  303  298    2   80  119  178  154  283  339  434  408  588  986  989  996  998
 14 Granite               6557  -252 -242 -228 -151  -94  -52 -123 -120  -39 -127  -15   28  -50    0   54  -83  -98   50   93  -12  -23  -16  319  -71   18  653    1   41   31  206   98  123  177  362  928  204  386  594  996  995 1000  996
 15 Sweet Rocky           6368   -54  -70   -4  -62    5  -18  -80  -25  -21  -48   52  -46  -46  -54    0  -34   -5   40  -70  -30  -31  -40  103  -34  -26  618   32   31  -29  140   74  163  161  256  345  203  396  593 1000  989  996  998
 16 Shofar                6290    36  -12    2   34  -32    3   -4   -4   -1   -2   45   57   18   83   34    0   17   36   59  110    4  -25  100  -39   -1   54   -6   52   -9   14   80  184  141  156   18  446  341  564  901  912  958  966
 17 Bugbrain              5999   -20   11  -21   30  -82   -8    2   -5  -18    4   40   69   -8   98    5  -17    0   35  173   57  -24   50  135   29   34   39   58   25  -28   33   98   89   22  101  278  226  193  419  957  960  982  978
 18 * Anti-rotn           5782   -57  -66  -41  -46  -53  -48  -32  -58  -48  -13  -64  -55  -56  -50  -40  -36  -35    0  -53  -44   29  -17  219  -61  -50  598  -23   47  -19  224   34  312   58   72  498  504  172  597  492  999  997  995
 19 ZQ Bot                5668  -272 -266 -285  -32 -282  -98  -65 -166  -20  -92   43  -18 -142  -93   70  -59 -173   53    0  -57  -41  -64  198  -16  -46  -25   45   62   46  148  401  201  156  326  994  329  338  593  996  988  996  997
 20 Mixed Strategy        4977   -79  -44  -34  -23  -28  -25  -28  -72  -19  -54  -28  -80   -7   12   30 -110  -57   44   57    0  -53  -32   25  -41  -12  283  -20   48   35   14    1   -3  188  148  174   45  317  488  971  963  997  986
 21 Majikthise            4732    -7  -27  -51  -22   11   27   25  -13   26   -1   26   26    2   23   31   -4   24  -29   41   53    0  -37  202   -1    4  143   -9   -9   18   55  -12  111   26  260  -38  321  143  459  -31  986  994  986
 22 Vroomfondel           4679   -41  -22  -59  -29   59  -39  -41   13  -19   -6   36   -3   27   16   40   25  -50   17   64   32   37    0  220  -44   25   80   18   11   27   78   14  105   -2  185   46  238  176  460   14  991  992  988
 23 Multi-strategy        1850  -329 -209 -250 -259 -188 -245 -423 -218 -222 -332  -46 -281 -179 -319 -103 -100 -135 -219 -198  -25 -202 -220    0  -50  -20  -73    4  270   20  186  -45  304  123   18  -61  468  418  999  997  997  999  998
 24 * De Bruijn            604   -52   32  -49   40   25   30  -42   19  -21   65   36   97   79   71   34   39  -29   61   16   41    1   44   50    0   -1   32  -13    5   23   10    0  -25   23   -9  -18  -57    7  128   -1   21    0 -108
 25 * Pi                    88     0    4    8   31   14    6   26   21   37   -3   26   14   14  -18   26    1  -34   50   46   12   -4  -25   20    1    0   43  -56    0    0  -35  -49   -1  -81  -20   32  -23  -13   30   22  -11  -11  -12
 26 Inocencio             -621  -142 -932 -223 -127 -113  -19 -723 -152 -303  -15 -793 -653  -89 -653 -618  -54  -39 -598   25 -283 -143  -80   73  -32  -43    0  130  100  327  101   57   37  161  200  115  250  404  359  920  984  985  978
 27 * Add-drift          -1276   -96 -204  -92  -21 -211  -21   -2  -57    8   17  -58  -26 -303   -1  -32    6  -58   23  -45   20    9  -18   -4   13   56 -130    0   22   14  -18   -3   16    4   14  -31   19    1  -73    9    3  -21   -5
 28 * Copy-drift         -2028  -236  -43 -128  -39 -201  -94   25  -89   -8    2   -6  -38 -298  -41  -31  -52  -25  -47  -62  -48    9  -11 -270   -5    0 -100  -22    0  -14   15   -4   32  -40  -36  -58   21   -8  -29  -22  -39   -1   13
 29 * Foxtrot            -2182  -331  -37 -340 -427  -10  -26 -388 -187  -22   42  -23  -67   -2  -31   29    9   28   19  -46  -35  -18  -27  -20  -23    0 -327  -14   14    0  -33    2   -1  -10   22  -30   15   59  -11   24    5   20   16
 30 * Flat               -2740  -159  -35  -95 -141  -74 -135 -106  -94    5 -160 -125 -206  -80 -206 -140  -14  -33 -224 -148  -14  -55  -78 -186  -10   35 -101   18  -15   33    0    3  -72   12  -13 -220   20  -16  254  211   28   -1 -403
 31 * Add-react          -2895  -380 -284 -330 -102  -96  -69   -6 -345 -104  -35 -308  -77 -119  -98  -74  -80  -98  -34 -401   -1   12  -14   45    0   49  -57    3    4   -2   -3    0  -27   20  -56  -16    9   57    4    4  114   -3    3
 32 * Switch A Lot       -3190   -57 -216  -92 -127 -218  -84 -145 -116 -179 -165 -161 -175 -178 -123 -163 -184  -89 -312 -201    3 -111 -105 -304   25    1  -37  -16  -32    1   72   27    0   61   -2  -98  -14   25   12  280  -28   -9   44
 33 * Text               -3191  -133 -189  -87 -151 -125 -171 -156  -35 -135  -59 -170 -183 -154 -177 -161 -141  -22  -58 -156 -188  -26    2 -123  -23   81 -161   -4   40   10  -12  -20  -61    0   -2   40   47   14 -185  -74  -11 -185  113
 34 Knucklehead          -3624  -560 -352 -409 -519 -317 -457 -490 -472 -361 -489 -140 -249 -283 -362 -256 -156 -101  -72 -326 -148 -260 -185  -18    9   20 -200  -14   36  -22   13   56    2    2    0   55   29   95  114  848  319 1000  996
 35 Peterbot             -6150  -928 -976 -927 -869 -311 -1000 -175 -937 -463 -140 -298 -887 -339 -928 -345  -18 -278 -498 -994 -174   38  -46   61   18  -32 -115   31   58   30  220   16   98  -40  -55    0  248  405  435  981  999  998  987
 36 Always Switchin'     -7204  -182 -446 -223 -292 -478 -479 -297 -251 -425 -255 -220 -258 -434 -204 -203 -446 -226 -504 -329  -45 -321 -238 -468   57   23 -250  -19  -21  -15  -20   -9   14  -47  -29 -248    0   35   41  478   -3   12   21
 37 R-P-S 20-20-60       -9504  -392 -399 -183 -374 -439 -402 -327 -331 -358 -298 -384 -443 -408 -386 -396 -341 -193 -172 -338 -317 -143 -176 -418   -7   13 -404   -1    8  -59   16  -57  -25  -14  -95 -405  -35    0 -401 -146   -5 -373  104
 38 Beat Frequent Pick  -14287  -908 -941 -944 -617 -592 -823 -717 -588 -753 -584 -592 -592 -588 -594 -593 -564 -419 -597 -593 -488 -459 -460 -999 -128  -30 -359   73   29   11 -254   -4  -12  185 -114 -435  -41  401    0 -600    0  999  997
 39 Beat The Last Move  -19956  -988 -989 -983 -989 -993 -964 -105 -988 -982 -778 -991 -990 -986 -996 -1000 -901 -957 -492 -996 -971   31  -14 -997    1  -22 -920   -9   22  -24 -211   -4 -280   74 -848 -981 -478  146  600    0    1 1000  996
 40 Rotate R-P-S        -25765  -988 -989 -992 -992 -992 -995 -993 -991 -990 -993 -991 -995 -989 -995 -989 -912 -960 -999 -988 -963 -986 -991 -997  -21   11 -984   -3   39   -5  -28 -114   28   11 -319 -999    3    5    0   -1    0    0 -718
 41 Good Ole Rock       -26289  -992 -1000 -995 -998 -999 -998 -1000 -999 -997 -998 -994 -1000 -996 -1000 -996 -958 -982 -997 -996 -997 -994 -992 -999    0   11 -985   21    1  -20    1    3    9  185 -1000 -998  -12  373 -999 -1000    0    0  998
 42 * Anti-Flat         -27822  -977 -996 -985 -993 -996 -993 -999 -1000 -1000 -995 -996 -986 -998 -996 -998 -966 -978 -995 -997 -986 -986 -988 -998  108   12 -978    5  -13  -16  403   -3  -44 -113 -996 -987  -21 -104 -997 -996  718 -998    0

 Match results (draw <= 50): 

    Player Name           total  W  L  D   1  2  3  4  5  6  7  8  9 10 11 12 13 14 15 16 17 18 19 20 21 22 23 24 25 26 27 28 29 30 31 32 33 34 35 36 37 38 39 40 41 42
  1 Iocaine Powder          70  29  0 12   1  2  1  2  1  1  1  1  1  2  1  1  1  1  2  1  2  2  2  2  2  2  2  1  2  2  2  2  2  2  2  2  2  2  2  2  2  2  2  2  2  2
  2 Phasenbott              68  28  1 12   0  1  1  2  1  1  2  1  2  2  1  1  2  1  2  2  1  2  1  2  1  1  2  1  2  2  2  2  2  2  2  2  2  2  2  2  2  2  2  2  2  2
  3 Yomi AI                 62  21  0 20   1  1  1  1  1  1  1  1  1  1  1  1  1  2  2  1  2  2  1  2  1  1  2  1  2  2  1  2  1  2  2  1  2  2  2  2  2  2  2  2  2  2
  4 RussRocker4             62  24  3 14   0  0  1  1  1  1  0  1  1  1  1  1  1  2  2  1  1  2  2  2  2  1  2  1  2  2  2  2  2  2  2  2  2  2  1  2  2  2  2  2  2  2
  5 Biopic                  62  21  0 20   1  1  1  1  1  1  1  1  1  1  1  1  1  2  2  1  2  2  1  2  1  1  1  1  2  2  1  2  1  2  2  2  2  2  2  2  2  2  2  2  2  2
  6 Simple Modeller         62  23  2 16   1  1  1  1  1  1  1  1  1  0  2  1  0  1  2  1  1  2  2  2  1  1  2  1  2  1  2  2  2  2  2  2  2  2  2  2  2  2  2  2  2  2
  7 MegaHAL                 61  21  1 19   1  0  1  2  1  1  1  1  1  1  1  1  1  1  1  1  2  2  2  2  1  1  2  1  2  1  2  2  1  2  2  2  2  1  2  2  2  2  2  2  2  2
  8 Shofar                  59  18  0 23   1  1  1  1  1  1  1  1  1  1  1  1  1  1  1  1  1  2  1  2  2  1  2  1  2  1  1  1  2  2  2  2  2  1  2  2  2  2  2  2  2  2
  9 Robertot                58  18  1 22   1  0  1  1  1  1  1  1  1  1  1  1  1  1  1  1  1  2  1  2  1  1  2  1  1  1  1  2  2  2  2  2  2  2  2  2  2  2  2  2  2  2
 10 ACT-R Lag2              57  19  3 19   0  0  1  1  1  2  1  1  1  1  1  1  1  1  2  1  1  2  1  2  2  0  2  1  1  1  1  2  1  2  2  1  2  2  2  2  2  2  2  2  2  2
 11 Bugbrain                57  17  1 23   1  1  1  1  1  0  1  1  1  1  1  1  1  1  1  1  1  2  1  2  2  1  2  1  1  1  2  2  1  2  2  2  2  1  1  2  2  2  2  2  2  2
 12 Boom                    55  14  0 27   1  1  1  1  1  1  1  1  1  1  1  1  1  1  1  1  1  1  1  1  1  1  1  1  2  1  1  2  1  2  2  2  2  1  2  2  2  2  2  2  2  2
 13 Vroomfondel             53  13  1 27   1  0  1  1  1  2  1  1  1  1  1  1  1  1  1  1  1  1  1  1  1  1  2  1  2  1  1  1  1  2  2  1  2  2  1  1  2  2  2  2  2  2
 14 Piedra                  53  16  4 21   1  1  0  0  0  1  1  1  1  1  1  1  1  1  1  1  0  1  2  1  1  1  1  1  2  1  2  2  1  1  2  2  2  2  2  2  2  2  2  2  2  2
 15 Simple Predictor        52  19  8 14   0  0  0  0  0  0  1  1  1  0  1  1  1  1  1  1  1  1  2  1  1  0  2  1  2  1  2  2  2  2  2  2  2  2  2  2  2  2  2  2  2  2
 16 Majikthise              52  12  1 28   1  0  1  1  1  1  1  1  1  1  1  1  1  1  1  1  1  1  1  1  2  1  1  1  2  1  1  1  1  2  2  1  2  2  1  1  2  2  2  2  2  2
 17 Sweet Rocky             51  16  6 19   0  1  0  1  0  1  0  1  1  1  1  1  1  2  1  1  1  1  1  0  1  1  0  1  2  1  1  2  1  2  2  2  2  2  2  2  2  2  2  2  2  2
 18 Marble                  47  18 12 11   0  0  0  0  0  0  0  0  0  0  0  1  1  1  1  1  1  1  2  1  2  0  1  1  2  2  1  2  1  2  2  2  2  2  2  2  2  2  2  2  2  2
 19 * Anti-rotn             46  14  9 18   0  1  1  0  1  0  0  1  1  1  1  1  1  0  0  1  1  0  1  1  1  0  0  1  2  1  1  2  1  2  2  1  2  2  2  2  2  2  2  2  2  2
 20 Granite                 46  17 12 12   0  0  0  0  0  0  0  0  0  0  0  1  1  1  1  1  2  1  1  1  1  0  2  1  2  1  1  2  1  2  2  2  2  2  2  2  2  2  2  2  2  2
 21 Mixed Strategy          45  11  7 23   0  1  1  0  1  1  1  0  1  0  0  1  1  1  1  0  1  0  1  1  1  1  2  1  2  1  1  2  1  1  2  1  1  1  2  2  1  2  2  2  2  2
 22 * De Bruijn             44   6  3 32   0  1  1  1  1  1  1  1  1  2  1  1  1  1  2  1  1  2  2  2  1  1  1  1  1  1  1  1  1  1  1  1  1  1  1  1  0  2  1  0  1  1
 23 ZQ Bot                  44  17 14 10   0  0  0  0  1  0  0  0  0  0  0  1  0  1  0  1  2  1  2  0  0  1  1  1  1  1  1  2  2  2  2  2  2  2  2  2  2  2  2  2  2  2
 24 * Pi                    39   0  2 39   1  1  1  1  1  1  1  1  1  1  1  1  1  1  1  1  1  1  1  1  1  1  1  1  1  1  0  1  1  1  1  1  1  1  0  1  1  1  1  1  1  1
 25 Inocencio               39  16 18  7   0  0  0  0  0  0  0  0  1  1  1  0  0  0  0  0  0  0  0  0  0  1  1  1  1  2  2  2  2  2  2  2  1  2  2  2  2  2  2  2  2  2
 26 * Foxtrot               35   1  7 33   0  0  0  0  0  1  1  1  1  1  1  1  1  1  1  1  1  0  1  1  1  1  1  1  0  1  1  1  1  1  1  1  1  1  1  1  1  1  1  1  1  2
 27 * Add-drift             32   1 10 30   0  0  1  0  1  0  0  1  1  1  0  1  1  0  0  1  1  1  1  1  1  1  1  2  0  1  1  1  1  1  1  1  1  1  1  1  1  0  1  1  1  1
 28 Peterbot                31  11 21  9   0  0  0  0  0  0  0  1  0  0  0  0  1  0  0  1  0  0  0  0  0  1  0  1  0  1  1  1  2  2  0  1  2  2  1  2  2  2  2  2  2  2
 29 * Copy-drift            30   0 11 30   0  0  1  0  1  0  1  0  0  1  1  1  1  1  0  1  1  1  1  1  1  1  0  1  0  1  1  0  1  0  1  1  1  1  1  1  1  1  1  1  1  1
 30 Multi-strategy          30  11 22  8   0  0  0  0  0  0  0  0  0  0  0  0  0  1  0  0  0  0  0  0  1  1  0  1  0  1  1  0  2  1  1  1  2  2  2  2  2  2  2  2  2  2
 31 Knucklehead             26   8 23 10   0  0  0  0  0  0  0  0  0  0  0  0  0  0  0  0  0  0  0  0  0  1  0  1  0  1  1  2  1  1  1  2  1  1  1  2  1  2  2  2  2  2
 32 * Add-react             25   2 18 21   0  0  1  0  0  0  0  0  0  1  0  0  1  0  0  1  0  0  1  0  1  1  0  1  0  1  1  1  1  1  0  1  1  1  1  1  1  1  1  1  2  2
 33 * Switch A Lot          21   3 23 15   0  0  0  0  0  0  0  0  0  0  0  0  0  0  0  0  0  0  0  0  1  1  0  1  1  1  1  0  1  0  1  1  1  2  2  2  1  1  1  1  1  1
 34 * Flat                  21   2 22 17   0  0  0  0  0  0  1  1  0  0  1  1  0  0  0  0  0  0  0  0  1  1  0  1  0  1  1  0  1  0  1  1  0  1  1  2  1  2  1  0  1  1
 35 * Text                  19   2 24 15   0  0  0  1  0  0  0  0  0  0  1  0  1  0  0  1  0  0  0  0  0  1  0  2  0  1  1  1  1  0  1  1  0  1  1  0  1  0  0  2  1  1
 36 Beat The Last Move      19   5 27  9   0  0  0  0  0  0  0  0  0  0  0  0  1  0  0  1  0  0  0  0  0  1  0  1  0  1  1  0  1  0  0  1  0  0  2  1  0  2  2  2  1  2
 37 Always Switchin'        19   2 24 15   0  0  0  0  0  0  0  0  0  0  0  0  0  0  0  0  0  0  0  0  1  2  0  1  0  1  1  0  1  0  1  1  1  1  1  2  1  1  1  1  1  1
 38 Beat Frequent Pick      17   5 29  7   0  0  0  0  0  0  0  0  0  0  0  0  0  0  0  0  0  0  0  0  0  0  0  1  0  1  2  0  1  0  0  1  1  0  2  0  1  1  2  2  1  2
 39 Good Ole Rock           16   3 28 10   0  0  0  0  0  0  0  0  0  0  0  0  0  0  0  0  0  0  0  0  0  1  0  1  0  1  1  0  1  0  0  1  1  1  2  0  1  0  1  2  1  2
 40 * Anti-Flat             13   3 31  7   0  0  0  0  0  0  0  0  0  0  0  0  0  0  0  0  0  0  0  0  0  2  0  1  0  1  1  0  1  0  0  1  1  2  0  0  1  0  0  1  2  0
 41 Rotate R-P-S            13   0 28 13   0  0  0  0  0  0  0  0  0  0  0  0  0  0  0  0  0  0  0  0  0  1  0  1  0  1  1  0  1  0  0  0  1  1  1  1  1  1  1  0  1  1
 42 R-P-S 20-20-60          11   1 31  9   0  0  0  0  0  0  0  0  0  0  0  0  0  0  0  0  0  0  0  0  0  1  0  1  0  0  1  0  1  0  0  0  1  1  1  0  1  0  0  2  1  1


   Yomi AI is match ranked 3

 Tournament results:
    Player Name          total 
  1 Yomi AI               7669 
 19 Iocaine Powder       10991 
 20 Phasenbott           10145 
 21 MegaHAL              10228 
 23 Biopic                8478 
 24 Simple Modeller       8137 
 26 Robertot              8052 

   Yomi is tournament ranked 7

