 Playing 1 tournaments with 1000 trials per match...

 Yomi AI            vs Good Ole Rock       Match: 1000 (1000+   0-   0=)
 Yomi AI            vs R-P-S 20-20-60      Match:  225 (496+ 271- 233=)
 Yomi AI            vs Rotate R-P-S        Match:  795 (896+ 101-   3=)
 Yomi AI            vs Beat The Last Move  Match:   16 (341+ 325- 334=)
 Yomi AI            vs Always Switchin'    Match:  219 (450+ 231- 319=)
 Yomi AI            vs Beat Frequent Pick  Match:  529 (725+ 196-  79=)
 Yomi AI            vs * Pi                Match:    5 (338+ 333- 329=)
 Yomi AI            vs * Switch A Lot      Match:  126 (409+ 283- 308=)
 Yomi AI            vs * Flat              Match:   38 (361+ 323- 316=)
 Yomi AI            vs * Anti-Flat         Match:  786 (886+ 100-  14=)
 Yomi AI            vs * Foxtrot           Match:  313 (551+ 238- 211=)
 Yomi AI            vs * De Bruijn         Match:   13 (325+ 312- 363=)
 Yomi AI            vs * Text              Match:  162 (452+ 290- 258=)
 Yomi AI            vs * Anti-rotn         Match:   -2 (334+ 336- 330=)
 Yomi AI            vs * Copy-drift        Match:   27 (339+ 312- 349=)
 Yomi AI            vs * Add-react         Match:   -6 (329+ 335- 336=)
 Yomi AI            vs * Add-drift         Match:   20 (361+ 341- 298=)
 Yomi AI            vs Iocaine Powder      Match:  -33 (317+ 350- 333=)
 Yomi AI            vs Phasenbott          Match:  -10 (319+ 329- 352=)
 Yomi AI            vs MegaHAL             Match:  -11 (333+ 344- 323=)
 Yomi AI            vs RussRocker4         Match:    4 (348+ 344- 308=)
 Yomi AI            vs Biopic              Match:   22 (344+ 322- 334=)
 Yomi AI            vs Simple Modeller     Match:    9 (339+ 330- 331=)
 Yomi AI            vs Simple Predictor    Match:   69 (396+ 327- 277=)
 Yomi AI            vs Robertot            Match:   18 (367+ 349- 284=)
 Yomi AI            vs Boom                Match:   31 (356+ 325- 319=)
 Yomi AI            vs Shofar              Match:  -11 (322+ 333- 345=)
 Yomi AI            vs ACT-R Lag2          Match:   -4 (331+ 335- 334=)
 Yomi AI            vs Majikthise          Match:   20 (352+ 332- 316=)
 Yomi AI            vs Vroomfondel         Match:  -75 (311+ 386- 303=)
 Yomi AI            vs Granite             Match:   97 (418+ 321- 261=)
 Yomi AI            vs Marble              Match:   24 (379+ 355- 266=)
 Yomi AI            vs ZQ Bot              Match:   89 (416+ 327- 257=)
 Yomi AI            vs Sweet Rocky         Match:   50 (388+ 338- 274=)
 Yomi AI            vs Piedra              Match:   42 (377+ 335- 288=)
 Yomi AI            vs Mixed Strategy      Match:   32 (365+ 333- 302=)
 Yomi AI            vs Multi-strategy      Match:  322 (550+ 228- 222=)
 Yomi AI            vs Inocencio           Match:  395 (639+ 244- 117=)
 Yomi AI            vs Peterbot            Match:    9 (342+ 333- 325=)
 Yomi AI            vs Bugbrain            Match:   -5 (340+ 345- 315=)
 Yomi AI            vs Knucklehead         Match:  417 (614+ 197- 189=)
 Final results (draw value = 50):

 Tournament results: 

    Player Name          total     1    2    3    4    5    6    7    8    9   10   11   12   13   14   15   16   17   18   19   20   21   22   23   24   25   26   27   28   29   30   31   32   33   34   35   36   37   38   39   40   41   42
  1 Iocaine Powder       10880     0   40  100   33   41   44  523  162   21   40  235  -46   40   40  256   41   33  302   39    7   65    7  341   11  203  -42  107  342  242  539  291  151  102  110 1000  171  424  904  991  984  992  994
  2 Phasenbott           10190   -40    0   71   16   28   68  500   97   19   78  235  -29   39   40  276   65   10  264  -16   90   77   -9  249   41  223   -1  130  403  108  394  306   93   77  115  914  191  168  930  985  990  995 1000
  3 MegaHAL               9635  -100  -71    0    1   25   62   47   32   33   72  230   36   31    1  260   53   11  250  -36   64   64  -16  236   -7  153  -27  202   86   56  392  290  132  142  254  870  445  433  955  988  989 1000  997
  4 Simple Modeller       8791   -33  -16   -1    0  -53  -18    3  273   38   -4   73  -37  -25   31   94   39   -9  294   33  101   49  -22  161  -18  796    1  206   19  248  243  114  100  138  222  323  455  411  592  989  996  998  987
  5 Biopic                8625   -41  -28  -25   53    0   44   -8   23   -6   30  147   -4   76    7  112   60  -22   51  -19   57   52  -34  224   -1  167  -19  -35  410   89  487   69  207  140  149  990  338  375  542  989  994  997  988
  6 Robertot              7899   -44  -68  -62   18  -44    0  -14   10   69   38   39   -2  -67  -22  103   65  -18   42  -13   69   43   -6  157   15    5  -29   73    6   90  413   57  111  175   83  920  482  394  863  968  991  996  993
  7 RussRocker4           7686  -523 -500  -47   -3    8   14    0   36   18   25  157   11  -10    9  164   23   -4  162    9   62   43  -11  244  -11  132  -18  158  206  144  458  365   81   99  133  933  252  295  588  994  994 1000  996
  8 Simple Predictor      7432  -162  -97  -32 -273  -23  -10  -36    0  -78   43    8  -27  -42   38   44   -8  -69  179  -28   86   62   15  220  -62  696  -21  322  -29  229  267   91   83  154  178  326  435  404  588  986  986  995  994
  9 Boom                  7296   -21  -19  -33  -38    6  -69  -18   78    0   40   19   17  -50  -46   72   72  -31   37  -32    9   59   -9  230  -48   44  -50   37  -23   59  471  104   50  145  161  498  450  402  753  991  990  995  994
 10 Piedra                6647   -40  -78  -72    4  -30  -38  -25  -43  -40    0  -47  -56  -62  -47  -33   -7  -42  -30  -33  -40   82  -34   85  -20  776    2   20  -23   73  212  269  172  186  131  269  229  410  591  993  990  997  996
 11 Marble                6608  -235 -235 -230  -73 -147  -39 -157   -8  -19   47    0  -90 -130  -78   47   37  -24   31  -47   -5   45  -34  218  -60  654  -27  -21   18   83  302  112  194  180  136  925  267  399  591  994  993  999  995
 12 Shofar                6603    46   29  -36   37    4    2  -11   27  -17   56   90    0  -20    1   49   44   11   87   48   73   42   14  102  -14    5  -64   61  -32  102  199   25   59  115  210  126  443  340  557  906  917  985  985
 13 ACT-R Lag2            6562   -40  -39  -31   25  -76   67   10   42   50   62  130   20    0  -13   54   35    4   74  -29    8   26   16  222  -11  780  -21    2  -58   37  486   57  102   71  143  192  229  384  575    1  993  998  985
 14 Bugbrain              6167   -40  -40   -1  -31   -7   22   -9  -38   46   47   78   -1   13    0   93   -3    5  186   61   34   52   31  120  -15   60   18   94  -25   57   99  104   79   24  107  320  239  144  414  967  948  938  977
 15 Granite               6141  -256 -276 -260  -94 -112 -103 -164  -44  -72   33  -47  -49  -54  -93    0   42  -97  -48    9   68   44  -32  170  -86  650  -22   23   50   -6  259   95  140  181  134  949  239  407  592  990  991  998  992
 16 Sweet Rocky           5969   -41  -65  -53  -39  -60  -65  -23    8  -72    7  -37  -44  -35    3  -42    0  -50  -38  -15   -1   60  -44   54   21  -48   58   77    0   32  157  353  148  165  167  260  250  365  591  993  988  998  986
 17 Yomi AI               5767   -33  -10  -11    9   22   18    4   69   31   42   24  -11   -4   -5   97   50    0   89   20   32   -2  -75  322   13  395    5   20  313   27  417   -6   38  162  126    9  219  225  529   16  795 1000  786
 18 ZQ Bot                5555  -302 -264 -250 -294  -51  -42 -162 -179  -37   30  -31  -87  -74 -186   48   38  -89    0  -26   56   55  -55  243  -42  -42  -31   53  -42   94  298  298  167  165  119  998  218  386  594  992  991  998 1000
 19 Majikthise            4976   -39   16   36  -33   19   13   -9   28   32   33   47  -48   29  -61   -9   15  -20   26    0   69    6   53  163   36   83   21    4  -13   10  254   42   92   55  152   17  308  138  452  -21  992  993  995
 20 Mixed Strategy        4801    -7  -90  -64 -101  -57  -69  -62  -86   -9   40    5  -73   -8  -34  -68    1  -32  -56  -69    0   23    3  -11  -95    8  -18   26  -17   88  -23   35  121  159  189   87  286  373  491  988  944  988  995
 21 * Anti-rotn           4657   -65  -77  -64  -49  -52  -43  -43  -62  -59  -82  -45  -42  -26  -52  -44  -60    2  -55   -6  -23    0    0  239  -67   30  -36   20   14  -35  177   -9  152   61  306   31  474  175  596  485  998  997  996
 22 Vroomfondel           4574    -7    9   16   22   34    6   11  -15    9   34   34  -14  -16  -31   32   44   75   55  -53   -3    0    0  154  -15   24  -29   37   24  -52  218  -33   57   37  126   32  253  137  431  -38  992  997  980
 23 Multi-strategy        2350  -341 -249 -236 -161 -224 -157 -244 -220 -230  -85 -218 -102 -222 -120 -170  -54 -322 -243 -163   11 -239 -154    0  -50 -118  -20  -14  -43  289   41   34  150  123  304  -39  441  404  999  997  997  999  999
 24 * De Bruijn            583   -11  -41    7   18    1  -15   11   62   48   20   60   14   11   15   86  -21  -13   42  -36   95   67   15   50    0   12   -1   12   11  -16  -30  -14    8   23   29    7   13   10  128   -1   21    0 -114
 25 Inocencio              410  -203 -223 -153 -796 -167   -5 -132 -696  -44 -776 -654   -5 -780  -60 -650   48 -395   42  -83   -8  -30  -24  118  -12    0  -38   14  324  110  178   73  145  155   39  140  330  396  356  929  988  983  976
 26 * Pi                   252    42    1   27   -1   19   29   18   21   50   -2   27   64   21  -18   22  -58   -5   31  -21   18   36   29   20    1   38    0   -1  -46    4   13    5  -27  -81   45   10  -48  -50   30   22  -11  -11  -11
 27 * Add-drift          -1695  -107 -130 -202 -206   35  -73 -158 -322  -37  -20   21  -61   -2  -94  -23  -77  -20  -53   -4  -26  -20  -37   14  -12  -14    1    0  -15   -2   -4  -70  -20   45   -6  -21   -8   -7   17   10   53  -49    9
 28 * Foxtrot            -2113  -342 -403  -86  -19 -410   -6 -206   29   23   23  -18   32   58   25  -50    0 -313   42   13   17  -14  -24   43  -11 -324   46   15    0   -1  -57  -13   17   52  -53  -54   49  -46   21  -24  -58  -55  -31
 29 * Copy-drift         -2258  -242 -108  -56 -248  -89  -90 -144 -229  -59  -73  -83 -102  -37  -57    6  -32  -27  -94  -10  -88   35   52 -289   16 -110   -4    2    1    0  -13  -23    1   18   -1  -58   41  -21  -19  -53   15   -4   18
 30 Knucklehead          -2778  -539 -394 -392 -243 -487 -413 -458 -267 -471 -212 -302 -199 -486  -99 -259 -157 -417 -298 -254   23 -177 -218  -41   30 -178  -13    4   57   13    0   82   33   63   -1  -13    5  112  162  981  748  934  963
 31 * Add-react          -2818  -291 -306 -290 -114  -69  -57 -365  -91 -104 -269 -112  -25  -57 -104  -95 -353    6 -298  -42  -35    9   33  -34   14  -73   -5   70   13   23  -82    0   14  -19   23  -23    9   64    8  -37  138   -2  110
 32 * Flat               -3042  -151  -93 -132 -100 -207 -111  -81  -83  -50 -172 -194  -59 -102  -79 -140 -148  -38 -167  -92 -121 -152  -57 -150   -8 -145   27   20  -17   -1  -33  -14    0   -3   14 -192  -22   16  223  196  -25    1 -400
 33 * Text               -3433  -102  -77 -142 -138 -140 -175  -99 -154 -145 -186 -180 -115  -71  -24 -181 -165 -162 -165  -55 -159  -61  -37 -123  -23 -155   81  -45  -52  -18  -63   19    3    0    5   31   -7   -9 -185  -74  -11 -185  111
 34 * Switch A Lot       -3625  -110 -115 -254 -222 -149  -83 -133 -178 -161 -131 -136 -210 -143 -107 -134 -167 -126 -119 -152 -189 -306 -126 -304  -29  -39  -45    6   53    1    1  -23  -14   -5    0 -113  -17   -1   52  299    4    8   -8
 35 Peterbot             -5570  -1000 -914 -870 -323 -990 -920 -933 -326 -498 -269 -925 -126 -192 -320 -949 -260   -9 -998  -17  -87  -31  -32   39   -7 -140  -10   21   54   58   13   23  192  -31  113    0  255  426  434  981  998 1000 1000
 36 Always Switchin'     -7411  -171 -191 -445 -455 -338 -482 -252 -435 -450 -229 -267 -443 -229 -239 -239 -250 -219 -218 -308 -286 -474 -253 -441  -13 -330   48    8  -49  -41   -5   -9   22    7   17 -255    0   -1   56  497    5   21  -75
 37 R-P-S 20-20-60       -9364  -424 -168 -433 -411 -375 -394 -295 -404 -402 -410 -399 -340 -384 -144 -407 -365 -225 -386 -138 -373 -175 -137 -404  -10 -396   50    7   46   21 -112  -64  -16    9    1 -426    1    0 -455 -149  -17 -353   92
 38 Beat Frequent Pick  -14150  -904 -930 -955 -592 -542 -863 -588 -588 -753 -591 -591 -557 -575 -414 -592 -591 -529 -594 -452 -491 -596 -431 -999 -128 -356  -30  -17  -21   19 -162   -8 -223  185  -52 -434  -56  455    0 -600    0  999  997
 39 Beat The Last Move  -19124  -991 -985 -988 -989 -989 -968 -994 -986 -991 -993 -994 -906   -1 -967 -990 -993  -16 -992   21 -988 -485   38 -997    1 -929  -22  -10   24   53 -981   37 -196   74 -299 -981 -497  149  600    0    1 1000  996
 40 Rotate R-P-S        -25950  -984 -990 -989 -996 -994 -991 -994 -986 -990 -990 -993 -917 -993 -948 -991 -988 -795 -991 -992 -944 -998 -992 -997  -21 -988   11  -53   58  -15 -748 -138   25   11   -4 -998   -5   17    0   -1    0    0 -658
 41 Good Ole Rock       -26140  -992 -995 -1000 -998 -997 -996 -1000 -995 -995 -997 -999 -985 -998 -938 -998 -998 -1000 -998 -993 -988 -997 -997 -999    0 -983   11   49   55    4 -934    2   -1  185   -8 -1000  -21  353 -999 -1000    0    0 1000
 42 * Anti-Flat         -27585  -994 -1000 -997 -987 -988 -993 -996 -994 -994 -996 -995 -985 -985 -977 -992 -986 -786 -1000 -995 -995 -996 -980 -999  114 -976   11   -9   31  -18 -963 -110  400 -111    8 -1000   75  -92 -997 -996  658 -1000    0

 Match results (draw <= 50): 

    Player Name           total  W  L  D   1  2  3  4  5  6  7  8  9 10 11 12 13 14 15 16 17 18 19 20 21 22 23 24 25 26 27 28 29 30 31 32 33 34 35 36 37 38 39 40 41 42
  1 Phasenbott              70  29  0 12   1  1  1  2  1  1  2  1  2  1  1  1  2  1  2  2  1  2  2  1  2  2  2  2  1  2  2  2  2  2  2  2  2  2  2  2  2  2  2  2  2  2
  2 Iocaine Powder          66  25  0 16   1  1  1  2  1  1  2  1  1  1  1  1  2  1  1  1  1  2  2  1  2  2  2  1  1  2  2  2  2  2  2  2  2  2  2  2  2  2  2  2  2  2
  3 Biopic                  66  25  0 16   1  1  1  1  2  1  1  1  1  1  2  1  1  1  1  2  1  2  2  1  2  2  2  2  1  2  2  1  2  2  2  2  2  2  2  2  2  2  2  2  2  2
  4 MegaHAL                 65  26  2 13   0  0  1  1  1  1  1  1  2  1  1  1  1  1  2  2  1  2  2  1  2  2  2  2  1  2  2  2  2  2  2  2  2  2  2  2  2  2  2  2  2  2
  5 Simple Modeller         62  22  1 18   1  1  0  1  1  1  1  1  1  1  1  1  2  1  1  1  1  2  2  1  2  1  2  2  1  2  1  2  2  2  2  2  2  2  2  2  2  2  2  2  2  2
  6 Bugbrain                62  21  0 20   1  1  1  1  1  1  1  1  1  1  1  1  1  2  1  1  1  2  2  1  2  2  2  1  1  2  1  2  2  2  2  2  2  2  2  2  2  1  2  2  2  2
  7 RussRocker4             61  22  2 17   0  0  1  1  1  1  1  1  1  1  1  1  1  1  1  1  1  2  2  1  2  1  2  2  1  2  2  2  2  2  2  2  2  2  2  2  2  2  2  2  2  2
  8 Shofar                  59  19  1 21   1  1  1  1  1  1  1  1  1  1  1  1  1  1  2  1  1  2  2  1  1  1  1  2  0  2  1  2  2  2  1  2  2  2  2  2  2  2  2  2  2  2
  9 Robertot                58  20  3 18   0  1  1  0  1  1  1  1  1  2  0  1  1  1  1  2  1  1  1  1  2  1  1  2  1  2  1  2  2  2  2  2  2  2  2  2  2  2  2  2  2  2
 10 Boom                    58  18  1 22   1  1  1  1  1  1  1  1  0  1  1  1  2  1  1  2  1  1  1  1  2  2  1  1  1  2  1  1  2  2  2  2  2  2  1  2  2  2  2  2  2  2
 11 ACT-R Lag2              58  19  2 20   1  1  0  1  1  1  1  1  2  1  1  1  1  1  2  1  1  2  2  1  2  1  2  1  1  2  0  1  2  2  2  1  1  2  2  2  2  2  2  2  2  2
 12 Yomi AI                 55  15  1 25   1  1  1  1  1  1  1  1  1  1  1  1  2  1  1  1  0  1  2  1  2  1  2  1  1  1  2  1  2  2  1  1  1  2  1  2  2  2  2  2  2  2
 13 Simple Predictor        55  20  6 15   0  0  1  1  0  1  1  1  1  0  1  0  1  1  1  1  1  1  2  0  1  2  2  2  1  2  1  2  2  2  2  2  2  2  2  2  2  2  2  2  2  2
 14 Majikthise              54  14  1 26   1  1  1  1  1  0  1  1  1  1  1  1  1  1  1  1  2  1  1  1  1  1  2  2  1  1  1  1  2  2  1  1  1  2  2  2  2  2  2  2  2  2
 15 Piedra                  54  17  4 20   0  1  1  0  1  1  1  0  1  1  0  1  1  1  1  1  1  1  1  1  1  2  2  1  1  2  1  1  2  2  2  2  2  2  2  2  2  2  2  2  2  2
 16 Sweet Rocky             53  17  5 19   0  1  0  0  1  1  1  1  0  0  1  1  1  1  1  1  1  1  1  1  1  2  1  1  2  2  1  2  2  2  2  1  2  2  2  2  2  2  2  2  2  2
 17 Vroomfondel             51  12  2 27   1  1  1  1  1  1  1  1  1  1  1  2  1  0  1  1  1  1  2  1  1  1  1  1  1  1  1  1  2  2  1  0  1  2  2  2  2  1  2  2  2  2
 18 Marble                  47  16 10 15   0  0  0  0  0  0  0  0  1  1  0  1  1  1  1  1  1  1  1  0  1  1  2  1  1  2  1  1  2  2  2  2  2  2  2  2  2  2  2  2  2  2
 19 ZQ Bot                  47  18 12 11   0  0  0  0  0  0  0  0  1  1  0  0  0  1  1  1  0  1  1  1  1  2  1  2  1  2  1  2  2  2  2  2  2  2  2  2  2  2  2  2  2  2
 20 * De Bruijn             46   6  1 34   1  1  1  1  1  1  1  1  1  1  1  1  2  1  1  1  1  2  1  1  2  2  1  2  1  1  1  1  1  1  1  1  1  1  1  1  1  1  2  1  0  1
 21 Granite                 45  16 12 13   0  0  0  0  0  0  0  1  0  0  0  0  1  1  1  1  1  1  1  0  1  1  2  2  1  2  1  1  2  2  2  1  2  2  2  2  2  2  2  2  2  2
 22 * Anti-rotn             42  12 11 18   0  0  0  0  1  0  1  1  1  0  1  1  0  1  0  0  1  1  0  0  1  1  1  1  1  1  1  1  2  2  1  1  2  2  2  2  2  2  2  2  2  2
 23 Inocencio               42  15 14 12   0  0  0  0  0  0  0  1  1  1  0  0  0  0  0  1  1  0  1  1  0  1  1  1  1  2  2  1  2  2  2  2  2  1  2  2  2  2  2  2  2  2
 24 Mixed Strategy          41  12 12 17   0  1  0  0  0  1  0  0  0  1  1  1  0  0  1  1  1  1  0  0  0  1  1  1  1  2  1  1  1  1  1  2  2  2  2  2  2  2  2  2  2  2
 25 * Pi                    40   1  2 38   1  1  1  1  1  1  1  2  1  1  1  1  1  1  1  0  1  1  1  1  1  1  1  1  1  1  1  1  1  1  1  1  1  1  1  1  1  0  1  1  1  1
 26 Peterbot                33  11 19 11   0  0  0  0  0  0  0  0  0  0  0  1  0  1  0  0  1  0  0  1  0  1  0  0  1  1  2  1  1  1  1  2  2  2  2  2  2  1  2  2  2  2
 27 * Foxtrot               31   2 12 27   0  0  0  0  1  1  0  1  1  1  2  0  1  1  1  1  1  1  1  1  1  1  0  1  1  0  1  1  1  0  1  1  1  0  1  0  1  2  1  0  1  1
 28 * Add-drift             30   1 12 28   0  0  1  0  0  0  0  0  0  1  1  1  0  1  1  0  1  1  0  1  1  1  1  1  1  1  1  1  1  1  0  1  1  1  1  1  1  1  1  2  1  1
 29 Multi-strategy          30  11 22  8   0  0  0  0  0  0  0  0  0  0  0  0  0  0  0  0  0  0  0  1  0  0  0  1  1  1  1  1  1  1  1  2  2  2  2  2  2  2  2  2  2  2
 30 Knucklehead             28   9 22 10   0  0  0  0  0  0  0  0  0  0  0  0  0  0  0  0  0  0  0  1  0  0  0  1  1  1  2  1  1  1  2  1  2  1  1  2  1  2  2  2  2  2
 31 * Add-react             27   4 18 19   0  0  0  0  0  0  0  1  0  0  0  1  0  1  0  0  1  0  0  1  0  1  0  1  1  1  1  2  1  0  1  1  1  1  1  1  1  1  1  2  2  2
 32 * Copy-drift            23   1 19 21   0  0  0  0  0  0  0  0  0  0  1  1  0  1  0  1  2  0  0  1  1  1  0  0  1  0  1  1  0  1  1  1  0  1  1  1  1  1  1  1  1  1
 33 Beat The Last Move      22   6 25 10   0  0  0  0  0  0  0  0  0  0  1  1  0  1  0  0  1  0  0  1  0  0  0  0  1  0  1  1  0  0  1  2  1  0  0  2  0  2  2  1  2  2
 34 * Switch A Lot          20   3 24 14   0  0  0  0  0  0  0  0  0  0  0  0  0  0  0  0  0  0  0  1  0  0  1  0  1  0  2  1  0  1  1  1  2  1  1  1  1  1  2  1  1  1
 35 * Flat                  19   2 24 15   0  0  0  0  0  0  0  0  0  1  0  1  0  0  0  0  0  0  0  1  0  0  0  0  1  0  1  1  0  1  1  1  2  1  1  1  1  1  2  1  0  1
 36 Good Ole Rock           17   4 28  9   0  0  0  0  0  0  0  0  0  0  0  0  0  0  0  0  0  0  0  1  0  0  0  0  1  0  2  1  0  0  1  1  0  1  1  1  1  2  0  1  2  2
 37 Always Switchin'        17   2 26 13   0  0  0  0  0  0  0  0  0  0  0  0  0  0  0  0  0  0  0  1  0  0  0  0  1  0  1  1  0  1  1  1  2  1  1  1  1  1  2  1  0  1
 38 * Text                  16   2 27 12   0  0  0  0  0  1  0  0  0  0  0  0  0  0  0  0  1  0  0  1  0  0  0  0  2  1  0  1  0  0  1  1  0  1  1  0  1  1  0  1  2  1
 39 Beat Frequent Pick      14   4 31  6   0  0  0  0  0  0  0  0  0  0  0  0  0  0  0  0  0  0  0  0  0  0  0  0  1  0  1  1  0  0  1  1  0  0  0  2  0  2  1  1  2  2
 40 Rotate R-P-S            13   1 29 11   0  0  0  0  0  0  0  0  0  0  0  0  0  0  0  0  0  0  0  1  0  0  0  0  1  0  2  0  0  0  0  1  1  1  1  1  1  1  1  1  0  1
 41 * Anti-Flat             13   4 32  5   0  0  0  0  0  0  0  0  0  0  0  0  0  0  0  0  0  0  0  2  0  0  0  0  1  0  1  1  0  0  0  1  0  1  2  0  2  0  0  2  1  0
 42 R-P-S 20-20-60          12   1 30 10   0  0  0  0  0  0  0  0  0  0  0  0  0  0  0  0  0  0  0  1  0  0  0  0  1  0  1  1  0  0  0  1  0  1  1  0  1  1  0  1  2  1


   Yomi AI is match ranked 12

 Tournament results:
    Player Name          total 
  1 Yomi AI               5767 
 19 Iocaine Powder       10880 
 20 Phasenbott           10190 
 21 MegaHAL               9635 
 22 RussRocker4           7686 
 23 Biopic                8625 
 24 Simple Modeller       8791 
 25 Simple Predictor      7432 
 26 Robertot              7899 
 27 Boom                  7296 
 28 Shofar                6603 
 29 ACT-R Lag2            6562 
 32 Granite               6141 
 33 Marble                6608 
 35 Sweet Rocky           5969 
 36 Piedra                6647 
 41 Bugbrain              6167 

   Yomi is tournament ranked 17

