 Playing 1 tournaments with 1000 trials per match...

 Yomi AI            vs Good Ole Rock       Match: 1000 (1000+   0-   0=)
 Yomi AI            vs R-P-S 20-20-60      Match:  340 (545+ 205- 250=)
 Yomi AI            vs Rotate R-P-S        Match:  996 (997+   1-   2=)
 Yomi AI            vs Beat The Last Move  Match:  178 (463+ 285- 252=)
 Yomi AI            vs Always Switchin'    Match:  197 (486+ 289- 225=)
 Yomi AI            vs Beat Frequent Pick  Match:  600 (754+ 154-  92=)
 Yomi AI            vs * Pi                Match:  -11 (332+ 343- 325=)
 Yomi AI            vs * Switch A Lot      Match:  125 (409+ 284- 307=)
 Yomi AI            vs * Flat              Match:  173 (459+ 286- 255=)
 Yomi AI            vs * Anti-Flat         Match:  999 (999+   0-   1=)
 Yomi AI            vs * Foxtrot           Match:  370 (571+ 201- 228=)
 Yomi AI            vs * De Bruijn         Match:   -4 (310+ 314- 376=)
 Yomi AI            vs * Text              Match:  142 (428+ 286- 286=)
 Yomi AI            vs * Anti-rotn         Match:    3 (335+ 332- 333=)
 Yomi AI            vs * Copy-drift        Match:  -11 (319+ 330- 351=)
 Yomi AI            vs * Add-react         Match:   25 (345+ 320- 335=)
 Yomi AI            vs * Add-drift         Match:    9 (327+ 318- 355=)
 Yomi AI            vs Iocaine Powder      Match:  -14 (333+ 347- 320=)
 Yomi AI            vs Phasenbott          Match:  -19 (319+ 338- 343=)
 Yomi AI            vs MegaHAL             Match:    7 (341+ 334- 325=)
 Yomi AI            vs RussRocker4         Match:   -7 (346+ 353- 301=)
 Yomi AI            vs Biopic              Match:  -26 (340+ 366- 294=)
 Yomi AI            vs Simple Modeller     Match:   54 (365+ 311- 324=)
 Yomi AI            vs Simple Predictor    Match:    3 (351+ 348- 301=)
 Yomi AI            vs Robertot            Match:   63 (408+ 345- 247=)
 Yomi AI            vs Boom                Match:   55 (363+ 308- 329=)
 Yomi AI            vs Shofar              Match:    3 (331+ 328- 341=)
 Yomi AI            vs ACT-R Lag2          Match:   42 (359+ 317- 324=)
 Yomi AI            vs Majikthise          Match:  -23 (338+ 361- 301=)
 Yomi AI            vs Vroomfondel         Match:   23 (357+ 334- 309=)
 Yomi AI            vs Granite             Match:   69 (409+ 340- 251=)
 Yomi AI            vs Marble              Match:  152 (477+ 325- 198=)
 Yomi AI            vs ZQ Bot              Match:   93 (402+ 309- 289=)
 Yomi AI            vs Sweet Rocky         Match:   57 (380+ 323- 297=)
 Yomi AI            vs Piedra              Match:   60 (379+ 319- 302=)
 Yomi AI            vs Mixed Strategy      Match:   13 (355+ 342- 303=)
 Yomi AI            vs Multi-strategy      Match:  193 (462+ 269- 269=)
 Yomi AI            vs Inocencio           Match:  177 (488+ 311- 201=)
 Yomi AI            vs Peterbot            Match:  317 (539+ 222- 239=)
 Yomi AI            vs Bugbrain            Match:    3 (347+ 344- 309=)
 Yomi AI            vs Knucklehead         Match:  541 (699+ 158- 143=)
 Final results (draw value = 50):

 Tournament results: 

    Player Name          total     1    2    3    4    5    6    7    8    9   10   11   12   13   14   15   16   17   18   19   20   21   22   23   24   25   26   27   28   29   30   31   32   33   34   35   36   37   38   39   40   41   42
  1 Iocaine Powder       10845     0  194   40   48   66   40  510  171   45   11   14  235   38  224  -41   -5  296   38   41   -1   89   -2  407  160   37   -4  126  197  313  573  348  174  102   79  892  191  311  925  988  996  987  992
  2 Phasenbott            9916  -194    0  111   46   23   44  510  102   86   28   19  242  -26  254   -2   51  291   30   43   15    8   50  171  185   31    0   89   68  400  367  341  133   51  112  998  216  117  939  992  995  995  985
  3 MegaHAL               9554   -40 -111    0   23    5   26  138  105    3   56   -7  231    1  265    6   19  273   40   58   -1  -53   37  197  287  -36  -23  189  108   47  345  261   87  133  221  913  450  358  963  989  999  992 1000
  4 Simple Modeller       8942   -48  -46  -23    0   22   10    0  199  -18    9  -54   44   40  120   14   22  270   95   60    8  -17  135  270  800  -51   32  246  265  -15  249  103   75  142  232  309  457  416  591  994  999  989  997
  5 Biopic                8575   -66  -23   -5  -22    0   39   15   47   72   16   26  104   35  118   -1   13   94   21   54   19    0   34  203  226  -34   25    3  100  395  520   76  133  138  170  740  336  383  596  992  996  996  991
  6 Robertot              8058   -40  -44  -26  -10  -39    0  -61   24    0  -44  -63   84   31    6    1    3  115    2   42  -14  -15   58  265   90  -29  -12   29  111   -1  366  105  164  166  118  998  455  375  884  975  996  997  996
  7 RussRocker4           7352  -510 -510 -138    0  -15   61    0   48   44   43    7  124   73   96  -63    7  149   79   52   -1    8   79  160  137  -52  -11  125  133  132  420  321  165   10  116  903  245  336  592  994 1000  993 1000
  8 Simple Predictor      7235  -171 -102 -105 -199  -47  -24  -48    0  -67  -29   -3   17   35   38   18   37  160   40   51   18  -39   41  220  231  -79  -14  339  300   22  260  148   85  166  223  328  407  422  592  986  996  989  993
  9 ACT-R Lag2            7169   -45  -86   -3   18  -72    0  -44   67    0   56  -42  116   38  141   11    7   92   64   34  -30  -14   37  365  598  -85   -7    2  -47  -19  503   31  171   70  136  964  282  275  575   24  998  995  993
 10 Boom                  7044   -11  -28  -56   -9  -16   44  -43   29  -56    0  -55   72   25   36  -46  -18  104   47   36   -1  -37   91  281   42  -12  -15   63    9   -8  310   40   68  145  168  300  421  400  753  991  995  989  996
 11 Yomi AI               6967   -14  -19    7   54  -26   63   -7    3   42   55    0  152   60   69    3    3   93   57    3   23  -23   13  193  177   -4  -11    9  -11  370  541   25  173  142  125  317  197  340  600  178 1000  996  999
 12 Marble                6759  -235 -242 -231  -44 -104  -84 -124  -17 -116  -72 -152    0   36  -17  -35  -83   40   53   54  -72  -10   63  495  629 -118   17   12   42   -1  314   89  212  172  169  911  245  390  593  991  998  996  995
 13 Piedra                6627   -38   26   -1  -40  -35  -31  -73  -35  -38  -25  -60  -36    0  -47  -26  -14  -69   19   42  -20  -49   81   65  -36  -64   -5   29   34   20  136  268  197  162  160  920  222  412  594  995  996  992  999
 14 Granite               6446  -224 -254 -265 -120 -118   -6  -96  -38 -141  -36  -69   17   47    0  -85  -51    2   45   52 -100  -19  -18  166  643  -19   -4  -15   36   67  314   98  172  178  144  945  260  366  591  994 1000  996  991
 15 Shofar                6335    41    2   -6  -14    1   -1   63  -18  -11   46   -3   35   26   85    0  -35   60   32   29  -34  -31   12  141   55   10  -56   24  123  -32  126   64  100  163  142  148  432  272  549  889  983  948  975
 16 Bugbrain              5712     5  -51  -19  -22  -13   -3   -7  -37   -7   18   -3   83   14   51   35    0  139   41   35  -34  -10   36   58   91   -9  -31   73   25   22  125  110   53    2  173   88  258  171  385  953  958  971  985
 17 ZQ Bot                5645  -296 -291 -273 -270  -94 -115 -149 -160  -92 -104  -93  -40   69   -2  -60 -139    0   50   52  -51  -38   32  228  -24  -26   12   17   62  -20  317  353  185  157  148  924  392  411  590  995  994  994 1000
 18 Sweet Rocky           5275   -38  -30  -40  -95  -21   -2  -79  -40  -64  -47  -57  -53  -19  -45  -32  -41  -50    0   61  -55  -51  -53   66  -40  -62  -86   40   47   -4  225  198  107  166  111  159  203  423  595  997  996  993  992
 19 * Anti-rotn           5263   -41  -43  -58  -60  -54  -42  -52  -51  -34  -36   -3  -54  -42  -52  -29  -35  -52  -61    0    8  -54   -6  239  475  -50  -33   10  -13  -14   63   -2  260   60  326   28  481  208  597  492 1000  997  990
 20 Vroomfondel           5078     1  -15    1   -8  -19   14    1  -18   30    1  -23   72   20  100   34   34   51   55   -8    0   11   90  134   99   17   15   24   14   22  203   -8  129   95  119   11  255  138  444  -22  995  986  984
 21 Majikthise            5012   -89   -8   53   17    0   15   -8   39   14   37   23   10   49   19   31   10   38   51   54  -11    0   82  170   94  -20   16   -6   -2   36  162    0   79   33   89   -5  277  199  478   10  997  988  991
 22 Mixed Strategy        4664     2  -50  -37 -135  -34  -58  -79  -41  -37  -91  -13  -63  -81   18  -12  -36  -32   53    6  -90  -82    0  -50   60  -74  -10  -20   64   -2  177   38   17  175   22  158  183  371  489  975  994  993  996
 23 Multi-strategy        2122  -407 -171 -197 -270 -203 -265 -160 -220 -365 -281 -193 -495  -65 -166 -141  -58 -228  -66 -239 -134 -170   50    0 -138  -50  -20   41  286   15   52   38  121  123  267  -54  501  393  999  997  999  997  999
 24 Inocencio             1365  -160 -185 -287 -800 -226  -90 -137 -231 -598  -42 -177 -629   36 -643  -55  -91   24   40 -475  -99  -94  -60  138    0  -14    4   18   84  345  255   71  175  159  108   99  240  381  357  985  979  976  984
 25 * De Bruijn            826   -37  -31   36   51   34   29   52   79   85   12    4  118   64   19  -10    9   26   62   50  -17   20   74   50   14    0   -1  -26  -19    9  -17   27    8   23   12  -13  -20   14  128   -1    0   21 -112
 26 * Pi                   130     4    0   23  -32  -25   12   11   14    7   15   11  -17    5    4   56   31  -12   86   33  -15  -16   10   20   -4    1    0  -20  -49   45   30   -9  -28  -81    6   -2   27  -30   30   22  -11  -11  -11
 27 * Add-drift          -1429  -126  -89 -189 -246   -3  -29 -125 -339   -2  -63   -9  -12  -29   15  -24  -73  -17  -40  -10  -24    6   20  -41  -18   26   20    0   14   -6    3   16  -19   27   32  -29  -37    7   -4  -43   38  -18   11
 28 * Copy-drift         -2020  -197  -68 -108 -265 -100 -111 -133 -300   47   -9   11  -42  -34  -36 -123  -25  -62  -47   13  -14    2  -64 -286  -84   19   49  -14    0   11  -93  -53   -1   12   25  -17   -9   46  -24  -36   59    8   33
 29 * Foxtrot            -2177  -313 -400  -47   15 -395    1 -132  -22   19    8 -370    1  -20  -67   32  -22   20    4   14  -22  -36    2  -15 -345   -9  -45    6  -11    0  -22  -16  -20    0   17  -18  -21    3   52    4   -5    2   -4
 30 Knucklehead          -2853  -573 -367 -345 -249 -520 -366 -420 -260 -503 -310 -541 -314 -136 -314 -126 -125 -317 -225  -63 -203 -162 -177  -52 -255   17  -30   -3   93   22    0   21  -16   21   43  -14   -9   55  134  981  909  850  996
 31 * Add-react          -3161  -348 -341 -261 -103  -76 -105 -321 -148  -31  -40  -25  -89 -268  -98  -64 -110 -353 -198    2    8    0  -38  -38  -71  -27    9  -16   53   16  -21    0  -15  -24  -17  -21  -43  -29   -5   72  -22   48   -3
 32 * Flat               -3289  -174 -133  -87  -75 -133 -164 -165  -85 -171  -68 -173 -212 -197 -172 -100  -53 -185 -107 -260 -129  -79  -17 -121 -175   -8   28   19    1   20   16   15    0    7    5 -207   19   14  213  178   -1   25 -398
 33 * Text               -3290  -102  -51 -133 -142 -138 -166  -10 -166  -70 -145 -142 -172 -162 -178 -163   -2 -157 -166  -60  -95  -33 -175 -123 -159  -23   81  -27  -12    0  -21   24   -7    0  -64    6  -24   30 -185  -74 -185  -11  112
 34 * Switch A Lot       -3555   -79 -112 -221 -232 -170 -118 -116 -223 -136 -168 -125 -169 -160 -144 -142 -173 -148 -111 -326 -119  -89  -22 -267 -108  -12   -6  -32  -25  -17  -43   17   -5   64    0 -151  -36   43   -2  313  -22   26   11
 35 Peterbot             -6475  -892 -998 -913 -309 -740 -998 -903 -328 -964 -300 -317 -911 -920 -945 -148  -88 -924 -159  -28  -11    5 -158   54  -99   13    2   29   17   18   14   21  207   -6  151    0  231  405  436  982 1000  999 1000
 36 Always Switchin'     -7200  -191 -216 -450 -457 -336 -455 -245 -407 -282 -421 -197 -245 -222 -260 -432 -258 -392 -203 -481 -255 -277 -183 -501 -240   20  -27   37    9   21    9   43  -19   24   36 -231    0   17   13  520  -27  -27  -12
 37 R-P-S 20-20-60       -9335  -311 -117 -358 -416 -383 -375 -336 -422 -275 -400 -340 -390 -412 -366 -272 -171 -411 -423 -208 -138 -199 -371 -393 -381  -14   30   -7  -46   -3  -55   29  -14  -30  -43 -405  -17    0 -361 -158 -412   32    7
 38 Beat Frequent Pick  -14301  -925 -939 -963 -591 -596 -884 -592 -592 -575 -753 -600 -593 -594 -591 -549 -385 -590 -595 -597 -444 -478 -489 -999 -357 -128  -30    4   24  -52 -134    5 -213  185    2 -436  -13  361    0 -600  999    0  996
 39 Beat The Last Move  -19513  -988 -992 -989 -994 -992 -975 -994 -986  -24 -991 -178 -991 -995 -994 -889 -953 -995 -997 -492   22  -10 -975 -997 -985    1  -22   43   36   -4 -981  -72 -178   74 -313 -982 -520  158  600    0 1000    1 1000
 40 Good Ole Rock       -26180  -996 -995 -999 -999 -996 -996 -1000 -996 -998 -995 -1000 -998 -996 -1000 -983 -958 -994 -996 -1000 -995 -997 -994 -999 -979    0   11  -38  -59    5 -909   22    1  185   22 -1000   27  412 -999 -1000    0    0  999
 41 Rotate R-P-S        -26360  -987 -995 -992 -989 -996 -997 -993 -989 -995 -989 -996 -996 -992 -996 -948 -971 -994 -993 -997 -986 -988 -993 -997 -976  -21   11   18   -8   -2 -850  -48  -25   11  -26 -999   27  -32    0   -1    0    0 -670
 42 * Anti-Flat         -27778  -992 -985 -1000 -997 -991 -996 -1000 -993 -993 -996 -999 -995 -999 -991 -975 -985 -1000 -992 -990 -984 -991 -996 -999 -984  112   11  -11  -33    4 -996    3  398 -112  -11 -1000   12   -7 -996 -1000 -999  670    0

 Match results (draw <= 50): 

    Player Name           total  W  L  D   1  2  3  4  5  6  7  8  9 10 11 12 13 14 15 16 17 18 19 20 21 22 23 24 25 26 27 28 29 30 31 32 33 34 35 36 37 38 39 40 41 42
  1 Iocaine Powder          67  26  0 15   1  2  1  1  2  1  2  1  1  1  1  1  1  2  2  1  1  2  2  1  1  1  2  1  2  2  2  2  2  2  2  2  2  2  2  2  2  2  2  2  2  2
  2 Phasenbott              66  26  1 14   0  1  1  2  1  1  2  1  1  1  2  2  1  1  2  1  1  2  2  1  1  1  2  1  2  2  2  2  2  2  2  2  2  2  2  2  2  2  2  2  2  2
  3 Yomi AI                 64  23  0 18   1  1  1  1  1  2  1  1  2  1  1  1  2  1  1  2  1  2  2  2  1  1  2  1  2  2  1  2  2  1  1  2  2  2  2  2  2  2  2  2  2  2
  4 MegaHAL                 63  24  2 15   1  0  1  1  1  1  2  1  1  1  1  1  2  0  2  1  1  2  2  1  1  2  2  1  2  1  2  2  2  2  2  2  2  2  2  2  2  2  2  2  2  2
  5 Biopic                  62  22  1 18   0  1  1  1  1  1  1  1  1  1  1  2  1  1  1  1  1  2  2  1  1  2  2  1  2  2  1  2  2  2  2  2  2  2  2  2  2  2  2  2  2  2
  6 Simple Modeller         62  23  2 16   1  1  0  1  1  1  1  1  1  1  1  1  1  1  2  1  0  2  1  2  2  2  2  1  2  1  2  2  2  2  2  2  2  2  2  2  2  2  2  2  2  2
  7 RussRocker4             61  25  5 11   0  0  1  0  1  1  1  0  2  1  1  1  1  1  1  2  0  2  2  2  2  2  2  1  2  2  2  2  2  2  2  2  2  2  2  1  2  2  2  2  2  2
  8 Shofar                  59  19  1 21   1  1  1  1  1  1  2  1  1  1  1  1  1  1  1  1  1  2  1  1  1  1  2  0  2  1  1  2  2  2  2  2  2  2  2  2  2  2  2  2  2  2
  9 Robertot                58  19  2 20   1  1  0  1  1  1  0  1  1  1  1  1  1  1  1  1  1  1  2  1  2  1  2  1  2  1  1  2  2  2  2  2  2  2  2  2  2  2  2  2  2  2
 10 Vroomfondel             58  17  0 24   1  1  1  1  1  1  1  1  1  1  1  1  1  1  1  1  1  2  2  2  2  1  2  1  2  1  1  1  2  1  1  2  1  2  2  2  2  2  2  2  2  2
 11 Bugbrain                58  18  1 22   1  0  1  1  1  1  1  1  1  1  1  1  1  1  1  1  1  2  2  1  1  1  2  1  2  1  2  2  2  2  1  2  2  2  2  1  2  2  2  2  2  2
 12 ACT-R Lag2              57  19  3 19   1  0  1  1  0  1  1  1  1  1  1  1  2  1  2  1  0  2  2  2  1  1  2  1  2  1  1  2  2  1  1  2  1  2  2  2  2  2  2  2  2  2
 13 Boom                    55  17  3 21   1  1  0  0  1  1  1  1  1  1  1  0  1  1  1  1  1  1  2  1  2  1  2  1  1  1  2  2  2  1  1  2  2  2  2  2  2  2  2  2  2  2
 14 Majikthise              55  15  1 25   0  1  1  2  1  1  1  1  1  1  1  1  1  1  1  1  1  1  1  2  2  2  1  1  2  1  1  1  2  1  1  2  1  2  2  1  2  2  2  2  2  2
 15 Simple Predictor        54  19  6 16   0  0  1  0  1  0  1  1  1  1  1  0  1  1  1  1  0  1  1  1  1  2  2  1  2  1  2  2  2  2  2  2  2  2  2  2  2  2  2  2  2  2
 16 Piedra                  52  15  4 22   1  1  0  1  1  1  0  1  1  1  1  1  1  1  1  1  0  1  1  1  2  1  0  1  1  1  1  2  2  2  1  2  2  2  2  2  2  2  2  2  2  2
 17 * De Bruijn             49   9  1 31   1  1  1  1  1  2  2  1  1  1  1  2  1  1  2  2  1  1  2  2  2  1  1  1  1  1  1  1  1  1  1  1  1  1  1  1  1  2  1  1  0  1
 18 Granite                 47  17 11 13   0  0  0  0  0  0  0  0  1  0  0  0  1  1  1  1  1  1  1  1  1  2  1  1  2  2  1  2  2  2  1  2  2  2  2  2  2  2  2  2  2  2
 19 Marble                  47  18 12 11   0  0  0  0  0  1  0  1  0  0  0  0  0  1  1  1  0  1  1  2  2  2  1  1  2  1  1  2  2  2  1  2  2  2  2  2  2  2  2  2  2  2
 20 Sweet Rocky             46  15 10 16   1  1  0  1  1  0  0  1  1  0  1  0  1  0  1  1  0  1  0  1  0  2  1  0  1  1  1  2  2  2  1  2  2  2  2  2  2  2  2  2  2  2
 21 Mixed Strategy          45  13  9 19   1  1  1  1  1  0  0  1  0  0  1  1  0  0  1  0  0  1  0  2  1  1  1  1  2  1  1  2  1  1  2  2  2  1  1  2  2  2  2  2  2  2
 22 * Anti-rotn             44  13 10 18   1  1  1  0  0  0  0  1  1  1  1  1  1  0  0  1  1  0  0  0  1  1  0  1  2  1  1  1  2  1  1  2  2  2  2  2  2  2  2  2  2  2
 23 ZQ Bot                  44  17 14 10   0  0  0  0  0  0  0  0  0  0  0  0  0  1  0  2  1  1  1  1  1  2  1  1  1  1  1  2  2  2  2  2  2  2  2  2  2  2  2  2  2  2
 24 * Pi                    42   2  1 38   1  1  1  1  1  1  1  2  1  1  1  1  1  1  1  1  1  1  1  2  1  1  1  1  1  1  1  1  1  1  1  1  1  1  1  0  1  1  1  1  1  1
 25 Inocencio               39  16 18  7   0  0  0  0  0  0  0  0  0  0  0  0  1  0  0  1  1  0  0  1  0  0  1  1  1  2  1  2  2  2  2  2  2  2  2  2  2  2  2  2  2  2
 26 * Foxtrot               35   1  7 33   0  0  0  1  0  1  0  1  1  1  1  1  1  1  1  1  1  0  1  1  1  1  1  1  0  1  1  1  1  1  1  1  1  1  1  1  1  2  1  1  1  1
 27 * Add-drift             33   0  8 33   0  0  1  0  1  0  0  1  1  1  0  1  0  1  0  1  1  1  1  1  1  1  1  1  1  1  1  1  1  1  1  1  1  1  1  1  1  1  1  1  1  1
 28 Peterbot                31  10 20 11   0  0  0  0  0  0  0  0  0  1  0  0  0  1  0  0  1  0  0  0  0  1  0  1  0  1  1  1  2  1  1  1  2  2  2  1  2  2  2  2  2  2
 29 Multi-strategy          30  12 23  6   0  0  0  0  0  0  0  0  0  0  0  0  0  0  0  0  1  0  0  0  1  0  0  1  0  1  1  0  1  1  2  2  2  2  2  2  2  2  2  2  2  2
 30 * Add-react             27   2 16 23   0  0  1  0  0  0  0  0  0  1  0  1  1  1  0  0  1  0  0  0  1  1  0  1  0  1  1  1  1  1  2  1  2  1  1  1  1  1  1  1  1  1
 31 * Copy-drift            27   1 15 25   0  0  1  0  0  0  0  0  0  1  1  1  1  1  0  1  1  1  1  1  0  1  0  1  0  1  1  1  0  0  1  0  1  1  1  1  1  1  2  1  1  1
 32 Knucklehead             24   7 24 10   0  0  0  0  0  0  0  0  0  0  0  0  0  0  0  0  1  0  0  0  0  0  0  1  0  1  1  1  0  1  2  1  2  1  1  1  1  2  2  2  2  2
 33 Beat The Last Move      19   5 27  9   0  0  0  0  0  0  0  0  0  1  0  1  0  1  0  0  1  0  0  0  0  0  0  1  0  1  1  0  0  0  1  0  1  0  0  2  0  2  2  1  2  2
 34 * Switch A Lot          19   2 24 15   0  0  0  0  0  0  0  0  0  0  0  0  0  0  0  0  1  0  0  0  1  0  0  1  0  1  1  0  0  1  1  1  2  1  1  2  1  1  1  1  1  1
 35 * Flat                  18   2 25 14   0  0  0  0  0  0  0  0  0  0  0  0  0  0  0  0  1  0  0  0  1  0  0  1  0  1  1  0  0  1  1  1  2  1  1  1  1  2  1  1  0  1
 36 * Text                  18   2 25 14   0  0  0  0  0  0  1  0  0  0  1  0  0  1  0  0  1  0  0  0  0  0  0  2  0  1  1  1  0  1  1  1  0  0  1  1  1  0  0  1  2  1
 37 Always Switchin'        17   1 25 15   0  0  0  0  0  0  0  0  0  0  0  0  0  0  0  0  1  0  0  0  0  0  0  1  0  1  1  0  0  1  1  1  2  1  1  1  1  1  1  1  1  1
 38 Beat Frequent Pick      15   4 30  7   0  0  0  0  0  0  0  0  0  0  0  0  0  0  0  0  0  0  0  0  0  0  0  1  0  0  1  0  0  1  1  0  0  1  0  2  1  1  2  1  2  2
 39 Good Ole Rock           15   3 29  9   0  0  0  0  0  0  0  0  0  0  0  0  0  0  0  0  1  0  0  0  0  0  0  1  0  1  1  0  0  1  0  0  0  1  1  2  1  0  1  1  2  2
 40 Rotate R-P-S            14   0 27 14   0  0  0  0  0  0  0  0  0  0  0  0  0  0  0  0  1  0  0  0  0  0  0  1  0  1  1  0  0  1  1  0  1  1  1  1  1  1  1  1  0  1
 41 * Anti-Flat             14   3 30  8   0  0  0  0  0  0  0  0  0  0  0  0  0  0  0  0  2  0  0  0  0  0  0  1  0  1  1  0  0  1  1  0  0  1  2  0  1  0  0  2  1  1
 42 R-P-S 20-20-60          12   0 29 12   0  0  0  0  0  0  0  0  0  0  0  0  0  0  0  0  1  0  0  0  0  0  0  1  0  1  1  0  0  1  1  0  0  1  1  1  1  0  0  1  1  1


   Yomi AI is match ranked 3

 Tournament results:
    Player Name          total 
  1 Yomi AI               6967 
 19 Iocaine Powder       10845 
 20 Phasenbott            9916 
 21 MegaHAL               9554 
 22 RussRocker4           7352 
 23 Biopic                8575 
 24 Simple Modeller       8942 
 25 Simple Predictor      7235 
 26 Robertot              8058 
 27 Boom                  7044 
 29 ACT-R Lag2            7169 

   Yomi is tournament ranked 11

