 Playing 1 tournaments with 1000 trials per match...

 Yomi AI            vs Good Ole Rock       Match: 1000 (1000+   0-   0=)
 Yomi AI            vs R-P-S 20-20-60      Match:   67 (367+ 300- 333=)
 Yomi AI            vs Rotate R-P-S        Match:   92 (460+ 368- 172=)
 Yomi AI            vs Beat The Last Move  Match:  -19 (326+ 345- 329=)
 Yomi AI            vs Always Switchin'    Match:   51 (384+ 333- 283=)
 Yomi AI            vs Beat Frequent Pick  Match:  160 (483+ 323- 194=)
 Yomi AI            vs * Pi                Match:   -7 (328+ 335- 337=)
 Yomi AI            vs * Switch A Lot      Match:   -9 (342+ 351- 307=)
 Yomi AI            vs * Flat              Match:   38 (370+ 332- 298=)
 Yomi AI            vs * Anti-Flat         Match:  194 (526+ 332- 142=)
 Yomi AI            vs * Foxtrot           Match:  100 (417+ 317- 266=)
 Yomi AI            vs * De Bruijn         Match:  -29 (320+ 349- 331=)
 Yomi AI            vs * Text              Match:    9 (331+ 322- 347=)
 Yomi AI            vs * Anti-rotn         Match:  -24 (333+ 357- 310=)
 Yomi AI            vs * Copy-drift        Match:   22 (347+ 325- 328=)
 Yomi AI            vs * Add-react         Match:  -10 (327+ 337- 336=)
 Yomi AI            vs * Add-drift         Match:  -35 (322+ 357- 321=)
 Yomi AI            vs Iocaine Powder      Match:    0 (347+ 347- 306=)
 Yomi AI            vs Phasenbott          Match:   -8 (332+ 340- 328=)
 Yomi AI            vs MegaHAL             Match:   10 (351+ 341- 308=)
 Yomi AI            vs RussRocker4         Match:   17 (346+ 329- 325=)
 Yomi AI            vs Biopic              Match:   46 (350+ 304- 346=)
 Yomi AI            vs Simple Modeller     Match:  -12 (332+ 344- 324=)
 Yomi AI            vs Simple Predictor    Match:  -25 (330+ 355- 315=)
 Yomi AI            vs Robertot            Match:   50 (374+ 324- 302=)
 Yomi AI            vs Boom                Match:   -6 (338+ 344- 318=)
 Yomi AI            vs Shofar              Match:  -11 (329+ 340- 331=)
 Yomi AI            vs ACT-R Lag2          Match:  -23 (322+ 345- 333=)
 Yomi AI            vs Majikthise          Match:    5 (341+ 336- 323=)
 Yomi AI            vs Vroomfondel         Match:  -44 (310+ 354- 336=)
 Yomi AI            vs Granite             Match:   69 (408+ 339- 253=)
 Yomi AI            vs Marble              Match:   52 (407+ 355- 238=)
 Yomi AI            vs ZQ Bot              Match:   96 (408+ 312- 280=)
 Yomi AI            vs Sweet Rocky         Match:   39 (363+ 324- 313=)
 Yomi AI            vs Piedra              Match:   15 (360+ 345- 295=)
 Yomi AI            vs Mixed Strategy      Match:   45 (359+ 314- 327=)
 Yomi AI            vs Multi-strategy      Match:    9 (353+ 344- 303=)
 Yomi AI            vs Inocencio           Match:   35 (366+ 331- 303=)
 Yomi AI            vs Peterbot            Match:    5 (336+ 331- 333=)
 Yomi AI            vs Bugbrain            Match:   16 (352+ 336- 312=)
 Yomi AI            vs Knucklehead         Match:  159 (457+ 298- 245=)
 Final results (draw value = 50):

 Tournament results: 

    Player Name          total     1    2    3    4    5    6    7    8    9   10   11   12   13   14   15   16   17   18   19   20   21   22   23   24   25   26   27   28   29   30   31   32   33   34   35   36   37   38   39   40   41   42
  1 Iocaine Powder       11561     0   49   72   43   30  520   68  128   76   13   72  203  203   48   68   29  332   44   12   43   97  294    0   27   11  821  138  366  163  253  584  190  100   29  912  251  365  950  985  990  992  990
  2 Phasenbott            9929   -49    0   44   47   22  529   27  117   38   63   43  201  219   -4   21   43  280   83   -4    5   78  165    8   51  -50  148  122  410  133  303  382   59  101   78  924  241  117  954  989  996  995 1000
  3 MegaHAL               9481   -72  -44    0   26  -14   78   30   77  -27   32   -5  260  233   20   38   52  238   47  -38  -23   43  144  -10  -64   29  150  188  100   96  320  404   98  189  235  898  432  392  948  994  990 1000  997
  4 Simple Modeller       8819   -43  -47  -26    0   47  -26   15  260  -19   23   72   71   64  -29   17   94  258   40  -18  -22   33  224   12  -27  -21  791  223   22  212  113  239  112  140  301  338  467  352  591  988  990  998  990
  5 Biopic                8629   -30  -22   14  -47    0  -47   51   35   43   24   50  140  113   22   18  -17   78   47  -55   11   58  213  -46  -45   17  154    9  381   13   96  526  160  146  100  994  292  373  783  995  995 1000  987
  6 RussRocker4           8289  -520 -529  -78   26   47    0   -1   98   38   38   21  165  126  -41   39   16  173   40   -1   15   41  197  -17  -47   -2  750  124  224  161  346  515   80   50  109  924  238  357  588  991  994  999  995
  7 Robertot              7638   -68  -27  -30  -15  -51    1    0   42  -60   12    7   35   32   13    5  -24   80   31  -26  -35   25  288  -50  -14   39   40   44   27  102   86  489   47  167   91  679  456  385  855  964  998 1000  998
  8 Simple Predictor      7300  -128 -117  -77 -260  -35  -98  -42    0  -69   31   22   13   53   -9   24    7  155   45  -38  -37   43  179   25  -73  -14   85  354  -21  267   83  308  113  166  196  812  395  392  592  986  986  993  993
  9 ACT-R Lag2            7238   -76  -38   27   19  -43  -38   60   69    0  -23    2  131  158   21   68   26   66   36  -15   -2   85  263   23  -72   21  121   29  -61  -10    0  501  149   82  143  292  307  372  580  983  991  994  997
 10 Boom                  7159   -13  -63  -32  -23  -24  -38  -12  -31   23    0   16  107   76   -3   39  -15  -16   42   21  -22   38  195    6  -42    8   33   -4   21   21   63  386   52  125  138  590  414  363  753  985  985  997 1000
 11 Sweet Rocky           7035   -72  -43    5  -72  -50  -21   -7  -22   -2  -16    0  -20  -29  -43   38  -43  -45   61  -51  -60   73   47  -39    0  -39  786  -37   32    0  304  178  112  192  115  569  288  373  593  994  993 1000  993
 12 Marble                6726  -203 -201 -260  -71 -140 -165  -35  -13 -131 -107   20    0   14  -34   22  -79   48   73  -83  -28   64  341  -52 -103  -29  647   59   25   58  118  323  193  183  158  919  219  406  593  989  995  999  994
 13 Granite               6335  -203 -219 -233  -64 -113 -126  -32  -53 -158  -76   29  -14    0  -38   29  -72  -29   49  -25  -17   58  236  -69  -98  -37  648   58    1   -7   54  298  181  179  153  917  204  355  592  990  993  998  996
 14 Shofar                6151   -48    4  -20   29  -22   41  -13    9  -21    3   43   34   38    0   55  -24   23   16    4  -50   49  104   11  -24   24   57   33   14  120   29   90   72  131  206  134  420  260  562  861  944  979  974
 15 Piedra                5896   -68  -21  -38  -17  -18  -39   -5  -24  -68  -39  -38  -22  -29  -55    0  -32  -38   58   17  -35   19  104  -15  -46  -28  -50   36   23   47  240  135  121  169  207  276  242  349  594  996  992  996 1000
 16 Bugbrain              5686   -29  -43  -52  -94   17  -16   24   -7  -26   15   43   79   72   24   32    0  148   42  -14   11   30   93  -16    3    2   61  112  -12    0   88  106   53   65   81  109  259  201  411  924  953  948  989
 17 ZQ Bot                5479  -332 -280 -238 -258  -78 -173  -80 -155  -66   16   45  -48   29  -23   38 -148    0   48  -27  -74   28  218  -96  -13   23  -68   37    4   52  215  286  128  139  181  900  286  382  593  994  995 1000  999
 18 * Anti-rotn           5120   -44  -83  -47  -40  -47  -40  -31  -45  -36  -42  -61  -73  -49  -16  -58  -42  -48    0  -34   11  -25  258   24  -47  -77  436  -34  -29   28  -26   64  221   61  331   51  479  146  597  500  997  999  991
 19 Majikthise            5044   -12    4   38   18   55    1   26   38   15  -21   51   83   25   -4  -17   14   27   34    0  -12   20  281   -5   25    3   89    2    8   34   -2  239   91  -11  133  -26  238  153  446  -15  994  995  989
 20 Vroomfondel           4964   -43   -5   23   22  -11  -15   35   37    2   22   60   28   17   50   35  -11   74  -11   12    0  -30  192   44   35   18   72   12   21   -4  -67  250   80   13  150   32  248  139  478  -13  993  995  985
 21 Mixed Strategy        4829   -97  -78  -43  -33  -58  -41  -25  -43  -85  -38  -73  -64  -58  -49  -19  -30  -28   25  -20   30    0    8  -45  -44  -28   -5  -10   -7    5   58  163   11  156   81  291  100  435  555  987  960  994  991
 22 Multi-strategy        3156  -294 -165 -144 -224 -213 -197 -288 -179 -263 -195  -47 -341 -236 -104 -104  -93 -218 -258 -281 -192   -8    0   -9  -50  -20  -70  -38    8  284   91   51  172  123  299  500  502  367  999  997  997  999  998
 23 Yomi AI               2139     0   -8   10  -12   46   17   50  -25  -23   -6   39   52   69  -11   15   16   96  -24    5  -44   45    9    0  -29   -7   35  -35  100   22  -10  159   38    9   -9    5   51   67  160  -19   92 1000  194
 24 * De Bruijn            744   -27  -51   64   27   45   47   14   73   72   42    0  103   98   24   46   -3   13   47  -25  -35   44   50   29    0   -1   11  -48  -30   26   54    8   35   23  -34   -9  -15  -14  128   -1   21    0 -107
 25 * Pi                    99   -11   50  -29   21  -17    2  -39   14  -21   -8   39   29   37  -24   28   -2  -23   77   -3  -18   28   20    7    1    0   20  -41   -2   24  -35   -7   79  -81   -4   18  -28  -19   30   22  -11  -11  -13
 26 Inocencio               82  -821 -148 -150 -791 -154 -750  -40  -85 -121  -33 -786 -647 -648  -57   50  -61   68 -436  -89  -72    5   70  -35  -11  -20    0  -14  274   83   89  234  126  162  158  126  236  402  353  686  978  976  975
 27 * Add-drift          -1225  -138 -122 -188 -223   -9 -124  -44 -354  -29    4   37  -59  -58  -33  -36 -112  -37   34   -2  -12   10   38   35   48   41   14    0    1   45   22   18   29  -31   -7  -30   17  -17    0   39  -24  -10   42
 28 * Foxtrot            -1899  -366 -410 -100  -22 -381 -224  -27   21   61  -21  -32  -25   -1  -14  -23   12   -4   29   -8  -21    7   -8 -100   30    2 -274   -1    0   23   23   10  -16   31    4  -30  -23  -42    6   13  -15    9    8
 29 * Copy-drift         -1903  -163 -133  -96 -212  -13 -161 -102 -267   10  -21    0  -58    7 -120  -47    0  -52  -28  -34    4   -5 -284  -22  -26  -24  -83  -45  -23    0   16  -22    7    2  -18   -7  -14   49    7   36   -2   -8   49
 30 * Add-react          -2832  -253 -303 -320 -113  -96 -346  -86  -83    0  -63 -304 -118  -54  -29 -240  -88 -215   26    2   67  -58  -91   10  -54   35  -89  -22  -23  -16    0  -33    8  -29   47  -24    7   -3    2   38  -73  103   49
 31 Knucklehead          -2865  -584 -382 -404 -239 -526 -515 -489 -308 -501 -386 -178 -323 -298  -90 -135 -106 -286  -64 -239 -250 -163  -51 -159   -8    7 -234  -18  -10   22   33    0   -4   99   15    2   19   85  110  991  749  958  995
 32 * Flat               -2892  -190  -59  -98 -112 -160  -80  -47 -113 -149  -52 -112 -193 -181  -72 -121  -53 -128 -221  -91  -80  -11 -172  -38  -35  -79 -126  -29   16   -7   -8    4    0  -57   60 -177   28   43  245  233  -62    1 -409
 33 * Text               -2957  -100 -101 -189 -140 -146  -50 -167 -166  -82 -125 -192 -183 -179 -131 -169  -65 -139  -61   11  -13 -156 -123   -9  -23   81 -162   31  -31   -2   29  -99   57    0   44   13   39   83 -185  -74  -11 -185  113
 34 * Switch A Lot       -3536   -29  -78 -235 -301 -100 -109  -91 -196 -143 -138 -115 -158 -153 -206 -207  -81 -181 -331 -133 -150  -81 -299    9   34    4 -158    7   -4   18  -47  -15  -60  -44    0 -114   26    9  -19  337   -8   24  -20
 35 Peterbot             -6803  -912 -924 -898 -338 -994 -924 -679 -812 -292 -590 -569 -919 -917 -134 -276 -109 -900  -51   26  -32 -291 -500   -5    9  -18 -126   30   30    7   24   -2  177  -13  114    0  242  368  441  963  998 1000  993
 36 Always Switchin'     -7048  -251 -241 -432 -467 -292 -238 -456 -395 -307 -414 -288 -219 -204 -420 -242 -259 -286 -479 -238 -248 -100 -502  -51   15   28 -236  -17   23   14   -7  -19  -28  -39  -26 -242    0  -11   56  492   22   -9  -35
 37 R-P-S 20-20-60       -8876  -365 -117 -392 -352 -373 -357 -385 -392 -372 -363 -373 -406 -355 -260 -349 -201 -382 -146 -153 -139 -435 -367  -67   14   19 -402   17   42  -49    3  -85  -43  -83   -9 -368   11    0 -436 -198   39 -452  205
 38 Beat Frequent Pick  -14110  -950 -954 -948 -591 -783 -588 -855 -592 -580 -753 -593 -593 -592 -562 -594 -411 -593 -597 -446 -478 -555 -999 -160 -128  -30 -353    0   -6   -7   -2 -110 -245  185   19 -441  -56  436    0 -600    0  999  996
 39 Beat The Last Move  -20025  -985 -989 -994 -988 -995 -991 -964 -986 -983 -985 -994 -989 -990 -861 -996 -924 -994 -500   15   13 -987 -997   19    1  -22 -686  -39  -13  -36  -38 -991 -233   74 -337 -963 -492  198  600    0    1 1000  996
 40 Rotate R-P-S        -25095  -990 -996 -990 -990 -995 -994 -998 -986 -991 -985 -993 -995 -993 -944 -992 -953 -995 -997 -994 -993 -960 -997  -92  -21   11 -978   24   15    2   73 -749   62   11    8 -998  -22  -39    0   -1    0    0 -680
 41 Good Ole Rock       -26265  -992 -995 -1000 -998 -1000 -999 -1000 -993 -994 -997 -1000 -999 -998 -979 -996 -948 -1000 -999 -995 -995 -994 -999 -1000    0   11 -976   10   -9    8 -103 -958   -1  185  -24 -1000    9  452 -999 -1000    0    0 1000
 42 * Anti-Flat         -27197  -990 -1000 -997 -990 -987 -995 -998 -993 -997 -1000 -993 -994 -996 -974 -1000 -989 -999 -991 -989 -985 -991 -998 -194  107   13 -975  -42   -8  -49  -49 -995  409 -113   20 -993   35 -205 -996 -996  680 -1000    0

 Match results (draw <= 50): 

    Player Name           total  W  L  D   1  2  3  4  5  6  7  8  9 10 11 12 13 14 15 16 17 18 19 20 21 22 23 24 25 26 27 28 29 30 31 32 33 34 35 36 37 38 39 40 41 42
  1 Iocaine Powder          69  28  0 13   1  1  1  2  1  2  2  1  1  1  1  2  2  1  2  2  1  1  2  1  2  2  2  2  1  2  2  2  2  2  2  2  2  2  1  2  2  2  2  2  2  2
  2 Phasenbott              68  27  0 14   1  1  1  1  1  2  1  1  1  2  1  2  1  1  1  1  1  2  2  2  2  2  2  2  1  2  2  2  2  2  2  2  2  2  2  2  2  2  2  2  2  2
  3 Simple Modeller         64  23  0 18   1  1  1  1  1  1  1  2  1  1  1  2  1  1  2  1  1  1  2  1  2  1  2  2  1  2  1  2  2  2  2  2  2  2  2  2  2  2  2  2  2  2
  4 MegaHAL                 63  24  2 15   0  1  1  1  1  2  1  2  1  1  1  2  1  1  1  1  1  1  2  0  2  1  2  2  1  2  2  2  2  2  2  2  2  2  2  2  2  2  2  2  2  2
  5 Biopic                  61  21  1 19   1  1  1  1  1  1  1  1  1  1  0  1  2  1  1  1  1  1  2  1  2  2  2  2  1  2  2  1  1  2  2  2  2  2  2  2  2  2  2  2  2  2
  6 RussRocker4             59  21  3 17   0  0  1  0  1  1  1  1  1  1  1  2  1  1  1  1  1  1  2  1  2  1  2  2  1  2  2  2  2  2  2  2  1  2  2  2  2  2  2  2  2  2
  7 ACT-R Lag2              59  21  3 17   0  1  1  1  1  1  1  1  1  1  1  2  2  1  1  2  1  1  2  0  2  2  2  2  1  2  0  1  1  2  2  1  2  2  2  2  2  2  2  2  2  2
  8 Bugbrain                58  19  2 20   1  1  0  0  1  1  1  1  1  1  1  1  1  1  1  1  1  1  2  1  2  1  2  2  1  2  1  2  1  2  2  2  2  2  2  2  2  2  2  2  2  2
  9 Shofar                  57  16  0 25   1  1  1  1  1  1  1  1  1  1  1  1  1  1  1  2  1  1  1  1  1  1  1  2  1  2  1  1  2  2  2  1  2  2  2  2  2  2  2  2  2  2
 10 Boom                    56  16  1 24   1  0  1  1  1  1  1  1  1  1  1  1  1  1  1  1  1  1  2  1  2  1  1  1  1  2  1  1  1  2  2  2  2  2  2  2  2  2  2  2  2  2
 11 Majikthise              55  14  0 27   1  1  1  1  2  1  1  1  1  1  1  1  1  1  2  1  1  1  2  1  1  1  1  2  1  2  1  1  1  1  2  1  1  1  2  2  2  2  2  2  2  2
 12 Simple Predictor        53  19  7 15   0  0  0  0  1  0  0  1  1  1  1  1  1  1  1  1  1  1  1  0  2  1  2  2  1  2  1  2  2  2  2  2  2  2  2  2  2  2  2  2  2  2
 13 Robertot                53  15  3 23   0  1  1  1  0  1  0  1  1  1  1  1  1  1  1  1  1  1  1  1  1  1  2  1  1  2  1  1  2  2  2  2  2  2  2  2  1  2  2  2  2  2
 14 Vroomfondel             53  13  1 27   1  1  1  1  1  1  1  1  1  1  1  1  1  1  2  1  1  1  1  1  1  1  2  2  1  2  1  1  1  1  2  0  1  1  2  2  2  2  2  2  2  2
 15 Sweet Rocky             53  16  4 21   0  1  0  1  1  1  1  1  1  1  0  1  1  0  1  1  1  2  1  1  1  2  1  2  1  1  1  1  1  2  2  2  2  2  2  2  2  2  2  2  2  2
 16 Piedra                  53  15  3 23   0  1  1  1  1  1  0  1  0  1  1  1  1  1  1  1  1  2  1  1  1  1  1  1  1  2  1  1  1  2  2  2  2  2  2  2  2  2  2  2  2  2
 17 Yomi AI                 52  11  0 30   1  1  1  1  1  1  1  1  1  1  1  1  1  1  1  1  1  1  2  1  2  1  2  1  1  1  2  1  1  1  2  1  1  1  1  2  1  2  2  2  2  2
 18 * Anti-rotn             50  14  5 22   1  0  1  1  1  1  1  1  1  1  1  1  1  1  0  0  1  1  0  1  1  1  1  2  0  2  1  1  1  2  2  1  2  2  2  2  2  2  2  2  2  2
 19 Marble                  48  19 12 10   0  0  0  0  0  0  0  0  1  0  0  1  1  1  1  1  0  2  1  0  1  2  1  2  1  2  1  2  2  2  2  2  2  2  2  2  2  2  2  2  2  2
 20 * De Bruijn             46   7  2 32   1  0  1  2  1  1  2  1  1  1  1  2  1  1  1  1  1  1  2  1  2  1  1  1  1  1  1  1  1  1  1  2  1  1  1  1  1  1  2  1  0  1
 21 Granite                 46  17 12 12   0  0  0  0  0  0  0  0  1  0  1  0  1  1  1  1  0  1  1  0  1  2  1  2  1  2  1  2  1  2  2  2  2  2  2  2  2  2  2  2  2  2
 22 Mixed Strategy          46  12  7 22   0  0  1  1  0  1  0  1  1  1  1  1  1  1  0  1  1  1  0  1  0  1  1  1  1  1  1  1  1  2  2  2  2  2  2  2  1  2  2  2  2  2
 23 ZQ Bot                  43  15 13 13   0  0  0  0  0  0  0  0  1  1  1  0  0  0  1  1  0  1  1  1  1  1  1  0  1  2  1  1  2  2  2  2  2  2  2  2  2  2  2  2  2  2
 24 Inocencio               42  17 16  8   0  0  0  0  0  0  0  0  0  1  0  0  1  0  0  1  1  0  0  1  0  1  2  1  1  2  2  1  2  2  2  2  2  2  2  2  2  2  2  2  2  2
 25 * Pi                    42   2  1 38   1  1  1  1  1  1  1  1  1  1  1  1  1  1  1  1  1  2  1  1  1  1  1  1  1  1  1  1  1  1  1  1  0  1  1  1  2  1  1  1  1  1
 26 Multi-strategy          35  14 20  7   0  0  0  0  0  0  0  0  0  0  0  0  0  0  1  0  1  0  0  1  0  1  0  0  1  1  1  1  2  2  2  2  2  2  2  2  2  2  2  2  2  2
 27 * Foxtrot               35   1  7 33   0  0  1  0  0  0  2  1  1  1  1  1  1  1  1  1  0  1  1  1  1  1  1  0  1  1  1  1  1  1  1  1  1  1  1  1  1  1  1  1  1  1
 28 * Add-drift             32   0  9 32   0  0  0  0  1  0  1  0  1  1  1  0  1  1  1  1  1  1  0  1  0  1  1  1  1  1  1  1  1  1  1  1  1  1  1  1  1  1  1  1  1  1
 29 * Copy-drift            29   0 12 29   0  0  0  0  1  0  1  1  0  1  1  0  0  1  1  1  1  1  0  1  1  1  0  0  1  0  1  1  1  1  1  1  1  1  1  1  1  1  1  1  1  1
 30 Peterbot                29   9 21 11   0  0  0  0  0  0  0  0  0  0  1  0  0  1  0  0  1  0  0  1  0  0  0  0  1  0  1  1  1  1  1  1  1  2  2  2  2  2  2  2  2  2
 31 Knucklehead             24   7 24 10   0  0  0  0  0  0  0  0  0  0  0  0  0  0  0  0  0  0  0  1  0  0  0  0  1  0  1  1  1  1  1  1  2  2  1  1  1  2  2  2  2  2
 32 * Add-react             23   2 20 19   0  0  0  0  0  0  1  0  1  0  1  0  0  2  0  0  1  1  0  0  0  0  0  0  1  0  1  1  1  1  1  1  1  1  1  1  1  0  1  2  1  1
 33 * Text                  21   4 24 13   0  0  0  0  0  1  0  0  0  0  1  0  0  1  0  0  1  0  0  1  0  0  0  0  2  0  1  1  1  1  0  1  1  0  1  1  2  1  0  0  2  2
 34 Beat The Last Move      20   5 26 10   0  0  0  0  0  0  0  0  0  0  1  0  0  1  0  0  1  0  0  1  0  0  0  0  1  0  1  1  1  0  0  1  2  1  0  0  0  1  2  2  2  2
 35 * Switch A Lot          18   1 24 16   1  0  0  0  0  0  0  0  0  0  0  0  0  0  0  0  1  0  0  1  0  0  0  0  1  0  1  1  1  0  1  1  1  2  1  1  0  1  1  1  1  1
 36 Always Switchin'        18   2 25 14   0  0  0  0  0  0  0  0  0  0  0  0  0  0  0  0  0  0  0  1  0  0  0  0  1  0  1  1  1  0  1  1  1  2  1  1  1  1  2  1  1  1
 37 * Flat                  18   3 26 12   0  0  0  0  0  0  0  0  0  0  0  0  1  0  0  0  1  0  0  1  0  1  0  0  0  0  1  1  1  0  1  1  0  2  2  1  1  0  2  1  0  1
 38 Rotate R-P-S            16   2 27 12   0  0  0  0  0  0  0  0  0  0  0  0  0  0  0  0  0  0  0  1  0  0  0  0  1  0  1  1  1  0  0  2  1  1  1  1  2  1  1  1  0  1
 39 Beat Frequent Pick      15   4 30  7   0  0  0  0  0  0  0  0  0  0  0  0  0  0  0  0  0  0  0  0  0  0  0  0  1  0  1  1  1  0  0  1  2  0  1  0  0  1  1  2  2  2
 40 Good Ole Rock           15   3 29  9   0  0  0  0  0  0  0  0  0  0  0  0  0  0  0  0  0  0  0  1  0  0  0  0  1  0  1  1  1  0  0  0  2  0  1  1  1  1  0  1  2  2
 41 * Anti-Flat             13   3 31  7   0  0  0  0  0  0  0  0  0  0  0  0  0  0  0  0  0  0  0  2  0  0  0  0  1  0  1  1  1  0  0  1  0  0  1  1  2  2  0  0  1  0
 42 R-P-S 20-20-60          12   1 30 10   0  0  0  0  0  0  0  0  0  0  0  0  0  0  0  0  0  0  0  1  0  0  0  0  1  0  1  1  1  0  0  1  0  0  1  1  1  1  0  0  2  1


   Yomi AI is match ranked 17

 Tournament results:
    Player Name          total 
  1 Yomi AI               2139 
 15 * Anti-rotn           5120 
 19 Iocaine Powder       11561 
 20 Phasenbott            9929 
 21 MegaHAL               9481 
 22 RussRocker4           8289 
 23 Biopic                8629 
 24 Simple Modeller       8819 
 25 Simple Predictor      7300 
 26 Robertot              7638 
 27 Boom                  7159 
 28 Shofar                6151 
 29 ACT-R Lag2            7238 
 30 Majikthise            5044 
 31 Vroomfondel           4964 
 32 Granite               6335 
 33 Marble                6726 
 34 ZQ Bot                5479 
 35 Sweet Rocky           7035 
 36 Piedra                5896 
 37 Mixed Strategy        4829 
 38 Multi-strategy        3156 
 41 Bugbrain              5686 

   Yomi is tournament ranked 23

