 Playing 1 tournaments with 1000 trials per match...

 Yomi AI            vs Good Ole Rock       Match: 1000 (1000+   0-   0=)
 Yomi AI            vs R-P-S 20-20-60      Match:  294 (498+ 204- 298=)
 Yomi AI            vs Rotate R-P-S        Match:  995 (996+   1-   3=)
 Yomi AI            vs Beat The Last Move  Match:  121 (404+ 283- 313=)
 Yomi AI            vs Always Switchin'    Match:  169 (467+ 298- 235=)
 Yomi AI            vs Beat Frequent Pick  Match:  553 (725+ 172- 103=)
 Yomi AI            vs * Pi                Match:  -10 (329+ 339- 332=)
 Yomi AI            vs * Switch A Lot      Match:  134 (420+ 286- 294=)
 Yomi AI            vs * Flat              Match:  148 (431+ 283- 286=)
 Yomi AI            vs * Anti-Flat         Match:  999 (999+   0-   1=)
 Yomi AI            vs * Foxtrot           Match:  305 (517+ 212- 271=)
 Yomi AI            vs * De Bruijn         Match:   -6 (313+ 319- 368=)
 Yomi AI            vs * Text              Match:  142 (427+ 285- 288=)
 Yomi AI            vs * Anti-rotn         Match:   56 (358+ 302- 340=)
 Yomi AI            vs * Copy-drift        Match:   -3 (350+ 353- 297=)
 Yomi AI            vs * Add-react         Match:   42 (375+ 333- 292=)
 Yomi AI            vs * Add-drift         Match:   76 (357+ 281- 362=)
 Yomi AI            vs Iocaine Powder      Match:   28 (346+ 318- 336=)
 Yomi AI            vs Phasenbott          Match:  -22 (319+ 341- 340=)
 Yomi AI            vs MegaHAL             Match:  -10 (335+ 345- 320=)
 Yomi AI            vs RussRocker4         Match:    2 (344+ 342- 314=)
 Yomi AI            vs Biopic              Match:   13 (374+ 361- 265=)
 Yomi AI            vs Simple Modeller     Match:   23 (353+ 330- 317=)
 Yomi AI            vs Simple Predictor    Match:   97 (417+ 320- 263=)
 Yomi AI            vs Robertot            Match:   -8 (354+ 362- 284=)
 Yomi AI            vs Boom                Match:   -8 (332+ 340- 328=)
 Yomi AI            vs Shofar              Match:   12 (335+ 323- 342=)
 Yomi AI            vs ACT-R Lag2          Match:   29 (351+ 322- 327=)
 Yomi AI            vs Majikthise          Match:   28 (362+ 334- 304=)
 Yomi AI            vs Vroomfondel         Match:    3 (355+ 352- 293=)
 Yomi AI            vs Granite             Match:  123 (459+ 336- 205=)
 Yomi AI            vs Marble              Match:  101 (429+ 328- 243=)
 Yomi AI            vs ZQ Bot              Match:  139 (453+ 314- 233=)
 Yomi AI            vs Sweet Rocky         Match:   62 (376+ 314- 310=)
 Yomi AI            vs Piedra              Match:    6 (354+ 348- 298=)
 Yomi AI            vs Mixed Strategy      Match:   73 (403+ 330- 267=)
 Yomi AI            vs Multi-strategy      Match:  272 (521+ 249- 230=)
 Yomi AI            vs Inocencio           Match:   76 (387+ 311- 302=)
 Yomi AI            vs Peterbot            Match:   54 (369+ 315- 316=)
 Yomi AI            vs Bugbrain            Match:   26 (347+ 321- 332=)
 Yomi AI            vs Knucklehead         Match:  500 (651+ 151- 198=)
Error: return value out of range.
 Final results (draw value = 50):

 Tournament results: 

    Player Name          total     1    2    3    4    5    6    7    8    9   10   11   12   13   14   15   16   17   18   19   20   21   22   23   24   25   26   27   28   29   30   31   32   33   34   35   36   37   38   39   40   41   42
  1 Iocaine Powder       10738     0   57  148   40   36    6  543   19   41  175    5  216  -28  297   -6   64    1   48  324   22    7   26  332   20  -11  201  163  318  128  205   91  316   17  579  875  216  353  925  997  981  992  999
  2 MegaHAL              10510   -57    0 -130   41   -8   24  106   76   25  107   -3  269   10  195   18   20   65   64  242   12   33   21  232   16  -16  940  201   41   87  154  142  287  254  419  904  459  337  952  987  988 1000  996
  3 Phasenbott            9890  -148  130    0   62   15   48  520   54  -20  162   20  207   22  186   53   61   38   48  251   -4    0   19  216   57  -34  192   97  382   50   86   78  351   83  448  897  228  149  912  984  993  997 1000
  4 Simple Modeller       9369   -40  -41  -62    0   16  -39   16   32   18  293  -14   83  -23  151   37   43   47   65  304   40  -15   98  217  -17  -23  803  215  -32  237   59  131   93  276  214  758  466  392  595  992  995  998  991
  5 Biopic                8301   -36    8  -15  -16    0   14   29   37   -5   65  -23  118  -13  114   26   80   -9   38   81  -21  -31   66  265  -22   41  165   -7  407   71   98  142   81  160  440  738  318  381  534  992  998  999  993
  6 Robertot              7698    -6  -24  -48   39  -14    0  -87   45   -1   55   10    5    8   -8   36    6  -12   41   87   12  -29   43  203  -15   21  -30   92   -2  119  117  169   93  108  431  769  466  399  814  805  995  996  990
  7 RussRocker4           7648  -543 -106 -520  -16  -29   87    0   28    5  113   41  156   -2  135  100   10   55   41  166  -44    5   87  325  -55   13  120  106  186  155   85   51  312  108  478  933  203  283  594  993  993 1000  996
  8 Sweet Rocky           7435   -19  -76  -54  -32  -37  -45  -28    0  -36  -28  -78  -53  -62  -18    2  -27  -50   46  -43   34  -29  -25  108  -29   -9  782   52   -7   50  150  171  347  165  171  900  218  454  593  994  996  997  990
  9 Boom                  7318   -41  -25   20  -18    5    1   -5   36    0   40  -34   23    8   98  -23  -57  -20   16   56  -52   40   27  249  -23  -19   40    0  -20   73    0   82  124  204  399  533  461  390  753  991  990  997  999
 10 Simple Predictor      6952  -175 -107 -162 -293  -65  -55 -113   28  -40    0  -10   73  -97   59   56  -16   65   47  215  -36  -43   38  179  -79   19  414  314  -33  245   33  149  118  244  272  328  417  417  587  986  986  993  994
 11 Shofar                6899    -5    3  -20   14   23  -10  -41   78   34   10    0   42  -12  112   54   68    1   56   80   36    8   38  129   15    7  231  -16    7   94   83  160   61  160  103  250  427  257  560  906  943  974  979
 12 Granite               6694  -216 -269 -207  -83 -118   -5 -156   53  -23  -73  -42    0 -123    1   15  -99  -67   50   24  -35  -48   -1  481  -54  -33  651   39   65    7  139  176   90  132  319  906  263  364  591  994  995  998  993
 13 Yomi AI               6634    28  -10  -22   23   13   -8    2   62   -8   97   12  123    0  101    6   29   26   56  139    3   28   73  272   -6  -10   76   76  305   -3  148  142   42  134  500   54  169  294  553  121  995 1000  999
 14 Marble                6334  -297 -195 -186 -151 -114    8 -135   18  -98  -59 -112   -1 -101    0   60  -93 -124   41   23  -17  -80   24  291  -56   -1  650  -30    4   43  173  177   79  102  325  967  214  416  594  992  991 1000  992
 15 Piedra                6151     6  -18  -53  -37  -26  -36 -100   -2   23  -56  -54  -15   -6  -60    0  -12  -49   47  -45  -27  -29   66   94  -28   15  -49   55   -7    2  135  186  181  150  247  487  209  383  594  993  997  994  996
 16 ACT-R Lag2            6039   -64  -20  -61  -43  -80   -6  -10   27   57   16  -68   99  -29   93   12    0   17   10  102  -32   27   87  331    0  -27   68   30  -20    3  103  105   22  137  529  186  255  282  561  357  995  995  993
 17 Bugbrain              5886    -1  -65  -38  -47    9   12  -55   50   20  -65   -1   67  -26  124   49  -17    0   32  133    9  -24   27  152   23   14   55  138  -10   96   62   25   93  105   59  279  213  160  396  928  964  986  955
 18 * Anti-rotn           5355   -48  -64  -48  -65  -38  -41  -41  -46  -16  -47  -56  -50  -56  -41  -47  -10  -32    0  -75  -38   25   -7  260  -41  -43  483  -12  -25    3  244   57   22  320   96   60  482  224  598  499  999 1000  970
 19 ZQ Bot                5231  -324 -242 -251 -304  -81  -87 -166   43  -56 -215  -80  -24 -139  -23   45 -102 -133   75    0  -79  -10   26  235   -5  -54  -39  110    3   13  141  171  276  110  320  847  265  393  592  989  992 1000  999
 20 Vroomfondel           4855   -22  -12    4  -40   21  -12   44  -34   52   36  -36   35   -3   17   27   32   -9   38   79    0  -46   44  189    3   -3   54    2  -20   -5   92   43   55  133  223  -47  262  195  492    9  992  993  978
 21 Majikthise            4771    -7  -33    0   15   31   29   -5   29  -40   43   -8   48  -28   80   29  -27   24  -25   10   46    0   38  177  -14   23   79   -5   -8   21   69   31   20   84  172   32  258  182  450  -27  993  991  994
 22 Mixed Strategy        4591   -26  -21  -19  -98  -66  -43  -87   25  -27  -38  -38    1  -73  -24  -66  -87  -27    7  -26  -44  -38    0  -23  -76  -32   19   27   -9   57   51  136  -34   58   47  213  188  413  441  964  990  995  981
 23 Multi-strategy        1633  -332 -232 -216 -217 -265 -203 -325 -108 -249 -179 -129 -481 -272 -291  -94 -331 -152 -260 -235 -189 -177   23    0  -50  -20  -96  -40   34  265  134  123    4  293   70  -41  475  407  999  997  997  999  997
 24 * De Bruijn            596   -20  -16  -57   17   22   15   55   29   23   79  -15   54    6   56   28    0  -23   41    5   -3   14   76   50    0   -1   11   55   22  -14    6   23    3   -4   15  -12   -7   27  128   -1   21    0 -112
 25 * Pi                   189    11   16   34   23  -41  -21  -13    9   19  -19   -7   33   10    1  -15   27  -14   43   54    3  -23   32   20    1    0   31   18  -22  -12    4  -81   -4    6   -2   22   19   10   30   22  -11  -11  -13
 26 Inocencio               -9  -201 -940 -192 -803 -165   30 -120 -782  -40 -414 -231 -651  -76 -650   49  -68  -55 -483   39  -54  -79  -19   96  -11  -31    0   58  282   70  151  152  108   79  155  161  246  365  362  719  981  974  979
 27 * Add-drift          -1731  -163 -201  -97 -215    7  -92 -106  -52    0 -314   16  -39  -76   30  -55  -30 -138   12 -110   -2    5  -27   40  -55  -18  -58    0    0  -50   28   20    5   36  -42   12   19   19  -26  -18  -16   33  -13
 28 * Foxtrot            -1864  -318  -41 -382   32 -407    2 -186    7   20   33   -7  -65 -305   -4    7   20   10   25   -3   20    8    9  -34  -22   22 -282    0    0   30   -5   -6  -34   15   -9  -12  -23  -18   15    0   20   38  -34
 29 * Copy-drift         -1989  -128  -87  -50 -237  -71 -119 -155  -50  -73 -245  -94   -7    3  -43   -2   -3  -96   -3  -13    5  -21  -57 -265   14   12  -70   50  -30    0   23   13   12   -8  -83  -44  -16  -27   16  -30    4  -18    4
 30 * Flat               -2760  -205 -154  -86  -59  -98 -117  -85 -150    0  -33  -83 -139 -148 -173 -135 -103  -62 -244 -141  -92  -69  -51 -134   -6   -4 -151  -28    5  -23    0    2   19   26   13 -166   28    0  250  196   52   -1 -411
 31 * Text               -3223   -91 -142  -78 -131 -142 -169  -51 -171  -82 -149 -160 -176 -142 -177 -186 -105  -25  -57 -171  -43  -31 -136 -123  -23   81 -152  -20    6  -13   -2    0   -2  -33   21   10  -18    3 -185  -74  -11 -185  112
 32 * Add-react          -3229  -316 -287 -351  -93  -81  -93 -312 -347 -124 -118  -61  -90  -42  -79 -181  -22  -93  -22 -276  -55  -20   34   -4   -3    4 -108   -5   34  -12  -19    2    0  -36  -31  -36   -6  -33   -9  -17  105  -15  -11
 33 * Switch A Lot       -3303   -17 -254  -83 -276 -160 -108 -108 -165 -204 -244 -160 -132 -134 -102 -150 -137 -105 -320 -110 -133  -84  -58 -293    4   -6  -79  -36  -15    8  -26   33   36    0  -25 -133   78   52   16  303   20  -23   27
 34 Knucklehead          -3837  -579 -419 -448 -214 -440 -431 -478 -171 -399 -272 -103 -319 -500 -325 -247 -529  -59  -96 -320 -223 -172  -47  -70  -15    2 -155   42    9   83  -13  -21   31   25    0  -29   -4   61  125  697  208  984  994
 35 Peterbot             -6565  -875 -904 -897 -758 -738 -769 -933 -900 -533 -328 -250 -906  -54 -967 -487 -186 -279  -60 -847   47  -32 -213   41   12  -22 -161  -12   12   44  166  -10   36  133   29    0  240  401  440  963  999 1000  993
 36 Always Switchin'     -7155  -216 -459 -228 -466 -318 -466 -203 -218 -461 -417 -427 -263 -169 -214 -209 -255 -213 -482 -265 -262 -258 -188 -475    7  -19 -246  -19   23   16  -28   18    6  -78    4 -240    0   34   37  506  -12  -17  -15
 37 R-P-S 20-20-60       -9415  -353 -337 -149 -392 -381 -399 -283 -454 -390 -417 -257 -364 -294 -416 -383 -282 -160 -224 -393 -195 -182 -413 -407  -27  -10 -365  -19   18   27    0   -3   33  -52  -61 -401  -34    0 -377 -191  -27 -423   22
 38 Beat Frequent Pick  -14106  -925 -952 -912 -595 -534 -814 -594 -593 -753 -587 -560 -591 -553 -594 -594 -561 -396 -598 -592 -492 -450 -441 -999 -128  -30 -362   26  -15  -16 -250  185    9  -16 -125 -440  -37  377    0 -600    0  999  997
 39 Beat The Last Move  -18917  -997 -987 -984 -992 -992 -805 -993 -994 -991 -986 -906 -994 -121 -992 -993 -357 -928 -499 -989   -9   27 -964 -997    1  -22 -719   18    0   30 -196   74   17 -303 -697 -963 -506  191  600    0    1 1000 1000
 40 Rotate R-P-S        -25761  -981 -988 -993 -995 -998 -995 -993 -996 -990 -986 -943 -995 -995 -991 -997 -995 -964 -999 -992 -992 -993 -990 -997  -21   11 -981   16  -20   -4  -52   11 -105  -20 -208 -999   12   27    0   -1    0    0 -669
 41 Good Ole Rock       -26231  -992 -1000 -997 -998 -999 -996 -1000 -997 -997 -993 -974 -998 -1000 -1000 -994 -995 -986 -1000 -1000 -993 -991 -995 -999    0   11 -974  -33  -38   18    1  185   15   23 -984 -1000   17  423 -999 -1000    0    0  998
 42 * Anti-Flat         -27622  -999 -996 -1000 -991 -993 -990 -996 -990 -999 -994 -979 -993 -999 -992 -996 -993 -955 -970 -999 -978 -994 -981 -997  112   13 -979   13   34   -4  411 -112   11  -27 -994 -993   15  -22 -997 -1000  669 -998    0

 Match results (draw <= 50): 

    Player Name           total  W  L  D   1  2  3  4  5  6  7  8  9 10 11 12 13 14 15 16 17 18 19 20 21 22 23 24 25 26 27 28 29 30 31 32 33 34 35 36 37 38 39 40 41 42
  1 Phasenbott              68  28  1 12   1  0  1  2  1  2  2  1  1  1  2  1  1  2  1  2  2  1  2  2  1  2  2  1  2  2  2  2  2  1  2  2  2  2  2  2  2  2  2  2  2  2
  2 Iocaine Powder          66  25  0 16   2  1  1  2  1  2  1  1  1  1  2  1  1  2  1  1  1  1  2  1  1  2  2  1  2  2  2  2  2  2  2  2  1  2  2  2  2  2  2  2  2  2
  3 Yomi AI                 64  23  0 18   1  1  1  1  1  1  1  1  1  1  1  1  1  2  1  2  1  2  2  1  2  2  2  1  2  2  2  2  2  1  2  1  2  2  2  2  2  2  2  2  2  2
  4 MegaHAL                 64  25  2 14   0  0  1  1  1  2  1  1  1  2  1  1  1  2  1  2  1  2  2  1  1  2  2  1  2  1  2  2  2  2  2  2  2  2  2  2  2  2  2  2  2  2
  5 Biopic                  64  23  0 18   1  1  1  1  1  1  1  1  1  1  2  1  1  2  1  1  1  1  2  1  2  2  2  1  2  2  2  2  1  2  2  2  2  2  2  2  2  2  2  2  2  2
  6 RussRocker4             63  26  4 11   0  0  1  0  1  1  1  1  2  2  1  1  1  2  1  1  2  1  2  0  2  2  2  1  2  2  2  2  2  2  2  2  2  2  2  2  2  2  2  2  2  2
  7 Simple Modeller         63  23  1 17   0  1  1  1  1  1  1  1  1  1  1  1  1  2  1  1  1  2  2  1  2  2  2  1  2  1  2  2  2  2  2  2  2  2  2  2  2  2  2  2  2  2
  8 Shofar                  63  22  0 19   1  1  1  1  1  1  1  1  1  1  2  1  1  1  1  2  2  2  1  1  1  2  2  1  2  1  2  2  1  2  2  2  2  2  2  2  2  2  2  2  2  2
  9 Robertot                58  18  1 22   1  1  1  1  1  0  1  1  1  1  1  1  1  2  1  1  1  1  1  1  1  1  2  1  1  1  2  2  2  2  2  2  2  2  2  2  2  2  2  2  2  2
 10 Bugbrain                57  19  3 19   1  1  1  0  1  0  1  1  1  1  1  1  1  0  1  1  1  1  2  1  1  2  2  1  2  1  2  2  2  2  2  2  2  2  1  2  2  2  2  2  2  2
 11 ACT-R Lag2              56  19  4 18   0  0  1  1  0  1  1  0  1  1  1  2  1  1  1  1  1  1  2  1  2  2  2  1  2  1  2  2  1  1  2  1  2  2  2  2  2  2  2  2  2  2
 12 Boom                    55  16  2 23   1  1  1  1  1  1  1  1  1  1  0  1  0  1  1  1  1  1  1  1  1  2  2  1  1  1  2  2  1  2  2  2  2  1  2  2  2  2  2  2  2  2
 13 Vroomfondel             55  14  0 27   1  1  1  1  1  1  1  1  1  1  1  2  1  1  1  1  1  1  1  1  1  1  2  1  2  1  2  1  1  1  2  2  2  2  1  1  2  2  2  2  2  2
 14 Simple Predictor        53  21  9 11   0  0  0  0  0  0  0  1  0  2  1  1  1  1  1  1  2  1  2  0  1  2  2  1  2  1  2  2  2  2  2  2  2  1  2  2  2  2  2  2  2  2
 15 Majikthise              53  12  0 29   1  1  1  1  1  1  1  1  1  1  1  1  1  1  1  1  1  1  1  1  1  2  1  1  2  1  2  1  1  1  2  1  2  2  1  1  2  2  2  2  2  2
 16 Sweet Rocky             52  16  5 20   0  1  0  0  1  1  1  0  1  1  1  1  1  1  1  1  1  1  0  1  1  1  1  1  2  1  2  2  2  1  2  2  2  2  2  2  2  2  2  2  2  2
 17 Piedra                  52  16  5 20   0  1  1  1  1  0  1  0  1  1  1  1  1  0  1  1  1  1  1  1  2  0  1  1  1  1  2  2  2  1  2  2  2  2  2  2  2  2  2  2  2  2
 18 * Anti-rotn             50  14  5 22   1  1  0  0  1  1  0  0  1  1  1  1  1  1  1  1  1  1  1  1  1  1  0  1  2  1  2  2  1  1  2  1  2  2  2  2  2  2  2  2  2  2
 19 Granite                 47  17 11 13   0  0  0  0  0  0  0  1  1  0  0  1  1  0  1  2  1  1  1  0  1  1  1  1  2  2  2  2  1  1  2  2  2  2  2  2  2  2  2  2  2  2
 20 * De Bruijn             46   7  2 32   0  1  1  1  1  2  1  1  1  1  1  1  1  2  1  1  1  1  2  1  2  2  1  1  1  1  1  1  2  1  1  1  1  1  1  1  1  2  1  0  1  1
 21 Mixed Strategy          46  12  7 22   1  1  0  1  0  0  0  1  1  1  0  1  1  1  1  1  0  1  1  0  1  1  1  1  1  1  1  2  1  2  1  1  2  2  2  2  2  2  2  2  2  2
 22 Marble                  43  16 14 11   0  0  0  0  0  0  0  0  1  0  0  0  1  0  0  1  2  1  1  0  1  1  1  1  2  1  2  2  1  1  2  2  2  2  2  2  2  2  2  2  2  2
 23 ZQ Bot                  42  16 15 10   0  0  0  0  0  0  0  0  0  0  0  0  0  0  1  1  1  2  1  1  1  1  1  0  1  1  2  2  2  1  2  2  2  2  2  2  2  2  2  2  2  2
 24 * Pi                    41   1  1 39   1  1  1  1  1  1  1  1  1  1  1  1  1  1  1  1  1  1  1  1  1  1  2  1  1  1  1  1  1  1  1  1  1  1  0  1  1  1  1  1  1  1
 25 Inocencio               41  17 17  7   0  0  0  0  0  0  0  0  1  0  0  1  0  0  0  0  1  0  0  1  1  0  1  1  1  2  2  2  2  2  2  2  2  2  2  2  2  2  2  2  2  2
 26 * Foxtrot               34   0  7 34   0  0  0  1  0  0  1  1  1  1  1  1  1  1  1  1  1  1  0  1  1  1  1  1  0  1  1  1  1  1  1  1  1  1  1  1  1  1  1  1  1  1
 27 Multi-strategy          31  12 22  7   0  0  0  0  0  0  0  0  0  0  0  0  0  0  0  0  0  0  0  1  1  0  0  1  0  1  1  1  1  2  2  1  2  2  2  2  2  2  2  2  2  2
 28 Peterbot                29   9 21 11   0  0  0  0  0  0  0  0  0  0  0  0  1  0  1  0  0  0  0  1  0  0  0  1  0  1  1  1  1  1  1  1  2  2  1  2  2  2  2  2  2  2
 29 * Add-drift             27   0 14 27   0  0  0  0  1  0  0  1  0  0  1  1  1  0  1  0  0  1  1  0  1  1  0  1  0  1  1  1  1  1  1  1  1  1  1  1  1  1  1  1  1  1
 30 * Copy-drift            27   0 14 27   1  0  1  0  0  0  0  0  0  0  1  0  1  0  1  1  1  1  1  1  0  1  1  1  0  1  0  1  1  1  0  1  1  1  1  1  1  1  1  1  1  1
 31 Knucklehead             25   7 23 11   0  0  0  0  0  0  0  0  0  0  0  0  0  0  0  0  0  0  0  1  1  0  0  1  0  1  0  1  1  2  1  1  1  1  1  2  1  2  2  2  2  2
 32 * Add-react             24   1 18 22   0  0  1  0  0  0  0  0  0  0  1  0  0  0  1  0  0  1  0  1  1  0  0  1  0  1  1  1  1  1  1  1  1  1  1  1  1  1  1  1  2  1
 33 * Switch A Lot          20   3 24 14   0  1  0  0  0  0  0  0  0  0  0  0  0  0  0  0  0  0  0  1  0  0  0  1  0  1  0  0  1  1  1  1  1  1  1  2  2  1  1  1  1  2
 34 * Flat                  20   3 24 14   0  0  0  0  0  0  0  0  0  0  0  1  0  1  0  0  0  0  0  1  0  0  0  1  0  1  0  0  1  1  1  1  1  1  1  2  1  2  1  0  2  1
 35 * Text                  19   2 24 15   0  0  0  0  0  0  0  0  0  1  0  0  1  0  1  0  0  0  0  1  0  0  0  2  0  1  0  1  1  1  1  1  1  1  1  0  1  0  0  2  1  1
 36 Beat The Last Move      19   5 27  9   0  0  0  0  0  0  0  0  0  0  0  0  1  0  1  0  0  0  0  1  0  0  0  1  0  1  0  0  1  1  0  1  0  0  2  1  0  2  2  2  1  2
 37 Always Switchin'        16   1 26 14   0  0  0  0  0  0  0  0  0  0  0  0  0  0  0  0  0  0  0  1  0  0  0  1  0  1  0  0  1  1  1  1  0  1  1  2  1  1  1  1  1  1
 38 Beat Frequent Pick      16   4 29  8   0  0  0  0  0  0  0  0  0  0  0  0  0  0  0  0  0  0  0  0  0  0  0  1  0  1  0  0  1  1  0  1  1  0  2  0  1  1  2  2  1  2
 39 Good Ole Rock           16   3 28 10   0  0  0  0  0  0  0  0  0  0  0  0  0  0  0  0  0  0  0  1  0  0  0  1  0  1  0  0  1  1  0  1  1  1  2  0  1  0  1  2  1  2
 40 * Anti-Flat             14   3 30  8   0  0  0  0  0  0  0  0  0  0  0  0  0  0  0  0  0  0  0  2  0  0  0  1  0  1  0  0  1  1  0  1  1  2  0  0  1  0  0  1  2  1
 41 Rotate R-P-S            12   0 29 12   0  0  0  0  0  0  0  0  0  0  0  0  0  0  0  0  0  0  0  1  0  0  0  1  0  1  0  0  1  1  0  0  1  0  1  1  1  1  1  0  1  1
 42 R-P-S 20-20-60          11   0 30 11   0  0  0  0  0  0  0  0  0  0  0  0  0  0  0  0  0  0  0  1  0  0  0  1  0  1  0  0  1  1  0  1  0  1  1  0  1  0  0  1  1  1


   Yomi AI is match ranked 3

 Tournament results:
    Player Name          total 
  1 Yomi AI               6634 
 19 Iocaine Powder       10738 
 20 Phasenbott            9890 
 21 MegaHAL              10510 
 22 RussRocker4           7648 
 23 Biopic                8301 
 24 Simple Modeller       9369 
 25 Simple Predictor      6952 
 26 Robertot              7698 
 27 Boom                  7318 
 28 Shofar                6899 
 32 Granite               6694 
 35 Sweet Rocky           7435 

   Yomi is tournament ranked 13

