 Playing 1 tournaments with 1000 trials per match...

 Yomi AI            vs Good Ole Rock       Match: 1000 (1000+   0-   0=)
 Yomi AI            vs R-P-S 20-20-60      Match:  248 (485+ 237- 278=)
 Yomi AI            vs Rotate R-P-S        Match:  913 (921+   8-  71=)
 Yomi AI            vs Beat The Last Move  Match:  103 (397+ 294- 309=)
 Yomi AI            vs Always Switchin'    Match:  203 (456+ 253- 291=)
 Yomi AI            vs Beat Frequent Pick  Match:  465 (655+ 190- 155=)
 Yomi AI            vs * Pi                Match:  -50 (317+ 367- 316=)
 Yomi AI            vs * Switch A Lot      Match:  102 (381+ 279- 340=)
 Yomi AI            vs * Flat              Match:   83 (372+ 289- 339=)
 Yomi AI            vs * Anti-Flat         Match:  936 (941+   5-  54=)
 Yomi AI            vs * Foxtrot           Match:  272 (514+ 242- 244=)
 Yomi AI            vs * De Bruijn         Match:   -1 (329+ 330- 341=)
 Yomi AI            vs * Text              Match:  118 (402+ 284- 314=)
 Yomi AI            vs * Anti-rotn         Match:    6 (335+ 329- 336=)
 Yomi AI            vs * Copy-drift        Match:   77 (363+ 286- 351=)
 Yomi AI            vs * Add-react         Match:   39 (361+ 322- 317=)
 Yomi AI            vs * Add-drift         Match:  -36 (320+ 356- 324=)
 Yomi AI            vs Iocaine Powder      Match:    1 (337+ 336- 327=)
 Yomi AI            vs Phasenbott          Match:  -45 (311+ 356- 333=)
 Yomi AI            vs MegaHAL             Match:   52 (352+ 300- 348=)
 Yomi AI            vs RussRocker4         Match:   28 (360+ 332- 308=)
 Yomi AI            vs Biopic              Match:   13 (347+ 334- 319=)
 Yomi AI            vs Simple Modeller     Match:   14 (345+ 331- 324=)
 Yomi AI            vs Simple Predictor    Match:   10 (338+ 328- 334=)
 Yomi AI            vs Robertot            Match:   -6 (350+ 356- 294=)
 Yomi AI            vs Boom                Match:   43 (366+ 323- 311=)
 Yomi AI            vs Shofar              Match:   14 (367+ 353- 280=)
 Yomi AI            vs ACT-R Lag2          Match:   38 (359+ 321- 320=)
 Yomi AI            vs Majikthise          Match:    1 (349+ 348- 303=)
 Yomi AI            vs Vroomfondel         Match:    4 (349+ 345- 306=)
 Yomi AI            vs Granite             Match:   71 (380+ 309- 311=)
 Yomi AI            vs Marble              Match:   55 (401+ 346- 253=)
 Yomi AI            vs ZQ Bot              Match:   99 (440+ 341- 219=)
 Yomi AI            vs Sweet Rocky         Match:   43 (372+ 329- 299=)
 Yomi AI            vs Piedra              Match:   57 (375+ 318- 307=)
 Yomi AI            vs Mixed Strategy      Match:   54 (408+ 354- 238=)
 Yomi AI            vs Multi-strategy      Match:  268 (517+ 249- 234=)
 Yomi AI            vs Inocencio           Match:   87 (402+ 315- 283=)
 Yomi AI            vs Peterbot            Match:  -13 (340+ 353- 307=)
 Yomi AI            vs Bugbrain            Match:   28 (336+ 308- 356=)
 Yomi AI            vs Knucklehead         Match:  453 (625+ 172- 203=)
 Final results (draw value = 50):

 Tournament results: 

    Player Name          total     1    2    3    4    5    6    7    8    9   10   11   12   13   14   15   16   17   18   19   20   21   22   23   24   25   26   27   28   29   30   31   32   33   34   35   36   37   38   39   40   41   42
  1 Iocaine Powder       10943     0  142    8   15   17   33  531  176   30   29   44  250   45   25   17  304   -1  241   57   61    1    2  296  188   19   15  124  260  353  183  373  111   31  568  909  229  378  918  984  987  991  999
  2 Phasenbott           10208  -142    0   40   72   58   33  545  163   21   33   52  240   51  -38   58  267   45  207   97   47   41   46  247  180   41    4  114   68  373   75  338   75  119  448  885  232  203  909  987  992  993  989
  3 MegaHAL               9567    -8  -40    0    6  -20   74   65   70   11   -2   35  260   66  -15  -76  276  -52  216   61   69  -41  -84  193  202   23   15  206   38   37  144  326  189  249  395  887  448  405  963  989  992  999  996
  4 Biopic                8674   -15  -72   -6    0  -28   56  -19   41  -27   40   41  140   60  -31   35  137  -13  119   27   41  -19    2  237  157   -1  -23    8   33  412  210   20  157  157  501  798  348  379  784  995  995  999  999
  5 Simple Modeller       8234   -17  -58   20   28    0  -17  -25  265   58  -32   56  117   49   18   15  289  -14   67   81   63  -23   10  181  106  -26   15  265  267   -7   58  109  130  208  273  317  468  352  591  992  992  997  996
  6 Robertot              7963   -33  -33  -74  -56   17    0  -38   45  -17   -3   -1   30   42   30  -22   60    6   60   57   65    7  -38  197  410   -8   23   76   -2  -12   71  104  169  129  390  772  488  410  835  816  996  996  999
  7 RussRocker4           7741  -531 -545  -65   19   25   38    0   61   21  -31   77  118   30   -9   63  171  -28  188   24   99   -4    8  306  152  -79    0   69  121  160  113  372   56  135  501  947  282  308  586  994  993  999  997
  8 Simple Predictor      7299  -176 -163  -70  -41 -265  -45  -61    0   21  -35   68   -5   56  -60   35  182  -10  -27   88   55  -21  -34  220  594  -73  -14  348  300  -61  116   92  149  223  222  338  399  404  588  986  989  993  994
  9 Boom                  7081   -30  -21  -11   27  -58   17  -21  -21    0  -15   41   58   38   16  -17   69  -43   89  -25   38  -18  -51  269   48   70  -16  -15   44   -9   18   84  143  203  385  286  385  408  753  978  990  995 1000
 10 ACT-R Lag2            6913   -29  -33    2  -40   32    3   31   35   15    0   52  143   31  -19   -3  140  -38  141   57   19  -22   19  332  795  -88   11   33   16  -14   91   81  105  145  512  219  278  314  576   -7  992  999  987
 11 Piedra                6665   -44  -52  -35  -41  -56    1  -77  -68  -41  -52    0  -40  -26  -28  -19  -28  -57  -25   15   15  -12  -41  130  -46  -31   11   52   45    7   97  339  151  157  243  997  297  363  592  993  993  994  992
 12 Granite               6561  -250 -240 -260 -140 -117  -30 -118    5  -58 -143   40    0   53   -3  -96  -12  -71    8   -3   65  -37  -12  339  645  -44  -44   16   46   65  185   82  177  122  382  802  220  411  591  996  995  999  995
 13 Sweet Rocky           6401   -45  -51  -66  -60  -49  -42  -30  -56  -38  -31   26  -53    0  -58  -39  -39  -43  -33   42   46  -31  -52   86  -61   -7    8   37   24  -34  155  118  164  167  199  997  282  398  590  993  995  999  993
 14 Shofar                6254   -25   38   15   31  -18  -30    9   60  -16   19   28    3   58    0   39   10  -14   56   16   50   22  -14   93   79  -37   24    4   58   18   12   50  156  226   78   88  434  291  553  862  942  992  994
 15 Bugbrain              6057   -17  -58   76  -35  -15   22  -63  -35   17    3   19   96   39  -39    0  175  -28   96    7   33  -31   42  118    9  -39  -26  116   52    2   -5  100   43  147  192  273  212  232  436  964  967  986  974
 16 ZQ Bot                5976  -304 -267 -276 -137 -289  -60 -171 -182  -69 -140   28   12   39  -10 -175    0  -99   21   40   53  -94  -54  323  482    0  -44  126   70   19  198  223  165  177  289  824  324  383  591  994  987  995  984
 17 Yomi AI               5847     1  -45   52   13   14   -6   28   10   43   38   57   71   43   14   28   99    0   55   54    6    1    4  268   87   -1  -50  -36   77  272   83   39  118  102  453  -13  203  248  465  103  913 1000  936
 18 Marble                5791  -241 -207 -216 -119  -67  -60 -188   27  -89 -141   25   -8   33  -56  -96  -21  -55    0  -33   51  -22  -30  283  -40  -64  -27    8   71   83  170   96  178  147  279  926  226  385  594  992  997 1000 1000
 19 Mixed Strategy        5677   -57  -97  -61  -27  -81  -57  -24  -88   25  -57  -15    3  -42  -16   -7  -40  -54   33    0   25   -7  -26   51  754  -38  -58   51   27   33  -12   23  177   85  234  173  100  374  456  975  955  990  997
 20 * Anti-rotn           5455   -61  -47  -69  -41  -63  -65  -99  -55  -38  -19  -15  -65  -46  -50  -33  -53   -6  -51  -25    0   -2   -2  266  443  -58  -50   15  -13   -4  185  -13   56  294   23  498  496  169  598  475  998  997  985
 21 Majikthise            4847    -1  -41   41   19   23   -7    4   21   18   22   12   37   31  -22   31   94   -1   22    7    2    0   52  215   27  -36   -1   -9   -7   13   65  -11   32  130  241   34  209  131  471   11  989  993  986
 22 Vroomfondel           4790    -2  -46   84   -2  -10   38   -8   34   51  -19   41   12   52   14  -42   54   -4   30   26    2  -52    0  133   90   13  -37   44   19  -22   58    2   13  147  209   19  254  108  496   12  992  994  993
 23 Multi-strategy        1596  -296 -247 -193 -237 -181 -197 -306 -220 -269 -332 -130 -339  -86  -93 -118 -323 -268 -283  -51 -266 -215 -133    0 -121  -50  -20    2  279  -36  130   59  123  325  -30  -82  453  357  999  997  997  999  998
 24 Inocencio             1112  -188 -180 -202 -157 -106 -410 -152 -594  -48 -795   46 -645   61  -79   -9 -482  -87   40 -754 -443  -27  -90  121    0   -9   -7   28  109  306  198  105  156   94  201  133  312  418  361  949  980  973  985
 25 * De Bruijn            594   -19  -41  -23    1   26    8   79   73  -70   88   31   44    7   37   39    0    1   64   38   58   36  -13   50    9    0   -1   54  -14   -2    9  -32   23   15   -4  -17    9   -4  128   -1   21    0 -113
 26 * Pi                   289   -15   -4  -15   23  -15  -23    0   14   16  -11  -11   44   -8  -24   26   44   50   27   58   50    1   37   20    7    1    0   37   -2   53   -8  -47  -81   11    3   18  -24   18   30   22  -11  -11  -11
 27 * Add-drift          -1918  -124 -114 -206   -8 -265  -76  -69 -348   15  -33  -52  -16  -37   -4 -116 -126   36   -8  -51  -15    9  -44   -2  -28  -54  -37    0    7   78   -9  -89    1  -18  -35    6   -3   -7  -31   29  -50   17  -41
 28 * Copy-drift         -1977  -260  -68  -38  -33 -267    2 -121 -300  -44  -16  -45  -46  -24  -58  -52  -70  -77  -71  -27   13    7  -19 -279 -109   14    2   -7    0   -4   58  -25   24    5    5  -30  -44  -10  -23   28   17   -6   21
 29 * Foxtrot            -2081  -353 -373  -37 -412    7   12 -160   61    9   14   -7  -65   34  -18   -2  -19 -272  -83  -33    4  -13   22   36 -306    2  -53  -78    4    0   -5   -9  -13   16    8    0   26   24  -22   33    0  -42  -18
 30 * Flat               -2797  -183  -75 -144 -210  -58  -71 -113 -116  -18  -91  -97 -185 -155  -12    5 -198  -83 -170   12 -185  -65  -58 -130 -198   -9    8    9  -58    5    0   39  -21  -42   23 -173  -22   -8  239  198   -8   -1 -378
 31 * Add-react          -2908  -373 -338 -326  -20 -109 -104 -372  -92  -84  -81 -339  -82 -118  -50 -100 -223  -39  -96  -23   13   11   -2  -59 -105   32   47   89   25    9  -39    0    5   59  -97  -53   28   46  -13   36    6   -7   30
 32 * Text               -3231  -111  -75 -189 -157 -130 -169  -56 -149 -143 -105 -151 -177 -164 -156  -43 -165 -118 -178 -177  -56  -32  -13 -123 -156  -23   81   -1  -24   13   21   -5    0  -38   49   15    1   15 -185  -74  -11 -185  113
 33 * Switch A Lot       -3736   -31 -119 -249 -157 -208 -129 -135 -223 -203 -145 -157 -122 -167 -226 -147 -177 -102 -147  -85 -294 -130 -147 -325  -94  -15  -11   18   -5  -16   42  -59   38    0    5  -93   -4  -29   25  312  -21  -18   14
 34 Knucklehead          -3828  -568 -448 -395 -501 -273 -390 -501 -222 -385 -512 -243 -382 -199  -78 -192 -289 -453 -279 -234  -23 -241 -209   30 -201    4   -3   35   -5   -8  -23   97  -49   -5    0  -42   16   13  160  421  810  943  996
 35 Peterbot             -6756  -909 -885 -887 -798 -317 -772 -947 -338 -286 -219 -997 -802 -997  -88 -273 -824   13 -926 -173 -498  -34  -19   82 -133   17  -18   -6   30    0  173   53  -15   93   42    0  216  297  430  963  997  999 1000
 36 Always Switchin'     -7316  -229 -232 -448 -348 -468 -488 -282 -399 -385 -278 -297 -220 -282 -434 -212 -324 -203 -226 -100 -496 -209 -254 -453 -312   -9   24    3   44  -26   22  -28   -1    4  -16 -216    0    2   12  504    6   10  -72
 37 R-P-S 20-20-60       -9001  -378 -203 -405 -379 -352 -410 -308 -404 -408 -314 -363 -411 -398 -291 -232 -383 -248 -385 -374 -169 -131 -108 -357 -418    4  -18    7   10  -24    8  -46  -15   29  -13 -297   -2    0 -395 -152    0 -410  142
 38 Beat Frequent Pick  -14255  -918 -909 -963 -784 -591 -835 -586 -588 -753 -576 -592 -591 -590 -553 -436 -591 -465 -594 -456 -598 -471 -496 -999 -361 -128  -30   31   23   22 -239   13  185  -25 -160 -430  -12  395    0 -600    0  999  997
 39 Beat The Last Move  -18752  -984 -987 -989 -995 -992 -816 -994 -986 -978    7 -993 -996 -993 -862 -964 -994 -103 -992 -975 -475  -11  -12 -997 -949    1  -22  -29  -28  -33 -198  -36   74 -312 -421 -963 -504  152  600    0    1 1000  996
 40 Rotate R-P-S        -26044  -987 -992 -992 -995 -992 -996 -993 -989 -990 -992 -993 -995 -995 -942 -967 -987 -913 -997 -955 -998 -989 -992 -997 -980  -21   11   50  -17    0    8   -6   11   21 -810 -997   -6    0    0   -1    0    0 -669
 41 Good Ole Rock       -26160  -991 -993 -999 -999 -997 -996 -999 -993 -995 -999 -994 -999 -999 -992 -986 -995 -1000 -1000 -990 -997 -993 -994 -999 -973    0   11  -17    6   42    1    7  185   18 -943 -999  -10  410 -999 -1000    0    0 1000
 42 * Anti-Flat         -27775  -999 -989 -996 -999 -996 -999 -997 -994 -1000 -987 -992 -995 -993 -994 -974 -984 -936 -1000 -997 -985 -986 -993 -998 -985  113   11   41  -21   18  378  -30 -113  -14 -996 -1000   72 -142 -997 -996  669 -1000    0

 Match results (draw <= 50): 

    Player Name           total  W  L  D   1  2  3  4  5  6  7  8  9 10 11 12 13 14 15 16 17 18 19 20 21 22 23 24 25 26 27 28 29 30 31 32 33 34 35 36 37 38 39 40 41 42
  1 Phasenbott              69  29  1 11   1  0  2  1  1  2  2  1  1  1  2  1  2  1  1  2  2  2  1  2  2  2  1  1  2  2  2  2  2  2  2  2  2  2  2  2  2  2  2  2  2  2
  2 Iocaine Powder          66  25  0 16   2  1  1  1  1  2  1  1  1  1  1  1  2  1  1  1  2  1  1  2  2  2  2  1  2  2  2  2  2  2  2  2  2  2  2  1  2  2  2  2  2  2
  3 Simple Modeller         65  25  1 15   0  1  1  1  1  1  1  1  1  1  1  2  2  1  1  2  2  1  1  2  2  2  2  1  2  1  2  2  2  2  2  2  2  2  2  2  2  2  2  2  2  2
  4 MegaHAL                 63  25  3 13   1  1  1  1  0  2  1  2  1  1  0  1  2  0  1  1  2  2  1  2  2  2  2  1  2  1  2  1  2  2  2  2  2  2  2  2  2  2  2  2  2  2
  5 Yomi AI                 62  21  0 20   1  1  1  2  1  1  1  1  1  1  1  1  1  1  1  2  2  1  1  2  2  2  1  1  2  2  1  2  1  2  2  1  2  2  2  2  2  2  2  2  2  2
  6 RussRocker4             62  25  4 12   0  0  1  0  1  1  1  1  1  1  2  1  2  1  1  2  2  1  0  1  2  2  2  1  2  2  2  2  2  2  2  2  2  2  2  2  2  2  2  2  2  2
  7 Biopic                  60  20  1 20   0  1  1  1  1  1  1  2  1  1  1  1  1  1  1  1  2  2  1  1  2  2  1  1  2  2  2  1  1  2  2  1  2  2  2  2  2  2  2  2  2  2
  8 Robertot                59  20  2 19   1  1  1  0  1  1  0  1  1  1  1  1  1  1  1  1  1  1  1  2  2  2  2  1  2  1  2  1  2  2  2  2  2  2  2  2  2  2  2  2  2  2
  9 ACT-R Lag2              59  19  1 21   1  1  1  1  1  1  1  1  1  1  1  1  1  1  1  2  2  1  0  2  2  2  1  1  2  1  2  1  1  2  2  2  2  1  2  2  2  2  2  2  2  2
 10 Shofar                  58  17  0 24   1  1  1  1  1  1  1  1  1  1  1  1  2  1  1  1  1  2  1  1  2  1  1  1  2  1  2  2  1  2  2  1  1  2  2  2  2  2  2  2  2  2
 11 Bugbrain                57  18  2 21   0  1  1  2  1  0  1  1  1  1  1  1  1  1  1  1  2  1  1  1  2  2  1  1  1  1  2  2  2  2  2  2  1  2  1  2  2  2  2  2  2  2
 12 Boom                    56  17  2 22   1  1  0  1  1  1  1  1  1  1  1  1  1  0  1  1  2  1  2  1  2  2  1  1  1  1  2  1  1  2  2  2  1  2  2  2  2  2  2  2  2  2
 13 Simple Predictor        55  22  8 11   0  0  0  0  1  0  1  1  1  0  1  1  1  1  1  2  1  2  0  2  1  2  2  1  2  0  2  2  2  2  2  2  2  2  2  2  2  2  2  2  2  2
 14 Vroomfondel             55  15  1 25   1  1  1  2  1  1  1  1  1  1  1  2  1  1  0  1  1  2  1  1  1  2  1  1  2  1  1  1  1  2  2  1  2  1  1  2  2  2  2  2  2  2
 15 Majikthise              53  12  0 29   1  1  1  1  1  1  1  1  1  1  1  1  1  2  1  1  1  1  1  1  1  2  1  1  1  1  1  1  1  2  2  1  2  1  1  2  2  2  2  2  2  2
 16 Piedra                  50  15  6 20   0  1  0  1  0  0  1  1  0  1  1  1  0  1  1  1  1  1  1  1  1  1  1  1  1  1  2  1  2  2  2  2  2  2  2  2  2  2  2  2  2  2
 17 Granite                 49  18 10 13   0  0  0  0  0  0  0  1  0  1  0  0  1  1  1  1  1  2  1  1  1  1  2  1  2  2  2  1  1  2  2  2  2  2  2  2  2  2  2  2  2  2
 18 Sweet Rocky             47  14  8 19   0  1  1  0  1  1  0  1  1  0  1  1  0  0  1  1  0  1  1  1  1  1  1  1  0  1  2  1  1  2  2  2  2  2  2  2  2  2  2  2  2  2
 19 * De Bruijn             46   7  2 32   1  1  1  1  1  2  1  1  2  1  1  0  2  1  1  1  1  1  1  1  2  1  2  1  1  1  1  1  2  1  1  1  1  1  1  1  1  2  1  1  0  1
 20 Mixed Strategy          46  14  9 18   0  0  0  0  0  1  1  0  0  1  1  1  0  1  1  1  1  1  1  1  1  1  1  0  2  1  2  1  2  2  2  1  1  2  2  2  2  2  2  2  2  2
 21 Marble                  45  17 13 11   0  0  0  0  0  0  0  0  0  0  0  0  1  1  1  1  1  1  0  1  1  1  2  1  1  2  2  2  1  2  2  2  2  2  2  2  2  2  2  2  2  2
 22 ZQ Bot                  45  18 14  9   0  0  0  0  0  0  0  0  0  1  0  0  0  0  0  1  1  1  1  1  1  1  2  1  2  1  2  2  2  2  2  2  2  2  2  2  2  2  2  2  2  2
 23 * Anti-rotn             44  13 10 18   1  0  0  0  1  0  1  0  1  1  1  1  0  1  1  1  0  1  0  1  0  0  1  1  2  1  2  1  1  2  1  1  2  2  2  2  2  2  2  2  2  2
 24 * Pi                    42   2  1 38   1  1  1  1  1  1  1  1  1  1  1  1  1  1  1  1  1  1  1  2  1  1  1  1  1  2  1  1  1  1  1  1  1  1  0  1  1  1  1  1  1  1
 25 Inocencio               42  17 16  8   0  0  0  0  0  0  0  0  0  0  1  1  0  0  1  1  0  2  1  0  1  0  0  1  1  2  2  2  1  2  2  2  2  2  2  2  2  2  2  2  2  2
 26 * Foxtrot               32   1 10 30   0  0  1  1  0  0  0  1  1  1  1  1  2  1  1  1  0  1  1  1  0  1  1  0  0  1  1  1  0  1  1  1  1  1  1  1  1  1  1  1  1  1
 27 Peterbot                32  11 20 10   0  0  0  0  1  0  0  0  0  0  0  0  0  1  1  0  0  0  1  0  0  0  0  1  0  1  1  1  1  2  1  2  2  2  1  2  2  2  2  2  2  2
 28 * Copy-drift            30   1 12 28   0  0  0  1  0  0  1  1  1  0  0  1  0  1  1  1  1  1  1  1  0  0  1  1  0  1  1  1  1  0  1  1  2  1  1  1  1  1  1  1  1  1
 29 * Add-drift             29   1 13 27   0  0  0  0  1  0  1  0  1  1  0  1  0  1  1  0  1  1  0  0  1  0  1  1  1  2  1  1  1  1  1  0  1  1  1  1  1  1  1  1  1  1
 30 Multi-strategy          29  12 24  5   0  0  0  0  0  0  0  0  0  0  0  0  0  0  0  0  0  0  1  0  0  0  0  1  0  1  0  2  1  1  1  2  2  2  2  2  2  2  2  2  2  2
 31 Knucklehead             25   6 22 13   0  0  0  0  0  0  0  0  0  0  0  0  0  0  0  0  0  0  1  0  0  0  1  1  0  1  1  1  1  1  1  2  1  2  1  1  1  2  2  1  2  2
 32 * Add-react             24   2 19 20   0  0  0  0  1  0  1  0  0  1  0  0  0  1  1  0  0  0  1  1  0  0  1  1  0  1  0  1  2  0  0  1  1  1  1  2  1  1  1  1  1  1
 33 * Flat                  20   2 23 16   0  0  0  0  0  0  0  0  0  1  1  1  0  0  0  0  0  0  1  1  0  0  0  1  0  1  0  0  1  0  1  1  1  2  1  1  1  2  1  1  0  1
 34 Beat The Last Move      20   5 26 10   0  0  0  0  0  0  0  0  1  0  0  0  0  1  1  0  0  0  1  0  0  0  0  1  0  1  0  1  1  0  0  1  0  1  2  0  0  2  2  2  2  1
 35 * Text                  19   2 24 15   0  0  0  0  0  0  0  0  0  0  1  0  0  1  1  0  0  0  1  0  0  0  0  2  0  1  1  1  1  0  1  1  1  0  1  1  1  0  0  1  2  1
 36 * Switch A Lot          17   1 25 15   0  1  0  0  0  0  0  0  0  0  0  0  0  0  0  0  0  0  1  0  0  0  0  1  0  1  0  1  1  0  1  0  1  2  1  1  1  1  1  1  1  1
 37 Always Switchin'        16   1 26 14   0  0  0  0  0  0  0  0  0  0  0  0  0  0  0  0  0  0  1  0  0  0  0  1  0  1  0  1  1  0  1  1  1  2  1  1  1  1  1  1  0  1
 38 Beat Frequent Pick      16   4 29  8   0  0  0  0  0  0  0  0  0  0  0  0  0  0  0  0  0  0  0  0  0  0  0  1  0  1  0  1  1  0  0  1  0  0  2  1  1  1  2  2  2  1
 39 Good Ole Rock           16   3 28 10   0  0  0  0  0  0  0  0  0  0  0  0  0  0  0  0  0  0  1  0  0  0  0  1  0  1  0  1  1  0  0  1  1  0  2  1  1  0  1  2  2  1
 40 R-P-S 20-20-60          14   1 28 12   0  0  0  0  0  0  0  0  0  0  0  0  0  0  0  0  0  0  1  0  0  0  0  1  0  1  0  1  1  0  1  1  1  0  1  1  1  0  0  1  2  1
 41 * Anti-Flat             14   4 31  6   0  0  0  0  0  0  0  0  0  0  0  0  0  0  0  0  0  0  2  0  0  0  0  1  0  1  0  1  1  0  0  1  2  0  0  1  2  0  0  0  1  2
 42 Rotate R-P-S            14   0 27 14   0  0  0  0  0  0  0  0  0  0  0  0  0  0  0  0  0  0  1  0  0  0  0  1  0  1  0  1  1  0  0  1  1  1  1  1  1  1  1  1  0  1


   Yomi AI is match ranked 5

 Tournament results:
    Player Name          total 
  1 Yomi AI               5847 
 19 Iocaine Powder       10943 
 20 Phasenbott           10208 
 21 MegaHAL               9567 
 22 RussRocker4           7741 
 23 Biopic                8674 
 24 Simple Modeller       8234 
 25 Simple Predictor      7299 
 26 Robertot              7963 
 27 Boom                  7081 
 28 Shofar                6254 
 29 ACT-R Lag2            6913 
 32 Granite               6561 
 34 ZQ Bot                5976 
 35 Sweet Rocky           6401 
 36 Piedra                6665 
 41 Bugbrain              6057 

   Yomi is tournament ranked 17

