 Playing 1 tournaments with 1000 trials per match...

 Yomi AI            vs Good Ole Rock       Match: 1000 (1000+   0-   0=)
 Yomi AI            vs R-P-S 20-20-60      Match:  193 (474+ 281- 245=)
 Yomi AI            vs Rotate R-P-S        Match:  799 (892+  93-  15=)
 Yomi AI            vs Beat The Last Move  Match:  135 (424+ 289- 287=)
 Yomi AI            vs Always Switchin'    Match:  157 (455+ 298- 247=)
 Yomi AI            vs Beat Frequent Pick  Match:  454 (660+ 206- 134=)
 Yomi AI            vs * Pi                Match:  -18 (334+ 352- 314=)
 Yomi AI            vs * Switch A Lot      Match:   96 (398+ 302- 300=)
 Yomi AI            vs * Flat              Match:   67 (378+ 311- 311=)
 Yomi AI            vs * Anti-Flat         Match:  976 (977+   1-  22=)
 Yomi AI            vs * Foxtrot           Match:  377 (589+ 212- 199=)
 Yomi AI            vs * De Bruijn         Match:    9 (346+ 337- 317=)
 Yomi AI            vs * Text              Match:  116 (413+ 297- 290=)
 Yomi AI            vs * Anti-rotn         Match:   28 (343+ 315- 342=)
 Yomi AI            vs * Copy-drift        Match:  -13 (317+ 330- 353=)
 Yomi AI            vs * Add-react         Match:    6 (352+ 346- 302=)
 Yomi AI            vs * Add-drift         Match:  -12 (312+ 324- 364=)
 Yomi AI            vs Iocaine Powder      Match:   -2 (342+ 344- 314=)
 Yomi AI            vs Phasenbott          Match:  -13 (318+ 331- 351=)
 Yomi AI            vs MegaHAL             Match:    5 (331+ 326- 343=)
 Yomi AI            vs RussRocker4         Match:  -18 (344+ 362- 294=)
 Yomi AI            vs Biopic              Match:   -6 (338+ 344- 318=)
 Yomi AI            vs Simple Modeller     Match:    4 (331+ 327- 342=)
 Yomi AI            vs Simple Predictor    Match:   45 (378+ 333- 289=)
 Yomi AI            vs Robertot            Match:   67 (374+ 307- 319=)
 Yomi AI            vs Boom                Match:   43 (359+ 316- 325=)
 Yomi AI            vs Shofar              Match:  -47 (293+ 340- 367=)
 Yomi AI            vs ACT-R Lag2          Match:  -14 (325+ 339- 336=)
 Yomi AI            vs Majikthise          Match:  -38 (314+ 352- 334=)
 Yomi AI            vs Vroomfondel         Match:    0 (346+ 346- 308=)
 Yomi AI            vs Granite             Match:   88 (414+ 326- 260=)
 Yomi AI            vs Marble              Match:   56 (412+ 356- 232=)
 Yomi AI            vs ZQ Bot              Match:   82 (414+ 332- 254=)
 Yomi AI            vs Sweet Rocky         Match:   34 (387+ 353- 260=)
 Yomi AI            vs Piedra              Match:   31 (354+ 323- 323=)
 Yomi AI            vs Mixed Strategy      Match:  112 (408+ 296- 296=)
 Yomi AI            vs Multi-strategy      Match:  195 (473+ 278- 249=)
 Yomi AI            vs Inocencio           Match:   91 (418+ 327- 255=)
 Yomi AI            vs Peterbot            Match:   23 (359+ 336- 305=)
 Yomi AI            vs Bugbrain            Match:   26 (350+ 324- 326=)
 Yomi AI            vs Knucklehead         Match:  419 (629+ 210- 161=)
 Final results (draw value = 50):

 Tournament results: 

    Player Name          total     1    2    3    4    5    6    7    8    9   10   11   12   13   14   15   16   17   18   19   20   21   22   23   24   25   26   27   28   29   30   31   32   33   34   35   36   37   38   39   40   41   42
  1 Iocaine Powder       10630     0   17   60   48   99  505  171   47   23    7  228   47  218  -15   54   46    2  301  -19   78  -10   58  278  194   15   10  206   82  357  557  207  272   87   84  169  871  408  931  986  987  991  973
  2 Phasenbott           10064   -17    0  124   47   32  528  163   59   15    7  257   44  252  -11   40   70   13  306    0   87    7   67  157  184   57   -2   66   87  367  347  102  289   86   47  258  885  142  926  985  996  995 1000
  3 MegaHAL               9255   -60 -124    0   13  -20   77   17   63   35  -23  248   30  197  -62   58    0   -5  251  -58   65  -18   79  154  168   -1  -14   59  216   94  342  136  288  189  245  437  890  380  929  990  996  998  996
  4 Biopic                8515   -48  -47  -13    0  -18  -24   74   28   42   36  132   31  163  -12   52   34    6  110   -6   41    0   63  253  200   -6   -1   18   53  388  514  113   91  158  154  308  787  347  507  991  997 1000  999
  5 Simple Modeller       8000   -99  -32   20   18    0  -11  243   30  -24   39   93   35   61  -34   42   13   -4  254   -2  -13  -30   46  202   96  -35    9  220  271  -22  314   26  130  145  269  457  318  383  593  991  992  997  999
  6 RussRocker4           7884  -505 -528  -77   24   11    0   65  106   21   34  173   36  148    9   89  -23   18  163  -16   48   -4   42  324  131    8  -33  113  162  185  480   53  324   66  122  284  950  292  607  992  990 1000 1000
  7 Simple Predictor      7551  -171 -163  -17  -74 -243  -65    0  -46   45   30   28   81    9   22   56  -48  -45  172  -25  121   14   45  191  230  -73  -14  273  278   16  259  118  102  154  229  392  701  416  587  986  986  995  999
  8 Robertot              7423   -47  -59  -63  -28  -30 -106   46    0   -8  -29   26   84   90   -9   24   42  -67   69   21   21  -24   29  206    5  -26   -9   89   17   -1  327   96   44  171   62  459  948  402  855  808  995  997  996
  9 Boom                  7203   -23  -15  -35  -42   24  -21  -45    8    0  -19   24   35   35  -37   25  -31  -43   36  -26  115  -25   40  178    7   -8  -53  -27   83   15  536   69   76  135  170  477  470  367  753  991  990  997  997
 10 Bugbrain              6612    -7   -7   23  -36  -39  -34  -30   29   19    0   85   57  127   33   47   39  -26  172  -22   73   -8   44  114   90    2   -4   37   96  -35  190  -30   84   40   60  222  756  174  384  974  969  967  983
 11 Marble                6590  -228 -257 -248 -132  -93 -173  -28  -26  -24  -85    0    8   -6  -28   64 -117  -56   36  -58   19  -25   50  257  645  -73  -15   29   40   69  325  206   97  179  124  196  934  407  591  992  995  999 1000
 12 Piedra                6415   -47  -44  -30  -31  -35  -36  -81  -84  -35  -57   -8    0  -55  -49  -33  -22  -31  -24  -31  -21  -64   42  155  783  -26  -22  -17   91  -21  110   84  352  164  140  239  208  392  591  987  989  993  999
 13 Granite               6374  -218 -252 -197 -163  -61 -148   -9  -90  -35 -127    6   55    0  -59   37 -119  -88   36  -43   -5  -21   56  261  394  -35   -2   94   19   62  329  162  126  180  154  205  894  402  594  989  995 1000  996
 14 Shofar                6114    15   11   62   12   34   -9  -22    9   37  -33   28   49   59    0   23   33   47   21    7   33  -41   41  113   26  -30  -12   73   -9  -14   86  125   10   93   65  431  131  303  550  879  951  966  961
 15 Sweet Rocky           6089   -54  -40  -58  -52  -42  -89  -56  -24  -25  -47  -64   33  -37  -23    0  -17  -34   -9  -64  -33  -17   36   94  -25  -43  -34    1   95   19  289   98  322  172  194  318  311  420  596  998  993  994  993
 16 ACT-R Lag2            5806   -46  -70    0  -34  -13   23   48  -42   31  -39  117   22  119  -33   17    0   14  125  -35   40   10   38  190   49  -78    6   10   24    9  489  173    4   91  119  249  272  323  565   32  993  997  997
 17 Yomi AI               5553    -2  -13    5   -6    4  -18   45   67   43   26   56   31   88  -47   34  -14    0   82  -38  112    0   28  195   91    9  -18  -13  -12  377  419   67    6  116   96  157   23  193  454  135  799 1000  976
 18 ZQ Bot                5215  -301 -306 -251 -110 -254 -163 -172  -69  -36 -172  -36   24  -36  -21    9 -125  -82    0  -33   56  -20   64  248  -71  -54  -44   33   97  -18  226  165  285  145  129  276  881  390  592  990  990  995  994
 19 Majikthise            4953    19    0   58    6    2   16   25  -21   26   22   58   31   43   -7   64   35   38   33    0   42   40   25  126   22  -31    9    4   -1    2  290  107   -7   28   90  229   36   84  453  -22  993  992  994
 20 Mixed Strategy        4694   -78  -87  -65  -41   13  -48 -121  -21 -115  -73  -19   21    5  -33   33  -40 -112  -56  -42    0   -8   19   38    5 -106  -64   10  -19  -39  259  129   28  130   53  118  305  337  433  981  983  993  988
 21 Vroomfondel           4647    10   -7   18    0   30    4  -14   24   25    8   25   64   21   41   17  -10    0   20  -40    8    0  -35  109   77    7   -8  -10   19  -19  191   60  -37   22  100  299   49  145  456   -1  993  993  993
 22 * Anti-rotn           4564   -58  -67  -79  -63  -46  -42  -45  -29  -40  -44  -50  -42  -56  -41  -36  -38  -28  -64  -25  -19   35    0  249  -68  -76  -44   35   36  -32   91  197   13   56  310  516   23  147  499  496  999  999  995
 23 Multi-strategy        3096  -278 -157 -154 -253 -202 -324 -191 -206 -178 -114 -257 -155 -261 -113  -94 -190 -195 -248 -126  -38 -109 -249    0 -105  -50  -20  246   33  -16   53  202   73  123  275  462  500  421  999  997  997  999  999
 24 Inocencio             2983  -194 -184 -168 -200  -96 -131 -230   -5   -7  -90 -645 -783 -394  -26   25  -49  -91   71  -22   -5  -77   68  105    0  -21   -4   37    4  358  247  166  106  162   99  208   39  438  354  977  975  980  986
 25 * De Bruijn            698   -15  -57    1    6   35   -8   73   26    8   -2   73   26   35   30   43   78   -9   54   31  106   -7   76   50   21    0   -1  -14   -6    0  -15  -41   -9   23    0   21   -5   31  128   -1   21    0 -108
 26 * Pi                   179   -10    2   14    1   -9   33   14    9   53    4   15   22    2   12   34   -6   18   44   -9   64    8   44   20    4    1    0  -13  -13  -10  -36  -23   10  -81  -31    0    2  -27   30   22  -11  -11  -13
 27 * Copy-drift         -1601  -206  -66  -59  -18 -220 -113 -273  -89   27  -37  -29   17  -94  -73   -1  -10   13  -33   -4  -10   10  -35 -246  -37   14   13    0    0  -48  -32  -19    2   -7   40  -24  -26   33  -22    8  -13   15   51
 28 * Add-drift          -1737   -82  -87 -216  -53 -271 -162 -278  -17  -83  -96  -40  -91  -19    9  -95  -24   12  -97    1   19  -19  -36  -33   -4    6   13    0    0  -27    4   -3   20   32  -25    1  -28   38  -10    8   -8  -10   14
 29 * Foxtrot            -2012  -357 -367  -94 -388   22 -185  -16    1  -15   35  -69   21  -62   14  -19   -9 -377   18   -2   39   19   32   16 -358    0   10   48   27    0   36    9  -15   34  -26   -7  -37   11   26    0  -22    3   -8
 30 Knucklehead          -2038  -557 -347 -342 -514 -314 -480 -259 -327 -536 -190 -325 -110 -329  -86 -289 -489 -419 -226 -290 -259 -191  -91  -53 -247   15   36   32   -4  -36    0    7   46   -7   27   20 1000   72  142  948  939 1000  995
 31 * Flat               -2862  -207 -102 -136 -113  -26  -53 -118  -96  -69   30 -206  -84 -162 -125  -98 -173  -67 -165 -107 -129  -60 -197 -202 -166   41   23   19    3   -9   -7    0  -10   40   45   -7 -174  -29  263  226    8    0 -463
 32 * Add-react          -3180  -272 -289 -288  -91 -130 -324 -102  -44  -76  -84  -97 -352 -126  -10 -322   -4   -6 -285    7  -28   37  -13  -73 -106    9  -10   -2  -20   15  -46   10    0  -22    9  -14  -66   11   -9   31   21  -11   -8
 33 * Text               -3195   -87  -86 -189 -158 -145  -66 -154 -171 -135  -40 -179 -164 -180  -93 -172  -91 -116 -145  -28 -130  -22  -56 -123 -162  -23   81    7  -32  -34    7  -40   22    0   14   26   24  -13 -185  -74  -11 -185  113
 34 * Switch A Lot       -3257   -84  -47 -245 -154 -269 -122 -229  -62 -170  -60 -124 -140 -154  -65 -194 -119  -96 -129  -90  -53 -100 -310 -275  -99    0   31  -40   25   26  -27  -45   -9  -14    0  -15 -130    9   26  329   10   29  -72
 35 Always Switchin'     -7100  -169 -258 -437 -308 -457 -284 -392 -459 -477 -222 -196 -239 -205 -431 -318 -249 -157 -276 -229 -118 -299 -516 -462 -208  -21    0   24   -1    7  -20    7   14  -26   15    0 -259   38  -17  512   57   -5  -59
 36 Peterbot             -7644  -871 -885 -890 -787 -318 -950 -701 -948 -470 -756 -934 -208 -894 -131 -311 -272  -23 -881  -36 -305  -49  -23 -500  -39    5   -2   26   28   37 -1000  174   66  -24  130  259    0  429  438  981  997  999  995
 37 R-P-S 20-20-60       -8854  -408 -142 -380 -347 -383 -292 -416 -402 -367 -174 -407 -392 -402 -303 -420 -323 -193 -390  -84 -337 -145 -147 -421 -438  -31   27  -33  -38  -11  -72   29  -11   13   -9  -38 -429    0 -403 -117   27 -386  341
 38 Beat Frequent Pick  -13807  -931 -926 -929 -507 -593 -607 -587 -855 -753 -384 -591 -591 -594 -550 -596 -565 -454 -592 -453 -433 -456 -499 -999 -354 -128  -30   22   10  -26 -142 -263    9  185  -26   17 -438  403    0 -600    0  999 1000
 39 Beat The Last Move  -19396  -986 -985 -990 -991 -991 -992 -986 -808 -991 -974 -992 -987 -989 -879 -998  -32 -135 -990   22 -981    1 -496 -997 -977    1  -22   -8   -8    0 -948 -226  -31   74 -329 -512 -981  117  600    0    1 1000 1000
 40 Rotate R-P-S        -26204  -987 -996 -996 -997 -992 -990 -986 -995 -990 -969 -995 -989 -995 -951 -993 -993 -799 -990 -993 -983 -993 -999 -997 -975  -21   11   13    8   22 -939   -8  -21   11  -10  -57 -997  -27    0   -1    0    0 -645
 41 Good Ole Rock       -26275  -991 -995 -998 -1000 -997 -1000 -995 -997 -997 -967 -999 -993 -1000 -966 -994 -997 -1000 -995 -992 -993 -993 -999 -999 -980    0   11  -15   10   -3 -1000    0   11  185  -29    5 -999  386 -999 -1000    0    0  999
 42 * Anti-Flat         -27945  -973 -1000 -996 -999 -999 -1000 -999 -996 -997 -983 -1000 -999 -996 -961 -993 -997 -976 -994 -994 -988 -993 -995 -999 -986  108   13  -51  -14    8 -995  463    8 -113   72   59 -995 -341 -1000 -1000  645 -999    0

 Match results (draw <= 50): 

    Player Name           total  W  L  D   1  2  3  4  5  6  7  8  9 10 11 12 13 14 15 16 17 18 19 20 21 22 23 24 25 26 27 28 29 30 31 32 33 34 35 36 37 38 39 40 41 42
  1 Iocaine Powder          69  28  0 13   1  1  1  2  2  1  2  1  1  2  1  1  1  1  1  1  2  2  2  1  2  2  2  2  1  2  2  2  2  2  2  2  2  2  2  2  2  2  2  2  2  2
  2 Phasenbott              69  28  0 13   1  1  1  2  2  1  1  1  1  2  1  2  2  1  1  1  2  1  2  2  2  2  2  2  1  2  2  2  2  2  2  2  2  2  2  1  2  2  2  2  2  2
  3 Biopic                  64  23  0 18   1  1  1  1  1  1  1  1  1  2  1  1  1  1  1  1  2  2  2  1  2  2  2  1  1  2  1  2  2  2  2  2  2  2  2  2  2  2  2  2  2  2
  4 MegaHAL                 63  26  4 11   0  0  1  1  2  1  1  1  0  1  1  2  1  0  1  1  2  2  2  1  2  2  2  2  1  2  2  2  2  2  2  2  2  2  2  2  2  2  2  2  2  2
  5 RussRocker4             62  24  3 14   0  0  1  0  1  1  1  1  1  2  1  2  1  1  1  1  2  2  2  1  1  2  2  1  1  2  2  2  2  2  2  2  2  2  2  2  2  2  2  2  2  2
  6 Yomi AI                 60  19  0 22   1  1  1  1  1  1  1  1  1  1  1  2  1  1  1  1  2  1  2  1  1  2  2  2  1  2  1  2  1  1  1  2  2  2  2  2  2  2  2  2  2  2
  7 Simple Modeller         60  20  1 20   0  1  1  1  1  1  1  1  1  2  1  1  1  1  1  1  2  1  2  1  1  2  2  1  1  2  2  1  2  2  2  2  2  2  1  2  2  2  2  2  2  2
  8 Bugbrain                60  19  0 22   1  1  1  1  1  1  1  1  1  1  1  1  1  1  1  2  2  1  2  1  1  2  2  2  1  2  1  1  2  2  2  2  2  1  1  2  2  2  2  2  2  2
  9 Shofar                  57  16  0 25   1  1  1  2  1  1  1  1  1  1  1  1  1  1  1  1  2  1  1  1  1  1  1  1  1  2  2  1  2  1  1  2  2  2  2  2  2  2  2  2  2  2
 10 Simple Predictor        56  21  6 14   0  0  0  1  0  1  0  1  1  1  1  1  1  1  1  2  1  2  1  0  1  2  2  2  1  2  2  1  2  2  2  2  2  2  2  2  2  2  2  2  2  2
 11 Boom                    56  16  1 24   1  1  1  1  1  1  1  1  1  1  1  1  1  1  1  1  1  1  1  1  1  1  1  2  0  2  1  1  2  2  2  2  2  2  2  2  2  2  2  2  2  2
 12 Robertot                54  17  4 20   1  0  1  0  0  0  1  1  1  1  1  1  1  1  1  2  2  1  1  1  1  2  1  1  1  2  2  1  2  1  1  2  2  2  2  2  2  2  2  2  2  2
 13 ACT-R Lag2              54  15  2 24   1  0  1  1  1  1  1  1  1  1  1  1  1  1  1  1  2  1  2  0  1  2  1  1  1  2  1  1  2  1  1  2  1  2  2  2  2  2  2  2  2  2
 14 Majikthise              54  13  0 28   1  1  1  2  1  1  1  1  1  1  1  1  1  1  1  1  1  2  2  1  1  1  1  1  1  2  1  1  1  1  1  2  1  1  2  2  2  2  2  2  2  2
 15 Vroomfondel             53  12  0 29   1  1  1  1  1  1  1  1  1  1  1  1  1  1  1  2  1  1  1  1  1  1  2  1  1  2  1  1  1  1  1  2  1  1  2  2  2  2  2  2  2  2
 16 Piedra                  52  16  5 20   1  1  1  1  1  1  1  0  1  0  1  0  1  1  0  1  0  1  1  1  1  1  2  1  1  2  1  1  2  2  2  2  2  2  2  2  2  2  2  2  2  2
 17 Granite                 49  19 11 11   0  0  0  0  0  0  0  0  0  1  1  0  0  1  1  2  1  1  1  1  2  1  2  1  1  2  2  2  2  1  2  2  2  2  2  2  2  2  2  2  2  2
 18 Sweet Rocky             49  15  7 19   0  1  0  0  0  1  1  1  1  0  1  1  1  0  1  1  1  1  0  1  1  1  1  1  1  2  1  1  2  2  2  2  2  2  2  2  2  2  2  2  2  2
 19 Marble                  47  17 11 13   0  0  0  0  0  0  0  0  1  1  1  1  0  0  1  1  1  2  1  0  1  1  2  1  1  2  1  2  2  1  2  2  2  2  2  2  2  2  2  2  2  2
 20 * De Bruijn             46   7  2 32   1  0  1  1  1  1  1  1  1  2  1  1  2  1  1  1  1  1  2  1  2  2  1  2  1  1  1  1  1  1  1  1  1  1  1  1  1  1  2  0  1  1
 21 * Anti-rotn             45  12  8 21   0  0  0  0  1  1  1  1  1  1  1  1  1  1  1  1  0  1  1  0  1  0  0  1  1  2  1  1  1  1  1  2  2  2  2  2  2  2  2  2  2  2
 22 ZQ Bot                  45  17 13 11   0  0  0  0  0  0  0  0  1  0  1  0  0  1  1  1  1  1  1  0  2  1  0  2  1  2  1  1  2  2  2  2  2  2  2  2  2  2  2  2  2  2
 23 Inocencio               44  16 13 12   0  0  0  0  0  0  0  0  1  0  1  1  1  1  0  0  0  1  0  1  2  2  1  1  1  2  1  2  1  1  2  2  2  2  2  2  2  2  2  2  2  2
 24 Mixed Strategy          43  12 10 19   0  0  1  0  1  0  1  0  1  0  0  1  1  1  1  1  1  1  1  0  1  0  1  1  0  1  1  1  2  1  1  2  2  2  2  2  2  2  2  2  2  2
 25 * Pi                    42   2  1 38   1  1  1  1  1  1  1  1  1  1  2  1  1  1  1  1  1  1  1  1  1  1  1  2  1  1  1  1  1  1  1  1  1  0  1  1  1  1  1  1  1  1
 26 Multi-strategy          33  14 22  5   0  0  0  0  0  0  0  0  0  0  0  0  0  0  0  0  0  0  0  1  0  0  0  1  1  1  2  1  2  1  2  2  2  2  2  2  2  2  2  2  2  2
 27 * Copy-drift            32   1 10 30   0  0  1  0  0  1  0  1  0  0  1  0  1  1  1  1  0  1  1  1  1  1  1  1  1  0  1  1  1  1  1  1  1  1  1  1  1  1  1  2  1  1
 28 * Foxtrot               32   0  9 32   0  0  0  0  0  0  1  1  1  1  1  1  1  1  1  1  0  1  0  1  1  1  0  1  1  1  1  1  1  1  1  1  1  1  1  1  1  1  1  1  1  1
 29 Peterbot                31  10 20 11   0  0  0  0  0  1  0  0  0  0  0  0  0  1  1  0  0  0  0  1  1  0  1  0  1  0  1  1  1  1  2  0  2  1  2  2  2  2  2  2  2  2
 30 * Add-drift             29   0 12 29   0  0  0  0  0  1  0  0  1  0  0  1  1  1  1  0  1  0  1  1  1  0  1  1  1  1  1  1  1  1  1  1  1  1  1  1  1  1  1  1  1  1
 31 * Add-react             24   0 17 24   0  0  0  0  0  1  0  0  1  0  0  1  1  1  1  0  0  0  0  1  1  0  0  1  1  0  1  1  0  1  1  1  1  1  1  1  1  1  1  1  1  1
 32 Knucklehead             24   7 24 10   0  0  0  0  0  0  0  0  0  0  0  0  0  0  0  0  0  0  0  1  0  0  0  0  1  0  1  1  2  1  1  1  2  1  1  1  1  2  2  2  2  2
 33 Beat The Last Move      20   5 26 10   0  0  0  0  0  0  0  0  0  0  0  0  1  1  1  0  0  0  0  1  0  0  0  0  1  0  1  1  0  1  1  0  1  2  0  0  0  2  2  2  2  1
 34 * Text                  19   2 24 15   0  0  0  0  0  0  0  1  0  0  0  0  0  1  1  0  0  0  0  1  0  0  0  0  2  0  1  1  1  1  1  1  0  1  1  1  1  0  0  2  1  1
 35 * Flat                  19   2 24 15   0  0  0  0  0  0  1  1  0  0  0  0  0  0  0  0  0  0  0  1  0  0  0  0  1  0  1  1  0  1  1  1  2  1  1  1  1  1  2  0  1  1
 36 * Switch A Lot          17   1 25 15   0  1  0  0  0  0  0  0  0  0  0  0  0  0  0  0  0  0  0  1  0  0  0  0  1  0  1  1  0  1  1  1  2  1  1  1  1  1  1  0  1  1
 37 Always Switchin'        17   2 26 13   0  0  0  0  0  0  0  0  0  0  0  0  0  0  0  0  0  0  0  1  0  0  0  0  1  0  1  1  0  1  1  1  2  1  1  1  1  1  1  0  1  2
 38 Good Ole Rock           16   3 28 10   0  0  0  0  0  0  0  0  0  0  0  0  0  0  0  0  0  0  0  1  0  0  0  0  1  0  1  1  0  1  1  0  0  2  1  1  1  1  0  2  2  1
 39 Beat Frequent Pick      16   4 29  8   0  0  0  0  0  0  0  0  0  0  0  0  0  0  0  0  0  0  0  0  0  0  0  0  1  0  1  1  0  1  1  0  0  2  0  1  1  2  1  2  2  1
 40 * Anti-Flat             14   5 32  4   0  0  0  0  0  0  0  0  0  0  0  0  0  0  0  0  0  0  0  2  0  0  0  0  1  0  0  1  0  1  1  0  0  0  2  2  2  0  0  1  0  2
 41 R-P-S 20-20-60          13   1 29 11   0  0  0  0  0  0  0  0  0  0  0  0  0  0  0  0  0  0  0  1  0  0  0  0  1  0  1  1  0  1  1  0  0  1  1  1  1  0  0  2  1  1
 42 Rotate R-P-S            13   0 28 13   0  0  0  0  0  0  0  0  0  0  0  0  0  0  0  0  0  0  0  1  0  0  0  0  1  0  1  1  0  1  1  0  1  1  1  1  0  1  1  0  1  1


   Yomi AI is match ranked 6

 Tournament results:
    Player Name          total 
  1 Yomi AI               5553 
 19 Iocaine Powder       10630 
 20 Phasenbott           10064 
 21 MegaHAL               9255 
 22 RussRocker4           7884 
 23 Biopic                8515 
 24 Simple Modeller       8000 
 25 Simple Predictor      7551 
 26 Robertot              7423 
 27 Boom                  7203 
 28 Shofar                6114 
 29 ACT-R Lag2            5806 
 32 Granite               6374 
 33 Marble                6590 
 35 Sweet Rocky           6089 
 36 Piedra                6415 
 41 Bugbrain              6612 

   Yomi is tournament ranked 17

