 Playing 1 tournaments with 1000 trials per match...

 Yomi AI            vs Good Ole Rock       Match: 1000 (1000+   0-   0=)
 Yomi AI            vs R-P-S 20-20-60      Match:  219 (465+ 246- 289=)
 Yomi AI            vs Rotate R-P-S        Match:  577 (706+ 129- 165=)
 Yomi AI            vs Beat The Last Move  Match:   10 (354+ 344- 302=)
 Yomi AI            vs Always Switchin'    Match:  135 (407+ 272- 321=)
 Yomi AI            vs Beat Frequent Pick  Match:  433 (648+ 215- 137=)
 Yomi AI            vs * Pi                Match:  -53 (316+ 369- 315=)
 Yomi AI            vs * Switch A Lot      Match:   79 (374+ 295- 331=)
 Yomi AI            vs * Flat              Match:   59 (374+ 315- 311=)
 Yomi AI            vs * Anti-Flat         Match:  607 (730+ 123- 147=)
 Yomi AI            vs * Foxtrot           Match:  293 (529+ 236- 235=)
 Yomi AI            vs * De Bruijn         Match:   30 (344+ 314- 342=)
 Yomi AI            vs * Text              Match:   44 (361+ 317- 322=)
 Yomi AI            vs * Anti-rotn         Match:    0 (331+ 331- 338=)
 Yomi AI            vs * Copy-drift        Match:   16 (337+ 321- 342=)
 Yomi AI            vs * Add-react         Match:   -2 (336+ 338- 326=)
 Yomi AI            vs * Add-drift         Match:  -39 (315+ 354- 331=)
 Yomi AI            vs Iocaine Powder      Match:  -79 (293+ 372- 335=)
 Yomi AI            vs Phasenbott          Match:   18 (345+ 327- 328=)
 Yomi AI            vs MegaHAL             Match:   -9 (337+ 346- 317=)
 Yomi AI            vs RussRocker4         Match:  -46 (307+ 353- 340=)
 Yomi AI            vs Biopic              Match:  -43 (317+ 360- 323=)
 Yomi AI            vs Simple Modeller     Match:   11 (345+ 334- 321=)
 Yomi AI            vs Simple Predictor    Match:    0 (354+ 354- 292=)
 Yomi AI            vs Robertot            Match:   36 (354+ 318- 328=)
 Yomi AI            vs Boom                Match:  -52 (301+ 353- 346=)
 Yomi AI            vs Shofar              Match:  -14 (322+ 336- 342=)
 Yomi AI            vs ACT-R Lag2          Match:   -3 (343+ 346- 311=)
 Yomi AI            vs Majikthise          Match:   19 (342+ 323- 335=)
 Yomi AI            vs Vroomfondel         Match:  -19 (319+ 338- 343=)
 Yomi AI            vs Granite             Match:   94 (418+ 324- 258=)
 Yomi AI            vs Marble              Match:   -2 (343+ 345- 312=)
 Yomi AI            vs ZQ Bot              Match:   10 (341+ 331- 328=)
 Yomi AI            vs Sweet Rocky         Match:   23 (373+ 350- 277=)
 Yomi AI            vs Piedra              Match:   84 (400+ 316- 284=)
 Yomi AI            vs Mixed Strategy      Match:   49 (381+ 332- 287=)
 Yomi AI            vs Multi-strategy      Match:  227 (471+ 244- 285=)
 Yomi AI            vs Inocencio           Match:   17 (368+ 351- 281=)
 Yomi AI            vs Peterbot            Match:   28 (355+ 327- 318=)
 Yomi AI            vs Bugbrain            Match:   12 (341+ 329- 330=)
 Yomi AI            vs Knucklehead         Match:  298 (523+ 225- 252=)
 Final results (draw value = 50):

 Tournament results: 

    Player Name          total     1    2    3    4    5    6    7    8    9   10   11   12   13   14   15   16   17   18   19   20   21   22   23   24   25   26   27   28   29   30   31   32   33   34   35   36   37   38   39   40   41   42
  1 Iocaine Powder       11092     0   60  189   56   22  514    4   66  113   21  257  -16   58  253  291   66    2   21  133   33   75   79  298    5   13  302  124  323  127  190  310  120  585   47  871  214  374  926  989  990  996  991
  2 MegaHAL              10158   -60    0  -48   23    9   91   63   -6   43  -35  234  -18  -21  249  243  -39   48  -46   42  -31  132    9  266  -18   18  942  191   95   43  104  271  142  323  274  898  412  400  948  988  985  998  996
  3 Phasenbott           10111  -189   48    0   88   70  515   72   87  112   16  239   42   42  259  287  -13    9   38  107   12   88  -18  203   37  -12  138  134  418  145   79  326   61  412   78  871  258  153  948  979  988  995  989
  4 Simple Modeller       8939   -56  -23  -88    0   22  -13   60   19  284   32   45   -4   23   92  305   59   46    1   74    8   64  -11  192   -8   26  778  271  -25  239   63  104  129  277  274  299  436  367  592  994  993  999 1000
  5 Biopic                8760   -22   -9  -70  -22    0  -30   47   98   86   42  126  -22   21  134   96    0   29  -12   58  -24   22   43  271  -52   -2  211  -26  421   58  193   82  142  504  214  771  377  355  662  999  994  998  997
  6 RussRocker4           7576  -514  -91 -515   13   30    0   33   38  101   20  157   19  -45  182  161   -7   37  -46   47  -18   59   46  270  -88    6  148   62  153   92  119  347   90  474   92  961  206  341  615  994  992  999  996
  7 Sweet Rocky           7559    -4  -63  -72  -60  -47  -33    0  -43  -36  -54  -45  -43  -18  -56    0  -33    5  -14   -7  -55   37  -23   21  -19   -3  796   58  -18   48  180  330  159  212  198 1000  259  433  594  989  991  997  998
  8 Robertot              7508   -66    6  -87  -19  -98  -38   43    0   59   53   98    1   -3   46   43  -24   32  -17   41  -12   50  -36  211  -19  -33  -27   99  -24   65   33   82  173  451   62  803  465  413  727  968  994  996  997
  9 Simple Predictor      7185  -113  -43 -112 -284  -86 -101   36  -59    0   -3   49  -49  -78   30  150   30    9  -33   59    5   23    0  191  -73  -14  623  315  -41  279  112  110  154  288  161  308  407  376  592  986  989  996  996
 10 Boom                  7142   -21   35  -16  -32  -42  -20   54  -53    3    0   76  -46  -30   -2   -1  -19   25  -36   92  -46   87   52  230   33   53   45  -27   15   43   80   94  146  373  114  351  429  399  753  970  990  995  996
 11 Marble                6776  -257 -234 -239  -45 -126 -157   45  -98  -49  -76    0  -88 -113   -1   13  -56   36   -7    5  -28   74    2  210  -71  -21  647   39   65   96  155  180  181  353  139  937  297  396  592  992  994 1000  994
 12 Shofar                6719    16   18  -42    4   22  -19   43   -1   49   46   88    0    2   76   97   29   31    0   43   42   48   14  116   18  -27  346  -24   10   70   22   32  148   67  220   20  451  281  562  905  927  981  988
 13 ACT-R Lag2            6573   -58   21  -42  -23  -21   45   18    3   78   30  113   -2    0  136  124  -21   51   -7   17   20   33    3  317  -60  -33  515   48   -4  -28  130   -5   81  508  145  291  234  296  579   49  997  996  999
 14 Granite               6468  -253 -249 -259  -92 -134 -182   56  -46  -30    2    1  -76 -136    0   77  -48   49  -40   23  -10   52  -94  240  -76  -45  644   11   74   73  194   78  175  293   67  927  214  415  594  990  993 1000  996
 15 ZQ Bot                6029  -291 -243 -287 -305  -96 -161    0  -43 -150    1  -13  -97 -124  -77    0 -168    2  -33   17  -54   70  -10  247    1  -12  546  116   26   29  113  361  172  210  241  873  244  356  595  995  989  996  993
 16 Bugbrain              5974   -66   39   13  -59    0    7   33   24  -30   19   56  -29   21   48  168    0   53   -9   27   19   40  -12  113   16  -19   79   62    5   17  113  101   75  122  110  240  210  136  382  964  923  970  993
 17 Piedra                5772    -2  -48   -9  -46  -29  -37   -5  -32   -9  -25  -36  -31  -51  -49   -2  -53    0  -24  -40  -37   -1  -84  106  -45    5  -38   37   25  -10  116  270  171  243  113  184  272  397  592  995  996 1000  993
 18 Majikthise            4810   -21   46  -38   -1   12   46   14   17   33   36    7    0    7   40   33    9   24    0  -42   49   33  -19  140    0  -19   80   -2   16   15  104  -20    7  248   90   23  272  156  445   -8  991  992  995
 19 Mixed Strategy        4801  -133  -42 -107  -74  -58  -47    7  -41  -59  -92   -5  -43  -17  -23  -17  -27   40   42    0   -6  -19  -49   43  -88  -27  -16   50  -52   65   -8   94  158  159  173  160   93  381  546  943  919  993  985
 20 Vroomfondel           4719   -33   31  -12   -8   24   18   55   12   -5   46   28  -42  -20   10   54  -19   37  -49    6    0  -38   19  143   -2   32   43   16   -4  -16   60   -9   19  282  179   40  243  144  511  -34  991  996  971
 21 * Anti-rotn           4513   -75 -132  -88  -64  -22  -59  -37  -50  -23  -87  -74  -48  -33  -52  -70  -40    1  -33   19   38    0    0  256  -64  -48  -42  -21  -18  -20  201   16   54   60  305   37  462  172  597  496 1000 1000  999
 22 Yomi AI               4067   -79   -9   18   11  -43  -46   23   36    0  -52   -2  -14   -3   94   10   12   84   19   49  -19    0    0  227   30  -53   17  -39  293   16   59   -2   44  298   79   28  135  219  433   10  577 1000  607
 23 Multi-strategy        2626  -298 -266 -203 -192 -271 -270  -21 -211 -191 -230 -210 -116 -317 -240 -247 -113 -106 -140  -43 -143 -256 -227    0  -50  -20 -128  -17    4  260  143   37  123  -16  304  500  450  358  999  997  997  999  997
 24 * De Bruijn            708    -5   18  -37    8   52   88   19   19   73  -33   71  -18   60   76   -1  -16   45    0   88    2   64  -30   50    0   -1   27    8   -5   -7   42   43   23    6   26  -26  -31  -34  128   -1   21    0 -104
 25 * Pi                   178   -13  -18   12  -26    2   -6    3   33   14  -53   21   27   33   45   12   19   -5   19   27  -32   48   53   20    1    0   25    9  -34    2   -8  -12  -81  -25   18   11    2   17   30   22  -11  -11  -12
 26 Inocencio             -450  -302 -942 -138 -778 -211 -148 -796   27 -623  -45 -647 -346 -515 -644 -546  -79   38  -80   16  -43   42  -17  128  -27  -25    0   13  355  104  165   77  157  236   96  147  219  422  348  983  977  978  974
 27 * Add-drift          -1608  -124 -191 -134 -271   26  -62  -58  -99 -315   27  -39   24  -48  -11 -116  -62  -37    2  -50  -16   21   39   17   -8   -9  -13    0   27   -7  -14  -80  -34  -40    1  -12  -10  -13   14   56   -6   12    5
 28 * Foxtrot            -1967  -323  -95 -418   25 -421 -153   18   24   41  -15  -65  -10    4  -74  -26   -5  -25  -16   52    4   18 -293   -4    5   34 -355  -27    0  -25   26    5    6   45    4  -26   20  -17   60   12   -2    3   22
 29 * Copy-drift         -2063  -127  -43 -145 -239  -58  -92  -48  -65 -279  -43  -96  -70   28  -73  -29  -17   10  -15  -65   16   20  -16 -260    7   -2 -104    7   25    0  -76   46  -22 -101   -9  -49  -20  -24    9  -70  -10  -17   53
 30 * Flat               -2835  -190 -104  -79  -63 -193 -119 -180  -33 -112  -80 -155  -22 -130 -194 -113 -113 -116 -104    8  -60 -201  -59 -143  -42    8 -165   14  -26   76    0   -5   11   -5  -14 -178  -24    0  224  192   31    1 -378
 31 * Add-react          -3048  -310 -271 -326 -104  -82 -347 -330  -82 -110  -94 -180  -32    5  -78 -361 -101 -270   20  -94    9  -16    2  -37  -43   12  -77   80   -5  -46    5    0  -19  -51   29  -14   13   21   -6   58   -2  198  -12
 32 * Text               -3097  -120 -142  -61 -129 -142  -90 -159 -173 -154 -146 -181 -148  -81 -175 -172  -75 -171   -7 -158  -19  -54  -44 -123  -23   81 -157   34   -6   22  -11   19    0  -30    8   26   -4   12 -185  -74  -11 -185  111
 33 Knucklehead          -3239  -585 -323 -412 -277 -504 -474 -212 -451 -288 -373 -353  -67 -508 -293 -210 -122 -243 -248 -159 -282  -60 -298   16   -6   25 -236   40  -45  101    5   51   30    0    4  -35  -29   59  167  945  419  998  994
 34 * Switch A Lot       -3643   -47 -274  -78 -274 -214  -92 -198  -62 -161 -114 -139 -220 -145  -67 -241 -110 -113  -90 -173 -179 -305  -79 -304  -26  -18  -96   -1   -4    9   14  -29   -8   -4    0 -109   54  -41  -12  339  -47  -11   26
 35 Peterbot             -6164  -871 -898 -871 -299 -771 -961 -1000 -803 -308 -351 -937  -20 -291 -927 -873 -240 -184  -23 -160  -40  -37  -28 -500   26  -11 -147   12   26   49  178   14  -26   35  109    0  213  362  429  963  998  999 1000
 36 Always Switchin'     -6951  -214 -412 -258 -436 -377 -206 -259 -465 -407 -429 -297 -451 -234 -214 -244 -210 -272 -272  -93 -243 -462 -135 -450   31   -2 -219   10  -20   20   24  -13    4   29  -54 -213    0    3   -1  491   19   33  -53
 37 R-P-S 20-20-60       -8947  -374 -400 -153 -367 -355 -341 -433 -413 -376 -399 -396 -281 -296 -415 -356 -136 -397 -156 -381 -144 -172 -219 -358   34  -17 -422   13   17   24    0  -21  -12  -59   41 -362   -3    0 -365 -121   -1 -454   79
 38 Beat Frequent Pick  -14229  -926 -948 -948 -592 -662 -615 -594 -727 -592 -753 -592 -562 -579 -594 -595 -382 -592 -445 -546 -511 -597 -433 -999 -128  -30 -348  -14  -60   -9 -224    6  185 -167   12 -429    1  365    0 -600    0  999  996
 39 Beat The Last Move  -19347  -989 -988 -979 -994 -999 -994 -989 -968 -986 -970 -992 -905  -49 -990 -995 -964 -995    8 -943   34 -496  -10 -997    1  -22 -983  -56  -12   70 -192  -58   74 -945 -339 -963 -491  121  600    0    1 1000  997
 40 Rotate R-P-S        -25240  -990 -985 -988 -993 -994 -992 -991 -994 -989 -990 -994 -927 -997 -993 -989 -923 -996 -991 -919 -991 -1000 -577 -997  -21   11 -977    6    2   10  -31    2   11 -419   47 -998  -19    1    0   -1    0    0 -664
 41 Good Ole Rock       -26436  -996 -998 -995 -999 -998 -999 -997 -996 -996 -995 -1000 -981 -996 -1000 -996 -970 -1000 -992 -993 -996 -1000 -1000 -999    0   11 -978  -12   -3   17   -1 -198  185 -998   11 -999  -33  454 -999 -1000    0    0  999
 42 * Anti-Flat         -27499  -991 -996 -989 -1000 -997 -996 -998 -997 -996 -996 -994 -988 -999 -996 -993 -993 -993 -995 -985 -971 -999 -607 -997  104   12 -974   -5  -22  -53  378   12 -111 -994  -26 -1000   53  -79 -996 -997  664 -999    0

 Match results (draw <= 50): 

    Player Name           total  W  L  D   1  2  3  4  5  6  7  8  9 10 11 12 13 14 15 16 17 18 19 20 21 22 23 24 25 26 27 28 29 30 31 32 33 34 35 36 37 38 39 40 41 42
  1 Iocaine Powder          72  31  0 10   1  2  2  2  1  2  1  2  1  2  2  1  2  1  1  2  2  1  1  2  2  2  2  2  1  2  2  2  2  2  2  2  2  2  1  2  2  2  2  2  2  2
  2 Phasenbott              69  29  1 11   0  1  1  2  2  2  1  1  1  1  2  1  2  1  1  1  2  2  1  2  2  2  2  2  1  2  2  2  2  2  2  2  2  2  2  2  2  2  2  2  2  2
  3 MegaHAL                 63  23  1 17   0  1  1  1  1  2  1  1  1  1  1  1  1  1  1  1  2  2  1  2  2  1  2  2  1  2  2  2  2  2  1  2  2  2  2  2  2  2  2  2  2  2
  4 Simple Modeller         63  24  2 15   0  0  1  1  1  1  1  2  1  1  1  1  2  1  1  1  2  2  1  1  2  2  2  2  1  1  2  2  2  2  2  2  2  2  2  2  2  2  2  2  2  2
  5 Biopic                  62  23  2 16   1  0  1  1  1  1  1  1  1  1  2  1  2  1  1  1  2  1  0  2  2  2  1  2  1  2  2  1  2  2  2  2  2  2  2  2  2  2  2  2  2  2
  6 RussRocker4             60  23  4 14   0  0  0  1  1  1  1  1  1  1  1  1  2  1  1  1  2  1  0  2  2  1  2  2  1  2  2  2  2  2  2  2  2  2  2  2  2  2  2  2  2  2
  7 Boom                    60  20  1 20   1  1  1  1  1  1  1  1  1  1  0  1  1  1  1  2  1  2  1  2  1  2  2  1  2  1  2  1  2  2  1  2  2  2  2  2  2  2  2  2  2  2
  8 Bugbrain                58  19  2 20   0  1  1  0  1  1  1  1  1  1  1  1  1  1  2  1  1  1  1  2  2  1  1  2  1  1  2  2  2  2  1  2  2  2  2  2  2  2  2  2  2  2
  9 Shofar                  57  16  0 25   1  1  1  1  1  1  1  1  1  1  1  1  1  1  1  1  2  1  1  2  2  1  1  2  1  1  2  1  1  1  2  2  1  2  2  2  2  2  2  2  2  2
 10 ACT-R Lag2              57  18  2 21   0  1  1  1  1  1  1  1  1  1  1  1  2  1  2  1  2  1  0  2  2  1  1  2  1  1  2  1  2  1  1  2  2  1  2  2  2  2  2  2  2  2
 11 Robertot                56  18  3 20   0  0  1  1  0  1  2  1  1  1  1  1  2  1  1  1  1  1  1  2  1  1  1  1  1  1  2  2  2  2  2  2  1  2  2  2  2  2  2  2  2  2
 12 Vroomfondel             53  12  0 29   1  1  1  1  1  1  1  1  1  1  1  1  1  1  1  1  1  2  1  1  2  1  1  1  1  1  2  1  1  1  1  2  2  1  2  1  2  2  2  2  2  2
 13 Simple Predictor        52  19  8 14   0  0  1  0  0  0  1  1  1  0  0  1  1  1  1  1  1  1  0  1  2  2  1  2  1  1  2  2  2  2  2  2  2  2  2  2  2  2  2  2  2  2
 14 Majikthise              52  11  0 30   1  1  1  1  1  1  1  1  1  1  1  1  1  1  1  1  1  1  1  1  1  1  1  2  1  1  2  1  1  1  1  2  2  1  2  1  2  2  2  2  2  2
 15 Piedra                  52  14  3 24   1  1  1  1  1  1  1  0  1  0  1  1  1  1  1  0  1  1  1  1  1  1  1  1  1  1  2  1  2  2  1  2  2  2  2  2  2  2  2  2  2  2
 16 Yomi AI                 51  13  3 25   0  1  1  1  1  1  0  1  1  1  1  1  1  1  2  1  2  1  1  1  1  1  1  1  0  2  2  1  1  1  1  2  2  1  2  1  2  2  2  2  2  2
 17 Granite                 51  20 10 11   0  0  0  0  0  0  1  1  0  0  1  1  1  1  1  0  1  2  0  1  2  1  2  2  1  2  2  1  2  2  2  2  2  2  2  2  2  2  2  2  2  2
 18 Sweet Rocky             50  15  6 20   1  0  0  0  1  1  0  1  1  1  1  0  1  1  1  1  0  1  1  1  1  1  1  2  1  1  1  2  2  2  1  2  2  2  2  2  2  2  2  2  2  2
 19 * De Bruijn             49   9  1 31   1  1  1  1  2  2  1  1  1  2  1  1  2  1  1  1  2  1  1  2  1  2  2  1  1  1  1  1  1  1  1  1  1  1  1  1  1  2  1  1  0  1
 20 Marble                  48  18 11 12   0  0  0  1  0  0  0  0  0  0  0  1  1  1  1  1  1  1  0  1  1  1  2  2  1  2  2  1  2  2  2  2  2  2  2  2  2  2  2  2  2  2
 21 ZQ Bot                  46  17 12 12   0  0  0  0  0  0  1  0  0  0  1  0  0  1  1  1  0  1  1  1  1  1  2  2  1  1  2  2  2  2  1  2  2  2  2  2  2  2  2  2  2  2
 22 Mixed Strategy          46  13  8 20   0  0  1  0  0  1  0  1  1  1  1  1  0  1  1  1  1  1  0  1  1  1  1  1  1  0  1  1  2  2  2  2  1  2  2  2  2  2  2  2  2  2
 23 * Anti-rotn             43  12 10 19   0  0  0  0  1  0  0  1  1  1  1  1  1  1  1  1  0  1  0  0  0  1  1  1  1  1  2  1  1  1  1  2  2  2  2  2  2  2  2  2  2  2
 24 Inocencio               42  16 15 10   0  0  0  0  0  0  1  0  0  0  1  1  0  0  1  1  0  0  1  0  0  1  1  1  1  2  2  1  2  2  2  2  2  2  2  2  2  2  2  2  2  2
 25 * Pi                    40   1  2 38   1  1  1  1  1  1  0  1  1  1  1  1  1  1  1  2  1  1  1  1  1  1  1  1  1  1  1  1  1  1  1  1  1  1  1  0  1  1  1  1  1  1
 26 * Foxtrot               34   2  9 30   0  0  0  1  0  0  1  1  1  1  1  1  1  1  1  0  0  1  1  0  1  2  1  0  1  1  1  1  1  1  1  1  1  1  1  1  1  2  1  1  1  1
 27 Multi-strategy          32  12 21  8   0  0  0  0  0  0  0  0  0  0  0  0  0  0  0  0  0  1  1  0  0  1  0  0  1  1  1  1  2  1  2  1  2  2  2  2  2  2  2  2  2  2
 28 * Add-drift             31   1 11 29   0  0  0  0  1  0  1  0  1  1  0  1  0  1  1  1  1  0  1  1  0  1  1  1  1  1  1  1  1  0  1  1  1  2  1  1  1  1  1  1  1  1
 29 Peterbot                31   9 19 13   0  0  0  0  0  0  0  0  1  0  0  1  0  1  0  1  0  0  1  0  0  0  1  0  1  1  0  1  1  1  1  1  2  2  2  1  2  2  2  2  2  2
 30 * Add-react             26   3 18 20   0  0  0  0  0  0  0  0  1  1  0  1  0  1  0  1  0  0  1  0  0  0  1  0  1  1  1  2  1  1  1  0  1  2  1  1  1  1  2  1  1  1
 31 * Copy-drift            26   1 16 24   0  0  1  0  0  0  1  1  0  1  0  1  0  1  1  1  0  1  1  0  1  0  1  0  1  1  0  1  1  1  1  0  0  0  1  1  1  1  1  1  2  1
 32 Knucklehead             26   8 23 10   0  0  0  0  0  0  0  0  0  0  0  0  0  0  0  0  0  0  1  0  0  0  0  0  1  1  1  1  1  2  2  1  1  2  1  1  1  2  2  2  2  2
 33 * Flat                  21   3 23 15   0  0  0  0  0  0  0  0  1  0  1  0  0  0  0  0  0  0  1  0  0  1  0  0  1  1  0  1  0  1  2  1  1  2  1  1  1  2  1  1  0  1
 34 Beat The Last Move      20   6 27  8   0  0  0  0  0  0  0  0  0  1  0  1  0  1  0  1  0  0  1  0  0  0  0  0  1  1  0  0  0  0  2  0  0  1  0  2  0  2  2  1  2  2
 35 * Switch A Lot          19   2 24 15   1  0  0  0  0  0  0  0  0  0  0  0  0  0  0  0  0  0  1  0  0  0  0  0  1  1  0  1  0  1  1  1  1  2  1  1  2  1  1  1  1  1
 36 * Text                  19   2 24 15   0  0  0  0  0  0  0  0  0  0  0  1  0  1  0  1  0  0  1  0  0  0  0  0  2  1  0  1  1  1  1  1  1  0  1  1  1  0  0  1  2  1
 37 Always Switchin'        15   1 27 13   0  0  0  0  0  0  0  0  0  0  0  0  0  0  0  0  0  0  1  0  0  0  0  0  1  1  0  1  0  1  1  1  1  2  0  1  1  1  1  1  0  1
 38 Beat Frequent Pick      15   4 30  7   0  0  0  0  0  0  0  0  0  0  0  0  0  0  0  0  0  0  0  0  0  0  0  0  1  0  0  1  0  1  1  0  0  0  1  2  1  1  2  1  2  2
 39 Good Ole Rock           15   3 29  9   0  0  0  0  0  0  0  0  0  0  0  0  0  0  0  0  0  0  1  0  0  0  0  0  1  1  0  1  0  0  1  0  1  0  1  2  1  0  1  1  2  2
 40 Rotate R-P-S            14   0 27 14   0  0  0  0  0  0  0  0  0  0  0  0  0  0  0  0  0  0  1  0  0  0  0  0  1  1  0  1  0  1  1  0  1  1  1  1  1  1  1  1  0  1
 41 * Anti-Flat             13   4 32  5   0  0  0  0  0  0  0  0  0  0  0  0  0  0  0  0  0  0  2  0  0  0  0  0  1  1  0  1  0  1  0  0  2  0  1  0  2  0  0  2  1  0
 42 R-P-S 20-20-60          13   1 29 11   0  0  0  0  0  0  0  0  0  0  0  0  0  0  0  0  0  0  1  0  0  0  0  0  1  1  0  1  0  1  1  0  1  0  1  1  1  0  0  1  2  1


   Yomi AI is match ranked 16

 Tournament results:
    Player Name          total 
  1 Yomi AI               4067 
 15 * Anti-rotn           4513 
 19 Iocaine Powder       11092 
 20 Phasenbott           10111 
 21 MegaHAL              10158 
 22 RussRocker4           7576 
 23 Biopic                8760 
 24 Simple Modeller       8939 
 25 Simple Predictor      7185 
 26 Robertot              7508 
 27 Boom                  7142 
 28 Shofar                6719 
 29 ACT-R Lag2            6573 
 30 Majikthise            4810 
 31 Vroomfondel           4719 
 32 Granite               6468 
 33 Marble                6776 
 34 ZQ Bot                6029 
 35 Sweet Rocky           7559 
 36 Piedra                5772 
 37 Mixed Strategy        4801 
 41 Bugbrain              5974 

   Yomi is tournament ranked 22

