 Playing 1 tournaments with 1000 trials per match...

 Yomi AI            vs Good Ole Rock       Match: 1000 (1000+   0-   0=)
 Yomi AI            vs R-P-S 20-20-60      Match:  270 (523+ 253- 224=)
 Yomi AI            vs Rotate R-P-S        Match:  996 (997+   1-   2=)
 Yomi AI            vs Beat The Last Move  Match:  156 (432+ 276- 292=)
 Yomi AI            vs Always Switchin'    Match:  221 (482+ 261- 257=)
 Yomi AI            vs Beat Frequent Pick  Match:  561 (728+ 167- 105=)
 Yomi AI            vs * Pi                Match:  -27 (334+ 361- 305=)
 Yomi AI            vs * Switch A Lot      Match:  117 (408+ 291- 301=)
 Yomi AI            vs * Flat              Match:  135 (413+ 278- 309=)
 Yomi AI            vs * Anti-Flat         Match:  992 (995+   3-   2=)
 Yomi AI            vs * Foxtrot           Match:  410 (609+ 199- 192=)
 Yomi AI            vs * De Bruijn         Match:    8 (328+ 320- 352=)
 Yomi AI            vs * Text              Match:  130 (425+ 295- 280=)
 Yomi AI            vs * Anti-rotn         Match:   40 (355+ 315- 330=)
 Yomi AI            vs * Copy-drift        Match:  -36 (308+ 344- 348=)
 Yomi AI            vs * Add-react         Match:   58 (372+ 314- 314=)
 Yomi AI            vs * Add-drift         Match:   73 (374+ 301- 325=)
 Yomi AI            vs Iocaine Powder      Match:  -14 (333+ 347- 320=)
 Yomi AI            vs Phasenbott          Match:   13 (339+ 326- 335=)
 Yomi AI            vs MegaHAL             Match:   28 (357+ 329- 314=)
 Yomi AI            vs RussRocker4         Match:    2 (337+ 335- 328=)
 Yomi AI            vs Biopic              Match:  -14 (323+ 337- 340=)
 Yomi AI            vs Simple Modeller     Match:   11 (336+ 325- 339=)
 Yomi AI            vs Simple Predictor    Match:  -17 (350+ 367- 283=)
 Yomi AI            vs Robertot            Match:   19 (359+ 340- 301=)
 Yomi AI            vs Boom                Match:   52 (375+ 323- 302=)
 Yomi AI            vs Shofar              Match:    2 (344+ 342- 314=)
 Yomi AI            vs ACT-R Lag2          Match:   36 (337+ 301- 362=)
 Yomi AI            vs Majikthise          Match:    2 (336+ 334- 330=)
 Yomi AI            vs Vroomfondel         Match:   11 (349+ 338- 313=)
 Yomi AI            vs Granite             Match:   90 (411+ 321- 268=)
 Yomi AI            vs Marble              Match:   94 (429+ 335- 236=)
 Yomi AI            vs ZQ Bot              Match:   46 (413+ 367- 220=)
 Yomi AI            vs Sweet Rocky         Match:   72 (405+ 333- 262=)
 Yomi AI            vs Piedra              Match:   54 (383+ 329- 288=)
 Yomi AI            vs Mixed Strategy      Match:   54 (363+ 309- 328=)
 Yomi AI            vs Multi-strategy      Match:  348 (570+ 222- 208=)
 Yomi AI            vs Inocencio           Match:   93 (406+ 313- 281=)
 Yomi AI            vs Peterbot            Match:   23 (353+ 330- 317=)
 Yomi AI            vs Bugbrain            Match:   44 (357+ 313- 330=)
 Yomi AI            vs Knucklehead         Match:  493 (655+ 162- 183=)
 Final results (draw value = 50):

 Tournament results: 

    Player Name          total     1    2    3    4    5    6    7    8    9   10   11   12   13   14   15   16   17   18   19   20   21   22   23   24   25   26   27   28   29   30   31   32   33   34   35   36   37   38   39   40   41   42
  1 Iocaine Powder       10919     0   92   98   43   44  157  512  -11   74   14  261   89   48   56  204   27   36   70  317   48  -18  -12  218  205   28   12  154  236  355  213  281  108   98  522  920  240  349  901  986  989  991  964
  2 Phasenbott           10020   -92    0   43   48   20  130  530   41   43  -13  223   24   -3   43  216   37  149   14  246   57  -71   13  214  255   34   -3  164  115  351   42  274   89   59  441  998  277  119  938  978  994  990  993
  3 MegaHAL               9702   -98  -43    0   56   13   67   99   41   54  -28  209   13   -6  -30  281   -8   -6   40  231   44    8  -18  245  188   -2   23  185   93   65  181  281  189  249  381  963  443  390  932  990  999  992  996
  4 Simple Modeller       8967   -43  -48  -56    0   -5  257  -22    7   13  -11   61   20  -12  -22  128   30   85   14  317   73  -19  -35  197  660   -5  -14  205  304   13  116  110  117  231  214  697  445  366  593  993  998  995 1000
  5 Biopic                8775   -44  -20  -13    5    0   54   22   14   29   14  115    5  -26   40  204   12   21   38   93   33  -38  -22  236  119  -28   12   32  101  429  184  103  141  124  491  732  330  361  896  994  998  992  992
  6 Simple Predictor      7715  -157 -130  -67 -257  -54    0  -80   13  -23   17   39    1   -6  -57   10   18   88   71  195   46  -30  -15  191  786  -62  -14  244  212  -52   43  120  149  176  251  680  386  430  592  985  993  990  993
  7 RussRocker4           7630  -512 -530  -99   22  -22   80    0   -2   43   -2  123   37    7   37  143   30   22   45  150   69   -8   32  309  171  -21  -57   92  178  166  112  302   98  109  509  936  270  220  590  988 1000  993 1000
  8 Boom                  7506    11  -41  -41   -7  -14  -13    2    0   21  -52   49   22  -37   18   48   -1   53   76   91   60  -36   38  228  249   11    5   90   64    7   35   76  144   76  419  353  435  337  753  991  997  989 1000
  9 Robertot              7239   -74  -43  -54  -13  -29   23  -43  -21    0  -19   65   72  -24  -32   38   33  -13   10  104   50   29   10  258   -1  -57   15  106  -34    2   78  101  184   94  378  389  467  372  860  970  996  995  997
 10 Yomi AI               6646   -14   13   28   11  -14  -17    2   52   19    0   90   54    2   36   94   44   54   72   46   40    2   11  348   93    8  -27   73  -36  410  135   58  130  117  493   23  221  270  561  156 1000  996  992
 11 Granite               6589  -261 -223 -209  -61 -115  -39 -123  -49  -65  -90    0   20  -13 -148  -12  -65  -15   75   46   42  -40    6  223  653  -40   -4   -2   71   29  163  108  178  123  307  929  235  377  594  996  999  995  994
 12 Piedra                6510   -89  -24  -13  -20   -5   -1  -37  -22  -72  -54  -20    0  -42  -21  -46  -46   -2  -40  -50    7  -34  -33  115  -46   -5   51   35  -35   63  123  382  173  124  220  723  298  376  595  989 1000  994  999
 13 Shofar                6190   -48    3    6   12   26    6   -7   37   24   -2   13   42    0    5   68   40   35   32   45   32   14   55   81   97  -17   27   23   77   -5  -18   83  126   85   20   53  438  338  558  901  972  930  983
 14 ACT-R Lag2            5852   -56  -43   30   22  -40   57  -37  -18   32  -36  148   21   -5    0  116   15   16   28   80   43  -18   16  292  103  -95  -42  -10    1  -26   93   30  100  158  490  236  266  309  580   10  997  994  995
 15 Marble                5755  -204 -216 -281 -128 -204  -10 -143  -48  -38  -94   12   46  -68 -116    0  -57   17   52   14   51  -23   34  176    7  -71  -11    8   39   33  197   93  181  166  263  906  192  408  591  992  999  994  996
 16 Bugbrain              5588   -27  -37    8  -30  -12  -18  -30    1  -33  -44   65   46  -40  -15   57    0   41   30  170   36    0   12   62   24   -1   -8   60   58   -4   29   89   12   95  151  244  227  167  389  927  983  953  951
 17 Mixed Strategy        5376   -36 -149    6  -85  -21  -88  -22  -53   13  -54   15    2  -35  -16  -17  -41    0   34  -44  -13   -9   20  489   34  -25  -41  -21   -4  -50   -3   62  173  162  184  220   78  359  473  960  995  957  967
 18 Sweet Rocky           5344   -70  -14  -40  -14  -38  -71  -45  -76  -10  -72  -75   40  -32  -28  -52  -30  -34    0  -31   58  -16  -41  102  -29  -44  -53   46   24    8  111  129  165  101  113  128  275  391  593  990  998  994  993
 19 ZQ Bot                5315  -317 -246 -231 -317  -93 -195 -150  -91 -104  -46  -46   50  -45  -80  -14 -170   44   31    0   54  -28  -76  186  -67  -46  -37   44   23   70  149  363  173  144  258  907  233  421  593  995  997  988  991
 20 * Anti-rotn           5173   -48  -57  -44  -73  -33  -46  -69  -60  -50  -40  -42   -7  -32  -43  -51  -36   13  -58  -54    0   45   -8  254  361  -69  -36  -21   26  -42  241  -16   63  325   91   32  519  157  598  493  997  996  997
 21 Majikthise            4881    18   71   -8   19   38   30    8   36  -29   -2   40   34  -14   18   23    0    9   16   28  -45    0   -8  131   67  -40    6   15   26   43   83    6   59  113  223   16  262  142  481  -14  993  989  998
 22 Vroomfondel           4378    12  -13   18   35   22   15  -32  -38  -10  -11   -6   33  -55  -16  -34  -12  -20   41   76    8    8    0  150   79  -16  -21   29    7  -26   52  -14    3  109  198  -25  245  141  482    2  994  994  974
 23 Multi-strategy        2447  -218 -214 -245 -197 -236 -191 -309 -228 -258 -348 -223 -115  -81 -292 -176  -62 -489 -102 -186 -254 -131 -150    0 -143  -50  -20  -20  300   35  124   66  123  323    8  500  469  448  999  997  999  997  997
 24 Inocencio             2246  -205 -255 -188 -660 -119 -786 -171 -249    1  -93 -653   46  -97 -103   -7  -24  -34   29   67 -361  -67  -79  143    0  -27   -6   10   75  273  187  107  160  127  216  133  244  421  362  903  983  972  971
 25 * De Bruijn            657   -28  -34    2    5   28   62   21  -11   57   -8   40    5   17   95   71    1   25   44   46   69   40   16   50   27    0   -1  -16  -27  -40    5    8   23   23    4   -6    2    8  128   -1    0   21 -114
 26 * Pi                   193   -12    3  -23   14  -12   14   57   -5  -15   27    4  -51  -27   42   11    8   41   53   37   36   -6   21   20    6    1    0   40  -11  -37   14  -26  -81   65   -5  -18    8  -20   30   22  -11  -11  -10
 27 * Add-drift          -1714  -154 -164 -185 -205  -32 -244  -92  -90 -106  -73    2  -35  -23   10   -8  -60   21  -46  -44   21  -15  -29   20  -10   16  -40    0  -67  -28   31    1    1   13  -35   18  -53  -28  -33   24  -23   18   12
 28 * Copy-drift         -1962  -236 -115  -93 -304 -101 -212 -178  -64   34   36  -71   35  -77   -1  -39  -58    4  -24  -23  -26  -26   -7 -300  -75   27   11   67    0  -17   20   -9   -9    6  -62   -9  -15   -1  -26  -46  -24   16   30
 29 * Foxtrot            -2321  -355 -351  -65  -13 -429   52 -166   -7   -2 -410  -29  -63    5   26  -33    4   50   -8  -70   42  -43   26  -35 -273   40   37   28   17    0  -24   16  -53   22  -28   -4    0  -35  -33  -11  -53  -81  -12
 30 * Flat               -2655  -213  -42 -181 -116 -184  -43 -112  -35  -78 -135 -163 -123   18  -93 -197  -29    3 -111 -149 -241  -83  -52 -124 -187   -5  -14  -31  -20   24    0   21   13   34    7 -137   51  -32  232  237    1   56 -422
 31 * Add-react          -3199  -281 -274 -281 -110 -103 -120 -302  -76 -101  -58 -108 -382  -83  -30  -93  -89  -62 -129 -363   16   -6   14  -66 -107   -8   26   -1    9  -16  -21    0    6  -37    0   -4   20  -29  -82   42    9  -32  113
 32 * Text               -3256  -108  -89 -189 -117 -141 -149  -98 -144 -184 -130 -178 -173 -126 -100 -181  -12 -173 -165 -173  -63  -59   -3 -123 -160  -23   81   -1    9   53  -13   -6    0   -9  -33   19   39    9 -185  -74 -185  -11  112
 33 * Switch A Lot       -3353   -98  -59 -249 -231 -124 -176 -109  -76  -94 -117 -123 -124  -85 -158 -166  -95 -162 -101 -144 -325 -113 -109 -323 -127  -23  -65  -13   -6  -22  -34   37    9    0  -13 -157  -10    1   11  315    6   60   39
 34 Knucklehead          -3636  -522 -441 -381 -214 -491 -251 -509 -419 -378 -493 -307 -220  -20 -490 -263 -151 -184 -113 -258  -91 -223 -198   -8 -216   -4    5   35   62   28   -7    0   33   13    0  -41   17   38  187    6  986  932  915
 35 Peterbot             -6259  -920 -998 -963 -697 -732 -680 -936 -353 -389  -23 -929 -723  -53 -236 -906 -244 -220 -128 -907  -32  -16   25 -500 -133    6   18  -18    9    4  137    4  -19  157   41    0  285  411  435  981 1000  997  986
 36 Always Switchin'     -7258  -240 -277 -443 -445 -330 -386 -270 -435 -467 -221 -235 -298 -438 -266 -192 -227  -78 -275 -233 -519 -262 -245 -469 -244   -2   -8   53   15    0  -51  -20  -39   10  -17 -285    0   48   30  508    0  -10    5
 37 R-P-S 20-20-60       -8615  -349 -119 -390 -366 -361 -430 -220 -337 -372 -270 -377 -376 -338 -309 -408 -167 -359 -391 -421 -157 -142 -141 -448 -421   -8   20   28    1   35   32   29   -9   -1  -38 -411  -48    0 -375 -201 -383  -10  393
 38 Beat Frequent Pick  -14427  -901 -938 -932 -593 -896 -592 -590 -753 -860 -561 -594 -595 -558 -580 -591 -389 -473 -593 -593 -598 -481 -482 -999 -362 -128  -30   33   26   33 -232   82  185  -11 -187 -435  -30  375    0 -600  999    0  997
 39 Beat The Last Move  -18373  -986 -978 -990 -993 -994 -985 -988 -991 -970 -156 -996 -989 -901  -10 -992 -927 -960 -990 -995 -493   14   -2 -997 -903    1  -22  -24   46   11 -237  -42   74 -315   -6 -981 -508  201  600    0 1000    1 1000
 40 Good Ole Rock       -26193  -989 -994 -999 -998 -998 -993 -1000 -997 -996 -1000 -999 -1000 -972 -997 -999 -983 -995 -998 -997 -997 -993 -994 -999 -983    0   11   23   24   53   -1   -9  185   -6 -986 -1000    0  383 -999 -1000    0    0  999
 41 Rotate R-P-S        -26280  -991 -990 -992 -995 -992 -990 -993 -989 -995 -996 -995 -994 -930 -994 -994 -953 -957 -994 -988 -996 -989 -994 -997 -972  -21   11  -18  -16   81  -56   32   11  -60 -932 -997   10   10    0   -1    0    0 -664
 42 * Anti-Flat         -28112  -964 -993 -996 -1000 -992 -993 -1000 -1000 -997 -992 -994 -999 -983 -995 -996 -951 -967 -993 -991 -997 -998 -974 -997 -971  114   10  -12  -30   12  422 -113 -112  -39 -915 -986   -5 -393 -997 -1000 -999  664    0

 Match results (draw <= 50): 

    Player Name           total  W  L  D   1  2  3  4  5  6  7  8  9 10 11 12 13 14 15 16 17 18 19 20 21 22 23 24 25 26 27 28 29 30 31 32 33 34 35 36 37 38 39 40 41 42
  1 Iocaine Powder          70  29  0 12   1  2  1  2  1  1  2  1  1  1  2  2  1  2  1  2  2  1  2  1  1  2  2  2  1  2  2  2  2  2  2  2  2  2  2  2  2  2  2  2  2  2
  2 MegaHAL                 65  25  1 15   0  1  1  1  2  1  2  1  1  1  2  1  1  1  1  2  1  1  2  1  1  2  2  2  1  2  2  2  2  2  2  2  2  2  2  2  2  2  2  2  2  2
  3 Yomi AI                 63  22  0 19   1  1  1  1  1  1  1  2  1  1  1  1  1  2  1  1  2  2  2  1  1  2  1  2  1  2  2  1  2  1  2  2  2  2  2  2  2  2  2  2  2  2
  4 Phasenbott              63  24  2 15   0  1  1  1  1  1  2  1  1  1  1  1  0  1  1  2  1  2  2  1  2  2  2  2  1  2  2  2  2  2  1  2  2  2  2  2  2  2  2  2  2  2
  5 Simple Modeller         63  23  1 17   1  0  1  1  1  1  1  1  1  1  1  1  1  1  1  2  1  2  2  1  2  2  2  2  1  2  1  2  2  2  2  2  2  2  2  2  2  2  2  2  2  2
  6 Biopic                  62  21  0 20   1  1  1  1  1  1  1  1  1  1  1  1  1  1  1  2  1  1  2  1  1  2  2  2  1  2  2  2  1  2  2  2  2  2  2  2  2  2  2  2  2  2
  7 RussRocker4             60  23  4 14   0  0  1  0  1  1  1  1  1  1  1  1  1  1  1  2  1  1  2  1  2  2  2  2  0  2  2  2  2  2  2  2  2  2  2  2  2  2  2  2  2  2
  8 Boom                    60  20  1 20   1  1  0  1  1  1  1  1  1  1  1  1  1  1  1  1  2  2  1  1  2  1  2  2  1  2  1  2  2  2  1  2  2  2  2  2  2  2  2  2  2  2
  9 Bugbrain                58  17  0 24   1  1  1  1  1  1  1  1  1  1  1  1  1  1  1  1  1  1  2  1  1  2  2  1  1  2  1  2  2  2  1  2  2  2  1  2  2  2  2  2  2  2
 10 Shofar                  57  16  0 25   1  1  1  1  1  1  1  1  1  1  1  1  1  1  2  1  1  1  1  1  1  2  1  2  1  2  1  2  1  2  1  1  2  2  2  2  2  2  2  2  2  2
 11 Robertot                56  18  3 20   0  0  1  1  1  1  1  1  1  1  1  1  1  2  1  1  1  1  2  0  1  1  2  1  1  2  1  2  2  1  2  2  2  2  2  2  2  2  2  2  2  2
 12 ACT-R Lag2              56  17  2 22   0  1  1  1  1  1  1  1  1  1  1  1  1  1  1  2  1  1  2  0  1  2  2  2  1  2  1  2  1  1  2  2  1  1  2  2  2  2  2  2  2  2
 13 Majikthise              54  13  0 28   1  1  1  2  1  1  1  1  1  1  1  1  1  1  1  1  1  1  1  1  1  1  1  2  1  2  1  1  1  1  2  2  1  1  2  2  2  2  2  2  2  2
 14 Piedra                  54  16  3 22   0  1  0  1  1  1  1  1  1  1  0  1  1  1  1  1  1  1  1  1  1  1  1  1  2  2  2  2  1  1  2  2  2  2  2  2  2  2  2  2  2  2
 15 Vroomfondel             52  12  1 28   1  1  1  1  1  1  1  1  1  0  1  1  1  1  1  1  1  1  1  1  1  1  2  2  1  2  1  1  1  1  2  2  1  1  1  2  2  2  2  2  2  2
 16 Simple Predictor        51  19  9 13   0  0  1  0  0  0  0  1  1  1  1  0  1  1  1  1  2  2  1  0  1  1  2  2  1  2  0  2  2  2  1  2  2  2  2  2  2  2  2  2  2  2
 17 Sweet Rocky             49  15  7 19   0  1  0  1  1  1  1  0  1  1  1  1  1  1  1  0  1  1  0  1  2  0  1  1  0  2  1  2  1  1  2  2  2  2  2  2  2  2  2  2  2  2
 18 Mixed Strategy          49  13  5 23   1  1  0  0  0  1  1  0  1  1  1  1  1  1  1  0  1  1  1  1  1  1  1  1  1  2  1  2  1  1  1  2  2  2  2  2  2  2  2  2  2  2
 19 Granite                 48  17 10 14   0  0  0  0  0  0  0  1  0  1  0  0  1  1  1  1  2  1  1  1  1  1  1  2  1  2  1  2  1  2  2  2  2  2  2  2  2  2  2  2  2  2
 20 * De Bruijn             46   6  1 34   1  1  1  1  1  1  1  1  1  1  2  2  1  1  1  2  1  1  1  1  2  2  1  1  1  1  1  1  1  1  1  1  1  1  1  2  1  1  1  1  1  0
 21 * Anti-rotn             46  13  8 20   1  1  1  0  0  1  0  0  1  1  1  1  1  1  1  1  0  1  1  0  1  0  0  2  1  2  1  1  1  1  2  2  1  2  2  2  2  2  2  2  2  2
 22 Marble                  46  16 11 14   0  0  0  0  0  0  0  1  0  0  1  0  1  1  1  1  2  1  1  0  2  1  1  1  1  2  1  2  1  1  2  2  2  2  2  2  2  2  2  2  2  2
 23 ZQ Bot                  44  16 13 12   0  0  1  0  0  0  0  0  0  1  0  0  1  1  0  0  1  1  1  1  2  1  1  0  1  2  2  2  1  1  2  2  2  2  2  2  2  2  2  2  2  2
 24 Inocencio               43  17 15  9   0  0  0  0  0  0  0  0  1  0  1  0  0  1  0  0  1  1  0  1  0  1  2  1  1  2  2  2  1  2  2  2  2  2  2  2  2  2  2  2  2  2
 25 * Pi                    42   3  2 36   1  1  1  1  1  1  2  1  1  1  1  1  1  0  1  1  2  1  1  1  1  1  1  1  1  1  1  1  1  1  1  1  1  1  0  1  1  1  2  1  1  1
 26 Multi-strategy          31  13 23  5   0  0  0  0  0  0  0  0  0  0  0  0  0  0  0  0  0  0  0  1  0  0  0  0  1  1  1  2  1  2  2  1  2  2  2  2  2  2  2  2  2  2
 27 * Foxtrot               30   1 12 28   0  0  0  0  1  0  0  1  1  1  1  1  1  0  1  2  1  1  1  1  1  1  0  0  1  1  1  1  1  1  1  1  1  1  0  1  1  0  1  1  0  1
 28 Peterbot                30   9 20 12   0  0  1  0  0  0  0  0  0  0  0  0  1  0  1  0  0  0  0  1  1  0  0  0  1  0  1  1  1  1  2  1  1  2  1  2  2  2  2  2  2  2
 29 * Add-drift             29   0 12 29   0  0  0  0  0  1  0  0  0  1  0  1  1  1  1  0  1  1  1  1  1  1  1  1  1  1  1  1  1  0  1  1  1  1  1  1  0  1  1  1  1  1
 30 * Copy-drift            28   1 14 26   0  0  1  0  0  0  0  0  0  0  1  1  1  1  1  0  1  1  0  1  1  1  1  0  1  0  1  1  2  1  1  0  1  1  1  1  1  1  1  1  1  1
 31 * Flat                  25   4 20 17   0  0  0  1  0  0  0  1  1  1  0  0  0  0  0  1  0  1  0  1  0  0  0  0  1  0  1  0  1  1  1  1  1  2  1  2  2  1  1  1  2  0
 32 Knucklehead             24   5 22 14   0  0  0  0  0  0  0  0  0  1  0  0  0  0  0  0  0  0  0  1  0  0  0  0  1  1  1  1  1  2  1  1  1  1  1  2  1  2  1  1  2  2
 33 * Add-react             21   1 21 19   0  0  0  0  0  0  0  0  0  0  0  1  1  0  1  0  0  0  0  1  1  0  0  0  1  0  1  1  1  1  1  1  1  1  1  0  1  1  1  1  1  2
 34 Beat The Last Move      21   5 25 11   0  0  0  0  0  0  0  0  0  0  0  1  1  0  1  0  0  0  0  1  0  0  0  0  1  0  1  0  1  1  0  1  1  1  2  2  0  2  0  2  1  2
 35 * Text                  19   3 25 13   0  0  0  0  0  0  0  0  1  0  0  0  0  0  1  0  0  0  0  1  0  0  0  0  2  0  2  1  1  1  1  1  1  0  1  0  1  0  1  1  1  2
 36 Beat Frequent Pick      17   5 29  7   0  0  0  0  0  0  0  0  0  0  0  0  0  0  0  0  0  0  0  0  0  0  0  0  1  0  1  0  1  1  0  0  2  0  2  1  1  2  1  2  1  2
 37 Always Switchin'        17   2 26 13   0  0  0  0  0  0  0  0  0  0  0  0  0  0  0  0  0  0  0  1  0  0  0  0  1  0  1  0  2  1  0  1  1  2  1  1  1  1  1  1  1  1
 38 Good Ole Rock           17   4 28  9   0  0  0  0  0  0  0  0  0  0  0  0  0  0  0  0  0  0  0  1  0  0  0  0  1  0  2  0  1  1  1  0  1  0  2  0  1  1  1  2  1  2
 39 * Switch A Lot          17   2 26 13   0  0  0  0  0  0  0  0  0  0  0  0  0  0  0  0  0  0  0  1  0  0  0  0  0  0  1  0  1  1  1  1  1  2  1  1  1  1  1  1  2  1
 40 R-P-S 20-20-60          14   1 28 12   0  0  0  0  0  0  0  0  0  0  0  0  0  0  0  0  0  0  0  1  0  0  0  0  1  0  1  0  1  1  1  1  1  0  1  0  1  0  1  1  1  2
 41 Rotate R-P-S            13   1 29 11   0  0  0  0  0  0  0  0  0  0  0  0  0  0  0  0  0  0  0  1  0  0  0  0  1  0  2  0  1  1  0  0  1  1  1  1  1  1  0  1  1  0
 42 * Anti-Flat             12   3 32  6   0  0  0  0  0  0  0  0  0  0  0  0  0  0  0  0  0  0  0  2  0  0  0  0  1  0  1  0  1  1  2  0  0  0  0  0  1  0  1  0  2  1


   Yomi AI is match ranked 3

 Tournament results:
    Player Name          total 
  1 Yomi AI               6646 
 19 Iocaine Powder       10919 
 20 Phasenbott           10020 
 21 MegaHAL               9702 
 22 RussRocker4           7630 
 23 Biopic                8775 
 24 Simple Modeller       8967 
 25 Simple Predictor      7715 
 26 Robertot              7239 
 27 Boom                  7506 

   Yomi is tournament ranked 10

