 Playing 1 tournaments with 1000 trials per match...

 Yomi AI            vs Good Ole Rock       Match: 1000 (1000+   0-   0=)
 Yomi AI            vs R-P-S 20-20-60      Match:  218 (472+ 254- 274=)
 Yomi AI            vs Rotate R-P-S        Match:  986 (992+   6-   2=)
 Yomi AI            vs Beat The Last Move  Match:  -15 (327+ 342- 331=)
 Yomi AI            vs Always Switchin'    Match:  194 (477+ 283- 240=)
 Yomi AI            vs Beat Frequent Pick  Match:  571 (743+ 172-  85=)
 Yomi AI            vs * Pi                Match:  -52 (314+ 366- 320=)
 Yomi AI            vs * Switch A Lot      Match:   87 (396+ 309- 295=)
 Yomi AI            vs * Flat              Match:  115 (400+ 285- 315=)
 Yomi AI            vs * Anti-Flat         Match:  987 (991+   4-   5=)
 Yomi AI            vs * Foxtrot           Match:  398 (601+ 203- 196=)
 Yomi AI            vs * De Bruijn         Match:   39 (330+ 291- 379=)
 Yomi AI            vs * Text              Match:  117 (412+ 295- 293=)
 Yomi AI            vs * Anti-rotn         Match:   12 (361+ 349- 290=)
 Yomi AI            vs * Copy-drift        Match:   24 (347+ 323- 330=)
 Yomi AI            vs * Add-react         Match:   80 (379+ 299- 322=)
 Yomi AI            vs * Add-drift         Match:  -17 (324+ 341- 335=)
 Yomi AI            vs Iocaine Powder      Match:  -13 (322+ 335- 343=)
 Yomi AI            vs Phasenbott          Match:  -33 (313+ 346- 341=)
 Yomi AI            vs MegaHAL             Match:  -31 (310+ 341- 349=)
 Yomi AI            vs RussRocker4         Match:  -27 (337+ 364- 299=)
 Yomi AI            vs Biopic              Match:   30 (348+ 318- 334=)
 Yomi AI            vs Simple Modeller     Match:   -6 (324+ 330- 346=)
 Yomi AI            vs Simple Predictor    Match:   63 (387+ 324- 289=)
 Yomi AI            vs Robertot            Match:   38 (367+ 329- 304=)
 Yomi AI            vs Boom                Match:   56 (370+ 314- 316=)
 Yomi AI            vs Shofar              Match:   19 (338+ 319- 343=)
 Yomi AI            vs ACT-R Lag2          Match:   34 (343+ 309- 348=)
 Yomi AI            vs Majikthise          Match:    6 (340+ 334- 326=)
 Yomi AI            vs Vroomfondel         Match:   -2 (338+ 340- 322=)
 Yomi AI            vs Granite             Match:   84 (426+ 342- 232=)
 Yomi AI            vs Marble              Match:   29 (369+ 340- 291=)
 Yomi AI            vs ZQ Bot              Match:   79 (407+ 328- 265=)
 Yomi AI            vs Sweet Rocky         Match:   26 (358+ 332- 310=)
 Yomi AI            vs Piedra              Match:   65 (375+ 310- 315=)
 Yomi AI            vs Mixed Strategy      Match:   79 (392+ 313- 295=)
 Yomi AI            vs Multi-strategy      Match:  182 (480+ 298- 222=)
 Yomi AI            vs Inocencio           Match:   95 (438+ 343- 219=)
 Yomi AI            vs Peterbot            Match:   71 (380+ 309- 311=)
 Yomi AI            vs Bugbrain            Match:    1 (348+ 347- 305=)
 Yomi AI            vs Knucklehead         Match:  493 (669+ 176- 155=)
Error: return value out of range.
Error: return value out of range.
Error: return value out of range.
Error: return value out of range.
Error: return value out of range.
 Final results (draw value = 50):

 Tournament results: 

    Player Name          total     1    2    3    4    5    6    7    8    9   10   11   12   13   14   15   16   17   18   19   20   21   22   23   24   25   26   27   28   29   30   31   32   33   34   35   36   37   38   39   40   41   42
  1 Iocaine Powder       10938     0  194   78    3   30    9  481   20  213  241   47  230    9   13    4   73   63   55  312  101   20   28  241  174   39   -7  147  298  120  229  310  597    6  127  892  240  400  931  989  993  989  999
  2 Phasenbott           10159  -194    0    4   20   27  -18  517   91   99  245   77  219   29   33   25   66   57   42  274   78   24   49  218  269   21   16   53  374  102   72  330  427  118  109  998  234  156  939  990  996  990  983
  3 MegaHAL               9596   -78   -4    0   31   -8   34   54   21   69  212   44  271   59   31  -53   38   83   50  253   -5   -3   -7  144  170  -58  -28  201   43   89  120  303  348  310  189  912  415  439  928  990  999  990 1000
  4 Simple Modeller       8803    -3  -20  -31    0  -23   20   26   42  261    1   13  103   43    6  -11   59   43   60  285   51   18   43  187  786  -37  -12  138  -29  241  148   99  274  168  129  318  450  388  592  993  996  993  995
  5 Biopic                8740   -30  -27    8   23    0   16   19   10   41  142   18  149   63  -30  -14   36   53   33  110   77   23   -8  303  194   14   15   40  383   79  141   26  527  134   97  848  306  422  514  994  999  995  997
  6 Boom                  7742    -9   18  -34  -20  -16    0  -17  -13   -3   41    6   24   35  -56  -25  -38   67   48   50   54  -64  -24  253  840   -2  -25   84   -7   15   22   71  460  215  110  182  421  362  753  981  995  989  999
  7 RussRocker4           7724  -481 -517  -54  -26  -19   17    0   33  107  175  -40  115    5   27   30    1   41   30  167   78   18  -15  259  178  -16  -38  136  160  152   96  362  473   95   81  922  244  348  595  993  999  993 1000
  8 Robertot              7576   -20  -91  -21  -42  -10   13  -33    0   18   29   -5   30   16  -38  -13   23   46   57   84   30   24  -13  287   26   -9   -1   -1  -26   61   50  115  384   86  181  646  464  396  879  968  999  998  989
  9 Simple Predictor      6921  -213  -99  -69 -261  -41    3 -107  -18    0    3  -76   11    6  -63    6    9   43   25  167   71    9  -20  191  425  -62  -21  251  -41  259   89  110  243  224  166  337  414  399  588  986  995  989  993
 10 Granite               6841  -241 -245 -212   -1 -142  -41 -175  -29   -3    0 -114    5   38  -84  -21 -104   66   37  -16    7  -69  -32  239  640   54  -16   34   75  102  143   96  349  193  172  919  265  379  594  990  999  995  995
 11 ACT-R Lag2            6675   -47  -77  -44  -13  -18   -6   40    5   76  114    0  151   83  -34   -6  -13    9   55   90   23  -22  -15  262  114  -67  -32  -51  -49  -30  162    0  525  164   61  231  261  353  584  849  995  993  999
 12 Marble                6573  -230 -219 -271 -103 -149  -24 -115  -30  -11   -5 -151    0   24  -29  -20 -137   67   46   40  -23  -37  -19  288  654  -73   -3   -7   38   88  144   84  298  134  181  925  261  382  594  990 1000  995  996
 13 Piedra                6466    -9  -29  -59  -43  -63  -35   -5  -16   -6  -38  -83  -24    0  -65  -55  -55   90    8   -3   -8  -53  -39  140  -52   -3  -26   44  -24   42  141  297  142  182  160  776  243  421  595  988  996  995  999
 14 Yomi AI               6082   -13  -33  -31   -6   30   56  -27   38   63   84   34   29   65    0   19    1   12   26   79   79   -2    6  182   95   39  -52  -17  398   24  115   80  493   87  117   71  194  218  571  -15 1000  986  987
 15 Shofar                5859    -4  -25   53   11   14   25  -30   13   -6   21    6   20   55  -19    0   15   27   39    9   44   13   32   77   30  -69    8   14  -28   87    3   33  101  122  103   44  434  277  554  868  972  932  984
 16 Bugbrain              5829   -73  -66  -38  -59  -36   38   -1  -23   -9  104   13  137   55   -1  -15    0   37   46  179   59    8  -21   61    2    4   -6  132   25   79   56   86  118   45   20  212  213  221  382  952  957  942  994
 17 * Anti-rotn           5592   -63  -57  -83  -43  -53  -67  -41  -46  -43  -66   -9  -67  -90  -12  -27  -37    0  -26  -45  -51  -10   -4  248  608  -62  -45  -29  -22  -28  184  -45  123  321   57  500  493  140  597  500  998  998  996
 18 Sweet Rocky           5456   -55  -42  -50  -60  -33  -48  -30  -57  -25  -37  -55  -46   -8  -26  -39  -46   26    0  -38  -37  -42  -47   90  -64  -27   15   -3   -1  -21   79  182  200  158  156  204  314  389  596  997  994  993 1000
 19 ZQ Bot                5425  -312 -274 -253 -285 -110  -50 -167  -84 -167   16  -90  -40    3  -79   -9 -179   45   38    0   64  -69  -24  218   15   -4  -39   64  -34   37  134  413  310   67  175  917  197  410  594  996  998  993  990
 20 Mixed Strategy        4893  -101  -78    5  -51  -77  -54  -78  -30  -71   -7  -23   23    8  -79  -44  -59   51   37  -64    0  -55   -3   34   44    2   16   17   13   19  -45   84  160   49  180  234  132  395  465  950  995  922  977
 21 Vroomfondel           4758   -20  -24    3  -18  -23   64  -18  -24   -9   69   22   37   53    2  -13   -8   10   42   69   55    0   28  180   52  -26   26   27  -11  -26   79  -17  192   91   21   27  262  154  454  -10  997  995  994
 22 Majikthise            4578   -28  -49    7  -43    8   24   15   13   20   32   15   19   39   -6  -32   21    4   47   24    3  -28    0  192   47  -70   -2   30   -8  -14   89  -10  240   54   69  -22  267  183  453   -4  992  990  997
 23 Multi-strategy        2671  -241 -218 -144 -187 -303 -253 -259 -287 -191 -239 -262 -288 -140 -182  -77  -61 -248  -90 -218  -34 -180 -192    0  -91  -50  -20  -19   -2  304  131   19  -48  298  123  500  471  358  999  997  999  997  999
 24 Inocencio             1093  -174 -269 -170 -786 -194 -840 -178  -26 -425 -640 -114 -654   52  -95  -30   -2 -608   64  -15  -44  -52  -47   91    0  -18   -4   76  308  110  161   69  232   97  163  106  294  408  357  953  977  976  984
 25 * De Bruijn            478   -39  -21   58   37  -14    2   16    9   62  -54   67   73    3  -39   69   -4   62   27    4   -2   26   70   50   18    0   -1  -30   -2  -14   55  -13    7   -9   23   -9  -24  -34  128   -1    0   21  -99
 26 * Pi                   133     7  -16   28   12  -15   25   38    1   21   16   32    3   26   52   -8    6   45  -15   39  -16  -26    2   20    4    1    0  -25  -47  -49   42   30   17  -38  -81    0   -5  -13   30   22  -11  -11  -10
 27 * Add-drift          -1321  -147  -53 -201 -138  -40  -84 -136    1 -251  -34   51    7  -44   17  -14 -132   29    3  -64  -17  -27  -30   19  -76   30   25    0   -6    8   15    5  -19  -15   26    5  -29    2  -18   24  -24   -3   14
 28 * Foxtrot            -1660  -298 -374  -43   29 -383    7 -160   26   41  -75   49  -38   24 -398   28  -25   22    1   34  -13   11    8    2 -308    2   47    6    0   19   -7   29   20    8  -23   -2   14   -5   59  -27   34  -24   23
 29 * Copy-drift         -1863  -120 -102  -89 -241  -79  -15 -152  -61 -259 -102   30  -88  -42  -24  -87  -79   28   21  -37  -19   26   14 -304 -110   14   49   -8  -19    0   25   29 -112  -15   51  -28   75  -40  -15    8  -30   -5   49
 30 * Flat               -2960  -229  -72 -120 -148 -141  -22  -96  -50  -89 -143 -162 -144 -141 -115   -3  -56 -184  -79 -134   45  -79  -89 -131 -161  -55  -42  -15    7  -25    0  -43   -7  -12  -48 -207   24   -8  244  181   -1   21 -431
 31 * Add-react          -3127  -310 -330 -303  -99  -26  -71 -362 -115 -110  -96    0  -84 -297  -80  -33  -86   45 -182 -413  -84   17   10  -19  -69   13  -30   -5  -29  -29   43    0   -5   24   19  -60  -26    5   -7  -33   21   26   43
 32 Knucklehead          -3155  -597 -427 -348 -274 -527 -460 -473 -384 -243 -349 -525 -298 -142 -493 -101 -118 -123 -200 -310 -160 -192 -240   48 -232   -7  -17   19  -20  112    7    5    0   15   12  -80   39   77  119  854  963  919  996
 33 * Switch A Lot       -3170    -6 -118 -310 -168 -134 -215  -95  -86 -224 -193 -164 -134 -182  -87 -122  -45 -321 -158  -67  -49  -91  -54 -298  -97    9   38   15   -8   15   12  -24  -15    0   26 -118  -15   11    5  364  -16  -42   -9
 34 * Text               -3296  -127 -109 -189 -129  -97 -110  -81 -181 -166 -172  -61 -181 -160 -117 -103  -20  -57 -156 -175 -180  -21  -69 -123 -163  -23   81  -26   23  -51   48  -19  -12  -26    0   14  -17    2 -185  -74 -185  -11  112
 35 Peterbot             -6132  -892 -998 -912 -318 -848 -182 -922 -646 -337 -919 -231 -925 -776  -71  -44 -212 -500 -204 -917 -234  -27   22 -500 -106    9    0   -5    2   28  207   60   80  118  -14    0  228  462  439  963  998  997  995
 36 Always Switchin'     -7319  -240 -234 -415 -450 -306 -421 -244 -464 -414 -265 -261 -261 -243 -194 -434 -213 -493 -314 -197 -132 -262 -267 -471 -294   24    5   29  -14  -75  -24   26  -39   15   17 -228    0  -44   -7  505    6   -6  -20
 37 R-P-S 20-20-60       -8970  -400 -156 -439 -388 -422 -362 -348 -396 -399 -379 -353 -382 -421 -218 -277 -221 -140 -389 -410 -395 -154 -183 -358 -408   34   13   -2    5   40    8   -5  -77  -11   -2 -462   44    0 -368 -142 -381   19  315
 38 Beat Frequent Pick  -14137  -931 -939 -928 -592 -514 -753 -595 -879 -588 -594 -584 -594 -595 -571 -554 -382 -597 -596 -594 -465 -454 -453 -999 -357 -128  -30   18  -59   15 -244    7 -119   -5  185 -439    7  368    0 -600  999    0  996
 39 Beat The Last Move  -19928  -989 -990 -990 -993 -994 -981 -993 -968 -986 -990 -849 -990 -988   15 -868 -952 -500 -997 -996 -950   10    4 -997 -953    1  -22  -24   27   -8 -181   33 -854 -364   74 -963 -505  142  600    0 1000    1 1000
 40 Good Ole Rock       -26213  -993 -996 -999 -996 -999 -995 -999 -999 -995 -999 -995 -1000 -996 -1000 -972 -957 -998 -994 -998 -995 -997 -992 -999 -977    0   11   24  -34   30    1  -21 -963   16  185 -998   -6  381 -999 -1000    0    0 1000
 41 Rotate R-P-S        -26219  -989 -990 -990 -993 -995 -989 -993 -998 -989 -995 -993 -995 -995 -986 -932 -942 -998 -993 -993 -922 -995 -990 -997 -976  -21   11    3   24    5  -21  -26 -919   42   11 -997    6  -19    0   -1    0    0 -689
 42 * Anti-Flat         -28131  -999 -983 -1000 -995 -997 -999 -1000 -989 -993 -995 -999 -996 -999 -987 -984 -994 -996 -1000 -990 -977 -994 -997 -999 -984   99   10  -14  -23  -49  431  -43 -996    9 -112 -995   20 -315 -996 -1000 -1000  689    0

 Match results (draw <= 50): 

    Player Name           total  W  L  D   1  2  3  4  5  6  7  8  9 10 11 12 13 14 15 16 17 18 19 20 21 22 23 24 25 26 27 28 29 30 31 32 33 34 35 36 37 38 39 40 41 42
  1 Iocaine Powder          69  28  0 13   1  2  1  1  2  1  2  1  1  2  1  1  1  2  1  2  2  2  1  1  2  2  2  2  1  2  2  2  2  2  2  2  2  2  1  2  2  2  2  2  2  2
  2 Phasenbott              68  28  1 12   0  1  1  1  1  1  2  2  1  2  2  1  1  2  1  2  1  2  1  1  2  2  2  2  1  2  2  2  2  2  2  2  2  2  2  2  2  2  2  2  2  2
  3 Simple Modeller         64  23  0 18   1  1  1  1  1  1  1  1  1  2  1  1  1  2  1  1  2  2  1  1  2  1  2  2  1  1  2  2  2  2  2  2  2  2  2  2  2  2  2  2  2  2
  4 Biopic                  63  22  0 19   1  1  1  1  1  1  1  1  1  1  1  1  1  1  1  2  1  2  1  2  2  2  2  2  1  2  1  2  2  2  2  1  2  2  2  2  2  2  2  2  2  2
  5 MegaHAL                 62  24  3 14   0  1  1  1  1  1  2  1  1  1  1  1  0  2  1  2  1  2  0  2  2  2  2  1  1  1  2  2  2  2  2  2  2  2  2  2  2  2  2  2  2  2
  6 Yomi AI                 61  21  1 19   1  1  1  1  1  1  1  1  1  1  1  2  1  2  1  2  1  1  1  2  2  1  2  2  0  2  1  2  2  1  2  2  1  2  2  2  2  2  2  2  2  2
  7 RussRocker4             61  23  3 15   0  0  1  1  0  1  1  1  1  1  1  1  1  2  1  2  1  2  1  1  2  1  2  2  1  2  2  2  2  2  2  2  2  2  2  2  2  2  2  2  2  2
  8 ACT-R Lag2              58  20  3 18   1  0  1  1  1  1  1  1  1  1  1  1  1  2  1  2  2  2  0  2  2  1  2  1  1  1  0  2  2  1  2  1  2  2  2  2  2  2  2  2  2  2
  9 Vroomfondel             57  16  0 25   1  1  1  1  1  1  1  1  1  1  1  2  1  1  1  2  1  1  1  2  2  1  2  2  1  1  1  2  1  1  2  1  1  2  2  1  2  2  2  2  2  2
 10 Bugbrain                57  19  3 19   0  0  0  1  1  1  1  1  1  1  1  1  1  1  1  2  1  2  1  2  1  1  2  2  1  1  2  2  2  2  2  2  2  2  1  1  2  2  2  2  2  2
 11 Robertot                56  16  1 24   1  0  1  1  1  1  1  1  1  1  1  1  1  1  1  1  2  1  1  1  1  1  2  1  1  1  1  2  2  2  2  2  2  1  2  2  2  2  2  2  2  2
 12 Boom                    56  17  2 22   1  1  1  1  1  0  1  1  0  1  1  1  1  1  1  1  1  1  1  1  2  2  1  2  1  1  2  2  2  1  2  2  2  1  2  2  2  2  2  2  2  2
 13 Shofar                  54  14  1 26   1  1  1  1  2  1  1  1  1  1  1  1  1  1  1  1  1  1  0  2  1  1  1  1  1  1  1  2  1  2  2  1  2  1  2  2  2  2  2  2  2  2
 14 Simple Predictor        52  19  8 14   0  0  0  1  0  0  0  0  1  1  1  1  1  1  1  1  1  1  0  1  2  1  2  2  1  1  2  2  2  2  2  2  2  2  2  2  2  2  2  2  2  2
 15 Majikthise              51  11  1 29   1  1  1  1  1  1  1  1  1  1  1  1  1  1  1  1  1  1  0  1  1  1  1  1  1  1  1  2  1  1  2  1  1  2  2  2  2  2  2  2  2  2
 16 Granite                 51  19  9 13   0  0  1  0  0  0  0  0  0  0  1  1  1  1  1  1  1  1  2  1  2  2  1  1  1  2  1  2  2  2  2  2  2  2  2  2  2  2  2  2  2  2
 17 Sweet Rocky             50  14  5 22   0  1  0  1  1  1  1  0  1  1  0  1  1  1  1  1  1  1  1  1  0  1  1  1  1  1  1  2  2  1  2  2  2  2  2  2  2  2  2  2  2  2
 18 Marble                  49  17  9 15   0  0  0  0  0  1  0  0  1  0  1  1  1  1  1  1  1  1  0  1  2  2  1  1  1  1  1  2  2  2  2  2  2  2  2  2  2  2  2  2  2  2
 19 * De Bruijn             48   9  2 30   1  1  1  1  2  1  1  2  1  1  1  1  2  2  2  0  1  2  1  1  1  2  1  1  1  1  1  1  1  1  1  1  1  2  1  1  1  1  2  1  1  0
 20 Piedra                  48  15  8 18   1  1  1  0  0  0  1  0  0  0  1  1  0  1  1  1  1  1  1  1  0  2  1  1  1  1  1  2  2  1  2  2  2  2  2  2  2  2  2  2  2  2
 21 Inocencio               46  19 14  8   0  0  0  0  0  0  0  0  0  1  1  0  1  0  1  0  2  0  1  2  1  0  1  1  1  2  2  2  2  2  2  2  2  2  2  2  2  2  2  2  2  2
 22 * Anti-rotn             45  14 10 17   0  0  1  0  0  1  1  1  1  1  1  0  1  1  1  0  1  0  0  0  2  1  1  0  1  1  1  2  2  1  2  1  2  2  2  2  2  2  2  2  2  2
 23 ZQ Bot                  45  16 12 13   0  0  0  0  0  0  0  0  0  0  0  1  1  0  1  1  1  1  1  1  1  1  1  2  1  1  2  2  2  1  2  2  2  2  2  2  2  2  2  2  2  2
 24 Mixed Strategy          42  12 11 18   0  0  0  0  1  0  0  1  0  0  1  0  1  0  1  1  1  1  1  1  1  2  0  1  1  1  1  1  2  1  2  2  2  1  1  2  2  2  2  2  2  2
 25 * Pi                    41   1  1 39   1  1  1  1  1  2  1  1  1  1  1  1  1  1  1  1  1  1  1  1  1  1  1  1  1  1  1  1  1  1  1  1  1  1  1  0  1  1  1  1  1  1
 26 * Foxtrot               35   1  7 33   0  0  1  0  1  0  0  1  1  1  1  1  1  1  1  0  1  1  1  1  0  1  1  1  1  1  1  1  1  1  1  1  1  1  1  1  1  1  2  1  1  1
 27 * Add-drift             32   1 10 30   0  0  0  1  0  1  0  2  1  0  1  0  1  0  1  1  1  1  1  1  0  1  0  1  1  1  1  1  1  1  1  1  1  1  1  1  1  1  1  1  1  1
 28 Multi-strategy          31  12 22  7   0  0  0  0  0  0  0  0  0  0  0  0  0  0  0  0  0  0  1  0  0  0  0  1  1  1  1  1  2  2  1  1  2  2  2  2  2  2  2  2  2  2
 29 Peterbot                31  11 21  9   0  0  0  0  0  0  0  0  1  0  0  0  1  0  1  0  0  0  1  0  0  0  0  0  1  1  1  0  1  1  2  2  2  2  2  1  2  2  2  2  2  2
 30 * Copy-drift            28   2 15 24   0  0  0  0  0  1  0  1  1  0  0  1  0  0  1  0  1  0  1  1  0  1  1  1  1  1  1  0  1  1  0  1  1  1  1  2  2  1  1  1  1  1
 31 Knucklehead             24   7 24 10   0  0  0  0  0  0  0  0  0  0  0  0  0  0  0  0  0  0  1  0  0  0  0  0  1  1  1  1  0  2  1  1  2  1  1  1  1  2  2  2  2  2
 32 * Add-react             23   0 18 23   0  0  0  1  0  0  0  1  1  0  0  0  1  0  1  0  0  0  1  0  0  1  0  0  1  1  1  1  0  1  1  1  1  1  1  1  1  1  1  1  1  1
 33 Beat The Last Move      20   5 26 10   0  0  0  0  0  1  0  0  1  0  0  0  0  0  1  0  0  0  1  0  0  0  0  0  1  1  1  0  0  1  0  1  1  0  0  2  0  2  2  1  2  2
 34 * Flat                  20   2 23 16   0  0  0  0  0  0  0  0  0  0  1  1  1  0  0  0  0  0  0  0  0  0  0  1  1  1  1  0  0  1  1  1  2  1  1  1  1  1  2  1  1  0
 35 * Switch A Lot          20   1 22 18   1  0  0  0  0  0  0  0  0  1  0  0  0  0  0  0  0  0  1  0  0  0  0  1  1  1  1  0  0  1  1  1  2  1  1  1  1  1  1  1  1  1
 36 * Text                  17   2 26 13   0  0  0  0  0  0  0  0  1  1  0  0  0  0  0  0  0  0  1  0  0  0  0  0  2  1  1  0  1  0  1  1  0  1  1  1  1  0  0  1  1  2
 37 Always Switchin'        16   1 26 14   0  0  0  0  0  0  0  0  0  0  0  0  0  0  0  0  0  0  1  0  0  0  0  0  1  1  1  0  0  0  1  1  2  1  1  1  1  1  1  1  1  1
 38 Good Ole Rock           16   3 28 10   0  0  0  0  0  0  0  0  0  0  0  0  0  0  0  0  0  0  1  0  0  0  0  0  1  1  1  0  0  1  0  1  0  1  1  2  1  1  0  1  2  2
 39 Beat Frequent Pick      15   4 30  7   0  0  0  0  0  0  0  0  0  0  0  0  0  0  0  0  0  0  0  0  0  0  0  0  1  0  1  0  0  1  0  1  0  0  1  2  1  2  1  1  2  2
 40 Rotate R-P-S            14   0 27 14   0  0  0  0  0  0  0  0  0  0  0  0  0  0  0  0  0  0  1  0  0  0  0  0  1  1  1  0  0  1  0  1  1  1  1  1  1  1  1  1  1  0
 41 R-P-S 20-20-60          13   1 29 11   0  0  0  0  0  0  0  0  0  0  0  0  0  0  0  0  0  0  1  0  0  0  0  0  1  1  1  0  0  1  0  1  0  1  1  1  1  0  0  1  1  2
 42 * Anti-Flat             13   3 31  7   0  0  0  0  0  0  0  0  0  0  0  0  0  0  0  0  0  0  2  0  0  0  0  0  1  1  1  0  0  1  0  1  0  2  1  0  1  0  0  2  0  1


   Yomi AI is match ranked 6

 Tournament results:
    Player Name          total 
  1 Yomi AI               6082 
 19 Iocaine Powder       10938 
 20 Phasenbott           10159 
 21 MegaHAL               9596 
 22 RussRocker4           7724 
 23 Biopic                8740 
 24 Simple Modeller       8803 
 25 Simple Predictor      6921 
 26 Robertot              7576 
 27 Boom                  7742 
 29 ACT-R Lag2            6675 
 32 Granite               6841 
 33 Marble                6573 
 36 Piedra                6466 

   Yomi is tournament ranked 14

