 Playing 1 tournaments with 1000 trials per match...

 Yomi AI            vs Good Ole Rock       Match: 1000 (1000+   0-   0=)
 Yomi AI            vs R-P-S 20-20-60      Match:  307 (538+ 231- 231=)
 Yomi AI            vs Rotate R-P-S        Match:  996 (997+   1-   2=)
 Yomi AI            vs Beat The Last Move  Match:  124 (440+ 316- 244=)
 Yomi AI            vs Always Switchin'    Match:  232 (504+ 272- 224=)
 Yomi AI            vs Beat Frequent Pick  Match:  549 (718+ 169- 113=)
 Yomi AI            vs * Pi                Match:  -24 (318+ 342- 340=)
 Yomi AI            vs * Switch A Lot      Match:  130 (409+ 279- 312=)
 Yomi AI            vs * Flat              Match:  129 (409+ 280- 311=)
 Yomi AI            vs * Anti-Flat         Match:  999 (999+   0-   1=)
 Yomi AI            vs * Foxtrot           Match:  402 (604+ 202- 194=)
 Yomi AI            vs * De Bruijn         Match:   33 (340+ 307- 353=)
 Yomi AI            vs * Text              Match:  143 (433+ 290- 277=)
 Yomi AI            vs * Anti-rotn         Match:   14 (346+ 332- 322=)
 Yomi AI            vs * Copy-drift        Match:   20 (347+ 327- 326=)
 Yomi AI            vs * Add-react         Match:   90 (376+ 286- 338=)
 Yomi AI            vs * Add-drift         Match:   33 (341+ 308- 351=)
 Yomi AI            vs Iocaine Powder      Match:   -1 (338+ 339- 323=)
 Yomi AI            vs Phasenbott          Match:   31 (340+ 309- 351=)
 Yomi AI            vs MegaHAL             Match:   -8 (345+ 353- 302=)
 Yomi AI            vs RussRocker4         Match:    2 (343+ 341- 316=)
 Yomi AI            vs Biopic              Match:    0 (345+ 345- 310=)
 Yomi AI            vs Simple Modeller     Match:   41 (364+ 323- 313=)
 Yomi AI            vs Simple Predictor    Match:   33 (370+ 337- 293=)
 Yomi AI            vs Robertot            Match:    1 (358+ 357- 285=)
 Yomi AI            vs Boom                Match:   19 (345+ 326- 329=)
 Yomi AI            vs Shofar              Match:   36 (347+ 311- 342=)
 Yomi AI            vs ACT-R Lag2          Match:  -48 (324+ 372- 304=)
 Yomi AI            vs Majikthise          Match:  -29 (323+ 352- 325=)
 Yomi AI            vs Vroomfondel         Match:    0 (337+ 337- 326=)
 Yomi AI            vs Granite             Match:  106 (439+ 333- 228=)
 Yomi AI            vs Marble              Match:  105 (439+ 334- 227=)
 Yomi AI            vs ZQ Bot              Match:  121 (457+ 336- 207=)
 Yomi AI            vs Sweet Rocky         Match:    4 (359+ 355- 286=)
 Yomi AI            vs Piedra              Match:   41 (362+ 321- 317=)
 Yomi AI            vs Mixed Strategy      Match:   70 (378+ 308- 314=)
 Yomi AI            vs Multi-strategy      Match:  112 (426+ 314- 260=)
 Yomi AI            vs Inocencio           Match:  571 (748+ 177-  75=)
 Yomi AI            vs Peterbot            Match:  125 (420+ 295- 285=)
 Yomi AI            vs Bugbrain            Match:   10 (358+ 348- 294=)
 Yomi AI            vs Knucklehead         Match:  476 (637+ 161- 202=)
 Final results (draw value = 50):

 Tournament results: 

    Player Name          total     1    2    3    4    5    6    7    8    9   10   11   12   13   14   15   16   17   18   19   20   21   22   23   24   25   26   27   28   29   30   31   32   33   34   35   36   37   38   39   40   41   42
  1 Iocaine Powder       11538     0   68   66   31   28    4  183  507    1   32   24  247  288    2   60   97   53  212   94   -7   27   37  352  -11   12  816  141  178  375  149   86  121  279  594  898  216  407  928  977  984  991  991
  2 Phasenbott           10018   -68    0   53   39   25   63  171  530  -31   12  -13  214  244    7    7   81   49  246   40    0  -18   56  273   41  -54  185  183   79  385   98   68   99  344  418  911  269  132  922  979  994  994  991
  3 MegaHAL               9772   -66  -53    0   36   27   57   42  130    8   33   33  238  241   23   10   -1   49  275   95  -53  -27   57  197  -14   -4  196  186  146   52  128  261  189  276  382  894  425  386  944  987  988  999 1000
  4 Simple Modeller       9065   -31  -39  -36    0    6   -1  273   20  -41    3   31  103  299    0   99   23    7  108   75   -1  -56   47  173  -55   15  572  209  253  -24   56  268  130  115  200  893  400  402  595  988  991  999  996
  5 Biopic                8417   -28  -25  -27   -6    0   16  104  -43    0   13   53   99  -43  -32   15   81   85  140   43   27   24   22  282  -38   14  175   15   50  347  138  112  150   55  515  709  321  349  719  995 1000  999  992
  6 Robertot              7870    -4  -63  -57    1  -16    0   39  -46   -1  -14   45  108  107   30   24  -21   30   29   29    5  -33   58  203  -16  -17  119  -30   30   17   76   47  174   40  425  997  470  396  723  974  998  996  998
  7 Simple Predictor      7734  -183 -171  -42 -273 -104  -39    0  -66  -33   27   49   17  164   31   30  -86   58   24   67  -64  -19   55  179  -62   19  444  253  313    4  105  245  166  126  325  784  444  387  592  984  990  995  999
  8 RussRocker4           7539  -507 -530 -130  -20   43   46   66    0   -2    7   63  170  172  -30   19   -1   12  145  -20  -22    9   46  341  -15    7  156  158  109  186   95  134   71  311  440  899  252  285  593  994  991  999  997
  9 Yomi AI               6995    -1   31   -8   41    0    1   33    2    0   19    4  106  121   36   10  -48   41  105   70    0  -29   14  112   33  -24  571   33   20  402  129  130  143   90  476  125  232  307  549  124  996 1000  999
 10 Boom                  6899   -32  -12  -33   -3  -13   14  -27   -7  -19    0   34   18    6  -11  -34  -23   55   56  -27   26  -24   37  221   -5  -37   34   62   13   -1  -39  150  147   42  432  351  447  374  753  991  990  997  996
 11 Sweet Rocky           6710   -24   13  -33  -31  -53  -45  -49  -63   -4  -34    0  -18  -34   -7  -29  -67  -14  -46    3  -57  -32   64  121  -33  -38  790    6   22   18   94  144  163  290  111  330  268  418  589  995  994  998  990
 12 Granite               6689  -247 -214 -238 -103  -99 -108  -17 -170 -106  -18   18    0   58  -22  -93 -118   38   15   42  -59  -19   69  228  -29   -8  649   42   26   46  166  172  176   80  317  922  316  404  594  994  990 1000  995
 13 ZQ Bot                6187  -288 -244 -241 -299   43 -107 -164 -172 -121   -6   34  -58    0  -47 -186  -78   20  -84   -4  -23    3   63  189   -2   23  782   43   62    9  179  128  158  297  252  796  282  392  590  989  989  995  993
 14 Shofar                6113    -2   -7  -23    0   32  -30  -31   30  -36   11    7   22   47    0    7  -38   21   56   53    2   32   52  105  -36   28   63   10   55   20   76   40   89   77  137  187  430  304  558  881  926  980  978
 15 Bugbrain              5970   -60   -7  -10  -99  -15  -24  -30  -19  -10   34   29   93  186   -7    0    8   37   43   28  -10   41   39  118    7   15   96   99   29   47   10   85   87  104  186  219  223  175  375  954  930  982  982
 16 ACT-R Lag2            5763   -97  -81    1  -23  -81   21   86    1   48   23   67  118   78   38   -8    0   56  132   25  -30   17   35  270  -51    8   44   16  -50  -32  133  115   67    1  513   16  253  329  583  143  991  994  994
 17 Piedra                5661   -53  -49  -49   -7  -85  -30  -58  -12  -41  -55   14  -38  -20  -21  -37  -56    0  -43   21  -10   18   47  104   23  -14  -84  -42   28    0  100  137  160  363  100  112  285  385  593  992  994  998  991
 18 Marble                5447  -212 -246 -275 -108 -140  -29  -24 -145 -105  -56   46  -15   84  -56  -43 -132   43    0   56  -35    3   52  193  -45  -23    0  -43   -7   84  230  169  180   96  291  495  214  374  594  989  993 1000 1000
 19 Mixed Strategy        5159   -94  -40  -95  -75  -43  -29  -67   20  -70   27   -3  -42    4  -53  -28  -25  -21  -56    0  -45  -17   43  -22  -45  -45  366   21   42  -29    7   38  171   32  180  234  151  354  499  937  988  995  994
 20 Vroomfondel           4999     7    0   53    1  -27   -5   64   22    0  -26   57   59   23   -2   10   30   10   35   45    0   -6   -2  240  -54  -20   85    2  -31   37   63   98   75   56  202   17  312  157  433    2  991  994  992
 21 Majikthise            4535   -27   18   27   56  -24   33   19   -9   29   24   32   19   -3  -32  -41  -17  -18   -3   17    6    0  -29  156   -5   67   15  -10   20   17  103   99   14   -4  242  -22  214  161  432  -16  994  994  987
 22 * Anti-rotn           4530   -37  -56  -57  -47  -22  -58  -55  -46  -14  -37  -64  -69  -63  -52  -39  -35  -47  -52  -43    2   29    0  257  -74  -41  -44   -2  -40  -39  206  305   61   15   78   50  516  157  499  496  998 1000  994
 23 Multi-strategy        2930  -352 -273 -197 -173 -282 -203 -179 -341 -112 -221 -121 -228 -189 -105 -118 -270 -104 -193   22 -240 -156 -257    0  -50  -20  -76   12  269    7  202  280  123   41   61  500  458  425  999  997  997  999  998
 24 * De Bruijn            665    11  -41   14   55   38   16   62   15  -33    5   33   29    2   36   -7   51  -23   45   45   54    5   74   50    0   -1   27  -30   32    6  -52   57   23  -15   20   16   26  -15  128   -1   21    0 -113
 25 * Pi                   173   -12   54    4  -15  -14   17  -19   -7   24   37   38    8  -23  -28  -15   -8   14   23   45   20  -67   41   20    1    0   42    5   19   -3  -30   10  -81   50  -29   18   20   -4   30   22  -11  -11  -12
 26 Inocencio              -66  -816 -185 -196 -572 -175 -119 -444 -156 -571  -34 -790 -649 -782  -63  -96  -44   84    0 -366  -85  -15   44   76  -27  -42    0   -1   35  269  123   45  153   64  235   90  252  438  358  983  973  974  966
 27 * Add-drift          -1361  -141 -183 -186 -209  -15   30 -253 -158  -33  -62   -6  -42  -43  -10  -99  -16   42   43  -21   -2   10    2  -12   30   -5    1    0  -25   43  -14  -17  -33   15  -30   -8   16   20    3   -3   20    0  -10
 28 * Copy-drift         -1861  -178  -79 -146 -253  -50  -30 -313 -109  -20  -13  -22  -26  -62  -55  -29   50  -28    7  -42   31  -20   40 -269  -32  -19  -35   25    0  -37   29    5  -24   36 -121  -61    1    0   -1  -15   16    8  -20
 29 * Foxtrot            -2215  -375 -385  -52   24 -347  -17   -4 -186 -402    1  -18  -46   -9  -20  -47   32    0  -84   29  -37  -17   39   -7   -6    3 -269  -43   37    0   25   27  -29  -17   10  -12  -11   23  -27   17  -32   -3   20
 30 * Flat               -2804  -149  -98 -128  -56 -138  -76 -105  -95 -129   39  -94 -166 -179  -76  -10 -133 -100 -230   -7  -63 -103 -206 -202   52   30 -123   14  -29  -25    0  -38   24  -23    5 -134   49  -14  259  168  -49   -1 -465
 31 * Switch A Lot       -3231   -86  -68 -261 -268 -112  -47 -245 -134 -130 -150 -144 -172 -128  -40  -85 -115 -137 -169  -38  -98  -99 -305 -280  -57  -10  -45   17   -5  -27   38    0   30  -16  -14 -150  -20   -6   41  335  -12   31  -50
 32 * Text               -3253  -121  -99 -189 -130 -150 -174 -166  -71 -143 -147 -163 -176 -158  -89  -87  -67 -160 -180 -171  -75  -14  -61 -123  -23   81 -153   33   24   29  -24  -30    0   20  -19   37   15   15 -185  -74  -11 -185  111
 33 * Add-react          -3379  -279 -344 -276 -115  -55  -40 -126 -311  -90  -42 -290  -80 -297  -77 -104   -1 -363  -96  -32  -56    4  -15  -41   15  -50  -64  -15  -36   17   23   16  -20    0   -4  -44  -14    4  -27   -2  -13  -38   -1
 34 Knucklehead          -3567  -594 -418 -382 -200 -515 -425 -325 -440 -476 -432 -111 -317 -252 -137 -186 -513 -100 -291 -180 -202 -242  -78  -61  -20   29 -235   30  121  -10   -5   14   19    4    0  -43   68   70  180  814  292  986  996
 35 Peterbot             -5962  -898 -911 -894 -893 -709 -997 -784 -899 -125 -351 -330 -922 -796 -187 -219  -16 -112 -495 -234  -17   22  -50 -500  -16  -18  -90    8   61   12  134  150  -37   44   43    0  235  423  439  981  999 1000  987
 36 Always Switchin'     -7552  -216 -269 -425 -400 -321 -470 -444 -252 -232 -447 -268 -316 -282 -430 -223 -253 -285 -214 -151 -312 -214 -516 -458  -26  -20 -252  -16   -1   11  -49   20  -15   14  -68 -235    0  -23   11  507   -5   -6   -1
 37 R-P-S 20-20-60       -9045  -407 -132 -386 -402 -349 -396 -387 -285 -307 -374 -418 -404 -392 -304 -175 -329 -385 -374 -354 -157 -161 -157 -425   15    4 -438  -20    0  -23   14    6  -15   -4  -70 -423   23    0 -405 -110    3 -399  257
 38 Beat Frequent Pick  -14065  -928 -922 -944 -595 -719 -723 -592 -593 -549 -753 -589 -594 -590 -558 -375 -583 -593 -594 -499 -433 -432 -499 -999 -128  -30 -358   -3    1   27 -259  -41  185   27 -180 -439  -11  405    0 -600    0  999  996
 39 Beat The Last Move  -19371  -977 -979 -987 -988 -995 -974 -984 -994 -124 -991 -995 -994 -989 -881 -954 -143 -992 -989 -937   -2   16 -496 -997    1  -22 -983    3   15  -17 -168 -335   74    2 -814 -981 -507  110  600    0    1 1000  996
 40 Rotate R-P-S        -25528  -984 -994 -988 -991 -1000 -998 -990 -991 -996 -990 -994 -990 -989 -926 -930 -991 -994 -993 -988 -991 -994 -998 -997  -21   11 -973  -20  -16   32   49   12   11   13 -292 -999    5   -3    0   -1    0    0 -639
 41 Good Ole Rock       -26253  -991 -994 -999 -999 -999 -996 -995 -999 -1000 -997 -998 -1000 -995 -980 -982 -994 -998 -1000 -995 -994 -994 -1000 -999    0   11 -974    0   -8    3    1  -31  185   38 -986 -1000    6  399 -999 -1000    0    0 1000
 42 * Anti-Flat         -27865  -991 -991 -1000 -996 -992 -998 -999 -997 -999 -996 -990 -995 -993 -978 -982 -994 -991 -1000 -994 -992 -987 -994 -998  113   12 -966   10   20  -20  465   50 -111    1 -996 -987    1 -257 -996 -996  639 -1000    0

 Match results (draw <= 50): 

    Player Name           total  W  L  D   1  2  3  4  5  6  7  8  9 10 11 12 13 14 15 16 17 18 19 20 21 22 23 24 25 26 27 28 29 30 31 32 33 34 35 36 37 38 39 40 41 42
  1 Iocaine Powder          70  29  0 12   1  2  2  1  1  1  2  1  1  1  2  1  2  2  1  1  2  2  2  1  2  2  1  1  2  2  2  2  2  2  2  2  2  2  2  2  2  2  2  2  2  2
  2 Phasenbott              66  27  2 12   0  1  2  1  1  1  2  1  1  1  1  2  2  2  1  1  2  1  2  1  2  1  2  0  2  2  2  2  2  2  2  2  2  2  2  2  2  2  2  2  2  2
  3 MegaHAL                 63  25  3 13   0  0  1  1  1  1  2  1  0  1  1  2  1  1  1  1  2  1  2  1  2  2  2  1  2  2  2  2  2  2  2  2  2  2  2  2  2  2  2  2  2  2
  4 Biopic                  63  22  0 19   1  1  1  1  1  1  1  1  1  1  1  1  2  2  1  2  2  2  2  1  1  1  1  1  2  2  1  2  2  1  2  2  2  2  2  2  2  2  2  2  2  2
  5 Simple Modeller         62  23  2 16   1  1  1  1  1  1  1  1  1  1  2  1  1  2  0  1  2  1  2  0  2  2  1  1  2  1  2  2  2  2  2  2  2  2  2  2  2  2  2  2  2  2
  6 Yomi AI                 61  20  0 21   1  1  1  1  1  1  1  1  1  1  1  1  1  1  1  1  2  1  2  1  2  2  1  1  2  2  1  2  2  1  2  2  2  2  2  2  2  2  2  2  2  2
  7 RussRocker4             61  23  3 15   0  0  0  1  1  1  1  1  1  1  1  1  1  2  1  2  2  1  2  1  2  1  1  1  2  2  2  2  2  2  2  2  2  2  2  2  2  2  2  2  2  2
  8 Shofar                  59  18  0 23   1  1  1  1  1  1  1  1  1  1  1  1  1  1  1  1  2  1  1  1  1  2  2  1  2  1  1  2  2  2  2  2  2  1  2  2  2  2  2  2  2  2
  9 Vroomfondel             57  17  1 23   1  1  2  1  1  1  1  1  1  1  1  1  1  2  1  2  1  1  2  0  1  1  1  1  2  1  1  2  1  1  2  2  2  2  1  2  2  2  2  2  2  2
 10 Boom                    56  15  0 26   1  1  1  1  1  1  1  1  1  1  1  1  1  1  1  1  2  2  1  1  1  1  1  1  1  1  2  2  2  1  2  1  1  2  2  2  2  2  2  2  2  2
 11 Bugbrain                56  17  2 22   0  1  1  1  0  1  1  1  1  1  1  1  1  1  1  1  1  1  2  1  2  1  1  1  2  1  2  2  2  1  2  2  1  2  2  2  2  2  2  2  2  2
 12 Robertot                55  16  2 23   1  0  0  1  1  1  1  1  1  1  1  1  1  1  1  1  1  1  2  1  2  1  2  1  2  1  1  2  2  1  2  1  2  1  2  2  2  2  2  2  2  2
 13 ACT-R Lag2              55  18  4 19   0  0  1  0  1  1  1  1  1  1  1  1  1  2  1  2  2  2  2  0  2  1  1  1  1  1  1  2  1  1  2  1  2  2  2  2  2  2  2  2  2  2
 14 Simple Predictor        54  21  8 12   0  0  1  0  0  1  0  1  0  1  1  1  0  1  1  1  1  2  1  0  2  2  2  1  2  1  2  2  2  2  2  2  2  2  2  2  2  2  2  2  2  2
 15 Majikthise              53  12  0 29   1  1  1  1  2  1  1  1  1  1  1  1  1  1  1  1  1  1  1  1  1  1  1  2  1  1  1  2  1  1  2  1  2  2  1  1  2  2  2  2  2  2
 16 Sweet Rocky             53  16  4 21   1  1  1  0  1  1  0  1  0  1  1  1  0  1  1  1  1  1  1  1  1  1  2  1  2  1  1  2  2  1  2  2  2  2  2  2  2  2  2  2  2  2
 17 Marble                  49  18 10 13   0  0  0  0  0  0  0  0  1  0  1  1  0  1  1  1  1  1  1  1  2  2  2  1  1  2  1  2  2  1  2  2  2  2  2  2  2  2  2  2  2  2
 18 Piedra                  49  14  6 21   0  1  1  0  1  1  1  1  1  0  1  1  0  0  1  1  1  1  1  1  1  1  1  1  0  1  1  2  2  1  2  2  2  2  2  2  2  2  2  2  2  2
 19 Granite                 47  17 11 13   0  0  0  0  0  0  0  1  0  1  0  0  0  1  1  1  1  1  1  1  2  1  2  1  2  1  1  2  2  1  2  2  2  2  2  2  2  2  2  2  2  2
 20 * De Bruijn             46   7  2 32   1  1  1  1  2  1  1  1  2  1  1  1  2  2  1  1  1  1  1  1  1  1  2  1  1  1  1  1  1  1  1  1  0  2  1  1  2  1  1  1  0  1
 21 ZQ Bot                  46  17 12 12   0  0  0  1  0  0  0  1  1  1  0  0  0  0  1  1  0  1  0  1  1  1  2  1  2  1  1  2  2  2  2  2  2  2  2  2  2  2  2  2  2  2
 22 Mixed Strategy          45  11  7 23   0  1  0  1  0  0  1  0  1  1  1  1  1  0  1  1  0  1  1  1  1  1  1  1  2  1  1  1  2  1  2  1  1  1  2  2  2  2  2  2  2  2
 23 * Anti-rotn             43  12 10 19   1  0  0  1  1  1  1  0  1  1  1  0  1  0  1  0  0  1  0  0  0  1  1  1  1  1  1  2  1  1  2  1  2  2  2  2  2  2  2  2  2  2
 24 * Pi                    40   1  2 38   1  2  1  1  1  1  1  1  1  1  1  1  1  1  0  1  1  1  1  1  1  1  1  1  1  1  1  1  1  1  1  1  1  1  1  0  1  1  1  1  1  1
 25 Inocencio               40  15 16 10   0  0  0  0  0  0  0  0  0  1  0  0  1  0  1  0  1  2  0  1  0  0  1  1  1  2  1  2  2  1  2  2  2  1  2  2  2  2  2  2  2  2
 26 * Foxtrot               33   0  8 33   0  0  0  0  1  0  0  1  1  1  1  1  1  1  1  1  0  1  1  1  1  1  1  1  0  1  1  1  1  1  1  1  1  1  1  1  1  1  1  1  1  1
 27 * Add-drift             33   0  8 33   0  0  0  1  0  1  0  1  1  0  0  1  1  0  1  1  1  1  1  1  1  1  1  1  1  1  1  1  1  1  1  1  1  1  1  1  1  1  1  1  1  1
 28 Multi-strategy          32  13 22  6   0  0  0  0  0  0  0  0  0  0  0  0  0  0  0  0  0  0  0  1  0  1  0  1  0  1  1  1  2  2  2  1  2  2  2  2  2  2  2  2  2  2
 29 Peterbot                31  10 20 11   0  0  0  0  0  0  0  0  1  0  0  0  1  0  1  0  0  0  0  1  0  0  1  1  0  1  1  0  1  2  1  1  2  2  2  1  2  2  2  2  2  2
 30 * Copy-drift            30   0 11 30   0  0  0  1  0  1  0  0  1  1  1  1  1  0  1  1  1  1  1  1  0  1  1  1  1  1  1  0  0  1  0  1  1  1  1  1  1  1  1  1  1  1
 31 Knucklehead             25   8 24  9   0  0  0  0  0  0  0  0  0  0  0  0  0  0  0  0  0  0  0  1  0  0  0  1  0  1  1  0  1  2  1  1  1  1  2  1  2  2  2  2  2  2
 32 * Add-react             24   0 17 24   0  0  0  0  0  0  0  0  0  1  0  1  1  0  1  0  0  0  0  1  0  1  1  1  0  1  1  1  1  1  1  1  1  1  1  1  1  1  1  1  1  1
 33 * Flat                  21   3 23 15   0  0  0  0  0  0  0  0  0  1  1  0  0  0  0  0  0  0  0  2  0  1  0  1  0  1  1  0  0  1  1  1  1  1  2  1  2  1  1  1  0  1
 34 * Switch A Lot          20   1 22 18   0  0  0  0  0  0  0  1  0  0  0  1  0  0  0  0  0  0  0  0  0  1  0  1  1  1  1  0  0  1  1  1  1  1  2  1  1  1  1  1  1  1
 35 Beat The Last Move      19   5 27  9   0  0  0  0  0  0  0  0  1  0  0  0  0  0  1  0  0  0  0  1  0  0  0  1  0  1  1  0  0  1  0  1  0  0  1  2  2  0  2  1  2  2
 36 * Text                  17   2 26 13   0  0  0  0  0  0  0  0  0  0  0  0  0  0  1  0  0  0  0  1  0  0  0  2  0  1  1  0  1  1  1  1  1  1  0  1  0  1  0  1  2  1
 37 Beat Frequent Pick      16   4 29  8   0  0  0  0  0  0  0  0  0  0  0  0  0  0  0  0  0  0  0  0  0  0  0  1  0  1  1  0  0  1  0  1  0  1  0  2  1  1  2  1  2  2
 38 Always Switchin'        16   1 26 14   0  0  0  0  0  0  0  0  0  0  0  0  0  0  0  0  0  0  0  1  0  0  0  1  0  1  1  0  0  1  0  1  1  1  2  1  1  1  1  1  1  1
 39 Good Ole Rock           16   3 28 10   0  0  0  0  0  0  0  0  0  0  0  0  0  0  0  0  0  0  0  1  0  0  0  1  0  1  1  0  0  1  0  1  1  1  0  2  0  1  1  1  2  2
 40 Rotate R-P-S            14   0 27 14   0  0  0  0  0  0  0  0  0  0  0  0  0  0  0  0  0  0  0  1  0  0  0  1  0  1  1  0  0  1  0  1  1  1  1  1  1  1  1  1  0  1
 41 * Anti-Flat             13   3 31  7   0  0  0  0  0  0  0  0  0  0  0  0  0  0  0  0  0  0  0  2  0  0  0  1  0  1  1  0  0  1  0  1  2  1  0  0  0  1  0  2  1  0
 42 R-P-S 20-20-60          13   1 29 11   0  0  0  0  0  0  0  0  0  0  0  0  0  0  0  0  0  0  0  1  0  0  0  1  0  1  1  0  0  1  0  1  1  1  0  1  0  1  0  1  2  1


   Yomi AI is match ranked 6

 Tournament results:
    Player Name          total 
  1 Yomi AI               6995 
 19 Iocaine Powder       11538 
 20 Phasenbott           10018 
 21 MegaHAL               9772 
 22 RussRocker4           7539 
 23 Biopic                8417 
 24 Simple Modeller       9065 
 25 Simple Predictor      7734 
 26 Robertot              7870 

   Yomi is tournament ranked 9

