 Playing 1 tournaments with 1000 trials per match...

 Yomi AI            vs Good Ole Rock       Match: 1000 (1000+   0-   0=)
 Yomi AI            vs R-P-S 20-20-60      Match:  226 (471+ 245- 284=)
 Yomi AI            vs Rotate R-P-S        Match:  686 (757+  71- 172=)
 Yomi AI            vs Beat The Last Move  Match:   83 (387+ 304- 309=)
 Yomi AI            vs Always Switchin'    Match:  191 (425+ 234- 341=)
 Yomi AI            vs Beat Frequent Pick  Match:  375 (589+ 214- 197=)
 Yomi AI            vs * Pi                Match:   24 (345+ 321- 334=)
 Yomi AI            vs * Switch A Lot      Match:   78 (379+ 301- 320=)
 Yomi AI            vs * Flat              Match:   80 (388+ 308- 304=)
 Yomi AI            vs * Anti-Flat         Match:  999 (999+   0-   1=)
 Yomi AI            vs * Foxtrot           Match:  283 (516+ 233- 251=)
 Yomi AI            vs * De Bruijn         Match:    0 (327+ 327- 346=)
 Yomi AI            vs * Text              Match:  111 (403+ 292- 305=)
 Yomi AI            vs * Anti-rotn         Match:   80 (379+ 299- 322=)
 Yomi AI            vs * Copy-drift        Match:   19 (350+ 331- 319=)
 Yomi AI            vs * Add-react         Match:   65 (379+ 314- 307=)
 Yomi AI            vs * Add-drift         Match:    8 (330+ 322- 348=)
 Yomi AI            vs Iocaine Powder      Match:  -15 (320+ 335- 345=)
 Yomi AI            vs Phasenbott          Match:    3 (325+ 322- 353=)
 Yomi AI            vs MegaHAL             Match:  -16 (315+ 331- 354=)
 Yomi AI            vs RussRocker4         Match:   15 (346+ 331- 323=)
 Yomi AI            vs Biopic              Match:   -7 (336+ 343- 321=)
 Yomi AI            vs Simple Modeller     Match:   -5 (336+ 341- 323=)
 Yomi AI            vs Simple Predictor    Match:   18 (357+ 339- 304=)
 Yomi AI            vs Robertot            Match:   67 (368+ 301- 331=)
 Yomi AI            vs Boom                Match:    7 (320+ 313- 367=)
 Yomi AI            vs Shofar              Match:  -25 (329+ 354- 317=)
 Yomi AI            vs ACT-R Lag2          Match:  -42 (329+ 371- 300=)
 Yomi AI            vs Majikthise          Match:   -8 (331+ 339- 330=)
 Yomi AI            vs Vroomfondel         Match:  -34 (320+ 354- 326=)
 Yomi AI            vs Granite             Match:   96 (403+ 307- 290=)
 Yomi AI            vs Marble              Match:   84 (394+ 310- 296=)
 Yomi AI            vs ZQ Bot              Match:   85 (403+ 318- 279=)
 Yomi AI            vs Sweet Rocky         Match:   37 (360+ 323- 317=)
 Yomi AI            vs Piedra              Match:   53 (368+ 315- 317=)
 Yomi AI            vs Mixed Strategy      Match:   77 (389+ 312- 299=)
 Yomi AI            vs Multi-strategy      Match:  221 (463+ 242- 295=)
 Yomi AI            vs Inocencio           Match:   84 (383+ 299- 318=)
 Yomi AI            vs Peterbot            Match:   57 (361+ 304- 335=)
 Yomi AI            vs Bugbrain            Match:   22 (355+ 333- 312=)
 Yomi AI            vs Knucklehead         Match:  401 (594+ 193- 213=)
 Final results (draw value = 50):

 Tournament results: 

    Player Name          total     1    2    3    4    5    6    7    8    9   10   11   12   13   14   15   16   17   18   19   20   21   22   23   24   25   26   27   28   29   30   31   32   33   34   35   36   37   38   39   40   41   42
  1 Iocaine Powder       10800     0   71   37   44    2   41   76  511  183   -8  210   34    8   33  235  -44  335   15   70    8   52   26  398  247   49  -58  138  187  342  538  197  104  320  126  228  834  364  891  987  986  991  992
  2 Phasenbott           10107   -71    0   23   27   37   24   43  537  104   28  198   70   35   67  205   72  273   -3   39   70  -17  143  212  237   32   13  107  147  351  400   98   69  318   35  203  893  175  935  997  990  995  996
  3 MegaHAL               9650   -37  -23    0   11  -15   29   20  137   95   -5  243   42   43  -36  269    1  248   16   50  -24  -18  122  231  221  -37    5  184   37   71  314   63  189  281  234  462  914  410  934  985  992  998  994
  4 Biopic                8720   -44  -27  -11    0  -38   29   21    7   27  -35  183   58   12   68  108  -18  109    7   72  -27   -5   -3  142  214   15   33   24   99  420  456  115  163   62  106  343  995  386  679  996  996  997  986
  5 Simple Modeller       8555    -2  -37   15   38    0   35   -6  -32  249  -46  111    8   30  -14   70   45  317    5   68   12   -5   48   96  199  -68    9  185  228    9  201   98  121  107  228  490  768  412  592  992  994  997  988
  6 Boom                  7835   -41  -24  -29  -29  -35    0   -4  -25  -20  -47   71   52   56  -42   55  -50   54   -7   87   -6  -12   25  179  365   43   -9   84   52   27  463   48  156  108  276  392  505  388  753  991  990  995 1000
  7 Robertot              7536   -76  -43  -20  -21    6    4    0  -42  -13  -75    1   44   39  -46    9   -2   67  -67   65  -15  -18  103   45  273   12   -6   36   56   23  355   45  150  111  103  476  750  417  822  981  996  996  995
  8 RussRocker4           7463  -511 -537 -137   -7   32   25   42    0  106   -8  117   60   40   13  157   19  181  -15   45    7  -20   66  116  331  -66  -64   94  121  167  514   60   46  337  153  226  938  245  589  994  991 1000  996
  9 Simple Predictor      7151  -183 -104  -95  -27 -249   20   13 -106    0    1   37   59   71  -46    3   16  181  -18   45  -46  -47   97  287  220  -62  -14  266  245  -18  305  138  154  143  176  408  330  392  592  984  990  993 1000
 10 Shofar                6789     8  -28    5   35   46   47   75    8   -1    0   25   65   34  -19   40  -37   49   25   31    4  -56   37  222  114   -4    3   32  138  -30  159   61  160  106  230  438   95  343  563  906  921  978  961
 11 Granite               6559  -210 -198 -243 -183 -111  -71   -1 -117  -37  -25    0   56   51 -126   11  -62   11  -96   41  -13  -34   45  642  261  -92  -28  -27   55   67  300  200  177   87  104  182  972  397  594  994  992  998  996
 12 Piedra                6538   -34  -70  -42  -58   -8  -52  -44  -60  -59  -65  -56    0  -58  -10  -57  -30  -66  -53   60  -31  -37   -4   -7  116   12   27   24    2   17  214  126  169  231  181  390  913  391  594  987  996  996  993
 13 Sweet Rocky           6509    -8  -35  -43  -12  -30  -56  -39  -40  -71  -34  -51   58    0  -54  -48  -54   -8  -37   20  -46  -48   51  -11  105    0    5   19   10   16  250  167  175  371  110  164  770  378  590  993  988  994 1000
 14 ACT-R Lag2            6507   -33  -67   36  -68   14   42   46  -13   46   19  126   10   54    0  144   -2   40   42   28    3   24   30   59  285 -114    4  -80  -18  -93  473  110   85   22  182  303  970  238  573    4  996  998  989
 15 Marble                6023  -235 -205 -269 -108  -70  -55   -9 -157   -3  -40  -11   57   48 -144    0  -94   25  -84   53   -9  -21   59   11  232  -50    1   21   87   41  298  121  177   50  144  292  907  394  592  989  993  999  996
 16 Bugbrain              5853    44  -72   -1   18  -45   50    2  -19  -16   37   62   30   54    2   94    0  158  -22   56  -15   18   26   49   90  -49    1   46   15  -13   93   67   17   89   33  168  278  215  417  954  940  986  996
 17 ZQ Bot                5524  -335 -273 -248 -109 -317  -54  -67 -181 -181  -49  -11   66    8  -40  -25 -158    0  -85   65 -103  -51    7  203  257  -27  -20   -1    3    9  317  104  157  405  218  189  931  352  591  991  995  998  993
 18 Yomi AI               5483   -15    3  -16   -7   -5    7   67   15   18  -25   96   53   37  -42   84   22   85    0   80  -34   -8   77   84  221    0   24    8   19  283  401   80  111   65   78  191   57  226  375   83  686 1000  999
 19 * Anti-rotn           5302   -70  -39  -50  -72  -68  -87  -65  -45  -45  -31  -41  -60  -20  -28  -53  -56  -65  -80    0   27  -18  -54  315  254  -71  -50  -30    6   10   58  192   52  -13  338  498  499  195  596  481  996  999  997
 20 Vroomfondel           5026    -8  -70   24   27  -12    6   15   -7   46   -4   13   31   46   -3    9   15  103   34  -27    0    5  132   60  239   71   22    2    5    5  221   80   50   -8  120  218   -8  147  451   -6  995  993  994
 21 Majikthise            4832   -52   17   18    5    5   12   18   20   47   56   34   37   48  -24   21  -18   51    8   18   -5    0   77   62  150  -21   -4    6  -75   21  259   73   30   -2  111  194   10  192  481  -30  992  994  996
 22 Mixed Strategy        4444   -26 -143 -122    3  -48  -25 -103  -66  -97  -37  -45    4  -51  -30  -59  -26   -7  -77   54 -132  -77    0   39    0   -7  -24  -15  -22  -32    3   77  135   27  155  102  306  405  480  975  956  996  998
 23 Inocencio             2710  -398 -212 -231 -142  -96 -179  -45 -116 -287 -222 -642    7   11  -59  -11  -49 -203  -84 -315  -60  -62  -39    0   93  -14  -27   38  112  275  183  167  161   75  101  189  131  403  355  955  984  981  982
 24 Multi-strategy        2574  -247 -237 -221 -214 -199 -365 -273 -331 -220 -114 -261 -116 -105 -285 -232  -90 -257 -221 -254 -239 -150    0  -93    0  -50  -20    8  243  -10   93  165  123   54  300  480  500  423  999  997  997  999  997
 25 * De Bruijn            472   -49  -32   37  -15   68  -43  -12   66   62    4   92  -12    0  114   50   49   27    0   71  -71   21    7   14   50    0   -1  -20  -40   -7   -6   11   23  -21  -17   36   -9  -14  128   -1   21    0 -109
 26 * Pi                   201    58  -13   -5  -33   -9    9    6   64   14   -3   28  -27   -5   -4   -1   -1   20  -24   50  -22    4   24   27   20    1    0    3   24    0    9   45  -81  -19   -3  -25   44    7   30   22  -11  -11  -11
 27 * Add-drift          -1176  -138 -107 -184  -24 -185  -84  -36  -94 -266  -32   27  -24  -19   80  -21  -46    1   -8   30   -2   -6   15  -38   -8   20   -3    0    2   -8   -7  -38  -13  -10    8   17   -8   10  -25   10    6   -8   40
 28 * Copy-drift         -1840  -187 -147  -37  -99 -228  -52  -56 -121 -245 -138  -55   -2  -10   18  -87  -15   -3  -19   -6   -5   75   22 -112 -243   40  -24   -2    0  -17  -37  -25  -10   57  -53  -38  -25   -5  -14  -19   44   20   20
 29 * Foxtrot            -1919  -342 -351  -71 -420   -9  -27  -23 -167   18   30  -67  -17  -16   93  -41   13   -9 -283  -10   -5  -21   32 -275   10    7    0    8   17    0   38    7    1    9   18    4   -4    6    2  -25  -29  -25    5
 30 Knucklehead          -2680  -538 -400 -314 -456 -201 -463 -355 -514 -305 -159 -300 -214 -250 -473 -298  -93 -317 -401  -58 -221 -259   -3 -183  -93    6   -9    7   37  -38    0   -4  -38   47   14   25  -59   82  153  980  998  988  999
 31 * Flat               -2802  -197  -98  -63 -115  -98  -48  -45  -60 -138  -61 -200 -126 -167 -110 -121  -67 -104  -80 -192  -80  -73  -77 -167 -165  -11  -45   38   25   -7    4    0   28    1  -82   25 -170  -22  236  189   38    0 -397
 32 * Text               -3137  -104  -69 -189 -163 -121 -156 -150  -46 -154 -160 -177 -169 -175  -85 -177  -17 -157 -111  -52  -50  -30 -135 -161 -123  -23   81   13   10   -1   38  -28    0  -22   -8    6   34   36 -185  -74  -11 -185  113
 33 * Add-react          -3382  -320 -318 -281  -62 -107 -108 -111 -337 -143 -106  -87 -231 -371  -22  -50  -89 -405  -65   13    8    2  -27  -75  -54   21   19   10  -57   -9  -47   -1   22    0   10   -1   -2  -14   -9  -71   13    4   76
 34 * Switch A Lot       -3569  -126  -35 -234 -106 -228 -276 -103 -153 -176 -230 -104 -181 -110 -182 -144  -33 -218  -78 -338 -120 -111 -155 -101 -300   17    3   -8   53  -18  -14   82    8  -10    0   -1 -147   38    6  292  -31   -6    9
 35 Always Switchin'     -6992  -228 -203 -462 -343 -490 -392 -476 -226 -408 -438 -182 -390 -164 -303 -292 -168 -189 -191 -498 -218 -194 -102 -189 -480  -36   25  -17   38   -4  -25  -25   -6    1    1    0 -249   32   31  473   -1   14  -18
 36 Peterbot             -8890  -834 -893 -914 -995 -768 -505 -750 -938 -330  -95 -972 -913 -770 -970 -907 -278 -931  -57 -499    8  -10 -306 -131 -500    9  -44    8   25    4   59  170  -34    2  147  249    0  421  428  963  997  999  965
 37 R-P-S 20-20-60       -9407  -364 -175 -410 -386 -412 -388 -417 -245 -392 -343 -397 -391 -378 -238 -394 -215 -352 -226 -195 -147 -192 -405 -403 -423   14   -7  -10    5   -6  -82   22  -36   14  -38  -32 -421    0 -409 -141  -13 -417   38
 38 Beat Frequent Pick  -14011  -891 -935 -934 -679 -592 -753 -822 -589 -592 -563 -594 -594 -590 -573 -592 -417 -591 -375 -596 -451 -481 -480 -355 -999 -128  -30   25   14   -2 -153 -236  185    9   -6  -31 -428  409    0 -600    0  999 1000
 39 Beat The Last Move  -19181  -987 -997 -985 -996 -992 -991 -981 -994 -984 -906 -994 -987 -993   -4 -989 -954 -991  -83 -481    6   30 -975 -955 -997    1  -22  -10   19   25 -980 -189   74   71 -292 -473 -963  141  600    0    1 1000  996
 40 Rotate R-P-S        -26055  -986 -990 -992 -996 -994 -990 -996 -991 -990 -921 -992 -996 -988 -996 -993 -940 -995 -686 -996 -995 -992 -956 -984 -997  -21   11   -6  -44   29 -998  -38   11  -13   31    1 -997   13    0   -1    0    0 -681
 41 Good Ole Rock       -26244  -991 -995 -998 -997 -997 -995 -996 -1000 -993 -978 -998 -996 -994 -998 -999 -986 -998 -1000 -999 -993 -994 -996 -981 -999    0   11    8  -20   25 -988    0  185   -4    6  -14 -999  417 -999 -1000    0    0  999
 42 * Anti-Flat         -27878  -992 -996 -994 -986 -988 -1000 -995 -996 -1000 -961 -996 -993 -1000 -989 -996 -996 -993 -999 -997 -994 -996 -998 -982 -997  109   11  -40  -20   -5 -999  397 -113  -76   -9   18 -965  -38 -1000 -996  681 -999    0

 Match results (draw <= 50): 

    Player Name           total  W  L  D   1  2  3  4  5  6  7  8  9 10 11 12 13 14 15 16 17 18 19 20 21 22 23 24 25 26 27 28 29 30 31 32 33 34 35 36 37 38 39 40 41 42
  1 Iocaine Powder          67  27  1 13   1  2  1  1  1  1  1  2  1  1  2  2  1  2  1  1  2  2  1  2  1  2  1  0  2  2  2  2  2  2  2  2  2  2  2  2  2  2  2  2  2  2
  2 Phasenbott              67  27  1 13   0  1  1  1  1  1  1  2  1  2  2  1  2  1  2  1  2  2  1  2  2  1  2  1  2  2  2  2  2  2  2  2  2  1  2  2  2  2  2  2  2  2
  3 Yomi AI                 64  23  0 18   1  1  1  1  1  1  1  1  1  1  1  2  1  1  1  1  2  2  1  2  2  2  2  1  2  1  2  2  1  2  2  2  2  2  2  2  2  2  2  2  2  2
  4 MegaHAL                 64  23  0 18   1  1  1  1  1  1  1  2  1  1  2  1  1  1  1  1  2  2  1  2  1  1  2  1  2  2  2  2  1  2  2  2  2  2  2  2  2  2  2  2  2  2
  5 Biopic                  64  23  0 18   1  1  1  1  1  1  1  1  1  1  1  1  1  1  2  1  2  2  1  2  2  2  1  1  2  1  2  2  2  2  2  2  2  2  2  2  2  2  2  2  2  2
  6 Boom                    63  22  0 19   1  1  1  1  1  1  1  1  1  1  1  1  1  1  1  2  2  2  1  2  2  2  1  1  2  2  1  2  2  2  2  2  2  2  2  1  2  2  2  2  2  2
  7 Simple Modeller         62  22  1 18   1  1  1  1  1  1  1  1  1  1  2  1  1  1  1  1  2  2  0  2  1  2  1  1  2  2  1  2  2  2  2  2  2  2  2  2  2  2  2  2  2  2
  8 RussRocker4             59  23  5 13   0  0  1  0  1  1  1  1  1  1  2  1  1  1  1  1  2  2  0  2  2  1  2  0  2  2  2  2  2  2  2  2  2  2  1  2  2  2  2  2  2  2
  9 Shofar                  58  18  1 22   1  1  1  1  1  1  1  1  1  1  1  2  1  0  1  1  1  1  1  1  2  1  1  1  2  1  1  2  2  2  2  2  2  2  2  2  2  2  2  2  2  2
 10 Bugbrain                57  17  1 23   1  0  1  1  1  1  1  1  1  1  1  1  1  1  1  2  2  2  1  2  1  2  1  1  1  1  1  2  1  2  2  2  2  1  1  2  2  2  2  2  2  2
 11 Simple Predictor        56  21  6 14   0  0  1  0  1  1  0  0  1  1  1  1  1  1  1  2  1  1  0  2  2  1  2  1  2  2  1  2  2  2  2  2  2  2  2  2  2  2  2  2  2  2
 12 Robertot                55  17  3 21   0  1  0  1  1  1  1  1  0  1  1  1  1  1  1  1  1  1  1  2  1  2  2  1  1  1  1  2  2  2  2  2  2  2  2  1  2  2  2  2  2  2
 13 Vroomfondel             54  14  1 26   1  0  1  1  1  1  1  1  1  1  1  1  1  1  1  1  1  1  2  2  1  1  2  1  2  1  1  2  1  1  2  1  1  2  1  2  2  2  2  2  2  2
 14 Majikthise              53  14  2 25   0  1  1  1  1  1  1  1  2  1  1  1  1  1  1  1  1  1  1  2  1  1  2  1  2  1  1  2  0  1  2  1  1  2  1  2  2  2  2  2  2  2
 15 ACT-R Lag2              52  16  5 20   1  0  1  1  0  1  1  1  1  1  1  1  1  1  1  2  2  2  0  1  1  1  1  1  2  0  0  2  1  2  2  1  1  2  2  2  2  2  2  2  2  2
 16 Sweet Rocky             52  16  5 20   1  1  1  1  1  0  1  1  1  0  0  1  1  1  0  1  0  1  1  1  2  1  2  1  1  1  1  2  1  2  2  2  2  2  2  2  2  2  2  2  2  2
 17 Granite                 49  19 11 11   0  0  0  0  0  0  0  0  1  0  1  1  1  1  0  2  1  1  0  1  2  1  1  1  2  1  2  2  2  2  2  2  2  2  2  2  2  2  2  2  2  2
 18 Marble                  48  17 10 14   0  0  0  0  0  0  0  0  1  0  1  1  1  1  0  1  1  1  1  1  2  2  2  1  1  1  1  2  2  2  2  1  2  2  2  2  2  2  2  2  2  2
 19 * De Bruijn             46   7  2 32   1  1  1  1  1  1  2  2  1  1  2  1  0  1  2  1  2  1  1  1  1  2  1  1  1  1  1  1  1  1  1  1  1  1  1  1  1  1  2  1  0  1
 20 ZQ Bot                  45  17 13 11   0  0  0  0  0  0  0  0  1  0  0  0  0  0  1  1  1  1  1  1  2  2  1  1  2  1  1  2  1  2  2  2  2  2  2  2  2  2  2  2  2  2
 21 Piedra                  45  15 11 15   1  0  0  1  0  0  1  0  0  1  0  1  1  1  1  0  0  0  1  0  1  2  1  1  1  1  1  2  1  2  2  2  2  2  2  2  2  2  2  2  2  2
 22 * Anti-rotn             43  14 12 15   0  1  0  1  0  0  0  1  1  0  1  0  1  1  1  1  1  0  0  0  0  1  0  1  2  1  1  2  1  2  2  1  2  2  2  2  2  2  2  2  2  2
 23 Mixed Strategy          43  12 10 19   1  0  0  0  1  1  1  0  1  1  0  0  0  0  1  0  1  0  1  1  1  2  1  1  1  1  1  1  1  2  1  1  2  2  2  2  2  2  2  2  2  2
 24 * Pi                    42   2  1 38   2  1  1  1  1  1  1  2  1  1  1  1  1  1  1  1  1  1  1  1  1  1  1  1  1  1  1  1  1  1  1  1  1  1  0  1  1  1  1  1  1  1
 25 Inocencio               41  16 16  9   0  0  0  0  0  0  0  0  0  1  0  1  0  0  0  1  0  1  1  0  1  0  1  1  1  1  2  2  2  2  2  2  2  2  2  2  2  2  2  2  2  2
 26 * Add-drift             35   1  7 33   0  0  1  0  1  0  0  0  1  1  0  1  1  1  2  1  1  1  1  1  1  1  1  1  1  1  1  1  1  1  1  1  1  1  1  1  1  1  1  1  1  1
 27 * Foxtrot               34   1  8 32   0  0  0  0  0  1  1  0  1  1  1  1  1  1  2  1  0  1  1  1  1  1  1  1  0  1  1  1  1  1  1  1  1  1  1  1  1  1  1  1  1  1
 28 Multi-strategy          33  14 22  5   0  0  0  0  0  0  0  0  0  0  0  0  0  0  0  0  0  0  1  0  0  0  1  1  0  1  1  1  2  2  2  2  2  2  2  2  2  2  2  2  2  2
 29 * Copy-drift            29   2 14 25   0  0  1  1  0  0  0  0  0  1  0  0  1  2  1  1  0  0  1  1  1  1  1  1  0  1  1  0  1  1  1  2  1  0  1  1  1  1  1  1  1  1
 30 Peterbot                29  10 22  9   0  0  0  0  0  0  0  0  0  0  0  0  1  1  0  0  0  0  1  0  0  0  0  1  0  1  1  0  1  1  2  1  2  2  1  2  2  2  2  2  2  2
 31 Knucklehead             23   6 24 11   0  0  0  0  0  0  0  0  0  0  0  0  0  0  0  0  0  0  1  0  0  0  1  1  0  1  1  0  1  0  1  1  2  1  1  1  1  2  2  2  2  2
 32 * Add-react             22   1 20 20   0  0  0  0  0  0  0  0  0  0  0  0  1  1  1  0  0  1  1  0  0  1  1  1  0  1  1  0  0  1  1  1  0  1  1  1  1  1  1  1  2  1
 33 Beat The Last Move      21   6 26  9   0  0  0  0  0  0  0  0  0  0  0  0  1  1  1  0  0  0  1  0  0  0  0  1  0  1  1  0  1  0  0  2  1  0  2  0  0  2  2  1  2  2
 34 * Switch A Lot          21   3 23 15   0  1  0  0  0  0  0  0  0  1  0  0  0  0  0  0  0  0  1  0  0  0  0  1  0  1  1  0  2  0  1  1  2  1  1  2  1  1  1  1  1  1
 35 * Text                  20   2 23 16   0  0  0  0  0  0  0  1  0  1  0  0  1  1  0  0  0  0  1  0  0  0  0  2  0  1  1  0  1  1  1  1  0  1  1  1  1  0  0  1  2  1
 36 * Flat                  18   2 25 14   0  0  0  0  0  1  0  0  0  0  0  1  0  0  0  0  0  0  1  0  0  0  0  1  0  1  1  0  1  0  1  1  2  0  1  1  1  1  2  1  0  1
 37 Always Switchin'        17   1 25 15   0  0  0  0  0  0  0  0  0  0  0  0  0  0  0  0  0  0  1  0  0  0  0  1  0  1  1  0  1  0  1  1  2  1  1  1  1  1  1  1  1  1
 38 Good Ole Rock           16   3 28 10   0  0  0  0  0  0  0  0  0  0  0  0  0  0  0  0  0  0  1  0  0  0  0  1  0  1  1  0  1  0  0  1  0  1  2  1  1  1  0  1  2  2
 39 Beat Frequent Pick      16   4 29  8   0  0  0  0  0  0  0  0  0  0  0  0  0  0  0  0  0  0  0  0  0  0  0  1  0  1  1  0  1  0  0  1  0  1  2  0  1  2  1  1  2  2
 40 Rotate R-P-S            14   0 27 14   0  0  0  0  0  0  0  0  0  0  0  0  0  0  0  0  0  0  1  0  0  0  0  1  0  1  1  0  1  0  0  1  1  1  1  1  1  1  1  1  0  1
 41 * Anti-Flat             13   3 31  7   0  0  0  0  0  0  0  0  0  0  0  0  0  0  0  0  0  0  2  0  0  0  0  1  0  1  1  0  1  0  0  0  0  1  0  2  1  0  0  2  1  1
 42 R-P-S 20-20-60          12   0 29 12   0  0  0  0  0  0  0  0  0  0  0  0  0  0  0  0  0  0  1  0  0  0  0  1  0  1  1  0  1  0  0  1  0  1  1  1  1  0  0  1  1  1


   Yomi AI is match ranked 3

 Tournament results:
    Player Name          total 
  1 Yomi AI               5483 
 19 Iocaine Powder       10800 
 20 Phasenbott           10107 
 21 MegaHAL               9650 
 22 RussRocker4           7463 
 23 Biopic                8720 
 24 Simple Modeller       8555 
 25 Simple Predictor      7151 
 26 Robertot              7536 
 27 Boom                  7835 
 28 Shofar                6789 
 29 ACT-R Lag2            6507 
 32 Granite               6559 
 33 Marble                6023 
 34 ZQ Bot                5524 
 35 Sweet Rocky           6509 
 36 Piedra                6538 
 41 Bugbrain              5853 

   Yomi is tournament ranked 18

