 Playing 1 tournaments with 1000 trials per match...

 Yomi AI            vs Good Ole Rock       Match: 1000 (1000+   0-   0=)
 Yomi AI            vs R-P-S 20-20-60      Match:  355 (561+ 206- 233=)
 Yomi AI            vs Rotate R-P-S        Match:  994 (996+   2-   2=)
 Yomi AI            vs Beat The Last Move  Match:  198 (447+ 249- 304=)
 Yomi AI            vs Always Switchin'    Match:  221 (500+ 279- 221=)
 Yomi AI            vs Beat Frequent Pick  Match:  597 (759+ 162-  79=)
 Yomi AI            vs * Pi                Match:  -12 (336+ 348- 316=)
 Yomi AI            vs * Switch A Lot      Match:  105 (401+ 296- 303=)
 Yomi AI            vs * Flat              Match:  178 (461+ 283- 256=)
 Yomi AI            vs * Anti-Flat         Match:  999 (999+   0-   1=)
 Yomi AI            vs * Foxtrot           Match:  395 (586+ 191- 223=)
 Yomi AI            vs * De Bruijn         Match:   -7 (328+ 335- 337=)
 Yomi AI            vs * Text              Match:  147 (429+ 282- 289=)
 Yomi AI            vs * Anti-rotn         Match:   66 (359+ 293- 348=)
 Yomi AI            vs * Copy-drift        Match:   17 (339+ 322- 339=)
 Yomi AI            vs * Add-react         Match:   33 (364+ 331- 305=)
 Yomi AI            vs * Add-drift         Match:   43 (364+ 321- 315=)
 Yomi AI            vs Iocaine Powder      Match:  -39 (318+ 357- 325=)
 Yomi AI            vs Phasenbott          Match:  -14 (329+ 343- 328=)
 Yomi AI            vs MegaHAL             Match:    6 (348+ 342- 310=)
 Yomi AI            vs RussRocker4         Match:  -10 (346+ 356- 298=)
 Yomi AI            vs Biopic              Match:  -52 (339+ 391- 270=)
 Yomi AI            vs Simple Modeller     Match:   -4 (335+ 339- 326=)
 Yomi AI            vs Simple Predictor    Match:   73 (397+ 324- 279=)
 Yomi AI            vs Robertot            Match:    3 (358+ 355- 287=)
 Yomi AI            vs Boom                Match:   29 (361+ 332- 307=)
 Yomi AI            vs Shofar              Match:   15 (352+ 337- 311=)
 Yomi AI            vs ACT-R Lag2          Match:  -37 (328+ 365- 307=)
 Yomi AI            vs Majikthise          Match:  -31 (319+ 350- 331=)
 Yomi AI            vs Vroomfondel         Match:   25 (335+ 310- 355=)
 Yomi AI            vs Granite             Match:  106 (443+ 337- 220=)
 Yomi AI            vs Marble              Match:  149 (471+ 322- 207=)
 Yomi AI            vs ZQ Bot              Match:   51 (407+ 356- 237=)
 Yomi AI            vs Sweet Rocky         Match:   16 (389+ 373- 238=)
 Yomi AI            vs Piedra              Match:   25 (372+ 347- 281=)
 Yomi AI            vs Mixed Strategy      Match:  133 (451+ 318- 231=)
 Yomi AI            vs Multi-strategy      Match:  334 (573+ 239- 188=)
 Yomi AI            vs Inocencio           Match:  772 (876+ 104-  20=)
 Yomi AI            vs Peterbot            Match:   86 (384+ 298- 318=)
 Yomi AI            vs Bugbrain            Match:   57 (372+ 315- 313=)
 Yomi AI            vs Knucklehead         Match:  562 (701+ 139- 160=)
 Final results (draw value = 50):

 Tournament results: 

    Player Name          total     1    2    3    4    5    6    7    8    9   10   11   12   13   14   15   16   17   18   19   20   21   22   23   24   25   26   27   28   29   30   31   32   33   34   35   36   37   38   39   40   41   42
  1 Iocaine Powder       10677     0  166   61   41   56  497   39  -28   13   42   38  185  241   36   19  207   28  307   81  -20   41   -4  262  199   25   -7  160  406  141  172  285  113   46  571  843  186  357  917  993  981  992  989
  2 Phasenbott            9729  -166    0   73   18    9  531   14   80   37   93   43  126  209  -27  -15  186   41  273   36   60   68   87  190  204   58  -19   75  343   29   65  261  102   62  372  909  261  131  937  993  991  995  994
  3 MegaHAL               9305   -61  -73    0  -80   22  115   -6   51   31  -18   18   53  252  -24  -19  238   53  245   75  -22   40  -20  154  137   16  -67  162   73   55  183  324  133  237  401  924  459  339  928  991  992  998  996
  4 Simple Modeller       9133   -41  -18   80    0   30  -22    4   22  -15   27   18  312  104  -46   36   80   38  336  166    2   66   40  218   95  -43    1  221   19  261   97  104  145  224  289  857  471  385  595  992  990  998  995
  5 Biopic                8497   -56   -9  -22  -30    0  -18   52   12    1   27  -11   72  124   22   -8  143   56  105  123   19   32   14  184  178   -4   -3  -18  407   77  163   79  118  180  490  781  277  382  571  998  997  997  995
  6 RussRocker4           8086  -497 -531 -115   22   18    0   10   78   42    0   44  117  145  -22   58  159   37  191    4  -17   61   49  246  170  -47  -14  142  179  125   98  349   73  191  444  922  229  254  886  994  993  999 1000
  7 Yomi AI               7584   -39  -14    6   -4  -52  -10    0    3   29  -37   25   73  149   15   57  106   16   51  133   25   66  -31  334  772   -7  -12   43  395   17  178   33  147  105  562   86  221  355  597  198  994 1000  999
  8 Robertot              7276    28  -80  -51  -22  -12  -78   -3    0   25  -52  -11   19   72   47  -32   60   28   66   12   30   55  -18  257   48  -33  -32   24   26  109   23   42  172  145  375  404  459  394  814  980  992  998  996
  9 Boom                  7127   -13  -37  -31   15   -1  -42  -29  -25    0    0   18   12   44  -68   15   78    4   70    9  -14   47  -28  154   54   12    8   81   15   21   24  100  130  143  385  407  448  392  753  991  989  997  999
 10 ACT-R Lag2            7105   -42  -93   18  -27  -27    0   37   52    0    0   18   23   92    8   39  138   25   89   73   32   47    9  221  782  -86   23  -12  -72   36  102    0   96  137  519  200  290  314  567  494  990  995  998
 11 Piedra                6750   -38  -43  -18  -18   11  -44  -25   11  -18  -18    0  -68  -34  -46  -58    8    0  -33  -21   25   55  -15   81  -27  -37   24   27   15   19  110  376  169  121  192  925  185  390  590  993  994  999  991
 12 Simple Predictor      6471  -185 -126  -53 -312  -72 -117  -73  -19  -12  -23   68    0  -13  -14   17   -8   46  124   90  -23   47    9  220   47  -73  -14  348  -90  277   66   94  154  208  234  283  401  414  588  986  986  995  996
 13 Marble                6387  -241 -209 -252 -104 -124 -145 -149  -72  -44  -92   34   13    0  -51 -122   40   37   28   13  -39   48  -17  198  649  -44  -52   18   28   49  152  131  178   99  298  900  274  382  594  996  991  998  996
 14 Shofar                6330   -36   27   24   46  -22   22  -15  -47   68   -8   46   14   51    0  -33   14   29   27   58    9   51  -18   56  246  -22   13    7  -35  114  100   74  129  154  105   75  439  262  553  904  939  977  933
 15 Bugbrain              5896   -19   15   19  -36    8  -58  -57   32  -15  -39   58  -17  122   33    0  127   -5  175   43  -16   45    3  161   51  -19  -18   64    6    7   27   98   43  114  104  262  233  195  392  929  940  898  991
 16 Granite               5827  -207 -186 -238  -80 -143 -159 -106  -60  -78 -138   -8    8  -40  -14 -127    0   43   30   60   -8   84  -51  282   54  -53  -25   36   29   -8  142   59  179  153  308  909  227  382  591  994  995  998  993
 17 Sweet Rocky           5758   -28  -41  -53  -38  -56  -37  -16  -28   -4  -25    0  -46  -37  -29    5  -43    0  -34   34  -26   67  -42   69  -39  -51  -33   50  -11   74   73  200  165  113  192  133  280  450  592  991  992  996  999
 18 ZQ Bot                5674  -307 -273 -245 -336 -105 -191  -51  -66  -70  -89   33 -124  -28  -27 -175  -30   34    0   58  -46   40  -44  188   -9  -36   -2  119   21   65  180  380  157  132  261  999  296  400  594 1000  988  997  986
 19 Mixed Strategy        5188   -81  -36  -75 -166 -123   -4 -133  -12   -9  -73   21  -90  -13  -58  -43  -60  -34  -58    0  -42   11  -31    4  738  -62  -50   60    5   53   27   51  144  -19  174  196   73  403  546  981  985  993  995
 20 Vroomfondel           4694    20  -60   22   -2  -19   17  -25  -30   14  -32  -25   23   39   -9   16    8   26   46   42    0   43  -20  215   75   -8   54  -54   -5   27   97   25   51  105  243  -35  250  149  455  -23  990  996  993
 21 * Anti-rotn           4644   -41  -68  -40  -66  -32  -61  -66  -55  -47  -47  -55  -47  -48  -51  -45  -84  -67  -40  -11  -43    0  -27  263  -45  -56  -48   -8   -7   27  255  -21   57  326   70   61  484  240  598  497  998  998  996
 22 Majikthise            4547     4  -87   20  -40  -14  -49   31   18   28   -9   15   -9   17   18   -3   51   42   44   31   20   27    0  137    6  -27   16   20   18    9   74   -8   26   87  218   17  269  189  419  -45  994  995  978
 23 Multi-strategy        2889  -262 -190 -154 -218 -184 -246 -334 -257 -154 -221  -81 -220 -198  -56 -161 -282  -69 -188   -4 -215 -263 -137    0  -52  -50  -20  -18  -57  274  120   36  123  273    3  500  462  400  999  997  997  999  997
 24 Inocencio             1560  -199 -204 -137  -95 -178 -170 -772  -48  -54 -782   27  -47 -649 -246  -51  -54   39    9 -738  -75   45   -6   52    0  -14  -29   20  292  132  163   41  168  148  144   90  249  364  353  842  973  975  982
 25 * De Bruijn            650   -25  -58  -16   43    4   47    7   33  -12   86   37   73   44   22   19   53   51   36   62    8   56   27   50   14    0   -1   12    5  -27    6  -43   23  -15   -7   -3   12  -16  128   -1   21    0 -105
 26 * Pi                   280     7   19   67   -1    3   14   12   32   -8  -23  -24   14   52  -13   18   25   33    2   50  -54   48  -16   20   29    1    0   19   41  -52  -11   -4  -81   10  -25   24    1   30   30   22  -11  -11   -9
 27 * Add-drift          -1677  -160  -75 -162 -221   18 -142  -43  -24  -81   12  -27 -348  -18   -7  -64  -36  -50 -119  -60   54    8  -20   18  -20  -12  -19    0   -5   12  -78   20  -58   35   14   -1   17   17  -18  -22    9   21  -42
 28 * Foxtrot            -2035  -406 -343  -73  -19 -407 -179 -395  -26  -15   72  -15   90  -28   35   -6  -29   11  -21   -5    5    7  -18   57 -292   -5  -41    5    0  -40   45  -55  -14  -26   51  -41   31  -12   48   -8    8  -12   31
 29 * Copy-drift         -2037  -141  -29  -55 -261  -77 -125  -17 -109  -21  -36  -19 -277  -49 -114   -7    8  -74  -65  -53  -27  -27   -9 -274 -132   27   52  -12   40    0   -9   16    3   31 -120   11  -26  -17   -9  -47    4  -24   33
 30 * Flat               -2764  -172  -65 -183  -97 -163  -98 -178  -23  -24 -102 -110  -66 -152 -100  -27 -142  -73 -180  -27  -97 -255  -74 -120 -163   -6   11   78  -45    9    0   40   21  -31   -2 -166    7  -71  239  200   56    0 -413
 31 * Add-react          -3197  -285 -261 -324 -104  -79 -349  -33  -42 -100    0 -376  -94 -131  -74  -98  -59 -200 -380  -51  -25   21    8  -36  -41   43    4  -20   55  -16  -40    0   26  -28  -41  -54  -65  -35   -3   62   27  -14   15
 32 * Text               -3206  -113 -102 -133 -145 -118  -73 -147 -172 -130  -96 -169 -154 -178 -129  -43 -179 -165 -157 -144  -51  -57  -26 -123 -168  -23   81   58   14   -3  -21  -26    0   10   16    1   10   -9 -185  -74  -11 -185  113
 33 * Switch A Lot       -3328   -46  -62 -237 -224 -180 -191 -105 -145 -143 -137 -121 -208  -99 -154 -114 -153 -113 -132   19 -105 -326  -87 -273 -148   15  -10  -35   26  -31   31   28  -10    0  -26 -163  -18   40   -7  308   23  -24    9
 34 Knucklehead          -3728  -571 -372 -401 -289 -490 -444 -562 -375 -385 -519 -192 -234 -298 -105 -104 -308 -192 -261 -174 -243  -70 -218   -3 -144    7   25  -14  -51  120    2   41  -16   26    0  -59   -2   57  147  725  256  962 1000
 35 Peterbot             -6131  -843 -909 -924 -857 -781 -922  -86 -404 -407 -200 -925 -283 -900  -75 -262 -909 -133 -999 -196   35  -61  -17 -500  -90    3  -24    1   41  -11  166   54   -1  163   59    0  246  415  439  981  999 1000  986
 36 Always Switchin'     -7104  -186 -261 -459 -471 -277 -229 -221 -459 -448 -290 -185 -401 -274 -439 -233 -227 -280 -296  -73 -250 -484 -269 -462 -249  -12   -1  -17  -31   26   -7   65  -10   18    2 -246    0    8   29  513  -10  -17    9
 37 R-P-S 20-20-60       -9303  -357 -131 -339 -385 -382 -254 -355 -394 -392 -314 -390 -414 -382 -262 -195 -382 -450 -400 -403 -149 -240 -189 -400 -364   16  -30  -17   12   17   71   35    9  -40  -57 -415   -8    0 -377 -195   -9 -419   27
 38 Beat Frequent Pick  -14495  -917 -937 -928 -595 -571 -886 -597 -814 -753 -567 -590 -588 -594 -553 -392 -591 -592 -594 -546 -455 -598 -419 -999 -353 -128  -30   18  -48    9 -239    3  185    7 -147 -439  -29  377    0 -600    0  999  996
 39 Beat The Last Move  -19533  -993 -993 -991 -992 -998 -994 -198 -980 -991 -494 -993 -986 -996 -904 -929 -994 -991 -1000 -981   23 -497   45 -997 -842    1  -22   22    8   47 -200  -62   74 -308 -725 -981 -513  195  600    0    1 1000  996
 40 Rotate R-P-S        -25699  -981 -991 -992 -990 -997 -993 -994 -992 -989 -990 -994 -986 -991 -939 -940 -995 -992 -988 -985 -990 -998 -994 -997 -973  -21   11   -9   -8   -4  -56  -27   11  -23 -256 -999   10    9    0   -1    0    0 -665
 41 Good Ole Rock       -26060  -992 -995 -998 -998 -997 -999 -1000 -998 -997 -995 -999 -995 -998 -977 -898 -998 -996 -997 -993 -996 -998 -995 -999 -975    0   11  -21   12   24    0   14  185   24 -962 -1000   17  419 -999 -1000    0    0  999
 42 * Anti-Flat         -27767  -989 -994 -996 -995 -995 -1000 -999 -996 -999 -998 -991 -996 -996 -933 -991 -993 -999 -986 -995 -993 -996 -978 -997 -982  105    9   42  -31  -33  413  -15 -113   -9 -1000 -986   -9  -27 -996 -996  665 -999    0

 Match results (draw <= 50): 

    Player Name           total  W  L  D   1  2  3  4  5  6  7  8  9 10 11 12 13 14 15 16 17 18 19 20 21 22 23 24 25 26 27 28 29 30 31 32 33 34 35 36 37 38 39 40 41 42
  1 Phasenbott              69  29  1 11   1  0  1  1  2  2  1  1  1  2  1  2  1  1  2  2  2  2  2  2  2  2  1  2  1  2  2  2  2  1  2  2  2  2  2  2  2  2  2  2  2  2
  2 Iocaine Powder          67  26  0 15   2  1  1  2  2  2  1  1  1  1  1  1  1  1  1  2  1  2  1  2  1  2  2  2  1  2  2  2  2  2  2  2  2  1  2  2  2  2  2  2  2  2
  3 Simple Modeller         65  24  0 17   1  1  1  1  2  1  1  1  1  1  1  1  1  1  1  2  1  2  1  2  2  2  2  2  1  1  2  2  2  2  2  2  2  2  2  2  2  2  2  2  2  2
  4 Biopic                  64  24  1 16   1  0  1  1  1  1  2  1  1  1  1  1  2  1  1  2  1  2  1  2  1  2  2  2  1  2  1  2  2  2  2  2  2  2  2  2  2  2  2  2  2  2
  5 MegaHAL                 63  26  4 11   0  0  0  1  1  2  1  1  1  1  1  2  2  1  1  2  1  2  1  2  1  2  2  2  0  2  2  2  2  2  2  2  2  2  2  2  2  2  2  2  2  2
  6 RussRocker4             63  25  3 13   0  0  1  1  0  1  1  1  1  1  2  2  1  1  1  2  1  2  1  2  2  2  1  2  1  2  2  2  2  2  2  2  2  2  2  2  2  2  2  2  2  2
  7 Yomi AI                 62  22  1 18   1  1  1  0  1  1  1  1  1  1  2  1  1  1  1  2  1  2  1  2  2  2  2  2  1  2  1  2  2  1  1  2  2  2  2  2  2  2  2  2  2  2
  8 Shofar                  61  20  0 21   1  1  1  1  1  1  1  1  2  1  1  1  1  1  1  1  1  1  1  1  2  2  2  2  1  1  1  2  2  2  2  2  2  2  2  2  2  2  2  2  2  2
  9 Boom                    57  17  1 23   1  1  1  1  1  1  1  0  1  1  1  1  1  1  1  1  1  2  1  2  1  1  1  2  1  1  2  2  2  1  2  2  1  2  2  2  2  2  2  2  2  2
 10 ACT-R Lag2              57  19  3 19   0  1  1  1  1  1  1  1  1  1  1  2  1  1  1  1  1  2  0  2  1  2  2  2  1  0  1  2  2  1  1  2  2  2  2  2  2  2  2  2  2  2
 11 Bugbrain                57  18  2 21   1  1  1  1  1  0  0  1  1  1  1  1  1  2  1  1  1  2  1  2  1  2  1  2  1  1  2  2  2  1  2  2  1  2  1  2  2  2  2  2  2  2
 12 Robertot                54  17  4 20   0  1  1  1  0  0  1  1  1  0  1  1  1  1  1  1  1  2  1  2  2  2  1  1  1  1  1  2  2  2  1  2  1  2  2  2  2  2  2  2  2  2
 13 Sweet Rocky             54  16  3 22   1  1  1  0  0  1  1  1  1  1  1  1  1  1  1  1  1  1  0  1  2  1  1  1  1  1  1  2  2  2  2  2  2  2  2  2  2  2  2  2  2  2
 14 Piedra                  54  15  2 24   1  1  1  1  1  1  1  1  1  1  0  1  1  1  1  0  1  1  1  1  2  1  1  1  1  1  1  2  2  1  2  2  2  2  2  2  2  2  2  2  2  2
 15 Vroomfondel             52  13  2 26   0  1  1  1  1  1  1  1  1  1  1  1  1  1  1  1  1  1  1  1  1  1  1  2  2  1  0  2  1  1  1  2  2  2  2  1  2  2  2  2  2  2
 16 Simple Predictor        51  19  9 13   0  0  0  0  0  0  0  1  1  1  1  1  1  2  1  1  1  2  0  1  1  1  2  1  1  0  2  2  2  2  2  2  2  2  2  2  2  2  2  2  2  2
 17 Majikthise              51  11  1 29   0  1  1  1  1  1  1  1  1  1  1  1  1  1  1  1  1  1  1  2  1  1  1  1  1  1  1  2  1  1  1  2  2  2  1  1  2  2  2  2  2  2
 18 ZQ Bot                  46  17 12 12   0  0  0  0  0  0  0  1  0  0  0  0  1  1  1  0  1  1  1  1  1  1  2  1  1  1  2  2  2  2  2  2  2  2  2  2  2  2  2  2  2  2
 19 * De Bruijn             46   7  2 32   0  1  1  1  1  1  1  1  1  2  1  1  2  1  1  2  1  1  1  2  2  1  2  1  1  1  1  1  1  1  1  1  1  1  1  1  1  1  2  0  1  1
 20 Granite                 45  17 13 11   0  0  0  0  0  0  0  1  0  0  0  0  1  1  1  1  0  1  0  1  2  1  2  2  1  1  1  2  2  1  2  2  2  2  2  2  2  2  2  2  2  2
 21 * Anti-rotn             44  13 10 18   0  1  0  1  1  0  0  0  1  1  1  0  0  0  1  1  1  1  0  0  1  1  1  1  1  1  1  2  2  1  1  2  2  2  2  2  2  2  2  2  2  2
 22 Marble                  44  15 12 14   0  0  0  0  0  0  0  0  1  0  0  0  1  1  1  1  1  1  1  1  1  1  1  2  0  1  1  2  2  1  2  2  2  2  2  2  2  2  2  2  2  2
 23 Mixed Strategy          44  14 11 16   1  0  0  0  0  1  0  0  1  0  1  1  1  1  1  0  1  0  0  0  1  1  1  2  1  1  2  1  2  2  2  2  1  1  2  2  2  2  2  2  2  2
 24 Inocencio               41  15 15 11   0  0  0  0  0  0  0  0  0  0  0  1  1  1  0  1  1  1  1  0  1  0  0  1  1  2  1  2  2  2  1  2  2  2  2  2  2  2  2  2  2  2
 25 * Pi                    40   2  3 36   1  1  1  1  2  1  1  1  1  1  1  1  1  1  0  1  1  1  1  1  1  2  1  1  1  1  1  1  1  0  1  1  1  1  0  1  1  1  1  1  1  1
 26 * Foxtrot               37   4  8 29   0  0  1  0  0  0  0  1  1  2  1  1  1  1  1  2  1  1  1  1  1  1  1  0  1  1  1  2  1  1  0  2  1  1  1  1  1  1  1  1  1  1
 27 * Add-drift             30   1 12 28   0  0  0  1  0  0  1  1  0  1  0  1  1  1  2  0  1  0  1  1  1  1  0  1  1  1  1  1  1  1  1  1  0  1  0  1  1  1  1  1  1  1
 28 Multi-strategy          30  12 23  6   0  0  0  0  0  0  0  0  0  0  0  0  0  0  0  0  0  0  1  0  0  0  1  0  1  0  1  1  2  2  1  1  2  2  2  2  2  2  2  2  2  2
 29 Peterbot                30  11 22  8   0  0  0  0  0  0  0  0  0  0  0  0  0  0  1  0  1  0  1  0  0  0  0  0  1  1  1  0  1  1  2  2  2  2  1  2  2  2  2  2  2  2
 30 * Copy-drift            28   1 14 26   1  0  0  0  0  0  1  0  1  1  1  0  0  1  1  0  1  0  1  1  1  1  0  0  2  1  1  0  1  1  1  0  1  1  1  1  1  1  1  1  1  1
 31 * Add-react             25   2 18 21   0  0  0  0  0  0  1  0  0  1  0  1  0  0  1  0  1  0  1  0  1  0  0  1  1  2  1  1  0  1  1  1  1  1  1  2  0  1  1  1  1  1
 32 Knucklehead             23   7 25  9   0  0  0  0  0  0  0  0  0  0  0  0  0  0  0  0  0  0  1  0  0  0  0  0  1  0  1  1  0  2  1  1  1  1  1  2  1  2  2  2  2  2
 33 * Flat                  22   4 23 14   0  0  0  0  0  0  0  0  1  0  1  1  0  0  0  0  0  0  1  0  0  0  1  0  1  1  2  0  0  1  1  1  1  1  1  2  1  1  2  0  2  0
 34 * Switch A Lot          19   1 23 17   0  1  0  0  0  0  0  0  0  0  0  0  0  0  0  0  0  0  1  0  0  0  1  0  1  1  1  0  0  1  1  1  1  1  1  2  1  1  1  1  1  1
 35 * Text                  19   3 25 13   0  0  0  0  0  0  0  0  0  0  1  0  0  0  0  0  1  0  1  0  0  0  0  0  2  1  2  0  1  1  1  1  1  1  1  0  1  0  0  2  1  1
 36 Beat The Last Move      18   5 28  8   0  0  0  0  0  0  0  0  0  0  0  0  0  0  1  0  1  0  1  0  0  0  0  0  1  1  1  0  0  1  0  0  0  0  2  1  0  2  2  2  1  2
 37 Always Switchin'        18   2 25 14   0  0  0  0  0  0  0  0  0  0  0  0  0  0  0  0  0  0  1  0  0  0  0  0  1  1  1  0  0  1  2  1  1  1  1  2  1  1  1  1  1  1
 38 Good Ole Rock           16   3 28 10   0  0  0  0  0  0  0  0  0  0  0  0  0  0  0  0  0  0  1  0  0  0  0  0  1  1  1  0  0  1  1  0  1  1  2  0  1  1  0  2  1  2
 39 Beat Frequent Pick      16   4 29  8   0  0  0  0  0  0  0  0  0  0  0  0  0  0  0  0  0  0  0  0  0  0  0  0  1  1  1  0  0  1  1  0  0  1  2  0  1  2  1  2  1  2
 40 * Anti-Flat             14   3 30  8   0  0  0  0  0  0  0  0  0  0  0  0  0  0  0  0  0  0  2  0  0  0  0  0  1  1  1  0  0  1  1  0  2  1  0  0  1  0  0  1  2  1
 41 Rotate R-P-S            13   0 28 13   0  0  0  0  0  0  0  0  0  0  0  0  0  0  0  0  0  0  1  0  0  0  0  0  1  1  1  0  0  1  1  0  0  1  1  1  1  1  1  0  1  1
 42 R-P-S 20-20-60          13   1 29 11   0  0  0  0  0  0  0  0  0  0  0  0  0  0  0  0  0  0  1  0  0  0  0  0  1  1  1  0  0  1  1  0  2  1  1  0  1  0  0  1  1  1


   Yomi AI is match ranked 7

 Tournament results:
    Player Name          total 
  1 Yomi AI               7584 
 19 Iocaine Powder       10677 
 20 Phasenbott            9729 
 21 MegaHAL               9305 
 22 RussRocker4           8086 
 23 Biopic                8497 
 24 Simple Modeller       9133 

   Yomi is tournament ranked 7

