 Playing 1 tournaments with 1000 trials per match...

 Yomi AI            vs Good Ole Rock       Match: 1000 (1000+   0-   0=)
 Yomi AI            vs R-P-S 20-20-60      Match:  144 (415+ 271- 314=)
 Yomi AI            vs Rotate R-P-S        Match:  412 (570+ 158- 272=)
 Yomi AI            vs Beat The Last Move  Match:   80 (372+ 292- 336=)
 Yomi AI            vs Always Switchin'    Match:  124 (394+ 270- 336=)
 Yomi AI            vs Beat Frequent Pick  Match:  320 (553+ 233- 214=)
 Yomi AI            vs * Pi                Match:    2 (323+ 321- 356=)
 Yomi AI            vs * Switch A Lot      Match:  123 (410+ 287- 303=)
 Yomi AI            vs * Flat              Match:   35 (354+ 319- 327=)
 Yomi AI            vs * Anti-Flat         Match:  999 (999+   0-   1=)
 Yomi AI            vs * Foxtrot           Match:  313 (538+ 225- 237=)
 Yomi AI            vs * De Bruijn         Match:  -32 (303+ 335- 362=)
 Yomi AI            vs * Text              Match:   37 (353+ 316- 331=)
 Yomi AI            vs * Anti-rotn         Match:   50 (349+ 299- 352=)
 Yomi AI            vs * Copy-drift        Match:   22 (344+ 322- 334=)
 Yomi AI            vs * Add-react         Match:   26 (351+ 325- 324=)
 Yomi AI            vs * Add-drift         Match:    6 (354+ 348- 298=)
 Yomi AI            vs Iocaine Powder      Match:  -23 (332+ 355- 313=)
 Yomi AI            vs Phasenbott          Match:  -19 (330+ 349- 321=)
 Yomi AI            vs MegaHAL             Match:  -31 (319+ 350- 331=)
 Yomi AI            vs RussRocker4         Match:   -1 (345+ 346- 309=)
 Yomi AI            vs Biopic              Match:   16 (353+ 337- 310=)
 Yomi AI            vs Simple Modeller     Match:  -17 (323+ 340- 337=)
 Yomi AI            vs Simple Predictor    Match:   -2 (345+ 347- 308=)
 Yomi AI            vs Robertot            Match:   31 (349+ 318- 333=)
 Yomi AI            vs Boom                Match:   53 (360+ 307- 333=)
 Yomi AI            vs Shofar              Match:   54 (359+ 305- 336=)
 Yomi AI            vs ACT-R Lag2          Match:  -37 (318+ 355- 327=)
 Yomi AI            vs Majikthise          Match:   42 (363+ 321- 316=)
 Yomi AI            vs Vroomfondel         Match:    6 (338+ 332- 330=)
 Yomi AI            vs Granite             Match:  115 (434+ 319- 247=)
 Yomi AI            vs Marble              Match:   83 (417+ 334- 249=)
 Yomi AI            vs ZQ Bot              Match:   97 (406+ 309- 285=)
 Yomi AI            vs Sweet Rocky         Match:   56 (390+ 334- 276=)
 Yomi AI            vs Piedra              Match:   38 (367+ 329- 304=)
 Yomi AI            vs Mixed Strategy      Match:   17 (354+ 337- 309=)
 Yomi AI            vs Multi-strategy      Match:  125 (409+ 284- 307=)
 Yomi AI            vs Inocencio           Match:   71 (375+ 304- 321=)
 Yomi AI            vs Peterbot            Match:   34 (364+ 330- 306=)
 Yomi AI            vs Bugbrain            Match:  -11 (333+ 344- 323=)
 Yomi AI            vs Knucklehead         Match:  244 (486+ 242- 272=)
 Final results (draw value = 50):

 Tournament results: 

    Player Name          total     1    2    3    4    5    6    7    8    9   10   11   12   13   14   15   16   17   18   19   20   21   22   23   24   25   26   27   28   29   30   31   32   33   34   35   36   37   38   39   40   41   42
  1 Iocaine Powder       10822     0   71  112   34   31  201  508   95   19  219   42  270   74  -25   41  302  -13  114  -21   52    7   23  198  168   35    3  151  204  382  189  100  299   12  546  250  892  369  922  983  989  993  981
  2 Phasenbott           10294   -71    0   66   38   46  117  537   36   19  219   86  245   48   -3   24  261   63   71   -6   50   52   19  208  224   79    7  141   85  388  137   76  328   80  403  208  958  190  913  987  993  995  977
  3 MegaHAL               9070  -112  -66    0    7  -26   52   60   17   40  207  -36  222   17  -37   51  236  -49   44  -16   55   -4   31  144  139   29  -41  140   51   49  176  189  240  223  399  464  876  375  944  993  989  998 1000
  4 Simple Modeller       8879   -34  -38   -7    0   -5  293  -58    1  -11   95  -17   74   52    6   18  323   20  114   16   50  -20   17  217   93    6  -56  218  268  -19  105  132  101  299  254  474  935  385  595  995  994  999  995
  5 Biopic                8355   -31  -46   26    5    0   25   17   13  -20  111   53  136   62  -43   52   43  -43  -38   23   45   19  -16  283  126   44    7   16   75  385  153  145   82  145  496  327  749  424  525  995  993  999  993
  6 Simple Predictor      8052  -201 -117  -52 -293  -25    0  -64  -31   -8   15  -19  -39   28   21   40  130   35   77  -64   48  -22    2  179  798  -79  -14  366  232   -5   64  154  116  212  315  409  860  430  592  985  986  995  996
  7 RussRocker4           7679  -508 -537  -60   58  -17   64    0   36  -11  145   38  169   21  -32   66  159    1  119  -22   54    9    1  286  146  -44    2  164   73  179   73   90  340  118  477  216  934  284  605  994  994  998  997
  8 Robertot              7548   -95  -36  -17   -1  -13   31  -36    0  -22  103  -11   59   66  -13   74   71  -38   50  -44   47  -11  -31  252   68  -29  -16   43   48   55   74  158   97   84  449  467  654  379  835  806  994  998  999
  9 Boom                  7417   -19  -19  -40   11   20    8   11   22    0    1  -57   48   51    2   60   57  -20   19  -32   51  -14  -53  317    8   22   -8  -45  144  -65  -57  118   96  133  528  306  766  331  753  980  990  997  996
 10 Marble                7130  -219 -219 -207  -95 -111  -15 -145 -103   -1    0  -99  -40   44  -68   43   46  -48   30   32   54  -31  -83  456  644  -48  -13   98   48   90  197  178  122   90  343  292  920  371  591  996  996  998  996
 11 ACT-R Lag2            6793   -42  -86   36   17  -53   19  -38   11   57   99    0   96   42   -8   29  111   27   41  -19   25   12   37  358   75  -76  -18   -8   27    9  171   71   41  172  528  292  245  237  580  690  994  996  996
 12 Granite               6612  -270 -245 -222  -74 -136   39 -169  -59  -48   40  -96    0   21  -53   72  -25  -43    2  -43   47  -26 -115  223  646  -83    2   47   19   38  149  181  161   92  383  269  925  390  591  994  995  998  995
 13 Sweet Rocky           6533   -74  -48  -17  -52  -62  -28  -21  -66  -51  -44  -42  -21    0  -41   36  -44  -41   59  -23   27  -15  -56   83  -23   -4   -5   89   38   54  162  149  340  117  125  196  896  371  590  992  990  997 1000
 14 Shofar                6380    25    3   37   -6   43  -21   32   13   -2   68    8   53   41    0   44   30  -37   50   13   43    6  -54  152   55  -36  -14   21  127    4   24   56   35  243  117  428  123  327  555  901  923  977  973
 15 Piedra                6223   -41  -24  -51  -18  -52  -40  -66  -74  -60  -43  -29  -72  -36  -44    0  -11  -75   21  -75   48  -23  -38  108  791  -38  -32    5   21   32  117  191  151  236   40  218  226  396  593  986  988  998  999
 16 ZQ Bot                6149  -302 -261 -236 -323  -43 -130 -159  -71  -57  -46 -111   25   44  -30   11    0 -156    9  -63   64  -77  -97  255  464  -42   21   54   73   63  154  173  344  191  293  268  891  389  597  991  993  999  987
 17 Bugbrain              6091    13  -63   49  -20   43  -35   -1   38   20   48  -27   43   41   37   75  156    0  109  -37   56   15   11   83   42  -54   -5  129   41  -21   63   15   82  120  122  245  179  250  389  924  964  963  989
 18 Mixed Strategy        4865  -114  -71  -44 -114   38  -77 -119  -50  -19  -30  -41   -2  -59  -50  -21   -9 -109    0  -13   18   -1  -17   29   10  -78  -20   11   18   32   -8  165   74  184  243   46  316  407  464  972  929  993  982
 19 Majikthise            4701    21    6   16  -16  -23   64   22   44   32  -32   19   43   23  -13   75   63   37   13    0  -40  -10  -42  209   -7   -7   24   -5   10  -11   74   23   10  141  241  232  -41   99  441  -10  988  992  996
 20 * Anti-rotn           4635   -52  -50  -55  -50  -45  -48  -54  -47  -51  -54  -25  -47  -27  -43  -48  -64  -56  -18   40    0    6  -50  265  -44  -51  -44  -31   34   17  186   52  -11  331   39  470   31  145  598  499  997  999  991
 21 Vroomfondel           4607    -7  -52    4   20  -19   22   -9   11   14   31  -12   26   15   -6   23   77  -15    1   10   -6    0   -6  191   56  -10   14  -43   59   -9   69   59   -5   46  154  230   12  208  477  -13  994  998  998
 22 Yomi AI               4602   -23  -19  -31  -17   16   -2   -1   31   53   83  -37  115   56   54   38   97  -11   17   42   50    6    0  125   71  -32    2    6   22  313   35   37   26  123  244  124   34  144  320   80  412 1000  999
 23 Multi-strategy        1866  -198 -208 -144 -217 -283 -179 -286 -252 -317 -456 -358 -223  -83 -152 -108 -255  -83  -29 -209 -265 -191 -125    0  -59  -50  -20  -18  257  -16  140  123   -5  257    8  468  -31  442  999  997  997  999  999
 24 Inocencio             1549  -168 -224 -139  -93 -126 -798 -146  -68   -8 -644  -75 -646   23  -55 -791 -464  -42  -10    7   44  -56  -71   59    0  -11  -18    2   52  299  179  163   72   70  191  277  135  408  358  915  982  984  982
 25 * De Bruijn            476   -35  -79  -29   -6  -44   79   44   29  -22   48   76   83    4   36   38   42   54   78    7   51   10   32   50   11    0   -1   -9  -18   12  -27   23   -4  -34   -5   15  -20  -43  128   -1   21    0 -118
 26 * Pi                   189    -3   -7   41   56   -7   14   -2   16    8   13   18   -2    5   14   32  -21    5   20  -24   44  -14   -2   20   18    1    0  -25   46  -10    6  -81  -23   -4  -33   42    5    1   30   22  -11  -11   -8
 27 * Add-drift          -1456  -151 -141 -140 -218  -16 -366 -164  -43   45  -98    8  -47  -89  -21   -5  -54 -129  -11    5   31   43   -6   18   -2    9   25    0   -8   -9   26  -13   34  -40   12  -10  -35   30    6   24    4   11   29
 28 * Copy-drift         -2146  -204  -85  -51 -268  -75 -232  -73  -48 -144  -48  -27  -19  -38 -127  -21  -73  -41  -18  -10  -34  -59  -22 -257  -52   18  -46    8    0   -6  -11   -1  -13    6  -31    9  -50  -12   -3  -13   -8   10   23
 29 * Foxtrot            -2316  -382 -388  -49   19 -385    5 -179  -55   65  -90   -9  -38  -54   -4  -32  -63   21  -32   11  -17    9 -313   16 -299  -12   10    9    6    0  -19   -7   19  -66   41   25  -18  -16   -4    5  -49   14  -11
 30 * Flat               -2753  -189 -137 -176 -105 -153  -64  -73  -74   57 -197 -171 -149 -162  -24 -117 -154  -63    8  -74 -186  -69  -35 -140 -179   27   -6  -26   11   19    0  -28   24  -19   33   -4 -194  -13  232  202   25    1 -411
 31 * Text               -2926  -100  -76 -189 -132 -145 -154  -90 -158 -118 -178  -71 -181 -149  -56 -191 -173  -15 -165  -23  -52  -59  -37 -123 -163  -23   81   13    1    7   28    0  -30   16   60   19   20   22 -185  -74  -11 -185  113
 32 * Add-react          -2943  -299 -328 -240 -101  -82 -116 -340  -97  -96 -122  -41 -161 -340  -35 -151 -344  -82  -74  -10   11    5  -26    5  -72    4   23  -34   13  -19  -24   30    0   10  -64   13  -24   22   14    6  106  -12  129
 33 * Switch A Lot       -3337   -12  -80 -223 -299 -145 -212 -118  -84 -133  -90 -172  -92 -117 -243 -236 -191 -120 -184 -141 -331  -46 -123 -257  -70   34    4   40   -6   66   19  -16  -10    0   -4  -14 -139   47   12  334  -31   43    3
 34 Knucklehead          -3690  -546 -403 -399 -254 -496 -315 -477 -449 -528 -343 -528 -383 -125 -117  -40 -293 -122 -243 -241  -39 -154 -244   -8 -191    5   33  -12   31  -41  -33  -60   64    4    0   57   29   12  145  964   86  968  996
 35 Always Switchin'     -7033  -250 -208 -464 -474 -327 -409 -216 -467 -306 -292 -292 -269 -196 -428 -218 -268 -245  -46 -232 -470 -230 -124 -468 -277  -15  -42   10   -9  -25    4  -19  -13   14  -57    0 -231    8   51  495    9    2  -39
 36 Peterbot             -7122  -892 -958 -876 -935 -749 -860 -934 -654 -766 -920 -245 -925 -896 -123 -226 -891 -179 -316   41  -31  -12  -34   31 -135   20   -5   35   50   18  194  -20   24  139  -29  231    0  312  434  963  999  998 1000
 37 R-P-S 20-20-60       -8619  -369 -190 -375 -385 -424 -430 -284 -379 -331 -371 -237 -390 -371 -327 -396 -389 -250 -407  -99 -145 -208 -144 -442 -408   43   -1  -30   12   16   13  -22  -22  -47  -12   -8 -312    0 -433 -116   -5 -369  425
 38 Beat Frequent Pick  -13859  -922 -913 -944 -595 -525 -592 -605 -835 -753 -591 -580 -591 -590 -555 -593 -597 -389 -464 -441 -598 -477 -320 -999 -358 -128  -30   -6    3    4 -232  185  -14  -12 -145  -51 -434  433    0 -600    0  999  996
 39 Beat The Last Move  -19842  -983 -987 -993 -995 -995 -985 -994 -806 -980 -996 -690 -994 -992 -901 -986 -991 -924 -972   10 -499   13  -80 -997 -915    1  -22  -24   13   -5 -202   74   -6 -334 -964 -495 -963  116  600    0    1 1000 1000
 40 Rotate R-P-S        -24864  -989 -993 -989 -994 -993 -986 -994 -994 -990 -996 -994 -995 -990 -923 -988 -993 -964 -929 -988 -997 -994 -412 -997 -982  -21   11   -4    8   49  -25   11 -106   31  -86   -9 -999    5    0   -1    0    0 -664
 41 Good Ole Rock       -26333  -993 -995 -998 -999 -999 -995 -998 -998 -997 -998 -996 -998 -997 -977 -998 -999 -963 -993 -992 -999 -998 -1000 -999 -984    0   11  -11  -10  -14   -1  185   12  -43 -968   -2 -998  369 -999 -1000    0    0  999
 42 * Anti-Flat         -28278  -981 -977 -1000 -995 -993 -996 -997 -999 -996 -996 -996 -995 -1000 -973 -999 -987 -989 -982 -996 -991 -998 -999 -999 -982  118    8  -29  -23   11  411 -113 -129   -3 -996   39 -1000 -425 -996 -1000  664 -999    0

 Match results (draw <= 50): 

    Player Name           total  W  L  D   1  2  3  4  5  6  7  8  9 10 11 12 13 14 15 16 17 18 19 20 21 22 23 24 25 26 27 28 29 30 31 32 33 34 35 36 37 38 39 40 41 42
  1 Iocaine Powder          69  28  0 13   1  2  2  2  1  1  2  1  1  1  1  1  1  2  1  2  2  2  1  1  2  2  2  1  2  2  2  2  2  2  2  2  2  2  1  2  2  2  2  2  2  2
  2 Phasenbott              69  29  1 11   0  1  2  2  1  1  1  1  2  1  2  1  1  2  2  1  2  2  1  2  2  1  2  1  2  2  2  2  2  2  2  2  2  2  2  2  2  2  2  2  2  2
  3 RussRocker4             64  26  3 12   0  0  1  0  1  2  1  1  1  1  1  1  1  2  1  1  2  2  2  1  2  2  2  1  2  2  2  2  2  2  2  2  2  2  2  2  2  2  2  2  2  2
  4 MegaHAL                 63  24  2 15   0  0  2  1  1  1  1  1  1  1  1  1  1  2  1  1  2  2  2  1  2  2  1  1  2  1  2  2  2  2  2  2  2  2  2  2  2  2  2  2  2  2
  5 Biopic                  63  22  0 19   1  1  1  1  1  1  1  1  1  1  2  1  1  1  1  2  2  1  2  1  2  1  1  1  2  2  1  2  2  2  2  2  2  2  2  2  2  2  2  2  2  2
  6 Simple Modeller         62  23  2 16   1  1  0  1  1  1  1  1  1  1  1  1  1  2  1  2  2  2  1  1  2  1  2  0  2  1  2  2  2  2  2  2  2  2  2  2  2  2  2  2  2  2
  7 Robertot                61  21  1 19   0  1  1  1  1  1  1  1  1  1  1  1  1  1  1  2  2  2  2  1  2  1  1  1  2  2  1  2  2  1  2  2  2  2  2  2  2  2  2  2  2  2
  8 Yomi AI                 59  18  0 23   1  1  1  1  1  1  1  1  1  2  1  2  1  1  1  2  2  2  1  1  2  1  1  1  2  2  1  1  2  1  2  1  1  1  2  2  2  2  2  2  2  2
  9 Bugbrain                57  18  2 21   1  0  1  1  1  1  1  1  1  1  1  1  1  1  1  1  1  2  2  0  1  2  2  1  1  1  2  2  2  1  2  2  2  1  2  2  2  2  2  2  2  2
 10 Shofar                  56  16  1 24   1  1  1  1  1  1  1  0  1  1  1  1  1  1  1  1  2  1  1  1  2  1  1  1  2  1  1  2  2  2  2  1  1  2  2  2  2  2  2  2  2  2
 11 ACT-R Lag2              56  18  3 20   1  0  1  1  0  1  1  1  1  1  1  2  1  1  1  1  2  2  1  0  2  1  1  1  2  1  1  2  2  1  2  1  2  2  2  2  2  2  2  2  2  2
 12 Boom                    55  18  4 19   1  1  1  1  1  1  1  0  1  1  0  1  1  1  1  2  1  2  2  1  1  2  1  1  1  0  1  2  2  2  2  2  0  2  2  2  2  2  2  2  2  2
 13 Majikthise              54  13  0 28   1  1  1  1  1  1  1  1  1  1  1  1  1  2  1  1  1  2  2  1  1  1  1  1  1  1  1  1  2  1  2  1  2  1  2  1  2  2  2  2  2  2
 14 Simple Predictor        53  19  7 15   0  0  0  0  1  0  1  1  1  1  1  1  0  1  1  1  1  2  1  0  1  1  2  1  2  1  2  2  2  2  2  2  2  2  2  2  2  2  2  2  2  2
 15 Vroomfondel             53  13  1 27   1  0  1  1  1  1  1  1  1  1  1  1  1  1  1  1  1  2  1  1  1  1  1  1  2  1  1  1  2  2  2  1  2  2  1  1  2  2  2  2  2  2
 16 Sweet Rocky             52  17  6 18   0  1  1  1  0  0  0  0  1  1  1  0  1  1  1  1  1  1  1  1  1  1  2  1  1  2  2  2  2  1  2  2  2  2  2  2  2  2  2  2  2  2
 17 Marble                  49  18 10 13   0  0  0  0  0  0  0  0  1  0  0  1  1  1  1  1  1  1  1  1  1  2  1  1  2  2  2  2  2  1  2  2  2  2  2  2  2  2  2  2  2  2
 18 ZQ Bot                  47  19 13  9   0  0  0  0  1  0  0  0  0  1  0  0  0  0  0  1  1  1  1  1  1  2  1  1  2  2  2  2  2  2  2  2  2  2  2  2  2  2  2  2  2  2
 19 Piedra                  47  14  8 19   1  1  0  0  0  1  0  1  0  1  1  0  0  1  1  1  1  1  1  1  0  1  1  1  2  1  1  2  2  1  1  2  2  2  2  2  2  2  2  2  2  2
 20 * De Bruijn             46   7  2 32   1  0  1  1  1  1  1  1  2  1  2  1  1  2  1  1  1  1  1  1  2  2  2  1  1  1  1  1  1  1  1  1  1  1  1  1  1  1  2  1  1  0
 21 Granite                 46  16 11 14   0  0  0  0  0  0  0  0  1  0  0  1  1  1  1  1  1  1  2  0  1  1  1  1  2  1  1  2  2  1  2  2  2  2  2  2  2  2  2  2  2  2
 22 * Anti-rotn             44  11  8 22   0  1  0  0  1  1  1  1  0  1  1  0  1  1  1  1  0  0  1  0  1  1  1  1  1  1  1  1  2  1  1  1  2  2  2  2  2  2  2  2  2  2
 23 Mixed Strategy          44  11  8 22   0  0  0  1  1  0  1  1  0  1  1  1  1  0  1  0  1  1  1  0  1  1  1  1  1  1  1  2  1  1  2  2  1  2  2  2  1  2  2  2  2  2
 24 * Pi                    41   1  1 39   1  1  1  1  1  2  1  1  1  1  1  1  1  1  1  1  1  1  1  1  1  1  1  1  1  1  1  1  1  1  1  1  1  0  1  1  1  1  1  1  1  1
 25 Inocencio               41  16 16  9   0  0  0  0  0  0  0  0  1  0  0  1  1  0  0  1  0  0  0  1  0  1  1  1  1  2  1  2  2  2  2  2  2  2  2  2  2  2  2  2  2  2
 26 * Foxtrot               31   1 11 29   0  0  0  1  0  1  0  0  1  1  1  2  1  1  1  0  0  0  1  1  1  1  1  1  0  1  1  1  1  1  1  1  1  1  0  1  1  1  1  1  1  1
 27 * Add-drift             31   0 10 31   0  0  0  0  1  0  1  1  0  1  1  1  1  0  1  0  0  0  1  1  1  1  1  1  1  1  1  1  1  1  1  1  1  1  1  1  1  1  1  1  1  1
 28 Peterbot                31   9 19 13   0  0  0  0  0  0  0  1  0  0  0  0  1  0  1  0  0  0  0  1  0  1  0  1  0  1  1  1  1  1  1  1  2  1  2  2  2  2  2  2  2  2
 29 Multi-strategy          30  11 22  8   0  0  0  0  0  0  0  0  0  0  0  0  0  0  0  0  0  0  0  1  0  0  1  1  0  1  1  1  1  2  1  1  2  2  2  2  2  2  2  2  2  2
 30 * Copy-drift            28   0 13 28   0  0  0  0  0  0  1  1  1  0  1  0  1  0  0  1  1  0  1  1  1  1  1  1  0  1  1  1  0  1  1  1  1  1  1  1  1  1  1  1  1  1
 31 Knucklehead             26   7 22 12   0  0  0  0  0  0  0  0  0  0  0  0  0  0  0  0  0  0  1  1  0  1  0  1  0  1  1  1  1  1  1  2  1  0  1  2  2  2  2  1  2  2
 32 * Add-react             25   2 18 21   0  0  0  0  0  0  0  1  0  1  1  0  1  0  1  0  0  0  0  1  0  1  0  1  0  1  1  1  1  1  0  1  1  1  1  1  1  1  1  1  2  2
 33 * Flat                  22   3 22 16   0  0  0  0  0  0  0  1  0  1  0  2  0  0  0  0  0  0  0  1  0  0  1  1  0  1  1  0  0  1  1  1  1  1  1  2  1  1  2  1  1  0
 34 * Text                  20   3 24 14   0  0  0  0  0  0  0  1  1  0  0  0  1  0  0  0  0  0  0  1  0  0  0  2  0  1  1  1  0  1  2  1  1  1  1  0  1  0  0  1  1  2
 35 * Switch A Lot          20   2 23 16   1  0  0  0  0  0  0  0  0  0  0  0  0  0  1  0  0  0  0  1  0  0  0  1  0  2  1  0  0  1  1  1  1  1  1  2  1  1  1  1  1  1
 36 Beat The Last Move      19   5 27  9   0  0  0  0  0  0  0  0  0  0  0  0  1  0  1  0  0  0  0  1  0  0  0  1  0  1  1  0  0  1  0  1  0  2  0  1  0  2  2  2  1  2
 37 Always Switchin'        18   2 25 14   0  0  0  0  0  0  0  0  0  0  0  0  0  0  0  0  0  0  0  1  0  0  1  1  0  1  1  0  0  1  0  1  1  1  1  2  1  1  2  1  1  1
 38 Good Ole Rock           16   3 28 10   0  0  0  0  0  0  0  0  0  0  0  0  0  0  0  0  0  0  0  1  0  0  0  1  0  1  1  0  0  1  0  1  1  2  1  0  1  1  0  2  1  2
 39 Beat Frequent Pick      15   4 30  7   0  0  0  0  0  0  0  0  0  0  0  0  0  0  0  0  0  0  0  0  0  0  0  1  0  1  1  0  0  1  0  1  0  2  1  0  0  2  1  2  1  2
 40 R-P-S 20-20-60          14   1 28 12   0  0  0  0  0  0  0  0  0  0  0  0  0  0  0  0  0  0  0  1  0  0  0  1  0  1  1  0  0  1  1  1  1  1  1  0  1  0  0  1  1  2
 41 Rotate R-P-S            13   0 28 13   0  0  0  0  0  0  0  0  0  0  0  0  0  0  0  0  0  0  0  1  0  0  0  1  0  1  1  0  0  1  0  0  1  1  1  1  1  1  1  1  1  0
 42 * Anti-Flat             12   3 32  6   0  0  0  0  0  0  0  0  0  0  0  0  0  0  0  0  0  0  0  2  0  0  0  1  0  1  1  0  0  1  0  0  2  0  1  0  1  0  0  0  2  1


   Yomi AI is match ranked 8

 Tournament results:
    Player Name          total 
  1 Yomi AI               4602 
 15 * Anti-rotn           4635 
 19 Iocaine Powder       10822 
 20 Phasenbott           10294 
 21 MegaHAL               9070 
 22 RussRocker4           7679 
 23 Biopic                8355 
 24 Simple Modeller       8879 
 25 Simple Predictor      8052 
 26 Robertot              7548 
 27 Boom                  7417 
 28 Shofar                6380 
 29 ACT-R Lag2            6793 
 30 Majikthise            4701 
 31 Vroomfondel           4607 
 32 Granite               6612 
 33 Marble                7130 
 34 ZQ Bot                6149 
 35 Sweet Rocky           6533 
 36 Piedra                6223 
 37 Mixed Strategy        4865 
 41 Bugbrain              6091 

   Yomi is tournament ranked 22

