 Playing 1 tournaments with 1000 trials per match...

 Yomi AI            vs Good Ole Rock       Match: 1000 (1000+   0-   0=)
 Yomi AI            vs R-P-S 20-20-60      Match:  285 (511+ 226- 263=)
 Yomi AI            vs Rotate R-P-S        Match:  854 (879+  25-  96=)
 Yomi AI            vs Beat The Last Move  Match:  -22 (322+ 344- 334=)
 Yomi AI            vs Always Switchin'    Match:  215 (475+ 260- 265=)
 Yomi AI            vs Beat Frequent Pick  Match:  439 (634+ 195- 171=)
 Yomi AI            vs * Pi                Match:  -10 (331+ 341- 328=)
 Yomi AI            vs * Switch A Lot      Match:   81 (384+ 303- 313=)
 Yomi AI            vs * Flat              Match:  150 (431+ 281- 288=)
 Yomi AI            vs * Anti-Flat         Match:  999 (999+   0-   1=)
 Yomi AI            vs * Foxtrot           Match:  344 (555+ 211- 234=)
 Yomi AI            vs * De Bruijn         Match:  -23 (317+ 340- 343=)
 Yomi AI            vs * Text              Match:  131 (416+ 285- 299=)
 Yomi AI            vs * Anti-rotn         Match:   42 (354+ 312- 334=)
 Yomi AI            vs * Copy-drift        Match:   10 (351+ 341- 308=)
 Yomi AI            vs * Add-react         Match:   15 (355+ 340- 305=)
 Yomi AI            vs * Add-drift         Match:    3 (343+ 340- 317=)
 Yomi AI            vs Iocaine Powder      Match:   27 (348+ 321- 331=)
 Yomi AI            vs Phasenbott          Match:  -15 (329+ 344- 327=)
 Yomi AI            vs MegaHAL             Match:  -20 (330+ 350- 320=)
 Yomi AI            vs RussRocker4         Match:   29 (358+ 329- 313=)
 Yomi AI            vs Biopic              Match:  -12 (342+ 354- 304=)
 Yomi AI            vs Simple Modeller     Match:   27 (344+ 317- 339=)
 Yomi AI            vs Simple Predictor    Match:   32 (365+ 333- 302=)
 Yomi AI            vs Robertot            Match:  -12 (358+ 370- 272=)
 Yomi AI            vs Boom                Match:   -8 (329+ 337- 334=)
 Yomi AI            vs Shofar              Match:   -7 (337+ 344- 319=)
 Yomi AI            vs ACT-R Lag2          Match:   -7 (343+ 350- 307=)
 Yomi AI            vs Majikthise          Match:    4 (337+ 333- 330=)
 Yomi AI            vs Vroomfondel         Match:   -5 (340+ 345- 315=)
 Yomi AI            vs Granite             Match:   93 (412+ 319- 269=)
 Yomi AI            vs Marble              Match:  115 (450+ 335- 215=)
 Yomi AI            vs ZQ Bot              Match:   79 (391+ 312- 297=)
 Yomi AI            vs Sweet Rocky         Match:   55 (381+ 326- 293=)
 Yomi AI            vs Piedra              Match:   44 (372+ 328- 300=)
 Yomi AI            vs Mixed Strategy      Match:   51 (369+ 318- 313=)
 Yomi AI            vs Multi-strategy      Match:  158 (433+ 275- 292=)
 Yomi AI            vs Inocencio           Match:   33 (361+ 328- 311=)
 Yomi AI            vs Peterbot            Match:  -11 (348+ 359- 293=)
 Yomi AI            vs Bugbrain            Match:   15 (347+ 332- 321=)
 Yomi AI            vs Knucklehead         Match:  455 (628+ 173- 199=)
Error: return value out of range.
 Final results (draw value = 50):

 Tournament results: 

    Player Name          total     1    2    3    4    5    6    7    8    9   10   11   12   13   14   15   16   17   18   19   20   21   22   23   24   25   26   27   28   29   30   31   32   33   34   35   36   37   38   39   40   41   42
  1 Iocaine Powder       10944     0   75   76   27   37  190  535  -11   28   42  304   55   17   12  -16  219  247  -27   57  179   11   54  272  130   -2   30  149  257  390  186  103  395   75  580  877  184  346  910  982  988  994  987
  2 Phasenbott            9817   -75    0   18   37   -7  147  534   71  -10   46  207   45   10  -13  -18  243  262   15   44   43   24  -15  238  154   33   14   91  144  354   34   97  373   83  347  893  246  210  932  986  995  995  990
  3 MegaHAL               9546   -76  -18    0  -13  -18   74  113   66   31   31  216   21    0  -35   26  261  240   20   80   83  -22   -4  224  217   -7  -48  201   68   29  159  142  288  215  350  866  482  361  944  990  994  999  996
  4 Biopic                8511   -27  -37   13    0   15   49  -50   49    4   32  101   -1  -14   -2  -38  105  100   12   71  190   10   22  270  121  -14   -8  -13   67  414  145  125   59  136  483  719  274  387  755  995  996  998  998
  5 Simple Modeller       8476   -37    7   18  -15    0  306  -62  -26  -14   37   32    7   35  -28   29  102  312  -27   55  137  -38   17  218   99  -49   -4  269  263   25   65  152   92  257  159  636  453  427  593  988  992  999  995
  6 Simple Predictor      7847  -190 -147  -74  -49 -306    0  -81  -76   40   22   18  -75   42  -24   15   41  199  -32   74   44  -47  -69  220  641  -73   19  304  277   -8   97  166  180  193  289  823  420  421  587  984  989  993 1000
  7 RussRocker4           7580  -535 -534 -113   50   62   81    0  -29   37   54  138  -17   26   -4   39  176  146  -29   48   40   -5   39  221  162  -37  -20  104  173  187   81   30  362  141  469  940  224  302  590  994  993  998  996
  8 Robertot              7304    11  -71  -66  -49   26   76   29    0  -54   90   11  -31   76  -44   20   45   82   12   48  -19   21  -26  245  -11  -66   -2  -23   32  -31   44  174   81  164  431  611  455  369  835  819  997  998  995
  9 Boom                  7252   -28   10  -31   -4   14  -40  -37   54    0   53    0   25   47  -28  -31   22   30    8   38   61  -29  -46  149   60   -8  -13   58   63  -24   14  113   99  218  435  460  425  388  753  991  986  997 1000
 10 Piedra                6894   -42  -46  -31  -32  -37  -22  -54  -90  -53    0  -36  -53   31  -42  -45  -24  -53  -44   51  -53  -58  -63  100  785   10  -17   28  -37   37  104  166  191   88  104  920  245  409  592  990  997  998  980
 11 Marble                6725  -304 -207 -216 -101  -32  -18 -138  -11    0   36    0 -106    7  -32  -62   -2   14 -115   44   43  -42   14  355  551  -56  -46   47   79   42  144  178  116  130  233  902  284  417  594  992  993  998 1000
 12 ACT-R Lag2            6711   -55  -45  -21    1   -7   75   17   31  -25   53  106    0   49   20   27  124   77    7   -7  117  -23  -24  226  102  -40  -24  -28    5  -61   78   99   46  136  483  180  253  273  575  934  993  996  988
 13 Sweet Rocky           6545   -17  -10    0   14  -35  -42  -26  -76  -47  -31   -7  -49    0  -53  -18  -37  -43  -55  -62  -22  -55  -17   90  691   -4   -7   71   16  -17  178  166  158  103  240  297  265  426  591  990  990  995  994
 14 Shofar                6254   -12   13   35    2   28   24    4   44   28   42   32  -20   53    0  -42   57   56    7   41   49   12  -45  122   77  -32   47  -11   83   -3  135  108  -18  107  102   96  429  279  559  895  937  970  964
 15 Bugbrain              5965    16   18  -26   38  -29  -15  -39  -20   31   45   62  -27   18   42    0   26  153  -15   35   -2   13   13   97   74  -13  -11   98   27   -9   97   29  104   92   85  276  264  180  395  961  924  961  997
 16 Granite               5958  -219 -243 -261 -105 -102  -41 -176  -45  -22   24    2 -124   37  -57  -26    0   45  -93   50   -7  -25  -25  256   50  -64  -31   10   26   46  197  182   76  170  321  976  210  365  591  996  996  998 1000
 17 ZQ Bot                5867  -247 -262 -240 -100 -312 -199 -146  -82  -30   53  -14  -77   43  -56 -153  -45    0  -79   34  -42  -13  -19  209  516  -56   -6   40   61   31  111  156  207  227  282  845  238  417  592  993  994  998  998
 18 Yomi AI               5633    27  -15  -20  -12   27   32   29  -12   -8   44  115   -7   55   -7   15   93   79    0   42   51    4   -5  158   33  -23  -10    3   10  344  150  131   15   81  455  -11  215  285  439  -22  854 1000  999
 19 * Anti-rotn           5267   -57  -44  -80  -71  -55  -74  -48  -48  -38  -51  -44    7   62  -41  -35  -50  -34  -42    0   28  -28  -41  232  310  -41  -54   36   -7  -17  227   53   45  321   94   50  496  214  598  499  997  998 1000
 20 Mixed Strategy        5106  -179  -43  -83 -190 -137  -44  -40   19  -61   53  -43 -117   22  -49    2    7   42  -51  -28    0  -52   -8   45   19  -84  -70    8   26   12  158  140   45  130  224  256  334  391  495  987  983  994  993
 21 Majikthise            4876   -11  -24   22  -10   38   47    5  -21   29   58   42   23   55  -12  -13   25   13   -4   28   52    0    1  139   76   35   27   27  -17   -5   61   16  -12   98  214   27  264  204  445  -45  992  994  993
 22 Vroomfondel           4836   -54   15    4  -22  -17   69  -39   26   46   63  -14   24   17   45  -13   25   19    5   41    8   -1    0  182   55   -3   50   29   26   18   55   58  -15   63  209   51  258  129  478  -37  993  995  995
 23 Multi-strategy        2853  -272 -238 -224 -270 -218 -220 -221 -245 -149 -100 -355 -226  -90 -122  -97 -256 -209 -158 -232  -45 -139 -182    0  -62  -50  -20  -11  237    1  159  123   19  296   57  500  486  397  999  997  997  999  997
 24 Inocencio             1302  -130 -154 -217 -121  -99 -641 -162   11  -60 -785 -551 -102 -691  -77  -74  -50 -516  -33 -310  -19  -76  -55   62    0  -18  -24    6   84  289  152  175  113  104  244  148  251  384  355  940  980  984  985
 25 * De Bruijn            751     2  -33    7   14   49   73   37   66    8  -10   56   40    4   32   13   64   56   23   41   84  -35    3   50   18    0   -1   -5   -7  -11   44   23   30    4   43  -24  -19  -31  128   -1   21    0 -105
 26 * Pi                   270   -30  -14   48    8    4  -19   20    2   13   17   46   24    7  -47   11   31    6   10   54   70  -27  -50   20   24    1    0  -25  -25   -3    3  -81    0   32   40   38   19   20   30   22  -11  -11   -7
 27 * Add-drift          -1388  -149  -91 -201   13 -269 -304 -104   23  -58  -28  -47   28  -71   11  -98  -10  -40   -3  -36   -8  -27  -29   11   -6    5   25    0  -12   32   30    0   19    9    3  -21    7    5   13   -5  -19   28  -14
 28 * Copy-drift         -1935  -257 -144  -68  -67 -263 -277 -173  -32  -63   37  -79   -5  -16  -83  -27  -26  -61  -10    7  -26   17  -26 -237  -84    7   25   12    0   23   18    4  -48    5  -45  -24  -27   41  -20  -11    0   47   21
 29 * Foxtrot            -2194  -390 -354  -29 -414  -25    8 -187   31   24  -37  -42   61   17    3    9  -46  -31 -344   17  -12    5  -18   -1 -289   11    3  -32  -23    0    4    3   -2   11  -35  -38  -12   29  -26  -18   -3   15  -37
 30 * Flat               -3090  -186  -34 -159 -145  -65  -97  -81  -44  -14 -104 -144  -78 -178 -135  -97 -197 -111 -150 -227 -158  -61  -55 -159 -152  -44   -3  -30  -18   -4    0  -54  -37   28   18 -167   27   18  237  201  -16    0 -415
 31 * Text               -3145  -103  -97 -142 -125 -152 -166  -30 -174 -113 -166 -178  -99 -166 -108  -29 -182 -156 -131  -53 -140  -16  -58 -123 -175  -23   81    0   -4   -3   54    0   12   -3  -10   12  -10  -25 -185  -74  -11 -185  111
 32 * Add-react          -3171  -395 -373 -288  -59  -92 -180 -362  -81  -99 -191 -116  -46 -158   18 -104  -76 -207  -15  -45  -45   12   15  -19 -113  -30    0  -19   48    2   37  -12    0  -27  -20  -54  -57  -26    6    0   33  -27   -6
 33 * Switch A Lot       -3386   -75  -83 -215 -136 -257 -193 -141 -164 -218  -88 -130 -136 -103 -107  -92 -170 -227  -81 -321 -130  -98  -63 -296 -104   -4  -32   -9   -5  -11  -28    3   27    0    5 -179   69   44   -1  310   30  -13   36
 34 Knucklehead          -3626  -580 -347 -350 -483 -159 -289 -469 -431 -435 -104 -233 -483 -240 -102  -85 -321 -282 -455  -94 -224 -214 -209  -57 -244  -43  -40   -3   45   35  -18   10   20   -5    0   27   -8   60  202  772  309  901 1000
 35 Peterbot             -6875  -877 -893 -866 -719 -636 -823 -940 -611 -460 -920 -902 -180 -297  -96 -276 -976 -845   11  -50 -256  -27  -51 -500 -148   24  -38   21   24   38  167  -12   54  179  -27    0  239  408  431  963  998  999  995
 36 Always Switchin'     -7362  -184 -246 -482 -274 -453 -420 -224 -455 -425 -245 -284 -253 -265 -429 -264 -210 -238 -215 -496 -334 -264 -258 -486 -251   19  -19   -7   27   12  -27   10   57  -69    8 -239    0   19   16  514   -5  -27    4
 37 R-P-S 20-20-60       -9433  -346 -210 -361 -387 -427 -421 -302 -369 -388 -409 -417 -273 -426 -279 -180 -365 -417 -285 -214 -391 -204 -129 -397 -384   31  -20   -5  -41  -29  -18   25   26  -44  -60 -408  -19    0 -366 -155   29 -407    9
 38 Beat Frequent Pick  -14267  -910 -932 -944 -755 -593 -587 -590 -835 -753 -592 -594 -575 -591 -559 -395 -591 -592 -439 -598 -495 -445 -478 -999 -355 -128  -30  -13   20   26 -237  185   -6    1 -202 -431  -16  366    0 -600    0  999  996
 39 Beat The Last Move  -19716  -982 -986 -990 -995 -988 -984 -994 -819 -991 -990 -992 -934 -990 -895 -961 -996 -993   22 -499 -987   45   37 -997 -940    1  -22    5   11   18 -201   74    0 -310 -772 -963 -514  155  600    0    1 1000 1000
 40 Rotate R-P-S        -25571  -988 -995 -994 -996 -992 -989 -993 -997 -986 -997 -993 -993 -990 -937 -924 -996 -994 -854 -997 -983 -992 -993 -997 -980  -21   11   19    0    3   16   11  -33  -30 -309 -998    5  -29    0   -1    0    0 -665
 41 Good Ole Rock       -26169  -994 -995 -999 -998 -999 -993 -998 -998 -997 -998 -998 -996 -995 -970 -961 -998 -998 -1000 -998 -994 -994 -995 -999 -984    0   11  -28  -47  -15    0  185   27   13 -901 -999   27  407 -999 -1000    0    0  999
 42 * Anti-Flat         -27762  -987 -990 -996 -998 -995 -1000 -996 -995 -1000 -980 -1000 -988 -994 -964 -997 -1000 -998 -999 -1000 -993 -993 -995 -997 -985  105    7   14  -21   37  415 -111    6  -36 -1000 -995   -4   -9 -996 -1000  665 -999    0

 Match results (draw <= 50): 

    Player Name           total  W  L  D   1  2  3  4  5  6  7  8  9 10 11 12 13 14 15 16 17 18 19 20 21 22 23 24 25 26 27 28 29 30 31 32 33 34 35 36 37 38 39 40 41 42
  1 Iocaine Powder          70  29  0 12   1  2  2  1  1  2  1  1  2  1  1  1  2  1  1  2  1  2  2  1  2  2  2  1  2  2  2  2  2  2  2  2  2  2  2  2  2  2  2  2  2  2
  2 MegaHAL                 65  25  1 15   0  1  1  1  1  2  1  1  1  1  1  1  1  2  1  2  1  2  2  1  2  2  2  1  2  1  2  2  2  2  2  2  2  2  2  2  2  2  2  2  2  2
  3 Phasenbott              63  23  1 17   0  1  1  1  1  2  1  1  1  1  1  1  1  2  1  2  1  2  1  1  2  2  1  1  2  2  2  2  2  2  2  2  2  2  1  2  2  2  2  2  2  2
  4 Biopic                  63  22  0 19   1  1  1  1  1  1  1  1  1  1  1  1  1  1  1  1  1  2  2  1  2  2  2  1  2  2  1  2  2  2  2  2  2  2  2  2  2  2  2  2  2  2
  5 Simple Modeller         62  22  1 18   1  1  1  1  1  0  1  1  1  1  1  1  1  1  1  2  1  1  2  1  2  2  2  1  2  1  2  2  2  2  2  2  2  2  2  2  2  2  2  2  2  2
  6 RussRocker4             61  23  3 15   0  0  0  1  2  1  1  1  1  1  1  1  1  1  1  2  2  2  1  1  2  2  1  1  2  2  2  2  2  2  2  2  2  1  2  2  2  2  2  2  2  2
  7 Boom                    60  19  0 22   1  1  1  1  1  1  1  1  1  1  1  1  1  2  1  1  2  1  1  1  1  1  2  1  2  1  2  2  2  2  2  2  2  2  1  2  2  2  2  2  2  2
  8 Shofar                  59  18  0 23   1  1  1  1  1  1  1  1  1  1  1  1  1  1  2  1  1  1  1  1  2  2  1  1  2  1  1  2  2  2  1  2  2  2  2  2  2  2  2  2  2  2
  9 ACT-R Lag2              59  20  2 19   0  1  1  1  1  1  1  1  1  1  1  1  1  1  1  2  2  2  1  1  2  2  2  1  2  0  1  2  2  1  1  2  2  2  2  2  2  2  2  2  2  2
 10 Yomi AI                 58  17  0 24   1  1  1  1  1  1  1  1  1  1  1  1  1  1  2  1  1  2  1  1  2  2  2  1  1  2  1  2  1  1  1  2  1  2  2  2  2  2  2  2  2  2
 11 Bugbrain                58  17  0 24   1  1  1  1  1  1  1  1  1  1  1  1  1  1  1  1  1  2  1  1  1  2  1  1  2  1  2  2  2  1  2  2  2  1  2  2  2  2  2  2  2  2
 12 Majikthise              55  14  0 27   1  1  1  1  1  1  1  1  1  1  1  1  1  1  2  1  2  1  1  1  1  1  2  1  2  1  1  2  1  1  1  2  1  1  2  2  2  2  2  2  2  2
 13 Vroomfondel             55  15  1 25   0  1  1  1  1  1  1  1  1  1  1  1  1  1  1  2  2  1  1  1  1  1  1  1  2  1  1  2  2  1  1  2  1  2  2  2  2  2  2  2  2  2
 14 Robertot                54  17  4 20   1  0  0  1  1  1  0  1  1  1  1  1  1  1  2  2  2  1  1  0  1  2  1  1  1  1  1  2  2  1  2  2  2  2  1  2  2  2  2  2  2  2
 15 Sweet Rocky             52  16  5 20   1  1  1  1  1  1  1  0  1  0  1  0  1  0  1  1  1  1  0  1  1  1  1  1  2  1  2  2  2  1  2  2  2  2  2  2  2  2  2  2  2  2
 16 Simple Predictor        51  19  9 13   0  0  0  1  0  0  1  1  0  1  1  1  0  0  1  1  1  1  2  0  1  2  1  1  2  1  2  2  2  2  2  2  2  2  2  2  2  2  2  2  2  2
 17 Piedra                  49  16  8 17   1  1  1  1  1  0  0  1  0  1  1  0  0  0  1  1  1  1  2  1  1  0  0  1  2  1  1  2  2  1  2  2  2  2  2  2  2  2  2  2  2  2
 18 Marble                  48  16  9 16   0  0  0  0  1  0  1  1  0  0  0  1  1  1  1  1  1  1  1  0  1  1  1  1  2  1  1  2  2  2  2  2  2  2  2  2  2  2  2  2  2  2
 19 * Anti-rotn             48  14  7 20   0  0  1  0  0  1  1  1  1  1  1  1  1  1  2  0  0  1  1  1  1  1  1  0  2  1  1  2  1  1  1  2  2  2  2  2  2  2  2  2  2  2
 20 * De Bruijn             47   7  1 33   1  1  1  1  1  1  1  1  1  1  1  1  1  2  1  2  1  2  1  1  2  2  2  1  1  1  1  1  1  1  1  1  1  1  1  1  1  2  1  0  1  1
 21 Granite                 45  14 10 17   0  0  0  0  0  0  1  0  0  0  1  1  1  1  1  1  1  1  1  0  1  1  1  1  1  1  1  2  2  1  2  2  2  2  2  2  2  2  2  2  2  2
 22 ZQ Bot                  45  17 13 11   0  0  0  0  0  0  1  0  0  0  0  1  1  0  1  0  2  1  1  0  1  1  1  1  2  1  1  2  2  2  2  2  2  2  2  2  2  2  2  2  2  2
 23 Mixed Strategy          44  13 10 18   0  0  1  0  0  1  0  1  0  0  1  0  1  1  1  1  2  1  1  0  1  1  1  0  1  1  1  1  2  1  1  2  2  2  2  2  2  2  2  2  2  2
 24 * Pi                    42   2  1 38   1  1  1  1  1  1  1  1  1  1  1  1  1  1  1  1  1  1  2  1  1  1  2  1  1  1  1  1  1  1  1  1  1  0  1  1  1  1  1  1  1  1
 25 Inocencio               39  16 18  7   0  0  0  0  0  0  0  0  0  1  0  0  0  1  0  0  0  0  0  1  1  0  1  1  1  2  1  2  2  2  2  2  2  2  2  2  2  2  2  2  2  2
 26 * Foxtrot               36   1  6 34   0  1  0  0  1  0  1  1  2  0  1  1  1  1  1  1  1  1  1  1  1  1  1  1  0  1  1  1  1  1  1  1  1  1  1  1  1  1  1  1  1  1
 27 * Add-drift             32   0  9 32   0  0  0  1  0  0  0  1  1  1  0  1  1  1  0  0  1  1  1  1  1  1  1  1  1  1  1  1  1  1  1  1  1  1  1  1  1  1  1  1  1  1
 28 Multi-strategy          32  13 22  6   0  0  0  0  0  0  0  0  0  0  0  0  0  0  0  0  0  0  0  1  0  0  1  1  0  1  1  1  2  2  1  2  2  2  2  2  2  2  2  2  2  2
 29 Peterbot                30  10 21 10   0  0  0  0  0  0  0  0  0  1  0  1  0  0  0  0  0  0  1  1  0  0  0  1  0  1  1  0  1  1  2  1  2  1  2  2  2  2  2  2  2  2
 30 * Copy-drift            28   0 13 28   0  0  0  0  0  0  0  0  1  1  1  1  1  1  1  0  1  0  1  1  1  0  1  1  0  1  1  0  1  1  1  1  1  1  1  1  1  1  1  1  1  1
 31 * Add-react             23   0 18 23   0  0  0  0  0  0  0  1  1  1  0  1  1  0  0  0  0  0  1  1  0  0  1  1  0  1  1  1  0  1  1  1  1  1  1  1  0  1  1  1  1  1
 32 Knucklehead             23   6 24 11   0  0  0  0  0  0  0  0  0  0  0  0  0  0  0  0  0  0  0  1  0  0  0  1  0  1  1  0  1  1  1  1  2  1  1  1  1  2  2  2  2  2
 33 Beat The Last Move      20   5 26 10   0  0  0  0  0  0  0  0  0  1  0  1  1  0  0  0  0  0  0  1  0  0  0  1  0  1  1  0  0  1  1  0  1  2  0  0  0  2  2  2  1  2
 34 * Text                  20   3 24 14   0  0  0  0  0  1  0  0  0  0  1  1  0  0  0  0  0  0  0  1  0  0  0  2  0  1  1  0  1  1  1  1  0  1  2  1  1  0  0  2  1  1
 35 * Flat                  19   2 24 15   0  0  1  0  0  0  1  0  0  0  0  0  0  1  0  0  0  0  0  1  0  0  0  1  0  1  1  0  0  1  1  1  2  0  1  1  1  2  1  0  1  1
 36 * Switch A Lot          18   2 25 14   0  0  0  0  0  0  0  0  0  0  0  0  0  0  0  0  0  0  0  1  0  0  0  1  0  1  1  0  0  1  1  1  2  1  1  1  2  1  1  1  1  1
 37 Always Switchin'        17   2 26 13   0  0  0  0  0  0  0  0  0  0  0  0  0  0  0  0  0  0  0  1  0  0  0  1  0  1  1  0  0  1  2  1  2  1  1  0  1  1  1  1  1  1
 38 Beat Frequent Pick      16   4 29  8   0  0  0  0  0  0  0  0  0  0  0  0  0  0  0  0  0  0  0  0  0  0  0  1  0  1  1  0  0  1  1  0  0  2  0  1  1  1  2  2  1  2
 39 Good Ole Rock           16   3 28 10   0  0  0  0  0  0  0  0  0  0  0  0  0  0  0  0  0  0  0  1  0  0  0  1  0  1  1  0  0  1  1  0  0  2  1  1  1  0  1  2  1  2
 40 * Anti-Flat             14   3 30  8   0  0  0  0  0  0  0  0  0  0  0  0  0  0  0  0  0  0  0  2  0  0  0  1  0  1  1  0  0  1  1  0  0  0  2  1  1  0  0  1  2  1
 41 Rotate R-P-S            14   0 27 14   0  0  0  0  0  0  0  0  0  0  0  0  0  0  0  0  0  0  0  1  0  0  0  1  0  1  1  0  0  1  1  0  1  1  1  1  1  1  1  0  1  1
 42 R-P-S 20-20-60          12   0 29 12   0  0  0  0  0  0  0  0  0  0  0  0  0  0  0  0  0  0  0  1  0  0  0  1  0  1  1  0  0  1  1  0  0  1  1  1  1  0  0  1  1  1


   Yomi AI is match ranked 10

 Tournament results:
    Player Name          total 
  1 Yomi AI               5633 
 19 Iocaine Powder       10944 
 20 Phasenbott            9817 
 21 MegaHAL               9546 
 22 RussRocker4           7580 
 23 Biopic                8511 
 24 Simple Modeller       8476 
 25 Simple Predictor      7847 
 26 Robertot              7304 
 27 Boom                  7252 
 28 Shofar                6254 
 29 ACT-R Lag2            6711 
 32 Granite               5958 
 33 Marble                6725 
 34 ZQ Bot                5867 
 35 Sweet Rocky           6545 
 36 Piedra                6894 
 41 Bugbrain              5965 

   Yomi is tournament ranked 18

