 Playing 1 tournaments with 1000 trials per match...

 Yomi AI            vs Good Ole Rock       Match: 1000 (1000+   0-   0=)
 Yomi AI            vs R-P-S 20-20-60      Match:  128 (439+ 311- 250=)
 Yomi AI            vs Rotate R-P-S        Match:  473 (730+ 257-  13=)
 Yomi AI            vs Beat The Last Move  Match:  -31 (317+ 348- 335=)
 Yomi AI            vs Always Switchin'    Match:   63 (396+ 333- 271=)
 Yomi AI            vs Beat Frequent Pick  Match:  360 (616+ 256- 128=)
 Yomi AI            vs * Pi                Match:    3 (318+ 315- 367=)
 Yomi AI            vs * Switch A Lot      Match:   30 (359+ 329- 312=)
 Yomi AI            vs * Flat              Match:   43 (372+ 329- 299=)
 Yomi AI            vs * Anti-Flat         Match:  999 (999+   0-   1=)
 Yomi AI            vs * Foxtrot           Match:  144 (447+ 303- 250=)
 Yomi AI            vs * De Bruijn         Match:  -30 (318+ 348- 334=)
 Yomi AI            vs * Text              Match:   32 (359+ 327- 314=)
 Yomi AI            vs * Anti-rotn         Match:    7 (332+ 325- 343=)
 Yomi AI            vs * Copy-drift        Match:  -18 (328+ 346- 326=)
 Yomi AI            vs * Add-react         Match:   15 (345+ 330- 325=)
 Yomi AI            vs * Add-drift         Match:   19 (344+ 325- 331=)
 Yomi AI            vs Iocaine Powder      Match:  -14 (333+ 347- 320=)
 Yomi AI            vs Phasenbott          Match:  -83 (293+ 376- 331=)
 Yomi AI            vs MegaHAL             Match:  -30 (326+ 356- 318=)
 Yomi AI            vs RussRocker4         Match:  -20 (329+ 349- 322=)
 Yomi AI            vs Biopic              Match:   32 (363+ 331- 306=)
 Yomi AI            vs Simple Modeller     Match:   33 (365+ 332- 303=)
 Yomi AI            vs Simple Predictor    Match:    4 (362+ 358- 280=)
 Yomi AI            vs Robertot            Match:   26 (375+ 349- 276=)
 Yomi AI            vs Boom                Match:   34 (353+ 319- 328=)
 Yomi AI            vs Shofar              Match:  -16 (323+ 339- 338=)
 Yomi AI            vs ACT-R Lag2          Match:  -14 (340+ 354- 306=)
 Yomi AI            vs Majikthise          Match:  -14 (335+ 349- 316=)
 Yomi AI            vs Vroomfondel         Match:  -52 (319+ 371- 310=)
 Yomi AI            vs Granite             Match:   74 (426+ 352- 222=)
 Yomi AI            vs Marble              Match:   94 (424+ 330- 246=)
 Yomi AI            vs ZQ Bot              Match:   70 (427+ 357- 216=)
 Yomi AI            vs Sweet Rocky         Match:   60 (375+ 315- 310=)
 Yomi AI            vs Piedra              Match:   27 (373+ 346- 281=)
 Yomi AI            vs Mixed Strategy      Match:   70 (396+ 326- 278=)
 Yomi AI            vs Multi-strategy      Match:  107 (418+ 311- 271=)
 Yomi AI            vs Inocencio           Match:   38 (369+ 331- 300=)
 Yomi AI            vs Peterbot            Match:  -48 (305+ 353- 342=)
 Yomi AI            vs Bugbrain            Match:   -2 (341+ 343- 316=)
 Yomi AI            vs Knucklehead         Match:  199 (503+ 304- 193=)
 Final results (draw value = 50):

 Tournament results: 

    Player Name          total     1    2    3    4    5    6    7    8    9   10   11   12   13   14   15   16   17   18   19   20   21   22   23   24   25   26   27   28   29   30   31   32   33   34   35   36   37   38   39   40   41   42
  1 Iocaine Powder       10881     0  120   40   33   38    2  517   78  200  203  237   19  -21   10  313   -5   48   98   42   41   48   14  241  184   50   24  169   60  376  183  310  125  107  578  275  879  419  870  986  992  991  987
  2 Phasenbott           10353  -120    0   49   72   24   60  547   -2  134  248  226   47   31   14  271   32   90   78    7   33   23   83  229  213   64   32   54  134  376   75  372   72  119  457  287  910  120  921  985  991  995 1000
  3 MegaHAL               9361   -40  -49    0  -46  -22   45  136   72   40  223  221    7  -62   23  240   77   71  -33   31   -1  -48   30  272  245  -64   41   44  210   45   64  237  142  286  340  418  905  335  944  990  994  998 1000
  4 Simple Modeller       8565   -33  -72   46    0  -31   -2  -17   25  281   36   79   21   -6   19  302   54   47   15   45   13  -37  -33  204  252  -56  -21  230  224   -8   94  110  145  254  302  471  652  396  594  988  992  996  994
  5 Biopic                8526   -38  -24   22   31    0   28  -24   48   38  140   92   49   35   57   93  -13   49   55   36  -30   26  -32  262  160    6  -34   80    1  365  129    8  -43  149  485  294 1000  339  705  995  997  996  994
  6 Robertot              8042    -2  -60  -45    2  -28    0  -81  -13   46   73   74   18   38   40  101  -24   46    9   43  -14   23  -26  294   44   -9  -12  121   19    3   55   60  174  104  387  460  894  398  861  982  995  999  993
  7 RussRocker4           7582  -517 -547 -136   17   24   81    0   36   93  131  164   54   -3   23  185   29   42   31  143  -27  -14   20  137  113  -72  -39  134  151  189  148  346  -33  136  442  214  946  368  592  992  993 1000  996
  8 Boom                  7304   -78    2  -72  -25  -48   13  -36    0  -33   92   45   72  -13   37   98   27   53   -1    0  -11  -24  -34  264   34   -8    8   43   -6   20   36   76  160  208  424  414  467  377  753  991  990  997  992
  9 Simple Predictor      7125  -200 -134  -40 -281  -38  -46  -93   33    0   25   43   46  -32   82  157   34   55  -21   27    6  -28   -4  191  387  -73   19  225  286  -44   58  156  154  219  232  409  325  440  587  986  990  993  994
 10 Marble                6705  -203 -248 -223  -36 -140  -73 -131  -92  -25    0    9   40  -50   83   35  -52   40 -165   46  -36  -17  -94  224  648  -73    9   75   37   77  198   73  178  164  352  199  921  381  594  996  991 1000  993
 11 Granite               6613  -237 -226 -221  -79  -92  -74 -164  -45  -43   -9    0   33  -85   49  -10  -62   75 -135   21   23   21  -74  239  642  -39  -14    2   86   33  136   81  182  140  355  236  906  388  591  994  991  998 1000
 12 Sweet Rocky           6188   -19  -47   -7  -21  -49  -18  -54  -72  -46  -40  -33    0  -42    3   -4  -77   41  -57   38  -66  -28  -60  120  -52  -18   24   44   24    7  137  -26  168  156  128  128  997  449  591  991  990  996  992
 13 Shofar                6102    21  -31   62    6  -35  -38    3   13   32   50   85   42    0   -2   47   -3   12  -49   66  -21   50   16  107   23  -59  -27   94   27  -10  111   41   74   57  217  424  120  284  542  899  920  990  942
 14 Piedra                6092   -10  -14  -23  -19  -57  -40  -23  -37  -82  -83  -49   -3    2    0   -4  -21   42  -30  -41  -16  -36  -27   42    3  -13    6   82   65   25  165  354  186  197  186  242  194  359  589  995  995  996  995
 15 ZQ Bot                6090  -313 -271 -240 -302  -93 -101 -185  -98 -157  -35   10    4  -47    4    0 -173   42  -59   61  -89  -15  -70  211  799  -25   -8   11   56  -12  150  303  160  159  319  220  913  382  593  992  996 1000  998
 16 Bugbrain              5869     5  -32  -77  -54   13   24  -29  -27  -34   52   62   77    3   21  173    0   61  -12   68  -18  -30    2  133  100  -49  -26   55  109   -2   24   74  -20  171   75  262  265  213  425  949  913  955  995
 17 * Anti-rotn           5591   -48  -90  -71  -47  -49  -46  -42  -53  -55  -40  -75  -41  -12  -42  -42  -61    0   -2  -46   42    1   -7  271  519  -47  -48  -17  -25  -20  180  -12   63  299   55  482   30  107  597 1000  999  998  986
 18 ACT-R Lag2            5559   -98  -78   33  -15  -55   -9  -31    1   21  165  135   57   49   30   59   12    2    0   59    8  -24   14  156   65 -103   -9  -17  -26  -16  135   69   72  120  495  253  160  287  573   27  995  998  990
 19 Mixed Strategy        4975   -42   -7  -31  -45  -36  -43 -143    0  -27  -46  -21  -38  -66   41  -61  -68   46  -59    0 -117   -7  -70    0  -18  -47  -33  102   -8   21   -7   76  169  148  165  171  272  435  459  975  960  977  998
 20 Majikthise            4688   -41  -33    1  -13   30   14   27   11   -6   36  -23   66   21   16   89   18  -42   -8  117    0    6   14  169  107   17   -6  -19    5   53   91   -4   11   49  140  213   48  136  452  -32  989  992  977
 21 Vroomfondel           4487   -48  -23   48   37  -26  -23   14   24   28   17  -21   28  -50   36   15   30   -1   24    7   -6    0   52  207   69  -37   -3  -75    2   24   52  -68   35  115  199  244   -1  138  462  -10  988  991  993
 22 Yomi AI               3812   -14  -83  -30   33   32   26  -20   34    4   94   74   60  -16   27   70   -2    7  -14   70  -14  -52    0  107   38  -30    3  -18   19  144   43   15   32   30  199   63  -48  128  360  -31  473 1000  999
 23 Multi-strategy        3013  -241 -229 -272 -204 -262 -294 -137 -264 -191 -224 -239 -120 -107  -42 -211 -133 -271 -156    0 -169 -207 -107    0  -64  -50  -20  252  -16  -22  149   -4  123  318   61  485  500  391  999  997  997  999  998
 24 Inocencio             1758  -184 -213 -245 -252 -160  -44 -113  -34 -387 -648 -642   52  -23   -3 -799 -100 -519  -65   18 -107  -69  -38   64    0  -22   -5  113   43  305  119   74  157   84  227  364  177  386  360  946  978  978  985
 25 * De Bruijn            726   -50  -64   64   56   -6    9   72    8   73   73   39   18   59   13   25   49   47  103   47  -17   37   30   50   22    0   -1    2  -22   15    2   16   23   10  -30  -62   -3   -7  128   -1   21    0 -122
 26 * Pi                    58   -24  -32  -41   21   34   12   39   -8  -19   -9   14  -24   27   -6    8   26   48    9   33    6    3   -3   20    5    1    0   51   -3   13  -31  -45  -81   24   11  -68    4   22   30   22  -11  -11   -9
 27 * Copy-drift         -1674  -169  -54  -44 -230  -80 -121 -134  -43 -225  -75   -2  -44  -94  -82  -11  -55   17   17 -102   19   75   18 -252 -113   -2  -51    0   29   31   25   16   41  -38  -15   39   -9   16   17    8    0  -14   17
 28 * Add-drift          -1689   -60 -134 -210 -224   -1  -19 -151    6 -286  -37  -86  -24  -27  -65  -56 -109   25   26    8   -5   -2  -19   16  -43   22    3  -29    0   30   -2  -20  -17  -34  -52  -20  -23  -19  -14   -5   -9    3  -26
 29 * Foxtrot            -2194  -376 -376  -45    8 -365   -3 -189  -20   44  -77  -33   -7   10  -25   12    2   20   16  -21  -53  -24 -144   22 -305  -15  -13  -31  -30    0   -8   15  -21   -5  -14   -8   -9  -45  -51   -1   -4   -6  -19
 30 * Flat               -2715  -183  -75  -64  -94 -129  -55 -148  -36  -58 -198 -136 -137 -111 -165 -150  -24 -180 -135    7  -91  -52  -43 -149 -119   -2   31  -25    2    8    0  -20   12  -40  -16  -26 -201    3  226  260  -13    0 -389
 31 * Add-react          -2761  -310 -372 -237 -110   -8  -60 -346  -76 -156  -73  -81   26  -41 -354 -303  -74   12  -69  -76    4   68  -15    4  -74  -16   45  -16   20  -15   20    0    5   16  -18  -10  -49  -20   14  -28  -12   24    0
 32 * Text               -2808  -125  -72 -142 -145   43 -174   33 -160 -154 -178 -182 -168  -74 -186 -160   20  -63  -72 -169  -11  -35  -32 -123 -157  -23   81  -41   17   21  -12   -5    0  -53   -2    3   18   16 -185  -74  -11 -185  113
 33 * Switch A Lot       -3396  -107 -119 -286 -254 -149 -104 -136 -208 -219 -164 -140 -156  -57 -197 -159 -171 -299 -120 -148  -49 -115  -30 -318  -84  -10  -24   38   34    5   40  -16   53    0   16   46  -93   -4   20  300    4   28  -44
 34 Knucklehead          -3901  -578 -457 -340 -302 -485 -387 -442 -424 -232 -352 -355 -128 -217 -186 -319  -75  -55 -495 -165 -140 -199 -199  -61 -227   30  -11   15   52   14   16   18    2  -16    0  -43   -7   42  114  772  137  789  995
 35 Always Switchin'     -6835  -275 -287 -418 -471 -294 -460 -214 -414 -409 -199 -236 -128 -424 -242 -220 -262 -482 -253 -171 -213 -244  -63 -485 -364   62   68  -39   20    8   26   10   -3  -46   43    0 -238  -34   63  488    0   23  -58
 36 Peterbot             -7010  -879 -910 -905 -652 -1000 -894 -946 -467 -325 -921 -906 -997 -120 -194 -913 -265  -30 -160 -272  -48    1   48 -500 -177    3   -4    9   23    9  201   49  -18   93    7  238    0  406  437  981  997  998  993
 37 R-P-S 20-20-60       -8784  -419 -120 -335 -396 -339 -398 -368 -377 -440 -381 -388 -449 -284 -359 -382 -213 -107 -287 -435 -136 -138 -128 -391 -386    7  -22  -16   19   45   -3   20  -16    4  -42   34 -406    0 -415 -182  -20 -385  250
 38 Beat Frequent Pick  -14002  -870 -921 -944 -594 -705 -861 -592 -753 -587 -594 -591 -591 -542 -589 -593 -425 -597 -573 -459 -452 -462 -360 -999 -360 -128  -30  -17   14   51 -226  -14  185  -20 -114  -63 -437  415    0 -600    0  999  997
 39 Beat The Last Move  -19522  -986 -985 -990 -988 -995 -982 -992 -991 -986 -996 -994 -991 -899 -995 -992 -949 -1000  -27 -975   32   10   31 -997 -946    1  -22   -8    5    1 -260   28   74 -300 -772 -488 -981  182  600    0    1 1000 1000
 40 Rotate R-P-S        -24856  -992 -991 -994 -992 -997 -995 -993 -990 -990 -991 -991 -990 -920 -995 -996 -913 -999 -995 -960 -989 -988 -473 -997 -978  -21   11    0    9    4   13   12   11   -4 -137    0 -997   20    0   -1    0    0 -667
 41 Good Ole Rock       -26096  -991 -995 -998 -996 -996 -999 -1000 -997 -993 -1000 -998 -996 -990 -996 -1000 -955 -998 -998 -977 -992 -991 -1000 -999 -978    0   11   14   -3    6    0  -24  185  -28 -789  -23 -998  385 -999 -1000    0    0 1000
 42 * Anti-Flat         -27822  -987 -1000 -1000 -994 -994 -993 -996 -992 -994 -993 -1000 -992 -942 -995 -998 -995 -986 -990 -998 -977 -993 -999 -998 -985  122    9  -17   26   19  389    0 -113   44 -995   58 -993 -250 -997 -1000  667 -1000    0

 Match results (draw <= 50): 

    Player Name           total  W  L  D   1  2  3  4  5  6  7  8  9 10 11 12 13 14 15 16 17 18 19 20 21 22 23 24 25 26 27 28 29 30 31 32 33 34 35 36 37 38 39 40 41 42
  1 Phasenbott              69  29  1 11   1  0  1  2  1  2  1  2  1  2  1  2  1  2  1  1  2  2  2  1  1  2  2  2  1  2  2  2  2  2  2  2  2  2  2  2  2  2  2  2  2  2
  2 Iocaine Powder          67  26  0 15   2  1  1  2  1  1  1  1  1  2  2  2  1  1  1  1  2  1  2  1  1  1  2  2  1  2  2  2  2  2  2  2  2  2  2  2  2  2  2  2  2  2
  3 MegaHAL                 62  23  2 16   1  1  1  2  1  1  2  1  0  1  2  1  1  1  1  1  2  2  2  1  1  0  2  2  1  2  1  2  2  1  2  2  2  2  2  2  2  2  2  2  2  2
  4 RussRocker4             61  24  4 13   0  0  0  1  1  1  1  2  1  2  1  1  1  1  1  1  2  1  2  2  2  0  2  2  1  2  2  2  2  2  2  2  2  1  2  2  2  2  2  2  2  2
  5 Biopic                  61  20  0 21   1  1  1  1  1  1  1  1  1  1  1  2  1  1  2  1  2  1  2  1  1  1  2  2  1  2  2  1  2  2  1  2  2  1  2  2  2  2  2  2  2  2
  6 Simple Modeller         60  21  2 18   0  1  1  1  1  1  2  1  1  2  1  1  1  1  1  1  1  1  2  1  1  0  2  2  1  2  1  2  2  2  2  2  2  2  2  2  2  2  2  2  2  2
  7 Bugbrain                60  21  2 18   1  1  0  1  1  0  1  1  1  1  1  1  1  1  1  1  2  2  2  2  2  1  2  2  1  2  1  2  2  2  2  2  2  1  1  2  2  2  2  2  2  2
  8 Robertot                57  18  2 21   0  1  1  0  1  1  1  1  1  1  1  1  1  1  1  1  2  1  2  1  1  1  2  1  1  2  1  1  2  2  2  2  2  2  2  2  2  2  2  2  2  2
  9 Shofar                  57  17  1 23   1  1  2  1  1  1  1  1  1  1  1  1  1  1  1  1  1  1  2  1  2  0  1  1  1  2  1  1  2  2  1  2  2  2  2  2  2  2  2  2  2  2
 10 Simple Predictor        56  20  5 16   0  0  1  0  1  0  1  1  1  1  1  1  1  1  2  1  1  2  1  1  1  0  2  2  1  2  1  2  2  2  2  2  2  2  2  2  2  2  2  2  2  2
 11 Boom                    56  17  2 22   1  0  0  1  1  1  1  1  1  1  1  1  1  1  1  1  2  2  1  2  1  1  2  1  1  2  1  1  2  1  2  2  2  2  1  2  2  2  2  2  2  2
 12 ACT-R Lag2              56  19  4 18   0  0  1  1  0  1  1  1  1  1  1  1  1  1  1  1  2  1  2  2  2  0  2  2  1  2  1  1  2  1  2  2  1  2  2  2  2  2  2  2  2  2
 13 Majikthise              55  14  0 27   1  1  1  1  1  1  1  1  1  1  1  1  1  1  1  1  1  1  1  2  2  1  2  2  1  2  2  1  1  1  1  2  1  1  2  1  2  2  2  2  2  2
 14 Yomi AI                 53  14  2 25   0  1  1  1  1  1  1  1  1  1  1  1  1  1  1  0  2  1  2  2  2  1  2  1  1  2  2  1  1  1  1  2  1  1  1  1  2  2  2  2  2  2
 15 Piedra                  53  15  3 23   1  1  1  1  0  1  1  1  1  0  1  1  1  1  1  1  0  1  1  1  1  1  1  1  1  1  1  2  2  2  2  2  2  2  2  2  2  2  2  2  2  2
 16 Vroomfondel             51  12  2 27   1  1  1  1  1  1  1  1  1  1  1  1  1  2  1  1  1  1  1  1  1  1  1  2  1  2  1  1  1  0  0  2  1  1  2  2  2  2  2  2  2  2
 17 Marble                  48  18 11 12   0  0  0  0  0  1  0  0  1  1  0  0  1  0  2  1  1  1  1  1  1  0  1  2  1  2  2  1  2  2  2  2  2  2  2  2  2  2  2  2  2  2
 18 * Anti-rotn             48  13  6 22   0  1  0  1  1  1  0  1  1  0  0  1  1  1  1  1  1  1  0  1  1  1  1  2  1  2  1  1  1  1  1  2  2  2  2  2  2  2  2  2  2  2
 19 Granite                 47  17 11 13   0  0  0  0  0  0  0  0  0  1  1  0  1  0  1  1  1  2  1  1  1  1  1  2  1  2  1  2  2  1  2  2  2  2  2  2  2  2  2  2  2  2
 20 Sweet Rocky             47  13  7 21   1  1  1  0  1  1  0  1  1  1  0  0  0  0  1  1  1  1  1  1  1  1  1  0  1  2  1  1  2  1  1  2  2  2  2  2  2  2  2  2  2  2
 21 Mixed Strategy          47  13  7 21   1  1  1  0  1  1  0  1  0  1  1  0  0  0  1  1  1  1  1  1  1  1  0  1  1  1  1  1  2  2  2  2  2  2  1  2  2  2  2  2  2  2
 22 * De Bruijn             46   8  3 30   0  1  2  2  1  2  1  1  2  2  1  2  1  1  1  1  2  1  1  1  1  1  1  1  1  1  1  1  1  1  1  1  1  1  1  1  0  2  1  0  1  1
 23 ZQ Bot                  45  17 13 11   0  0  0  0  0  0  0  0  1  0  0  0  0  0  1  1  1  1  1  1  2  1  1  2  1  2  1  2  2  1  2  2  2  2  2  2  2  2  2  2  2  2
 24 Inocencio               43  17 15  9   0  0  0  0  0  0  0  1  1  0  1  0  0  1  1  0  0  0  0  2  1  1  0  1  1  2  2  1  2  2  2  2  2  2  2  2  2  2  2  2  2  2
 25 * Pi                    40   1  2 38   1  1  1  1  1  1  1  1  1  1  1  1  1  1  1  1  1  1  1  1  1  1  1  1  1  1  1  1  1  2  1  1  1  0  1  1  0  1  1  1  1  1
 26 Multi-strategy          33  13 21  7   0  0  0  0  0  0  0  0  0  0  0  0  0  0  1  0  0  0  0  0  1  1  0  0  1  1  1  1  2  2  1  2  2  2  2  2  2  2  2  2  2  2
 27 * Foxtrot               32   0  9 32   0  0  1  0  0  1  1  1  1  1  1  1  0  0  1  1  0  1  1  1  1  1  1  0  1  1  1  1  1  1  1  1  1  1  1  1  1  0  1  1  1  1
 28 * Add-drift             30   0 11 30   0  0  0  0  1  0  0  1  1  0  1  1  1  1  0  1  1  1  0  1  1  1  0  1  1  1  1  1  1  1  1  0  1  1  1  1  1  1  1  1  1  1
 29 Peterbot                30   9 20 12   0  0  0  0  0  0  0  0  0  0  0  0  1  1  0  1  0  1  0  0  0  1  0  0  1  0  1  1  1  1  1  1  2  1  2  2  2  2  2  2  2  2
 30 * Copy-drift            27   1 15 25   0  0  1  0  0  0  0  0  0  0  1  1  1  1  0  2  0  1  1  1  0  1  1  0  0  0  1  1  1  1  1  1  1  1  1  1  1  1  1  1  1  1
 31 * Add-react             26   1 16 24   0  0  0  0  1  0  0  0  1  0  0  0  1  1  0  2  0  1  0  1  0  1  0  0  1  1  1  1  1  1  1  1  1  1  1  1  1  1  1  1  1  1
 32 Knucklehead             23   6 24 11   0  0  0  0  0  0  0  0  0  0  0  0  0  0  0  0  0  0  0  0  0  1  0  0  1  0  1  2  1  1  1  1  2  1  1  1  1  2  2  2  2  1
 33 Beat The Last Move      21   5 25 11   0  0  0  0  0  0  0  0  0  0  0  1  1  1  0  1  0  0  0  0  0  1  0  0  1  0  1  1  0  1  1  0  1  2  0  0  0  2  2  2  1  2
 34 * Text                  21   2 22 17   0  0  0  1  1  0  1  0  0  0  0  0  1  1  0  1  0  0  0  0  0  1  0  0  2  0  1  1  1  1  1  1  0  1  1  0  1  0  0  2  1  1
 35 * Flat                  21   2 22 17   0  0  0  0  0  0  1  0  0  0  1  0  0  1  0  0  0  0  0  0  1  1  0  0  1  0  1  1  0  1  1  1  2  1  1  1  1  2  1  0  1  1
 36 * Switch A Lot          20   2 23 16   0  0  0  0  0  0  0  0  0  0  0  0  1  1  0  0  0  0  0  0  0  1  0  0  1  0  1  1  0  1  1  1  2  2  1  1  1  1  1  1  1  1
 37 Always Switchin'        19   4 26 11   0  0  0  0  0  0  0  0  0  0  0  0  0  0  0  0  0  0  0  0  0  2  0  0  2  0  1  1  0  1  1  1  2  1  1  1  1  2  1  0  1  1
 38 Beat Frequent Pick      16   5 30  6   0  0  0  0  0  0  0  0  0  0  0  0  0  0  0  0  0  0  0  0  0  0  0  0  1  0  2  1  0  1  1  0  0  2  0  1  0  1  2  2  1  2
 39 Good Ole Rock           16   3 28 10   0  0  0  0  0  0  0  0  0  0  0  0  0  0  0  0  0  0  0  0  0  1  0  0  1  0  1  1  0  1  1  0  0  2  1  1  1  0  1  2  1  2
 40 * Anti-Flat             14   4 31  6   0  0  0  0  0  0  0  0  0  0  0  0  0  0  0  0  0  0  0  0  0  2  0  0  1  0  1  1  0  1  1  0  0  0  2  1  2  0  0  1  2  0
 41 Rotate R-P-S            14   0 27 14   0  0  0  0  0  0  0  0  0  0  0  0  0  0  0  0  0  0  0  0  0  1  0  0  1  0  1  1  0  1  1  0  1  1  1  1  1  1  1  0  1  1
 42 R-P-S 20-20-60          14   1 28 12   0  0  0  0  0  0  0  0  0  0  0  0  0  0  0  0  0  0  0  0  0  1  0  0  1  0  1  1  0  1  1  1  0  1  1  1  1  0  0  2  1  1


   Yomi AI is match ranked 14

 Tournament results:
    Player Name          total 
  1 Yomi AI               3812 
 15 * Anti-rotn           5591 
 19 Iocaine Powder       10881 
 20 Phasenbott           10353 
 21 MegaHAL               9361 
 22 RussRocker4           7582 
 23 Biopic                8526 
 24 Simple Modeller       8565 
 25 Simple Predictor      7125 
 26 Robertot              8042 
 27 Boom                  7304 
 28 Shofar                6102 
 29 ACT-R Lag2            5559 
 30 Majikthise            4688 
 31 Vroomfondel           4487 
 32 Granite               6613 
 33 Marble                6705 
 34 ZQ Bot                6090 
 35 Sweet Rocky           6188 
 36 Piedra                6092 
 37 Mixed Strategy        4975 
 41 Bugbrain              5869 

   Yomi is tournament ranked 22

