 Playing 1 tournaments with 1000 trials per match...

 Yomi AI            vs Good Ole Rock       Match: 1000 (1000+   0-   0=)
 Yomi AI            vs R-P-S 20-20-60      Match:  109 (432+ 323- 245=)
 Yomi AI            vs Rotate R-P-S        Match:  471 (727+ 256-  17=)
 Yomi AI            vs Beat The Last Move  Match:   -8 (324+ 332- 344=)
 Yomi AI            vs Always Switchin'    Match:   82 (405+ 323- 272=)
 Yomi AI            vs Beat Frequent Pick  Match:  370 (632+ 262- 106=)
 Yomi AI            vs * Pi                Match:  -33 (316+ 349- 335=)
 Yomi AI            vs * Switch A Lot      Match:  -15 (332+ 347- 321=)
 Yomi AI            vs * Flat              Match:   78 (399+ 321- 280=)
 Yomi AI            vs * Anti-Flat         Match:  999 (999+   0-   1=)
 Yomi AI            vs * Foxtrot           Match:  155 (453+ 298- 249=)
 Yomi AI            vs * De Bruijn         Match:    0 (339+ 339- 322=)
 Yomi AI            vs * Text              Match:   31 (354+ 323- 323=)
 Yomi AI            vs * Anti-rotn         Match:   17 (343+ 326- 331=)
 Yomi AI            vs * Copy-drift        Match:  -21 (324+ 345- 331=)
 Yomi AI            vs * Add-react         Match:   35 (359+ 324- 317=)
 Yomi AI            vs * Add-drift         Match:   -2 (316+ 318- 366=)
 Yomi AI            vs Iocaine Powder      Match:   18 (350+ 332- 318=)
 Yomi AI            vs Phasenbott          Match:  -19 (321+ 340- 339=)
 Yomi AI            vs MegaHAL             Match:   47 (359+ 312- 329=)
 Yomi AI            vs RussRocker4         Match:  -36 (324+ 360- 316=)
 Yomi AI            vs Biopic              Match:   40 (362+ 322- 316=)
 Yomi AI            vs Simple Modeller     Match:  -75 (322+ 397- 281=)
 Yomi AI            vs Simple Predictor    Match:   32 (367+ 335- 298=)
 Yomi AI            vs Robertot            Match:   14 (362+ 348- 290=)
 Yomi AI            vs Boom                Match:   11 (347+ 336- 317=)
 Yomi AI            vs Shofar              Match:  -10 (334+ 344- 322=)
 Yomi AI            vs ACT-R Lag2          Match:   14 (354+ 340- 306=)
 Yomi AI            vs Majikthise          Match:   25 (349+ 324- 327=)
 Yomi AI            vs Vroomfondel         Match:   54 (360+ 306- 334=)
 Yomi AI            vs Granite             Match:   78 (418+ 340- 242=)
 Yomi AI            vs Marble              Match:   82 (415+ 333- 252=)
 Yomi AI            vs ZQ Bot              Match:   51 (401+ 350- 249=)
 Yomi AI            vs Sweet Rocky         Match:   -8 (344+ 352- 304=)
 Yomi AI            vs Piedra              Match:   22 (333+ 311- 356=)
 Yomi AI            vs Mixed Strategy      Match:  -11 (351+ 362- 287=)
 Yomi AI            vs Multi-strategy      Match:  148 (453+ 305- 242=)
 Yomi AI            vs Inocencio           Match:   63 (376+ 313- 311=)
 Yomi AI            vs Peterbot            Match:   26 (355+ 329- 316=)
 Yomi AI            vs Bugbrain            Match:    0 (350+ 350- 300=)
 Yomi AI            vs Knucklehead         Match:  205 (481+ 276- 243=)
 Final results (draw value = 50):

 Tournament results: 

    Player Name          total     1    2    3    4    5    6    7    8    9   10   11   12   13   14   15   16   17   18   19   20   21   22   23   24   25   26   27   28   29   30   31   32   33   34   35   36   37   38   39   40   41   42
  1 Iocaine Powder       10938     0  119   68   75   41  540   46   78   -4  148   38  233  225   15    2  -43  289   53   55   32   37  -18  357   31  -18  164  200  353  154  590  247  113  229   92  897  210  403  926  989  981  991 1000
  2 Phasenbott            9771  -119    0    9    2   39  522   49   61   20  128   53  230  210   56   31   24  246   73    0   31   44   19  187   16   12  180   90  352   99  386  336   70  114   92  893  217  132  910  981  991  994  991
  3 MegaHAL               9421   -68   -9    0    0   32   86  -24   34   27   54   20  277  252    8  -13   -6  260   78   77   12  -17  -47  185  -30   15  129  202   70   96  335  266  274  128  133  900  440  345  928  986  991  999  996
  4 Simple Modeller       8957   -75   -2    0    0   38   -2   -5   29   21  267   47   55   91   23  -62   29  292   49   93  -36   42   75  183  -30   34  555  238  -21  216  218   93  246  105  148  563  450  411  595  991  995  999  999
  5 Biopic                8375   -41  -39  -32  -38    0  -15   49   28   59   87   44  139  180   18    3    1   64   46   15  -42  -11  -40  256  -26   18  187    8  395   64  525   43  139  206  125  786  289  366  540  994  997  996  992
  6 RussRocker4           8354  -540 -522  -86    2   15    0   45   31   24   71   22  161  117   69   42   60  178   58  166  -13  -27   36  315  -31   -2  140  187  184  138  469  319  140  161   75  913  190  382  883  990  993  999 1000
  7 Robertot              7912   -46  -49   24    5  -49  -45    0   42   14    0   33   55   17  -15  -22  -11  114   81   52  -19   -8  -14  294    4  -57    2   37   15  121  380   34   75   43  167  999  472  377  822  975  995  999  999
  8 Sweet Rocky           7250   -78  -61  -34  -29  -28  -31  -42    0  -35  -53  -37  -48  -43  -51  -42  -81  -24   53   44  -55  -31    8  158  -50   -8  780  -19  -21   35  230  271  119  170  169  940  178  431  589  991  997  994  994
  9 Boom                  7112     4  -20  -27  -21  -59  -24  -14   35    0   -8   39   59   66  -40   17  -68   76   53   98  -16  -40  -11  299   22  -26   14   55  -21   13  430  103  156  102  148  205  386  405  753  984  990  995 1000
 10 Simple Predictor      7039  -148 -128  -54 -267  -87  -71    0   53    8    0   58   13   57  -58    7    9  159   68   35  -64  -67  -32  191  -62  -21  461  270   -2  224  311  107  207   12  149  300  416  437  587  985  986  996  994
 11 Piedra                6672   -38  -53  -20  -47  -44  -22  -33   37  -39  -58    0  -19  -12  -22  -54  -22  -50  -11  -30  -37  -39  -22   70    0   54  759  -24   64   48  258  153  167  182  162  337  123  384  591  994  992  997  996
 12 Granite               6649  -233 -230 -277  -55 -139 -161  -55   48  -59  -13   19    0    4 -121  -62  -77   14   78   -8   15  -33  -78  270  -65   -6  642   52   60   -1  375  164  147  138  172  922  245  383  594  991  995 1000  994
 13 Marble                6438  -225 -210 -252  -91 -180 -117  -17   43  -66  -57   12   -4    0 -117  -43  -94   28   59   23   -6  -49  -82  289  -77    9  645  -15   39   75  252   84  151  139  175  917  235  387  594  994  995  999  996
 14 ACT-R Lag2            6371   -15  -56   -8  -23  -18  -69   15   51   40   58   22  121  117    0   20   27  129    5   78  -38   29  -14  210  -79    1  708   -4  -20   -3  476   17   94  161   99  103  239  336  576    0  995  997  994
 15 Shofar                6169    -2  -31   13   62   -3  -42   22   42  -17   -7   54   62   43  -20    0   -2   77   32   22   15  -10   10  140  -27  -28   33   11   21  168  211   67   43   24  168   18  414  259  544  901  923  978  981
 16 Bugbrain              6033    43  -24    6  -29   -1  -60   11   81   68   -9   22   77   94  -27    2    0  180   46   54   13  -50    0  106  -29    1   38   94   -1   15  133  104  110   95   58  280  232  106  394  970  883  947 1000
 17 ZQ Bot                5959  -289 -246 -260 -292  -64 -178 -114   24  -76 -159   50  -14  -28 -129  -77 -180    0   60   31  -25  -40  -51  230  -23  -13  439    4   30  -12  299  317  203  154  164  897  362  395  595  994  988  997  996
 18 * Anti-rotn           5276   -53  -73  -78  -49  -46  -58  -81  -53  -53  -68   11  -78  -59   -5  -32  -46  -60    0   34   21   -9  -17  245  -72  -43  579   -4   22   10   39   55  305  199   56   40  483  136  597  493  996  997  995
 19 Mixed Strategy        4964   -55    0  -77  -93  -15 -166  -52  -44  -98  -35   30    8  -23  -78  -22  -54  -31  -34    0  -35  -11   11   29  -54  -70   50  -18  -13   67  149   69  163  110  101  192  119  457  565  983  960  995  984
 20 Vroomfondel           4720   -32  -31  -12   36   42   13   19   55   16   64   37  -15    6   38  -15  -13   25  -21   35    0   16  -54  190  -14   -1    3   -7   12   24  185   -2   99  157   48   10  239  150  417   31  992  996  982
 21 Majikthise            4524   -37  -44   17  -42   11   27    8   31   40   67   39   33   49  -29   10   50   40    9   11  -16    0  -25  156  -31  -23   37   42  -24   36  223  -16   68   53   35    1  192  112  446  -11  993  992  994
 22 Yomi AI               4039    18  -19   47  -75   40  -36   14   -8   11   32   22   78   82   14  -10    0   51   17  -11   54   25    0  148    0  -33   63   -2  155  -21  205   35  -15   78   31   26   82  109  370   -8  471 1000  999
 23 Multi-strategy        2447  -357 -187 -185 -183 -256 -315 -294 -158 -299 -191  -70 -270 -289 -210 -140 -106 -230 -245  -29 -190 -156 -148    0  -50  -20 -134    7   27  202   13   20  319   81  123  500  462  414  999  997  997  999  999
 24 * De Bruijn            748   -31  -16   30   30   26   31   -4   50  -22   62    0   65   77   79   27   29   23   72   54   14   31    0   50    0   -1   16   -5  -32    5    8   29  -32   46   23  -15  -18    8  128   -1   21    0 -109
 25 * Pi                   203    18  -12  -15  -34  -18    2   57    8   26   21  -54    6   -9   -1   28   -1   13   43   70    1   23   33   20    1    0   20  -14   21  -50   17   16   28    7  -81    7   -9   -4   30   22  -11  -11  -11
 26 Inocencio            -1127  -164 -180 -129 -555 -187 -140   -2 -780  -14 -461 -759 -642 -645 -708  -33  -38 -439 -579  -50   -3  -37  -63  134  -16  -20    0  -40  309   70  252   98  144  169  146  162  323  386  355   62  984  983  980
 27 * Add-drift          -1508  -200  -90 -202 -238   -8 -187  -37   19  -55 -270   24  -52   15    4  -11  -94   -4    4   18    7  -42    2   -7    5   14   40    0    0   16  -33  -68  -48   -5  -29  -40   14  -25  -32   32  -29   64   20
 28 * Foxtrot            -1983  -353 -352  -70   21 -395 -184  -15   21   21    2  -64  -60  -39   20  -21    1  -30  -22   13  -12   24 -155  -27   32  -21 -309    0    0  -22  -39   27  -18    8   22  -27    5  -24    6  -25   19   41   18
 29 * Copy-drift         -1999  -154  -99  -96 -216  -64 -138 -121  -35  -13 -224  -48    1  -75    3 -168  -15   12  -10  -67  -24  -36   21 -202   -5   50  -70  -16   22    0 -127  -30    1  -47   26  -40  -33    9   -1    4   35   -8   -1
 30 Knucklehead          -2747  -590 -386 -335 -218 -525 -469 -380 -230 -430 -311 -258 -375 -252 -476 -211 -133 -299  -39 -149 -185 -223 -205  -13   -8  -17 -252   33   39  127    0   98  -19  -37  -14   70  -40   37  110  949  886 1000  983
 31 * Add-react          -2919  -247 -336 -266  -93  -43 -319  -34 -271 -103 -107 -153 -164  -84  -17  -67 -104 -317  -55  -69    2   16  -35  -20  -29  -16  -98   68  -27   30  -98    0  -22   20   17  -36    6   -1   17   -3   58   26   55
 32 * Switch A Lot       -3088  -113  -70 -274 -246 -139 -140  -75 -119 -156 -207 -167 -147 -151  -94  -43 -110 -203 -305 -163  -99  -68   15 -319   32  -28 -144   48   18   -1   19   22    0   21   15  -88   29    4   22  304   47   12  -27
 33 * Flat               -3113  -229 -114 -128 -105 -206 -161  -43 -170 -102  -12 -182 -138 -139 -161  -24  -95 -154 -199 -110 -157  -53  -78  -81  -46   -7 -169    5   -8   47   37  -20  -21    0  -22 -141   -7   46  229  189   -2   -1 -381
 34 * Text               -3129   -92  -92 -133 -148 -125  -75 -167 -169 -148 -149 -162 -172 -175  -99 -168  -58 -164  -56 -101  -48  -35  -31 -123  -23   81 -146   29  -22  -26   14  -17  -15   22    0   37  -34    5 -185  -74  -11 -185  111
 35 Peterbot             -6489  -897 -893 -900 -563 -786 -913 -999 -940 -205 -300 -337 -922 -917 -103  -18 -280 -897  -40 -192  -10   -1  -26 -500   15   -7 -162   40   27   40  -70   36   88  141  -37    0  231  396  440  981  999  999  993
 36 Always Switchin'     -6710  -210 -217 -440 -450 -289 -190 -472 -178 -386 -416 -123 -245 -235 -239 -414 -232 -362 -483 -119 -239 -192  -82 -462   18    9 -323  -14   -5   33   40   -6  -29    7   34 -231    0  -24    8  485   16   16  -69
 37 R-P-S 20-20-60       -8993  -403 -132 -345 -411 -366 -382 -377 -431 -405 -437 -384 -383 -387 -336 -259 -106 -395 -136 -457 -150 -112 -109 -414   -8    4 -386   25   24   -9  -37    1   -4  -46   -5 -396   24    0 -409 -161  -12 -360   79
 38 Beat Frequent Pick  -14138  -926 -910 -928 -595 -540 -883 -822 -589 -753 -587 -591 -594 -594 -576 -544 -394 -595 -597 -565 -417 -446 -370 -999 -128  -30 -355   32   -6    1 -110  -17  -22 -229  185 -440   -8  409    0 -600    0  999  996
 39 Beat The Last Move  -18361  -989 -981 -986 -991 -994 -990 -975 -991 -984 -985 -994 -991 -994    0 -901 -970 -994 -493 -983  -31   11    8 -997    1  -22  -62  -32   25   -4 -949    3 -304 -189   74 -981 -485  161  600    0    1 1000  997
 40 Rotate R-P-S        -25780  -981 -991 -991 -995 -997 -993 -995 -997 -990 -986 -992 -995 -995 -995 -923 -883 -988 -996 -960 -992 -993 -471 -997  -21   11 -984   29  -19  -35 -886  -58  -47    2   11 -999  -16   12    0   -1    0    0 -683
 41 Good Ole Rock       -26433  -991 -994 -999 -999 -996 -999 -999 -994 -995 -996 -997 -1000 -999 -997 -978 -947 -997 -997 -995 -996 -992 -1000 -999    0   11 -983  -64  -41    8 -1000  -26  -12    1  185 -999  -16  360 -999 -1000    0    0  998
 42 * Anti-Flat         -27824  -1000 -991 -996 -999 -992 -1000 -999 -994 -1000 -994 -996 -994 -996 -994 -981 -1000 -996 -995 -984 -982 -994 -999 -999  109   11 -980  -20  -18    1 -983  -55   27  381 -111 -993   69  -79 -996 -997  683 -998    0

 Match results (draw <= 50): 

    Player Name           total  W  L  D   1  2  3  4  5  6  7  8  9 10 11 12 13 14 15 16 17 18 19 20 21 22 23 24 25 26 27 28 29 30 31 32 33 34 35 36 37 38 39 40 41 42
  1 Iocaine Powder          70  29  0 12   1  2  2  2  1  2  1  1  1  1  1  1  1  2  1  1  2  1  2  2  2  2  2  2  1  2  2  2  2  2  2  2  2  2  2  2  2  2  2  2  2  2
  2 Phasenbott              67  27  1 13   0  1  1  2  1  1  1  1  1  1  2  1  2  2  1  1  2  1  2  2  1  2  2  2  1  2  2  2  2  2  2  2  2  2  2  2  2  2  2  2  2  2
  3 MegaHAL                 65  25  1 15   0  1  1  2  1  1  1  1  1  1  1  1  1  2  1  1  1  1  2  2  2  2  2  2  1  2  2  2  2  2  2  2  2  2  2  2  2  2  2  2  2  2
  4 RussRocker4             64  26  3 12   0  0  0  1  1  1  2  1  1  1  2  1  1  2  1  1  1  1  2  2  2  2  2  2  1  2  2  2  2  2  2  2  2  2  2  2  2  2  2  2  2  2
  5 Biopic                  62  21  0 20   1  1  1  1  1  1  1  2  1  1  1  1  1  2  1  1  1  1  2  2  1  2  1  2  1  2  1  2  2  2  2  1  2  2  2  2  2  2  2  2  2  2
  6 Simple Modeller         62  23  2 16   0  1  1  1  1  1  1  1  1  0  1  2  1  2  1  1  1  1  2  2  2  2  1  2  1  1  2  2  2  2  2  2  2  2  2  2  2  2  2  2  2  2
  7 Bugbrain                61  21  1 19   1  1  1  0  1  1  1  2  1  1  1  1  1  1  1  1  2  1  2  2  2  2  1  1  1  1  2  2  2  1  2  2  2  2  2  2  2  2  2  2  2  2
  8 Boom                    59  20  2 19   1  1  1  1  0  1  0  1  1  1  1  1  1  1  1  1  1  1  2  2  2  2  2  1  1  1  2  2  2  1  2  2  2  2  2  2  2  2  2  2  2  2
  9 Robertot                57  17  1 23   1  1  1  1  1  1  1  1  1  1  1  1  1  1  1  1  1  1  2  1  2  2  2  1  0  1  1  2  2  2  2  1  2  1  2  2  2  2  2  2  2  2
 10 Shofar                  57  16  0 25   1  1  1  1  1  2  1  1  1  1  1  1  2  1  1  1  1  1  2  1  1  2  1  1  1  1  1  2  1  2  2  2  2  1  1  2  2  2  2  2  2  2
 11 ACT-R Lag2              57  19  3 19   1  0  1  0  1  1  1  1  1  1  1  1  1  2  1  1  2  0  2  2  2  2  1  2  1  1  1  2  2  1  2  1  1  2  2  2  2  2  2  2  2  2
 12 Yomi AI                 55  15  1 25   1  1  1  1  1  0  1  1  1  1  1  1  1  1  1  2  1  1  2  2  1  2  1  2  1  2  1  2  1  1  2  1  1  2  1  1  2  2  2  2  2  2
 13 Piedra                  55  17  3 21   1  0  1  1  1  1  1  1  1  0  1  1  1  0  1  1  1  1  1  1  1  1  1  2  2  2  1  2  2  1  2  2  2  2  2  2  2  2  2  2  2  2
 14 Simple Predictor        52  21 10 10   0  0  0  0  0  0  1  1  1  1  0  1  2  1  0  0  2  0  1  2  1  2  2  2  1  1  2  2  2  2  2  2  2  1  2  2  2  2  2  2  2  2
 15 Majikthise              52  11  0 30   1  1  1  1  1  1  1  1  1  1  1  1  1  2  1  1  1  1  1  1  1  1  1  1  1  1  1  2  1  1  2  1  1  2  2  1  2  2  2  2  2  2
 16 Vroomfondel             52  12  1 28   1  1  1  1  1  1  1  1  1  1  1  0  1  2  1  1  2  1  1  1  1  1  1  1  1  1  1  2  1  1  2  1  1  2  2  1  2  2  2  2  2  2
 17 Sweet Rocky             51  16  6 19   0  0  1  1  1  1  0  1  1  1  0  1  1  0  1  0  1  1  1  1  1  1  2  2  1  1  1  2  2  1  2  2  2  2  2  2  2  2  2  2  2  2
 18 * De Bruijn             47   7  1 33   1  1  1  1  1  1  1  1  1  1  2  1  1  2  1  1  1  1  2  2  2  1  2  1  1  1  1  1  1  1  1  1  1  1  1  1  1  2  1  1  1  0
 19 Granite                 46  18 13 10   0  0  0  0  0  0  0  0  0  0  0  0  1  1  1  1  1  0  1  1  1  1  2  2  1  2  2  2  2  1  2  2  2  2  2  2  2  2  2  2  2  2
 20 Marble                  46  17 12 12   0  0  0  0  0  0  0  0  1  1  0  0  1  0  1  1  1  0  1  1  1  1  2  2  1  1  1  2  2  2  2  2  2  2  2  2  2  2  2  2  2  2
 21 Mixed Strategy          45  14 10 17   0  1  0  0  1  0  0  0  0  1  0  1  1  1  1  1  1  0  1  1  1  1  1  1  0  1  1  1  2  2  2  2  2  2  2  2  2  2  2  2  2  2
 22 ZQ Bot                  44  16 13 12   0  0  0  0  0  0  0  0  0  0  0  0  1  0  1  1  1  1  1  1  1  1  2  2  1  1  1  2  2  1  2  2  2  2  2  2  2  2  2  2  2  2
 23 * Anti-rotn             42  13 12 16   0  0  0  0  1  1  1  0  0  1  1  1  1  0  1  1  0  0  0  0  1  0  1  2  1  1  1  2  1  1  1  2  2  2  2  2  2  2  2  2  2  2
 24 Inocencio               42  16 15 10   0  0  0  0  0  0  1  1  1  1  0  0  0  0  1  1  0  1  0  0  1  0  0  1  1  2  1  2  2  2  2  2  2  2  2  2  2  2  2  2  2  2
 25 * Pi                    41   2  2 37   1  1  1  1  1  1  1  1  2  1  1  1  0  1  1  1  1  1  1  1  2  1  1  1  1  1  1  1  1  1  1  1  1  1  1  0  1  1  1  1  1  1
 26 * Foxtrot               32   0  9 32   0  0  0  0  0  1  1  1  1  1  1  0  0  1  1  1  1  1  0  1  1  1  1  0  1  1  1  1  1  1  1  1  1  1  1  1  1  1  1  1  1  1
 27 * Add-drift             32   1 10 30   0  0  0  0  1  0  0  0  1  1  1  1  1  0  1  1  1  1  0  1  1  1  1  1  1  1  1  1  1  1  1  0  1  1  1  1  1  1  2  1  1  1
 28 Multi-strategy          31  12 22  7   0  0  0  0  0  0  0  0  0  0  0  0  0  0  0  0  0  1  0  0  1  0  0  0  1  1  1  1  2  2  1  1  2  2  2  2  2  2  2  2  2  2
 29 Peterbot                30   9 20 12   0  0  0  0  0  0  0  0  0  1  0  1  0  0  1  1  0  1  0  0  0  0  1  0  1  1  1  0  1  1  0  1  2  2  2  1  2  2  2  2  2  2
 30 * Copy-drift            27   0 14 27   0  0  0  0  0  0  1  1  0  0  1  1  1  0  1  1  1  1  1  0  0  1  1  0  1  1  1  0  1  1  0  1  1  1  1  1  1  1  1  1  1  1
 31 Knucklehead             27   8 22 11   0  0  0  0  0  0  0  0  0  0  0  0  0  0  0  0  0  1  0  0  0  0  1  0  1  1  1  1  2  2  1  2  2  1  1  1  1  2  2  1  2  2
 32 * Add-react             26   3 18 20   0  0  0  0  1  0  0  0  1  0  1  1  0  0  1  1  0  1  0  0  0  0  0  0  1  1  2  1  1  1  0  1  1  1  1  1  1  1  1  1  2  2
 33 Beat The Last Move      21   5 25 11   0  0  0  0  0  0  0  0  0  0  1  1  0  0  1  1  0  1  0  0  0  0  0  0  1  1  1  0  0  1  0  1  1  0  0  2  0  2  2  2  1  2
 34 * Flat                  20   2 23 16   0  0  0  0  0  0  0  0  1  1  0  0  0  1  0  0  0  1  0  0  0  0  0  0  1  1  1  0  0  1  1  1  2  1  1  1  1  2  1  1  1  0
 35 * Switch A Lot          19   1 23 17   0  0  0  0  0  0  0  0  0  1  0  1  0  0  0  0  0  1  0  0  0  0  0  0  1  1  1  0  0  1  1  1  2  1  1  1  1  1  1  1  1  1
 36 * Text                  19   2 24 15   0  0  0  0  0  0  0  0  0  0  0  1  0  0  1  1  0  1  0  0  0  0  0  0  2  1  1  0  1  1  1  1  0  1  1  1  1  0  0  1  1  2
 37 Always Switchin'        16   1 26 14   0  0  0  0  0  0  0  0  0  0  0  0  0  0  0  0  0  1  0  0  0  0  0  0  1  1  1  0  0  1  1  1  2  1  1  1  1  1  1  1  1  0
 38 Beat Frequent Pick      16   4 29  8   0  0  0  0  0  0  0  0  0  0  0  0  0  0  0  0  0  0  0  0  0  0  0  0  1  1  1  0  0  1  0  1  0  0  1  2  1  1  2  2  1  2
 39 Good Ole Rock           15   3 29  9   0  0  0  0  0  0  0  0  0  0  0  0  0  0  0  0  0  1  0  0  0  0  0  0  1  1  0  0  0  1  0  1  0  1  1  2  1  0  1  2  1  2
 40 R-P-S 20-20-60          14   1 28 12   0  0  0  0  0  0  0  0  0  0  0  0  0  0  0  0  0  1  0  0  0  0  0  0  1  1  1  0  0  1  1  1  0  1  1  1  1  0  0  1  1  2
 41 Rotate R-P-S            13   0 28 13   0  0  0  0  0  0  0  0  0  0  0  0  0  0  0  0  0  1  0  0  0  0  0  0  1  1  1  0  0  1  0  0  1  1  1  1  1  1  1  1  1  0
 42 * Anti-Flat             13   4 32  5   0  0  0  0  0  0  0  0  0  0  0  0  0  0  0  0  0  2  0  0  0  0  0  0  1  1  1  0  0  1  0  0  0  2  1  0  2  0  0  0  2  1


   Yomi AI is match ranked 12

 Tournament results:
    Player Name          total 
  1 Yomi AI               4039 
 15 * Anti-rotn           5276 
 19 Iocaine Powder       10938 
 20 Phasenbott            9771 
 21 MegaHAL               9421 
 22 RussRocker4           8354 
 23 Biopic                8375 
 24 Simple Modeller       8957 
 25 Simple Predictor      7039 
 26 Robertot              7912 
 27 Boom                  7112 
 28 Shofar                6169 
 29 ACT-R Lag2            6371 
 30 Majikthise            4524 
 31 Vroomfondel           4720 
 32 Granite               6649 
 33 Marble                6438 
 34 ZQ Bot                5959 
 35 Sweet Rocky           7250 
 36 Piedra                6672 
 37 Mixed Strategy        4964 
 41 Bugbrain              6033 

   Yomi is tournament ranked 22

