 Playing 1 tournaments with 1000 trials per match...

 Yomi AI            vs Good Ole Rock       Match: 1000 (1000+   0-   0=)
 Yomi AI            vs R-P-S 20-20-60      Match:   28 (376+ 348- 276=)
 Yomi AI            vs Rotate R-P-S        Match:  495 (745+ 250-   5=)
 Yomi AI            vs Beat The Last Move  Match:  -13 (313+ 326- 361=)
 Yomi AI            vs Always Switchin'    Match:   81 (401+ 320- 279=)
 Yomi AI            vs Beat Frequent Pick  Match:  354 (617+ 263- 120=)
 Yomi AI            vs * Pi                Match:  -56 (318+ 374- 308=)
 Yomi AI            vs * Switch A Lot      Match:    1 (351+ 350- 299=)
 Yomi AI            vs * Flat              Match:   77 (405+ 328- 267=)
 Yomi AI            vs * Anti-Flat         Match:  999 (999+   0-   1=)
 Yomi AI            vs * Foxtrot           Match:  162 (457+ 295- 248=)
 Yomi AI            vs * De Bruijn         Match:    4 (321+ 317- 362=)
 Yomi AI            vs * Text              Match:    3 (354+ 351- 295=)
 Yomi AI            vs * Anti-rotn         Match:   -6 (314+ 320- 366=)
 Yomi AI            vs * Copy-drift        Match:   13 (347+ 334- 319=)
 Yomi AI            vs * Add-react         Match:   46 (354+ 308- 338=)
 Yomi AI            vs * Add-drift         Match:   35 (351+ 316- 333=)
 Yomi AI            vs Iocaine Powder      Match:   12 (353+ 341- 306=)
 Yomi AI            vs Phasenbott          Match:   -1 (330+ 331- 339=)
 Yomi AI            vs MegaHAL             Match:   33 (388+ 355- 257=)
 Yomi AI            vs RussRocker4         Match:   10 (336+ 326- 338=)
 Yomi AI            vs Biopic              Match:   42 (364+ 322- 314=)
 Yomi AI            vs Simple Modeller     Match:  -36 (309+ 345- 346=)
 Yomi AI            vs Simple Predictor    Match:   68 (407+ 339- 254=)
 Yomi AI            vs Robertot            Match:    6 (349+ 343- 308=)
 Yomi AI            vs Boom                Match:   -4 (331+ 335- 334=)
 Yomi AI            vs Shofar              Match:   -7 (333+ 340- 327=)
 Yomi AI            vs ACT-R Lag2          Match:  -25 (330+ 355- 315=)
 Yomi AI            vs Majikthise          Match:  -75 (292+ 367- 341=)
 Yomi AI            vs Vroomfondel         Match:   -5 (339+ 344- 317=)
 Yomi AI            vs Granite             Match:   62 (400+ 338- 262=)
 Yomi AI            vs Marble              Match:   92 (426+ 334- 240=)
 Yomi AI            vs ZQ Bot              Match:   30 (385+ 355- 260=)
 Yomi AI            vs Sweet Rocky         Match:   15 (362+ 347- 291=)
 Yomi AI            vs Piedra              Match:   36 (373+ 337- 290=)
 Yomi AI            vs Mixed Strategy      Match:   69 (389+ 320- 291=)
 Yomi AI            vs Multi-strategy      Match:  142 (447+ 305- 248=)
 Yomi AI            vs Inocencio           Match:   54 (379+ 325- 296=)
 Yomi AI            vs Peterbot            Match:  -36 (319+ 355- 326=)
 Yomi AI            vs Bugbrain            Match:   21 (349+ 328- 323=)
 Yomi AI            vs Knucklehead         Match:  175 (464+ 289- 247=)
 Final results (draw value = 50):

 Tournament results: 

    Player Name          total     1    2    3    4    5    6    7    8    9   10   11   12   13   14   15   16   17   18   19   20   21   22   23   24   25   26   27   28   29   30   31   32   33   34   35   36   37   38   39   40   41   42
  1 Iocaine Powder       11539     0   32   54   40   79   29  512   39  194  243  237   37  -10   54   31  289   60  101   -6  -19   75  -12  329   75   21  725  176  358  172  180  586  333   94   30  891  261  386  908  983  985  994  993
  2 Phasenbott           10349   -32    0   55   36   79   92  483   17  128  219  231   77  -37   52   71  243   22   54   22   17   40    1  233   50  -18  189  100  393  140  144  455  350   88   81  998  238  155  917  989  992  993  992
  3 MegaHAL               9465   -54  -55    0   26  -60   19   94   64   65  221  237   45  -55   14  -16  240   39   92  -46    9    0  -33  261   -5  -17  245  170   65   65  157  381  274  142  247  902  435  385  939  990  992  998  993
  4 Biopic                8987   -40  -36  -26    0   43   32    3   -8   23  127  129    5  -20   32  -18   79   53   21  -28  -15   47  -42  266   46   -2  185  -26  426   90  161  500   57  134  223  987  299  378  919  994  996  996  997
  5 Simple Modeller       8673   -79  -79   60  -43    0  -31   14   30  243   41   83   71   20  -34   20  296   56   54   -8   -9   54   36  173  -39   31  767  216  -10  211   54  203  126  111  287  338  438  399  594  990  992  998  999
  6 Robertot              7982   -29  -92  -19  -32   31    0  -18  -21   32   52   45   44  -10  -49   26  129   61   65   -1   13   57   -6  287    7    3   51   77   -1   64  103  449   49  150  112  634  479  414  855  981  993  997 1000
  7 RussRocker4           7699  -512 -483  -94   -3  -14   18    0   46  101  103  126   32   22   23   29  167   50  103    8   37   28  -10  175    3    8  102  160  182  108  123  474  307   70  157  943  251  276  602  994  993  999  995
  8 Boom                  7208   -39  -17  -64    8  -30   21  -46    0  -15   11   61   33  -24  -59  -28   71   43   59  -29   -6   33    4  168    9  -34   30   48   40   61   42  366   93  145  179  478  443  423  753  991  990  996 1000
  9 Simple Predictor      7196  -194 -128  -65  -23 -243  -32 -101   15    0   15   42   32   19  -67   41  163   48   59  -34  -26  -28  -68  179  -62  -14  681  309  -38  243   72  232  101  154  241  329  413  383  588  985  989  993  993
 10 Granite               6866  -243 -219 -221 -127  -41  -52 -103  -11  -15    0   -2   46  -69 -132  -57   68   79   53  -40  -48   15  -62  325  -57   -8  656  -21   77   50  156  288   77  175  206  902  261  392  594  991  994  999  990
 11 Marble                6597  -237 -231 -237 -129  -83  -45 -126  -61  -42    2    0   77  -43  -98  -58   -3   35   75   -3  -43   34  -92  271 -101  -48  648   51   73   46  164  272   75  178  169  911  219  400  591  996  995 1000  995
 12 Sweet Rocky           6495   -37  -77  -45   -5  -71  -44  -32  -33  -32  -46  -77    0  -18  -55    1  -30  -17   62   -6  -43   20  -15  146  -21   -6  746   35   10   77  102  221  138  169  195  131  171  410  592  992  994  998  995
 13 Shofar                6243    10   37   55   20  -20   10  -22   24  -19   69   43   18    0   10  -25   58   49   21  -21   -9   -6    7  100  -16   -8   23   37  -35   77   64  208   95  153   81  131  427  265  559  901  922  990  960
 14 ACT-R Lag2            6071   -54  -52  -14  -32   34   49  -23   59   67  132   98   55  -10    0  -10   66   28   45  -17    7   50   25  232  -60  -21  472   22  -25   24   84  491   47   43  119   15  270  290  579    5  995  997  989
 15 Bugbrain              5963   -31  -71   16   18  -20  -26  -29   28  -41   57   58   -1   25   10    0  164   65   30  -26   -7   57  -21  152  -59   32   82  118  -15   57   -1  102   94   46  145  250  258  216  374  952  936  984  985
 16 ZQ Bot                5956  -289 -243 -240  -79 -296 -129 -167  -71 -163  -68    3   30  -58  -66 -164    0   65   61  -26  -26   10  -30  194   26  -12  477   34  -12   23  137  270  277  105  176  945  313  386  590  992  991  995  995
 17 Piedra                5641   -60  -22  -39  -53  -56  -61  -50  -43  -48  -79  -35   17  -49  -28  -65  -65    0   42  -27  -18   21  -36  142  -52   -3  -83   89  -21  118  133  108  265  166  157  245  155  413  591  995  992  998  987
 18 * Anti-rotn           5065  -101  -54  -92  -21  -54  -65 -103  -59  -59  -53  -75  -62  -21  -45  -30  -61  -42    0   32   51  -35    6  262  -34  -36  456   -3  -12  -34  196   54   59   53  281   42  518  124  597  499  999  998  989
 19 Vroomfondel           5010     6  -22   46   28    8    1   -8   29   34   40    3    6   21   17   26   26   27  -32    0  -11  112    5  169  -27   42   89   35   20    7  122  187   27   28  104   17  273  156  458  -26  992  995  980
 20 Majikthise            4881    19  -17   -9   15    9  -13  -37    6   26   48   43   43    9   -7    7   26   18  -51   11    0   30   75  185   40   -5  104    9   30  -20   17  278  -27   28  132    2  256  182  457  -19  997  996  988
 21 Mixed Strategy        4330   -75  -40    0  -47  -54  -57  -28  -33   28  -15  -34  -20    6  -50  -57  -10  -21   35 -112  -30    0  -69  -22  -45  -17    4   22   -1   56   10  270    9  146  162  -19    9  442  452  959  953  990  633
 22 Yomi AI               3901    12   -1   33   42  -36    6   10   -4   68   62   92   15   -7  -25   21   30   36   -6   -5  -75   69    0  142    4  -56   54   35  162   13   77  175   46    3    1  -36   81   28  354  -13  495 1000  999
 23 Multi-strategy        2803  -329 -233 -261 -266 -173 -287 -175 -168 -179 -325 -271 -146 -100 -232 -152 -194 -142 -262 -169 -185   22 -142    0  -50  -20  -48   38    5  270  107   43   43  123  305  500  472  395  999  997  997  999  997
 24 * De Bruijn            375   -75  -50    5  -46   39   -7   -3   -9   62   57  101   21   16   60   59  -26   52   34   27  -40   45   -4   50    0   -1    8   40   -9  -27  -29    3  -31   23    3  -13    7   -4  128   -1   21    0 -111
 25 * Pi                   204   -21   18   17    2  -31   -3   -8   34   14    8   48    6    8   21  -32   12    3   36  -42    5   17   56   20    1    0   26  -24   14   37    6   20  -14  -81   15   16    3  -22   30   22  -11  -11  -11
 26 Inocencio             -557  -725 -189 -245 -185 -767  -51 -102  -30 -681 -656 -648 -746  -23 -472  -82 -477   83 -456  -89 -104   -4  -54   48   -8  -26    0   25  330   97  167  210  108  153   44  118  266  388  362  930  977  977  980
 27 * Add-drift          -1932  -176 -100 -170   26 -216  -77 -160  -48 -309   21  -51  -35  -37  -22 -118  -34  -89    3  -35   -9  -22  -35  -38  -40   24  -25    0    6   32  -45  -46  -86    0  -42    6    4  -29   44   -7   25    8  -30
 28 * Foxtrot            -2069  -358 -393  -65 -426   10    1 -182  -40   38  -77  -73  -10   35   25   15   12   21   12  -20  -30    1 -162   -5    9  -14 -330   -6    0   38    7  -28  -16   17  -17  -23    4   19    6    8  -37  -35    0
 29 * Copy-drift         -2172  -172 -140  -65  -90 -211  -64 -108  -61 -243  -50  -46  -77  -77  -24  -57  -23 -118   34   -7   20  -56  -13 -270   27  -37  -97  -32  -38    0   36 -112    2   -6  -49    1   16  -46   -3    2    2   38   42
 30 * Flat               -2682  -180 -144 -157 -161  -54 -103 -123  -42  -72 -156 -164 -102  -64  -84    1 -137 -133 -196 -122  -17  -10  -77 -107   29   -6 -167   45   -7  -36    0  -19   16  -47    2 -152   12    5  219  180   31    1 -384
 31 Knucklehead          -2752  -586 -455 -381 -500 -203 -449 -474 -366 -232 -288 -272 -221 -208 -491 -102 -270 -108  -54 -187 -278 -270 -175  -43   -3  -20 -210   46   28  112   19    0   68   48  -19  -45  -17   75  119  802  959  947  952
 32 * Add-react          -2776  -333 -350 -274  -57 -126  -49 -307  -93 -101  -77  -75 -138  -95  -47  -94 -277 -265  -59  -27   27   -9  -46  -43   31   14 -108   86   16   -2  -16  -68    0   52   -1  -48   -3    7   -9    8   36  121   23
 33 * Text               -2956   -94  -88 -142 -134 -111 -150  -70 -145 -154 -175 -178 -169 -153  -43  -46 -105 -166  -53  -28  -28 -146   -3 -123  -23   81 -153    0  -17    6   47  -48  -52    0  -41   49   32   10 -185  -74  -11 -185  112
 34 * Switch A Lot       -3439   -30  -81 -247 -223 -287 -112 -157 -179 -241 -206 -169 -195  -81 -119 -145 -176 -157 -281 -104 -132 -162   -1 -305   -3  -15  -44   42   17   49   -2   19    1   41    0 -105   42   11   30  323  -14   28  -69
 35 Peterbot             -5257  -891 -998 -902 -987 -338 -634 -943 -478 -329 -902 -911 -131 -131  -15 -250 -945 -245  -42  -17   -2   19   36 -500   13  -16 -118   -6   23   -1  152   45   48  -49  105    0  262  398  445  982  997  999 1000
 36 Always Switchin'     -7165  -261 -238 -435 -299 -438 -479 -251 -443 -413 -261 -219 -171 -427 -270 -258 -313 -155 -518 -273 -256   -9  -81 -472   -7   -3 -266   -4   -4  -16  -12   17    3  -32  -42 -262    0  -60   26  494  -32   40  -65
 37 R-P-S 20-20-60       -8793  -386 -155 -385 -378 -399 -414 -276 -423 -383 -392 -400 -410 -265 -290 -216 -386 -413 -124 -156 -182 -442  -28 -395    4   22 -388   29  -19   46   -5  -75   -7  -10  -11 -398   60    0 -427 -209   13 -399  279
 38 Beat Frequent Pick  -14252  -908 -917 -939 -919 -594 -855 -602 -753 -588 -594 -591 -592 -559 -579 -374 -590 -591 -597 -458 -457 -452 -354 -999 -128  -30 -362  -44   -6    3 -219 -119    9  185  -30 -445  -26  427    0 -600    0  999  996
 39 Beat The Last Move  -18980  -983 -989 -990 -994 -990 -981 -994 -991 -985 -991 -996 -992 -901   -5 -952 -992 -995 -499   26   19 -959   13 -997    1  -22 -930    7   -8   -2 -180 -802   -8   74 -323 -982 -494  209  600    0    1 1000  997
 40 Rotate R-P-S        -25791  -985 -992 -992 -996 -992 -993 -993 -990 -989 -994 -995 -994 -922 -995 -936 -991 -992 -999 -992 -997 -953 -495 -997  -21   11 -977  -25   37   -2  -31 -959  -36   11   14 -997   32  -13    0   -1    0    0 -660
 41 Good Ole Rock       -26433  -994 -993 -998 -996 -998 -997 -999 -996 -993 -999 -1000 -998 -990 -997 -984 -995 -998 -998 -995 -996 -990 -1000 -999    0   11 -977   -8   35  -38   -1 -947 -121  185  -28 -999  -40  399 -999 -1000    0    0  998
 42 * Anti-Flat         -27493  -993 -992 -993 -997 -999 -1000 -995 -1000 -993 -990 -995 -995 -960 -989 -985 -995 -987 -989 -980 -988 -633 -999 -997  111   11 -980   30    0  -42  384 -952  -23 -112   69 -1000   65 -279 -996 -997  660 -998    0

 Match results (draw <= 50): 

    Player Name           total  W  L  D   1  2  3  4  5  6  7  8  9 10 11 12 13 14 15 16 17 18 19 20 21 22 23 24 25 26 27 28 29 30 31 32 33 34 35 36 37 38 39 40 41 42
  1 Phasenbott              71  30  0 11   1  1  2  2  1  2  2  1  2  1  2  2  1  1  2  1  2  2  1  1  2  1  2  1  2  2  2  2  2  2  2  2  2  2  2  2  2  2  2  2  2  2
  2 Iocaine Powder          70  29  0 12   1  1  2  2  1  2  1  1  1  1  2  1  1  1  2  1  2  2  2  2  2  2  2  1  2  2  2  2  2  2  2  2  2  2  2  1  2  2  2  2  2  2
  3 Simple Modeller         64  25  2 14   0  0  1  2  1  1  1  1  1  1  1  2  1  1  2  1  1  2  2  1  2  2  2  1  2  1  2  2  2  2  2  2  2  2  2  2  2  2  2  2  2  2
  4 MegaHAL                 62  25  4 12   0  0  0  1  1  2  1  0  1  2  1  1  1  1  2  1  2  2  1  1  2  1  2  1  2  2  2  2  2  2  2  2  2  2  2  2  2  2  2  2  2  2
  5 Biopic                  62  21  0 20   1  1  1  1  1  1  1  1  1  1  1  1  1  1  1  1  2  2  2  1  2  1  1  1  2  2  2  2  1  2  2  2  2  2  2  2  2  2  2  2  2  2
  6 RussRocker4             61  23  3 15   0  0  1  0  1  1  1  1  1  1  1  1  1  1  2  1  2  2  1  1  2  1  2  1  2  2  2  2  2  2  2  2  2  2  2  2  2  2  2  2  2  2
  7 Robertot                61  21  1 19   0  1  1  1  1  1  1  1  1  1  1  1  1  1  1  1  2  1  2  1  2  2  2  1  2  1  2  2  2  1  2  2  2  2  2  2  2  2  2  2  2  2
  8 Shofar                  59  18  0 23   1  1  1  2  1  1  1  1  1  1  1  1  1  1  1  1  2  1  1  1  2  1  1  1  1  1  2  2  1  2  2  2  2  2  2  2  2  2  2  2  2  2
  9 Bugbrain                59  20  2 19   0  1  1  1  1  1  1  1  1  1  1  1  1  1  1  1  2  2  2  0  2  2  1  1  2  1  2  2  2  2  2  2  1  2  1  2  2  2  2  2  2  2
 10 Boom                    56  17  2 22   1  1  1  0  1  1  1  1  1  1  0  1  1  1  1  1  1  2  1  1  2  1  2  1  1  1  2  2  1  2  2  2  1  2  2  2  2  2  2  2  2  2
 11 ACT-R Lag2              55  17  3 21   0  0  1  1  1  1  1  1  1  2  1  2  1  1  2  1  2  2  1  0  2  1  1  1  2  1  2  1  1  1  2  1  2  1  1  2  2  2  2  2  2  2
 12 Sweet Rocky             54  17  4 20   0  1  0  1  1  1  1  1  1  1  0  1  1  1  1  1  1  0  1  1  1  1  2  1  2  1  2  2  1  2  2  2  2  2  2  2  2  2  2  2  2  2
 13 Yomi AI                 53  14  2 25   1  1  1  1  1  1  1  1  1  1  1  1  1  1  2  0  2  2  1  1  1  2  1  0  2  2  2  1  1  1  2  1  2  1  1  1  2  2  1  2  2  2
 14 Vroomfondel             53  12  0 29   1  1  1  1  1  1  1  1  1  1  1  1  1  1  1  1  1  1  1  1  1  2  1  1  2  1  2  1  1  1  2  1  2  1  1  2  2  2  2  2  2  2
 15 Simple Predictor        52  19  8 14   0  0  0  0  1  0  1  1  1  1  0  1  0  1  1  1  1  1  1  0  2  1  2  1  2  1  2  2  2  2  2  2  2  2  2  2  2  2  2  2  2  2
 16 Majikthise              51  11  1 29   1  1  1  1  1  1  1  1  1  1  1  1  2  1  1  1  1  1  1  1  1  1  0  1  2  1  2  1  1  1  2  1  1  1  1  2  2  2  2  2  2  2
 17 Granite                 49  19 11 11   0  0  1  0  0  0  0  0  0  1  0  1  0  1  1  1  1  1  2  0  2  1  2  1  2  2  2  2  1  2  2  1  2  2  2  2  2  2  2  2  2  2
 18 Marble                  49  19 11 11   0  0  0  0  0  0  1  1  0  0  0  2  0  1  1  1  1  1  1  0  1  1  2  1  2  2  2  2  2  2  2  1  2  2  2  2  2  2  2  2  2  2
 19 Piedra                  48  16  9 16   1  0  0  1  0  1  0  1  0  1  1  1  1  1  1  1  0  1  1  0  0  1  1  1  0  1  2  2  2  2  2  2  2  2  2  2  2  2  2  2  2  2
 20 * De Bruijn             46   7  2 32   1  0  1  1  1  1  1  1  2  1  2  1  1  1  2  1  2  2  2  1  1  1  1  1  1  1  1  1  1  1  1  1  1  1  1  1  1  2  1  1  0  1
 21 ZQ Bot                  45  17 13 11   0  0  0  0  0  0  0  0  0  0  0  1  1  1  0  1  0  1  2  1  1  1  2  1  2  1  2  2  1  2  2  1  2  2  2  2  2  2  2  2  2  2
 22 Mixed Strategy          45  10  6 25   1  0  0  1  1  1  0  1  0  1  1  1  0  0  1  1  1  1  1  1  1  1  1  1  1  1  1  1  1  1  2  2  1  2  2  2  1  2  2  2  2  2
 23 * Anti-rotn             44  15 12 14   0  0  0  0  1  0  0  1  1  0  1  0  1  1  0  2  0  0  1  1  0  1  1  1  2  1  2  1  1  2  2  1  2  2  2  2  2  2  2  2  2  2
 24 * Pi                    41   1  1 39   1  1  1  1  1  1  1  1  1  1  1  1  2  1  1  1  1  1  1  1  1  1  1  1  1  1  1  1  1  1  1  1  1  1  0  1  1  1  1  1  1  1
 25 Inocencio               38  15 18  8   0  0  0  0  0  0  0  1  0  1  0  0  0  0  0  0  0  0  2  1  0  1  0  1  1  2  1  2  1  2  2  2  2  2  2  1  2  2  2  2  2  2
 26 * Foxtrot               32   0  9 32   0  0  1  0  0  0  1  1  1  1  1  1  0  1  1  1  0  0  1  1  1  1  1  1  0  1  1  1  1  1  1  1  1  1  1  1  1  1  1  1  1  1
 27 Multi-strategy          32  12 21  8   0  0  0  0  0  0  0  0  0  0  0  0  0  0  0  0  0  0  0  1  0  1  0  1  1  1  1  2  1  1  1  2  2  2  2  2  2  2  2  2  2  2
 28 Peterbot                32   9 18 14   0  0  0  0  0  0  0  0  0  0  1  0  1  1  0  1  0  0  0  1  0  1  1  1  0  1  0  1  1  1  1  1  2  2  1  2  2  2  2  2  2  2
 29 * Add-drift             30   0 11 30   0  0  0  0  1  0  0  1  0  1  1  1  1  1  0  1  1  0  0  1  1  1  1  1  1  1  1  1  1  0  1  1  1  1  1  1  1  1  1  1  1  1
 30 * Add-react             26   3 18 20   0  0  0  0  0  0  1  0  0  0  1  0  1  1  0  1  0  0  0  1  0  1  0  1  0  1  1  1  2  1  0  1  1  1  2  1  1  1  1  2  1  1
 31 Knucklehead             26   8 23 10   0  0  0  0  0  0  0  0  0  0  0  0  0  0  0  0  0  0  0  1  0  0  0  1  0  1  1  1  1  2  1  2  1  2  1  1  1  2  2  2  2  2
 32 * Copy-drift            24   0 17 24   0  0  0  0  0  0  0  0  0  0  1  0  1  1  0  1  1  1  0  1  1  0  1  1  0  1  0  1  1  1  0  1  1  1  1  1  1  1  1  1  1  1
 33 * Flat                  21   2 22 17   0  0  0  0  0  0  0  0  1  1  0  0  0  0  0  1  0  0  0  1  0  1  0  1  0  1  0  0  1  1  1  1  1  2  1  1  1  2  1  1  0  1
 34 Beat The Last Move      21   5 25 11   0  0  0  0  0  0  0  0  0  0  1  0  1  1  0  1  0  0  0  1  0  0  0  1  0  1  0  0  1  1  0  1  0  1  2  0  0  2  2  2  2  1
 35 * Text                  20   2 23 16   0  0  0  0  0  0  0  0  1  0  1  0  1  1  0  1  0  0  0  1  0  0  0  2  0  1  0  1  1  0  1  1  1  0  1  1  1  0  1  0  2  1
 36 * Switch A Lot          19   1 23 17   0  1  0  0  0  0  0  0  0  0  0  0  1  0  0  0  0  0  0  1  0  0  0  1  1  1  0  0  1  1  1  1  1  2  1  1  1  1  1  1  0  1
 37 Always Switchin'        16   1 26 14   0  0  0  0  0  0  0  0  0  0  0  0  0  0  0  0  0  0  0  1  0  1  0  1  0  1  0  0  1  1  1  1  1  2  1  1  1  1  0  1  0  1
 38 Beat Frequent Pick      16   4 29  8   0  0  0  0  0  0  0  0  0  0  0  0  0  0  0  0  0  0  0  0  0  0  0  1  0  1  0  0  1  1  0  1  0  0  2  1  1  1  2  2  2  1
 39 R-P-S 20-20-60          15   2 28 11   0  0  0  0  0  0  0  0  0  0  0  0  1  0  0  0  0  0  0  1  0  0  0  1  0  1  0  0  1  1  0  1  1  0  1  1  2  0  1  0  2  1
 40 Good Ole Rock           15   3 29  9   0  0  0  0  0  0  0  0  0  0  0  0  0  0  0  0  0  0  0  1  0  0  0  1  0  1  0  0  1  0  0  1  1  0  2  1  1  0  2  1  2  1
 41 * Anti-Flat             15   5 31  5   0  0  0  0  0  0  0  0  0  0  0  0  0  0  0  0  0  0  0  2  0  0  0  1  0  1  0  0  1  1  0  1  2  0  0  2  2  0  0  0  1  2
 42 Rotate R-P-S            14   0 27 14   0  0  0  0  0  0  0  0  0  0  0  0  0  0  0  0  0  0  0  1  0  0  0  1  0  1  0  0  1  1  0  1  1  1  1  1  1  1  1  1  0  1


   Yomi AI is match ranked 13

 Tournament results:
    Player Name          total 
  1 Yomi AI               3901 
 15 * Anti-rotn           5065 
 19 Iocaine Powder       11539 
 20 Phasenbott           10349 
 21 MegaHAL               9465 
 22 RussRocker4           7699 
 23 Biopic                8987 
 24 Simple Modeller       8673 
 25 Simple Predictor      7196 
 26 Robertot              7982 
 27 Boom                  7208 
 28 Shofar                6243 
 29 ACT-R Lag2            6071 
 30 Majikthise            4881 
 31 Vroomfondel           5010 
 32 Granite               6866 
 33 Marble                6597 
 34 ZQ Bot                5956 
 35 Sweet Rocky           6495 
 36 Piedra                5641 
 37 Mixed Strategy        4330 
 41 Bugbrain              5963 

   Yomi is tournament ranked 22

