 Playing 1 tournaments with 1000 trials per match...

 Yomi AI            vs Good Ole Rock       Match: 1000 (1000+   0-   0=)
 Yomi AI            vs R-P-S 20-20-60      Match:  365 (577+ 212- 211=)
 Yomi AI            vs Rotate R-P-S        Match:  993 (996+   3-   1=)
 Yomi AI            vs Beat The Last Move  Match:  249 (514+ 265- 221=)
 Yomi AI            vs Always Switchin'    Match:  292 (476+ 184- 340=)
 Yomi AI            vs Beat Frequent Pick  Match:  691 (824+ 133-  43=)
 Yomi AI            vs * Pi                Match:  -17 (330+ 347- 323=)
 Yomi AI            vs * Switch A Lot      Match:  171 (443+ 272- 285=)
 Yomi AI            vs * Flat              Match:  185 (457+ 272- 271=)
 Yomi AI            vs * Anti-Flat         Match:  999 (999+   0-   1=)
 Yomi AI            vs * Foxtrot           Match:  437 (625+ 188- 187=)
 Yomi AI            vs * De Bruijn         Match:   -6 (322+ 328- 350=)
 Yomi AI            vs * Text              Match:  138 (420+ 282- 298=)
 Yomi AI            vs * Anti-rotn         Match:   50 (375+ 325- 300=)
 Yomi AI            vs * Copy-drift        Match:  -16 (328+ 344- 328=)
 Yomi AI            vs * Add-react         Match:   89 (416+ 327- 257=)
 Yomi AI            vs * Add-drift         Match:   86 (404+ 318- 278=)
 Yomi AI            vs Iocaine Powder      Match:    7 (341+ 334- 325=)
 Yomi AI            vs Phasenbott          Match:  -19 (339+ 358- 303=)
 Yomi AI            vs MegaHAL             Match:  -22 (336+ 358- 306=)
 Yomi AI            vs RussRocker4         Match:   42 (371+ 329- 300=)
 Yomi AI            vs Biopic              Match:  -11 (347+ 358- 295=)
 Yomi AI            vs Simple Modeller     Match:  -59 (317+ 376- 307=)
 Yomi AI            vs Simple Predictor    Match:  -28 (341+ 369- 290=)
 Yomi AI            vs Robertot            Match:  -20 (348+ 368- 284=)
 Yomi AI            vs Boom                Match:   40 (371+ 331- 298=)
 Yomi AI            vs Shofar              Match:  -26 (321+ 347- 332=)
 Yomi AI            vs ACT-R Lag2          Match:  -11 (349+ 360- 291=)
 Yomi AI            vs Majikthise          Match:   -5 (327+ 332- 341=)
 Yomi AI            vs Vroomfondel         Match:    5 (337+ 332- 331=)
 Yomi AI            vs Granite             Match:   76 (436+ 360- 204=)
 Yomi AI            vs Marble              Match:   27 (391+ 364- 245=)
 Yomi AI            vs ZQ Bot              Match:   87 (441+ 354- 205=)
 Yomi AI            vs Sweet Rocky         Match:   66 (383+ 317- 300=)
 Yomi AI            vs Piedra              Match:   35 (388+ 353- 259=)
 Yomi AI            vs Mixed Strategy      Match:   76 (401+ 325- 274=)
 Yomi AI            vs Multi-strategy      Match:  251 (517+ 266- 217=)
 Yomi AI            vs Inocencio           Match:  121 (432+ 311- 257=)
 Yomi AI            vs Peterbot            Match:   90 (401+ 311- 288=)
 Yomi AI            vs Bugbrain            Match:   14 (350+ 336- 314=)
 Yomi AI            vs Knucklehead         Match:  522 (685+ 163- 152=)
 Final results (draw value = 50):

 Tournament results: 

    Player Name          total     1    2    3    4    5    6    7    8    9   10   11   12   13   14   15   16   17   18   19   20   21   22   23   24   25   26   27   28   29   30   31   32   33   34   35   36   37   38   39   40   41   42
  1 Iocaine Powder       10819     0  165   60   24   59   84  145   50  550   45   38   -7   26  229    7  230  -15  285   62   66   35   30  248   -4  -69  219  163  343  134  216  325   62  148  548  238  891  316  910  994  988  991  990
  2 Phasenbott           10143  -165    0  100   23   73   92  102   69  542    2   73   19   41  228   21  263   74  251   58   63    8   16  194   53  -15  211  123  377   98   92  317  100   42  395  249  900  187  947  985  991  995  949
  3 MegaHAL               9606   -60 -100    0  -17   -8   46   70   60   69   38   22   22   15  211  -64  226   36  287   -5   47   -2   -4  293  -26    2  168  176   89  169   98  320  142  221  396  444  917  389  941  990  989  999 1000
  4 Biopic                8577   -24  -23   17    0  -41    2   54   43   -5   46   19   11  -11  155  -30  134   -9   70    6   51    9   42  253   11   15  159    2  385  102   98   71  130  185  484  326  709  379  762  995  996  999 1000
  5 Simple Modeller       8367   -59  -73    8   41    0   14  250   21   60   16   25   59   76   62   16   48   25  263  118   64   -1   22  218  -62  -17  113  231   -8  254   37  104  139  217  231  476  391  408  594  995  993  998 1000
  6 ACT-R Lag2            8208   -84  -92  -46   -2  -14    0   49    1   19   34    7   11   37  141  -36  139   20   37   21   63   28   17  343  -82  -12  772   13  -98   -7  107   11   57  213  516  276  999  307  581  875  991  999  997
  7 Simple Predictor      8075  -145 -102  -70  -54 -250  -49    0  -39 -115   63   34   28   57   -5  -18  -13   15  148   74   20  -16  -50  220  -62  -14  620  300  -15  271   64  156  166  206  333  436  904  413  592  986  990  996 1000
  8 Robertot              7442   -50  -69  -60  -43  -21   -1   39    0    6   53  -14   20   34   87   -4   34   -1  101   14   49  -58    8  244    6  -17  112    4   11   72   73   92  141   82  381  463  746  367  727  828  994  996  996
  9 RussRocker4           7425  -550 -542  -69    5  -60  -19  115   -6    0   48  -16  -42   90  154    6  183   -2  176   27   55   -4  -10  257  -21  -44  110  139  176  113  152  322   55  112  530  189  942  287  591  988  993  999  996
 10 Sweet Rocky           7393   -45   -2  -38  -46  -16  -34  -63  -53  -48    0  -15  -66  -56  -67  -49  -48  -41  -48   15   18  -37   33  138  -27    2  798  154   12   45  151  175  158  151   71  336  970  396  595  991  990  993 1000
 11 Boom                  7287   -38  -73  -22  -19  -25   -7  -34   14   16   15    0  -40   34   65  -42   32  -33   76    0   47   14  -24  105  -29  -25  194   58  -11  126   47  113  119  189  493  430  385  422  753  980  989  997  996
 12 Yomi AI               6964     7  -19  -22  -11  -59  -11  -28  -20   42   66   40    0   35   27  -26   76   14   87   76   50   -5    5  251   -6  -17  121   86  437  -16  185   89  138  171  522  292   90  365  691  249  993 1000  999
 13 Piedra                6755   -26  -41  -15   11  -76  -37  -57  -34  -90   56  -34  -35    0  -17  -60  -62  -59  -24    6   35  -36  -37  160  -36  -40  794   48  -19   32  160  -27  172  163  143  183  717  362  592  998  998  996  991
 14 Marble                6594  -229 -228 -211 -155  -62 -141    5  -87 -154   67  -65  -27   17    0  -81   17  -92   43  -49   60   -3  -56  247  -22  -14  636   48   41   13  152   84  174  128  360  280  953  373  594  990  993 1000  995
 15 Shofar                6470    -7  -21   64   30  -16   36   18    4   -6   49   42   26   60   81    0   43   31   94   27   29  -23    1  104  -12   32   43  -31   -4   53   18   26   97  248  116  417  114  333  557  899  925  980  993
 16 Granite               6073  -230 -263 -226 -134  -48 -139   13  -34 -183   48  -32  -76   62  -17  -43    0 -119   43  -58   52   -5  -67  289  -40  -32  648    2    5   31  157   75  177  151  291  309  492  403  593  992  993  998  995
 17 Bugbrain              5824    15  -74  -36    9  -25  -20  -15    1    2   41   33  -14   59   92  -31  119    0  182   92   58   11  -14  122  -28   -1    9   72  -29    6    5   94   44   90  163  235  273  181  363  937  949  954  900
 18 ZQ Bot                5565  -285 -251 -287  -70 -263  -37 -148 -101 -176   48  -76  -87   24  -43  -94  -43 -182    0   22   65  -67  -45  243  -44   26   41   51  -13   61  157  322  165  179  329  265  917  391  592  991  992  996 1000
 19 Mixed Strategy        5095   -62  -58    5   -6 -118  -21  -74  -14  -27  -15    0  -76   -6   49  -27   58  -92  -22    0  -34    6  -40    5  -39  -26  -43   13   26   13  113   48  182   58  190   70  258  408  487  980  951  995  980
 20 * Anti-rotn           4982   -66  -63  -47  -51  -64  -63  -20  -49  -55  -18  -47  -50  -35  -60  -29  -52  -58  -65   34    0    7  -19  233  -60  -36  367  -12  -10   47  187   -5   57  316   49  463   33  141  598  491  998 1000  995
 21 Majikthise            4675   -35   -8    2   -9    1  -28   16   58    4   37  -14    5   36    3   23    5  -11   67   -6   -7    0   13  137   24   18   67   37  -10   16   60    9   46  112  215  252   -7  133  435   -5  993  997  994
 22 Vroomfondel           4569   -30  -16    4  -42  -22  -17   50   -8   10  -33   24   -5   37   56   -1   67   14   45   40   19  -13    0  151  -12  -22   76  -49   28    9   97   -5   40   94  207  250    8  135  426  -17  990  994  990
 23 Multi-strategy        2571  -248 -194 -293 -253 -218 -343 -220 -244 -257 -138 -105 -251 -160 -247 -104 -289 -122 -243   -5 -233 -137 -151    0  -50  -20  -78   27  -24  256  137   15  123  271   56  438  500  386  999  997  997  999  997
 24 * De Bruijn            561     4  -53   26  -11   62   82   62   -6   21   27   29    6   36   22   12   40   28   44   39   60  -24   12   50    0   -1   24   10   15    3  -40  -30   23  -20   -6   -9  -14   -5  128   -1   21    0 -105
 25 * Pi                   428    69   15   -2  -15   17   12   14   17   44   -2   25   17   40   14  -32   32    1  -26   26   36  -18   22   20    1    0   27  -23  -10   29   24   37  -81   46  -40   39   27    8   30   22  -11  -11  -12
 26 Inocencio             -218  -219 -211 -168 -159 -113 -772 -620 -112 -110 -798 -194 -121 -794 -636  -43 -648   -9  -41   43 -367  -67  -76   78  -24  -27    0   57  312   37  113   77  158   14  218  264  111  404  365  920  982  986  972
 27 * Add-drift          -1665  -163 -123 -176   -2 -231  -13 -300   -4 -139 -154  -58  -86  -48  -48   31   -2  -72  -51  -13   12  -37   49  -27  -10   23  -57    0   63   18   -3  -48  -11    2  -13  -20  -36   36    3    7   25   47  -36
 28 * Foxtrot            -2069  -343 -377  -89 -385    8   98   15  -11 -176  -12   11 -437   19  -41    4   -5   29   13  -26   10   10  -28   24  -15   10 -312  -63    0  -15   33   18  -38   16   41  -14  -17   26   -7  -22  -41   17    3
 29 * Copy-drift         -2110  -134  -98 -169 -102 -254    7 -271  -72 -113  -45 -126   16  -32  -13  -53  -31   -6  -61  -13  -47  -16   -9 -256   -3  -29  -37  -18   15    0  -21    5  -17  -29  -60  -34  -62  -16   -7   40    6   26   29
 30 * Flat               -2760  -216  -92  -98  -98  -37 -107  -64  -73 -152 -151  -47 -185 -160 -152  -18 -157   -5 -157 -113 -187  -60  -97 -137   40  -24 -113    3  -33   21    0    2  -33    2    3   -8 -107  -25  251  210   27    1 -414
 31 * Add-react          -2866  -325 -317 -320  -71 -104  -11 -156  -92 -322 -175 -113  -89   27  -84  -26  -75  -94 -322  -48    5   -9    5  -15   30  -37  -77   48  -18   -5   -2    0   33  -18  -47   11  -16   -5   -1  -23   25  -80   47
 32 * Text               -3123   -62 -100 -142 -130 -139  -57 -166 -141  -55 -158 -119 -138 -172 -174  -97 -177  -44 -165 -182  -57  -46  -40 -123  -23   81 -158   11   38   17   33  -33    0  -56    9  -16   23  -22 -185  -74  -11 -185  112
 33 * Switch A Lot       -3488  -148  -42 -221 -185 -217 -213 -206  -82 -112 -151 -189 -171 -163 -128 -248 -151  -90 -179  -58 -316 -112  -94 -271   20  -46  -14   -2  -16   29   -2   18   56    0   -1  -16 -177    2   52  303   22   32   -1
 34 Knucklehead          -4012  -548 -395 -396 -484 -231 -516 -333 -381 -530  -71 -493 -522 -143 -360 -116 -291 -163 -329 -190  -49 -215 -207  -56    6   40 -218   13  -41   60   -3   47   -9    1    0   47   35   26   81  979  -41  987  997
 35 Always Switchin'     -7283  -238 -249 -444 -326 -476 -276 -436 -463 -189 -336 -430 -292 -183 -280 -417 -309 -235 -265  -70 -463 -252 -250 -438    9  -39 -264   20   14   34    8  -11   16   16  -47    0 -240  -10   90  467   19    0  -48
 36 Peterbot             -7832  -891 -900 -917 -709 -391 -999 -904 -746 -942 -970 -385  -90 -717 -953 -114 -492 -273 -917 -258  -33    7   -8 -500   14  -27 -111   36   17   62  107   16  -23  177  -35  240    0  405  427  981  998 1000  986
 37 R-P-S 20-20-60       -8979  -316 -187 -389 -379 -408 -307 -413 -367 -287 -396 -422 -365 -362 -373 -333 -403 -181 -391 -408 -141 -133 -135 -386    5   -8 -404  -36  -26   16   25    5   22   -2  -26   10 -405    0 -432 -143    2 -384  284
 38 Beat Frequent Pick  -14316  -910 -947 -941 -762 -594 -581 -592 -727 -591 -595 -753 -691 -592 -594 -557 -593 -363 -592 -487 -598 -435 -426 -999 -128  -30 -365   -3    7    7 -251    1  185  -52  -81  -90 -427  432    0 -600    0  999 1000
 39 Beat The Last Move  -20177  -994 -985 -990 -995 -995 -875 -986 -828 -988 -991 -980 -249 -998 -990 -899 -992 -937 -991 -980 -491    5   17 -997    1  -22 -920   -7   22  -40 -210   23   74 -303 -979 -467 -981  143  600    0    1 1000  997
 40 Rotate R-P-S        -25380  -988 -991 -989 -996 -993 -991 -990 -994 -993 -990 -989 -993 -998 -993 -925 -993 -949 -992 -951 -998 -993 -990 -997  -21   11 -982  -25   41   -6  -27  -25   11  -22   41  -19 -998   -2    0   -1    0    0 -680
 41 Good Ole Rock       -26308  -991 -995 -999 -999 -998 -999 -996 -996 -999 -993 -997 -1000 -996 -1000 -980 -998 -954 -996 -995 -1000 -997 -994 -999    0   11 -986  -47  -17  -26   -1   80  185  -32 -987    0 -1000  384 -999 -1000    0    0  998
 42 * Anti-Flat         -27882  -990 -949 -1000 -1000 -1000 -997 -1000 -996 -996 -1000 -996 -999 -991 -995 -993 -995 -900 -1000 -980 -995 -994 -990 -997  105   12 -972   36   -3  -29  414  -47 -112    1 -997   48 -986 -284 -1000 -997  680 -998    0

 Match results (draw <= 50): 

    Player Name           total  W  L  D   1  2  3  4  5  6  7  8  9 10 11 12 13 14 15 16 17 18 19 20 21 22 23 24 25 26 27 28 29 30 31 32 33 34 35 36 37 38 39 40 41 42
  1 Phasenbott              71  31  1  9   1  0  1  2  2  1  2  2  2  1  2  2  2  1  1  1  1  2  2  2  2  2  2  1  2  2  2  2  2  2  2  2  1  2  2  2  2  2  2  2  2  2
  2 Iocaine Powder          69  29  1 11   2  1  1  2  2  1  2  1  1  1  1  2  2  1  1  1  1  2  2  2  2  1  2  0  2  2  2  2  2  2  2  2  2  2  2  2  2  2  2  2  2  2
  3 Biopic                  63  22  0 19   1  1  1  1  1  1  1  1  1  1  1  2  1  1  1  1  1  2  1  2  2  1  2  1  2  2  2  1  2  2  2  2  2  2  2  2  2  2  2  2  2  2
  4 MegaHAL                 62  24  3 14   0  0  1  1  1  1  2  1  1  0  2  2  1  1  1  1  1  2  1  2  2  1  1  1  2  2  2  2  2  2  2  2  2  2  2  2  2  2  2  2  2  2
  5 Simple Modeller         62  24  3 14   0  0  1  1  1  2  2  1  1  1  1  2  1  1  1  1  2  1  2  2  2  0  2  1  2  1  2  2  2  2  2  2  2  1  2  2  2  2  2  2  2  2
  6 Yomi AI                 61  21  1 19   1  1  1  1  0  1  1  1  1  1  1  1  1  1  1  2  1  2  2  1  2  1  1  1  2  2  2  2  2  1  2  2  2  2  2  2  2  2  2  2  2  2
  7 RussRocker4             61  24  4 13   0  0  1  0  0  1  1  1  1  1  1  2  1  1  1  1  2  2  1  2  2  1  2  1  2  2  2  2  2  2  2  2  2  2  2  2  2  2  2  2  2  2
  8 Bugbrain                59  19  1 21   0  1  1  1  1  1  1  1  1  1  1  1  1  1  1  1  2  2  2  2  2  1  2  1  1  1  2  2  2  1  2  2  2  1  2  2  1  2  2  2  2  2
  9 Boom                    58  18  1 22   0  1  1  1  1  1  1  1  1  1  1  1  1  1  1  1  1  1  1  2  2  1  1  1  2  1  2  2  2  2  2  2  2  1  2  2  2  2  2  2  2  2
 10 Shofar                  58  17  0 24   1  1  1  2  1  1  1  1  1  1  1  1  1  1  1  1  2  1  1  2  2  1  1  1  1  1  2  1  2  2  1  2  2  1  2  2  2  2  2  2  2  2
 11 Robertot                57  19  3 19   0  1  1  0  1  1  1  1  1  1  1  1  1  0  1  2  1  1  1  2  2  1  1  1  2  1  2  1  2  2  2  2  2  2  2  2  2  2  2  2  2  2
 12 Simple Predictor        55  21  7 13   0  0  0  0  0  1  0  1  1  1  1  1  1  1  1  2  2  1  2  1  2  0  1  1  2  1  2  2  2  2  2  2  2  2  2  2  2  2  2  2  2  2
 13 ACT-R Lag2              54  17  4 20   0  0  1  1  1  1  1  1  1  1  1  1  1  1  1  1  1  2  1  2  1  0  2  1  2  0  2  1  2  1  1  2  2  2  2  2  2  2  2  2  2  2
 14 Majikthise              54  13  0 28   1  1  1  1  1  1  1  1  1  1  2  1  1  1  1  1  1  1  1  1  2  1  1  1  2  1  2  1  1  1  1  2  2  2  1  2  1  2  2  2  2  2
 15 Vroomfondel             54  13  0 28   1  1  1  1  1  1  1  1  1  1  1  1  1  1  1  1  1  2  1  2  1  1  1  1  2  1  2  1  1  1  1  2  2  2  1  2  1  2  2  2  2  2
 16 Sweet Rocky             52  16  5 20   1  1  1  1  1  0  1  1  1  1  0  0  1  1  1  1  0  1  1  0  1  1  1  1  2  1  2  2  2  1  2  2  2  2  2  2  2  2  2  2  2  2
 17 Piedra                  50  15  6 20   1  1  1  1  0  1  0  0  1  0  1  0  1  1  1  2  1  0  1  1  1  1  1  1  2  1  2  1  2  1  1  2  2  2  2  2  2  2  2  2  2  2
 18 Granite                 48  17 10 14   0  0  0  0  1  0  0  0  1  1  1  1  0  1  0  1  2  1  0  1  1  1  2  1  2  1  2  1  2  1  2  2  2  2  2  2  2  2  2  2  2  2
 19 Mixed Strategy          48  13  6 22   0  0  1  1  0  0  1  0  1  1  1  0  1  1  1  1  1  2  1  1  1  1  1  1  1  1  1  1  2  1  1  2  2  2  2  2  2  2  2  2  2  2
 20 Marble                  46  17 12 12   0  0  0  0  0  1  0  0  0  0  0  1  0  1  0  2  1  1  1  1  1  1  2  1  2  1  2  1  2  1  2  2  2  2  2  2  2  2  2  2  2  2
 21 ZQ Bot                  45  17 13 11   0  0  0  0  0  0  0  0  0  0  0  0  1  0  1  1  1  1  1  1  1  1  2  1  1  1  2  2  2  2  2  2  2  2  2  2  2  2  2  2  2  2
 22 * De Bruijn             44   5  2 34   0  1  1  1  2  1  1  1  1  1  1  2  2  1  1  1  1  1  1  1  1  1  2  1  1  1  1  1  1  1  1  1  1  1  1  1  1  1  1  2  1  0
 23 * Anti-rotn             42  12 11 18   0  0  0  1  0  1  0  0  1  1  1  1  0  1  1  1  1  0  1  0  0  0  1  1  2  1  2  1  1  1  1  1  2  2  2  2  2  2  2  2  2  2
 24 * Pi                    41   1  1 39   1  2  1  1  1  1  1  1  1  1  1  1  1  1  1  1  1  1  1  1  1  1  1  1  1  1  1  1  1  1  1  1  1  1  1  1  0  1  1  1  1  1
 25 Inocencio               38  15 18  8   0  0  0  0  0  0  0  1  0  1  0  0  0  0  0  0  0  0  1  0  1  1  0  1  1  2  2  2  2  1  2  2  1  2  2  2  2  2  2  2  2  2
 26 * Foxtrot               34   1  8 32   0  0  0  0  1  0  0  1  1  1  1  1  2  1  1  1  1  1  1  1  1  1  1  1  0  1  1  0  1  1  1  1  1  1  1  1  1  1  1  1  1  1
 27 Multi-strategy          32  13 22  6   0  0  0  0  0  0  0  0  0  0  0  0  0  0  0  0  0  0  1  0  0  1  0  1  0  1  1  1  2  2  1  2  2  2  2  2  2  2  2  2  2  2
 28 * Add-drift             30   1 12 28   0  0  1  0  0  0  0  0  0  1  1  0  1  1  1  0  1  1  1  1  0  1  1  1  0  2  1  1  1  1  1  1  1  1  1  1  1  1  1  1  1  1
 29 Peterbot                30  10 21 10   0  0  0  0  0  0  0  0  0  0  0  0  0  1  1  0  0  0  0  0  0  1  1  1  0  1  0  1  1  2  1  1  2  2  2  2  1  2  2  2  2  2
 30 * Copy-drift            27   0 14 27   0  0  0  0  0  1  0  1  0  0  0  0  1  1  1  1  1  1  1  1  0  1  1  1  1  1  0  1  0  1  1  0  1  1  1  1  1  1  1  1  1  1
 31 * Add-react             24   0 17 24   0  0  0  0  0  0  0  0  0  1  0  0  1  1  1  0  1  0  1  0  0  1  1  1  0  1  1  1  1  1  1  1  1  1  1  1  1  0  1  1  1  1
 32 Knucklehead             23   5 23 13   0  0  0  0  0  0  0  0  0  0  0  0  0  0  0  0  0  0  0  0  0  1  1  1  0  1  0  1  1  2  1  1  1  1  2  1  1  2  1  2  1  2
 33 * Switch A Lot          21   3 23 15   1  0  0  0  0  0  0  0  0  0  0  0  0  0  0  0  0  0  0  0  0  1  0  1  1  1  0  1  0  1  1  1  1  1  2  1  2  1  1  2  1  1
 34 * Flat                  21   2 22 17   0  0  0  0  1  0  0  1  1  1  0  0  0  0  0  0  0  0  0  0  0  1  0  1  0  1  0  1  0  1  1  1  1  1  2  1  1  1  1  2  1  0
 35 Beat The Last Move      19   5 27  9   0  0  0  0  0  0  0  0  0  0  0  0  0  1  1  0  0  0  0  0  0  1  0  1  0  1  0  1  0  1  1  0  0  0  1  0  2  2  1  2  2  2
 36 Always Switchin'        18   2 25 14   0  0  0  0  0  0  0  0  0  0  0  0  0  0  0  0  0  0  0  0  0  1  0  1  0  1  0  1  0  1  1  1  1  1  2  1  1  1  1  2  1  1
 37 * Text                  18   2 25 14   0  0  0  0  0  0  0  1  0  0  0  0  0  1  1  0  0  0  0  0  0  1  0  2  0  1  0  1  1  1  1  1  0  1  0  1  1  0  1  0  1  2
 38 Good Ole Rock           17   4 28  9   0  0  0  0  0  0  0  0  0  0  0  0  0  0  0  0  0  0  0  0  0  1  0  1  0  1  0  1  0  1  2  0  1  1  0  1  2  1  1  0  2  2
 39 Rotate R-P-S            15   0 26 15   0  0  0  0  0  0  0  0  0  0  0  0  0  0  0  0  0  0  0  0  0  1  0  1  0  1  0  1  0  1  1  1  1  1  1  1  1  1  1  1  1  0
 40 Beat Frequent Pick      14   4 31  6   0  0  0  0  0  0  0  0  0  0  0  0  0  0  0  0  0  0  0  0  0  0  0  1  0  1  0  1  0  1  1  0  0  0  0  0  2  2  1  1  2  2
 41 R-P-S 20-20-60          14   1 28 12   0  0  0  0  0  0  0  0  0  0  0  0  0  0  0  0  0  0  0  0  0  1  0  1  0  1  0  1  0  1  1  1  1  1  0  1  1  0  1  0  1  2
 42 * Anti-Flat             13   3 31  7   0  0  0  0  0  0  0  0  0  0  0  0  0  0  0  0  0  0  0  0  0  2  0  1  0  1  0  1  0  1  1  0  1  2  0  1  0  0  2  0  0  1


   Yomi AI is match ranked 6

 Tournament results:
    Player Name          total 
  1 Yomi AI               6964 
 19 Iocaine Powder       10819 
 20 Phasenbott           10143 
 21 MegaHAL               9606 
 22 RussRocker4           7425 
 23 Biopic                8577 
 24 Simple Modeller       8367 
 25 Simple Predictor      8075 
 26 Robertot              7442 
 27 Boom                  7287 
 29 ACT-R Lag2            8208 
 35 Sweet Rocky           7393 

   Yomi is tournament ranked 12

