 Playing 1 tournaments with 1000 trials per match...

 Yomi AI            vs Good Ole Rock       Match: 1000 (1000+   0-   0=)
 Yomi AI            vs R-P-S 20-20-60      Match:  131 (431+ 300- 269=)
 Yomi AI            vs Rotate R-P-S        Match:  477 (733+ 256-  11=)
 Yomi AI            vs Beat The Last Move  Match:  -45 (317+ 362- 321=)
 Yomi AI            vs Always Switchin'    Match:   83 (406+ 323- 271=)
 Yomi AI            vs Beat Frequent Pick  Match:  376 (643+ 267-  90=)
 Yomi AI            vs * Pi                Match:   22 (349+ 327- 324=)
 Yomi AI            vs * Switch A Lot      Match:   39 (362+ 323- 315=)
 Yomi AI            vs * Flat              Match:   26 (343+ 317- 340=)
 Yomi AI            vs * Anti-Flat         Match:  486 (729+ 243-  28=)
 Yomi AI            vs * Foxtrot           Match:  109 (432+ 323- 245=)
 Yomi AI            vs * De Bruijn         Match:   37 (359+ 322- 319=)
 Yomi AI            vs * Text              Match:   13 (344+ 331- 325=)
 Yomi AI            vs * Anti-rotn         Match:   36 (344+ 308- 348=)
 Yomi AI            vs * Copy-drift        Match:  -12 (322+ 334- 344=)
 Yomi AI            vs * Add-react         Match:  -24 (301+ 325- 374=)
 Yomi AI            vs * Add-drift         Match:  -37 (334+ 371- 295=)
 Yomi AI            vs Iocaine Powder      Match: -110 (302+ 412- 286=)
 Yomi AI            vs Phasenbott          Match:  -90 (299+ 389- 312=)
 Yomi AI            vs MegaHAL             Match:  -19 (331+ 350- 319=)
 Yomi AI            vs RussRocker4         Match:  -22 (321+ 343- 336=)
 Yomi AI            vs Biopic              Match:   32 (383+ 351- 266=)
 Yomi AI            vs Simple Modeller     Match:   15 (353+ 338- 309=)
 Yomi AI            vs Simple Predictor    Match:    6 (346+ 340- 314=)
 Yomi AI            vs Robertot            Match:   45 (372+ 327- 301=)
 Yomi AI            vs Boom                Match:  -26 (318+ 344- 338=)
 Yomi AI            vs Shofar              Match:    3 (348+ 345- 307=)
 Yomi AI            vs ACT-R Lag2          Match:   -4 (332+ 336- 332=)
 Yomi AI            vs Majikthise          Match:  -10 (330+ 340- 330=)
 Yomi AI            vs Vroomfondel         Match:  -15 (319+ 334- 347=)
 Yomi AI            vs Granite             Match:   74 (428+ 354- 218=)
 Yomi AI            vs Marble              Match:   41 (410+ 369- 221=)
 Yomi AI            vs ZQ Bot              Match:   18 (376+ 358- 266=)
 Yomi AI            vs Sweet Rocky         Match:   49 (369+ 320- 311=)
 Yomi AI            vs Piedra              Match:   42 (384+ 342- 274=)
 Yomi AI            vs Mixed Strategy      Match:   -1 (366+ 367- 267=)
 Yomi AI            vs Multi-strategy      Match:  133 (448+ 315- 237=)
 Yomi AI            vs Inocencio           Match:    1 (359+ 358- 283=)
 Yomi AI            vs Peterbot            Match:  -22 (322+ 344- 334=)
 Yomi AI            vs Bugbrain            Match:    2 (334+ 332- 334=)
 Yomi AI            vs Knucklehead         Match:  217 (493+ 276- 231=)
 Final results (draw value = 50):

 Tournament results: 

    Player Name          total     1    2    3    4    5    6    7    8    9   10   11   12   13   14   15   16   17   18   19   20   21   22   23   24   25   26   27   28   29   30   31   32   33   34   35   36   37   38   39   40   41   42
  1 Iocaine Powder       10848     0  202   98   19   30   19  542   48   42  188    2  180  222  309   28   66   37   42  -42   28   -9  230  110   15  -22  155  335  145  204  268  202   84   97  571  874  271  353  944  986  990  997  988
  2 Phasenbott           10081  -202    0   52   12   16   44  537   43   13   97   88  228  251  279    6   55   19   48  -25   18  137  254   90   35  -32  182  358   52   75  303  107   63   84  437  915  252  282  938  987  996  995  992
  3 MegaHAL               9700   -98  -52    0   31   24   46  115   31   33   56   63  222  257  251  -24  -33   21   45  -19  -22  175  180   19  -42   23  211  110  212  118  282  103  142  222  387  903  469  329  944  990  989  999  988
  4 Simple Modeller       8999   -19  -12  -31    0  -40   38   -9   11   88  317   -3   73  108  321   14  -26   83   71    0  -42   79  105  -15  -16    3  800  -21  303  261  107   78  121  252  269  332  458  366  591  995  992  998  999
  5 Biopic                8665   -30  -16  -24   40    0   38  -13   27   66   68   34  132  100   88  -41   52   -2   64  -12    3   35  239  -32    5   -8  129  431  -26   93   65  171  125  122  504  751  330  386  781  997  998  996  999
  6 Sweet Rocky           7597   -19  -44  -46  -38  -38    0  -30  -51    1  -18  -52  -19  -31  -45  -30  -37  -23   18  -14  -33   30   94  -49  -15   -9  773   13   43   28  327  251  155  231  203  859  215  416  592  995  995 1000  999
  7 RussRocker4           7435  -542 -537 -115    9   13   30    0   22   28   99   22  103  118  142  -13   15   21   47   21   20   21  165   22  -53  -24  155  210  125  113  311   70   96  136  484  922  232  371  593  995  993  999  996
  8 Boom                  7393   -48  -43  -31  -11  -27   51  -22    0   30  -18    8   31   36   47  -39  -27   17   40  -40  -41    5  263   26   -4   -3  267   29   81   61   91   27  124  170  380  447  440  350  753  991  990  997  995
  9 Piedra                7346   -42  -13  -33  -88  -66   -1  -28  -30    0  -67   -9  -73  -67  -42   -4  -34  -24   55  -49  -38  -19  114  -42   34  -31  783    9   50   61  184  155  158  140   97  988  379  380  589  990  987  997  996
 10 Simple Predictor      7341  -188  -97  -56 -317  -68   18  -99   18   67    0  -17   47   55  183  -37  -34   15   48  -49   -3   52  179   -6  -79  -21  659    4  261  271  111  153  154  169  238  315  423  421  588  986  990  993  994
 11 Robertot              7301    -2  -88  -63    3  -34   52  -22   -8    9   17    0  100   45   88  -33  -36    1   41    5    5   83  150  -45   -7   10  -11   12    2   86   87   50  176  145  366  564  438  399  763  978  993  995  987
 12 Marble                6773  -180 -228 -222  -73 -132   19 -103  -31   73  -47 -100    0    1   75  -32 -169  -65   43  -33  -46   12  319  -41  -81    1  652   80   -4   30   89  111  172  131  338  921  286  438  591  989  995  999  995
 13 Granite               6762  -222 -251 -257 -108 -100   31 -118  -36   67  -55  -45   -1    0  -10  -33 -148  -97   46   41  -60   28  366  -74  -29   -3  636   56   74   46   66  144  174  141  310  928  264  422  591  989  995 1000  994
 14 ZQ Bot                6369  -309 -279 -251 -321  -88   45 -142  -47   42 -183  -88  -75   10    0  -25 -113 -161   60  -28  -59   43  242  -18  -47    3  785   47   68   33  248  197  164  224  276  809  313  417  597  998  987 1000  995
 15 Shofar                6187   -28   -6   24  -14   41   30   13   39    4   37   33   32   33   25    0   -2  -20   54   -9  -21   16   69   -3   -3  -33   82  -46   20   40   91   75  151  132  105  170  437  295  556  876  939  978  975
 16 ACT-R Lag2            6048   -66  -55   33   26  -52   37  -15   27   34   34   36  169  148  113    2    0   49   53  -17  -27   49  239    4  -74  -20   68  -24    6   17  -32  172  101  154  472  243  248  348  574   -8  996  995  991
 17 Bugbrain              5966   -37  -19  -21  -83    2   23  -21  -17   24  -15   -1   65   97  161   20  -49    0   60  -36  -37   80  100   -2   18  -25    4   52   79   19  104   52   39  123  124  395  227  184  422  928  959  985  983
 18 * Anti-rotn           5881   -42  -48  -45  -71  -64  -18  -47  -40  -55  -48  -41  -43  -46  -60  -54  -53  -60    0  -16  -17  -39  234  -36  -55  -36  771   -1  -13   66    5  178   57  349   73  500  478  136  598  492  997  998  997
 19 Majikthise            5145    42   25   19    0   12   14  -21   40   49   49   -5   33  -41   28    9   17   36   16    0   18  102  141   10   11   26   63  -30   32  -23    1  102   54  132  214   17  270  177  494   32  990  996  994
 20 Vroomfondel           4808   -28  -18   22   42   -3   33  -20   41   38    3   -5   46   60   59   21   27   37   17  -18    0   50  151   15   -2    3   95   34   -1    8  -24   42   23   68  187  -23  278  156  451  -26  994  997  978
 21 Mixed Strategy        4457     9 -137 -175  -79  -35  -30  -21   -5   19  -52  -83  -12  -28  -43  -16  -49  -80   39 -102  -50    0   48    1  -47  -51  -14   -5   27   54   86  -44  146   43  114  244   79  300  538  950  946  972 1000
 22 Multi-strategy        3136  -230 -254 -180 -105 -239  -94 -165 -263 -114 -179 -150 -319 -366 -242  -69 -239 -100 -234 -141 -151  -48    0 -133  -50  -20 -105   26   63  259    4  181  123  252   35  500  482  411  999  997  997  999  998
 23 Yomi AI               3076  -110  -90  -19   15   32   49  -22  -26   42    6   45   41   74   18    3   -4    2   36  -10  -15   -1  133    0   37   22    1  109  -37  -12  -24   26   13   39  217  -22   83  131  376  -45  477 1000  486
 24 * De Bruijn            386   -15  -35   42   16   -5   15   53    4  -34   79    7   81   29   47    3   74  -18   55  -11    2   47   50  -37    0   -1    3  -56   14  -22  -39  -77   23   13   56  -14    8  -16  128   -1   21    0 -103
 25 * Pi                   289    22   32  -23   -3    8    9   24    3   31   21  -10   -1    3   -3   33   20   25   36  -26   -3   51   20  -22    1    0   38  -14    7    2   66  -46  -81   28   15   29   -2  -19   30   22  -11  -11  -12
 26 Inocencio            -1147  -155 -182 -211 -800 -129 -773 -155 -267 -783 -659   11 -652 -636 -785  -82  -68   -4 -771  -63  -95   14  105   -1   -3  -38    0  290   42  100   77  130  158   75  222  123  245  345  359  920  985  978  986
 27 * Foxtrot            -1764  -335 -358 -110   21 -431  -13 -210  -29   -9   -4  -12  -80  -56  -47   46   24  -52    1   30  -34    5  -26 -109   56   14 -290    0   14   18   -5   12  -18   47   12   -8   23   48   13   26   27   38   -3
 28 * Add-drift          -1774  -145  -52 -212 -303   26  -43 -125  -81  -50 -261   -2    4  -74  -68  -20   -6  -79   13  -32    1  -27  -63   37  -14   -7  -42  -14    0  -23  -43   23  -17   -7   -7  -26  -37    8   -4   11    1  -51   37
 29 * Copy-drift         -2023  -204  -75 -118 -261  -93  -28 -113  -61  -61 -271  -86  -30  -46  -33  -40  -17  -19  -66   23   -8  -54 -259   12   22   -2 -100  -18   23    0   -8    5  -50   20  -42    3   60    9  -15  -34    6  -15   21
 30 * Add-react          -2874  -268 -303 -282 -107  -65 -327 -311  -91 -184 -111  -87  -89  -66 -248  -91   32 -104   -5   -1   24  -86   -4   24   39  -66  -77    5   43    8    0    7  -32   26  -24  -19  -25   -6    3    0   -4    4   -6
 31 * Flat               -2887  -202 -107 -103  -78 -171 -251  -70  -27 -155 -153  -50 -111 -144 -197  -75 -172  -52 -178 -102  -42   44 -181  -26   77   46 -130  -12  -23   -5   -7    0   14   -7    7 -189   12  -39  241  178   -9   -1 -437
 32 * Text               -2948   -84  -63 -142 -121 -125 -155  -96 -124 -158 -154 -176 -172 -174 -164 -151 -101  -39  -57  -54  -23 -146 -123  -13  -23   81 -158   18   17   50   32  -14    0   25   -1   18  -38    4 -185  -74  -11 -185  111
 33 * Switch A Lot       -3551   -97  -84 -222 -252 -122 -231 -136 -170 -140 -169 -145 -131 -141 -224 -132 -154 -123 -349 -132  -68  -43 -252  -39  -13  -28  -75  -47    7  -20  -26    7  -25    0  -21  -97   15  -12   37  292   36  -10  -15
 34 Knucklehead          -3617  -571 -437 -387 -269 -504 -203 -484 -380  -97 -238 -366 -338 -310 -276 -105 -472 -124  -73 -214 -187 -114  -35 -217  -56  -15 -222  -12    7   42   24   -7    1   21    0  -19   10    3  115  743  197  994  958
 35 Peterbot             -7270  -874 -915 -903 -332 -751 -859 -922 -447 -988 -315 -564 -921 -928 -809 -170 -243 -395 -500  -17   23 -244 -500   22   14  -29 -123    8   26   -3   19  189  -18   97   19    0  271  424  435  963  999  998  993
 36 Always Switchin'     -7338  -271 -252 -469 -458 -330 -215 -232 -440 -379 -423 -438 -286 -264 -313 -437 -248 -227 -478 -270 -278  -79 -482  -83   -8    2 -245  -23   37  -60   25  -12   38  -15  -10 -271    0  -24   75  503    7   34  -39
 37 R-P-S 20-20-60       -9041  -353 -282 -329 -366 -386 -416 -371 -350 -380 -421 -399 -438 -422 -417 -295 -348 -184 -136 -177 -156 -300 -411 -131   16   19 -345  -48   -8   -9    6   39   -4   12   -3 -424   24    0 -356 -140   -3 -411   62
 38 Beat Frequent Pick  -14340  -944 -938 -944 -591 -781 -592 -593 -753 -589 -588 -763 -591 -591 -597 -556 -574 -422 -598 -494 -451 -538 -999 -376 -128  -30 -359  -13    4   15   -3 -241  185  -37 -115 -435  -75  356    0 -600    0  999 1000
 39 Beat The Last Move  -18870  -986 -987 -990 -995 -997 -995 -995 -991 -990 -986 -978 -989 -989 -998 -876    8 -928 -492  -32   26 -950 -997   45    1  -22 -920  -26  -11   34    0 -178   74 -292 -743 -963 -503  140  600    0    1 1000 1000
 40 Rotate R-P-S        -25094  -990 -996 -989 -992 -998 -995 -993 -990 -987 -990 -993 -995 -995 -987 -939 -996 -959 -997 -990 -994 -946 -997 -477  -21   11 -985  -27   -1   -6    4    9   11  -36 -197 -999   -7    3    0   -1    0    0 -667
 41 Good Ole Rock       -26247  -997 -995 -999 -998 -996 -1000 -999 -997 -997 -993 -995 -999 -1000 -1000 -978 -995 -985 -998 -996 -997 -972 -999 -1000    0   11 -978  -38   51   15   -4    1  185   10 -994 -998  -34  411 -999 -1000    0    0  999
 42 * Anti-Flat         -27204  -988 -992 -988 -999 -999 -999 -996 -995 -996 -994 -987 -995 -994 -995 -975 -991 -983 -997 -994 -978 -1000 -998 -486  103   12 -986    3  -37  -21    6  437 -111   15 -958 -993   39  -62 -1000 -1000  667 -999    0

 Match results (draw <= 50): 

    Player Name           total  W  L  D   1  2  3  4  5  6  7  8  9 10 11 12 13 14 15 16 17 18 19 20 21 22 23 24 25 26 27 28 29 30 31 32 33 34 35 36 37 38 39 40 41 42
  1 Iocaine Powder          68  27  0 14   1  2  1  1  2  1  2  1  1  1  2  2  1  1  1  1  2  2  1  2  2  1  1  1  2  2  2  2  2  2  2  2  2  2  2  2  2  2  2  2  2  2
  2 Phasenbott              68  28  1 12   0  1  1  1  2  1  2  1  2  1  2  2  1  1  1  1  2  2  1  2  2  1  2  1  2  2  2  2  2  2  2  2  2  2  2  2  2  2  2  2  2  2
  3 Simple Modeller         66  25  0 16   1  1  1  1  1  2  1  1  1  1  2  1  1  1  1  2  1  2  2  2  2  1  2  1  2  1  2  2  2  2  2  2  2  2  2  2  2  2  2  2  2  2
  4 Biopic                  65  24  0 17   1  1  1  1  1  1  1  1  1  1  2  2  1  1  1  2  1  2  2  2  2  1  1  1  2  2  2  1  2  2  2  2  2  2  2  2  2  2  2  2  2  2
  5 MegaHAL                 64  25  2 14   0  0  1  1  1  1  2  1  2  1  2  1  1  1  1  1  1  2  1  2  2  1  2  1  2  2  2  2  2  2  2  2  2  2  2  2  2  2  2  2  2  2
  6 Bugbrain                60  20  1 20   1  1  0  1  1  1  1  1  1  1  1  1  1  1  1  1  1  2  2  2  2  1  2  1  1  2  2  2  2  1  2  2  2  2  1  2  2  2  2  2  2  2
  7 RussRocker4             59  22  4 15   0  0  1  1  0  1  1  1  1  1  2  1  1  1  1  1  1  2  1  2  2  0  1  1  2  2  2  2  2  2  2  2  2  2  2  2  2  2  2  2  2  2
  8 Boom                    58  17  0 24   1  1  1  1  1  1  1  1  1  1  1  1  1  2  1  1  1  1  1  1  1  1  1  1  2  1  2  2  2  2  1  2  2  2  2  2  2  2  2  2  2  2
  9 Robertot                57  18  2 21   1  0  1  1  0  1  1  1  1  1  1  1  1  2  1  1  1  2  1  1  2  1  2  1  1  1  2  1  2  2  1  2  2  2  2  2  2  2  2  2  2  2
 10 Shofar                  57  16  0 25   1  1  1  1  1  1  1  1  1  1  1  1  1  1  1  1  1  1  2  1  1  1  1  1  2  1  2  1  2  1  2  2  2  2  2  2  2  2  2  2  2  2
 11 Simple Predictor        55  21  7 13   0  0  0  0  0  1  0  1  1  1  1  1  1  1  1  2  1  1  1  2  2  0  2  1  2  1  2  2  2  2  2  2  2  2  2  2  2  2  2  2  2  2
 12 ACT-R Lag2              54  17  4 20   0  0  1  0  1  1  1  1  1  1  1  1  1  1  1  1  1  2  2  2  2  0  1  1  2  1  2  1  2  1  2  1  2  1  2  2  2  2  2  2  2  2
 13 Majikthise              54  13  0 28   1  1  1  1  1  1  1  1  1  1  1  1  1  1  1  1  1  1  1  1  1  1  2  1  2  1  2  1  1  1  2  1  2  1  2  2  2  2  2  2  2  2
 14 Sweet Rocky             54  15  2 24   1  1  1  1  1  1  1  0  0  1  1  1  1  1  1  1  1  1  1  1  1  1  1  1  2  1  2  1  2  1  2  2  2  2  2  2  2  2  2  2  2  2
 15 Vroomfondel             53  12  0 29   1  1  1  1  1  1  1  1  1  1  1  1  1  1  1  1  1  1  1  2  2  1  1  1  2  1  2  1  1  1  1  1  2  1  1  2  2  2  2  2  2  2
 16 Piedra                  53  17  5 19   1  1  0  0  1  1  1  1  1  1  0  1  1  1  1  1  1  0  2  0  1  1  1  1  2  1  2  1  2  2  2  2  2  2  2  2  2  2  2  2  2  2
 17 Yomi AI                 49  10  2 29   0  0  1  1  1  1  1  1  1  1  1  1  1  1  1  1  1  1  1  2  1  1  1  1  1  2  2  1  1  1  1  1  2  1  1  1  2  2  2  2  2  2
 18 Marble                  49  18 10 13   0  0  0  0  0  0  0  1  0  1  1  0  1  1  1  2  1  1  1  1  2  0  1  1  2  2  2  1  2  1  2  2  2  2  2  2  2  2  2  2  2  2
 19 * Anti-rotn             48  15  8 18   1  1  0  0  1  0  1  1  1  0  1  0  1  1  1  0  1  1  1  1  0  0  1  1  2  1  2  1  2  2  2  1  2  2  2  2  2  2  2  2  2  2
 20 Granite                 48  18 11 12   0  0  0  0  0  0  0  1  1  1  0  0  1  1  0  2  0  1  1  1  1  1  1  1  2  2  2  2  2  1  2  2  2  2  2  2  2  2  2  2  2  2
 21 ZQ Bot                  46  17 12 12   0  0  0  0  0  0  0  1  0  1  0  0  1  1  0  1  1  0  2  1  1  1  1  1  2  1  2  2  2  1  2  2  2  2  2  2  2  2  2  2  2  2
 22 * De Bruijn             45   7  3 31   1  1  1  1  1  1  2  1  1  1  2  2  1  1  1  1  1  2  2  1  1  1  1  1  1  0  1  1  1  1  0  1  2  1  1  1  1  1  2  1  1  0
 23 Mixed Strategy          45  12  8 21   1  0  0  1  0  0  1  1  0  1  0  1  0  1  1  1  1  1  1  1  1  1  1  0  1  1  1  1  2  2  1  2  2  2  2  1  2  2  2  2  2  2
 24 * Pi                    42   2  1 38   1  1  1  1  1  1  1  1  1  1  1  1  1  1  1  1  1  1  1  1  1  1  2  1  1  1  1  1  1  1  1  2  1  1  0  1  1  1  1  1  1  1
 25 Inocencio               39  16 18  7   0  0  0  0  0  1  0  0  1  0  0  0  0  0  0  0  1  0  0  0  0  1  1  1  1  2  2  1  2  2  2  2  2  2  2  2  2  2  2  2  2  2
 26 * Foxtrot               32   1 10 30   0  0  1  0  0  0  0  1  1  1  1  1  1  1  1  1  0  0  1  0  1  2  1  1  0  1  1  1  1  1  1  1  1  1  1  1  1  1  1  1  1  1
 27 Multi-strategy          32  13 22  6   0  0  0  0  0  0  0  0  0  0  0  0  0  0  0  0  0  0  0  0  0  1  1  1  0  1  1  2  2  2  2  1  1  2  2  2  2  2  2  2  2  2
 28 * Add-drift             29   0 12 29   0  0  0  1  0  0  0  0  1  1  0  1  1  1  1  1  1  1  1  0  0  1  1  1  1  1  0  1  1  1  1  1  1  1  1  1  1  0  1  1  1  1
 29 Peterbot                29   9 21 11   0  0  0  0  0  0  0  0  0  0  0  0  1  0  1  0  1  0  0  0  0  1  0  1  0  1  0  1  1  1  2  1  1  2  1  2  2  2  2  2  2  2
 30 * Copy-drift            28   1 14 26   0  0  0  0  0  1  0  0  0  1  0  1  1  1  1  0  1  1  0  1  1  1  0  1  0  1  0  1  1  1  1  1  1  1  1  1  2  1  1  1  1  1
 31 * Flat                  23   3 21 17   0  0  0  0  0  0  0  1  1  0  0  0  0  0  1  0  1  0  0  0  0  2  1  1  0  1  0  1  0  1  1  1  1  2  1  1  1  1  2  1  1  0
 32 * Add-react             22   0 19 22   0  0  0  0  0  0  0  0  0  0  0  1  1  0  1  0  1  0  1  0  0  1  0  0  0  1  1  1  1  1  1  1  1  1  1  1  1  1  1  1  1  1
 33 Knucklehead             22   5 24 12   0  0  0  0  0  0  0  0  0  0  0  0  0  0  0  0  0  0  0  0  0  0  0  1  0  1  1  1  1  1  1  1  1  2  1  1  1  2  2  2  1  2
 34 Beat The Last Move      21   5 25 11   0  0  0  0  0  0  0  0  0  0  0  1  1  0  1  0  1  0  0  0  0  1  0  1  0  1  0  1  0  1  0  1  0  1  2  0  0  2  2  1  2  2
 35 * Text                  19   2 24 15   0  0  0  0  0  1  0  0  0  0  0  0  0  0  1  0  1  0  0  0  0  1  0  2  0  1  0  1  1  1  1  1  1  0  1  1  1  0  0  1  1  2
 36 * Switch A Lot          19   1 23 17   0  0  0  0  0  0  0  0  0  0  0  0  0  0  0  0  1  0  0  0  0  1  1  1  0  1  0  1  0  1  1  1  1  2  1  1  1  1  1  1  1  1
 37 Always Switchin'        17   2 26 13   0  0  0  0  0  0  0  0  0  0  0  0  0  0  0  0  0  0  0  0  0  1  0  1  0  1  0  1  0  0  1  1  1  2  1  1  1  1  2  1  1  1
 38 Good Ole Rock           17   4 28  9   0  0  0  0  0  0  0  0  0  0  0  0  0  0  0  0  0  0  0  0  0  1  0  1  0  1  0  2  0  1  1  1  0  0  2  1  1  1  0  1  2  2
 39 Beat Frequent Pick      15   4 30  7   0  0  0  0  0  0  0  0  0  0  0  0  0  0  0  0  0  0  0  0  0  0  0  1  0  1  0  1  0  1  0  1  0  0  2  1  0  2  1  1  2  2
 40 Rotate R-P-S            14   0 27 14   0  0  0  0  0  0  0  0  0  0  0  0  0  0  0  0  0  0  0  0  0  1  0  1  0  1  0  1  0  1  1  1  0  1  1  1  1  1  1  1  1  0
 41 R-P-S 20-20-60          14   1 28 12   0  0  0  0  0  0  0  0  0  0  0  0  0  0  0  0  0  0  0  0  0  1  0  1  0  1  0  1  0  1  1  1  1  0  1  1  1  0  0  1  1  2
 42 * Anti-Flat             13   3 31  7   0  0  0  0  0  0  0  0  0  0  0  0  0  0  0  0  0  0  0  0  0  2  0  1  0  1  0  1  0  1  2  1  0  0  0  1  1  0  0  2  0  1


   Yomi AI is match ranked 17

 Tournament results:
    Player Name          total 
  1 Yomi AI               3076 
 15 * Anti-rotn           5881 
 19 Iocaine Powder       10848 
 20 Phasenbott           10081 
 21 MegaHAL               9700 
 22 RussRocker4           7435 
 23 Biopic                8665 
 24 Simple Modeller       8999 
 25 Simple Predictor      7341 
 26 Robertot              7301 
 27 Boom                  7393 
 28 Shofar                6187 
 29 ACT-R Lag2            6048 
 30 Majikthise            5145 
 31 Vroomfondel           4808 
 32 Granite               6762 
 33 Marble                6773 
 34 ZQ Bot                6369 
 35 Sweet Rocky           7597 
 36 Piedra                7346 
 37 Mixed Strategy        4457 
 38 Multi-strategy        3136 
 41 Bugbrain              5966 

   Yomi is tournament ranked 23

