 Playing 1 tournaments with 1000 trials per match...

 Yomi AI            vs Good Ole Rock       Match: 1000 (1000+   0-   0=)
 Yomi AI            vs R-P-S 20-20-60      Match:  262 (505+ 243- 252=)
 Yomi AI            vs Rotate R-P-S        Match:  993 (995+   2-   3=)
 Yomi AI            vs Beat The Last Move  Match:  126 (432+ 306- 262=)
 Yomi AI            vs Always Switchin'    Match:  179 (450+ 271- 279=)
 Yomi AI            vs Beat Frequent Pick  Match:  481 (659+ 178- 163=)
 Yomi AI            vs * Pi                Match:  -14 (333+ 347- 320=)
 Yomi AI            vs * Switch A Lot      Match:   82 (389+ 307- 304=)
 Yomi AI            vs * Flat              Match:   35 (343+ 308- 349=)
 Yomi AI            vs * Anti-Flat         Match:  996 (997+   1-   2=)
 Yomi AI            vs * Foxtrot           Match:  335 (546+ 211- 243=)
 Yomi AI            vs * De Bruijn         Match:  -14 (328+ 342- 330=)
 Yomi AI            vs * Text              Match:  120 (415+ 295- 290=)
 Yomi AI            vs * Anti-rotn         Match:   47 (369+ 322- 309=)
 Yomi AI            vs * Copy-drift        Match:   10 (329+ 319- 352=)
 Yomi AI            vs * Add-react         Match:   46 (362+ 316- 322=)
 Yomi AI            vs * Add-drift         Match:   12 (348+ 336- 316=)
 Yomi AI            vs Iocaine Powder      Match: -160 (285+ 445- 270=)
 Yomi AI            vs Phasenbott          Match: -119 (323+ 442- 235=)
 Yomi AI            vs MegaHAL             Match:   28 (377+ 349- 274=)
 Yomi AI            vs RussRocker4         Match:  -16 (346+ 362- 292=)
 Yomi AI            vs Biopic              Match:  -14 (346+ 360- 294=)
 Yomi AI            vs Simple Modeller     Match:   25 (360+ 335- 305=)
 Yomi AI            vs Simple Predictor    Match:   42 (376+ 334- 290=)
 Yomi AI            vs Robertot            Match:    3 (354+ 351- 295=)
 Yomi AI            vs Boom                Match:   39 (361+ 322- 317=)
 Yomi AI            vs Shofar              Match:    5 (348+ 343- 309=)
 Yomi AI            vs ACT-R Lag2          Match:   20 (351+ 331- 318=)
 Yomi AI            vs Majikthise          Match:   33 (361+ 328- 311=)
 Yomi AI            vs Vroomfondel         Match:   15 (347+ 332- 321=)
 Yomi AI            vs Granite             Match:   62 (395+ 333- 272=)
 Yomi AI            vs Marble              Match:   98 (451+ 353- 196=)
 Yomi AI            vs ZQ Bot              Match:  112 (441+ 329- 230=)
 Yomi AI            vs Sweet Rocky         Match:   41 (371+ 330- 299=)
 Yomi AI            vs Piedra              Match:   40 (379+ 339- 282=)
 Yomi AI            vs Mixed Strategy      Match:   92 (417+ 325- 258=)
 Yomi AI            vs Multi-strategy      Match:  212 (481+ 269- 250=)
 Yomi AI            vs Inocencio           Match:   38 (368+ 330- 302=)
 Yomi AI            vs Peterbot            Match:   19 (357+ 338- 305=)
 Yomi AI            vs Bugbrain            Match:   10 (358+ 348- 294=)
 Yomi AI            vs Knucklehead         Match:  509 (666+ 157- 177=)
 Final results (draw value = 50):

 Tournament results: 

    Player Name          total     1    2    3    4    5    6    7    8    9   10   11   12   13   14   15   16   17   18   19   20   21   22   23   24   25   26   27   28   29   30   31   32   33   34   35   36   37   38   39   40   41   42
  1 Iocaine Powder       10924     0  150   63   28   35   68  198   32  548   24  246   35  200   52    0   11  160  287   62   69  -46   50  311  248    0    4   26  216  289  258  196  102   51  609  241  884  348  901  985  991  993  999
  2 Phasenbott           10100  -150    0   51    3   25   78  130   85  536  -30  233   67  202   62   26   59  119  244   50   67   -5   -1  227  212   50  -49   96   64  431  347  111   84   75  416  246  917  122  924  987  996  993 1000
  3 MegaHAL               9179   -63  -51    0   15    3    4   55   26   77   11  208   52  245   39  -48  -12  -28  250   77   40  -57   28  228  160  -46    4  139  112   24  269  123  133  193  318  414  903  407  952  989  999  987 1000
  4 Simple Modeller       8989   -28   -3  -15    0   48  -36  283    1   10   58   92   53  142   52    0   64  -25  293   79   82   -6    1  204  700  -69  -23  228  215  -31  112   88  159  253  248  448  321  423  591  991  996  993  997
  5 Biopic                8776   -35  -25   -3  -48    0   11  109   -2  -12   26  113   61   71   52  -29   11   14  101   40   59   37    2  278  226   39   24  -11   60  417   35  225  141  207  511  351  806  378  554  996  997  994  995
  6 ACT-R Lag2            8048   -68  -78   -4   36  -11    0   28   47   -3   36  123   37  118   57   19  -20  -20   53   17   12   25  -32  277  724  -22    2   34  -59  -53   21  192   75  130  502  209 1000  307  586  755  997  999 1000
  7 Simple Predictor      7866  -198 -130  -55 -283 -109  -28    0  -42  -61  -54  -20   65    0   45    2   17  -42  134   63   43    1  -25  220  791  -73   19  326  230   -1  133   63  154  207  279  405  865  370  592  985  996  989  993
  8 Robertot              7800   -32  -85  -26   -1    2  -47   42    0  -14   70   24   60   88   56  -19  -45   -3   68   88   61    7   -5  204   46  -35    3   50   48    1   65   42  174  108  412  486  809  410  883  814  999  992 1000
  9 RussRocker4           7470  -548 -536  -77  -10   12    3   61   14    0   37  142   20  178   41   49  -11   16  145   64   44  -23  -32  273  141  -69   -8   94  129  180  328  164   39   96  439  235  969  308  587  992  998  991  995
 10 Boom                  7178   -24   30  -11  -58  -26  -36   54  -70  -37    0   45   49   40   39  -37  -37  -39   42   47   37  -37  -17  203   87  -13  -33   54   81  -31  103   45  113  181  356  420  592  336  753  991  997  990  999
 11 Marble                6760  -246 -233 -208  -92 -113 -123   20  -24 -142  -45    0  -19   -3   65  -40  -60  -98   87   63   30  -30  -37  240  646  -63   21   -7   -7   37  125  174  179  110  310  364  903  397  592  991  998  998 1000
 12 Sweet Rocky           6285   -35  -67  -52  -53  -61  -37  -65  -60  -20  -49   19    0   -8   -3  -23  -68  -41  -86   74  -23  -73  -45   88  -50    4  -19  -12   42   20  170  100  146  175  228  274  986  346  594  987  998  987  997
 13 Granite               6258  -200 -202 -245 -142  -71 -118    0  -88 -178  -40    3    8    0   42   -9  -35  -62  -15   61    4  -26  -15  261  -16  -52    5   38   71   88   82  194  183  199  351  260  922  427  591  994 1000  993  995
 14 Piedra                6161   -52  -62  -39  -52  -52  -57  -45  -56  -41  -39  -65    3  -42    0  -38  -34  -40  -56   41   28   -8  -52  103  -36  -15  -11   43  -38  -11  139  147  133  113  159  347  946  333  592  990  993  997  995
 15 Shofar                6160     0  -26   48    0   29  -19   -2   19  -49   37   40   23    9   38    0  -19   -5   58   66   56   -1   21  122   44    9   10   -1   86   28   26   39   89  115  126  418  128  264  559  892  972  935  976
 16 Bugbrain              6012   -11  -59   12  -64  -11   20  -17   45   11   37   60   68   35   34   19    0  -10  191   55   48   31   -5  117   40  -70    7  104   17  -23   91   52   37  126  140  240  254  127  389  980  991  932  972
 17 Yomi AI               5830  -160 -119   28   25  -14   20   42    3  -16   39   98   41   62   40    5   10    0  112   47   92   15   33  212   38  -14  -14   12   10  335   46   35  120   82  509  179   19  262  481  126 1000  993  996
 18 ZQ Bot                5574  -287 -244 -250 -293 -101  -53 -134  -68 -145  -42  -87   86   15   56  -58 -191 -112    0   71   23  -53  -40  298  -53  -39  -37   79   57    2  289  166  176  121  277  264  932  395  590  989  996  993  986
 19 * Anti-rotn           5143   -62  -50  -77  -79  -40  -17  -63  -88  -64  -47  -63  -74  -61  -41  -66  -55  -47  -71    0   -2   14   51  276  625  -57  -44   21   -6    2  -41  219   55  310   78  497   31  109  596  491 1000  998  985
 20 Mixed Strategy        5042   -69  -67  -40  -82  -59  -12  -43  -61  -44  -37  -30   23   -4  -28  -56  -48  -92  -23    2    0  -12   -5   12  544 -106  -46   25   32  -29   20    2  127   88  151   55  261  390  528  963  981  949  882
 21 Vroomfondel           4600    46    5   57    6  -37  -25   -1   -7   23   37   30   73   26    8    1  -31  -15   53  -14   12    0   15  154   -2   16   12   -9   15   32  -16   73   31   90  191  195   -7  156  452  -19  988  989  997
 22 Majikthise            4417   -50    1  -28   -1   -2   32   25    5   32   17   37   45   15   52  -21    5  -33   40  -51    5  -15    0  199   16  -27   -7    9  -34  -10  -44   73   17  101  238  269    3   84  467   -8  995  990  976
 23 Multi-strategy        2027  -311 -227 -228 -204 -278 -277 -220 -204 -273 -203 -240  -88 -261 -103 -122 -117 -212 -298 -276  -12 -154 -199    0  -81  -50  -20    4  282  -13   -1  150  123  318   37  485  -54  364  999  997  999  997  998
 24 Inocencio             1255  -248 -212 -160 -700 -226 -724 -791  -46 -141  -87 -646   50   16   36  -44  -40  -38   53 -625 -544    2  -16   81    0   -8  -30   64  117  311   87  190  151   87  226  235  190  435  361  943  982  987  977
 25 * De Bruijn            655     0  -50   46   69  -39   22   73   35   69   13   63   -4   52   15   -9   70   14   39   57  106  -16   27   50    8    0   -1  -32   -6  -18  -18    4   23  -10   -4  -42   -3   13  128   -1    0   21 -109
 26 * Pi                   172    -4   49   -4   23  -24   -2  -19   -3    8   33  -21   19   -5   11  -10   -7   14   37   44   46  -12    7   20   30    1    0   -7   11  -17   40  -36  -81   -3    4    0    1    9   30   22  -11  -11  -10
 27 * Add-drift          -1404   -26  -96 -139 -228   11  -34 -326  -50  -94  -54    7   12  -38  -43    1 -104  -12  -79  -21  -25    9   -9   -4  -64   32    7    0  -28  -44   53   60   20  -15  -22   -1   -4   -3   23  -24   -3    2  -51
 28 * Copy-drift         -1689  -216  -64 -112 -215  -60   59 -230  -48 -129  -81    7  -42  -71   38  -86  -17  -10  -57    6  -32  -15   34 -282 -117    6  -11   28    0   11    0  -47   12  -11  -24   44  -15  -13    1    8   15   -5   52
 29 * Foxtrot            -2010  -289 -431  -24   31 -417   53    1   -1 -180   31  -37  -20  -88   11  -28   23 -335   -2   -2   29  -32   10   13 -311   18   17   44  -11    0   20  -23  -16   30   -6   44  -34   -8  -18  -18  -23   10  -41
 30 * Add-react          -2759  -258 -347 -269 -112  -35  -21 -133  -65 -328 -103 -125 -170  -82 -139  -26  -91  -46 -289   41  -20   16   44    1  -87   18  -40  -53    0  -20    0   54  -33   70  -45   28  -56   -4   -7   -2  -21  -18   14
 31 * Flat               -2948  -196 -111 -123  -88 -225 -192  -63  -42 -164  -45 -174 -100 -194 -147  -39  -52  -35 -166 -219   -2  -73  -73 -150 -190   -4   36  -60   47   23  -54    0   17    3  -12   34 -196   22  229  230    1    4 -405
 32 * Text               -3031  -102  -84 -133 -159 -141  -75 -154 -174  -39 -113 -179 -146 -183 -133  -89  -37 -120 -176  -55 -127  -31  -17 -123 -151  -23   81  -20  -12   16   33  -17    0    1    4   -9    4   -4 -185  -74 -185  -11  111
 33 * Switch A Lot       -3325   -51  -75 -193 -253 -207 -130 -207 -108  -96 -181 -110 -175 -199 -113 -115 -126  -82 -121 -310  -88  -90 -101 -318  -87   10    3   15   11  -30  -70   -3   -1    0   13   38 -140  -15   25  314   17   33   -9
 34 Knucklehead          -3512  -609 -416 -318 -248 -511 -502 -279 -412 -439 -356 -310 -228 -351 -159 -126 -140 -509 -277  -78 -151 -191 -238  -37 -226    4   -4   22   24    6   45   12   -4  -13    0  -10    0  -41  159  909  751  825  914
 35 Always Switchin'     -7446  -241 -246 -414 -448 -351 -209 -405 -486 -235 -420 -364 -274 -260 -347 -418 -240 -179 -264 -497  -55 -195 -269 -485 -235   42    0    1  -44  -44  -28  -34    9  -38   10    0 -233   -3  -24  520  -20  -16   -7
 36 Peterbot             -8107  -884 -917 -903 -321 -806 -1000 -865 -809 -969 -592 -903 -986 -922 -946 -128 -254  -19 -932  -31 -261    7   -3   54 -190    3   -1    4   15   34   56  196   -4  140    0  233    0  403  427  982  999  999  987
 37 R-P-S 20-20-60       -8781  -348 -122 -407 -423 -378 -307 -370 -410 -308 -336 -397 -346 -427 -333 -264 -127 -262 -395 -109 -390 -156  -84 -364 -435  -13   -9    3   13    8    4  -22    4   15   41    3 -403    0 -415 -193 -413   -7  101
 38 Beat Frequent Pick  -14092  -901 -924 -952 -591 -554 -586 -592 -883 -587 -753 -592 -594 -591 -592 -559 -389 -481 -590 -596 -528 -452 -467 -999 -361 -128  -30  -23   -1   18    7 -229  185  -25 -159   24 -427  415    0 -600  999    0  996
 39 Beat The Last Move  -19876  -985 -987 -989 -991 -996 -755 -985 -814 -992 -991 -991 -987 -994 -990 -892 -980 -126 -989 -491 -963   19    8 -997 -943    1  -22   24   -8   18    2 -230   74 -314 -909 -520 -982  193  600    0 1000    1  997
 40 Good Ole Rock       -25966  -991 -996 -999 -996 -997 -997 -996 -999 -998 -997 -998 -998 -1000 -993 -972 -991 -1000 -996 -1000 -981 -988 -995 -999 -982    0   11    3  -15   23   21   -1  185  -17 -751   20 -999  413 -999 -1000    0    0  999
 41 Rotate R-P-S        -26162  -993 -993 -987 -993 -994 -999 -989 -992 -991 -990 -998 -987 -993 -997 -935 -932 -993 -993 -998 -949 -989 -990 -997 -987  -21   11   -2    5  -10   18   -4   11  -33 -825   16 -999    7    0   -1    0    0 -676
 42 * Anti-Flat         -27573  -999 -1000 -1000 -997 -995 -1000 -993 -1000 -995 -999 -1000 -997 -995 -995 -976 -972 -996 -986 -985 -882 -997 -976 -998 -977  109   10   51  -52   41  -14  405 -111    9 -914    7 -987 -101 -996 -997 -999  676    0

 Match results (draw <= 50): 

    Player Name           total  W  L  D   1  2  3  4  5  6  7  8  9 10 11 12 13 14 15 16 17 18 19 20 21 22 23 24 25 26 27 28 29 30 31 32 33 34 35 36 37 38 39 40 41 42
  1 Phasenbott              71  31  1  9   1  0  1  1  2  2  2  1  1  2  2  2  1  2  1  1  2  2  2  2  2  2  2  1  1  2  2  2  2  2  2  2  2  2  2  2  2  2  2  2  2  2
  2 Iocaine Powder          70  29  0 12   2  1  1  1  2  1  2  1  1  1  2  2  1  2  1  1  2  2  1  2  2  2  2  2  1  2  1  2  2  2  2  2  2  2  2  2  2  2  2  2  2  2
  3 Simple Modeller         67  27  1 13   1  1  1  1  1  1  1  1  2  2  1  1  1  2  1  0  2  2  2  2  2  2  2  2  1  1  2  2  2  2  2  2  2  2  2  2  2  2  2  2  2  2
  4 Biopic                  64  23  0 18   1  1  1  1  1  1  1  1  1  1  1  1  1  2  1  1  2  2  2  2  2  2  2  1  1  2  1  2  2  2  1  2  2  2  2  2  2  2  2  2  2  2
  5 MegaHAL                 62  24  3 14   0  0  1  1  1  1  2  1  1  1  1  1  0  2  1  1  2  2  2  2  1  2  1  2  1  1  2  2  2  2  2  2  2  2  2  2  2  2  2  2  2  2
  6 Robertot                60  20  1 20   0  1  1  1  1  1  1  1  2  1  1  1  1  1  1  1  1  2  2  1  2  2  2  2  1  1  1  2  1  2  2  2  2  1  2  2  2  2  2  2  2  2
  7 RussRocker4             59  22  4 15   0  0  1  1  0  1  1  1  1  1  1  1  1  2  1  0  2  2  1  2  1  2  1  2  1  2  2  2  2  2  2  2  1  2  2  2  2  2  2  2  2  2
  8 Shofar                  57  16  0 25   1  1  1  1  1  1  1  1  1  1  1  1  1  1  1  1  1  1  1  1  1  2  2  2  1  1  1  2  2  2  1  2  2  1  2  2  2  2  2  2  2  2
  9 Boom                    56  17  2 22   1  1  0  1  1  0  1  1  1  1  1  1  1  2  1  1  1  1  1  2  1  1  1  1  1  1  2  2  2  2  2  2  2  1  2  2  2  2  2  2  2  2
 10 Bugbrain                56  18  3 20   0  1  0  1  1  1  1  1  1  1  1  1  1  1  1  0  2  1  2  1  1  2  1  2  1  1  2  2  1  2  2  2  1  2  2  2  2  2  2  2  2  2
 11 Yomi AI                 55  16  2 23   0  0  1  1  1  1  1  1  1  1  1  1  1  1  1  1  2  2  1  1  1  2  2  1  1  2  1  1  1  2  1  2  2  1  2  2  2  2  2  2  2  2
 12 ACT-R Lag2              55  18  4 19   0  0  1  1  1  1  1  1  1  1  1  1  1  1  1  1  2  2  1  2  2  2  1  1  1  0  1  2  0  2  1  2  2  2  2  2  2  2  2  2  2  2
 13 Vroomfondel             54  13  0 28   1  1  1  1  2  1  1  1  1  1  1  1  1  1  1  1  1  1  2  1  1  2  1  1  1  1  1  1  1  2  1  2  1  2  1  2  2  2  2  2  2  2
 14 Simple Predictor        53  20  8 13   0  0  0  0  0  1  0  1  0  1  1  1  1  1  1  0  1  1  2  2  1  2  1  2  1  1  2  2  2  2  2  2  2  2  2  2  2  2  2  2  2  2
 15 Majikthise              51  11  1 29   1  1  1  1  1  1  1  1  1  1  1  1  1  1  1  1  1  1  1  1  2  1  1  0  1  1  1  1  1  2  1  2  1  2  1  2  2  2  2  2  2  2
 16 * De Bruijn             49   9  1 31   1  1  2  1  1  1  2  1  1  2  1  1  1  2  1  1  2  2  1  1  1  1  2  2  1  1  1  1  1  1  1  1  1  1  1  1  1  2  1  1  1  0
 17 Marble                  49  18 10 13   0  0  0  0  0  1  0  1  1  0  0  0  1  1  1  0  1  1  1  2  2  2  1  2  1  1  1  2  1  2  2  2  2  2  2  2  2  2  2  2  2  2
 18 Granite                 48  17 10 14   0  0  0  0  0  0  0  1  1  1  0  0  1  1  1  0  1  1  1  1  1  1  1  2  1  2  1  2  2  2  2  2  2  2  2  2  2  2  2  2  2  2
 19 Sweet Rocky             47  15  9 17   0  1  0  0  0  0  1  1  1  0  1  1  0  0  1  1  1  1  1  1  1  0  1  2  1  1  1  2  1  2  2  2  2  2  2  2  2  2  2  2  2  2
 20 Inocencio               47  18 12 11   0  0  0  0  0  1  0  1  0  1  1  0  1  0  1  1  0  1  1  1  1  2  0  0  1  2  2  2  2  2  2  2  2  2  2  2  2  2  2  2  2  2
 21 Piedra                  46  14  9 18   0  0  0  0  1  0  1  1  1  1  1  0  1  1  0  1  0  1  1  1  1  0  1  1  1  1  1  2  1  2  2  2  2  2  2  2  2  2  2  2  2  2
 22 ZQ Bot                  45  19 15  7   0  0  0  0  0  0  0  0  1  0  0  0  0  0  1  1  0  1  2  0  2  1  1  2  1  1  2  2  2  2  2  2  2  2  2  2  2  2  2  2  2  2
 23 Mixed Strategy          45  12  8 21   0  0  0  0  1  0  1  0  1  1  0  1  1  1  1  0  1  1  1  2  1  1  1  1  1  1  1  2  1  1  1  2  2  1  2  2  2  2  2  2  2  2
 24 * Anti-rotn             42  14 13 14   1  0  0  1  0  0  0  0  1  0  1  1  1  0  2  0  0  0  0  2  1  0  1  1  1  1  1  1  1  2  1  2  2  2  2  2  2  2  2  2  2  2
 25 * Pi                    40   0  1 40   1  1  1  1  1  1  1  1  1  1  1  1  1  1  1  1  1  1  1  1  1  1  1  1  1  1  1  1  1  1  1  1  0  1  1  1  1  1  1  1  1  1
 26 * Foxtrot               35   1  7 33   0  0  1  0  1  1  0  1  1  1  0  2  1  1  1  1  1  0  1  0  1  1  1  1  1  1  1  1  1  1  1  1  1  1  1  1  1  1  1  1  1  1
 27 * Add-drift             33   2 10 29   0  1  0  1  0  1  0  1  0  0  1  1  1  0  1  1  1  1  1  0  1  0  1  1  1  1  1  1  1  1  2  1  1  2  1  1  1  1  1  1  1  0
 28 Peterbot                33  11 19 11   0  0  0  0  0  0  0  0  0  0  1  0  1  0  1  1  0  0  0  0  0  0  0  1  1  1  1  1  1  2  2  1  1  2  2  2  2  2  2  2  2  2
 29 * Copy-drift            30   2 13 26   0  0  0  0  0  1  0  0  0  1  1  2  1  0  1  1  1  0  1  0  1  0  1  1  1  1  1  1  1  0  1  1  1  1  1  1  1  1  1  1  1  2
 30 Multi-strategy          29  11 23  7   0  0  0  0  0  0  0  0  0  0  0  0  0  0  0  1  0  0  0  0  0  0  1  0  1  1  1  0  2  1  1  1  2  2  2  2  2  2  2  2  2  2
 31 * Add-react             26   2 17 22   0  0  0  1  0  0  0  1  0  0  1  1  1  0  1  1  0  0  0  0  0  0  1  1  1  1  0  0  1  1  1  1  1  2  1  1  1  1  2  1  1  1
 32 Knucklehead             23   5 23 13   0  0  0  0  0  0  0  0  0  0  0  0  0  0  0  1  0  0  0  0  0  0  0  0  1  1  1  1  1  1  1  1  1  1  2  1  2  2  1  2  1  2
 33 * Text                  20   2 23 16   0  0  0  0  0  0  1  0  0  1  0  0  1  0  1  1  0  0  0  0  0  0  0  0  2  1  1  1  1  0  1  1  1  1  0  1  0  0  1  1  1  2
 34 * Flat                  20   2 23 16   0  0  0  0  0  1  0  1  1  0  1  0  0  0  0  1  0  0  0  0  0  0  1  0  1  1  0  0  1  0  0  1  1  1  2  1  1  2  1  1  1  0
 35 Beat The Last Move      19   5 27  9   0  0  0  0  0  0  0  0  0  0  0  0  1  0  1  1  0  0  0  0  0  0  0  0  1  1  1  0  1  0  1  0  2  0  1  0  2  2  0  1  2  2
 36 Always Switchin'        17   1 25 15   0  0  0  0  0  0  0  0  0  0  0  0  0  0  0  1  0  0  0  0  0  0  0  0  1  1  1  0  1  0  1  1  1  1  2  1  1  1  1  1  1  1
 37 Good Ole Rock           16   3 28 10   0  0  0  0  0  0  0  0  0  0  0  0  0  0  0  1  0  0  0  0  0  0  0  0  1  1  1  0  1  0  1  0  2  1  0  1  1  0  1  1  2  2
 38 Beat Frequent Pick      16   4 29  8   0  0  0  0  0  0  0  0  0  0  0  0  0  0  0  0  0  0  0  0  0  0  0  0  1  1  1  0  1  0  1  0  2  0  0  1  2  1  1  1  2  2
 39 * Switch A Lot          16   1 26 14   0  0  0  0  0  0  0  0  0  0  0  0  0  0  0  1  0  0  0  0  0  0  0  0  1  1  1  0  1  0  0  1  1  1  2  1  1  1  1  1  1  1
 40 Rotate R-P-S            14   0 27 14   0  0  0  0  0  0  0  0  0  0  0  0  0  0  0  1  0  0  0  0  0  0  0  0  1  1  1  0  1  0  1  0  1  1  1  1  1  1  1  1  1  0
 41 R-P-S 20-20-60          14   1 28 12   0  0  0  0  0  0  0  0  0  0  0  0  0  0  0  1  0  0  0  0  0  0  0  0  1  1  1  0  1  0  1  1  1  1  0  1  0  0  1  1  1  2
 42 * Anti-Flat             13   4 32  5   0  0  0  0  0  0  0  0  0  0  0  0  0  0  0  2  0  0  0  0  0  0  0  0  1  1  2  0  0  0  1  0  0  2  0  1  0  0  1  2  0  1


   Yomi AI is match ranked 11

 Tournament results:
    Player Name          total 
  1 Yomi AI               5830 
 19 Iocaine Powder       10924 
 20 Phasenbott           10100 
 21 MegaHAL               9179 
 22 RussRocker4           7470 
 23 Biopic                8776 
 24 Simple Modeller       8989 
 25 Simple Predictor      7866 
 26 Robertot              7800 
 27 Boom                  7178 
 28 Shofar                6160 
 29 ACT-R Lag2            8048 
 32 Granite               6258 
 33 Marble                6760 
 35 Sweet Rocky           6285 
 36 Piedra                6161 
 41 Bugbrain              6012 

   Yomi is tournament ranked 17

