 Playing 1 tournaments with 1000 trials per match...

 Yomi AI            vs Good Ole Rock       Match: 1000 (1000+   0-   0=)
 Yomi AI            vs R-P-S 20-20-60      Match:  267 (510+ 243- 247=)
 Yomi AI            vs Rotate R-P-S        Match:  997 (998+   1-   1=)
 Yomi AI            vs Beat The Last Move  Match:   81 (378+ 297- 325=)
 Yomi AI            vs Always Switchin'    Match:  212 (472+ 260- 268=)
 Yomi AI            vs Beat Frequent Pick  Match:  571 (737+ 166-  97=)
 Yomi AI            vs * Pi                Match:   -5 (338+ 343- 319=)
 Yomi AI            vs * Switch A Lot      Match:   77 (371+ 294- 335=)
 Yomi AI            vs * Flat              Match:   22 (343+ 321- 336=)
 Yomi AI            vs * Anti-Flat         Match:  998 (998+   0-   2=)
 Yomi AI            vs * Foxtrot           Match:  291 (535+ 244- 221=)
 Yomi AI            vs * De Bruijn         Match:  -24 (321+ 345- 334=)
 Yomi AI            vs * Text              Match:   86 (397+ 311- 292=)
 Yomi AI            vs * Anti-rotn         Match:   -5 (333+ 338- 329=)
 Yomi AI            vs * Copy-drift        Match:  -19 (337+ 356- 307=)
 Yomi AI            vs * Add-react         Match:   28 (360+ 332- 308=)
 Yomi AI            vs * Add-drift         Match:  -14 (328+ 342- 330=)
 Yomi AI            vs Iocaine Powder      Match: -152 (288+ 440- 272=)
 Yomi AI            vs Phasenbott          Match: -168 (280+ 448- 272=)
 Yomi AI            vs MegaHAL             Match:   16 (355+ 339- 306=)
 Yomi AI            vs RussRocker4         Match:   17 (355+ 338- 307=)
 Yomi AI            vs Biopic              Match:    6 (344+ 338- 318=)
 Yomi AI            vs Simple Modeller     Match:   -2 (334+ 336- 330=)
 Yomi AI            vs Simple Predictor    Match:    0 (352+ 352- 296=)
 Yomi AI            vs Robertot            Match:   -4 (330+ 334- 336=)
 Yomi AI            vs Boom                Match:   34 (371+ 337- 292=)
 Yomi AI            vs Shofar              Match:  -31 (321+ 352- 327=)
 Yomi AI            vs ACT-R Lag2          Match:  -13 (327+ 340- 333=)
 Yomi AI            vs Majikthise          Match:    0 (330+ 330- 340=)
 Yomi AI            vs Vroomfondel         Match:    6 (342+ 336- 322=)
 Yomi AI            vs Granite             Match:   68 (402+ 334- 264=)
 Yomi AI            vs Marble              Match:  106 (437+ 331- 232=)
 Yomi AI            vs ZQ Bot              Match:   39 (384+ 345- 271=)
 Yomi AI            vs Sweet Rocky         Match:   29 (366+ 337- 297=)
 Yomi AI            vs Piedra              Match:   11 (359+ 348- 293=)
 Yomi AI            vs Mixed Strategy      Match:   91 (406+ 315- 279=)
 Yomi AI            vs Multi-strategy      Match:  220 (495+ 275- 230=)
 Yomi AI            vs Inocencio           Match:   91 (412+ 321- 267=)
 Yomi AI            vs Peterbot            Match:   21 (339+ 318- 343=)
 Yomi AI            vs Bugbrain            Match:   -2 (342+ 344- 314=)
 Yomi AI            vs Knucklehead         Match:  452 (634+ 182- 184=)
 Final results (draw value = 50):

 Tournament results: 

    Player Name          total     1    2    3    4    5    6    7    8    9   10   11   12   13   14   15   16   17   18   19   20   21   22   23   24   25   26   27   28   29   30   31   32   33   34   35   36   37   38   39   40   41   42
  1 Iocaine Powder       10762     0  -27   -3   16   51  527  -32    5  184   31  223   60  256   51  328   27   22   45  152   24    7   26  312  240   47  -48  131  122  344  301  199  114   79  579  885  250  360  924  982  991  991  986
  2 Phasenbott           10485    27    0   62   33   59  543  107   -2  123   17  233   77  195   60  244   15   16   89  168   52    3   27  282  178   61    5   93  110  430  352   42   58   63  440  909  269  150  931  987  991  995  991
  3 MegaHAL               9351     3  -62    0  -48   -7  105   23   40   66   17  231   47  247  -15  256  -31  -42   57  -16   22    7   11  178  169  -19  -20  242   89   52  269  105  189  207  359  878  441  391  939  984  989  998 1000
  4 Simple Modeller       8960   -16  -33   48    0    0  -27   25   15  212   31   47   65  108   -4  252   18   75   47    2  125   14   41  188  118  -44  -18  229  216  -11  117  105  136  253  278  921  455  408  591  993  991  998  991
  5 Biopic                8301   -51  -59    7    0    0   -8   41  -36  -19   15   91   50  117   49   65   24  -16   71   -6   84    9   -7  204  154   -7    1  -51   98  432   57  198  154  137  459  701  339  330  695  993  992  999  995
  6 RussRocker4           7608  -527 -543 -105   27    8    0   47   35  116   45  144    1  148   24  178   31   26   70  -17   91  -10  -57  269  137  -66  -22  119   84  158  400   81   77  131  490  920  236  300  586  988  993  998  997
  7 Robertot              7516    32 -107  -23  -25  -41  -47    0  -32   11   25   21   56  115   18   94   12   -4   37    4   45  -14  -20  263   24    5    6   37   79    7   89   81  168  105  400  414  468  402  847  968  998 1000  998
  8 Boom                  7401    -5    2  -40  -15   36  -35   32    0  -29  -12   58   56   68  -36   27    2   50   48  -34   53  -32  -27  202   40  -16   -5   47   40    5  100   86  111  149  440  582  441  347  753  935  990  995  992
  9 Simple Predictor      6943  -184 -123  -66 -212   19 -116  -11   29    0   25   33   55  -13  -39  157  -49   10   55    0   37  -21   -1  179  119  -79  -14  285  301  -28  139  180  154  186  242  323  400  418  592  986  986  996  993
 10 Piedra                6908   -31  -17  -17  -31  -15  -45  -25   12  -25    0  -11  -48   -8  -36  -52  -65  -55  -31  -11  -50  -52  -30   78  789   -7   33   15   35   81  -38  125  162  172  201  736  252  352  590  993  991  997  994
 11 Granite               6698  -223 -233 -231  -47  -91 -144  -21  -58  -33   11    0   61   -3  -91  -33  -31  -94   42  -68   -2  -24  -33  353  638  -51   -1   65   27   35  100  169  181  110  299  893  222  428  591  996  995  999  995
 12 Sweet Rocky           6472   -60  -77  -47  -65  -50   -1  -56  -56  -55   48  -61    0  -31  -22  -59  -40  -23   36  -29   28  -26  -30  107  779  -23  -12   56    5  -18  187  221  164  179  159  176  238  364  592  990  990  995  999
 13 Marble                6393  -256 -195 -247 -108 -117 -148 -115  -68   13    8    3   31    0 -135   23  -43  -77   78 -106    5  -25  -45  228  643  -76  -29   50    4   67   81  173  180  139  332  937  215  395  592  994  997 1000  995
 14 ACT-R Lag2            6274   -51  -60   15    4  -49  -24  -18   36   39   36   91   22  135    0  116   -3   10   -6   13   56   34  -50  254   69  -67   21   17   36   19   10  115   93  151  491   12  227  368  568  556  994  997  997
 15 ZQ Bot                6156  -328 -244 -256 -252  -65 -178  -94  -27 -157   52   33   59  -23 -116    0  -21 -171   59  -39   30  -36  -29  243  702  -35  -71   55   30   37  183  156  167  151  305  789  259  415  593  990  994  998  998
 16 Shofar                6028   -27  -15   31  -18  -24  -31  -12   -2   49   65   31   40   43    3   21    0   10   45   31   55  -30   -4   99   20    2   -8   26   75  -12   68   59  139   79  131   77  414  258  557  905  939  968  971
 17 Bugbrain              5894   -22  -16   42  -75   16  -26    4  -50  -10   55   94   23   77  -10  171  -10    0   53    2   85   40  -33  110   61  -18   -2   58   13  -16  103   36   50  117  128  299  233  116  385  907  915  989 1000
 18 * Anti-rotn           5859   -45  -89  -57  -47  -71  -70  -37  -48  -55   31  -42  -36  -78    6  -59  -45  -53    0    5  -36  -29   26  251  597  -44  -38   -7   72    1   10  221   58  316   31   28  476  123  597 1000  998  999  999
 19 Yomi AI               5398  -152 -168   16   -2    6   17   -4   34    0   11   68   29  106  -13   39  -31   -2   -5    0   91    6    0  220   91  -24   -5  -14  -19  291   28   22   86   77  452   21  212  267  571   81  997 1000  998
 20 Mixed Strategy        5001   -24  -52  -22 -125  -84  -91  -45  -53  -37   50    2  -28   -5  -56  -30  -55  -85   36  -91    0   -1  -58   42    9   -5  -16   34   75    5   38    0  181   49  231  298   42  374  552  974  979  995  998
 21 Vroomfondel           4800    -7   -3   -7  -14   -9   10   14   32   21   52   24   26   25  -34   36   30  -40   29   -6    1    0    9  243   45   25   39  -19   13   69   10   92   29   78  206   15  201  149  450  -13  996  992  991
 22 Majikthise            4726   -26  -27  -11  -41    7   57   20   27    1   30   33   30   45   50   29    4   33  -26    0   58   -9    0  144  124  -18   14   -2  -24    7  -49   45   37  116  249  -29  273  120  470  -15  990  995  995
 23 Multi-strategy        2567  -312 -282 -178 -188 -204 -269 -263 -202 -179  -78 -353 -107 -228 -254 -243  -99 -110 -251 -220  -42 -243 -144    0  -51  -50  -20    3  231  -46   25  164  123  266   24  500  482  375  999  997  997  999  998
 24 Inocencio              613  -240 -178 -169 -118 -154 -137  -24  -40 -119 -789 -638 -779 -643  -69 -702  -20  -61 -597  -91   -9  -45 -124   51    0  -31  -11   79   84  302   92  173  158   74  247  198  332  401  353  924  974  982  977
 25 * De Bruijn            520   -47  -61   19   44    7   66   -5   16   79    7   51   23   76   67   35   -2   18   44   24    5  -25   18   50   31    0   -1  -38  -11    1   11   -6   23    1   18   -4  -16  -42  128   -1   21    0 -104
 26 * Pi                   162    48   -5   20   18   -1   22   -6    5   14  -33    1   12   29  -21   71    8    2   38    5   16  -39  -14   20   11    1    0  -21  -11   43   53  -38  -81  -41   26  -16   -2    7   30   22  -11  -11   -9
 27 * Add-drift          -1768  -131  -93 -242 -229   51 -119  -37  -47 -285  -15  -65  -56  -50  -17  -55  -26  -58    7   14  -34   19    2   -3  -79   38   21    0  -16   18  -73   27  -43  -28  -13  -20  -15  -21  -45   -7    5  -78   30
 28 * Copy-drift         -1805  -122 -110  -89 -216  -98  -84  -79  -40 -301  -35  -27   -5   -4  -36  -30  -75  -13  -72   19  -75  -13   24 -231  -84   11   11   16    0   33   40   -9   19   11  -21   30  -21  -49  -18  -32   22  -45   -7
 29 * Foxtrot            -2365  -344 -430  -52   11 -432 -158   -7   -5   28  -81  -35   18  -67  -19  -37   12   16   -1 -291   -5  -69   -7   46 -302   -1  -43  -18  -33    0   -8   -2  -46   -9    7  -11    8  -27   46    1   -5  -35   22
 30 * Add-react          -2789  -301 -352 -269 -117  -57 -400  -89 -100 -139   38 -100 -187  -81  -10 -183  -68 -103  -10  -28  -38  -10   49  -25  -92  -11  -53   73  -40    8    0  -33    9  -20   27  -66   21   -8   -1    9  -26    3   -9
 31 * Flat               -2881  -199  -42 -105 -105 -198  -81  -81  -86 -180 -125 -169 -221 -173 -115 -156  -59  -36 -221  -22    0  -92  -45 -164 -173    6   38  -27    9    2   33    0   -2    5   25 -145   28  -15  243  199    0   -1 -431
 32 * Text               -3161  -114  -58 -189 -136 -154  -77 -168 -111 -154 -162 -181 -164 -180  -93 -167 -139  -50  -58  -86 -181  -29  -37 -123 -158  -23   81   43  -19   46   -9    2    0   17   17   26  -10  -20 -185  -74  -11 -185  112
 33 * Switch A Lot       -3198   -79  -63 -207 -253 -137 -131 -105 -149 -186 -172 -110 -179 -139 -151 -151  -79 -117 -316  -77  -49  -78 -116 -266  -74   -1   41   28  -11    9   20   -5  -17    0  -19 -130   30  -34   13  302   11    9  -60
 34 Knucklehead          -3927  -579 -440 -359 -278 -459 -490 -400 -440 -242 -201 -299 -159 -332 -491 -305 -131 -128  -31 -452 -231 -206 -249  -24 -247  -18  -26   13   21   -7  -27  -25  -17   19    0  -28  -13   11  125  655  600  964  999
 35 Peterbot             -6087  -885 -909 -878 -921 -701 -920 -414 -582 -323 -736 -893 -176 -937  -12 -789  -77 -299  -28  -21 -298  -15   29 -500 -198    4   16   20  -30   11   66  145  -26  130   28    0  266  387  433  963  998  999  986
 36 Always Switchin'     -7129  -250 -269 -441 -455 -339 -236 -468 -441 -400 -252 -222 -238 -215 -227 -259 -414 -233 -476 -212  -42 -201 -273 -482 -332   16    2   15   21   -8  -21  -28   10  -30   13 -266    0   -7   13  521   35  -26  -12
 37 R-P-S 20-20-60       -8405  -360 -150 -391 -408 -330 -300 -402 -347 -418 -352 -428 -364 -395 -368 -415 -258 -116 -123 -267 -374 -149 -120 -375 -401   42   -7   21   49   27    8   15   20   34  -11 -387    7    0 -397 -143    2 -415  341
 38 Beat Frequent Pick  -14307  -924 -931 -939 -591 -695 -586 -847 -753 -592 -590 -591 -592 -592 -568 -593 -557 -385 -597 -571 -552 -450 -470 -999 -353 -128  -30   45   18  -46    1 -243  185  -13 -125 -433  -13  397    0 -600    0  999  997
 39 Beat The Last Move  -19909  -982 -987 -984 -993 -993 -988 -968 -935 -986 -993 -996 -990 -994 -556 -990 -905 -907 -1000  -81 -974   13   15 -997 -924    1  -22    7   32   -1   -9 -199   74 -302 -655 -963 -521  143  600    0    1 1000 1000
 40 Rotate R-P-S        -25963  -991 -991 -989 -991 -992 -993 -998 -990 -986 -991 -995 -990 -997 -994 -994 -939 -915 -998 -997 -979 -996 -990 -997 -974  -21   11   -5  -22    5   26    0   11  -11 -600 -998  -35   -2    0   -1    0    0 -654
 41 Good Ole Rock       -26053  -991 -995 -998 -998 -999 -998 -1000 -995 -996 -997 -999 -995 -1000 -997 -998 -968 -989 -999 -1000 -995 -992 -995 -999 -982    0   11   78   45   35   -3    1  185   -9 -964 -999   26  415 -999 -1000    0    0 1000
 42 * Anti-Flat         -28049  -986 -991 -1000 -991 -995 -997 -998 -992 -993 -994 -995 -999 -995 -997 -998 -971 -1000 -999 -998 -998 -991 -995 -998 -977  104    9  -30    7  -22    9  431 -112   60 -999 -986   12 -341 -997 -1000  654 -1000    0

 Match results (draw <= 50): 

    Player Name           total  W  L  D   1  2  3  4  5  6  7  8  9 10 11 12 13 14 15 16 17 18 19 20 21 22 23 24 25 26 27 28 29 30 31 32 33 34 35 36 37 38 39 40 41 42
  1 Phasenbott              72  31  0 10   1  1  2  1  2  2  1  1  2  1  2  2  2  1  1  1  2  2  2  2  2  2  1  2  2  2  2  2  2  2  2  2  1  2  2  2  2  2  2  2  2  2
  2 Iocaine Powder          68  27  0 14   1  1  1  1  2  2  1  1  1  1  2  2  2  1  1  1  2  2  2  1  2  1  1  1  2  2  2  2  2  2  2  2  2  2  2  2  2  2  2  2  2  2
  3 MegaHAL                 64  24  1 16   0  1  1  1  2  1  1  1  1  1  1  2  1  1  1  1  2  1  2  2  2  1  1  1  2  2  2  2  2  2  2  2  2  2  2  2  2  2  2  2  2  2
  4 Simple Modeller         64  23  0 18   1  1  1  1  1  1  2  1  1  1  1  2  1  1  1  1  2  2  1  1  2  1  1  2  2  2  2  1  2  2  2  2  2  2  2  2  2  2  2  2  2  2
  5 RussRocker4             60  24  5 12   0  0  0  1  1  1  1  1  1  1  1  2  1  0  1  1  2  1  2  2  2  0  1  2  2  2  2  2  2  2  2  2  2  2  2  2  2  2  2  2  2  2
  6 Biopic                  60  22  3 16   0  0  1  1  1  1  1  1  1  1  1  1  1  1  1  1  2  1  2  2  2  1  1  2  2  2  2  2  0  2  2  2  2  2  2  2  2  2  2  2  2  2
  7 Bugbrain                60  20  1 20   1  1  1  0  1  1  1  1  1  1  1  1  1  1  1  2  2  1  2  2  2  1  1  2  2  2  2  1  2  1  2  2  1  2  1  2  2  2  2  2  2  2
  8 Boom                    59  18  0 23   1  1  1  1  1  1  1  1  1  1  1  1  1  1  1  1  1  2  2  1  2  1  1  2  1  2  2  1  1  1  2  2  2  2  2  2  2  2  2  2  2  2
  9 Robertot                58  18  1 22   0  1  1  1  1  1  1  1  1  1  1  1  1  1  1  1  2  2  1  1  2  1  1  1  1  2  2  1  1  2  2  2  2  2  2  2  2  2  2  2  2  2
 10 Shofar                  58  17  0 24   1  1  1  1  1  1  1  1  1  1  1  1  1  1  1  2  1  1  1  1  1  1  1  2  1  2  2  1  1  2  2  2  2  2  2  2  2  2  2  2  2  2
 11 Yomi AI                 55  16  2 23   0  0  1  1  1  1  1  1  1  1  1  1  1  1  1  1  1  1  2  1  2  1  1  2  2  1  2  2  1  1  1  2  1  2  2  2  2  2  2  2  2  2
 12 Simple Predictor        55  20  6 15   0  0  0  0  0  1  1  1  1  1  1  1  1  1  1  1  2  2  1  2  1  0  1  1  2  2  2  1  2  2  2  2  2  2  2  2  2  2  2  2  2  2
 13 ACT-R Lag2              55  17  3 21   0  0  1  1  1  1  1  1  1  1  1  1  1  1  1  1  2  1  2  1  2  0  1  2  2  1  2  1  1  1  1  2  2  2  2  2  2  2  2  2  2  2
 14 Majikthise              53  12  0 29   1  1  1  1  2  1  1  1  1  1  1  1  1  1  1  1  1  1  1  1  1  1  1  2  2  1  2  1  1  1  1  2  1  1  1  2  2  2  2  2  2  2
 15 Vroomfondel             53  12  0 29   1  1  1  1  1  1  1  1  1  1  1  1  1  1  1  2  1  1  1  1  1  1  1  1  1  1  2  2  1  1  1  2  2  1  1  2  2  2  2  2  2  2
 16 Piedra                  52  15  4 22   1  1  1  1  1  1  0  1  1  0  1  1  1  1  0  1  0  1  1  1  1  1  1  1  2  2  2  2  1  1  1  2  2  2  2  2  2  2  2  2  2  2
 17 ZQ Bot                  49  19 11 11   0  0  0  0  0  0  0  1  0  1  1  0  0  1  1  2  1  2  1  2  1  1  0  1  2  2  2  1  2  1  2  2  2  2  2  2  2  2  2  2  2  2
 18 Sweet Rocky             49  16  8 17   0  0  1  0  1  1  1  0  0  1  1  0  1  1  1  1  0  1  0  1  1  1  1  1  2  2  2  1  2  1  2  2  2  2  2  2  2  2  2  2  2  2
 19 Granite                 48  17 10 14   0  0  0  1  0  0  0  0  1  1  0  1  0  1  1  1  1  2  1  1  1  0  1  1  2  2  2  1  2  1  2  2  2  2  2  2  2  2  2  2  2  2
 20 * Anti-rotn             46  13  8 20   0  1  0  1  0  0  0  1  1  1  1  0  1  1  1  1  0  1  1  1  0  1  1  1  2  1  2  1  1  2  1  1  2  2  2  2  2  2  2  2  2  2
 21 Marble                  46  17 12 12   0  0  0  0  0  0  0  0  0  1  0  1  0  1  1  1  1  1  1  2  1  0  1  1  2  2  2  2  1  1  2  2  2  2  2  2  2  2  2  2  2  2
 22 * De Bruijn             45   6  2 33   0  1  1  1  2  1  1  1  1  1  1  2  2  1  1  1  1  1  2  1  2  1  1  1  1  1  1  1  1  1  1  1  1  1  1  1  1  1  2  1  1  0
 23 * Pi                    42   2  1 38   1  1  1  1  1  1  1  1  1  1  1  1  1  1  1  1  2  1  1  1  1  1  1  1  1  1  1  1  1  1  2  1  1  1  0  1  1  1  1  1  1  1
 24 Mixed Strategy          41  10 10 21   0  1  1  0  0  0  0  0  1  0  0  1  0  0  1  1  1  1  1  1  1  1  1  1  1  2  1  1  1  2  1  2  1  2  2  1  1  2  2  2  2  2
 25 Inocencio               41  17 17  7   0  0  0  0  0  0  0  1  1  1  0  0  0  0  1  0  0  0  0  0  0  1  1  1  1  2  2  2  2  2  2  2  2  2  2  2  2  2  2  2  2  2
 26 Peterbot                32  10 19 12   0  0  0  0  0  0  0  0  0  0  1  0  1  1  1  0  0  0  0  1  0  1  1  0  0  1  0  1  1  1  2  1  2  2  1  2  2  2  2  2  2  2
 27 Multi-strategy          31  12 22  7   0  0  0  0  0  0  0  0  0  0  0  0  0  0  0  0  0  0  0  0  0  1  1  1  0  2  1  1  1  2  1  1  2  2  2  2  2  2  2  2  2  2
 28 * Foxtrot               31   0 10 31   0  0  0  1  0  0  1  1  1  1  0  1  1  1  0  0  1  1  1  1  0  1  1  1  0  1  1  1  1  1  1  1  1  1  1  1  1  1  1  1  1  1
 29 * Add-drift             29   1 13 27   0  0  0  0  0  2  0  1  1  1  1  0  1  1  1  1  0  0  0  1  1  1  1  1  0  1  1  1  1  1  0  1  1  1  1  1  1  0  1  1  1  1
 30 * Copy-drift            28   0 13 28   0  0  0  0  0  0  1  1  0  0  1  0  1  1  1  1  1  1  1  0  1  1  1  0  0  1  0  1  1  1  1  1  1  1  1  1  1  1  1  1  1  1
 31 * Add-react             24   1 18 22   0  0  0  0  0  0  0  0  0  0  1  0  1  1  1  1  0  0  0  1  0  1  0  1  0  0  1  1  2  1  1  1  1  1  1  1  1  1  1  1  1  1
 32 Knucklehead             24   5 22 14   0  0  0  0  0  0  0  0  0  0  0  0  0  0  0  0  0  0  0  1  0  1  1  0  0  1  1  1  1  1  1  1  1  2  1  1  1  2  2  2  1  2
 33 * Flat                  22   2 21 18   1  0  0  0  0  0  1  0  0  0  1  0  0  1  0  0  0  0  0  0  0  1  1  1  0  0  0  1  1  1  1  1  1  2  1  1  1  1  2  1  1  0
 34 Beat The Last Move      19   5 27  9   0  0  0  0  0  0  0  0  0  0  0  0  0  1  1  0  0  0  0  0  0  1  1  0  0  0  0  1  1  1  1  0  0  1  2  0  0  2  2  1  2  2
 35 * Text                  19   2 24 15   0  0  0  0  0  0  1  0  0  0  0  0  0  1  1  0  0  0  0  0  0  1  2  0  0  1  0  1  1  1  1  1  1  0  1  1  1  0  0  1  1  2
 36 Always Switchin'        18   1 24 16   0  0  0  0  0  0  0  0  0  0  0  0  0  0  0  0  0  0  0  0  0  1  1  1  0  0  0  1  1  1  1  1  1  2  1  1  1  1  1  1  1  1
 37 * Switch A Lot          17   1 25 15   0  0  0  0  0  0  0  0  0  0  0  0  0  0  0  0  0  0  0  0  0  1  1  1  0  0  0  1  1  1  1  1  1  2  1  1  1  1  1  1  1  0
 38 Good Ole Rock           17   4 28  9   0  0  0  0  0  0  0  0  0  0  0  0  0  0  0  0  0  0  0  0  0  1  1  0  0  0  0  1  2  1  1  0  1  0  2  1  1  1  0  1  2  2
 39 Beat Frequent Pick      16   4 29  8   0  0  0  0  0  0  0  0  0  0  0  0  0  0  0  0  0  0  0  0  0  0  1  0  0  0  0  1  1  1  1  0  0  0  2  1  1  2  1  1  2  2
 40 Rotate R-P-S            14   0 27 14   0  0  0  0  0  0  0  0  0  0  0  0  0  0  0  0  0  0  0  0  0  1  1  0  0  0  0  1  1  1  1  0  1  1  1  1  1  1  1  1  1  0
 41 R-P-S 20-20-60          14   1 28 12   0  0  0  0  0  0  0  0  0  0  0  0  0  0  0  0  0  0  0  0  0  1  1  0  0  0  0  1  1  1  1  1  1  0  1  1  1  0  0  1  1  2
 42 * Anti-Flat             14   4 31  6   0  0  0  0  0  0  0  0  0  0  0  0  0  0  0  0  0  0  0  0  0  2  1  0  0  0  0  1  1  1  1  0  2  0  0  1  2  0  0  2  0  1


   Yomi AI is match ranked 11

 Tournament results:
    Player Name          total 
  1 Yomi AI               5398 
 15 * Anti-rotn           5859 
 19 Iocaine Powder       10762 
 20 Phasenbott           10485 
 21 MegaHAL               9351 
 22 RussRocker4           7608 
 23 Biopic                8301 
 24 Simple Modeller       8960 
 25 Simple Predictor      6943 
 26 Robertot              7516 
 27 Boom                  7401 
 28 Shofar                6028 
 29 ACT-R Lag2            6274 
 32 Granite               6698 
 33 Marble                6393 
 34 ZQ Bot                6156 
 35 Sweet Rocky           6472 
 36 Piedra                6908 
 41 Bugbrain              5894 

   Yomi is tournament ranked 19

