 Playing 1 tournaments with 1000 trials per match...

 Yomi AI            vs Good Ole Rock       Match: 1000 (1000+   0-   0=)
 Yomi AI            vs R-P-S 20-20-60      Match:  365 (575+ 210- 215=)
 Yomi AI            vs Rotate R-P-S        Match:  993 (996+   3-   1=)
 Yomi AI            vs Beat The Last Move  Match:  726 (825+  99-  76=)
 Yomi AI            vs Always Switchin'    Match:  287 (472+ 185- 343=)
 Yomi AI            vs Beat Frequent Pick  Match:  670 (800+ 130-  70=)
 Yomi AI            vs * Pi                Match:  -18 (328+ 346- 326=)
 Yomi AI            vs * Switch A Lot      Match:  169 (438+ 269- 293=)
 Yomi AI            vs * Flat              Match:  189 (458+ 269- 273=)
 Yomi AI            vs * Anti-Flat         Match:  992 (995+   3-   2=)
 Yomi AI            vs * Foxtrot           Match:  409 (609+ 200- 191=)
 Yomi AI            vs * De Bruijn         Match:  -36 (309+ 345- 346=)
 Yomi AI            vs * Text              Match:  149 (424+ 275- 301=)
 Yomi AI            vs * Anti-rotn         Match:   19 (336+ 317- 347=)
 Yomi AI            vs * Copy-drift        Match:   60 (379+ 319- 302=)
 Yomi AI            vs * Add-react         Match:   64 (383+ 319- 298=)
 Yomi AI            vs * Add-drift         Match:  -13 (346+ 359- 295=)
 Yomi AI            vs Iocaine Powder      Match:  -11 (324+ 335- 341=)
 Yomi AI            vs Phasenbott          Match:    8 (344+ 336- 320=)
 Yomi AI            vs MegaHAL             Match:   30 (347+ 317- 336=)
 Yomi AI            vs RussRocker4         Match:  -31 (344+ 375- 281=)
 Yomi AI            vs Biopic              Match:   32 (357+ 325- 318=)
 Yomi AI            vs Simple Modeller     Match:   25 (358+ 333- 309=)
 Yomi AI            vs Simple Predictor    Match:   59 (401+ 342- 257=)
 Yomi AI            vs Robertot            Match:   36 (386+ 350- 264=)
 Yomi AI            vs Boom                Match:   39 (367+ 328- 305=)
 Yomi AI            vs Shofar              Match:  -39 (321+ 360- 319=)
 Yomi AI            vs ACT-R Lag2          Match:   11 (358+ 347- 295=)
 Yomi AI            vs Majikthise          Match:   -3 (341+ 344- 315=)
 Yomi AI            vs Vroomfondel         Match:    6 (340+ 334- 326=)
 Yomi AI            vs Granite             Match:   83 (442+ 359- 199=)
 Yomi AI            vs Marble              Match:  121 (457+ 336- 207=)
 Yomi AI            vs ZQ Bot              Match:   22 (375+ 353- 272=)
 Yomi AI            vs Sweet Rocky         Match:   34 (372+ 338- 290=)
 Yomi AI            vs Piedra              Match:   22 (364+ 342- 294=)
 Yomi AI            vs Mixed Strategy      Match:   51 (385+ 334- 281=)
 Yomi AI            vs Multi-strategy      Match:  307 (547+ 240- 213=)
 Yomi AI            vs Inocencio           Match:  847 (916+  69-  15=)
 Yomi AI            vs Peterbot            Match:  111 (415+ 304- 281=)
 Yomi AI            vs Bugbrain            Match:  -37 (328+ 365- 307=)
 Yomi AI            vs Knucklehead         Match:  568 (703+ 135- 162=)
 Final results (draw value = 50):

 Tournament results: 

    Player Name          total     1    2    3    4    5    6    7    8    9   10   11   12   13   14   15   16   17   18   19   20   21   22   23   24   25   26   27   28   29   30   31   32   33   34   35   36   37   38   39   40   41   42
  1 Iocaine Powder       11118     0   57   33   32   11   37  512   -7   28   50  162   50  241   17  235  -14  -22  257    2   59    9   35  379   18  -36  605  116  259  319  182  380   36  122  585  889  216  379  907  990  990  999  999
  2 Phasenbott            9779   -57    0  110   21   -8  -23  519   26   33   90  133   44  212   17  223   25   18  272   37   55   -8   35  191   37  -22  164  105   88  377   11  337   70   68  393  940  222  129  949  982  984  995  985
  3 MegaHAL               9444   -33 -110    0   18  -30   24   98   18   25   38   91  -23  272  -72  241  -11   23  254   66   69  -26  -11  224  -42  -34  189  158  107  118  126  271  179  142  361  901  407  463  975  990  994  998  996
  4 Biopic                8515   -32  -21  -18    0  -32   -1   11   80   -7    2   63   32  110   46  132  -12   45   93   15   37  -22  -12  304  -24  -36  251  -29  106  410  117   85  139  152  455  741  324  383  652  993  995  998  990
  5 Yomi AI               8316   -11    8   30   32    0   25  -31   36   39   34   59   11   83  -39  121  -37   22   22   51   19   -3    6  307  -36  -18  847  -13   60  409  189   64  169  149  568  111  287  365  670  726  993 1000  992
  6 Simple Modeller       8262   -37   23  -24    1  -25    0  -23   14   22  -41  281  -44   66  -24   50   48   24  284   75   47   39  -14  192  -30  -14  365  267  236  -19   73   96  208  153  269  305  431  415  591  994  994  999  995
  7 RussRocker4           7672  -512 -519  -98  -11   31   23    0   27   34   77  121  -22  158   -5  164  -20   20  132   26   41  -34   10  239  -51    0  164  108  155  220   62  317  112  112  499  928  228  361  593  991  994 1000  997
  8 Robertot              7631     7  -26  -18  -80  -36  -14  -27    0    6   54   31  -30   46   10   65  -30   48   96   18   72  -28  -77  313   18    2   48   26  113   16   96  103   92  182  455  383  468  418  855  973  997  996  990
  9 Boom                  7208   -28  -33  -25    7  -39  -22  -34   -6    0   33    0  -17   36  -22   70  -23   46   57   -4   55  -23  -65  243   37  -28  230   54   95  -34   80   94  234  135  363  111  475  425  753  991  990  997 1000
 10 Sweet Rocky           7143   -50  -90  -38   -2  -34   41  -77  -54  -33    0    6  -43  -26  -46  -68  -34   38  -64  -38   26  -36  -16  108    2    8  794   25   21   -2   91  248  161  167  121  941  170  362  594  991  990  993  996
 11 Simple Predictor      7114  -162 -133  -91  -63  -59 -281 -121  -31    0   -6    0  -37   18  -11   32   15   71  167   36   44    3  -26  191  -62  -14  553  270  274   18   65  106  189  149  261  324  448  422  592  984  990  995  994
 12 ACT-R Lag2            6871   -50  -44   23  -32  -11   44   22   30   17   43   37    0  160  -12  119   -6   55   99  -11   34   -2   27  283  -57    4  629   -1   -8  -19   98   40   86   82  488  146  259  326  575  421  994  998  985
 13 Granite               6666  -241 -212 -272 -110  -83  -66 -158  -46  -36   26  -18 -160    0    3   22  -95   40   20   17   56  -29 -112  244  -26  -16  644   13   57   91  196   85  192  181  337  951  230  364  592  992  997 1000  996
 14 Shofar                6606   -17  -17   72  -46   39   24    5  -10   22   46   11   12   -3    0   43   -8   64   57   92   56   13  -18  106   -3    1   -9   50  101   22   39   77  191  148   90  185  448  356  555  898  946  979  989
 15 Marble                6544  -235 -223 -241 -132 -121  -50 -164  -65  -70   68  -32 -119  -22  -43    0 -129   34   62   20   44  -64  -52  294  -82  -22  644   46   77   33  205   65  123  178  330  903  307  399  591  996  995 1000  996
 16 Bugbrain              6202    14  -25   11   12   37  -48   20   30   23   34  -15    6   95    8  129    0   22  155  101   46  -12   37  111   -4   24   23  118   99   -4   39   82   54   26  162  251  205  179  371  940  912  934 1000
 17 Piedra                5988    22  -18  -23  -45  -22  -24  -20  -48  -46  -38  -71  -55  -40  -64  -34  -22    0  -63   16   58  -29   -8  111  -25  -36  -28   89   71   18  133  304  103  160  256  277  204  355  590  991  991  998 1000
 18 ZQ Bot                5410  -257 -272 -254  -93  -22 -284 -132  -96  -57   64 -167  -99  -20  -57  -62 -155   63    0    5   73  -53  -34  178   -4   -7  -14   37   10   34  162  290   86  169  292  933  192  398  594  988  987  997  997
 19 Mixed Strategy        5064    -2  -37  -66  -15  -51  -75  -26  -18    4   38  -36   11  -17  -92  -20 -101  -16   -5    0   63  -16  -52   -1  -39  -11  267   11  -14   -5  -33   75   43  170  134  190   87  363  452  980  932  996  996
 20 * Anti-rotn           4956   -59  -55  -69  -37  -19  -47  -41  -72  -55  -26  -44  -34  -56  -56  -44  -46  -58  -73  -63    0   11   33  263  -66  -52  -26  -10   87  -25  201   31  293   50   20  500  484  122  499  499  997 1000  999
 21 Majikthise            4923    -9    8   26   22    3  -39   34   28   23   36   -3    2   29  -13   64   12   29   53   16  -11    0  -10  137    5  -16   86  -25   32  -28  110   39  133   32  237   21  233  207  456   -4  986  996  986
 22 Vroomfondel           4734   -35  -35   11   12   -6   14  -10   77   65   16   26  -27  112   18   52  -37    8   34   52  -33   10    0  160  -30   10   89    3   -5   11   65   11  132   41  180  -28  231  132  467  -38  988  996  995
 23 Multi-strategy        1853  -379 -191 -224 -304 -307 -192 -239 -313 -243 -108 -191 -283 -244 -106 -294 -111 -111 -178    1 -263 -137 -160    0  -50  -20 -135   47  221  -16  186  -14  303  123   14  -33  424  391  999  997  997  999  997
 24 * De Bruijn            598   -18  -37   42   24   36   30   51  -18  -37   -2   62   57   26    3   82    4   25    4   39   66   -5   30   50    0   -1   25   37  -22   12  -13  -24   23   23   -4   -8   21  -28  128   -1   21    0 -105
 25 * Pi                   178    36   22   34   36   18   14    0   -2   28   -8   14   -4   16   -1   22  -24   36    7   11   52   16  -10   20    1    0   13   15  -48  -44   33   -6  -27  -81  -16    8  -26    2   30   22  -11  -11   -9
 26 Inocencio             -367  -605 -164 -189 -251 -847 -365 -164  -48 -230 -794 -553 -629 -644    9 -644  -23   28   14 -267   26  -86  -89  135  -25  -13    0   77  105  308  117   68   95  139  226   76  270  416  345  878  972  986  973
 27 * Add-drift          -1762  -116 -105 -158   29   13 -267 -108  -26  -54  -25 -270    1  -13  -50  -46 -118  -89  -37  -11   10   25   -3  -47  -37  -15  -77    0   36   -7  -16  -85   -3  -15   -9  -22   37  -23   18  -26   -5  -49    1
 28 * Copy-drift         -2395  -259  -88 -107 -106  -60 -236 -155 -113  -95  -21 -274    8  -57 -101  -77  -99  -71  -10   14  -87  -32    5 -221   22   48 -105  -36    0   -5   30   17  -36   -1    3  -56   16    3  -16  -51  -24   20   18
 29 * Foxtrot            -2507  -319 -377 -118 -410 -409   19 -220  -16   34    2  -18   19  -91  -22  -33    4  -18  -34    5   25   28  -11   16  -12   44 -308    7    5    0   -9  -20  -26  -31  -39  -35  -41  -39   16    6   -6  -74   -1
 30 * Flat               -2917  -182  -11 -126 -117 -189  -73  -62  -96  -80  -91  -65  -98 -196  -39 -205  -39 -133 -162   33 -201 -110  -65 -186   13  -33 -117   16  -30    9    0  -36  -56  -27  -33 -194   21   11  234  232  -28    0 -406
 31 * Add-react          -2996  -380 -337 -271  -85  -64  -96 -317 -103  -94 -248 -106  -40  -85  -77  -65  -82 -304 -290  -75  -31  -39  -11   14   24    6  -68   85  -17   20   36    0   11   -1  -79   26   28   32   -5   48    5  -10   49
 32 * Switch A Lot       -3030   -36  -70 -179 -139 -169 -208 -112  -92 -234 -161 -189  -86 -192 -191 -123  -54 -103  -86  -43 -293 -133 -132 -303  -23   27  -95    3   36   26   56  -11    0   -8   10 -112   27   -7   36  301   33    1   -2
 33 * Text               -3200  -122  -68 -142 -152 -149 -153 -112 -182 -135 -167 -149  -82 -181 -148 -178  -26 -160 -169 -170  -50  -32  -41 -123  -23   81 -139   15    1   31   27    1    8    0   32   30  -37    8 -185  -74  -11 -185  111
 34 Knucklehead          -3494  -585 -393 -361 -455 -568 -269 -499 -455 -363 -121 -261 -488 -337  -90 -330 -162 -256 -292 -134  -20 -237 -180  -14    4   16 -226    9   -3   39   33   79  -10  -32    0   28   -4   46   68  983  376 1000  970
 35 Peterbot             -5576  -889 -940 -901 -741 -111 -305 -928 -383 -111 -941 -324 -146 -951 -185 -903 -251 -277 -933 -190 -500  -21   28   33    8   -8  -76   22   56   35  194  -26  112  -30  -28    0  266  384  420  981  999  999  986
 36 Always Switchin'     -7077  -216 -222 -407 -324 -287 -431 -228 -468 -475 -170 -448 -259 -230 -448 -307 -205 -204 -192  -87 -484 -233 -231 -424  -21   26 -270  -37  -16   41  -21  -28  -27   37    4 -266    0    1   23  518  -55   23  -29
 37 R-P-S 20-20-60       -9358  -379 -129 -463 -383 -365 -415 -361 -418 -425 -362 -422 -326 -364 -356 -399 -179 -355 -398 -363 -122 -207 -132 -391   28   -2 -416   23   -3   39  -11  -32    7   -8  -46 -384   -1    0 -392 -183   11 -372   98
 38 Beat Frequent Pick  -14197  -907 -949 -975 -652 -670 -591 -593 -855 -753 -594 -592 -575 -592 -555 -591 -371 -590 -594 -452 -499 -456 -467 -999 -128  -30 -345  -18   16  -16 -234    5  -36  185  -68 -420  -23  392    0 -600    0  999  996
 39 Beat The Last Move  -20302  -990 -982 -990 -993 -726 -994 -991 -973 -991 -991 -984 -421 -992 -898 -996 -940 -991 -988 -980 -499    4   38 -997    1  -22 -878   26   51   -6 -232  -48 -301   74 -983 -981 -518  183  600    0    1 1000  996
 40 Rotate R-P-S        -25568  -990 -984 -994 -995 -993 -994 -994 -997 -990 -990 -990 -994 -997 -946 -995 -912 -991 -987 -932 -997 -986 -988 -997  -21   11 -972    5   24    6   28   -5  -33   11 -376 -999   55  -11    0   -1    0    0 -657
 41 Good Ole Rock       -26191  -999 -995 -998 -998 -1000 -999 -1000 -996 -997 -993 -995 -998 -1000 -979 -1000 -934 -998 -997 -996 -1000 -996 -996 -999    0   11 -986   49  -20   74    0   10   -1  185 -1000 -999  -23  372 -999 -1000    0    0  999
 42 * Anti-Flat         -27858  -999 -985 -996 -990 -992 -995 -997 -990 -1000 -996 -994 -985 -996 -989 -996 -1000 -1000 -997 -996 -999 -986 -995 -997  105    9 -973   -1  -18    1  406  -49    2 -111 -970 -986   29  -98 -996 -996  657 -999    0

 Match results (draw <= 50): 

    Player Name           total  W  L  D   1  2  3  4  5  6  7  8  9 10 11 12 13 14 15 16 17 18 19 20 21 22 23 24 25 26 27 28 29 30 31 32 33 34 35 36 37 38 39 40 41 42
  1 Iocaine Powder          65  24  0 17   1  2  1  1  1  1  2  1  1  1  1  1  1  1  1  2  1  2  1  1  2  2  2  1  2  2  2  2  2  2  2  2  2  1  2  2  2  2  2  2  2  2
  2 Phasenbott              65  25  1 15   0  1  2  1  1  1  2  1  1  1  1  1  1  1  1  2  2  2  1  1  2  2  2  1  2  2  2  2  2  2  2  2  2  2  1  2  2  2  2  2  2  2
  3 MegaHAL                 64  25  2 14   1  0  1  1  1  1  2  1  0  1  1  1  1  1  1  2  1  2  2  1  2  2  2  1  2  2  2  2  2  2  2  2  2  2  2  2  2  2  2  2  2  2
  4 Biopic                  63  22  0 19   1  1  1  1  1  1  1  1  1  1  2  1  1  1  1  2  1  2  1  1  2  2  2  1  1  2  1  2  2  2  2  2  2  2  2  2  2  2  2  2  2  2
  5 Yomi AI                 62  21  0 20   1  1  1  1  1  1  1  1  1  1  1  1  1  1  1  2  1  2  2  1  2  1  2  1  1  2  1  2  2  2  2  2  2  2  2  2  2  2  2  2  2  2
  6 Simple Modeller         62  21  0 20   1  1  1  1  1  1  1  1  1  1  1  1  1  1  1  2  1  2  2  1  1  2  2  1  1  1  2  2  2  2  2  2  2  2  2  2  2  2  2  2  2  2
  7 RussRocker4             60  23  4 14   0  0  0  1  1  1  1  1  1  1  1  1  1  1  1  2  2  2  1  0  2  2  2  1  1  2  2  2  2  2  2  2  2  2  2  2  2  2  2  2  2  2
  8 Boom                    60  20  1 20   1  1  1  1  1  1  1  1  1  1  1  1  0  1  1  1  1  1  1  1  2  2  2  1  2  1  2  2  2  2  2  2  2  2  2  2  2  2  2  2  2  2
  9 Shofar                  60  19  0 22   1  1  2  1  1  1  1  1  1  1  1  1  1  1  2  1  1  1  2  1  1  2  1  1  2  1  1  2  2  2  2  2  2  2  1  2  2  2  2  2  2  2
 10 Bugbrain                59  18  0 23   1  1  1  1  1  1  1  1  1  1  1  1  1  1  1  1  1  2  2  1  2  2  1  1  1  1  2  2  2  2  2  2  2  2  1  1  2  2  2  2  2  2
 11 Robertot                58  19  2 20   1  1  1  0  1  1  1  1  1  1  1  1  0  1  1  1  2  1  1  1  2  2  1  1  2  1  1  2  2  2  2  2  2  2  2  2  2  2  2  2  2  2
 12 ACT-R Lag2              58  18  1 22   1  1  1  1  1  1  1  1  1  1  1  1  1  1  2  1  1  2  1  0  2  2  2  1  1  1  1  2  2  2  1  1  2  2  2  2  2  2  2  2  2  2
 13 Vroomfondel             57  16  0 25   1  1  1  1  1  1  1  2  1  1  2  1  1  1  1  1  1  2  2  1  2  1  2  1  1  1  1  2  1  2  1  1  1  2  2  1  2  2  2  2  2  2
 14 Majikthise              54  13  0 28   1  1  1  1  1  1  1  1  1  1  1  1  1  1  1  1  1  1  1  1  2  2  2  1  1  1  1  2  1  2  1  1  1  2  2  1  2  2  2  2  2  2
 15 Piedra                  54  17  4 20   1  1  1  1  1  1  1  1  0  1  1  0  1  1  1  0  1  1  1  1  1  0  1  1  2  1  2  2  2  2  2  2  2  2  2  2  2  2  2  2  2  2
 16 Simple Predictor        52  19  8 14   0  0  0  0  0  0  0  1  1  1  1  1  1  1  2  1  1  1  1  0  1  2  2  1  1  1  2  2  2  2  2  2  2  2  2  2  2  2  2  2  2  2
 17 Sweet Rocky             51  15  5 21   1  0  1  1  1  1  0  1  1  1  0  1  1  1  1  1  1  1  1  1  0  0  2  1  1  1  1  2  2  2  2  1  2  2  2  2  2  2  2  2  2  2
 18 Granite                 49  18 10 13   0  0  0  0  0  0  0  1  1  0  1  0  0  1  1  1  1  1  1  1  1  1  2  1  2  2  1  2  2  2  2  2  2  2  2  2  2  2  2  2  2  2
 19 Mixed Strategy          48  13  6 22   1  1  0  1  0  0  1  1  0  0  1  1  0  1  1  1  1  1  1  1  1  1  2  1  2  1  1  1  2  2  2  1  2  1  1  2  2  2  2  2  2  2
 20 * De Bruijn             46   6  1 34   1  1  1  1  1  1  2  1  1  1  1  2  1  1  1  2  1  1  1  1  2  1  1  1  2  1  1  1  1  1  1  1  1  1  1  1  1  2  1  1  1  0
 21 Marble                  46  18 13 10   0  0  0  0  0  1  0  0  1  0  0  0  0  0  1  1  2  1  1  0  1  2  2  1  1  1  1  2  2  2  2  2  2  2  2  2  2  2  2  2  2  2
 22 ZQ Bot                  44  17 14 10   0  0  0  0  1  0  0  0  0  0  0  0  1  0  2  0  2  1  1  1  0  1  1  1  2  1  1  2  2  2  2  1  2  2  2  2  2  2  2  2  2  2
 23 Inocencio               42  17 16  8   0  0  0  0  0  0  0  0  1  1  1  0  0  0  1  0  0  0  0  1  0  1  1  1  1  2  2  2  2  2  2  2  2  2  2  2  2  2  2  2  2  2
 24 * Pi                    41   1  1 39   1  1  1  1  1  1  1  1  1  1  1  1  1  1  1  1  1  1  1  1  1  1  1  1  2  1  1  1  1  1  1  1  1  1  1  0  1  1  1  1  1  1
 25 * Anti-rotn             41  12 12 17   0  0  0  1  1  1  1  0  0  1  0  1  1  1  0  1  1  0  0  0  1  0  1  0  1  1  1  2  2  1  1  2  2  2  2  1  2  2  2  2  2  2
 26 * Foxtrot               32   0  9 32   0  0  0  0  0  1  0  1  1  1  1  1  1  1  1  1  1  0  1  1  1  1  0  1  1  1  1  1  1  1  1  1  1  1  1  1  0  1  1  1  1  1
 27 * Add-drift             30   0 11 30   0  0  0  1  1  0  0  0  1  0  1  1  1  1  0  0  1  1  1  1  1  1  0  1  1  1  1  1  1  1  0  1  1  1  1  1  1  1  1  1  1  1
 28 Multi-strategy          30  11 22  8   0  0  0  0  0  0  0  0  0  0  0  0  0  0  0  0  0  0  1  1  0  0  0  1  0  1  1  1  1  1  1  2  2  2  2  2  2  2  2  2  2  2
 29 Peterbot                30  10 21 10   0  0  0  0  0  0  0  0  0  0  0  0  1  1  0  0  0  0  0  1  0  0  0  1  0  1  1  1  1  1  1  2  2  2  2  1  2  2  2  2  2  2
 30 Knucklehead             25   6 22 13   0  0  0  0  0  0  0  0  0  0  0  0  0  0  0  0  0  0  0  1  0  0  0  1  1  1  1  1  1  1  2  1  2  1  1  1  2  2  1  2  1  2
 31 * Add-react             22   1 20 20   0  0  0  0  0  0  0  0  0  0  0  1  1  1  0  0  0  0  0  1  0  0  0  1  1  1  2  1  1  0  1  1  1  1  1  1  1  1  1  1  1  1
 32 * Copy-drift            21   0 20 21   0  0  0  0  0  0  0  0  0  0  0  1  1  1  0  0  1  0  1  1  0  1  0  1  0  1  1  0  0  1  1  1  0  1  1  1  1  1  1  1  1  1
 33 Beat The Last Move      20   6 27  8   0  0  0  0  0  0  0  0  0  0  0  0  1  1  0  0  0  0  0  1  0  0  0  1  0  1  1  0  0  0  1  2  1  0  0  2  2  2  0  1  2  2
 34 * Switch A Lot          20   2 23 16   1  0  0  0  0  0  0  0  0  0  0  0  0  0  0  0  0  0  1  1  0  0  0  1  0  1  1  0  0  1  1  1  2  1  2  1  1  1  1  1  1  1
 35 * Flat                  20   2 23 16   0  1  0  0  0  0  0  0  1  1  0  0  0  0  0  0  0  0  1  1  0  0  0  1  0  1  1  0  0  1  1  1  2  0  1  1  1  2  1  1  1  0
 36 * Text                  20   2 23 16   0  0  0  0  0  0  0  0  0  1  0  0  1  1  0  0  0  0  0  1  0  0  0  2  1  1  1  0  1  1  1  1  0  1  1  1  0  0  1  1  1  2
 37 Good Ole Rock           17   4 28  9   0  0  0  0  0  0  0  0  0  0  0  0  0  0  0  0  0  0  0  1  0  0  0  1  0  2  1  0  0  0  1  1  0  1  1  2  1  0  1  1  2  2
 38 Beat Frequent Pick      16   4 29  8   0  0  0  0  0  0  0  0  0  0  0  0  0  0  0  0  0  0  0  0  0  0  0  1  0  1  1  0  0  0  1  1  0  1  0  2  2  1  1  1  2  2
 39 Always Switchin'        16   1 26 14   0  0  0  0  0  0  0  0  0  0  0  0  0  0  0  0  0  0  0  1  0  0  0  1  0  1  1  0  0  1  1  1  2  1  1  1  1  1  1  0  1  1
 40 Rotate R-P-S            15   1 27 13   0  0  0  0  0  0  0  0  0  0  0  0  0  0  0  0  0  0  0  1  0  0  0  1  0  1  1  0  0  0  1  1  1  1  1  1  1  1  2  1  1  0
 41 R-P-S 20-20-60          14   1 28 12   0  0  0  0  0  0  0  0  0  0  0  0  0  0  0  0  0  0  0  1  0  0  0  1  0  1  1  0  0  1  1  1  0  1  1  1  0  0  1  1  1  2
 42 * Anti-Flat             13   3 31  7   0  0  0  0  0  0  0  0  0  0  0  0  0  0  0  0  0  0  0  2  0  0  0  1  0  1  1  0  0  0  1  1  0  1  2  0  0  0  1  2  0  1


   Yomi AI is match ranked 5

 Tournament results:
    Player Name          total 
  1 Yomi AI               8316 
 19 Iocaine Powder       11118 
 20 Phasenbott            9779 
 21 MegaHAL               9444 
 23 Biopic                8515 

   Yomi is tournament ranked 5

