 Playing 1 tournaments with 1000 trials per match...

 Yomi AI            vs Good Ole Rock       Match: 1000 (1000+   0-   0=)
 Yomi AI            vs R-P-S 20-20-60      Match:  376 (585+ 209- 206=)
 Yomi AI            vs Rotate R-P-S        Match:  993 (996+   3-   1=)
 Yomi AI            vs Beat The Last Move  Match:  217 (492+ 275- 233=)
 Yomi AI            vs Always Switchin'    Match:  301 (483+ 182- 335=)
 Yomi AI            vs Beat Frequent Pick  Match:  696 (820+ 124-  56=)
 Yomi AI            vs * Pi                Match:  -10 (331+ 341- 328=)
 Yomi AI            vs * Switch A Lot      Match:  173 (443+ 270- 287=)
 Yomi AI            vs * Flat              Match:  203 (476+ 273- 251=)
 Yomi AI            vs * Anti-Flat         Match:  999 (999+   0-   1=)
 Yomi AI            vs * Foxtrot           Match:  445 (631+ 186- 183=)
 Yomi AI            vs * De Bruijn         Match:    7 (331+ 324- 345=)
 Yomi AI            vs * Text              Match:  172 (440+ 268- 292=)
 Yomi AI            vs * Anti-rotn         Match:   35 (354+ 319- 327=)
 Yomi AI            vs * Copy-drift        Match:   35 (353+ 318- 329=)
 Yomi AI            vs * Add-react         Match:   59 (383+ 324- 293=)
 Yomi AI            vs * Add-drift         Match:   49 (385+ 336- 279=)
 Yomi AI            vs Iocaine Powder      Match:  -36 (315+ 351- 334=)
 Yomi AI            vs Phasenbott          Match:  -28 (321+ 349- 330=)
 Yomi AI            vs MegaHAL             Match:   -5 (354+ 359- 287=)
 Yomi AI            vs RussRocker4         Match:   10 (345+ 335- 320=)
 Yomi AI            vs Biopic              Match:  -25 (355+ 380- 265=)
 Yomi AI            vs Simple Modeller     Match:  -19 (328+ 347- 325=)
 Yomi AI            vs Simple Predictor    Match:   62 (380+ 318- 302=)
 Yomi AI            vs Robertot            Match:   63 (400+ 337- 263=)
 Yomi AI            vs Boom                Match:   -9 (342+ 351- 307=)
 Yomi AI            vs Shofar              Match:  -41 (323+ 364- 313=)
 Yomi AI            vs ACT-R Lag2          Match:  -25 (331+ 356- 313=)
 Yomi AI            vs Majikthise          Match:    1 (346+ 345- 309=)
 Yomi AI            vs Vroomfondel         Match:   34 (362+ 328- 310=)
 Yomi AI            vs Granite             Match:  124 (458+ 334- 208=)
 Yomi AI            vs Marble              Match:  109 (456+ 347- 197=)
 Yomi AI            vs ZQ Bot              Match:    8 (387+ 379- 234=)
 Yomi AI            vs Sweet Rocky         Match:   53 (393+ 340- 267=)
 Yomi AI            vs Piedra              Match:   54 (379+ 325- 296=)
 Yomi AI            vs Mixed Strategy      Match:   72 (377+ 305- 318=)
 Yomi AI            vs Multi-strategy      Match:  298 (553+ 255- 192=)
 Yomi AI            vs Inocencio           Match:  102 (417+ 315- 268=)
 Yomi AI            vs Peterbot            Match:  320 (564+ 244- 192=)
 Yomi AI            vs Bugbrain            Match:  -24 (351+ 375- 274=)
 Yomi AI            vs Knucklehead         Match:  537 (694+ 157- 149=)
 Final results (draw value = 50):

 Tournament results: 

    Player Name          total     1    2    3    4    5    6    7    8    9   10   11   12   13   14   15   16   17   18   19   20   21   22   23   24   25   26   27   28   29   30   31   32   33   34   35   36   37   38   39   40   41   42
  1 Iocaine Powder       10633     0   74   35   72   31  171  526  -10  -10   36  251   12   79  193   58   39   75  290   51   18    1   83  269  247   -8   29   83  206  348  562  142   95  281   43  823  235  378  897  984  991  992  961
  2 Phasenbott           10258   -74    0   35   32   19  131  530   33   25   28  257   33   74  247   43   43   89  277   78   43   34   97  178  191   44   32   61   40  408  400  146   73  291   85  998  239  157  908  980  991  997  965
  3 Simple Modeller       9454   -35  -35    0   46   44  306  -29   -1   34   19   75  -53    2   52   51   65   80  310   43    0  -28   87  199  794  -51   15  247  239   -9  262   56  126   98  216  764  489  407  591  993  995  997  993
  4 MegaHAL               9417   -72  -32  -46    0    2   53   58   22   29    5  277  -35   16  221   17   18   42  230   67   29  -38   16  259  200  -37  -43  176   29  115  358   47  189  305  241  889  480  410  944  987  989 1000 1000
  5 Biopic                8738   -31  -19  -44   -2    0   39  -15    0   -2   25  119  -42   41   94   71  -11  114  108   52  -49  -26   61  256  122    8  -35   -8   55  420  543  169  152   45  206  776  282  383  894  995  997  998  997
  6 Simple Predictor      7802  -171 -131 -306  -53  -39    0  -79  -36   30  -62    6  -33  -55   29   68   -1   31  166   41    0    2   58  220  591  -79  -21  263  245   -4  304   75  154  107  188  916  416  407  588  986  986  995 1000
  7 RussRocker4           7801  -526 -530   29  -58   15   79    0   26   37  -10  119   20  -20  163   17   26   49  134   63  -20   -3   64  310  401  -11  -18  137   93  162  477   76   21  343  124  934  226  274  593  993  993  999 1000
  8 Robertot              7716    10  -33    1  -22    0   36  -26    0  -26  -63   22   32    8  104   25  -25   14   87   43  -28  -41  133  276   55  -18  -64    1    1    4  409   29  184   95  120  784  439  373  895  889  995  998 1000
  9 Boom                  7476    10  -25  -34  -29    2  -30  -37   26    0    9   42  -66  -54   36   22  -19   74   16   65  -17  -24   84  377   17    7   44   48  146   56  443  129  144   87  172  303  392  329  753  991  990  997 1000
 10 Yomi AI               7385   -36  -28  -19   -5  -25   62   10   63   -9    0  124  -41  -25  109   53  -24   54    8   35    1   34   72  298  102    7  -10   49   35  445  537  203  172   59  173  320  301  376  696  217  993 1000  999
 11 Granite               6473  -251 -257  -75 -277 -119   -6 -119  -22  -42 -124    0  -63 -156  -30   31  -62   47  -30   56   26   17    8  265  650  -46   -6  -16   45   55  309  144  172   70  145  926  239  392  592  994  996  999  996
 12 Shofar                6436   -12  -33   53   35   42   33  -20  -32   66   41   63    0  -12   38   27    6   32   51   46  -49   44  -20  169   64  -58    9  -21   54   24  223   30   90   32  194  106  438  331  558  907  934  980  973
 13 ACT-R Lag2            6374   -79  -74   -2  -16  -41   55   20   -8   54   25  156   12    0   83   22   19   30  119   26   33   -5   75  235   53  -83   17    7   40  -43  483  151   54   26   95  103  257  325  574  589  991  999  997
 14 Marble                6096  -193 -247  -52 -221  -94  -29 -163 -104  -36 -109   30  -38  -83    0   36  -35    9   34   42    0  -62   18  302   18  -75  -11  -49   43   30  254  183  181  134  260  913  234  405  593  991  995  998  994
 15 Sweet Rocky           5979   -58  -43  -51  -17  -71  -68  -17  -25  -22  -53  -31  -27  -22  -36    0  -39    3  -12   43  -25  -52  -27  105  -45  -37  -63  186  -30   53  207  174  154  304  174  229  266  383  591  990  994  996  998
 16 Bugbrain              5856   -39  -43  -65  -18   11    1  -26   25   19   24   62   -6  -19   35   39    0   27  170   45  -12   12   72  149   37  -17   29   56   33   25   62   40   20   78  114  248  224  188  398  951  949  979  979
 17 Piedra                5573   -75  -89  -80  -42 -114  -31  -49  -14  -74  -54  -47  -32  -30   -9   -3  -27    0  -11   52  -29  -11   13  117  -49  -46  -16   53  -26  -24  206  171  157  237  163  264  187  366  591  991  988  999 1000
 18 ZQ Bot                5501  -290 -277 -310 -230 -108 -166 -134  -87  -16   -8   30  -51 -119  -34   12 -170   11    0   44  -64  -43   32  337  -27  -36  -51    7   74   29  261  170  154  279  108  930  277  390  593  997  989 1000  998
 19 * Anti-rotn           5070   -51  -78  -43  -67  -52  -41  -63  -43  -65  -35  -56  -46  -26  -42  -43  -45  -52  -44    0  -23    6  -15  242  490  -45  -44   12    6  -24   54  245   56   24  310   48  464  171  499  494 1000  997  995
 20 Majikthise            4884   -18  -43    0  -29   49    0   20   28   17   -1  -26   49  -33    0   25   12   29   64   23    0  -16    8  155   77   55   10   28   -1   51  233   86   27    8  131   56  237  146  456  -10  992  997  992
 21 Vroomfondel           4734    -1  -34   28   38   26   -2    3   41   24  -34  -17  -44    5   62   52  -12   11   43   -6   16    0   16  164   69   -2   31  -11   11   13  198   81   53   54  121  -45  242  135  460  -27  989  992  991
 22 Mixed Strategy        4726   -83  -97  -87  -16  -61  -58  -64 -133  -84  -72   -8   20  -75  -18   27  -72  -13  -32   15   -8  -16    0   40   27  -17  -12  -14  -21  -62   70   61  180   59  122  246  130  430  532  974  926  997  993
 23 Multi-strategy        2185  -269 -178 -199 -259 -256 -220 -310 -276 -377 -298 -265 -169 -235 -302 -105 -149 -117 -337 -242 -155 -164  -40    0 -153  -50  -20   62  252    8    2  156  123   29  301  500  490  417  999  997  997  999  998
 24 Inocencio             2106  -247 -191 -794 -200 -122 -591 -401  -55  -17 -102 -650  -64  -53  -18   45  -37   49   27 -490  -77  -69  -27  153    0   -9  -27   95  106  248  253  111  149   60   65  112  215  414  362  943  978  986  976
 25 * De Bruijn            671     8  -44   51   37   -8   79   11   18   -7   -7   46   58   83   75   37   17   46   36   45  -55    2   17   50    9    0   -1   19  -17   -8  -12   -5   23   12   -8  -26   43   13  128   -1   21    0 -114
 26 * Pi                   113   -29  -32  -15   43   35   21   18   64  -44   10    6   -9  -17   11   63  -29   16   51   44  -10  -31   12   20   27    1    0   -1    8  -10   -5   25  -81  -20  -15   12  -37   -8   30   22  -11  -11  -11
 27 * Add-drift          -1574   -83  -61 -247 -176    8 -263 -137   -1  -48  -49   16   21   -7   49 -186  -56  -53   -7  -12  -28   11   14  -62  -95  -19    1    0    2  -29  -28    0   -2    5    3  -49  -30   25  -47   -4   15   27    8
 28 * Copy-drift         -1771  -206  -40 -239  -29  -55 -245  -93   -1 -146  -35  -45  -54  -40  -43   30  -33   26  -74   -6    1  -11   21 -252 -106   17   -8   -2    0  -31  -36   19   14    7   29  -29  -32  -14  -24  -44    9    9   20
 29 * Foxtrot            -2394  -348 -408    9 -115 -420    4 -162   -4  -56 -445  -55  -24   43  -30  -53  -25   24  -29   24  -51  -13   62   -8 -248    8   10   29   31    0    9  -52  -57   16   28  -29    2  -48   28  -12  -28  -24   23
 30 Knucklehead          -2887  -562 -400 -262 -358 -543 -304 -477 -409 -443 -537 -309 -223 -483 -254 -207  -62 -206 -261  -54 -233 -198  -70   -2 -253   12    5   28   36   -9    0   15   26  102   -2  -28   22   33  165  854  994  996  974
 31 * Flat               -3083  -142 -146  -56  -47 -169  -75  -76  -29 -129 -203 -144  -30 -151 -183 -174  -40 -171 -170 -245  -86  -81  -61 -156 -111    5  -25    0  -19   52  -15    0  -18   -3  -21 -202   -6  -24  236  215   18   -2 -399
 32 * Text               -3131   -95  -73 -126 -189 -152 -154  -21 -184 -144 -172 -172  -90  -54 -181 -154  -20 -157 -154  -56  -27  -53 -180 -123 -149  -23   81    2  -14   57  -26   18    0    7  -30   32  -15    3 -185  -74  -11 -185  112
 33 * Add-react          -3278  -281 -291  -98 -305  -45 -107 -343  -95  -87  -59  -70  -32  -26 -134 -304  -78 -237 -279  -24   -8  -54  -59  -29  -60  -12   20   -5   -7  -16 -102    3   -7    0  -33   11   54    2    7  -10  -52   -5  -21
 34 * Switch A Lot       -3649   -43  -85 -216 -241 -206 -188 -124 -120 -172 -173 -145 -194  -95 -260 -174 -114 -163 -108 -310 -131 -121 -122 -301  -65    8   15   -3  -29  -28    2   21   30   33    0 -114  -14   12   -7  282   -8   16    6
 35 Peterbot             -6652  -823 -998 -764 -889 -776 -916 -934 -784 -303 -320 -926 -106 -103 -913 -229 -248 -264 -930  -48  -56   45 -246 -500 -112   26  -12   49   29   29   28  202  -32  -11  114    0  276  389  433  982  998  998  993
 36 Always Switchin'     -7252  -235 -239 -489 -480 -282 -416 -226 -439 -392 -301 -239 -438 -257 -234 -266 -224 -187 -277 -464 -237 -242 -130 -490 -215  -43   37   30   32   -2  -22    6   15  -54   14 -276    0   -8   -6  481  -46   -5   -6
 37 R-P-S 20-20-60       -9249  -378 -157 -407 -410 -383 -407 -274 -373 -329 -376 -392 -331 -325 -405 -383 -188 -366 -390 -171 -146 -135 -430 -417 -414  -13    8  -25   14   48  -33   24   -3   -2  -12 -389    8    0 -426 -161    1 -402  101
 38 Beat Frequent Pick  -14493  -897 -908 -591 -944 -894 -588 -593 -895 -753 -696 -592 -558 -574 -593 -591 -398 -591 -593 -499 -456 -460 -532 -999 -362 -128  -30   47   24  -28 -165 -236  185   -7    7 -433    6  426    0 -600    0  999  997
 39 Beat The Last Move  -19728  -984 -980 -993 -987 -995 -986 -993 -889 -991 -217 -994 -907 -589 -991 -990 -951 -991 -997 -494   10   27 -974 -997 -943    1  -22    4   44   12 -854 -215   74   10 -282 -982 -481  161  600    0    1 1000  997
 40 Rotate R-P-S        -26232  -991 -991 -995 -989 -997 -986 -993 -995 -990 -993 -996 -934 -991 -995 -994 -949 -988 -989 -1000 -992 -989 -926 -997 -978  -21   11  -15   -9   28 -994  -18   11   52    8 -998   46   -1    0   -1    0    0 -693
 41 Good Ole Rock       -26303  -992 -997 -997 -1000 -998 -995 -999 -998 -997 -1000 -999 -980 -999 -998 -996 -979 -999 -1000 -997 -997 -992 -997 -999 -986    0   11  -27   -9   24 -996    2  185    5  -16 -998    5  402 -999 -1000    0    0  999
 42 * Anti-Flat         -27781  -961 -965 -993 -1000 -997 -1000 -1000 -1000 -1000 -999 -996 -973 -997 -994 -998 -979 -1000 -998 -995 -992 -991 -993 -998 -976  114   11   -8  -20  -23 -974  399 -112   21   -6 -993    6 -101 -997 -997  693 -999    0

 Match results (draw <= 50): 

    Player Name           total  W  L  D   1  2  3  4  5  6  7  8  9 10 11 12 13 14 15 16 17 18 19 20 21 22 23 24 25 26 27 28 29 30 31 32 33 34 35 36 37 38 39 40 41 42
  1 Iocaine Powder          70  29  0 12   1  2  1  1  1  2  2  1  1  2  1  1  1  1  2  2  2  2  2  1  2  1  2  2  2  2  2  2  2  2  2  2  2  2  2  1  2  2  2  2  2  2
  2 Phasenbott              66  26  1 14   0  1  1  1  1  1  2  1  1  2  1  1  1  1  2  2  1  2  2  1  2  1  2  2  2  2  1  2  2  2  2  2  2  2  2  2  2  2  2  2  2  2
  3 Yomi AI                 64  23  0 18   1  1  1  1  1  1  1  1  1  1  2  1  1  1  2  2  2  2  1  1  2  1  1  2  2  2  1  1  2  2  2  2  2  2  2  2  2  2  2  2  2  2
  4 Biopic                  64  23  0 18   1  1  1  1  1  1  1  1  1  1  1  1  1  1  1  2  2  2  2  1  2  1  2  2  2  2  2  1  2  2  2  1  2  2  2  2  2  2  2  2  2  2
  5 Simple Modeller         64  25  2 14   1  1  1  1  1  1  1  1  0  1  1  1  1  2  2  2  2  2  1  0  2  1  2  2  2  2  2  2  1  2  2  2  2  2  2  2  2  2  2  2  2  2
  6 MegaHAL                 62  22  1 18   0  1  1  1  1  1  2  1  1  1  1  1  1  1  2  1  1  2  2  1  2  1  2  2  1  2  1  2  2  2  2  2  1  2  2  2  2  2  2  2  2  2
  7 RussRocker4             61  23  3 15   0  0  1  1  1  0  1  1  1  1  1  1  1  1  2  1  1  2  2  1  2  1  2  2  2  2  2  2  2  2  2  2  2  1  2  2  2  2  2  2  2  2
  8 Boom                    58  19  2 20   1  1  1  1  1  1  1  1  0  0  1  1  1  1  1  2  1  1  2  1  1  1  1  1  2  2  2  1  2  2  2  2  2  2  2  2  2  2  2  2  2  2
  9 Shofar                  58  18  1 22   1  1  1  1  2  1  1  2  1  1  1  1  1  1  1  1  1  2  1  0  1  1  2  2  1  2  2  1  1  2  2  1  1  2  2  2  2  2  2  2  2  2
 10 ACT-R Lag2              58  20  3 18   0  0  1  1  1  1  1  2  1  1  1  1  1  1  2  1  1  2  1  0  2  1  2  2  2  2  1  1  1  2  2  1  2  2  2  2  2  2  2  2  2  2
 11 Robertot                56  17  2 22   1  1  0  1  1  1  1  1  1  1  1  1  1  1  1  1  1  1  1  1  2  0  2  2  2  2  1  1  1  2  2  2  1  2  2  2  2  2  2  2  2  2
 12 Majikthise              56  15  0 26   1  1  1  1  1  1  1  1  1  1  1  1  1  1  1  1  1  1  1  2  1  1  2  2  1  2  1  1  2  2  2  1  2  1  1  2  2  2  2  2  2  2
 13 Vroomfondel             56  15  0 26   1  1  1  1  1  1  1  1  1  1  1  1  1  1  1  1  2  1  1  1  2  1  1  2  1  2  1  1  1  1  2  2  2  2  1  2  2  2  2  2  2  2
 14 Bugbrain                56  16  1 24   1  1  1  1  0  1  1  1  1  1  1  1  1  1  1  1  1  2  1  1  1  1  2  1  2  2  1  2  1  2  2  2  1  1  2  2  2  2  2  2  2  2
 15 Simple Predictor        53  20  8 13   0  0  0  1  0  0  0  1  1  0  1  1  1  1  1  1  2  1  1  0  1  1  2  2  2  2  2  2  1  2  2  2  2  2  2  2  2  2  2  2  2  2
 16 Piedra                  51  16  6 19   0  0  0  0  0  1  1  0  1  1  1  1  1  1  1  1  1  1  2  1  1  1  1  1  1  2  1  2  1  2  2  2  2  2  2  2  2  2  2  2  2  2
 17 Sweet Rocky             50  16  7 18   0  1  0  0  0  1  1  1  1  1  1  1  0  1  0  1  1  1  1  1  1  0  1  1  1  2  1  2  2  2  2  2  2  2  2  2  2  2  2  2  2  2
 18 Granite                 48  17 10 14   0  0  0  0  0  0  0  1  0  0  1  1  1  0  1  1  1  1  2  1  1  1  1  2  1  2  1  1  2  2  2  2  2  2  2  2  2  2  2  2  2  2
 19 * Anti-rotn             46  13  8 20   0  0  1  0  1  0  0  0  1  1  1  1  1  1  1  0  1  0  1  1  1  1  1  2  1  2  1  1  1  1  2  1  2  2  2  2  2  2  2  2  2  2
 20 * De Bruijn             45   6  2 33   1  1  1  1  2  1  1  1  2  2  1  0  1  1  2  1  1  1  1  1  2  1  1  1  1  1  1  1  1  1  1  1  1  1  1  1  2  1  1  1  1  0
 21 Marble                  44  14 11 16   0  0  0  0  0  0  0  1  1  0  0  1  0  1  1  1  1  1  1  0  1  1  1  1  1  2  1  1  1  2  2  2  2  2  2  2  2  2  2  2  2  2
 22 * Pi                    43   3  1 37   1  1  1  1  1  1  1  1  1  1  2  1  1  1  1  1  2  1  1  1  1  1  2  1  1  1  1  1  1  1  1  1  1  0  1  1  1  1  1  1  1  1
 23 ZQ Bot                  43  15 13 13   0  0  1  0  0  0  0  1  0  0  0  0  1  0  0  1  1  1  1  1  1  0  1  1  1  2  2  1  1  2  2  2  2  2  2  2  2  2  2  2  2  2
 24 Inocencio               43  17 15  9   0  0  0  0  0  0  0  1  0  0  0  0  0  1  0  1  1  0  0  1  1  1  1  1  1  2  2  2  2  2  2  2  2  2  2  2  2  2  2  2  2  2
 25 Mixed Strategy          42  13 12 16   0  0  0  0  0  1  0  0  1  0  0  1  1  0  0  1  1  1  1  1  1  1  1  1  1  1  1  1  0  2  2  2  2  2  2  2  2  2  2  2  2  2
 26 Multi-strategy          32  13 22  6   0  0  0  0  0  0  0  0  0  0  0  0  0  0  0  0  0  0  0  1  0  1  0  0  1  1  2  2  1  2  1  1  2  2  2  2  2  2  2  2  2  2
 27 * Copy-drift            31   0 10 31   0  1  1  0  0  1  0  0  0  1  1  1  1  1  0  1  1  1  1  1  1  1  0  0  1  0  1  1  1  1  1  1  1  1  1  1  1  1  1  1  1  1
 28 * Add-drift             30   0 11 30   0  0  1  1  0  0  0  1  1  1  1  1  1  0  0  0  0  1  1  1  1  1  1  0  1  0  1  1  1  1  1  1  1  1  1  1  1  1  1  1  1  1
 29 * Foxtrot               29   1 13 27   0  0  0  0  1  0  0  0  1  1  1  0  1  1  1  1  0  0  1  1  1  1  1  0  2  1  1  1  1  1  1  1  0  0  1  1  1  1  1  1  1  1
 30 Peterbot                28   9 22 10   0  0  0  0  0  0  0  0  0  0  0  0  1  0  0  0  0  0  1  1  0  1  0  0  0  0  1  1  1  1  1  1  2  1  2  2  2  2  2  2  2  2
 31 Knucklehead             24   6 23 12   0  0  0  0  0  0  0  0  0  0  0  0  0  0  0  0  0  0  0  1  0  1  0  0  0  1  1  1  1  1  1  2  1  1  2  1  2  1  2  2  1  2
 32 * Add-react             22   1 20 20   0  0  0  1  0  0  0  0  1  1  0  1  0  0  0  0  0  0  1  1  0  1  0  0  0  1  1  1  1  1  0  1  1  1  1  1  1  2  1  0  1  1
 33 * Flat                  22   3 22 16   0  0  0  0  0  1  0  0  1  0  1  0  0  1  0  0  0  0  0  1  0  1  0  0  0  0  1  1  2  0  1  1  1  1  2  1  2  1  1  1  1  0
 34 * Text                  20   3 24 14   0  0  0  0  0  0  1  0  0  0  0  1  0  1  0  0  0  0  0  1  0  2  0  0  0  0  1  1  2  1  1  1  1  1  0  1  0  1  0  1  1  2
 35 Beat The Last Move      19   5 27  9   0  0  0  0  0  0  0  0  0  0  0  1  1  0  0  0  0  0  0  1  0  1  0  0  0  0  1  1  1  0  0  1  0  2  1  0  2  0  2  1  2  2
 36 * Switch A Lot          18   1 24 16   1  0  0  0  0  0  0  0  0  0  0  0  0  0  0  0  0  0  0  1  0  1  0  0  0  0  1  1  1  0  1  1  1  1  2  1  1  1  1  1  1  1
 37 Beat Frequent Pick      16   4 29  8   0  0  0  0  0  0  0  0  0  0  0  0  0  0  0  0  0  0  0  0  0  1  0  0  0  0  1  1  1  0  0  1  0  2  0  1  1  1  2  1  2  2
 38 Always Switchin'        16   1 26 14   0  0  0  0  0  0  0  0  0  0  0  0  0  0  0  0  0  0  0  1  0  1  0  0  0  0  1  1  1  0  1  0  1  1  2  1  1  1  1  1  1  1
 39 Good Ole Rock           16   3 28 10   0  0  0  0  0  0  0  0  0  0  0  0  0  0  0  0  0  0  0  1  0  1  0  0  0  0  1  1  1  0  0  1  1  2  0  1  0  1  1  1  2  2
 40 Rotate R-P-S            15   1 27 13   0  0  0  0  0  0  0  0  0  0  0  0  0  0  0  0  0  0  0  1  0  1  0  0  0  0  1  1  1  0  0  2  1  1  1  1  1  1  1  1  1  0
 41 R-P-S 20-20-60          14   1 28 12   0  0  0  0  0  0  0  0  0  0  0  0  0  0  0  0  0  0  0  1  0  1  0  0  0  0  1  1  1  0  1  1  1  1  0  1  0  1  0  1  1  2
 42 * Anti-Flat             13   3 31  7   0  0  0  0  0  0  0  0  0  0  0  0  0  0  0  0  0  0  0  2  0  1  0  0  0  0  1  1  1  0  0  1  2  0  0  1  0  1  0  2  0  1


   Yomi AI is match ranked 3

 Tournament results:
    Player Name          total 
  1 Yomi AI               7385 
 19 Iocaine Powder       10633 
 20 Phasenbott           10258 
 21 MegaHAL               9417 
 22 RussRocker4           7801 
 23 Biopic                8738 
 24 Simple Modeller       9454 
 25 Simple Predictor      7802 
 26 Robertot              7716 
 27 Boom                  7476 

   Yomi is tournament ranked 10

