 Playing 1 tournaments with 1000 trials per match...

 Yomi AI            vs Good Ole Rock       Match: 1000 (1000+   0-   0=)
 Yomi AI            vs R-P-S 20-20-60      Match:  237 (492+ 255- 253=)
 Yomi AI            vs Rotate R-P-S        Match:  481 (659+ 178- 163=)
 Yomi AI            vs Beat The Last Move  Match:   -4 (335+ 339- 326=)
 Yomi AI            vs Always Switchin'    Match:  184 (466+ 282- 252=)
 Yomi AI            vs Beat Frequent Pick  Match:  376 (617+ 241- 142=)
 Yomi AI            vs * Pi                Match:   -1 (331+ 332- 337=)
 Yomi AI            vs * Switch A Lot      Match:   62 (374+ 312- 314=)
 Yomi AI            vs * Flat              Match:   82 (403+ 321- 276=)
 Yomi AI            vs * Anti-Flat         Match:  537 (697+ 160- 143=)
 Yomi AI            vs * Foxtrot           Match:  213 (489+ 276- 235=)
 Yomi AI            vs * De Bruijn         Match:  -63 (296+ 359- 345=)
 Yomi AI            vs * Text              Match:   64 (387+ 323- 290=)
 Yomi AI            vs * Anti-rotn         Match:  -14 (326+ 340- 334=)
 Yomi AI            vs * Copy-drift        Match:    4 (342+ 338- 320=)
 Yomi AI            vs * Add-react         Match:   56 (360+ 304- 336=)
 Yomi AI            vs * Add-drift         Match:   -1 (340+ 341- 319=)
 Yomi AI            vs Iocaine Powder      Match:  -20 (330+ 350- 320=)
 Yomi AI            vs Phasenbott          Match:  -59 (300+ 359- 341=)
 Yomi AI            vs MegaHAL             Match:   43 (368+ 325- 307=)
 Yomi AI            vs RussRocker4         Match:   -5 (355+ 360- 285=)
 Yomi AI            vs Biopic              Match:    9 (340+ 331- 329=)
 Yomi AI            vs Simple Modeller     Match:   15 (346+ 331- 323=)
 Yomi AI            vs Simple Predictor    Match:   17 (354+ 337- 309=)
 Yomi AI            vs Robertot            Match:    3 (344+ 341- 315=)
 Yomi AI            vs Boom                Match:   30 (346+ 316- 338=)
 Yomi AI            vs Shofar              Match:   -4 (340+ 344- 316=)
 Yomi AI            vs ACT-R Lag2          Match:   43 (372+ 329- 299=)
 Yomi AI            vs Majikthise          Match:   24 (341+ 317- 342=)
 Yomi AI            vs Vroomfondel         Match:  -11 (321+ 332- 347=)
 Yomi AI            vs Granite             Match:  106 (442+ 336- 222=)
 Yomi AI            vs Marble              Match:   58 (398+ 340- 262=)
 Yomi AI            vs ZQ Bot              Match:   62 (408+ 346- 246=)
 Yomi AI            vs Sweet Rocky         Match:   43 (373+ 330- 297=)
 Yomi AI            vs Piedra              Match:   36 (369+ 333- 298=)
 Yomi AI            vs Mixed Strategy      Match:   27 (355+ 328- 317=)
 Yomi AI            vs Multi-strategy      Match:  183 (474+ 291- 235=)
 Yomi AI            vs Inocencio           Match:   78 (429+ 351- 220=)
 Yomi AI            vs Peterbot            Match:  -56 (299+ 355- 346=)
 Yomi AI            vs Bugbrain            Match:   22 (364+ 342- 294=)
 Yomi AI            vs Knucklehead         Match:  373 (574+ 201- 225=)
Error: return value out of range.
Error: return value out of range.
Error: return value out of range.
Error: return value out of range.
Error: return value out of range.
Error: return value out of range.
Error: return value out of range.
Error: return value out of range.
Error: return value out of range.
Error: return value out of range.
Error: return value out of range.
Error: return value out of range.
Error: return value out of range.
Error: return value out of range.
Error: return value out of range.
Error: return value out of range.
Error: return value out of range.
Error: return value out of range.
Error: return value out of range.
Error: return value out of range.
Error: return value out of range.
 Final results (draw value = 50):

 Tournament results: 

    Player Name          total     1    2    3    4    5    6    7    8    9   10   11   12   13   14   15   16   17   18   19   20   21   22   23   24   25   26   27   28   29   30   31   32   33   34   35   36   37   38   39   40   41   42
  1 Iocaine Powder       10730     0  139   48   32   41   20  519  160   23   67  250  274   -5    7  299   38  -13   42   55   65   -1   20  262   23  -21  160  108  136  375  165  134  306   57  586  890  275  309  932  990  985  990  988
  2 Phasenbott            9867  -139    0   15   57   37   68  538  111    7  108  196  213   38   24  247   25   70   70  -47   -6    6   59  209   46    2  176   84  104  350   84   70  300  143  381  946  238  135  947  980  988  992  995
  3 MegaHAL               9376   -48  -15    0   16   -3  -11   85   29   27   -2  194  248   34   -8  252    7    9   46  -13   58  -27  -43  191  -32   -4  187  223   10  109  161  189  267  230  344  888  424  420  952  991  992  999 1000
  4 Simple Modeller       8807   -32  -57  -16    0   36  -31    8  232   11    6  127   47   24   31  303   54   54   70    1   98  -60  -15  148   16  -14  792  204  249   34   61  155   99  231  242  329  446  355  591  995  989  998  996
  5 Biopic                8263   -41  -37    3  -36    0   19  -24   29   93   31   88  111   40    6   90    2   23   38   33   47    2   -9  150  -34   21  137    8   42  413  154  130   57  171  485  745  298  411  587  993  993  996  998
  6 Robertot              7881   -20  -68   11   31  -19    0  -43   39   27  -17   56   72   64   -3   79   27   27   45  -20   47  -11   -3  231  -19  -13   26    1   99  -24   32  162   75  111  392  928  486  399  807  884  992  998  993
  7 RussRocker4           7820  -519 -538  -85   -8   24   43    0   79   71   17  187  145   35  -36  178    1   35   82  -13   73   19    5  352  -96   15  103  118  160  197  117   81  305  125  464  936  281  285  605  988  994  999  996
  8 Simple Predictor      7518  -160 -111  -29 -232  -29  -39  -79    0  -20  -23   -8   46   51  -17  145    9   57   45  -46   47  -27  -17  220  -79  -14  671  288  275   -8  115  149  123  198  317  304  410  435  587  986  989  993  996
  9 Boom                  6899   -23   -7  -27  -11  -93  -27  -71   20    0  -25   29   69   48  -41   31  -36    4   53  -25   27  -19  -30  148   28  -38   10   72   53   10   -9  125  114  187  379  419  428  396  753  991  990  997 1000
 10 ACT-R Lag2            6564   -67 -108    2   -6  -31   17  -17   23   25    0  184  127   35   22   73    4    9   31    8   88  -21  -43  337  -70   17  645   45   -2   25   73   57   12  179  464  247  288  289  576   46  991  996  994
 11 Granite               6414  -250 -196 -194 -127  -88  -56 -187    8  -29 -184    0   10   58  -46   56  -57   17   61  -52    7  -44 -106  288  -58   14  649   33   18   28  168  180   87  123  277  834  204  396  594  990  995  999  994
 12 Marble                6358  -274 -213 -248  -47 -111  -72 -145  -46  -69 -127  -10    0    8  -79   60 -131   25   48  -40   20   -1  -58  312  -85   -6  648   27   30   12  167  181  108  144  260  829  250  419  594  994  995  998  991
 13 Piedra                6299     5  -38  -34  -24  -40  -64  -35  -51  -48  -35  -58   -8    0  -18  -47  -65  -65   62   27   -3  -42  -36   67  -39  -10  510   52   28   -2  161  186  225  107  198  312  132  425  591  989  991 1000  993
 14 Shofar                6267    -7  -24    8  -31   -6    3   36   17   41  -22   46   79   18    0   58   18   39   47  -15   99    5    4  106  -44  -34   52  -20  122    8  122   57   81  135  129  119  435  251  556  905  928  988  958
 15 ZQ Bot                6133  -299 -247 -252 -303  -90  -79 -178 -145  -31  -73  -56  -60   47  -58    0 -170   42   59  -67  -10  -35  -62  292  -85  -10  786   61  -10   61  197  153  247  150  269  947  201  363  592  994  994  998 1000
 16 Bugbrain              5931   -38  -25   -7  -54   -2  -27   -1   -9   36   -4   57  131   65  -18  170    0   52   48  -20   55  -11  -22   64  -23  -10   72  125   58   -3  -29   75   90  130  157  247  208  196  400  890  967  975  966
 17 Sweet Rocky           5890    13  -70   -9  -54  -23  -27  -35  -57   -4   -9  -17  -25   65  -39  -42  -52    0   25  -54  -41  -16  -43  141  -10  -16  -52   60   71  -21  117  158  266  118  195  118  279  418  592  992  986  996  996
 18 * Anti-rotn           5229   -42  -70  -46  -70  -38  -45  -82  -45  -53  -31  -61  -48  -62  -47  -59  -48  -25    0  -16   13   15   14  240  -36  -45  442   -1   51   -8  214   58    5  311   34   57  497  171  597  496  997 1000  995
 19 Majikthise            4802   -55   47   13   -1  -33   20   13   46   25   -8   52   40  -27   15   67   20   54   16    0   63    6  -24  143  -23   31   37   42   -6    7   43   38   18  103  167  -37  328  163  437  -18  992  994  994
 20 Mixed Strategy        4784   -65    6  -58  -98  -47  -47  -73  -47  -27  -88   -7  -20    3  -99   10  -55   41  -13  -63    0  -43  -27  -22  -77  -21   -4   18   52   35   46  174   26   56  209  161   94  396  519  972  972  996  999
 21 Vroomfondel           4735     1   -6   27   60   -2   11  -19   27   19   21   44    1   42   -5   35   11   16  -15   -6   43    0   11  145  -13   13   71   29    1   -5   98   27   23   72  176   -7  290  155  424  -49  995  992  982
 22 Yomi AI               4230   -20  -59   43   15    9    3   -5   17   30   43  106   58   36   -4   62   22   43  -14   24   27  -11    0  183  -63   -1   78   -1    4  213   82   64   56   62  373  -56  184  237  376   -4  481 1000  537
 23 Multi-strategy        2281  -262 -209 -191 -148 -150 -231 -352 -220 -148 -337 -288 -312  -67 -106 -292  -64 -141 -240 -143   22 -145 -183    0  -50  -20 -112    6  277  -32  144  123   44  263   27  -42  485  384  999  997  997  999  999
 24 * De Bruijn            809   -23  -46   32  -16   34   19   96   79  -28   70   58   85   39   44   85   23   10   36   23   77   13   63   50    0   -1    8  -16  -16  -25  -10   23   27  -12   17   -5  -15  -20  128   -1   21    0 -117
 25 * Pi                   151    21   -2    4   14  -21   13  -15   14   38  -17  -14    6   10   34   10   10   16   45  -31   21  -13    1   20    1    0    1   31  -15   44   35  -81  -20   -1  -21    0  -22   16   30   22  -11  -11  -11
 26 Inocencio               95  -160 -176 -187 -792 -137  -26 -103 -671  -10 -645 -649 -648 -510  -52 -786  -72   52 -442  -37    4  -71  -78  112   -8   -1    0   25   76  307  165  153   73   91  242  196  259  386  357  919  981  979  979
 27 * Add-drift          -1680  -108  -84 -223 -204   -8   -1 -118 -288  -72  -45  -33  -27  -52   20  -61 -125  -60    1  -42  -18  -29    1   -6   16  -31  -25    0  -17  -38  -12  -21   11   -5   11   26  -19  -11   25  -19   20   -4   -5
 28 * Copy-drift         -1891  -136 -104  -10 -249  -42  -99 -160 -275  -53    2  -18  -30  -28 -122   10  -58  -71  -51    6  -52   -1   -4 -277   16   15  -76   17    0  -25  -64    6   54   -5  -73   33  -28   11   -3   -5    4   25   29
 29 * Foxtrot            -2156  -375 -350 -109  -34 -413   24 -197    8  -10  -25  -28  -12    2   -8  -61    3   21    8   -7  -35    5 -213   32   25  -44 -307   38   25    0  -19   -9  -28  -23  -31   -8    7    7   -2  -11  -24   -1   23
 30 * Flat               -2626  -165  -84 -161  -61 -154  -32 -117 -115    9  -73 -168 -167 -161 -122 -197   29 -117 -214  -43  -46  -98  -82 -144   10  -35 -165   12   64   19    0   16    8   17  -12 -154   -3   41  220  229    6   -1 -415
 31 * Text               -2999  -134  -70 -189 -155 -130 -162  -81 -149 -125  -57 -180 -181 -186  -57 -153  -75 -158  -58  -38 -174  -27  -64 -123  -23   81 -153   21   -6    9  -16    0   12   56   50   12   29   -3 -185  -74  -11 -185  113
 32 * Add-react          -3118  -306 -300 -267  -99  -57  -75 -305 -123 -114  -12  -87 -108 -225  -81 -247  -90 -266   -5  -18  -26  -23  -56  -44  -27   20  -73  -11  -54   28   -8  -12    0  -23  -65  -64  -40   -9   10   81   48    6    9
 33 * Switch A Lot       -3287   -57 -143 -230 -231 -171 -111 -125 -198 -187 -179 -123 -144 -107 -135 -150 -130 -118 -311 -103  -56  -72  -62 -263   12    1  -91    5    5   23  -17  -56   23    0   -1 -151  -46   85  -28  359   10  -15    1
 34 Knucklehead          -3966  -586 -381 -344 -242 -485 -392 -464 -317 -379 -464 -277 -260 -198 -129 -269 -157 -195  -34 -167 -209 -176 -373  -27  -17   21 -242  -11   73   31   12  -50   65    1    0  -46   -1   47  123  479  172  952  950
 35 Peterbot             -4932  -890 -946 -888 -329 -745 -928 -936 -304 -419 -247 -834 -829 -312 -119 -947 -247 -118  -57   37 -161    7   56   42    5    0 -196  -26  -33    8  154  -12   64  151   46    0  236  390  441  963  998  998  995
 36 Always Switchin'     -6937  -275 -238 -424 -446 -298 -486 -281 -410 -428 -288 -204 -250 -132 -435 -201 -208 -279 -497 -328  -94 -290 -184 -485   15   22 -259   19   28   -7    3  -29   40   46    1 -236    0   33   21  531  -15   19   -8
 37 R-P-S 20-20-60       -9006  -309 -135 -420 -355 -411 -399 -285 -435 -396 -289 -396 -419 -425 -251 -363 -196 -418 -171 -163 -396 -155 -237 -384   20  -16 -386   11  -11   -7  -41    3    9  -85  -47 -390  -33    0 -407 -163   13 -442  374
 38 Beat Frequent Pick  -13939  -932 -947 -952 -591 -587 -807 -605 -587 -753 -576 -594 -594 -591 -556 -592 -400 -592 -597 -437 -519 -424 -376 -999 -128  -30 -357  -25    3    2 -220  185  -10   28 -123 -441  -21  407    0 -600    0  999 1000
 39 Beat The Last Move  -18705  -990 -980 -991 -995 -993 -884 -988 -986 -991  -46 -990 -994 -989 -905 -994 -890 -992 -496   18 -972   49    4 -997    1  -22 -919   19    5   11 -229   74  -81 -359 -479 -963 -531  163  600    0    1 1000  996
 40 Rotate R-P-S        -25086  -985 -988 -992 -989 -993 -992 -994 -989 -990 -991 -995 -995 -991 -928 -994 -967 -986 -997 -992 -972 -995 -481 -997  -21   11 -981  -20   -4   24   -6   11  -48  -10 -172 -998   15  -13    0   -1    0    0 -680
 41 Good Ole Rock       -26212  -990 -992 -999 -998 -996 -998 -999 -993 -997 -996 -999 -998 -1000 -988 -998 -975 -996 -1000 -994 -996 -992 -1000 -999    0   11 -979    4  -25    1    1  185   -6   15 -952 -998  -19  442 -999 -1000    0    0 1000
 42 * Anti-Flat         -27593  -988 -995 -1000 -996 -998 -993 -996 -996 -1000 -994 -994 -991 -993 -958 -1000 -966 -996 -995 -994 -999 -982 -537 -999  117   11 -979    5  -29  -23  415 -113   -9   -1 -950 -995    8 -374 -1000 -996  680 -1000    0

 Match results (draw <= 50): 

    Player Name           total  W  L  D   1  2  3  4  5  6  7  8  9 10 11 12 13 14 15 16 17 18 19 20 21 22 23 24 25 26 27 28 29 30 31 32 33 34 35 36 37 38 39 40 41 42
  1 Phasenbott              69  29  1 11   1  0  1  2  2  1  1  1  2  2  1  2  2  1  1  1  2  1  2  2  2  1  2  2  1  2  2  2  2  2  2  2  2  2  2  2  2  2  2  2  2  2
  2 Iocaine Powder          68  27  0 14   2  1  1  1  2  1  1  1  1  2  1  1  2  2  1  1  1  1  1  2  2  2  2  2  1  2  2  2  2  2  2  2  2  2  2  2  2  2  2  2  2  2
  3 MegaHAL                 63  22  0 19   1  1  1  1  2  1  1  1  1  1  1  1  1  1  1  1  1  1  1  2  2  2  2  2  1  2  2  2  2  1  2  2  2  2  2  2  2  2  2  2  2  2
  4 Simple Modeller         63  24  2 15   0  1  1  1  1  2  1  1  1  2  1  1  1  1  0  1  2  1  2  2  1  2  2  2  1  1  2  2  2  2  2  2  2  2  2  2  2  2  2  2  2  2
  5 RussRocker4             62  25  4 12   0  0  0  1  1  1  1  1  1  2  2  1  1  1  1  1  1  0  2  2  2  2  2  2  1  2  2  2  2  2  2  2  2  2  2  2  2  2  2  2  2  2
  6 Bugbrain                62  22  1 18   1  1  1  0  1  1  1  1  1  1  1  1  1  1  1  2  2  1  1  2  2  2  2  2  1  1  2  2  2  2  2  1  2  2  2  2  2  2  2  2  2  2
  7 Biopic                  61  20  0 21   1  1  1  1  1  1  1  1  1  1  2  1  1  1  1  1  1  1  1  2  2  1  2  2  1  2  2  1  2  1  2  2  2  2  2  2  2  2  2  2  2  2
  8 Shofar                  60  19  0 22   1  1  1  1  1  1  1  1  1  1  1  1  1  1  1  1  1  1  1  1  2  2  2  2  1  1  2  1  2  2  2  2  2  2  2  2  2  2  2  2  2  2
  9 Robertot                58  18  1 22   0  1  1  1  1  1  1  1  1  1  1  1  1  1  1  2  1  1  1  2  2  1  2  1  1  1  2  1  2  2  2  1  2  2  2  2  2  2  2  2  2  2
 10 Simple Predictor        56  20  5 16   0  0  1  0  0  1  1  1  1  1  1  1  1  1  1  2  2  0  1  1  1  1  2  2  1  1  2  2  2  2  2  2  2  2  2  2  2  2  2  2  2  2
 11 Boom                    56  17  2 22   1  1  1  1  0  1  0  1  1  1  1  1  1  1  1  1  1  1  2  1  2  1  1  1  1  1  2  2  2  2  2  1  2  2  2  2  2  2  2  2  2  2
 12 Yomi AI                 55  17  3 21   0  1  1  1  1  1  1  1  1  1  1  1  1  1  1  1  1  0  1  2  2  1  2  2  1  2  0  1  2  1  2  2  2  1  2  2  2  2  2  2  2  2
 13 ACT-R Lag2              55  17  3 21   0  0  1  1  1  1  1  1  1  1  1  1  1  1  1  1  1  0  1  2  2  2  2  2  1  1  2  1  2  1  2  2  1  1  2  2  2  2  2  2  2  2
 14 Majikthise              53  13  1 27   1  0  1  1  1  1  1  1  1  1  1  1  1  1  1  1  2  1  1  2  1  2  2  1  1  1  1  1  2  1  2  1  1  1  1  2  2  2  2  2  2  2
 15 Vroomfondel             53  12  0 29   1  1  1  2  1  1  1  1  1  1  1  1  1  1  1  1  1  1  1  1  1  1  1  2  1  1  1  1  2  1  2  2  1  1  1  2  2  2  2  2  2  2
 16 Piedra                  53  17  5 19   1  1  1  1  1  0  1  1  0  0  1  1  1  1  1  1  0  1  2  0  1  1  1  2  1  1  2  2  2  1  2  2  2  2  2  2  2  2  2  2  2  2
 17 Sweet Rocky             52  17  6 18   0  1  1  0  1  0  1  1  1  0  1  1  1  0  1  2  1  1  1  1  1  1  1  0  1  1  2  2  2  2  2  2  2  2  2  2  2  2  2  2  2  2
 18 * De Bruijn             49   9  1 31   1  1  1  1  2  1  1  1  1  2  1  2  2  1  1  1  1  1  1  2  2  2  2  1  1  1  1  1  1  1  1  1  1  1  1  1  1  2  1  1  1  0
 19 * Anti-rotn             48  14  7 20   0  1  1  0  0  1  1  1  1  1  0  1  1  1  1  0  1  1  1  0  1  1  0  2  1  1  2  1  2  2  1  2  1  2  2  2  2  2  2  2  2  2
 20 Granite                 47  18 12 11   0  0  0  0  0  0  0  1  0  1  1  0  0  0  1  2  1  0  2  1  1  1  2  2  1  1  2  1  2  1  2  2  2  2  2  2  2  2  2  2  2  2
 21 Marble                  45  16 12 13   0  0  0  1  0  0  0  0  0  1  0  0  0  1  1  1  1  0  1  1  1  1  2  2  1  1  2  1  2  1  2  2  2  2  2  2  2  2  2  2  2  2
 22 Mixed Strategy          44  12  9 20   1  0  0  0  0  0  1  0  1  1  1  1  0  0  1  1  1  0  1  1  1  1  1  1  1  1  2  1  1  2  2  1  1  2  2  2  2  2  2  2  2  2
 23 ZQ Bot                  43  18 16  7   0  0  0  0  0  0  0  0  0  0  1  0  0  0  1  1  1  0  2  0  0  1  1  2  1  2  2  2  2  1  2  2  2  2  2  2  2  2  2  2  2  2
 24 Inocencio               41  17 17  7   0  0  0  0  0  0  0  0  1  0  1  0  0  1  0  0  2  1  0  0  0  1  0  1  1  2  2  1  2  2  2  2  2  2  2  2  2  2  2  2  2  2
 25 * Pi                    40   0  1 40   1  1  1  1  1  1  1  1  1  1  1  1  1  1  1  1  1  1  1  1  1  1  1  1  1  1  1  1  1  1  1  1  1  1  0  1  1  1  1  1  1  1
 26 * Foxtrot               33   0  8 33   0  0  0  1  0  1  0  1  1  1  1  0  1  1  1  1  1  1  1  1  1  1  0  0  1  1  1  1  1  1  1  1  1  1  1  1  1  1  1  1  1  1
 27 Peterbot                32  11 20 10   0  0  0  0  0  0  0  0  0  0  0  2  0  1  1  0  0  1  0  0  0  0  0  0  1  1  1  1  1  1  1  2  2  2  1  2  2  2  2  2  2  2
 28 * Add-drift             30   0 11 30   0  0  0  0  0  0  1  1  1  0  0  1  1  1  1  0  0  1  1  1  1  1  0  1  1  1  1  1  1  1  1  1  1  1  1  1  1  1  1  1  1  1
 29 Multi-strategy          30  11 22  8   0  0  0  0  0  0  0  0  0  0  0  0  0  0  0  0  0  1  0  0  0  1  0  0  1  1  1  1  1  2  1  2  1  2  2  2  2  2  2  2  2  2
 30 * Copy-drift            26   1 16 24   0  0  1  0  0  0  1  0  0  0  0  1  1  1  1  1  0  1  0  1  1  0  1  0  1  1  1  1  0  1  0  0  2  1  1  1  1  1  1  1  1  1
 31 Knucklehead             26   7 22 12   0  0  0  0  0  0  0  0  0  0  0  0  0  0  0  0  0  1  1  0  0  0  0  0  1  1  1  1  1  2  1  1  2  2  1  1  1  2  2  2  1  2
 32 * Flat                  23   3 21 17   0  0  0  0  0  1  0  0  1  0  1  0  0  1  0  0  0  1  0  0  0  1  0  0  1  1  0  1  0  2  1  1  1  2  1  1  1  2  1  1  1  0
 33 * Add-react             21   1 21 19   0  0  0  0  0  0  0  0  0  0  0  0  1  1  1  0  0  1  1  0  0  1  0  0  1  1  0  1  1  0  0  1  1  2  1  1  1  1  1  1  1  1
 34 Beat The Last Move      20   5 26 10   0  0  0  0  0  0  0  0  0  0  0  1  1  1  1  0  0  1  0  0  0  0  0  0  1  1  0  1  0  1  0  0  0  1  2  0  0  2  2  1  2  2
 35 * Text                  19   3 25 13   0  0  0  0  0  0  0  0  0  0  0  0  0  1  1  0  0  1  0  0  0  0  0  0  2  1  1  1  0  1  1  1  1  0  1  2  1  0  0  1  1  2
 36 * Switch A Lot          17   2 26 13   0  0  0  0  0  0  0  0  0  0  0  0  0  0  0  0  0  1  0  0  0  0  0  0  1  1  0  1  0  1  1  1  1  2  0  1  1  1  1  1  2  1
 37 Always Switchin'        17   1 25 15   0  0  0  0  0  0  0  0  0  0  0  0  0  0  0  0  0  1  0  0  0  0  0  0  1  1  0  1  0  1  1  1  1  2  1  1  1  1  1  1  1  1
 38 Beat Frequent Pick      16   4 29  8   0  0  0  0  0  0  0  0  0  0  0  0  0  0  0  0  0  0  0  0  0  0  0  0  1  1  0  1  0  1  0  0  1  0  2  1  1  1  2  1  2  2
 39 Good Ole Rock           16   3 28 10   0  0  0  0  0  0  0  0  0  0  0  0  0  0  0  0  0  1  0  0  0  0  0  0  1  1  0  1  0  1  0  1  1  0  2  1  1  0  1  1  2  2
 40 Rotate R-P-S            14   0 27 14   0  0  0  0  0  0  0  0  0  0  0  0  0  0  0  0  0  1  0  0  0  0  0  0  1  1  0  1  0  1  0  1  1  1  1  1  1  1  1  1  1  0
 41 R-P-S 20-20-60          13   1 29 11   0  0  0  0  0  0  0  0  0  0  0  0  0  0  0  0  0  1  0  0  0  0  0  0  1  1  0  1  0  1  1  1  1  0  1  0  1  0  0  1  1  2
 42 * Anti-Flat             13   3 31  7   0  0  0  0  0  0  0  0  0  0  0  0  0  0  0  0  0  2  0  0  0  0  0  0  1  1  0  1  0  1  0  2  1  0  0  1  1  0  0  2  0  1


   Yomi AI is match ranked 12

 Tournament results:
    Player Name          total 
  1 Yomi AI               4230 
 15 * Anti-rotn           5229 
 19 Iocaine Powder       10730 
 20 Phasenbott            9867 
 21 MegaHAL               9376 
 22 RussRocker4           7820 
 23 Biopic                8263 
 24 Simple Modeller       8807 
 25 Simple Predictor      7518 
 26 Robertot              7881 
 27 Boom                  6899 
 28 Shofar                6267 
 29 ACT-R Lag2            6564 
 30 Majikthise            4802 
 31 Vroomfondel           4735 
 32 Granite               6414 
 33 Marble                6358 
 34 ZQ Bot                6133 
 35 Sweet Rocky           5890 
 36 Piedra                6299 
 37 Mixed Strategy        4784 
 41 Bugbrain              5931 

   Yomi is tournament ranked 22

