 Playing 1 tournaments with 1000 trials per match...

 Yomi AI            vs Good Ole Rock       Match: 1000 (1000+   0-   0=)
 Yomi AI            vs R-P-S 20-20-60      Match:  199 (471+ 272- 257=)
 Yomi AI            vs Rotate R-P-S        Match:  506 (711+ 205-  84=)
 Yomi AI            vs Beat The Last Move  Match:   60 (375+ 315- 310=)
 Yomi AI            vs Always Switchin'    Match:  127 (428+ 301- 271=)
 Yomi AI            vs Beat Frequent Pick  Match:  433 (672+ 239-  89=)
 Yomi AI            vs * Pi                Match:   -4 (335+ 339- 326=)
 Yomi AI            vs * Switch A Lot      Match:   83 (388+ 305- 307=)
 Yomi AI            vs * Flat              Match:   77 (380+ 303- 317=)
 Yomi AI            vs * Anti-Flat         Match:  983 (984+   1-  15=)
 Yomi AI            vs * Foxtrot           Match:  286 (524+ 238- 238=)
 Yomi AI            vs * De Bruijn         Match:  -48 (310+ 358- 332=)
 Yomi AI            vs * Text              Match:   85 (401+ 316- 283=)
 Yomi AI            vs * Anti-rotn         Match:   31 (347+ 316- 337=)
 Yomi AI            vs * Copy-drift        Match:   16 (345+ 329- 326=)
 Yomi AI            vs * Add-react         Match:   74 (367+ 293- 340=)
 Yomi AI            vs * Add-drift         Match:   20 (343+ 323- 334=)
 Yomi AI            vs Iocaine Powder      Match:  -38 (331+ 369- 300=)
 Yomi AI            vs Phasenbott          Match:  -10 (349+ 359- 292=)
 Yomi AI            vs MegaHAL             Match:  -34 (314+ 348- 338=)
 Yomi AI            vs RussRocker4         Match:  -16 (343+ 359- 298=)
 Yomi AI            vs Biopic              Match:  -34 (360+ 394- 246=)
 Yomi AI            vs Simple Modeller     Match:  -27 (323+ 350- 327=)
 Yomi AI            vs Simple Predictor    Match:   45 (383+ 338- 279=)
 Yomi AI            vs Robertot            Match:  -30 (361+ 391- 248=)
 Yomi AI            vs Boom                Match:   18 (347+ 329- 324=)
 Yomi AI            vs Shofar              Match:   28 (363+ 335- 302=)
 Yomi AI            vs ACT-R Lag2          Match:    4 (347+ 343- 310=)
 Yomi AI            vs Majikthise          Match:  -28 (344+ 372- 284=)
 Yomi AI            vs Vroomfondel         Match:   -1 (344+ 345- 311=)
 Yomi AI            vs Granite             Match:   82 (440+ 358- 202=)
 Yomi AI            vs Marble              Match:   90 (448+ 358- 194=)
 Yomi AI            vs ZQ Bot              Match:   44 (381+ 337- 282=)
 Yomi AI            vs Sweet Rocky         Match:   31 (365+ 334- 301=)
 Yomi AI            vs Piedra              Match:   34 (368+ 334- 298=)
 Yomi AI            vs Mixed Strategy      Match:   24 (360+ 336- 304=)
 Yomi AI            vs Multi-strategy      Match:  122 (428+ 306- 266=)
 Yomi AI            vs Inocencio           Match:   76 (398+ 322- 280=)
 Yomi AI            vs Peterbot            Match:  113 (412+ 299- 289=)
 Yomi AI            vs Bugbrain            Match:  -10 (341+ 351- 308=)
 Yomi AI            vs Knucklehead         Match:  334 (581+ 247- 172=)
 Final results (draw value = 50):

 Tournament results: 

    Player Name          total     1    2    3    4    5    6    7    8    9   10   11   12   13   14   15   16   17   18   19   20   21   22   23   24   25   26   27   28   29   30   31   32   33   34   35   36   37   38   39   40   41   42
  1 Iocaine Powder       10669     0  221   39   39   23   34   14  513  136   48   67   43  217   38  238  -26  311   -5   65   -9   75   38  260    8   -1  209  179  117  327  544  125   96  332   74  159  863  397  901  990  985 1000  985
  2 Phasenbott            9668  -221    0   54  -21    6   14   35  509  131   51   30  -23  197   87  220   49  269   81   42   16    7   10  186   39  -18  155  145   -4  380  426  145   89  327  107  194  898  161  924  991  993  996  991
  3 MegaHAL               9273   -39  -54    0   -9   23    1   66   65   77  -12    2  -31  238   11  274  -12  265   45   43    9  -18   34  144  -69  -29  214  192   61   45  372   83  133  275  203  455  881  409  948  990  993  999  996
  4 Simple Modeller       9153   -39   21    9    0   -6   26  -73  -24  289   85   44   20  100   39   44   53  323   35   47   34  -18   27  195   -3  -47  412  206  282  -21  193   87  115  116  235  449  936  393  591  990  993  998  997
  5 Biopic                8654   -23   -6  -23    6    0  -27  -48   15   30   32   17  -16  130   63  157  -11   84   40   55   14   -4   34  212   -3   13  124   -2   54  392  463  173  154   51  199  295  746  393  893  989  996  996  997
  6 Boom                  7706   -34  -14   -1  -26   27    0   26  -28   62   37  -21  -13   55   66  -55  -44   13    4   45  -29  -28  -18  262   52   23   42   64   75   12  500  -13  114  109  179  503  657  378  753  991  990  997  994
  7 Robertot              7613   -14  -35  -66   73   48  -26    0  -30   42   65   33  -22  -12    4   20   -6  121  -12   61   -3  -56   30  257    9   -1   39  -10  108  -11  445   54  184   95   76  438  625  414  882  806  993 1000  995
  8 RussRocker4           7540  -513 -509  -65   24  -15   28   30    0   82   47   32  -22  145  -24  108   -8  168  107   52  -21   -6   16  287  -53  -48  114  105  165  154  444  111   46  322  127  250  931  326  622  994  993  999  995
  9 Simple Predictor      7327  -136 -131  -77 -289  -30  -62  -42  -82    0   39  -34   -2   74   46   66    2  181   43   58  -24   13  -45  220  -79   19  403  253  276    0  341  124  149  178  193  415  335  374  587  985  990  996 1000
 10 Sweet Rocky           7230   -48  -51   12  -85  -32  -37  -65  -47  -39    0  -68  -19  -20  -41  -13   -5  -39   33   57  -47  -28  -31   94  -15  -30  744   11   61   45  178  128  141  264   94  139  993  427  594  999  987  996  993
 11 ACT-R Lag2            6869   -67  -30   -2  -44  -17   21  -33  -32   34   68    0    4  116   71   96   25   91   38   43  -24  -14   -4  307  -77  -36  588  -54    0  -43  445  132   86   49  152  250   74  326  561  783  992  998  996
 12 Shofar                6758   -43   23   31  -20   16   13   22   22    2   19   -4    0   45   27   24  -21   54   51   44  -19  -12  -28  148  -43    5   29    5  109   55  231   80  138   98   81  437  449  334  554  901  931  988  982
 13 Granite               6411  -217 -197 -238 -100 -130  -55   12 -145  -74   20 -116  -45    0   32   56 -138    3   65   49  -32  -35  -82  323  -29  -18  527   -8   68   51  272  165  177   68  131  224  864  389  594  989  997  999  995
 14 Piedra                6351   -38  -87  -11  -39  -63  -66   -4   24  -46   41  -71  -27  -32    0  -10  -34  -44    9   30  -39  -60  -34   15  -13  -36  808   60  -13    7  223   90  188  212   89  132  218  405  592  987  992  998  998
 15 Marble                6269  -238 -220 -274  -44 -157   55  -20 -108  -66   13  -96  -24  -56   10    0  -74  -10   15   66  -45  -42  -90  205 -100  -11  648   12   20   66  325  165  181   76  142  203  770  397  594  991  995  999  996
 16 Bugbrain              6132    26  -49   12  -53   11   44    6    8   -2    5  -25   21  138   34   74    0  144   86   59   -2  -10   10  178  -25   49   21  109   77  -23  174   50   62  103   17  222  250  173  366  890  941  970  991
 17 ZQ Bot                5500  -311 -269 -265 -323  -84  -13 -121 -168 -181   39  -91  -54   -3   44   10 -144    0   -3   73  -54  -35  -44  271  -78    5  -25   83   78   21  276  153  156  263  193  318  825  378  594  993  996  997 1000
 18 Mixed Strategy        5467     5  -81  -45  -35  -40   -4   12 -107  -43  -33  -38  -51  -65   -9  -15  -86    3    0   42  -80  -33  -24  -17  -72  -38  692  -12   65   47  129   15  177   11  169   56  205  337  516  982  935  999  998
 19 * Anti-rotn           5204   -65  -42  -43  -47  -55  -45  -61  -52  -58  -57  -43  -44  -49  -30  -66  -59  -73  -42    0   -4   22  -31  204  -45  -62  526  -17   30    8   55  242   58   -8  330  510   93  145  598  497  996  997  991
 20 Vroomfondel           4981     9  -16   -9  -34  -14   29    3   21   24   47   24   19   32   39   45    2   54   80    4    0   -6    1  190  -21   41  117   40   -3   37  198   27   32  -19  139  289   11  130  441    8  992  994  984
 21 Majikthise            4910   -75   -7   18   18    4   28   56    6  -13   28   14   12   35   60   42   10   35   33  -22    6    0   28  212  -77  -15   91   41    5    7  200  110   19   36  116  241   25  162  462   -4  992  996  975
 22 Yomi AI               4745   -38  -10  -34  -27  -34   18  -30  -16   45   31    4   28   82   34   90  -10   44   24   31   -1  -28    0  122  -48   -4   76   20   16  286  334   77   85   74   83  127  113  199  433   60  506 1000  983
 23 Multi-strategy        2357  -260 -186 -144 -195 -212 -262 -257 -287 -220  -94 -307 -148 -323  -15 -205 -178 -271   17 -204 -190 -212 -122    0  -50  -20  -82    7  289   -5   85  138  123   52  308  457  -77  418  999  997  997  999  997
 24 * De Bruijn            757    -8  -39   69    3    3  -52   -9   53   79   15   77   43   29   13  100   25   78   72   45   21   77   48   50    0   -1   13  -24   -3    6  -19    8   23    0  -35    2  -21  -27  128   -1   21    0 -105
 25 * Pi                   249     1   18   29   47  -13  -23    1   48  -19   30   36   -5   18   36   11  -49   -5   38   62  -41   15    4   20    1    0   26    4  -17   -6   25   -9  -81   -7   12   -6   41  -11   30   22  -11  -11  -12
 26 Inocencio             -515  -209 -155 -214 -412 -124  -42  -39 -114 -403 -744 -588  -29 -527 -808 -648  -21   25 -692 -526 -117  -91  -76   82  -13  -26    0  -39   63  307  208   97  150   88   84  233  109  444  347  961  983  978  983
 27 * Add-drift          -1457  -179 -145 -192 -206    2  -64   10 -105 -253  -11   54   -5    8  -60  -12 -109  -83   12   17  -40  -41  -20   -7   24   -4   39    0   11  -34  -33   29  -34   -4    3   -3    7    4  -12    3    4  -29    1
 28 * Copy-drift         -2201  -117    4  -61 -282  -54  -75 -108 -165 -276  -61    0 -109  -68   13  -20  -77  -78  -65  -30    3   -5  -16 -289    3   17  -63  -11    0  -25 -114   -2   28    0  -23   -4  -68  -33   23   15  -13   -4    9
 29 * Foxtrot            -2207  -327 -380  -45   21 -392  -12   11 -154    0  -45   43  -55  -51   -7  -66   23  -21  -47   -8  -37   -7 -286    5   -6    6 -307   34   25    0   -4    4   23  -28    9   17  -35  -14  -68  -20   -3    2   -5
 30 Knucklehead          -2272  -544 -426 -372 -193 -463 -500 -445 -444 -341 -178 -445 -231 -272 -223 -325 -174 -276 -129  -55 -198 -200 -334  -85   19  -25 -208   33  114    4    0   -9   39   65    2   42 1000   71  140  990  317  997  990
 31 * Flat               -2585  -125 -145  -83  -87 -173   13  -54 -111 -124 -128 -132  -80 -165  -90 -165  -50 -153  -15 -242  -27 -110  -77 -138   -8    9  -97  -29    2   -4    9    0  -20   11   34    8 -126   23  259  202   25   -1 -421
 32 * Text               -3174   -96  -89 -133 -115 -154 -114 -184  -46 -149 -141  -86 -138 -177 -188 -181  -62 -156 -177  -58  -32  -19  -85 -123  -23   81 -150   34  -28  -23  -39   20    0    0    3  -15    7    4 -185  -74  -11 -185  113
 33 * Add-react          -3180  -332 -327 -275 -116  -51 -109  -95 -322 -178 -264  -49  -98  -68 -212  -76 -103 -263  -11    8   19  -36  -74  -52    0    7  -88    4    0   28  -65  -11    0    0    6  -11  -21    4   -6   11   46  -16   16
 34 * Switch A Lot       -3406   -74 -107 -203 -235 -199 -179  -76 -127 -193  -94 -152  -81 -131  -89 -142  -17 -193 -169 -330 -139 -116  -83 -308   35  -12  -84   -3   23   -9   -2  -34   -3   -6    0  -16 -200  -19   25  344    6   23  -37
 35 Always Switchin'     -6674  -159 -194 -455 -449 -295 -503 -438 -250 -415 -139 -250 -437 -224 -132 -203 -222 -318  -56 -510 -289 -241 -127 -457   -2    6 -233    3    4  -17  -42   -8   15   11   16    0 -239  -15   14  513   56    2    5
 36 Peterbot             -7290  -863 -898 -881 -936 -746 -657 -625 -931 -335 -993  -74 -449 -864 -218 -770 -250 -825 -205  -93  -11  -25 -113   77   21  -41 -109   -7   68   35 -1000  126   -7   21  200  239    0  435  441  982  998  998  995
 37 R-P-S 20-20-60       -8997  -397 -161 -409 -393 -393 -378 -414 -326 -374 -427 -326 -334 -389 -405 -397 -173 -378 -337 -145 -130 -162 -199 -418   27   11 -444   -4   33   14  -71  -23   -4   -4   19   15 -435    0 -393 -137    7 -362  219
 38 Beat Frequent Pick  -14343  -901 -924 -948 -591 -893 -753 -882 -622 -587 -594 -561 -554 -594 -592 -594 -366 -594 -516 -598 -441 -462 -433 -999 -128  -30 -347   12  -23   68 -140 -259  185    6  -25  -14 -441  393    0 -600    0  999 1000
 39 Beat The Last Move  -20012  -990 -991 -990 -990 -989 -991 -806 -994 -985 -999 -783 -901 -989 -987 -991 -890 -993 -982 -497   -8    4  -60 -997    1  -22 -961   -3  -15   20 -990 -202   74  -11 -344 -513 -982  137  600    0    1 1000  997
 40 Rotate R-P-S        -25261  -985 -993 -993 -993 -996 -990 -993 -993 -990 -987 -992 -931 -997 -992 -995 -941 -996 -935 -996 -992 -992 -506 -997  -21   11 -983   -4   13    3 -317  -25   11  -46   -6  -56 -998   -7    0   -1    0    0 -660
 41 Good Ole Rock       -26304  -1000 -996 -999 -998 -996 -997 -1000 -999 -996 -996 -998 -988 -999 -998 -999 -970 -997 -999 -997 -994 -996 -1000 -999    0   11 -978   29    4   -2 -997    1  185   16  -23   -2 -998  362 -999 -1000    0    0  998
 42 * Anti-Flat         -27915  -985 -991 -996 -997 -997 -994 -995 -995 -1000 -993 -996 -982 -995 -998 -996 -991 -1000 -998 -991 -984 -975 -983 -997  105   12 -983   -1   -9    5 -990  421 -113  -16   37   -5 -995 -219 -1000 -997  660 -998    0

 Match results (draw <= 50): 

    Player Name           total  W  L  D   1  2  3  4  5  6  7  8  9 10 11 12 13 14 15 16 17 18 19 20 21 22 23 24 25 26 27 28 29 30 31 32 33 34 35 36 37 38 39 40 41 42
  1 Iocaine Powder          68  27  0 14   1  2  1  1  1  2  1  1  1  1  1  2  2  1  1  2  1  2  1  2  1  2  2  1  2  2  2  2  2  2  2  2  2  2  2  2  2  2  2  2  2  2
  2 Phasenbott              66  26  1 14   0  1  1  2  1  2  1  1  1  1  1  1  2  2  1  1  2  2  1  2  2  1  2  1  2  2  2  2  2  2  1  2  2  2  2  2  2  2  2  2  2  2
  3 Biopic                  63  22  0 19   1  1  1  1  1  1  1  1  1  1  1  1  1  1  1  1  2  2  1  2  1  2  2  1  2  1  2  2  2  2  2  2  2  2  2  2  2  2  2  2  2  2
  4 MegaHAL                 62  23  2 16   1  0  1  1  1  2  1  1  1  1  2  1  2  1  1  1  1  2  0  2  1  1  2  1  2  2  2  1  2  2  2  2  2  2  2  2  2  2  2  2  2  2
  5 Simple Modeller         62  22  1 18   1  1  1  1  1  1  1  1  1  2  0  1  2  2  1  1  1  2  1  1  1  1  2  1  2  2  2  1  2  2  2  2  2  2  2  2  2  2  2  2  2  2
  6 RussRocker4             60  23  4 14   0  0  1  0  1  1  1  1  1  1  1  1  2  1  1  1  1  2  0  2  2  2  2  1  2  2  2  2  2  2  2  2  2  1  2  2  2  2  2  2  2  2
  7 Yomi AI                 59  18  0 23   1  1  1  1  1  1  1  1  1  1  1  1  1  1  1  1  1  2  1  2  1  1  1  1  2  1  2  2  2  2  1  2  2  2  2  2  2  2  2  2  2  2
  8 Boom                    59  19  1 21   1  1  1  1  1  1  1  1  1  1  1  1  2  1  1  1  2  2  2  0  1  1  1  1  1  2  2  1  2  2  2  2  1  2  2  2  2  2  2  2  2  2
  9 Shofar                  59  18  0 23   1  1  1  1  1  1  1  1  1  1  1  1  1  1  1  1  1  1  1  1  2  1  2  1  1  1  2  2  2  2  2  2  2  2  2  2  2  2  2  2  2  2
 10 Bugbrain                59  19  1 21   1  1  1  1  0  1  1  1  1  1  1  1  1  1  1  1  1  2  1  2  2  2  2  1  1  2  2  1  2  2  2  2  1  2  2  1  2  2  2  2  2  2
 11 Robertot                58  19  2 20   1  1  1  0  2  1  1  1  1  1  1  1  1  2  1  0  1  1  1  1  1  2  2  1  1  1  2  1  2  2  2  2  2  2  2  2  2  2  2  2  2  2
 12 ACT-R Lag2              57  19  3 19   0  1  1  1  1  1  1  1  1  1  1  1  1  2  1  1  2  2  0  2  1  1  2  1  2  0  2  1  2  2  1  1  2  2  2  2  2  2  2  2  2  2
 13 Simple Predictor        55  21  7 13   0  0  1  0  0  0  1  0  1  1  1  1  1  1  1  1  1  2  0  2  1  2  2  1  2  2  2  1  2  2  2  2  2  2  2  2  2  2  2  2  2  2
 14 Sweet Rocky             54  17  4 20   1  0  1  1  0  1  1  1  1  1  0  0  1  1  1  1  1  1  1  1  1  2  1  1  2  1  2  1  2  2  2  2  2  2  2  2  2  2  2  2  2  2
 15 Vroomfondel             53  12  0 29   1  1  1  1  1  1  1  1  1  1  1  1  1  1  1  1  1  1  1  1  2  1  2  1  2  1  2  1  1  2  1  1  1  1  1  2  2  2  2  2  2  2
 16 Majikthise              52  13  2 26   0  1  1  1  1  1  1  1  1  1  2  1  1  1  1  1  2  1  0  1  1  1  1  1  2  1  2  1  1  2  1  1  2  1  1  2  2  2  2  2  2  2
 17 Piedra                  51  15  5 21   1  0  0  1  1  1  1  0  1  1  1  0  1  1  1  0  1  1  1  1  1  1  1  1  2  2  1  1  2  2  1  2  2  2  2  2  2  2  2  2  2  2
 18 Granite                 49  19 11 11   0  0  0  0  0  0  0  0  1  0  1  0  0  1  1  1  1  1  1  2  2  1  1  1  2  1  2  2  2  2  2  2  2  2  2  2  2  2  2  2  2  2
 19 * De Bruijn             48   9  2 30   1  1  1  2  1  2  1  0  1  1  1  2  2  1  1  2  1  1  1  2  2  1  2  1  1  1  1  1  1  1  1  1  1  1  1  1  1  2  1  0  1  1
 20 Marble                  48  18 11 12   0  0  0  0  1  0  0  2  1  0  1  0  0  1  1  1  1  0  0  1  1  2  1  1  2  1  2  2  2  2  1  2  2  2  2  2  2  2  2  2  2  2
 21 Mixed Strategy          47  13  7 21   1  0  1  1  1  0  1  1  0  0  1  1  1  1  0  1  1  0  0  1  1  1  1  1  2  1  1  1  2  2  2  1  1  2  2  2  2  2  2  2  2  2
 22 * Anti-rotn             45  14 10 17   0  1  0  1  1  0  1  1  1  0  0  1  0  0  1  1  1  1  1  0  1  1  0  0  2  1  2  1  2  2  1  1  2  2  2  2  2  2  2  2  2  2
 23 ZQ Bot                  45  17 13 11   0  0  0  0  0  0  1  1  0  0  0  0  0  1  0  1  1  1  0  1  1  2  1  1  1  2  2  1  2  2  2  2  2  2  2  2  2  2  2  2  2  2
 24 * Pi                    41   1  1 39   1  1  1  1  1  1  1  1  1  1  1  1  1  1  1  1  1  1  1  1  1  2  1  1  1  1  1  1  1  1  1  1  1  0  1  1  1  1  1  1  1  1
 25 Inocencio               40  16 17  8   0  0  0  0  0  0  0  1  1  1  1  0  0  0  0  0  0  0  1  0  0  0  1  1  1  1  2  2  2  2  2  2  2  2  2  2  2  2  2  2  2  2
 26 * Add-drift             32   1 10 30   0  0  1  0  0  0  1  0  1  0  1  2  0  1  1  1  0  1  1  1  1  1  0  1  1  1  1  1  1  1  1  1  1  1  1  1  1  1  1  1  1  1
 27 Multi-strategy          32  13 22  6   0  0  0  0  0  0  0  0  0  0  0  0  0  0  0  0  1  0  1  0  1  0  0  1  0  1  1  1  0  2  2  2  2  2  2  2  2  2  2  2  2  2
 28 * Foxtrot               31   0 10 31   0  0  0  1  1  0  0  1  0  1  1  1  1  1  1  1  1  0  1  0  1  1  1  1  0  1  1  1  1  1  1  1  1  1  1  1  1  0  1  1  1  1
 29 Peterbot                30  11 22  8   0  0  0  0  0  0  0  0  0  0  0  0  0  0  1  1  0  0  1  0  0  0  0  1  0  1  2  1  1  0  2  1  2  1  2  2  2  2  2  2  2  2
 30 Knucklehead             26   9 24  8   0  0  0  0  0  0  0  0  0  0  0  0  0  0  0  0  0  0  1  0  0  0  0  1  0  1  0  1  2  1  2  2  1  1  2  1  1  2  2  2  2  2
 31 * Copy-drift            23   0 18 23   0  1  0  0  0  0  1  0  0  0  0  1  0  0  1  1  1  0  1  1  0  1  0  1  0  1  0  1  0  0  1  1  1  1  1  1  1  1  1  1  1  1
 32 * Add-react             21   0 20 21   0  0  0  0  0  0  0  0  0  0  0  1  0  0  1  1  0  0  1  0  1  1  0  1  0  1  0  1  1  0  1  1  1  1  1  1  1  1  1  1  1  1
 33 * Flat                  21   2 22 17   0  0  0  0  0  0  0  1  0  1  0  0  0  0  1  0  0  0  1  0  1  0  0  1  0  1  0  1  0  1  1  1  1  1  2  1  1  2  1  0  1  1
 34 * Text                  19   2 24 15   0  0  0  0  0  1  0  0  0  0  0  0  0  0  1  1  0  0  1  0  0  0  0  2  0  1  0  1  1  1  1  1  1  1  0  1  1  0  0  2  1  1
 35 Beat The Last Move      19   5 27  9   0  0  0  0  0  0  0  0  0  0  0  0  0  0  1  1  0  0  1  0  0  0  0  1  0  1  0  1  0  0  1  1  0  2  1  0  0  2  2  2  2  1
 36 * Switch A Lot          18   1 24 16   0  0  0  0  0  0  0  0  0  1  0  0  0  0  0  0  0  0  1  0  0  0  0  1  0  1  0  1  0  1  1  1  1  1  2  1  1  1  1  1  1  1
 37 Always Switchin'        18   2 25 14   0  0  0  0  0  0  0  0  0  0  0  0  0  0  0  0  0  0  1  0  0  0  0  1  0  1  0  1  0  1  1  1  1  1  2  1  1  1  1  1  1  2
 38 Beat Frequent Pick      17   5 29  7   0  0  0  0  0  0  0  0  0  0  0  0  0  0  0  0  0  0  0  0  0  0  0  1  0  1  0  2  0  0  1  1  0  2  0  1  1  1  2  2  2  1
 39 Good Ole Rock           16   3 28 10   0  0  0  0  0  0  0  0  0  0  0  0  0  0  0  0  0  0  1  0  0  0  0  1  0  1  0  1  0  0  1  1  1  2  0  1  1  0  1  2  2  1
 40 * Anti-Flat             13   3 31  7   0  0  0  0  0  0  0  0  0  0  0  0  0  0  0  0  0  0  2  0  0  0  0  1  0  1  0  1  0  0  1  1  2  0  0  1  1  0  0  1  0  2
 41 R-P-S 20-20-60          13   1 29 11   0  0  0  0  0  0  0  0  0  0  0  0  0  0  0  0  0  0  1  0  0  0  0  1  0  1  0  1  0  0  1  1  1  1  0  1  1  0  0  2  1  1
 42 Rotate R-P-S            13   0 28 13   0  0  0  0  0  0  0  0  0  0  0  0  0  0  0  0  0  0  1  0  0  0  0  1  0  1  0  1  0  0  1  1  1  1  1  1  0  1  1  0  1  1


   Yomi AI is match ranked 7

 Tournament results:
    Player Name          total 
  1 Yomi AI               4745 
 15 * Anti-rotn           5204 
 19 Iocaine Powder       10669 
 20 Phasenbott            9668 
 21 MegaHAL               9273 
 22 RussRocker4           7540 
 23 Biopic                8654 
 24 Simple Modeller       9153 
 25 Simple Predictor      7327 
 26 Robertot              7613 
 27 Boom                  7706 
 28 Shofar                6758 
 29 ACT-R Lag2            6869 
 30 Majikthise            4910 
 31 Vroomfondel           4981 
 32 Granite               6411 
 33 Marble                6269 
 34 ZQ Bot                5500 
 35 Sweet Rocky           7230 
 36 Piedra                6351 
 37 Mixed Strategy        5467 
 41 Bugbrain              6132 

   Yomi is tournament ranked 22

