 Playing 1 tournaments with 1000 trials per match...

 Yomi AI            vs Good Ole Rock       Match: 1000 (1000+   0-   0=)
 Yomi AI            vs R-P-S 20-20-60      Match:  349 (569+ 220- 211=)
 Yomi AI            vs Rotate R-P-S        Match:  993 (996+   3-   1=)
 Yomi AI            vs Beat The Last Move  Match:   87 (410+ 323- 267=)
 Yomi AI            vs Always Switchin'    Match:  278 (464+ 186- 350=)
 Yomi AI            vs Beat Frequent Pick  Match:  595 (756+ 161-  83=)
 Yomi AI            vs * Pi                Match:  -44 (325+ 369- 306=)
 Yomi AI            vs * Switch A Lot      Match:  128 (409+ 281- 310=)
 Yomi AI            vs * Flat              Match:  202 (474+ 272- 254=)
 Yomi AI            vs * Anti-Flat         Match:  999 (999+   0-   1=)
 Yomi AI            vs * Foxtrot           Match:  379 (599+ 220- 181=)
 Yomi AI            vs * De Bruijn         Match:    3 (329+ 326- 345=)
 Yomi AI            vs * Text              Match:  145 (426+ 281- 293=)
 Yomi AI            vs * Anti-rotn         Match:  -26 (335+ 361- 304=)
 Yomi AI            vs * Copy-drift        Match:    1 (345+ 344- 311=)
 Yomi AI            vs * Add-react         Match:   34 (368+ 334- 298=)
 Yomi AI            vs * Add-drift         Match:  -27 (327+ 354- 319=)
 Yomi AI            vs Iocaine Powder      Match:   48 (363+ 315- 322=)
 Yomi AI            vs Phasenbott          Match:  -12 (324+ 336- 340=)
 Yomi AI            vs MegaHAL             Match:  -21 (340+ 361- 299=)
 Yomi AI            vs RussRocker4         Match:  -14 (331+ 345- 324=)
 Yomi AI            vs Biopic              Match:   18 (354+ 336- 310=)
 Yomi AI            vs Simple Modeller     Match:   24 (361+ 337- 302=)
 Yomi AI            vs Simple Predictor    Match:   -6 (355+ 361- 284=)
 Yomi AI            vs Robertot            Match:  -14 (354+ 368- 278=)
 Yomi AI            vs Boom                Match:   10 (345+ 335- 320=)
 Yomi AI            vs Shofar              Match:  -10 (339+ 349- 312=)
 Yomi AI            vs ACT-R Lag2          Match:    1 (354+ 353- 293=)
 Yomi AI            vs Majikthise          Match:   17 (339+ 322- 339=)
 Yomi AI            vs Vroomfondel         Match:    5 (342+ 337- 321=)
 Yomi AI            vs Granite             Match:  108 (440+ 332- 228=)
 Yomi AI            vs Marble              Match:  112 (452+ 340- 208=)
 Yomi AI            vs ZQ Bot              Match:  111 (456+ 345- 199=)
 Yomi AI            vs Sweet Rocky         Match:  -20 (338+ 358- 304=)
 Yomi AI            vs Piedra              Match:   28 (375+ 347- 278=)
 Yomi AI            vs Mixed Strategy      Match:   73 (373+ 300- 327=)
 Yomi AI            vs Multi-strategy      Match:  244 (500+ 256- 244=)
 Yomi AI            vs Inocencio           Match:  329 (583+ 254- 163=)
 Yomi AI            vs Peterbot            Match:   -8 (333+ 341- 326=)
 Yomi AI            vs Bugbrain            Match:   -9 (349+ 358- 293=)
 Yomi AI            vs Knucklehead         Match:  500 (671+ 171- 158=)
 Final results (draw value = 50):

 Tournament results: 

    Player Name          total     1    2    3    4    5    6    7    8    9   10   11   12   13   14   15   16   17   18   19   20   21   22   23   24   25   26   27   28   29   30   31   32   33   34   35   36   37   38   39   40   41   42
  1 Iocaine Powder       10610     0   74   72   35   31  526  171  -10  -10  193  -73   58  -48   79   75  290   39  251   57   18    1   83  269   52  247  -14   83  206  331  159   57  281  133  562  823  223  409  941  979  989  991  977
  2 Phasenbott           10088   -74    0   32   35   19  530  131   33   25  247   20   43   12   74   89  277   43  257   41   43   34   97  178   49  191    5   61   40  340   95   92  291   87  400  998  248  109  947  981  990  993  985
  3 MegaHAL               9335   -72  -32    0  -46    2   58   53   22   29  221  -14   17   21   16   42  230   18  277   66   29  -38   16  259  -32  200  -33  176   29   37   35  216  305  189  358  889  418  456  939  990  995  998  996
  4 Simple Modeller       8976   -35  -35   46    0   44  -29  269   -7   11   85  -10   15  -24  -24   39  296   65  125   53  -19   32   39  202  -25  688  -16  247  239   10   74  218   98  125  270  515  430  387  595  995  995  997  996
  5 Biopic                8230   -31  -19   -2  -44    0  -15   39    0   -2  119  -30   42  -18   50   28   97  -10  144   46  -25  -26   33  246  -40  137  -16   -8   55  427  141  127   45  151  475  806  365  399  568  993  991  999  993
  6 RussRocker4           8028  -526 -530  -58   29   15    0   79   26   37  163  -26   17   14  -20   49  134   26  119   58  -20   -3   64  310  -19  401   41  137   93  187   94  116  343   35  477  934  261  385  599  994  994  999 1000
  7 Simple Predictor      7665  -171 -131  -53 -269  -39  -79    0  -14   28  -25  -34   15    6  -37   52  168   24   12   56  -25  -38    7  179  -79  502   19  263  245    2   80  178  107  154  257  859  470  417  592  986  990  993  998
  8 Robertot              7633    10  -33  -22    7    0  -26   14    0    1    3  -47   34   14  -35   28   93  -12   28   48    6  -23   39  209  -30   14  -20    1    1   26  135   84   95  171  372  804  470  424  775  990  992 1000  993
  9 Boom                  7470    10  -25  -29  -11    2  -37  -28   -1    0    8  -21   25  -10  -20   11   64  -27   40   48  -36   33   45  267   21  -45   44   48  146   22   -5  179   87  135  455  806  192  372  753  967  990  995 1000
 10 Marble                6809  -193 -247 -221  -85 -119 -163   25   -3   -8    0  -20   32 -112 -101   42   39 -109   -9   70  -13  -31  -10  305  -97  644  -20  -49   43   67  206  175  134  183  334  911  257  387  594  994  992  999  986
 11 Shofar                6738    73  -20   14   10   30   26   34   47   21   20    0   36   10   16   42   80    7    5   30   43    6   32  147  -15  128    6  -12    9   11   16  157  115  144  250   52  436  377  561  898  934  978  984
 12 Sweet Rocky           6660   -58  -43  -17  -15  -42  -17  -15  -34  -25  -32  -36    0   20  -10  -38  -51  -62  -39   30  -57  -40   49   59  -34  776  -46  186  -30  -29  140  163  304  161  181  148  241  402  593  995  991  993  998
 13 Yomi AI               6610    48  -12  -21   24   18  -14   -6  -14   10  112  -10  -20    0    1   28  111   -9  108  -26   17    5   73  244    3  329  -44  -27    1  379  202  128   34  145  500   -8  278  349  595   87  993 1000  999
 14 ACT-R Lag2            6479   -79  -74  -16   24  -50   20   37   35   20  101  -16   10   -1    0   53   92  -13   93   50  -23   25   98  318  -65   69   38    7   40  -42  160  165   26   59  473  155  220  276  568  639  994  998  995
 15 Piedra                6448   -75  -89  -42  -39  -28  -49  -52  -28  -11  -42  -42   38  -28  -53    0  -67  -32  -47   41  -28  -16   12  167  -36  -44  -28   53  -26   23  125  161  237  170  259  933  179  372  594  994  998  998  996
 16 ZQ Bot                5994  -290 -277 -230 -296  -97 -134 -168  -93  -64  -39  -80   51 -111  -92   67    0 -174  -34   52  -61  -22  -76  203  -16  790  -34    7   74   46  148  201  279  156  238  940  171  378  595  997  993  999  997
 17 Bugbrain              5936   -39  -43  -18  -65   10  -26  -24   12   27  109   -7   62    9   13   32  174    0   73   48  -44  -15   50  134   29   17   34   56   33  -28   33   89   78   22  156  281  223  182  401  955  933  992  978
 18 Granite               5890  -251 -257 -277 -125 -144 -119  -12  -28  -40    9   -5   39 -108  -93   47   34  -73    0   59  -15  -54   -7  323  -71   72  -32  -16   45   31  206  123   70  177  324  846  264  373  594  991  994 1000  996
 19 * Anti-rotn           5400   -57  -41  -66  -53  -46  -58  -56  -48  -48  -70  -30  -30   26  -50  -41  -52  -48  -59    0   30    8   -4  250  -61  627  -44  -23   47  -19  224  312   34   58   44   29  481  155  597  493  998  996  995
 20 Majikthise            4803   -18  -43  -29   19   25   20   25   -6   36   13  -43   57  -17   23   28   61   44   15  -30    0   20   18  177   -1   95  -19   28   -1   18   55  111    8   26  267   16  296  128  443  -35  994  993  986
 21 Vroomfondel           4605    -1  -34   38  -32   26    3   38   23  -33   31   -6   40   -5  -25   16   22   15   54   -8  -20    0   18  176  -44   40    6  -11   11   27   78  105   54   -2  190  -14  268  164  458  -34  992  993  988
 22 Mixed Strategy        4476   -83  -97  -16  -39  -33  -64   -7  -39  -45   10  -32  -49  -73  -98  -12   76  -50    7    4  -18  -18    0   32  -41  -89  -42  -14  -21   35   14   -3   59  188  107   38   85  385  537  967  943  986  986
 23 Multi-strategy        2525  -269 -178 -259 -202 -246 -310 -179 -209 -267 -305 -147  -59 -244 -318 -167 -203 -134 -323 -250 -177 -176  -32    0  -50 -146  -20   62  252   20  186  304   29  123   75  500  449  405  999  997  997  999  998
 24 * De Bruijn            755   -52  -49   32   25   40   19   79   30  -21   97   15   34   -3   65   36   16  -29   71   61    1   44   41   50    0   32   -1  -13    5   23   10  -25    0   23   -9  -18   51   35  128   -1   21    0 -108
 25 Inocencio              469  -247 -191 -200 -688 -137 -401 -502  -14   45 -644 -128 -776 -329  -69   44 -790  -17  -72 -627  -95  -40   89  146  -32    0  -15   95  106  327  101   37   60  161  257  127  309  395  356  891  979  980  978
 26 * Pi                    90    14   -5   33   16   16  -41  -19   20  -44   20   -6   46   44  -38   28   34  -34   32   44   19   -6   42   20    1   15    0   -1   -6  -46  -59  -34   16  -81  -20   26   24    1   30   22  -11  -11  -11
 27 * Add-drift          -1466   -83  -61 -176 -247    8 -137 -263   -1  -48   49   12 -186   27   -7  -53   -7  -56   16   23  -28   11   14  -62   13  -95    1    0    2   14  -18   16    5    4  -28  -49   17  -33   18  -39   38  -72   -5
 28 * Copy-drift         -1660  -206  -40  -29 -239  -55  -93 -245   -1 -146  -43   -9   30   -1  -40   26  -74  -33  -45  -47    1  -11   21 -252   -5 -106    6   -2    0  -14   15   32    7  -40  -36  -29   29   25  -11  -22   19  -10   13
 29 * Foxtrot            -2288  -331 -340  -37  -10 -427 -187   -2  -26  -22  -67  -11   29 -379   42  -23  -46   28  -31   19  -18  -27  -35  -20  -23 -327   46  -14   14    0  -33   -1    2  -10   22  -30   15   21  -35   -9  -16   -5   16
 30 * Flat               -2923  -159  -95  -35  -74 -141  -94  -80 -135    5 -206  -16 -140 -202 -160 -125 -148  -33 -206 -224  -55  -78  -14 -186  -10 -101   59   18  -15   33    0  -72    3   12  -13 -220  -35    3  233  210  -24    0 -403
 31 * Switch A Lot       -2986   -57  -92 -216 -218 -127 -116 -178  -84 -179 -175 -157 -163 -128 -165 -161 -201  -89 -123 -312 -111 -105    3 -304   25  -37   34  -16  -32    1   72    0   27   61   -2  -98   25  -30   43  312   23   20   44
 32 * Add-react          -3232  -281 -291 -305  -98  -45 -343 -107  -95  -87 -134 -115 -304  -34  -26 -237 -279  -78  -70  -34   -8  -54  -59  -29    0  -60  -16   -5   -7   -2   -3  -27    0   20 -102   11   -2   29   -8   38   26  -14    3
 33 * Text               -3240  -133  -87 -189 -125 -151  -35 -154 -171 -135 -183 -144 -161 -145  -59 -170 -156  -22 -177  -58  -26    2 -188 -123  -23 -161   81   -4   40   10  -12  -61  -20    0   -2   40  -10   14 -185  -74  -11 -185  113
 34 Knucklehead          -4103  -562 -400 -358 -270 -475 -477 -257 -372 -455 -334 -250 -181 -500 -473 -259 -238 -156 -324  -44 -267 -190 -107  -75    9 -257   20   28   36  -22   13    2  102    2    0   20   -5   33  144  788   21  991  996
 35 Peterbot             -6992  -823 -998 -889 -515 -806 -934 -859 -804 -806 -911  -52 -148    8 -155 -933 -940 -281 -846  -29  -16   14  -38 -500   18 -127  -26   49   29   30  220   98  -11  -40  -20    0  255  410  437  963  999  998  987
 36 Always Switchin'     -7082  -223 -248 -418 -430 -365 -261 -470 -470 -192 -257 -436 -241 -278 -220 -179 -171 -223 -264 -481 -296 -268  -85 -449  -51 -309  -24  -17  -29  -15   35  -25    2   10    5 -255    0   35   21  515  -70   12    3
 37 R-P-S 20-20-60       -9523  -409 -109 -456 -387 -399 -385 -417 -424 -372 -387 -377 -402 -349 -276 -372 -378 -182 -373 -155 -128 -164 -385 -405  -35 -395   -1   33  -25  -21   -3   30  -29  -14  -33 -410  -35    0 -394 -157   -9 -368   34
 38 Beat Frequent Pick  -14220  -941 -947 -939 -595 -568 -599 -592 -775 -753 -594 -561 -593 -595 -568 -594 -595 -401 -594 -597 -443 -458 -537 -999 -128 -356  -30  -18   11   35 -233  -43    8  185 -144 -437  -21  394    0 -600    0  999  996
 39 Beat The Last Move  -19653  -979 -981 -990 -995 -993 -994 -986 -990 -967 -994 -898 -995  -87 -639 -994 -997 -955 -991 -493   35   34 -967 -997    1 -891  -22   39   22    9 -210 -312  -38   74 -788 -963 -515  157  600    0    1 1000  996
 40 Rotate R-P-S        -25316  -989 -990 -995 -995 -991 -994 -990 -992 -990 -992 -934 -991 -993 -994 -998 -993 -933 -994 -998 -994 -992 -943 -997  -21 -979   11  -38  -19   16   24  -23  -26   11  -21 -999   70    9    0   -1    0    0 -658
 41 Good Ole Rock       -26224  -991 -993 -998 -997 -999 -999 -993 -1000 -995 -999 -978 -993 -1000 -998 -998 -999 -992 -1000 -996 -993 -993 -986 -999    0 -980   11   72   10    5    0  -20   14  185 -991 -998  -12  368 -999 -1000    0    0 1000
 42 * Anti-Flat         -27814  -977 -985 -996 -996 -993 -1000 -998 -993 -1000 -986 -984 -998 -999 -995 -996 -997 -978 -996 -995 -986 -988 -986 -998  108 -978   11    5  -13  -16  403  -44   -3 -113 -996 -987   -3  -34 -996 -996  658 -1000    0

 Match results (draw <= 50): 

    Player Name           total  W  L  D   1  2  3  4  5  6  7  8  9 10 11 12 13 14 15 16 17 18 19 20 21 22 23 24 25 26 27 28 29 30 31 32 33 34 35 36 37 38 39 40 41 42
  1 Iocaine Powder          71  31  1  9   1  2  1  2  2  1  1  0  2  1  1  1  2  1  1  2  2  2  2  2  2  2  2  2  1  2  2  2  2  2  2  2  2  2  2  2  2  2  2  2  2  2
  2 Phasenbott              65  25  1 15   0  1  1  1  2  1  1  1  2  1  1  1  2  1  1  1  2  2  1  2  2  2  1  2  1  2  2  1  2  2  2  2  2  2  2  2  2  2  2  2  2  2
  3 Simple Modeller         64  23  0 18   1  1  1  1  1  1  1  1  1  2  1  1  2  1  1  1  1  2  1  2  1  2  2  2  1  1  2  2  2  2  2  2  2  2  2  2  2  2  2  2  2  2
  4 MegaHAL                 61  21  1 19   0  1  1  1  2  1  1  1  1  1  1  1  2  1  1  1  1  2  1  2  1  2  2  2  1  1  2  1  2  2  2  2  1  2  2  2  2  2  2  2  2  2
  5 RussRocker4             61  23  3 15   0  0  1  0  1  1  1  1  1  1  1  1  2  1  1  1  1  2  1  2  2  2  2  2  1  2  2  2  2  2  2  2  2  2  2  1  2  2  2  2  2  2
  6 Biopic                  60  19  0 22   1  1  1  1  1  1  1  1  1  1  1  1  1  1  1  1  1  2  1  2  1  2  1  2  1  2  2  2  2  1  2  1  2  2  2  2  2  2  2  2  2  2
  7 Yomi AI                 59  18  0 23   1  1  1  1  1  1  1  1  1  1  1  1  1  1  1  1  1  2  1  2  2  2  1  2  1  2  2  1  1  1  2  1  2  2  2  2  2  2  2  2  2  2
  8 Shofar                  57  16  0 25   2  1  1  1  1  1  1  1  1  1  1  1  1  1  1  1  1  1  1  1  1  2  1  2  1  1  2  1  2  1  2  2  1  2  2  2  2  2  2  2  2  2
  9 ACT-R Lag2              57  19  3 19   0  0  1  1  1  1  1  1  1  1  1  1  1  1  1  1  2  2  0  2  2  2  1  2  1  1  2  1  2  1  2  1  2  2  2  2  2  2  2  2  2  2
 10 Bugbrain                57  17  1 23   1  1  0  1  1  1  1  1  1  1  1  1  1  1  1  2  1  2  1  2  1  2  1  1  1  1  2  1  2  2  2  2  1  2  2  1  2  2  2  2  2  2
 11 Robertot                56  15  0 26   1  1  1  1  1  1  1  1  1  1  1  1  1  1  1  1  1  1  1  1  1  2  1  1  1  1  2  1  2  1  2  2  2  2  2  2  2  2  2  2  2  2
 12 Boom                    56  15  0 26   1  1  1  1  1  1  1  1  1  1  1  1  1  1  1  1  1  1  1  1  1  2  1  1  1  1  2  2  2  1  2  2  1  2  2  2  2  2  2  2  2  2
 13 Simple Predictor        55  20  6 15   0  0  0  0  0  1  1  1  1  1  1  1  1  1  1  1  2  1  0  1  1  2  2  2  1  1  2  2  2  2  2  2  2  2  2  2  2  2  2  2  2  2
 14 Majikthise              54  13  0 28   1  1  1  1  1  1  1  1  1  1  1  1  1  1  1  2  1  1  1  1  1  2  1  2  1  1  2  1  1  1  2  1  2  2  1  1  2  2  2  2  2  2
 15 Vroomfondel             53  12  0 29   1  1  1  1  1  1  1  1  1  1  1  1  1  1  1  1  1  1  1  2  1  1  1  1  1  1  2  1  1  1  2  2  2  2  1  1  2  2  2  2  2  2
 16 Sweet Rocky             53  16  4 21   0  1  1  1  1  1  1  1  1  0  1  1  1  0  1  1  1  1  1  1  1  0  1  2  1  1  2  1  2  2  2  2  2  2  2  2  2  2  2  2  2  2
 17 Piedra                  51  15  5 21   0  0  1  1  1  1  1  1  0  1  1  1  0  1  1  1  1  1  1  1  1  0  1  1  1  1  2  1  2  2  2  2  2  2  2  2  2  2  2  2  2  2
 18 Marble                  48  17 10 14   0  0  0  0  0  0  0  1  0  0  1  1  1  1  1  1  1  1  0  1  1  1  2  2  1  2  2  1  2  1  2  2  2  2  2  2  2  2  2  2  2  2
 19 * De Bruijn             46   7  2 32   0  1  1  1  1  1  1  1  2  1  1  1  2  1  1  1  1  2  1  2  1  1  2  1  1  1  1  1  1  1  1  1  1  1  1  1  1  2  1  2  0  1
 20 Granite                 46  16 11 14   0  0  0  0  0  0  0  1  0  0  1  1  1  1  0  1  1  1  0  1  1  1  2  2  1  1  2  1  2  1  2  2  2  2  2  2  2  2  2  2  2  2
 21 Mixed Strategy          46  11  6 24   0  0  1  1  0  1  0  1  0  1  1  1  1  1  1  1  1  1  1  1  1  2  1  0  1  1  1  1  1  1  2  2  1  1  2  2  2  2  2  2  2  2
 22 ZQ Bot                  45  19 15  7   0  0  0  0  0  0  0  0  0  0  0  0  0  0  1  2  2  1  1  1  0  1  2  2  1  1  2  2  2  1  2  2  2  2  2  2  2  2  2  2  2  2
 23 * Anti-rotn             44  12  9 20   0  1  0  0  0  1  1  1  1  1  1  1  0  1  1  1  1  0  0  0  1  0  1  2  1  1  2  1  1  1  1  1  2  2  2  2  2  2  2  2  2  2
 24 Inocencio               42  17 16  8   0  0  0  0  0  0  0  0  0  1  1  1  0  0  1  0  1  0  1  0  2  0  0  1  1  2  2  2  2  2  2  2  2  1  2  2  2  2  2  2  2  2
 25 * Pi                    39   0  2 39   1  1  1  1  1  1  1  1  1  1  1  1  1  1  1  1  1  1  1  1  1  1  1  1  1  1  1  1  1  1  1  1  0  1  1  0  1  1  1  1  1  1
 26 * Foxtrot               34   0  7 34   0  0  1  1  0  0  0  1  1  1  1  1  1  1  1  1  1  0  1  1  1  1  1  0  1  1  1  1  1  1  1  1  1  1  1  1  1  1  1  1  1  1
 27 Multi-strategy          33  14 22  5   0  0  0  0  0  0  0  0  0  0  0  0  0  0  0  0  0  0  1  0  1  0  0  0  1  1  1  2  2  2  2  1  2  2  2  2  2  2  2  2  2  2
 28 * Copy-drift            32   0  9 32   0  1  0  1  0  0  1  1  1  1  1  0  0  1  1  1  1  1  1  1  1  0  1  0  1  1  0  1  1  1  1  1  1  1  1  1  1  1  1  1  1  1
 29 Peterbot                31   9 19 13   0  0  0  0  0  0  1  0  0  0  0  0  0  1  1  0  0  0  1  0  1  0  1  0  1  1  0  1  1  1  1  1  2  2  2  1  2  2  2  2  2  2
 30 * Add-drift             29   0 12 29   0  0  0  0  0  1  1  1  1  0  1  1  0  1  1  0  0  1  1  1  1  1  1  0  1  1  0  1  1  1  1  1  1  1  1  1  0  1  1  1  1  1
 31 Knucklehead             23   5 23 13   0  0  0  0  0  0  0  0  0  0  0  0  0  0  0  0  0  0  1  0  0  0  1  0  1  1  0  1  1  1  1  2  1  1  2  1  2  2  1  1  2  1
 32 * Add-react             22   0 19 22   0  0  0  0  0  1  1  0  1  0  0  0  0  1  0  0  0  0  1  0  0  0  1  0  1  1  1  1  1  1  0  1  1  1  1  1  1  1  1  1  1  1
 33 * Flat                  22   3 22 16   0  0  0  1  0  0  0  1  0  1  0  1  0  0  0  0  0  0  1  0  1  0  0  0  2  1  0  1  0  1  1  1  1  0  2  1  1  2  1  1  0  1
 34 * Switch A Lot          21   3 23 15   0  0  0  0  0  0  0  0  0  0  0  0  0  0  0  0  0  0  1  0  1  0  0  1  1  1  0  1  0  1  1  1  2  1  2  2  1  1  1  1  1  1
 35 Beat The Last Move      19   5 27  9   0  0  0  0  0  0  0  0  0  0  0  0  0  1  1  0  0  0  1  0  0  0  0  0  1  1  0  1  0  1  0  1  0  0  1  2  2  2  1  0  2  2
 36 * Text                  19   2 24 15   0  0  0  0  1  0  0  0  0  1  0  0  0  1  1  0  0  0  1  0  0  0  0  0  2  1  0  1  1  1  1  1  1  0  0  1  0  0  1  1  2  1
 37 Good Ole Rock           17   4 28  9   0  0  0  0  0  0  0  0  0  0  0  0  0  0  0  0  0  0  1  0  0  0  0  0  1  1  0  1  0  2  0  1  1  1  0  2  1  0  1  1  2  2
 38 Beat Frequent Pick      16   4 29  8   0  0  0  0  0  0  0  0  0  0  0  0  0  0  0  0  0  0  0  0  0  0  0  0  1  1  0  1  0  1  0  1  0  1  0  2  2  1  1  1  2  2
 39 Rotate R-P-S            16   1 26 14   0  0  0  0  0  0  0  0  0  0  0  0  0  0  0  0  0  0  1  0  0  0  0  0  1  1  0  1  0  1  1  1  1  1  1  1  1  1  1  2  0  1
 40 Always Switchin'        15   1 27 13   0  0  0  0  0  0  0  0  0  0  0  0  0  0  0  0  0  0  0  0  0  0  0  0  1  1  0  1  0  1  1  1  1  1  2  1  1  1  0  1  1  1
 41 * Anti-Flat             14   3 30  8   0  0  0  0  0  0  0  0  0  0  0  0  0  0  0  0  0  0  2  0  0  0  0  0  1  1  0  1  0  1  0  1  2  1  0  0  0  0  2  1  1  1
 42 R-P-S 20-20-60          13   0 28 13   0  0  0  0  0  0  0  0  0  0  0  0  0  0  0  0  0  0  1  0  0  0  0  0  1  1  0  1  0  1  1  1  1  1  0  1  0  0  1  1  1  1


   Yomi AI is match ranked 7

 Tournament results:
    Player Name          total 
  1 Yomi AI               6610 
 19 Iocaine Powder       10610 
 20 Phasenbott           10088 
 21 MegaHAL               9335 
 22 RussRocker4           8028 
 23 Biopic                8230 
 24 Simple Modeller       8976 
 25 Simple Predictor      7665 
 26 Robertot              7633 
 27 Boom                  7470 
 28 Shofar                6738 
 33 Marble                6809 
 35 Sweet Rocky           6660 

   Yomi is tournament ranked 13

