 Playing 1 tournaments with 1000 trials per match...

 Yomi AI            vs Good Ole Rock       Match: 1000 (1000+   0-   0=)
 Yomi AI            vs R-P-S 20-20-60      Match:  147 (450+ 303- 247=)
 Yomi AI            vs Rotate R-P-S        Match:  563 (778+ 215-   7=)
 Yomi AI            vs Beat The Last Move  Match:   21 (343+ 322- 335=)
 Yomi AI            vs Always Switchin'    Match:  125 (431+ 306- 263=)
 Yomi AI            vs Beat Frequent Pick  Match:  407 (656+ 249-  95=)
 Yomi AI            vs * Pi                Match:  -44 (315+ 359- 326=)
 Yomi AI            vs * Switch A Lot      Match:    1 (336+ 335- 329=)
 Yomi AI            vs * Flat              Match:   44 (367+ 323- 310=)
 Yomi AI            vs * Anti-Flat         Match:  614 (801+ 187-  12=)
 Yomi AI            vs * Foxtrot           Match:  191 (477+ 286- 237=)
 Yomi AI            vs * De Bruijn         Match:   17 (346+ 329- 325=)
 Yomi AI            vs * Text              Match:   66 (377+ 311- 312=)
 Yomi AI            vs * Anti-rotn         Match:  -17 (323+ 340- 337=)
 Yomi AI            vs * Copy-drift        Match:  -42 (316+ 358- 326=)
 Yomi AI            vs * Add-react         Match:    5 (363+ 358- 279=)
 Yomi AI            vs * Add-drift         Match:   -7 (327+ 334- 339=)
 Yomi AI            vs Iocaine Powder      Match:  -16 (334+ 350- 316=)
 Yomi AI            vs Phasenbott          Match:  -46 (320+ 366- 314=)
 Yomi AI            vs MegaHAL             Match:  -14 (341+ 355- 304=)
 Yomi AI            vs RussRocker4         Match:   12 (359+ 347- 294=)
 Yomi AI            vs Biopic              Match:    3 (351+ 348- 301=)
 Yomi AI            vs Simple Modeller     Match:   54 (362+ 308- 330=)
 Yomi AI            vs Simple Predictor    Match:   56 (371+ 315- 314=)
 Yomi AI            vs Robertot            Match:   18 (352+ 334- 314=)
 Yomi AI            vs Boom                Match:  -28 (330+ 358- 312=)
 Yomi AI            vs Shofar              Match:  -19 (318+ 337- 345=)
 Yomi AI            vs ACT-R Lag2          Match:   -9 (324+ 333- 343=)
 Yomi AI            vs Majikthise          Match:    0 (332+ 332- 336=)
 Yomi AI            vs Vroomfondel         Match:   -9 (339+ 348- 313=)
 Yomi AI            vs Granite             Match:  121 (446+ 325- 229=)
 Yomi AI            vs Marble              Match:   96 (427+ 331- 242=)
 Yomi AI            vs ZQ Bot              Match:   37 (369+ 332- 299=)
 Yomi AI            vs Sweet Rocky         Match:   66 (391+ 325- 284=)
 Yomi AI            vs Piedra              Match:   62 (379+ 317- 304=)
 Yomi AI            vs Mixed Strategy      Match:   -2 (345+ 347- 308=)
 Yomi AI            vs Multi-strategy      Match:  213 (486+ 273- 241=)
 Yomi AI            vs Inocencio           Match:   69 (375+ 306- 319=)
 Yomi AI            vs Peterbot            Match:  -19 (324+ 343- 333=)
 Yomi AI            vs Bugbrain            Match:    7 (343+ 336- 321=)
 Yomi AI            vs Knucklehead         Match:  309 (575+ 266- 159=)
 Final results (draw value = 50):

 Tournament results: 

    Player Name          total     1    2    3    4    5    6    7    8    9   10   11   12   13   14   15   16   17   18   19   20   21   22   23   24   25   26   27   28   29   30   31   32   33   34   35   36   37   38   39   40   41   42
  1 Iocaine Powder       10780     0   53   63   41   72   18  524  153   46    3  222   -2  -15   21   29  269  309   71   -7   56   45   16  189  283   51   42  126  362  155  151  321  594  123   47  880  254  387  876  987  979  999  987
  2 Phasenbott            9872   -53    0   13   38   47   39  515  129  -16   17  234   -5   16   14   40  229  272   63   38    3   47   46  202  184   55   23  134  378   74  129  329  367   98   92  919  195   81  937  991  990  995  973
  3 MegaHAL               9619   -63  -13    0   60   -7    7  131   92   30  -37  237  -27   32   55   62  260  255   58  -26   18   48   14  232  184   17  -23  184   43   65  112  257  369  142  276  877  396  386  941  991  991  998  995
  4 Simple Modeller       8723   -41  -38  -60    0    3   -3  -15  250  -45  -21  100  -27   27   30   64   64  297  118  -12   -8   59  -54  111  218  -16  -25  256    5  230  101  102  266  137  280  979  444  372  591  993  994  998  999
  5 Biopic                8265   -72  -47    7   -3    0   21  -51   61   34   35  122   -6    7   26   16  127  139   18  -19   -1   42   -3  277  227  -61    6   -5  432   48   94  -40  489  154  138  759  353  336  617  999  994  999  996
  6 Robertot              7896   -18  -39   -7    3  -21    0   -4   16  -23    6   45  -36   42   33   23   32  110   15   39  -10   41  -18   62  215  -13  -21    3   -9   58   52  132  395  174  100 1000  463  395  826  845  991  999 1000
  7 RussRocker4           7535  -524 -515 -131   15   51    4    0  110   31   26  157  -32  -23   62   23  119  141   55  -25  -27   46  -12  104  312  -43  -26  120  208  157  103  354  496   53  116  943  238  280  591  988  995  998  997
  8 Simple Predictor      7525  -153 -129  -92 -250  -61  -16 -110    0    7  -25   45  -53   52   48   62   19  190   20  -60   16   43  -56  762  220  -62   19  350  -18  286  -41  116  395  154  178  315  422  380  587  984  986  996  999
  9 Boom                  7508   -46   16  -30   45  -34   23  -31   -7    0  -10   59    6    2   32  -49   12   74   60  -34   24   35   28  -16  298   -4  -19   15   -6   33  119   86  366  118  214  611  420  406  753  958  990  997  994
 10 ACT-R Lag2            7409    -3  -17   37   21  -35   -6  -26   25   10    0  116   -2  -26   26   44  116   50   80   17    5   44    9  758  283  -90  -24   73  -73   21  135  -16  534   75  142  172  198  358  579  823  995  995  986
 11 Marble                6728  -222 -234 -237 -100 -122  -45 -157  -45  -59 -116    0  -27 -123   20   20  -31   18   25  -63    5   38  -96  641  255  -32    4   77   43   64  182   78  358  177  180  972  310  400  594  990  995 1000  991
 12 Shofar                6521     2    5   27   27    6   36   32   53   -6    2   27    0  -29   60   60   83   29   46    8  -32   49   19   44  138  -26   32   22   -7   92   -4   55  129  126  172  181  444  263  556  897  928  987  988
 13 Bugbrain              6180    15  -16  -32  -27   -7  -42   23  -52   -2   26  123   29    0   40   31   45  182   49    7   69   43   -7   37   90   11  -36   95   11   71   57   92  178   40   92  268  224  209  385  960  917  989  993
 14 Piedra                6157   -21  -14  -55  -30  -26  -33  -62  -48  -32  -26  -20  -60  -40    0  -62  -56  -17   -9  -23  -28   47  -62  -33  148   -5  -20   24  113  -12  158  270  291  172  241  154  342  411  594  996  994  998  998
 15 Sweet Rocky           6010   -29  -40  -62  -64  -16  -23  -23  -62   49  -44  -20  -60  -31   62    0  -71  -61  -39  -24  -27   56  -66   -9  134   35  -14   61    1  -15  117   66  240  164  178  442  206  431  590  990  994  994 1000
 16 Granite               5891  -269 -229 -260  -64 -127  -32 -119  -19  -12 -116   31  -83  -45   56   71    0   29   48  -33  -45   59 -121    8  358  -73   -3   29   22   84  159  108  323  178  145  627  218  414  591  991  993  999 1000
 17 ZQ Bot                5532  -309 -272 -255 -297 -139 -110 -141 -190  -74  -50  -18  -29 -182   17   61  -29    0   40  -25  -21   51  -37  -29  213  -48  -58   14   -4   39  181  402  279  150  194  966  314  351  595  994  995  993 1000
 18 Mixed Strategy        5439   -71  -63  -58 -118  -18  -15  -55  -20  -60  -80  -25  -46  -49    9   39  -48  -40    0  -11  -14   36    2   -8   12   -4  -34    9   36   45   21   87  179  157  178  343  304  429  530  953  937  995  975
 19 Majikthise            4804     7  -38   26   12   19  -39   25   60   34  -17   63   -8   -7   23   24   33   25   11    0   -9  -12    0  106  144    1  -13   -2  -10    4   86   10  209   30  142   44  261  143  428    7  995  995  992
 20 Vroomfondel           4526   -56   -3  -18    8    1   10   27  -16  -24   -5   -5   32  -69   28   27   45   21   14    9    0    0    9   62  132   36   31   32   30   46   31  -34  141   33  131   25  241  130  461  -18  993  994  994
 21 * Anti-rotn           4469   -45  -47  -48  -59  -42  -41  -46  -43  -35  -44  -38  -49  -43  -47  -56  -59  -51  -36   12    0    0   17  -26  191  -70  -44    3  -61  -25  183  -23   70   58  288   28  474  149  597  479 1000  998 1000
 22 Yomi AI               4052   -16  -46  -14   54    3   18   12   56  -28   -9   96  -19    7   62   66  121   37   -2    0   -9  -17    0   69  213   17  -44   -7  191  -42   44    5  309   66    1  -19  125  147  407   21  563 1000  614
 23 Inocencio             2484  -189 -202 -232 -111 -277  -62 -104 -762   16 -758 -641  -44  -37   33    9   -8   29    8 -106  -62   26  -69    0   84  -15  -12   26  317   76  177  104  195  156   75  138  185  412  358  804  988  978  981
 24 Multi-strategy        2012  -283 -184 -184 -218 -227 -215 -312 -220 -298 -283 -255 -138  -90 -148 -134 -358 -213  -12 -144 -132 -191 -213  -84    0  -50  -20   52  -73  288  170   -8   28  123  270  -45  480  343  999  997  997  999  998
 25 * De Bruijn            478   -51  -55  -17   16   61   13   43   62    4   90   32   26  -11    5  -35   73   48    4   -1  -36   70  -17   15   50    0   -1   25    9   24   25  -11   -3   23   -5   -8  -40    9  128   -1   21    0 -106
 26 * Pi                   230   -42  -23   23   25   -6   21   26  -19   19   24   -4  -32   36   20   14    3   58   34   13  -31   44   44   12   20    1    0   -7    3    9   28  -44    7  -81   21    6   18  -31   30   22  -11  -11   -9
 27 * Add-drift          -1734  -126 -134 -184 -256    5   -3 -120 -350  -15  -73  -77  -22  -95  -24  -61  -29  -14   -9    2  -32   -3    7  -26  -52  -25    7    0  -18  -14   -1  -18  -26   43   -9   10   -5  -11   24   18   -7  -24   13
 28 * Foxtrot            -1927  -362 -378  -43   -5 -432    9 -208   18    6   73  -43    7  -11 -113   -1  -22    4  -36   10  -30   61 -191 -317   73   -9   -3   18    0   20   51    6   12   17   39  -31   12  -24   -5  -17  -38    9  -53
 29 * Copy-drift         -2013  -155  -74  -65 -230  -48  -58 -157 -286  -33  -21  -64  -92  -71   12   15  -84  -39  -45   -4  -46   25   42  -76 -288  -24   -9   14  -20    0  -22    1  -61   54   13  -39  -16  -45   -4  -13   25  -21   -4
 30 * Flat               -2780  -151 -129 -112 -101  -94  -52 -103   41 -119 -135 -182    4  -57 -158 -117 -159 -181  -21  -86  -31 -183  -44 -177 -170  -25  -28    1  -51   22    0   15    6   -6  -41 -213  -16   -9  245  235  -23    1 -376
 31 * Add-react          -2852  -321 -329 -257 -102   40 -132 -354 -116  -86   16  -78  -55  -92 -270  -66 -108 -402  -87  -10   34   23   -5 -104    8   11   44   18   -6   -1  -15    0  -27  -15    6  -41  -30   39   -6   61  -33    8  -12
 32 Knucklehead          -3202  -594 -367 -369 -266 -489 -395 -496 -395 -366 -534 -358 -129 -178 -291 -240 -323 -279 -179 -209 -141  -70 -309 -195  -28    3   -7   26  -12   61   -6   27    0   62  -28   43  -29   55  199  763  862  987  992
 33 * Text               -3294  -123  -98 -142 -137 -154 -174  -53 -154 -118  -75 -177 -126  -40 -172 -164 -178 -150 -157  -30  -33  -58  -66 -156 -123  -23   81  -43  -17  -54    6   15  -62    0   -6   38  -30    1 -185  -74  -11 -185  113
 34 * Switch A Lot       -3671   -47  -92 -276 -280 -138 -100 -116 -178 -214 -142 -180 -172  -92 -241 -178 -145 -194 -178 -142 -131 -288   -1  -75 -270    5  -21    9  -39  -13   41   -6   28    6    0 -130  -26    7   34  319   -4  -23   12
 35 Peterbot             -6191  -880 -919 -877 -979 -759 -1000 -943 -315 -611 -172 -972 -181 -268 -154 -442 -627 -966 -343  -44  -25  -28   19 -138   45    8   -6  -10   31   39  213   41  -43  -38  130    0  245  368  430  981  999 1000 1000
 36 Always Switchin'     -7165  -254 -195 -396 -444 -353 -463 -238 -422 -420 -198 -310 -444 -224 -342 -206 -218 -314 -304 -261 -241 -474 -125 -185 -480   40  -18    5  -12   16   16   30   29   30   26 -245    0  -20   30  504  -24   34  -95
 37 R-P-S 20-20-60       -8807  -387  -81 -386 -372 -336 -395 -280 -380 -406 -358 -400 -263 -209 -411 -431 -414 -351 -429 -143 -130 -149 -147 -412 -343   -9   31   11   24   45    9  -39  -55   -1   -7 -368   20    0 -369 -119    6 -446   73
 38 Beat Frequent Pick  -14135  -876 -937 -941 -591 -617 -826 -591 -587 -753 -579 -594 -556 -385 -594 -590 -591 -595 -530 -428 -461 -597 -407 -358 -999 -128  -30  -24    5    4 -245    6 -199  185  -34 -430  -30  369    0 -600    0  999 1000
 39 Beat The Last Move  -19698  -987 -991 -991 -993 -999 -845 -988 -984 -958 -823 -990 -897 -960 -996 -990 -991 -994 -953   -7   18 -479  -21 -804 -997    1  -22  -18   17   13 -235  -61 -763   74 -319 -981 -504  119  600    0    1 1000 1000
 40 Rotate R-P-S        -25626  -979 -990 -991 -994 -994 -991 -995 -986 -990 -995 -995 -928 -917 -994 -994 -993 -995 -937 -995 -993 -1000 -563 -988 -997  -21   11    7   38  -25   23   33 -862   11    4 -999   24   -6    0   -1    0    0 -669
 41 Good Ole Rock       -26222  -999 -995 -998 -998 -999 -999 -998 -996 -997 -995 -1000 -987 -989 -998 -994 -999 -993 -995 -995 -994 -998 -1000 -978 -999    0   11   24   -9   21   -1   -8 -987  185   23 -1000  -34  446 -999 -1000    0    0  999
 42 * Anti-Flat         -27328  -987 -973 -995 -999 -996 -1000 -997 -999 -994 -986 -991 -988 -993 -998 -1000 -1000 -1000 -975 -992 -994 -1000 -614 -981 -998  106    9  -13   53    4  376   12 -992 -113  -12 -1000   95  -73 -1000 -1000  669 -999    0

 Match results (draw <= 50): 

    Player Name           total  W  L  D   1  2  3  4  5  6  7  8  9 10 11 12 13 14 15 16 17 18 19 20 21 22 23 24 25 26 27 28 29 30 31 32 33 34 35 36 37 38 39 40 41 42
  1 Iocaine Powder          69  28  0 13   1  2  2  2  1  1  1  1  1  1  2  1  1  1  2  1  2  2  1  2  2  2  2  2  1  2  2  2  2  2  2  2  2  2  1  2  2  2  2  2  2  2
  2 MegaHAL                 66  26  1 14   0  1  1  2  2  1  1  1  1  1  1  1  1  2  2  2  1  2  1  2  2  2  1  2  1  1  2  2  2  2  2  2  2  2  2  2  2  2  2  2  2  2
  3 Phasenbott              65  25  1 15   0  1  1  2  1  1  1  1  1  1  1  1  1  1  2  1  1  2  1  2  2  2  2  2  1  2  2  2  2  2  2  2  2  2  2  2  2  2  2  2  2  2
  4 RussRocker4             63  25  3 13   0  0  0  1  1  1  1  1  1  1  2  1  1  1  2  2  1  2  1  2  2  2  1  2  1  2  2  2  2  2  2  2  2  2  2  2  2  2  2  2  2  2
  5 Simple Modeller         63  24  2 15   1  0  1  1  1  1  0  1  1  1  1  1  1  2  2  1  1  2  2  2  2  2  1  2  1  1  2  2  2  2  2  2  2  2  2  2  2  2  2  2  2  2
  6 Shofar                  59  18  0 23   1  1  1  1  1  1  1  1  1  1  1  1  1  2  2  2  1  2  1  1  1  1  1  1  1  1  2  1  2  2  2  2  1  2  2  2  2  2  2  2  2  2
  7 Yomi AI                 58  17  0 24   1  1  1  1  2  1  1  1  1  1  1  1  1  2  2  2  1  2  1  2  1  1  1  2  1  2  1  1  2  1  2  1  1  1  1  2  2  2  2  2  2  2
  8 Robertot                58  17  0 24   1  1  1  1  1  1  1  1  1  1  1  1  1  1  1  1  1  1  1  1  2  1  1  2  1  1  2  1  2  2  2  2  2  2  2  2  2  2  2  2  2  2
  9 Boom                    58  17  0 24   1  1  1  1  1  1  1  1  1  1  1  1  1  1  1  1  1  1  1  2  2  2  1  1  1  1  2  1  2  1  2  2  2  2  2  2  2  2  2  2  2  2
 10 Bugbrain                58  18  1 22   1  1  1  1  1  1  1  1  1  1  1  1  1  1  0  1  2  1  1  2  2  1  1  1  1  1  2  2  2  2  2  2  2  2  2  1  2  2  2  2  2  2
 11 Biopic                  57  19  3 19   0  1  1  0  1  1  1  1  1  1  1  1  1  1  2  1  1  2  1  2  2  1  0  2  1  2  2  1  2  1  2  1  2  2  2  2  2  2  2  2  2  2
 12 ACT-R Lag2              57  18  2 21   1  1  1  1  1  1  1  1  1  1  1  1  1  1  1  1  1  2  1  2  1  2  0  2  1  0  2  2  2  1  2  1  2  2  2  2  2  2  2  2  2  2
 13 Majikthise              54  13  0 28   1  1  1  1  1  1  1  1  1  1  1  1  1  1  2  1  1  1  1  2  1  1  1  2  1  1  1  1  2  1  2  1  2  1  2  1  2  2  2  2  2  2
 14 Sweet Rocky             51  17  7 17   1  0  1  1  0  0  0  1  1  1  1  1  1  1  0  2  1  0  2  1  0  1  1  1  1  1  2  2  2  1  2  2  2  2  2  2  2  2  2  2  2  2
 15 Simple Predictor        50  19 10 12   0  0  0  0  0  0  0  1  1  2  0  1  0  2  1  1  1  1  1  1  2  1  0  2  1  1  2  2  2  2  2  2  1  2  2  2  2  2  2  2  2  2
 16 Piedra                  50  15  6 20   1  0  1  0  1  0  0  1  1  1  1  1  1  0  1  1  1  0  1  1  1  1  1  1  1  2  2  1  2  1  2  2  2  2  2  2  2  2  2  2  2  2
 17 Vroomfondel             49  10  2 29   0  1  1  1  1  1  1  1  1  0  1  1  1  1  1  1  1  1  1  1  1  1  1  2  1  1  1  1  2  1  2  1  1  1  2  1  2  2  2  2  2  2
 18 Granite                 49  18 10 13   0  0  0  0  0  0  0  1  1  1  0  0  1  2  1  2  1  1  2  1  1  1  0  1  1  1  2  1  2  2  2  2  2  2  2  2  2  2  2  2  2  2
 19 * Anti-rotn             47  12  6 23   1  1  1  1  0  1  1  1  1  1  1  1  1  0  1  1  1  0  1  1  0  1  0  1  1  0  1  1  2  1  2  1  2  2  2  2  2  2  2  2  2  2
 20 Marble                  47  17 11 13   0  0  0  0  0  1  0  1  0  0  0  0  0  1  1  1  1  1  1  1  1  1  1  2  1  1  2  2  2  2  2  2  2  2  2  2  2  2  2  2  2  2
 21 ZQ Bot                  46  16 11 14   0  0  0  0  0  1  1  0  0  0  0  1  1  2  0  1  1  1  2  1  1  1  1  1  0  1  2  1  2  1  2  2  2  2  2  2  2  2  2  2  2  2
 22 Mixed Strategy          46  12  7 22   0  0  0  0  0  1  1  1  0  1  1  0  1  1  1  1  1  1  1  1  1  1  1  1  1  1  2  1  1  1  2  2  1  2  2  2  2  2  2  2  2  2
 23 * De Bruijn             44   6  3 32   0  1  0  1  1  1  1  1  1  1  2  2  1  1  2  1  1  2  2  1  1  1  1  1  1  1  1  1  1  1  1  1  1  1  1  1  2  1  1  0  1  1
 24 Inocencio               44  16 13 12   0  0  0  0  0  1  0  0  1  1  0  0  0  1  0  1  0  1  1  0  1  1  1  1  1  2  2  1  2  2  2  2  2  2  2  2  2  2  2  2  2  2
 25 * Pi                    41   1  1 39   1  1  1  1  1  1  1  1  1  1  1  1  1  1  1  1  1  1  1  1  2  1  1  1  1  1  1  1  1  1  1  1  1  1  1  0  1  1  1  1  1  1
 26 * Foxtrot               37   4  8 29   0  1  0  0  1  1  0  1  1  1  0  2  1  1  1  0  1  1  2  1  1  1  1  0  1  1  1  1  2  1  1  1  2  1  1  1  1  1  1  0  1  1
 27 Peterbot                31   9 19 13   0  0  0  0  0  0  1  0  0  0  0  0  1  0  0  0  1  0  1  0  0  0  1  0  1  1  1  1  1  1  1  1  2  2  2  1  2  2  2  2  2  2
 28 * Add-drift             30   0 11 30   0  0  0  0  0  1  1  1  1  0  1  0  1  0  0  1  1  1  1  0  1  1  1  1  1  1  1  1  0  1  1  1  1  1  1  1  1  1  1  1  1  1
 29 Multi-strategy          30  12 23  6   0  0  0  0  0  0  0  0  0  0  0  0  0  0  0  0  0  0  0  0  0  1  1  0  1  0  1  2  1  2  1  1  2  2  2  2  2  2  2  2  2  2
 30 * Copy-drift            28   1 14 26   0  0  0  0  0  0  1  0  1  0  1  1  1  1  0  1  1  0  1  0  1  1  1  0  1  1  1  1  0  1  0  1  1  1  1  2  1  1  1  1  1  1
 31 Knucklehead             26   8 23 10   0  0  0  0  0  0  0  0  0  0  0  0  0  0  0  0  0  0  0  0  0  0  1  0  1  1  1  1  1  2  1  1  1  2  1  2  2  2  1  2  2  2
 32 * Add-react             25   1 17 23   0  0  0  0  0  0  1  0  0  0  1  1  1  0  0  0  1  0  1  0  0  0  1  0  1  1  1  1  1  1  1  1  1  2  1  1  1  1  1  1  1  1
 33 * Flat                  21   2 22 17   0  0  0  0  0  1  1  0  0  0  0  0  0  0  1  0  1  0  0  0  0  1  1  0  1  0  0  1  0  1  1  1  1  2  1  1  2  1  1  0  1  1
 34 Beat The Last Move      19   5 27  9   0  0  0  0  0  0  1  0  0  0  0  0  1  0  0  0  1  0  0  0  0  0  1  0  1  1  0  1  0  1  0  0  0  1  0  2  2  2  0  2  1  2
 35 * Switch A Lot          19   1 23 17   1  0  0  0  0  0  1  0  0  0  0  0  0  0  0  0  0  0  0  0  0  0  1  0  1  1  0  1  0  1  1  1  1  2  1  1  1  1  1  1  1  1
 36 * Text                  17   2 26 13   0  0  0  0  0  0  0  0  0  1  0  0  1  0  0  0  1  0  0  0  0  0  1  0  2  1  1  1  0  0  0  1  1  0  1  1  0  0  1  2  1  1
 37 Beat Frequent Pick      16   4 29  8   0  0  0  0  0  0  0  0  0  0  0  0  0  0  0  0  0  0  0  0  0  0  0  0  1  1  0  1  0  1  0  1  0  0  1  2  1  2  1  2  1  2
 38 Good Ole Rock           16   3 28 10   0  0  0  0  0  0  0  0  0  0  0  0  0  0  0  0  0  0  0  0  0  0  1  0  1  1  0  1  0  1  0  1  1  0  1  2  0  1  1  2  1  2
 39 Always Switchin'        16   1 26 14   0  0  0  0  0  0  0  0  0  0  0  0  0  0  0  0  0  0  0  0  0  0  1  0  1  1  0  1  0  1  1  1  1  2  1  1  1  1  1  0  1  1
 40 * Anti-Flat             15   5 31  5   0  0  0  0  0  0  0  0  0  0  0  0  0  0  0  0  0  0  0  0  0  0  2  0  1  2  0  1  0  1  0  1  2  0  1  0  0  0  2  1  2  0
 41 Rotate R-P-S            14   0 27 14   0  0  0  0  0  0  0  0  0  0  0  0  0  0  0  0  0  0  0  0  0  0  1  0  1  1  0  1  0  1  0  1  1  1  1  1  1  1  1  0  1  1
 42 R-P-S 20-20-60          13   1 29 11   0  0  0  0  0  0  0  0  0  0  0  0  0  0  0  0  0  0  0  0  0  0  1  0  1  1  0  1  0  1  0  1  1  0  1  1  0  0  1  2  1  1


   Yomi AI is match ranked 7

 Tournament results:
    Player Name          total 
  1 Yomi AI               4052 
 15 * Anti-rotn           4469 
 19 Iocaine Powder       10780 
 20 Phasenbott            9872 
 21 MegaHAL               9619 
 22 RussRocker4           7535 
 23 Biopic                8265 
 24 Simple Modeller       8723 
 25 Simple Predictor      7525 
 26 Robertot              7896 
 27 Boom                  7508 
 28 Shofar                6521 
 29 ACT-R Lag2            7409 
 30 Majikthise            4804 
 31 Vroomfondel           4526 
 32 Granite               5891 
 33 Marble                6728 
 34 ZQ Bot                5532 
 35 Sweet Rocky           6010 
 36 Piedra                6157 
 37 Mixed Strategy        5439 
 41 Bugbrain              6180 

   Yomi is tournament ranked 22

