 Playing 1 tournaments with 1000 trials per match...

 Yomi AI            vs Good Ole Rock       Match: 1000 (1000+   0-   0=)
 Yomi AI            vs R-P-S 20-20-60      Match:  295 (534+ 239- 227=)
 Yomi AI            vs Rotate R-P-S        Match:  992 (994+   2-   4=)
 Yomi AI            vs Beat The Last Move  Match:   28 (369+ 341- 290=)
 Yomi AI            vs Always Switchin'    Match:  222 (443+ 221- 336=)
 Yomi AI            vs Beat Frequent Pick  Match:  516 (700+ 184- 116=)
 Yomi AI            vs * Pi                Match:  -16 (321+ 337- 342=)
 Yomi AI            vs * Switch A Lot      Match:  145 (427+ 282- 291=)
 Yomi AI            vs * Flat              Match:  118 (413+ 295- 292=)
 Yomi AI            vs * Anti-Flat         Match:  992 (995+   3-   2=)
 Yomi AI            vs * Foxtrot           Match:  372 (584+ 212- 204=)
 Yomi AI            vs * De Bruijn         Match:   -5 (327+ 332- 341=)
 Yomi AI            vs * Text              Match:  105 (404+ 299- 297=)
 Yomi AI            vs * Anti-rotn         Match:   14 (338+ 324- 338=)
 Yomi AI            vs * Copy-drift        Match:  -14 (328+ 342- 330=)
 Yomi AI            vs * Add-react         Match:   19 (357+ 338- 305=)
 Yomi AI            vs * Add-drift         Match:  -14 (320+ 334- 346=)
 Yomi AI            vs Iocaine Powder      Match:   -4 (335+ 339- 326=)
 Yomi AI            vs Phasenbott          Match:   27 (357+ 330- 313=)
 Yomi AI            vs MegaHAL             Match:   10 (347+ 337- 316=)
 Yomi AI            vs RussRocker4         Match:   10 (343+ 333- 324=)
 Yomi AI            vs Biopic              Match:  -12 (363+ 375- 262=)
 Yomi AI            vs Simple Modeller     Match:  -22 (334+ 356- 310=)
 Yomi AI            vs Simple Predictor    Match:   10 (366+ 356- 278=)
 Yomi AI            vs Robertot            Match:   40 (381+ 341- 278=)
 Yomi AI            vs Boom                Match:   20 (342+ 322- 336=)
 Yomi AI            vs Shofar              Match:  -15 (325+ 340- 335=)
 Yomi AI            vs ACT-R Lag2          Match:   39 (366+ 327- 307=)
 Yomi AI            vs Majikthise          Match:  -14 (337+ 351- 312=)
 Yomi AI            vs Vroomfondel         Match:   25 (356+ 331- 313=)
 Yomi AI            vs Granite             Match:   94 (423+ 329- 248=)
 Yomi AI            vs Marble              Match:  128 (454+ 326- 220=)
 Yomi AI            vs ZQ Bot              Match:   10 (370+ 360- 270=)
 Yomi AI            vs Sweet Rocky         Match:   31 (362+ 331- 307=)
 Yomi AI            vs Piedra              Match:   37 (353+ 316- 331=)
 Yomi AI            vs Mixed Strategy      Match:    3 (341+ 338- 321=)
 Yomi AI            vs Multi-strategy      Match:  239 (499+ 260- 241=)
 Yomi AI            vs Inocencio           Match:  176 (484+ 308- 208=)
 Yomi AI            vs Peterbot            Match:   -7 (330+ 337- 333=)
 Yomi AI            vs Bugbrain            Match:  -15 (326+ 341- 333=)
 Yomi AI            vs Knucklehead         Match:  472 (641+ 169- 190=)
 Final results (draw value = 50):

 Tournament results: 

    Player Name          total     1    2    3    4    5    6    7    8    9   10   11   12   13   14   15   16   17   18   19   20   21   22   23   24   25   26   27   28   29   30   31   32   33   34   35   36   37   38   39   40   41   42
  1 Iocaine Powder       10862     0  193   61   71   45  204   51  528   42   13  -35  209   73    4   26  226   21  282   50   33  -14   38  279  224   16  -24  125  187  314  203  282   92  550   73  906  219  404  919  989  984  999 1000
  2 Phasenbott           10061  -193    0   47   52  -11  143   56  534   54   69   16  204   67  -27   72  209   14  237   54  111   41   49  212  213   23  -13   75   73  407  111  346   82  404   65  917  259  217  929  978  991  995  979
  3 MegaHAL               9482   -61  -47    0   29   13   33   20  115  -16   85  -27  260    5  -10   61  263  -13  213   46   47  -14   24  222  183   19    9  152   18  101   76  275  142  345  260  896  449  386  944  989  995 1000  995
  4 Biopic                8488   -71  -52  -29    0  -15   76   28  -50   84   44  -17  131   50   12    1  120   -7   94   60   48   23  -39  231  131  -22   10   15  100  407  148    9  162  546  189  812  348  387  535  995  996 1000  998
  5 Simple Modeller       8169   -45   11  -13   15    0  301  -31   -6  -11  -10  -13   50    7   22   71  103   35  269   40   20   -9  -68  191   72  -47    8  234  261   11  128  107  141  313  227  287  486  442  595  990  992  996  997
  6 Simple Predictor      7702  -204 -143  -33  -76 -301    0  -32  -93  -57   37  -47   33   67  -10   48   38   19  125   36   71  -22  -21  179  518  -79   19  289  256  -27   70  100  154  343  164  894  428  411  588  984  986  996  994
  7 Robertot              7653   -51  -56  -20  -28   31   32    0   24   28   26   31   62   38  -40   23   14   -6   46   31   61   -5    9  308   39   -8   -9  -11   76  -13   61   11  184  428  112  715  487  395  830  809  992 1000  997
  8 RussRocker4           7524  -528 -534 -115   50    6   93  -24    0   -1   47   18  133   55  -10   35  133  -26  176   44  103   15  -13  299  115  -73   -2  124  112  171   83  342   72  435  113  906  257  335  599  992  990 1000  997
  9 ACT-R Lag2            6992   -42  -54   16  -84   11   57  -28    1    0   49   10  160   24  -39   28   91    1   96   61   76   32   22  317  807  -65    2   19  -12  -72  105    8   66  526  176   25  253  292  567  501  996  998  995
 10 Boom                  6844   -13  -69  -85  -44   10  -37  -26  -47  -49    0  -18   40   50  -20   30   70  -11   55   52   80  -39  -42  167   -4   26  -13   65   39   16   62  107  147  430  171  267  390  363  753  990  990  997  994
 11 Shofar                6713    35  -16   27   17   13   47  -31  -18  -10   18    0   37   29   15   42   58   61   79   33   74   25  -29   81   30  -15  -18   63  125   26   17  100  184  151  233  105  453  352  554  897  923  968  978
 12 Marble                6671  -209 -204 -260 -131  -50  -33  -62 -133 -160  -40  -37    0   26 -128   22   30 -117   41   44   33  -47  -66  250  644  -27  -18  -25   57   79  188  152  180  304  196  926  276  388  594  994  995  999 1000
 13 Sweet Rocky           6660   -73  -67   -5  -50   -7  -67  -38  -55  -24  -50  -29  -26    0  -31  -13    2   -5   -9   63   25  -29  -35  123  -48  -33    8   17    0   -3   90  392  153  158  215  942  210  394  595  988  989  995  998
 14 Yomi AI               6051    -4   27   10  -12  -22   10   40   10   39   20  -15  128   31    0   37   94  -15   10   14    3  -14   25  239  176   -5  -16  -14  -14  372  118   19  105  472  145   -7  222  295  516   28  992 1000  992
 15 Piedra                5985   -26  -72  -61   -1  -71  -48  -23  -35  -28  -30  -42  -22   13  -37    0  -49  -36  -35   41   21  -51  -41   11  -28  -21   -4   66   49   43  158  164  172  223  132  323  365  389  593  989  996 1000  998
 16 Granite               5973  -226 -209 -263 -120 -103  -38  -14 -133  -91  -70  -58  -30   -2  -94   49    0  -80   40   44   -2  -34  -46  390  284  -56  -16   23    5   33  135   86  177  360  107  687  277  393  591  991  992  998  996
 17 Bugbrain              5879   -21  -14   13    7  -35  -19    6   26   -1   11  -61  117    5   15   36   80    0  172   44  -11   -2   14  144   82  -38   44   98   51  -15   86   79   88  118   90   60  195  175  399  945  977  936  983
 18 ZQ Bot                5548  -282 -237 -213  -94 -269 -125  -46 -176  -96  -55  -79  -41    9  -10   35  -40 -172    0   55    6   16  -36  201  270  -34   -3   55   73   -7  139  223  165  318  195  800  101  331  595  991  993  996  996
 19 * Anti-rotn           5522   -50  -54  -46  -60  -40  -36  -31  -44  -61  -52  -33  -44  -63  -14  -41  -44  -44  -55    0   -5   14   -3  273  741  -47  -36   15   -7  -33  225   -3   52   84  332   39  503  202  499  492 1000 1000  997
 20 Mixed Strategy        4969   -33 -111  -47  -48  -20  -71  -61 -103  -76  -80  -74  -33  -25   -3  -21    2   11   -6    5    0    2  -17    2  -37  -13  -13  -46   99    3  180   99  131  176  180   98  117  406  451  973  980  996  996
 21 Majikthise            4626    14  -41   14  -23    9   22    5  -15  -32   39  -25   47   29   14   51   34    2  -16  -14   -2    0   22  214   35  -24  -15   17  -20   20   75    6   13  198  120   -2  327  144  431  -27  992  995  993
 22 Vroomfondel           4583   -38  -49  -24   39   68   21   -9   13  -22   42   29   66   35  -25   41   46  -14   36    3   17  -22    0  113   49  -12  -19   32  -17    9   64  -14   13  174  114    8  250  171  450  -29  992  997  985
 23 Multi-strategy        2659  -279 -212 -222 -231 -191 -179 -308 -299 -317 -167  -81 -250 -123 -239  -11 -390 -144 -201 -273   -2 -214 -113    0 -105  -50  -20  -14  267   10  104   56  123   41  305  500  474  423  999  997  997  999  999
 24 Inocencio             1576  -224 -213 -183 -131  -72 -518  -39 -115 -807    4  -30 -644   48 -176   28 -284  -82 -270 -741   37  -35  -49  105    0  -23   -3   37   88  295  112   46  157  195  152  126  178  392  360  911  985  984  975
 25 * De Bruijn            678   -16  -23  -19   22   47   79    8   73   65  -26   15   27   33    5   21   56   38   34   47   13   24   12   50   23    0   -1   14  -15  -43   22  -31   23   13   32  -22   29   11  128   -1   21    0 -110
 26 * Pi                    75    24   13   -9  -10   -8  -19    9    2   -2   13   18   18   -8   16    4   16  -44    3   36   13   15   19   20    3    1    0  -16   -4   41   13  -19  -81  -31   13   13  -63   48   30   22  -11  -11  -12
 27 * Add-drift          -1466  -125  -75 -152  -15 -234 -289   11 -124  -19  -65  -63   25  -17   14  -66  -23  -98  -55  -15   46  -17  -32   14  -37  -14   16    0  -54   40    1  -19   12   24   12  -53    8   20  -60    5   11    8  -12
 28 * Copy-drift         -1955  -187  -73  -18 -100 -261 -256  -76 -112   12  -39 -125  -57    0   14  -49   -5  -51  -73    7  -99   20   17 -267  -88   15    4   54    0  -33  -14    0   10  -68  -40  -19  -30   19   -8  -17  -11    0   49
 29 * Foxtrot            -2053  -314 -407 -101 -407  -11   27   13 -171   72  -16  -26  -79    3 -372  -43  -33   15    7   33   -3  -20   -9  -10 -295   43  -41  -40   33    0   13  -12    1   13   24  -31   15   10   38   25  -13   50  -34
 30 * Flat               -2873  -203 -111  -76 -148 -128  -70  -61  -83 -105  -62  -17 -188  -90 -118 -158 -135  -86 -139 -225 -180  -75  -64 -104 -112  -22  -13   -1   14  -13    0   13  -16  -15    8 -161   23   18  236  196  -10   -1 -391
 31 * Add-react          -2946  -282 -346 -275   -9 -107 -100  -11 -342   -8 -107 -100 -152 -392  -19 -164  -86  -79 -223    3  -99   -6   14  -56  -46   31   19   19    0   12  -13    0   13  -93  -11    4   27    1    5  -12  -58    3   99
 32 * Text               -3306   -92  -82 -142 -162 -141 -154 -184  -72  -66 -147 -184 -180 -153 -105 -172 -177  -88 -165  -52 -131  -13  -13 -123 -157  -23   81  -12  -10   -1   16  -13    0  -70   10   19  -14    8 -185  -74  -11 -185  113
 33 Knucklehead          -3554  -550 -404 -345 -546 -313 -343 -428 -435 -526 -430 -151 -304 -158 -472 -223 -360 -118 -318  -84 -176 -198 -174  -41 -195  -13   31  -24   68  -13   15   93   70    0   19   16   20   80   99  995  379  951  952
 34 * Switch A Lot       -3929   -73  -65 -260 -189 -227 -164 -112 -113 -176 -171 -233 -196 -215 -145 -132 -107  -90 -195 -332 -180 -120 -114 -305 -152  -32  -13  -12   40  -24   -8   11  -10  -19    0 -128    6   32    8  293   -6  -13   12
 35 Peterbot             -5798  -906 -917 -896 -812 -287 -894 -715 -906  -25 -267 -105 -926 -942    7 -323 -687  -60 -800  -39  -98    2   -8 -500 -126   22  -13   53   19   31  161   -4  -19  -16  128    0  247  427  429  982  999 1000  986
 36 Always Switchin'     -7216  -219 -259 -449 -348 -486 -428 -487 -257 -253 -390 -453 -276 -210 -222 -365 -277 -195 -101 -503 -117 -327 -250 -474 -178  -29   63   -8   30  -15  -23  -27   14  -20   -6 -247    0   34   46  476   15   14   -9
 37 R-P-S 20-20-60       -9697  -404 -217 -386 -387 -442 -411 -395 -335 -292 -363 -352 -388 -394 -295 -389 -393 -175 -331 -202 -406 -144 -171 -423 -392  -11  -48  -20  -19  -10  -18   -1   -8  -80  -32 -427  -34    0 -410 -146   14 -388   28
 38 Beat Frequent Pick  -13847  -919 -929 -944 -535 -595 -588 -830 -599 -567 -753 -554 -594 -595 -516 -593 -591 -399 -595 -499 -451 -431 -450 -999 -360 -128  -30   60    8  -38 -236   -5  185  -99   -8 -429  -46  410    0 -600    0  999  996
 39 Beat The Last Move  -19504  -989 -978 -989 -995 -990 -984 -809 -992 -501 -990 -897 -994 -988  -28 -989 -991 -945 -991 -492 -973   27   29 -997 -911    1  -22   -5   17  -25 -196   12   74 -995 -293 -982 -476  146  600    0    1 1000  996
 40 Rotate R-P-S        -25745  -984 -991 -995 -996 -992 -986 -992 -990 -996 -990 -923 -995 -989 -992 -996 -992 -977 -993 -1000 -980 -992 -992 -997 -985  -21   11  -11   11   13   10   58   11 -379    6 -999  -15  -14    0   -1    0    0 -710
 41 Good Ole Rock       -26271  -999 -995 -1000 -1000 -996 -996 -1000 -1000 -998 -997 -968 -999 -995 -1000 -1000 -998 -936 -996 -1000 -996 -995 -997 -999 -984    0   11   -8    0  -50    1   -3  185 -951   13 -1000  -14  388 -999 -1000    0    0 1000
 42 * Anti-Flat         -27785  -1000 -979 -995 -998 -997 -994 -997 -997 -995 -994 -978 -1000 -998 -992 -998 -996 -983 -996 -997 -996 -993 -985 -999 -975  110   12   12  -49   34  391  -99 -113 -952  -12 -986    9  -28 -996 -996  710 -1000    0

 Match results (draw <= 50): 

    Player Name           total  W  L  D   1  2  3  4  5  6  7  8  9 10 11 12 13 14 15 16 17 18 19 20 21 22 23 24 25 26 27 28 29 30 31 32 33 34 35 36 37 38 39 40 41 42
  1 Phasenbott              71  31  1  9   1  0  1  2  2  1  1  1  2  1  2  2  2  1  1  2  2  2  2  2  2  1  2  2  1  2  2  2  2  2  2  2  2  2  2  2  2  2  2  2  2  2
  2 Iocaine Powder          69  28  0 13   2  1  2  2  2  1  1  1  1  1  1  2  2  1  1  2  1  1  2  2  1  1  2  2  1  2  2  2  2  2  2  2  2  2  2  2  2  2  2  2  2  2
  3 MegaHAL                 63  23  1 17   1  0  1  2  1  1  1  1  2  1  1  1  1  1  1  1  2  1  2  2  1  1  2  2  1  2  2  2  2  1  2  2  2  2  2  2  2  2  2  2  2  2
  4 RussRocker4             61  24  4 13   0  0  0  1  1  1  1  1  1  1  1  1  2  1  1  2  1  1  2  2  2  0  2  2  1  2  2  2  2  2  2  2  2  2  2  2  2  2  2  2  2  2
  5 Biopic                  61  22  2 17   0  0  1  1  1  1  1  1  1  1  2  1  2  1  1  1  1  2  2  2  1  1  2  2  1  2  2  2  1  2  2  1  2  2  2  2  2  2  2  2  2  2
  6 Simple Modeller         61  21  1 19   1  1  1  1  1  1  1  1  1  1  1  1  2  0  1  1  2  1  1  2  1  1  2  2  1  1  2  2  2  2  2  2  2  2  2  2  2  2  2  2  2  2
  7 Shofar                  60  19  0 22   1  1  1  1  1  1  1  2  1  1  1  1  1  1  1  1  1  1  1  2  2  1  2  1  1  1  2  2  2  2  2  2  2  1  2  2  2  2  2  2  2  2
  8 Bugbrain                60  20  1 20   1  1  1  1  1  1  0  1  1  1  1  1  1  1  1  1  1  1  2  2  1  1  2  2  1  1  2  2  2  2  2  2  2  2  2  2  2  2  2  2  2  2
  9 Boom                    58  19  2 20   0  1  0  1  1  1  1  1  1  1  1  1  1  1  1  1  1  2  1  2  2  1  2  1  1  1  2  2  2  1  2  2  2  2  2  2  2  2  2  2  2  2
 10 Yomi AI                 56  15  0 26   1  1  1  1  1  1  1  1  1  1  1  1  1  1  1  1  1  1  2  1  1  1  2  2  1  2  2  1  1  1  2  1  1  2  2  2  2  2  2  2  2  2
 11 ACT-R Lag2              56  19  4 18   0  1  1  1  0  1  1  1  1  1  1  1  2  1  1  1  1  2  2  2  2  0  2  2  1  0  2  1  1  1  2  1  2  2  2  2  2  2  2  2  2  2
 12 Robertot                55  16  2 23   0  0  1  1  1  1  1  1  1  1  1  1  1  1  1  1  1  1  2  1  2  1  1  1  1  1  2  2  1  2  2  1  2  2  2  2  2  2  2  2  2  2
 13 Simple Predictor        54  20  7 14   0  0  1  0  0  0  1  1  1  1  0  1  1  1  1  2  1  1  1  2  2  0  1  2  1  1  2  2  2  2  2  2  2  2  2  2  2  2  2  2  2  2
 14 Vroomfondel             53  12  0 29   1  1  1  1  1  2  1  1  1  1  1  1  1  1  1  1  1  1  2  1  1  1  1  1  1  1  2  1  1  1  2  1  1  2  2  2  2  1  2  2  2  2
 15 Majikthise              52  11  0 30   1  1  1  1  1  1  1  1  1  1  1  1  1  1  1  1  2  1  1  1  1  1  1  1  1  1  2  1  1  1  2  1  1  2  2  2  2  1  2  2  2  2
 16 Sweet Rocky             52  15  4 22   0  0  1  0  1  1  1  1  1  1  1  1  0  1  1  1  1  2  1  1  1  1  1  1  1  1  2  2  1  1  2  2  2  2  2  2  2  2  2  2  2  2
 17 Piedra                  51  14  4 23   0  1  0  1  1  0  1  1  1  1  1  1  1  1  0  1  1  1  1  1  1  1  1  1  1  1  1  2  2  1  2  2  2  2  2  2  2  2  2  2  2  2
 18 * Anti-rotn             48  13  6 22   0  1  1  1  0  1  1  1  0  1  0  1  1  1  1  0  1  1  1  0  1  1  1  2  1  1  2  1  1  1  2  1  2  2  2  2  2  2  2  2  2  2
 19 Marble                  48  17 10 14   0  0  0  0  0  1  1  0  1  0  0  0  1  0  1  1  1  1  1  1  1  1  1  2  1  2  2  2  1  2  2  2  2  2  2  2  2  2  2  2  2  2
 20 ZQ Bot                  48  18 11 12   0  0  0  0  0  0  0  0  0  1  0  1  0  1  1  1  1  2  1  1  1  1  1  2  1  1  2  2  2  2  2  2  2  2  2  2  2  2  2  2  2  2
 21 Mixed Strategy          48  14  7 20   0  1  1  0  1  1  0  1  0  1  0  0  0  1  1  1  1  1  1  1  1  1  1  1  1  1  1  2  1  2  2  2  2  2  2  2  2  2  2  2  2  2
 22 * De Bruijn             45   5  1 35   1  1  1  2  1  1  1  1  1  1  2  1  2  1  1  1  1  1  1  1  1  1  2  1  1  1  1  1  1  1  1  1  1  1  1  1  2  1  1  1  0  1
 23 Granite                 44  15 12 14   0  0  0  0  0  0  0  0  0  0  0  1  1  1  1  1  1  1  1  1  1  0  1  2  1  1  2  2  1  1  2  2  2  2  2  2  2  2  2  2  2  2
 24 Inocencio               42  15 14 12   0  0  0  0  0  0  1  0  1  0  0  1  0  1  1  1  1  0  0  0  1  1  0  1  1  2  2  2  1  2  2  1  2  2  2  2  2  2  2  2  2  2
 25 * Pi                    39   0  2 39   1  1  1  1  1  1  1  1  1  1  1  1  1  1  1  1  1  1  1  1  1  1  1  1  1  1  1  1  1  1  1  1  1  1  0  1  1  0  1  1  1  1
 26 * Foxtrot               34   1  8 32   0  0  0  0  0  1  1  1  1  0  2  1  1  1  1  1  1  1  0  1  1  1  1  0  1  1  1  1  1  1  1  1  1  1  1  1  1  1  1  1  1  1
 27 Multi-strategy          33  13 21  7   0  0  0  0  0  0  0  0  0  0  0  0  0  0  0  0  1  0  0  0  1  1  0  0  1  1  1  2  1  2  1  2  2  2  2  2  2  2  2  2  2  2
 28 Peterbot                32  10 19 12   0  0  0  0  0  0  0  0  0  1  1  0  0  1  1  0  0  1  0  0  0  1  0  0  1  1  0  1  2  1  1  1  2  2  2  2  2  1  2  2  2  2
 29 * Add-drift             27   0 14 27   0  0  0  0  1  0  0  0  0  1  1  1  0  1  1  1  0  1  1  0  1  1  1  1  1  1  1  0  1  0  1  1  1  1  1  1  0  1  1  1  1  1
 30 * Copy-drift            27   1 15 25   0  0  1  0  0  0  0  0  1  1  1  0  0  1  1  1  1  1  0  0  0  1  1  0  1  1  0  1  2  1  0  1  1  1  1  1  1  1  1  1  1  1
 31 Knucklehead             27   9 23  9   0  0  0  0  0  0  0  0  0  0  0  0  0  0  0  0  0  0  0  0  0  1  0  0  1  1  1  1  1  2  1  2  2  1  1  1  2  2  2  2  2  2
 32 * Add-react             24   1 18 22   0  0  0  0  1  0  0  0  0  1  1  1  0  1  1  0  0  1  0  0  0  1  0  1  1  1  0  1  1  1  0  1  1  1  1  1  1  1  1  0  2  1
 33 Beat The Last Move      20   5 26 10   0  0  0  0  0  0  0  0  0  1  0  0  0  1  1  0  0  0  0  0  0  1  0  0  1  1  0  0  1  1  0  1  1  0  0  0  2  2  2  1  2  2
 34 * Flat                  18   2 25 14   0  0  0  0  0  0  1  0  0  0  0  0  0  0  0  0  0  0  0  0  0  1  0  0  1  1  0  0  1  1  1  1  2  1  1  1  2  1  1  1  0  1
 35 Always Switchin'        18   2 25 14   0  0  0  0  0  0  0  0  0  0  0  0  0  0  0  0  0  0  0  0  0  1  0  0  2  1  0  0  1  1  1  1  2  1  1  1  1  1  1  1  1  1
 36 * Switch A Lot          17   1 25 15   0  0  0  0  0  0  0  0  0  0  0  0  0  0  0  0  0  0  0  0  0  1  0  0  1  1  0  0  1  1  1  1  2  1  1  1  1  1  1  1  1  1
 37 Beat Frequent Pick      17   5 29  7   0  0  0  0  0  0  0  0  0  0  0  0  0  0  0  0  0  0  0  0  0  0  0  0  1  1  0  0  2  1  0  1  0  0  1  1  1  2  2  1  2  2
 38 * Text                  17   2 26 13   0  0  0  0  0  0  0  0  0  0  0  0  0  1  1  0  0  0  0  0  0  1  0  0  2  1  0  1  1  1  0  1  0  1  1  1  0  1  0  1  2  1
 39 Good Ole Rock           16   3 28 10   0  0  0  0  0  0  0  0  0  0  0  0  0  0  0  0  0  0  0  0  0  1  0  0  1  1  0  0  1  1  0  1  0  1  1  1  0  2  1  1  2  2
 40 Rotate R-P-S            15   1 27 13   0  0  0  0  0  0  0  0  0  0  0  0  0  0  0  0  0  0  0  0  0  1  0  0  1  1  0  0  1  1  0  2  1  1  1  1  1  1  1  1  0  1
 41 * Anti-Flat             13   3 31  7   0  0  0  0  0  0  0  0  0  0  0  0  0  0  0  0  0  0  0  0  0  2  0  0  1  1  0  0  1  1  0  0  0  2  1  1  0  0  0  2  1  1
 42 R-P-S 20-20-60          12   0 29 12   0  0  0  0  0  0  0  0  0  0  0  0  0  0  0  0  0  0  0  0  0  1  0  0  1  1  0  0  1  1  0  1  0  1  1  1  0  1  0  1  1  1


   Yomi AI is match ranked 10

 Tournament results:
    Player Name          total 
  1 Yomi AI               6051 
 19 Iocaine Powder       10862 
 20 Phasenbott           10061 
 21 MegaHAL               9482 
 22 RussRocker4           7524 
 23 Biopic                8488 
 24 Simple Modeller       8169 
 25 Simple Predictor      7702 
 26 Robertot              7653 
 27 Boom                  6844 
 28 Shofar                6713 
 29 ACT-R Lag2            6992 
 33 Marble                6671 
 35 Sweet Rocky           6660 

   Yomi is tournament ranked 14

