 Playing 1 tournaments with 1000 trials per match...

 Yomi AI            vs Good Ole Rock       Match: 1000 (1000+   0-   0=)
 Yomi AI            vs R-P-S 20-20-60      Match:  304 (538+ 234- 228=)
 Yomi AI            vs Rotate R-P-S        Match:  988 (992+   4-   4=)
 Yomi AI            vs Beat The Last Move  Match:  183 (477+ 294- 229=)
 Yomi AI            vs Always Switchin'    Match:  239 (451+ 212- 337=)
 Yomi AI            vs Beat Frequent Pick  Match:  501 (688+ 187- 125=)
 Yomi AI            vs * Pi                Match:  -29 (318+ 347- 335=)
 Yomi AI            vs * Switch A Lot      Match:  136 (420+ 284- 296=)
 Yomi AI            vs * Flat              Match:  155 (448+ 293- 259=)
 Yomi AI            vs * Anti-Flat         Match:  992 (995+   3-   2=)
 Yomi AI            vs * Foxtrot           Match:  360 (567+ 207- 226=)
 Yomi AI            vs * De Bruijn         Match:    9 (334+ 325- 341=)
 Yomi AI            vs * Text              Match:  101 (401+ 300- 299=)
 Yomi AI            vs * Anti-rotn         Match:   -7 (317+ 324- 359=)
 Yomi AI            vs * Copy-drift        Match:  -23 (323+ 346- 331=)
 Yomi AI            vs * Add-react         Match:   25 (360+ 335- 305=)
 Yomi AI            vs * Add-drift         Match:   -8 (323+ 331- 346=)
 Yomi AI            vs Iocaine Powder      Match:  -67 (312+ 379- 309=)
 Yomi AI            vs Phasenbott          Match:   11 (326+ 315- 359=)
 Yomi AI            vs MegaHAL             Match:  -29 (330+ 359- 311=)
 Yomi AI            vs RussRocker4         Match:   10 (342+ 332- 326=)
 Yomi AI            vs Biopic              Match:   -1 (339+ 340- 321=)
 Yomi AI            vs Simple Modeller     Match:  -13 (329+ 342- 329=)
 Yomi AI            vs Simple Predictor    Match:   19 (358+ 339- 303=)
 Yomi AI            vs Robertot            Match:   77 (398+ 321- 281=)
 Yomi AI            vs Boom                Match:   -5 (333+ 338- 329=)
 Yomi AI            vs Shofar              Match:   57 (361+ 304- 335=)
 Yomi AI            vs ACT-R Lag2          Match:  -24 (337+ 361- 302=)
 Yomi AI            vs Majikthise          Match:   16 (350+ 334- 316=)
 Yomi AI            vs Vroomfondel         Match:   13 (349+ 336- 315=)
 Yomi AI            vs Granite             Match:  110 (433+ 323- 244=)
 Yomi AI            vs Marble              Match:  151 (454+ 303- 243=)
 Yomi AI            vs ZQ Bot              Match:   84 (439+ 355- 206=)
 Yomi AI            vs Sweet Rocky         Match:   17 (348+ 331- 321=)
 Yomi AI            vs Piedra              Match:   18 (357+ 339- 304=)
 Yomi AI            vs Mixed Strategy      Match:   35 (372+ 337- 291=)
 Yomi AI            vs Multi-strategy      Match:  203 (468+ 265- 267=)
 Yomi AI            vs Inocencio           Match:   38 (404+ 366- 230=)
 Yomi AI            vs Peterbot            Match:   85 (389+ 304- 307=)
 Yomi AI            vs Bugbrain            Match:   41 (367+ 326- 307=)
 Yomi AI            vs Knucklehead         Match:  483 (647+ 164- 189=)
 Final results (draw value = 50):

 Tournament results: 

    Player Name          total     1    2    3    4    5    6    7    8    9   10   11   12   13   14   15   16   17   18   19   20   21   22   23   24   25   26   27   28   29   30   31   32   33   34   35   36   37   38   39   40   41   42
  1 Iocaine Powder       11301     0   35   66    2   50   51  495   23  198   39  237  -29   67   20  239   57    3   66    5  294   13   42  244   21  -17  811  110  189  340  552  210  313   89  109  200  922  350  915  988  982 1000 1000
  2 MegaHAL              10244   -35    0  -14   20   13  -20   93   29   49   23  235  -31   29   70  203   48  -26   61   38  243  -61  -14  285  -49   -4  952  171   78   -8  399  100  263  133  241  472  897  416  963  996  987  999 1000
  3 Phasenbott           10010   -66   14    0   36   74   42  544   61  131   37  200   58  -11   53  226   76   68   19   50  262  -25   40  291   30  -21  196   86  104  337  383   82  320   90   56  237  901  141  926  990  988  993  991
  4 Simple Modeller       8685    -2  -20  -36    0  -25  -11   -9  -52  238    4   71   12   13   15   83   71   82   25   72  311  -47   24  173   19    4   83  212  261   29  245  119  104  113  205  487  843  407  592  989  990  996  995
  5 Biopic                8431   -50  -13  -74   25    0   -5    6   25   49  -37  117  -31    1   65  116   36    0   18   28  111   56    1  253   -5    3  112   33   46  415  536  181   22  140  142  351  822  406  550  996  998  996  990
  6 ACT-R Lag2            8058   -51   20  -42   11    5    0    4   22   56   55  104   24   24   36  107   21   -4   23   -5   76  -40   46  302  -75  -35  804   -5   -7  -24  546  170   81  119  172  295  844  342  570  492  993  995  987
  7 RussRocker4           7813  -495  -93 -544    9   -6   -4    0   56  112   33  103  -19  -10   19  150   44   -2   57   33  168  -28   16  293  -11   15  515   60  121  194  472  119  328   37   68  270  910  248  593  994  992  999  997
  8 Robertot              7663   -23  -29  -61   52  -25  -22  -56    0   46  -18  -11  -37  -77   39   93   61   -1   66   76  102    1  -37  309  -64  -35   97   -8   73  -20  419   75   92  157   72  451  707  410  830  972  996  998  993
  9 Simple Predictor      7447  -198  -49 -131 -238  -49  -56 -112  -46    0   47   23  -32  -19   61   37   32   21   26   59  158  -25  -20  220  -62   19  769  297  222  -17  274  119  115  149  172  413  318  392  592  985  986  995 1000
 10 Boom                  7130   -39  -23  -37   -4   37  -55  -33   18  -47    0   18   13    5   27   70   62    2    3    5   51  -24   -4  321  -15    0   19  -13   21   23  450   88  101  123  174  437  369  322  753  931  990  997  994
 11 Granite               6952  -237 -235 -200  -71 -117 -104 -103   11  -23  -18    0  -11 -110   42   11   41  -58   27   41    0  -28  -59  232  -38   -2  656   31   66   63  332  183  153  181  193  244  911  374  594  992  993 1000  995
 12 Shofar                6430    29   31  -58  -12   31  -24   19   37   32  -13   11    0  -57   55   66   40   34   32   41   63  -45  -10  124  -49    4   11    7   50   -7  231   20   56  116  221  444  177  355  554  906  938  983  987
 13 Yomi AI               6255   -67  -29   11  -13   -1  -24   10   77   19   -5  110   57    0   17  151   -7   41   35   18   84   16   13  203    9  -29   38   -8  -23  360  483  155   25  101  136  239   85  304  501  183  988 1000  992
 14 Sweet Rocky           6163   -20  -70  -53  -15  -65  -36  -19  -39  -61  -27  -42  -55  -17    0   -3   52  -70  -20   -9  -33  -29  -43  102  -42   -6  -25   91   75   43  210  192  336  168  179  322  230  394  591  992  993  996  996
 15 Marble                5972  -239 -203 -226  -83 -116 -107 -150  -93  -37  -70  -11  -66 -151    3    0   50  -29   10   68    1  -66  -16  435  -83  -11   33   16   16   67  321  149   63  175  166  249  911  418  591  994  994  999 1000
 16 * Anti-rotn           5910   -57  -48  -76  -71  -36  -21  -44  -61  -32  -62  -41  -40    7  -52  -50    0  -40    5   32  -46  -22  -20  174  -43  -45  653  -17  -23   -1  110  205    2   54  331  494   26  179  597 1000  997  996  996
 17 Bugbrain              5757    -3   26  -68  -82    0    4    2    1  -21   -2   58  -34  -41   70   29   40    0   56   29  195    3  -23  109   20    0   61   62   31  -37  129   41  108   51   78  205  236  177  401  939  966  988  953
 18 Mixed Strategy        5756   -66  -61  -19  -25  -18  -23  -57  -66  -26   -3  -27  -32  -35   20  -10   -5  -56    0    0  -50  -73  -12   64    9  -79  738   27   46  -17  188   74   -2  172   90   52  296  383  520  944  949  996  950
 19 Piedra                5555    -5  -38  -50  -72  -28    5  -33  -76  -59   -5  -41  -41  -18    9  -68  -32  -29    0    0  -17  -68  -27   39  -39  -35  -34   57   46   19  120  123  192  170  160  222  292  348  590  995  987  998  998
 20 ZQ Bot                5475  -294 -243 -262 -311 -111  -76 -168 -102 -158  -51    0  -63  -84   33   -1   46 -195   50   17    0  -34  -17  178  -13    5    3   10  -40   30  353  144  325  160  124  305  993  356  592  993  990 1000  991
 21 Majikthise            5220   -13   61   25   47  -56   40   28   -1   25   24   28   45  -16   29   66   22   -3   73   68   34    0  -33  138    2   15  116   40   26   13  190   96   17   51  111  296   67  150  477  -54  990  995  991
 22 Vroomfondel           4656   -42   14  -40  -24   -1  -46  -16   37   20    4   59   10  -13   43   16   20   23   12   27   17   33    0  132  -29  -11   37   28  -10   16  222   63    8   30  100  248   38  195  459   -1  992  995  991
 23 Multi-strategy        2262  -244 -285 -291 -173 -253 -302 -293 -309 -220 -321 -232 -124 -203 -102 -435 -174 -109  -64  -39 -178 -138 -132    0  -50  -20 -151  -16  221  -51   84   61   -2  123  307  473  500  414  999  997  997  999  998
 24 * De Bruijn            640   -21   49  -30  -19    5   75   11   64   62   15   38   49   -9   42   83   43  -20   -9   39   13   -2   29   50    0   -1    3   28   -3   19  -26   25    0   23   -8   -8  -21    3  128   -1   21    0  -99
 25 * Pi                   273    17    4   21   -4   -3   35  -15   35  -19    0    2   -4   29    6   11   45    0   79   35   -5  -15   11   20    1    0   25   19  -17   11   38  -48  -13  -81   21   12   15  -16   30   22  -11  -11   -9
 26 Inocencio             -661  -811 -952 -196  -83 -112 -804 -515  -97 -769  -19 -656  -11  -38   25  -33 -653  -61 -738   34   -3 -116  -37  151   -3  -25    0   47  117  305  241   74   91  157   97  211  104  408  354  718  979  979  979
 27 * Add-drift          -1585  -110 -171  -86 -212  -33    5  -60    8 -297   13  -31   -7    8  -91  -16   17  -62  -27  -57  -10  -40  -28   16  -28  -19  -47    0  -70   32   26  -37  -67   13    8  -15  -56   27   29    7  -78  -49   10
 28 * Copy-drift         -1730  -189  -78 -104 -261  -46    7 -121  -73 -222  -21  -66  -50   23  -75  -16   23  -31  -46  -46   40  -26   10 -221    3   17 -117   70    0  -30  -66  -35   19  -10  -15   40  -62   13  -10   -4  -18    6   58
 29 * Foxtrot            -2073  -340    8 -337  -29 -415   24 -194   20   17  -23  -63    7 -360  -43  -67    1   37   17  -19  -30  -13  -16   51  -19  -11 -305  -32   30    0   52   22  -12   24   -3   56  -38    2   12   -4  -27  -22  -31
 30 Knucklehead          -2759  -552 -399 -383 -245 -536 -546 -472 -419 -274 -450 -332 -231 -483 -210 -321 -110 -129 -188 -120 -353 -190 -222  -84   26  -38 -241  -26   66  -52    0  -23   76   11   16   46 1000   28  155  920  613  917  996
 31 * Flat               -2918  -210 -100  -82 -119 -181 -170 -119  -75 -119  -88 -183  -20 -155 -192 -149 -205  -41  -74 -123 -144  -96  -63  -61  -25   48  -74   37   35  -22   23    0  -47   17  -11    9 -188    1  237  207    2   -1 -397
 32 * Add-react          -2972  -313 -263 -320 -104  -22  -81 -328  -92 -115 -101 -153  -56  -25 -336  -63   -2 -108    2 -192 -325  -17   -8    2    0   13  -91   67  -19   12  -76   47    0  -21  -19   49  -26   10   12  -24   26    5   83
 33 * Text               -3111   -89 -133  -90 -113 -140 -119  -37 -157 -149 -123 -181 -116 -101 -168 -175  -54  -51 -172 -170 -160  -51  -30 -123  -23   81 -157  -13   10  -24  -11  -17   21    0   16   44    7    0 -185  -74  -11 -185  112
 34 * Switch A Lot       -3549  -109 -241  -56 -205 -142 -172  -68  -72 -172 -174 -193 -221 -136 -179 -166 -331  -78  -90 -160 -124 -111 -100 -307    8  -21  -97   -8   15    3  -16   11   19  -16    0  -18 -151    6   23  298    3  -13   12
 35 Always Switchin'     -7594  -200 -472 -237 -487 -351 -295 -270 -451 -413 -437 -244 -444 -239 -322 -249 -494 -205  -52 -222 -305 -296 -248 -473    8  -12 -211   15  -40  -56  -46   -9  -49  -44   18    0 -281    9    9  487    7   13   -6
 36 Peterbot             -7785  -922 -897 -901 -843 -822 -844 -910 -707 -318 -369 -911 -177  -85 -230 -911  -26 -236 -296 -292 -993  -67  -38 -500   21  -15 -104   56   62   38 -1000  188   26   -7  151  281    0  416  435  963  999 1000 1000
 37 R-P-S 20-20-60       -9355  -350 -416 -141 -407 -406 -342 -248 -410 -392 -322 -374 -355 -304 -394 -418 -179 -177 -383 -348 -356 -150 -195 -414   -3   16 -408  -27  -13   -2  -28   -1  -10    0   -6   -9 -416    0 -413 -144   10 -435   15
 38 Beat Frequent Pick  -14167  -915 -963 -926 -592 -550 -570 -593 -830 -592 -753 -594 -554 -501 -591 -591 -597 -401 -520 -590 -592 -477 -459 -999 -128  -30 -354  -29   10  -12 -155 -237  -12  185  -23   -9 -435  413    0 -600    0  999 1000
 39 Beat The Last Move  -19987  -988 -996 -990 -989 -996 -492 -994 -972 -985 -931 -992 -906 -183 -992 -994 -1000 -939 -944 -995 -993   54    1 -997    1  -22 -718   -7    4    4 -920 -207   24   74 -298 -487 -963  144  600    0    1 1000  996
 40 Rotate R-P-S        -25852  -982 -987 -988 -990 -998 -993 -992 -996 -986 -990 -993 -938 -988 -993 -994 -997 -966 -949 -987 -990 -990 -992 -997  -21   11 -979   78   18   27 -613   -2  -26   11   -3   -7 -999  -10    0   -1    0    0 -660
 41 Good Ole Rock       -26118  -1000 -999 -993 -996 -996 -995 -999 -998 -995 -997 -1000 -983 -1000 -996 -999 -996 -988 -996 -998 -1000 -995 -995 -999    0   11 -979   49   -6   22 -917    1   -5  185   13  -13 -1000  435 -999 -1000    0    0  998
 42 * Anti-Flat         -27842  -1000 -1000 -991 -995 -990 -987 -997 -993 -1000 -994 -995 -987 -992 -996 -1000 -996 -953 -950 -998 -991 -991 -991 -998   99    9 -979  -10  -58   31 -996  397  -83 -112  -12    6 -1000  -15 -1000 -996  660 -998    0

 Match results (draw <= 50): 

    Player Name           total  W  L  D   1  2  3  4  5  6  7  8  9 10 11 12 13 14 15 16 17 18 19 20 21 22 23 24 25 26 27 28 29 30 31 32 33 34 35 36 37 38 39 40 41 42
  1 Iocaine Powder          69  28  0 13   1  2  1  1  2  1  2  1  2  1  1  1  2  1  1  1  1  2  2  2  1  2  2  2  1  2  2  2  2  2  2  2  2  2  2  2  2  2  2  2  2  2
  2 Phasenbott              69  29  1 11   0  1  1  1  2  2  1  2  1  2  1  1  2  2  1  2  1  2  2  1  1  2  2  2  1  2  2  2  2  2  2  2  2  2  2  2  2  2  2  2  2  2
  3 Simple Modeller         64  24  1 16   1  1  1  1  1  1  1  0  1  2  1  1  2  1  1  1  2  2  2  1  1  2  2  2  1  1  2  2  2  2  2  2  2  2  2  2  2  2  2  2  2  2
  4 MegaHAL                 63  23  1 17   1  1  1  1  2  1  1  1  1  1  1  0  1  1  1  2  1  1  2  2  1  2  2  2  1  1  2  2  2  2  2  2  2  2  2  2  2  2  2  2  2  2
  5 RussRocker4             61  23  3 15   0  0  1  0  1  1  1  2  1  1  1  1  2  1  1  1  1  1  2  2  1  2  2  2  1  2  2  2  2  2  2  2  2  2  1  2  2  2  2  2  2  2
  6 Biopic                  60  20  1 20   1  0  1  1  1  1  1  1  1  1  1  2  1  1  1  2  1  1  2  1  1  2  2  2  1  2  2  1  2  1  1  2  2  2  2  2  2  2  2  2  2  2
  7 Yomi AI                 59  19  1 21   0  1  1  1  1  1  1  2  1  1  1  1  1  2  1  1  1  1  2  1  1  2  1  2  1  2  2  1  2  1  1  2  2  2  2  2  2  2  2  2  2  2
  8 Robertot                59  22  4 15   1  0  2  1  0  1  0  1  1  1  1  1  1  1  1  1  2  2  1  2  0  2  2  2  1  1  2  2  2  1  2  2  2  2  2  2  2  2  2  2  2  2
  9 ACT-R Lag2              59  20  2 19   0  1  1  1  1  1  1  1  1  1  2  1  2  1  1  1  1  1  2  1  0  2  2  2  1  1  2  1  2  1  2  2  2  2  2  2  2  2  2  2  2  2
 10 Bugbrain                58  19  2 20   1  0  0  1  1  1  1  1  1  1  1  1  1  1  1  2  1  1  2  2  1  1  2  2  1  1  2  1  2  2  2  2  2  1  2  2  2  2  2  2  2  2
 11 Boom                    57  17  1 23   1  1  1  1  1  1  1  1  0  1  1  1  1  1  1  1  1  2  1  1  1  2  1  2  1  1  2  1  2  1  2  2  2  2  2  2  2  2  2  2  2  2
 12 Majikthise              56  17  2 22   1  1  1  2  1  0  1  1  1  1  1  1  1  1  1  1  2  1  1  2  1  2  2  1  1  1  2  1  2  1  1  2  0  2  2  2  2  2  2  2  2  2
 13 Simple Predictor        55  20  6 15   0  0  0  1  0  1  1  1  0  1  1  1  1  1  1  2  2  1  1  1  0  1  2  2  1  1  2  2  2  2  2  2  2  2  2  2  2  2  2  2  2  2
 14 Shofar                  55  16  2 23   1  0  1  1  1  1  0  1  1  1  1  1  1  1  1  2  1  1  1  1  1  2  1  2  1  1  2  1  2  1  2  2  2  1  2  2  2  2  2  2  2  2
 15 Vroomfondel             52  11  0 30   1  1  1  1  1  1  1  1  1  1  1  1  1  1  1  1  1  1  2  1  1  1  1  1  1  1  2  1  1  1  1  2  1  2  1  2  2  2  2  2  2  2
 16 Sweet Rocky             52  17  6 18   1  0  1  0  1  0  1  1  1  0  1  1  0  0  1  1  1  2  1  1  1  1  1  1  1  1  2  2  2  2  2  2  2  2  2  2  2  2  2  2  2  2
 17 Piedra                  50  14  5 22   1  1  0  1  1  1  1  0  1  1  1  0  0  1  1  1  1  1  1  1  1  0  1  1  1  1  1  1  2  2  2  2  2  2  2  2  2  2  2  2  2  2
 18 * Anti-rotn             48  13  6 22   0  0  0  1  1  1  1  0  1  1  0  1  1  1  1  0  1  1  1  1  1  1  2  1  1  1  2  1  1  1  1  2  2  2  2  2  2  2  2  2  2  2
 19 Granite                 48  17 10 14   0  0  0  0  0  0  0  1  0  0  1  1  1  1  0  1  1  1  1  1  1  1  2  1  1  2  2  2  2  1  2  2  2  2  2  2  2  2  2  2  2  2
 20 Mixed Strategy          48  14  7 20   0  1  1  0  0  1  1  0  1  0  1  0  1  1  1  1  1  1  1  1  1  1  2  1  0  1  2  1  2  1  1  2  2  2  2  2  2  2  2  2  2  2
 21 * De Bruijn             45   5  1 35   1  1  1  1  1  1  1  2  2  1  1  1  2  1  1  1  1  1  1  1  1  2  1  1  1  1  1  1  1  1  1  1  1  1  1  1  1  1  2  1  1  0
 22 Marble                  44  16 13 12   0  0  0  0  0  0  0  0  0  1  0  0  1  0  1  1  2  1  1  1  0  1  1  1  1  2  2  1  2  1  2  2  2  2  2  2  2  2  2  2  2  2
 23 Inocencio               43  16 14 11   0  0  0  0  0  0  1  0  0  0  1  0  0  1  1  1  1  0  0  0  1  1  1  1  1  2  2  2  2  1  2  2  2  2  2  2  2  2  2  2  2  2
 24 ZQ Bot                  42  14 13 14   0  0  0  0  0  0  0  0  0  0  0  1  0  0  1  1  1  1  1  1  1  1  1  1  1  1  2  1  2  1  2  2  2  2  2  2  2  2  2  2  2  2
 25 * Pi                    41   1  1 39   1  1  1  1  1  1  1  1  1  1  1  1  1  1  1  1  1  1  1  2  1  1  1  1  1  1  1  1  1  1  1  1  1  1  0  1  1  1  1  1  1  1
 26 * Foxtrot               36   3  8 30   0  0  1  1  0  0  0  1  1  1  1  1  1  1  1  1  1  1  0  1  1  0  0  1  1  1  2  1  1  1  1  2  1  1  1  1  1  2  1  1  1  1
 27 Multi-strategy          31  13 23  5   0  0  0  0  0  0  0  0  0  0  0  0  0  0  0  0  1  0  0  0  1  0  0  0  1  0  1  2  2  1  1  2  2  2  2  2  2  2  2  2  2  2
 28 * Copy-drift            30   2 13 26   0  0  0  0  0  1  1  0  1  1  1  1  0  1  1  0  1  1  0  1  1  1  0  1  1  1  0  1  0  2  1  0  1  1  1  1  1  1  1  1  1  2
 29 Peterbot                29  11 23  7   0  0  0  0  0  0  0  0  0  0  0  0  0  0  1  0  0  1  0  0  1  0  0  0  1  1  0  2  1  2  1  0  2  2  1  2  2  2  2  2  2  2
 30 * Add-drift             28   0 13 28   0  0  0  0  0  1  1  1  1  0  1  1  0  1  1  0  0  1  1  1  1  1  1  1  1  1  1  0  0  1  0  1  1  1  1  1  1  1  1  0  1  1
 31 * Add-react             25   2 18 21   0  0  0  0  0  1  1  0  0  0  0  1  0  0  1  0  0  1  0  1  1  0  0  0  1  1  1  1  1  2  1  0  1  1  1  1  1  1  1  1  1  2
 32 Knucklehead             24   8 25  8   0  0  0  0  0  0  0  0  0  0  0  0  0  0  0  0  0  0  0  0  1  0  0  0  1  0  0  2  2  1  2  1  2  1  1  1  2  1  2  2  1  2
 33 Beat The Last Move      20   6 27  8   0  0  0  0  0  0  0  0  0  0  0  2  0  0  1  0  0  0  0  0  1  0  0  0  1  1  0  1  0  1  1  0  1  0  2  0  2  0  2  1  2  2
 34 * Flat                  19   2 24 15   0  0  0  0  0  0  0  0  0  1  0  0  0  1  0  0  0  0  0  0  1  0  0  0  1  1  0  1  0  1  1  1  2  1  1  1  1  1  2  1  1  0
 35 * Text                  18   2 25 14   0  0  0  0  1  0  0  0  0  0  0  0  0  0  1  0  0  0  0  0  1  0  0  0  2  1  0  1  1  1  1  1  0  1  1  1  0  1  0  1  1  2
 36 * Switch A Lot          17   1 25 15   0  0  0  0  0  0  0  0  0  0  0  0  0  0  0  0  0  0  0  0  1  0  0  0  1  1  0  1  0  1  1  1  2  1  1  1  1  1  1  1  1  1
 37 Good Ole Rock           16   3 28 10   0  0  0  0  0  0  0  0  0  0  0  0  0  0  0  0  0  0  0  0  1  0  0  0  1  1  0  1  0  1  1  0  0  1  2  1  1  1  0  1  2  2
 38 Always Switchin'        16   1 26 14   0  0  0  0  0  0  0  0  0  0  0  0  0  0  0  0  0  0  0  0  1  0  0  0  1  0  0  1  0  1  1  1  2  1  1  1  1  1  1  1  1  1
 39 Beat Frequent Pick      16   4 29  8   0  0  0  0  0  0  0  0  0  0  0  0  0  0  0  0  0  0  0  0  0  0  0  0  1  1  0  1  0  1  1  0  0  0  2  1  2  1  1  1  2  2
 40 Rotate R-P-S            15   1 27 13   0  0  0  0  0  0  0  0  0  0  0  0  0  0  0  0  0  0  0  0  1  0  0  0  1  1  0  1  0  2  1  0  1  1  1  1  1  1  1  1  1  0
 41 R-P-S 20-20-60          13   0 28 13   0  0  0  0  0  0  0  0  0  0  0  0  0  0  0  0  0  0  0  0  1  0  0  0  1  1  0  1  0  1  1  1  0  1  1  1  0  1  0  1  1  1
 42 * Anti-Flat             12   3 32  6   0  0  0  0  0  0  0  0  0  0  0  0  0  0  0  0  0  0  0  0  2  0  0  0  1  1  0  0  0  1  0  0  0  2  0  1  0  1  0  2  1  1


   Yomi AI is match ranked 7

 Tournament results:
    Player Name          total 
  1 Yomi AI               6255 
 19 Iocaine Powder       11301 
 20 Phasenbott           10010 
 21 MegaHAL              10244 
 22 RussRocker4           7813 
 23 Biopic                8431 
 24 Simple Modeller       8685 
 25 Simple Predictor      7447 
 26 Robertot              7663 
 27 Boom                  7130 
 28 Shofar                6430 
 29 ACT-R Lag2            8058 
 32 Granite               6952 

   Yomi is tournament ranked 13

