 Playing 1 tournaments with 1000 trials per match...

 Yomi AI            vs Good Ole Rock       Match: 1000 (1000+   0-   0=)
 Yomi AI            vs R-P-S 20-20-60      Match:  309 (539+ 230- 231=)
 Yomi AI            vs Rotate R-P-S        Match:  988 (992+   4-   4=)
 Yomi AI            vs Beat The Last Move  Match:  353 (574+ 221- 205=)
 Yomi AI            vs Always Switchin'    Match:  215 (435+ 220- 345=)
 Yomi AI            vs Beat Frequent Pick  Match:  490 (673+ 183- 144=)
 Yomi AI            vs * Pi                Match:  -33 (331+ 364- 305=)
 Yomi AI            vs * Switch A Lot      Match:  109 (402+ 293- 305=)
 Yomi AI            vs * Flat              Match:  175 (455+ 280- 265=)
 Yomi AI            vs * Anti-Flat         Match:  999 (999+   0-   1=)
 Yomi AI            vs * Foxtrot           Match:  378 (581+ 203- 216=)
 Yomi AI            vs * De Bruijn         Match:   18 (345+ 327- 328=)
 Yomi AI            vs * Text              Match:   97 (400+ 303- 297=)
 Yomi AI            vs * Anti-rotn         Match:   36 (350+ 314- 336=)
 Yomi AI            vs * Copy-drift        Match:    9 (336+ 327- 337=)
 Yomi AI            vs * Add-react         Match:   17 (339+ 322- 339=)
 Yomi AI            vs * Add-drift         Match:   42 (361+ 319- 320=)
 Yomi AI            vs Iocaine Powder      Match:  -16 (324+ 340- 336=)
 Yomi AI            vs Phasenbott          Match:    9 (336+ 327- 337=)
 Yomi AI            vs MegaHAL             Match:   -6 (327+ 333- 340=)
 Yomi AI            vs RussRocker4         Match:   30 (347+ 317- 336=)
 Yomi AI            vs Biopic              Match:   25 (348+ 323- 329=)
 Yomi AI            vs Simple Modeller     Match:    5 (346+ 341- 313=)
 Yomi AI            vs Simple Predictor    Match:  -14 (350+ 364- 286=)
 Yomi AI            vs Robertot            Match:    1 (340+ 339- 321=)
 Yomi AI            vs Boom                Match:   10 (351+ 341- 308=)
 Yomi AI            vs Shofar              Match:   -3 (328+ 331- 341=)
 Yomi AI            vs ACT-R Lag2          Match:  -40 (337+ 377- 286=)
 Yomi AI            vs Majikthise          Match:    7 (339+ 332- 329=)
 Yomi AI            vs Vroomfondel         Match:  -12 (324+ 336- 340=)
 Yomi AI            vs Granite             Match:   28 (385+ 357- 258=)
 Yomi AI            vs Marble              Match:  122 (438+ 316- 246=)
 Yomi AI            vs ZQ Bot              Match:   44 (376+ 332- 292=)
 Yomi AI            vs Sweet Rocky         Match:   61 (390+ 329- 281=)
 Yomi AI            vs Piedra              Match:   47 (368+ 321- 311=)
 Yomi AI            vs Mixed Strategy      Match:  -26 (314+ 340- 346=)
 Yomi AI            vs Multi-strategy      Match:  147 (441+ 294- 265=)
 Yomi AI            vs Inocencio           Match:   56 (399+ 343- 258=)
 Yomi AI            vs Peterbot            Match:   85 (395+ 310- 295=)
 Yomi AI            vs Bugbrain            Match:  -35 (310+ 345- 345=)
 Yomi AI            vs Knucklehead         Match:  496 (669+ 173- 158=)
 Final results (draw value = 50):

 Tournament results: 

    Player Name          total     1    2    3    4    5    6    7    8    9   10   11   12   13   14   15   16   17   18   19   20   21   22   23   24   25   26   27   28   29   30   31   32   33   34   35   36   37   38   39   40   41   42
  1 Iocaine Powder       10952     0  118   67   29   50  152   82   37    8  503   68  225   34  245  294   30   16   58   49   66   18   51  334   25   13  139  133  213  365  219   95  295  557  108  221  798  377  909  984  990  994  983
  2 Phasenbott            9728  -118    0   75   40   29  120   74   53   10  532   25  217   45  221  310    6   -9   -8   41   41  -22   55  190   20   10  206   94   88  379   33   83  286  376  118  245  869   98  931  986  993  996  990
  3 MegaHAL               9168   -67  -75    0    2   22   28  -25   36   15   61  -20  213   45  260  251  -55    6   18   38   41   10  -19   79  -26   -5  154  212   55   90  114  189  301  373  237  443  860  379  944  992  997  999  996
  4 Simple Modeller       9015   -29  -40   -2    0   13  289   26   62   22   24   26  153  -12  109  309   -5   -5   29   94   59   23  -41  270  -74   -3  700  219  294  -17   17  127  114  257  227  462  317  428  595  992  993  997  996
  5 Biopic                8294   -50  -29  -22  -13    0   33    1   -6  -21  -40  -32   86   16  173   58    2  -25  -31   53   53  -43    8  236  -25  -10  174   30   94  397  184  143   72  497  175  340  994  376  489  995  998  998  966
  6 Simple Predictor      7963  -152 -120  -28 -289  -33    0  -35   -2   11  -42  -85   48   23   -6  163   -3   14   24   42   60  -25    0  220  -73  -14  671  293  246  -19   42  154  106  286  215  428  872  421  588  984  986  996  996
  7 Robertot              7878   -82  -74   25  -26   -1   35    0   47   45  -42   -6   66   42   82   58   48   -1  -28   31   49   13   19  311   18    2   42  -12   31   18   34  169  101  371   86  475  865  385  889  808  997  997  991
  8 Sweet Rocky           7649   -37  -53  -36  -62    6    2  -47    0   31  -28  -50  -47  -46    2  -17  -30  -61  -37  -21   62  -34  -46  181  -60   17  790   26  -40   47  173  174  406  163   86  278  997  394  589  992  993  997  995
  9 Boom                  7536    -8  -10  -15  -22   21  -11  -45  -31    0  -29  -31   56   24   30   86  -22  -10  -37   -8   54  -42  -28  124   10  -21  320   10   81   -6   30  108  107  408  181  371  789  376  753  986  990  997 1000
 10 RussRocker4           7500  -503 -532  -61  -24   40   42   42   28   29    0   -8  180   41  187  163  -11  -30   17   48   42   10   10  214  -19   11  143   96   65  153  102   85  316  475  122  226  928  301  592  994  992  999  995
 11 ACT-R Lag2            7300   -68  -25   20  -26   32   85    6   50   31    8    0  150   43  114   81    2   40   38   71   51   -3  -29  245  -73  -30  605    3   34  -17  100   67   87  500  155  291   12  311  572  775  997 1000  995
 12 Marble                6777  -225 -217 -213 -153  -86  -48  -66   47  -56 -180 -150    0   53    3   29  -38 -122  -47   39   52  -51   -3  287 -101    8  646   34   65   64  178  175   74  349  224  261  927  443  592  994  995  998  996
 13 Piedra                6691   -34  -45  -45   12  -16  -23  -42   46  -24  -41  -43  -53    0  -52  -63  -62  -47  -50    1  -60  -40  -28  113  -19  -21   64   34   47   10  146  173  361  174  227  200  931  403  591  990  996  994  986
 14 Granite               6590  -245 -221 -260 -109 -173    6  -82   -2  -30 -187 -114   -3   52    0  -14  -32  -28  -90   21   40  -60   -7  316  -52    4  652   27   46   50  219  178   89  333  133  259  921  379  592  989  995  998 1000
 15 ZQ Bot                6472  -294 -310 -251 -309  -58 -163  -58   17  -86 -163  -81  -29   63   14    0   -4  -44 -161   -3   44    5  -34  226  -27  -37  788   59   66   27  179  173  354  332  110  270  920  369  592  988  989  999 1000
 16 Shofar                6261   -30   -6   55    5   -2    3  -48   30   22   11   -2   38   62   32    4    0    3  -12   81   31   42  -15   46   15   28   11  -22  108  -24   53  106   53  142  236  443   98  320  557  900  922  987  978
 17 Yomi AI               6223   -16    9   -6    5   25  -14    1   61   10   30  -40  122   47   28   44   -3    0  -35  -26   36  -12    7  147   18  -33   56   42    9  378  175   97   17  496  109  215   85  309  490  353  988 1000  999
 18 Bugbrain              6109   -58    8  -18  -29   31  -24   28   37   37  -17  -38   47   50   90  161   12   35    0   34   42    5   -5  111   36   -9   93  108   43  -28   30   60   99  105  100  181  195  223  433  952  968  990  991
 19 Mixed Strategy        5604   -49  -41  -38  -94  -53  -42  -31   21    8  -48  -71  -39   -1  -21    3  -81   26  -34    0   21  -44  -82   56  -47  -66  721   -5   34  -20  -17  155   76  215   65  120  285  366  447  966  974  997  972
 20 * Anti-rotn           5310   -66  -41  -41  -59  -53  -60  -49  -62  -54  -42  -51  -52   60  -40  -44  -31  -36  -42  -21    0   30  -22  244  -60  -45  -40    9  -25   -5  167   55    4  154  322  491   28  200  597 1000  998  998  994
 21 Vroomfondel           4952   -18   22  -10  -23   43   25  -13   34   42  -10    3   51   40   60   -5  -42   12   -5   44  -30    0   12  239   16   -1  111   24   15   20  133   37   38  188  133  225  -45  154  487  -35  994  995  992
 22 Majikthise            4716   -51  -55   19   41   -8    0  -19   46   28  -10   29    3   28    7   34   15   -7    5   82   22  -12    0  111   -8   -3   42  -19   38   91   61   46   -5  254  122  220    2  167  468  -42  991  994  989
 23 Multi-strategy        2248  -334 -190  -79 -270 -236 -220 -311 -181 -124 -214 -245 -287 -113 -316 -226  -46 -147 -111  -56 -244 -239 -111    0  -50  -20 -122   21  291    9  133  123    8   75  267  441  -20  402  999  997  997  999  998
 24 * De Bruijn            698   -25  -20   26   74   25   73  -18   60  -10   19   73  101   19   52   27  -15  -18  -36   47   60  -16    8   50    0   -1   20   26   13   31  -39   23    0   -9   18  -11    1   31  128   -1   21    0 -109
 25 * Pi                   118   -13  -10    5    3   10   14   -2  -17   21  -11   30   -8   21   -4   37  -28   33    9   66   45    1    3   20    1    0   39   19   24   -1  -32  -81  -25  -39   46  -36   -8  -30   30   22  -11  -11  -14
 26 Inocencio             -659  -139 -206 -154 -700 -174 -671  -42 -790 -320 -143 -605 -646  -64 -652 -788  -11  -56  -93 -721   40 -111  -42  122  -20  -39    0   45  100  300  129  177   79  253  102  348  163  404  368  959  982  977  980
 27 * Add-drift          -1488  -133  -94 -212 -219  -30 -293   12  -26  -10  -96   -3  -34  -34  -27  -59   22  -42 -108    5   -9  -24   19  -21  -26  -19  -45    0   12   21    1    7   -7   67  -26    8  -10   22   26  -19  -43    3  -44
 28 * Copy-drift         -2028  -213  -88  -55 -294  -94 -246  -31   40  -81  -65  -34  -65  -47  -46  -66 -108   -9  -43  -34   25  -15  -38 -291  -13  -24 -100  -12    0   16   -8    4  -21  -48   44   16  -28  -32   28  -13   25   19   17
 29 * Foxtrot            -2524  -365 -379  -90   17 -397   19  -18  -47    6 -153   17  -64  -10  -50  -27   24 -378   28   20    5  -20  -91   -9  -31    1 -300  -21  -16    0  -59   32   -7  -41    1  -15  -31   10  -52    5  -39   17  -16
 30 * Flat               -2657  -219  -33 -114  -17 -184  -42  -34 -173  -30 -102 -100 -178 -146 -219 -179  -53 -175  -30   17 -167 -133  -61 -133   39   32 -129   -1    8   59    0   28  -16  -11   -1  -38 -188    7  233  203   33    2 -412
 31 * Text               -3329   -95  -83 -189 -127 -143 -154 -169 -174 -108  -85  -67 -175 -173 -178 -173 -106  -97  -60 -155  -55  -37  -46 -123  -23   81 -177   -7   -4  -32  -28    0    2    8  -12  -27   20  -16 -185  -74  -11 -185  113
 32 * Add-react          -3564  -295 -286 -301 -114  -72 -106 -101 -406 -107 -316  -87  -74 -361  -89 -354  -53  -17  -99  -76   -4  -38    5   -8    0   25  -79    7   21    7   16   -2    0  -86  -15   36  -58   11    5  -10  -47    2  -38
 33 Knucklehead          -3620  -557 -376 -373 -257 -497 -286 -371 -163 -408 -475 -500 -349 -174 -333 -332 -142 -496 -105 -215 -154 -188 -254  -75    9   39 -253  -67   48   41   11   -8   86    0   -1   -5  -19   90  107  802  620  990  970
 34 * Switch A Lot       -3733  -108 -118 -237 -227 -175 -215  -86  -86 -181 -122 -155 -224 -227 -133 -110 -236 -109 -100  -65 -322 -133 -122 -267  -18  -46 -102   26  -44   -1    1   12   15    1    0   19 -136  -12   43  294    7  -10  -24
 35 Always Switchin'     -7137  -221 -245 -443 -462 -340 -428 -475 -278 -371 -226 -291 -261 -200 -259 -270 -443 -215 -181 -120 -491 -225 -220 -441   11   36 -348   -8  -16   15   38   27  -36    5  -19    0 -244    5   31  487    0   22  -37
 36 Peterbot             -7257  -798 -869 -860 -317 -994 -872 -865 -997 -789 -928  -12 -927 -931 -921 -920  -98  -85 -195 -285  -28   45   -2   20   -1    8 -163   10   28   31  188  -20   58   19  136  244    0  414  440  981  998 1000 1000
 37 R-P-S 20-20-60       -9367  -377  -98 -379 -428 -376 -421 -385 -394 -376 -301 -311 -443 -403 -379 -369 -320 -309 -223 -366 -200 -154 -167 -402  -31   30 -404  -22   32  -10   -7   16  -11  -90   12   -5 -414    0 -418 -152    3 -355   40
 38 Beat Frequent Pick  -14081  -909 -931 -944 -595 -489 -588 -889 -589 -753 -592 -572 -592 -591 -592 -592 -557 -490 -433 -447 -597 -487 -468 -999 -128  -30 -368  -26  -28   52 -233  185   -5 -107  -43  -31 -440  418    0 -600    0  999 1000
 39 Beat The Last Move  -20423  -984 -986 -992 -992 -995 -984 -808 -992 -986 -994 -775 -994 -990 -989 -988 -900 -353 -952 -966 -1000   35   42 -997    1  -22 -959   19   13   -5 -203   74   10 -802 -294 -487 -981  152  600    0    1 1000 1000
 40 Rotate R-P-S        -25937  -990 -993 -997 -993 -998 -986 -997 -993 -990 -992 -997 -995 -996 -995 -989 -922 -988 -968 -974 -998 -994 -991 -997  -21   11 -982   43  -25   39  -33   11   47 -620   -7    0 -998   -3    0   -1    0    0 -665
 41 Good Ole Rock       -26390  -994 -996 -999 -997 -998 -996 -997 -997 -997 -999 -1000 -998 -994 -998 -999 -987 -1000 -990 -997 -998 -995 -994 -999    0   11 -977   -3  -19  -17   -2  185   -2 -990   10  -22 -1000  355 -999 -1000    0    0  999
 42 * Anti-Flat         -27558  -983 -990 -996 -996 -966 -996 -991 -995 -1000 -995 -995 -996 -986 -1000 -1000 -978 -999 -991 -972 -994 -992 -989 -998  109   14 -980   44  -17   16  412 -113   38 -970   24   37 -1000  -40 -1000 -1000  665 -999    0

 Match results (draw <= 50): 

    Player Name           total  W  L  D   1  2  3  4  5  6  7  8  9 10 11 12 13 14 15 16 17 18 19 20 21 22 23 24 25 26 27 28 29 30 31 32 33 34 35 36 37 38 39 40 41 42
  1 Iocaine Powder          71  30  0 11   1  2  1  1  2  2  1  2  1  1  2  2  2  1  1  2  1  1  1  2  2  2  2  1  2  2  2  2  2  2  2  2  2  2  2  2  2  2  2  2  2  2
  2 Phasenbott              66  26  1 14   0  1  1  1  2  2  1  1  1  1  1  2  2  1  2  2  1  1  1  2  2  2  1  1  2  2  2  2  2  2  1  2  2  2  2  2  2  2  2  2  2  2
  3 Biopic                  63  22  0 19   1  1  1  1  1  1  1  1  1  1  1  1  1  1  1  1  1  2  1  2  2  2  2  1  2  1  2  2  2  2  2  2  2  2  2  2  2  2  2  2  2  2
  4 Simple Modeller         63  23  1 17   1  1  1  1  1  1  1  1  1  1  1  1  2  1  2  1  1  2  0  2  2  2  2  1  2  2  2  2  1  2  1  2  2  2  2  2  2  2  2  2  2  2
  5 MegaHAL                 60  22  3 16   0  0  1  1  1  2  1  1  1  0  1  1  1  1  1  1  1  1  1  2  2  2  1  1  2  2  2  2  2  2  2  2  2  2  2  2  2  2  2  2  2  2
  6 RussRocker4             59  21  3 17   0  0  1  1  0  1  1  1  1  1  1  1  1  1  1  1  1  1  1  2  2  2  1  1  2  2  2  2  2  2  2  2  2  2  2  2  2  2  2  2  2  2
  7 Boom                    59  18  0 23   1  1  1  1  1  1  1  1  1  1  1  1  1  1  1  1  1  1  1  2  2  1  2  1  2  1  2  2  1  2  1  2  2  2  2  2  2  2  2  2  2  2
  8 ACT-R Lag2              59  20  2 19   0  1  1  1  1  1  1  1  1  1  1  1  2  1  1  1  1  2  0  2  2  2  2  1  2  1  1  2  1  1  2  2  2  2  2  2  2  2  2  2  2  2
  9 Yomi AI                 58  17  0 24   1  1  1  1  1  1  1  1  1  1  1  1  1  1  2  1  1  1  1  2  1  1  1  1  2  1  2  2  2  1  2  2  1  2  2  2  2  2  2  2  2  2
 10 Shofar                  58  17  0 24   1  1  1  1  2  1  1  1  1  1  1  1  1  1  1  1  2  2  1  1  1  1  1  1  1  1  2  1  1  2  2  2  2  2  2  2  2  2  2  2  2  2
 11 Bugbrain                57  17  1 23   0  1  1  1  1  1  1  1  1  1  1  1  1  1  1  1  1  1  1  1  2  2  1  1  2  2  2  2  1  1  1  2  2  2  2  2  2  2  2  2  2  2
 12 Robertot                55  16  2 23   0  0  1  1  1  1  1  1  1  1  1  1  1  1  1  1  1  1  1  2  2  2  1  1  1  1  2  2  1  1  1  2  2  2  2  2  2  2  2  2  2  2
 13 Simple Predictor        54  18  5 18   0  0  1  0  1  1  1  0  1  1  1  1  1  1  1  1  1  1  0  1  2  1  2  1  2  2  2  2  1  2  1  2  2  2  2  2  2  2  2  2  2  2
 14 Vroomfondel             54  13  0 28   1  1  1  1  1  1  1  1  1  1  1  1  1  1  1  1  1  1  1  2  1  2  1  1  2  1  1  2  1  1  2  2  1  1  1  2  2  2  2  2  2  2
 15 Sweet Rocky             53  16  4 21   1  0  1  0  1  1  1  1  0  1  1  1  1  1  1  1  1  1  0  1  1  1  2  1  2  1  2  2  1  1  2  2  2  2  2  2  2  2  2  2  2  2
 16 Majikthise              51  12  2 27   0  0  1  1  1  1  1  1  1  1  1  1  1  1  1  1  1  2  1  1  1  1  1  1  1  1  1  2  2  1  2  2  1  1  1  2  2  2  2  2  2  2
 17 Piedra                  51  15  5 21   1  1  1  1  1  1  1  1  1  0  1  1  1  1  1  1  1  1  1  0  0  0  0  1  2  1  2  2  1  1  2  2  2  2  2  2  2  2  2  2  2  2
 18 Mixed Strategy          49  14  6 21   1  1  0  0  1  1  1  0  1  0  1  1  1  1  1  0  1  1  1  1  1  1  1  0  2  1  2  2  1  1  1  2  2  2  2  2  2  2  2  2  2  2
 19 * De Bruijn             48   8  1 32   1  1  1  2  1  1  1  2  1  1  1  1  2  1  2  1  1  1  1  2  1  2  2  1  1  1  1  1  1  1  1  1  1  1  1  1  2  1  1  1  0  1
 20 Marble                  48  19 12 10   0  0  0  0  0  0  0  0  0  1  1  0  1  0  1  1  2  1  0  1  1  1  2  1  2  1  2  2  2  2  2  2  2  2  2  2  2  2  2  2  2  2
 21 ZQ Bot                  48  18 11 12   0  0  0  0  0  0  0  0  1  1  0  0  0  1  1  1  2  1  1  1  1  1  1  1  2  2  2  2  1  2  2  2  2  2  2  2  2  2  2  2  2  2
 22 Granite                 46  16 11 14   0  0  0  0  0  0  1  0  1  1  0  0  1  0  1  1  2  1  0  1  1  1  1  1  2  1  2  2  1  1  2  2  2  2  2  2  2  2  2  2  2  2
 23 * Anti-rotn             45  13  9 19   0  1  0  0  1  1  0  0  1  1  1  1  0  1  0  1  2  1  0  0  1  1  1  1  1  1  1  2  1  1  2  2  1  2  2  2  2  2  2  2  2  2
 24 * Pi                    41   1  1 39   1  1  1  1  1  1  1  1  1  1  1  1  1  1  1  1  1  2  1  1  1  1  1  1  1  1  1  1  1  1  1  1  1  1  0  1  1  1  1  1  1  1
 25 Inocencio               39  16 18  7   0  0  0  0  0  0  0  0  0  1  0  1  0  0  0  1  0  0  1  0  0  0  1  1  1  1  2  2  2  2  2  2  2  2  2  2  2  2  2  2  2  2
 26 * Add-drift             34   1  8 32   0  0  1  0  0  0  1  1  1  1  0  1  0  1  1  1  1  1  1  1  0  1  1  1  1  1  1  1  1  1  1  2  1  1  1  1  1  1  1  1  1  1
 27 Peterbot                32  10 19 12   0  0  0  0  0  0  0  1  0  0  0  0  0  1  0  1  0  0  1  0  0  0  1  1  0  1  1  1  1  1  2  1  2  2  1  2  2  2  2  2  2  2
 28 Multi-strategy          31  12 22  7   0  0  0  0  0  0  0  0  0  1  0  0  0  0  0  0  0  0  1  0  0  0  0  1  0  1  1  1  1  2  2  2  1  2  2  2  2  2  2  2  2  2
 29 * Foxtrot               30   0 11 30   0  0  0  1  0  0  1  1  0  1  1  1  1  1  1  0  1  1  1  0  1  1  1  1  0  1  1  1  1  1  0  1  1  1  1  1  0  1  1  1  1  1
 30 * Copy-drift            28   0 13 28   0  0  0  0  0  0  0  1  1  0  1  1  0  1  1  1  1  1  1  0  0  1  1  1  0  1  1  0  1  1  1  1  1  1  1  1  1  1  1  1  1  1
 31 * Flat                  25   3 19 19   0  1  0  1  0  0  1  0  0  0  1  1  1  0  0  0  0  1  1  0  0  0  0  1  0  1  0  0  2  1  1  1  1  2  1  1  2  1  1  1  0  1
 32 Knucklehead             23   7 25  9   0  0  0  0  0  0  0  0  0  0  0  0  0  0  0  0  0  0  1  0  0  0  0  1  0  0  1  0  1  1  1  1  2  2  1  1  2  1  2  2  2  2
 33 * Add-react             20   0 21 20   0  0  0  0  0  0  0  0  1  0  0  0  0  1  0  1  0  0  1  0  0  0  1  1  0  1  0  1  1  1  1  0  1  1  1  1  1  1  1  1  1  1
 34 Beat The Last Move      19   5 27  9   0  0  0  0  0  0  0  0  0  0  0  0  0  1  0  1  0  0  1  0  0  0  0  1  0  1  0  0  1  1  0  0  1  1  2  0  2  0  2  1  2  2
 35 * Text                  18   2 25 14   0  0  0  0  0  0  0  0  0  0  0  0  0  1  0  1  0  0  1  0  0  0  0  2  0  1  1  0  1  1  1  1  1  0  1  1  0  1  0  1  2  1
 36 * Switch A Lot          17   1 25 15   0  0  0  0  0  0  0  0  0  0  0  0  0  0  0  0  0  0  1  0  0  0  0  1  0  1  0  0  1  1  1  1  1  2  1  1  1  1  1  1  1  1
 37 Beat Frequent Pick      17   5 29  7   0  0  0  0  0  0  0  0  0  0  0  0  0  0  0  0  0  0  0  0  0  0  0  1  0  1  0  0  2  1  0  0  1  0  2  1  1  1  2  1  2  2
 38 Always Switchin'        17   1 25 15   0  0  0  0  0  0  0  0  0  0  0  0  0  0  0  0  0  0  1  0  0  0  0  1  0  1  0  0  1  1  1  1  1  2  1  1  1  1  1  1  1  1
 39 Good Ole Rock           16   3 28 10   0  0  0  0  0  0  0  0  0  0  0  0  0  0  0  0  0  0  1  0  0  0  0  1  0  1  0  0  1  1  1  0  1  0  2  1  0  1  1  1  2  2
 40 Rotate R-P-S            14   0 27 14   0  0  0  0  0  0  0  0  0  0  0  0  0  0  0  0  0  0  1  0  0  0  0  1  0  1  0  0  1  1  1  0  1  1  1  1  1  1  1  1  0  1
 41 * Anti-Flat             14   3 30  8   0  0  0  0  0  0  0  0  0  0  0  0  0  0  0  0  0  0  2  0  0  0  0  1  0  1  0  0  1  1  2  0  1  0  0  1  0  1  0  2  1  1
 42 R-P-S 20-20-60          12   0 29 12   0  0  0  0  0  0  0  0  0  0  0  0  0  0  0  0  0  0  1  0  0  0  0  1  0  1  0  0  1  1  1  0  1  0  1  1  0  1  0  1  1  1


   Yomi AI is match ranked 9

 Tournament results:
    Player Name          total 
  1 Yomi AI               6223 
 19 Iocaine Powder       10952 
 20 Phasenbott            9728 
 21 MegaHAL               9168 
 22 RussRocker4           7500 
 23 Biopic                8294 
 24 Simple Modeller       9015 
 25 Simple Predictor      7963 
 26 Robertot              7878 
 27 Boom                  7536 
 28 Shofar                6261 
 29 ACT-R Lag2            7300 
 32 Granite               6590 
 33 Marble                6777 
 34 ZQ Bot                6472 
 35 Sweet Rocky           7649 
 36 Piedra                6691 

   Yomi is tournament ranked 17

