 Playing 1 tournaments with 1000 trials per match...

 Yomi AI            vs Good Ole Rock       Match: 1000 (1000+   0-   0=)
 Yomi AI            vs R-P-S 20-20-60      Match:  315 (543+ 228- 229=)
 Yomi AI            vs Rotate R-P-S        Match:  989 (993+   4-   3=)
 Yomi AI            vs Beat The Last Move  Match:   88 (380+ 292- 328=)
 Yomi AI            vs Always Switchin'    Match:  265 (468+ 203- 329=)
 Yomi AI            vs Beat Frequent Pick  Match:  512 (681+ 169- 150=)
 Yomi AI            vs * Pi                Match:  -32 (324+ 356- 320=)
 Yomi AI            vs * Switch A Lot      Match:  109 (401+ 292- 307=)
 Yomi AI            vs * Flat              Match:  116 (407+ 291- 302=)
 Yomi AI            vs * Anti-Flat         Match:  999 (999+   0-   1=)
 Yomi AI            vs * Foxtrot           Match:  373 (573+ 200- 227=)
 Yomi AI            vs * De Bruijn         Match:   16 (336+ 320- 344=)
 Yomi AI            vs * Text              Match:  129 (408+ 279- 313=)
 Yomi AI            vs * Anti-rotn         Match:   28 (354+ 326- 320=)
 Yomi AI            vs * Copy-drift        Match:   31 (355+ 324- 321=)
 Yomi AI            vs * Add-react         Match:   64 (386+ 322- 292=)
 Yomi AI            vs * Add-drift         Match:   37 (358+ 321- 321=)
 Yomi AI            vs Iocaine Powder      Match:  -62 (297+ 359- 344=)
 Yomi AI            vs Phasenbott          Match:  -26 (323+ 349- 328=)
 Yomi AI            vs MegaHAL             Match:   -9 (324+ 333- 343=)
 Yomi AI            vs RussRocker4         Match:   -8 (325+ 333- 342=)
 Yomi AI            vs Biopic              Match:  -48 (334+ 382- 284=)
 Yomi AI            vs Simple Modeller     Match:   37 (361+ 324- 315=)
 Yomi AI            vs Simple Predictor    Match:  -19 (331+ 350- 319=)
 Yomi AI            vs Robertot            Match:   26 (387+ 361- 252=)
 Yomi AI            vs Boom                Match:   27 (353+ 326- 321=)
 Yomi AI            vs Shofar              Match:    4 (342+ 338- 320=)
 Yomi AI            vs ACT-R Lag2          Match:   -7 (340+ 347- 313=)
 Yomi AI            vs Majikthise          Match:  -15 (326+ 341- 333=)
 Yomi AI            vs Vroomfondel         Match:    7 (333+ 326- 341=)
 Yomi AI            vs Granite             Match:  141 (456+ 315- 229=)
 Yomi AI            vs Marble              Match:   64 (401+ 337- 262=)
 Yomi AI            vs ZQ Bot              Match:  139 (460+ 321- 219=)
 Yomi AI            vs Sweet Rocky         Match:   29 (374+ 345- 281=)
 Yomi AI            vs Piedra              Match:   30 (376+ 346- 278=)
 Yomi AI            vs Mixed Strategy      Match:    9 (350+ 341- 309=)
 Yomi AI            vs Multi-strategy      Match:  179 (458+ 279- 263=)
 Yomi AI            vs Inocencio           Match:   71 (409+ 338- 253=)
 Yomi AI            vs Peterbot            Match:   25 (367+ 342- 291=)
 Yomi AI            vs Bugbrain            Match:   40 (346+ 306- 348=)
 Yomi AI            vs Knucklehead         Match:  514 (682+ 168- 150=)
 Final results (draw value = 50):

 Tournament results: 

    Player Name          total     1    2    3    4    5    6    7    8    9   10   11   12   13   14   15   16   17   18   19   20   21   22   23   24   25   26   27   28   29   30   31   32   33   34   35   36   37   38   39   40   41   42
  1 Iocaine Powder       10911     0  101   44   48   89  515  203   17   21   25  162   65  249   32   62   -6  -18   42  329   15   69   62  310  144    2  -14  181  225  370  199   82   47  368  569  179  911  358  885  991  986  993  999
  2 Phasenbott           10171  -101    0   73   58   28  512  145   21   25   79  204   19  222   66   26   39   58   43  269  -25   -7   73  235  174   52  -38   76   36  416  144   92   75  326  401  230  998  216  946  986  992  993  994
  3 MegaHAL               9300   -44  -73    0    0   10   66   49   22   43  -20  213   36  260   45    9   -5   18   50  251  -19   10   38   79  154  -11  -32  175   25   62  224  142  243  309  373  448  860  371  944  990  990  999  996
  4 Simple Modeller       8718   -48  -58    0    0   13   24  306  -15   48    4   64   71   92   18  -37  -45   53   46  325  -15  -32  106  173  764  -79  -16  203  270  -30  115  112  246   90  225  459  318  381  592  990  993  999  993
  5 Biopic                8270   -89  -28  -10  -13    0  -40   33    1  -21  -15  131   -8  139   32   48    5    7   45   73   24   18   19  303  108  -18   26   59   68  384  108  152  121   47  529  340  711  401  607  992  990  998  993
  6 RussRocker4           7658  -515 -512  -66  -24   40    0   42   42   29   -8  180   28  187   41    8    7   17   58  163   10   10   48  214  143   -9  -44  161  126  159  120   49  104  326  475  273  928  280  589  993  992  999  995
  7 Simple Predictor      7527  -203 -145  -49 -306  -33  -42    0   18   18  -49   13   34   26   53   19  -24   36   57  147   -6   21   20  220   44  -79   19  285  290  -30   63  166  239  125  354  390  851  431  587  984  990  996  997
  8 Robertot              7163   -17  -21  -22   15   -1  -42  -18    0   -6  -32   29   32   48   53  -26  -48  -62   45   82  -22   26   42  266   56  -27  -10  -11   -2  -31   32  176   87   94  351  467  481  388  830  968  997  997  999
  9 Boom                  7113   -21  -25  -43  -48   21  -29  -18    6    0  -29  -25   42   87   32  -27  -35  -16   42   37   -5  -30   12  253   24   65  -14  -28   39  -16    4  151  199   92  499  361  494  331  753  991  990  997 1000
 10 ACT-R Lag2            6972   -25  -79   20   -4   15    8   49   32   29    0   98   61   87   30    7   -8   32   26  107   26   31   71  253   72  -43  -12  -10   13  -28  211   60  196    0  506  253  969  326  576   29  994  995  999
 11 Marble                6840  -162 -204 -213  -64 -131 -180  -13  -29   25  -98    0   12   43   94  -64   15  -92   32   31  -27  -50   59  239  644  -75  -31   18   57   45  132  179  126   95  297  276  919  366  592  992  990 1000  995
 12 Sweet Rocky           6654   -65  -19  -36  -71    8  -28  -34  -32  -42  -61  -12    0  -28   47  -29  -18  -73   58  -41  -56  -73  -25   70  794  -13    7   48   20  -46  112  173  145  374  212  199  264  377  589  988  991  994  986
 13 Granite               6305  -249 -222 -260  -92 -139 -187  -26  -48  -87  -87  -43   28    0   44 -141  -63 -111   58    4  -38  -23   32  219  655 -104  -20   22   60   39  116  180  189   69  369  262  924  398  594  996  994 1000  993
 14 Piedra                6252   -32  -66  -45  -18  -32  -41  -53  -53  -32  -30  -94  -47  -44    0  -30  -20  -23   19  -43  -32  -34   -5  180  -24  -11    7   59   31    0  134  168  140  280   92  261  734  389  593  989  991  994 1000
 15 Yomi AI               6187   -62  -26   -9   37  -48   -8  -19   26   27   -7   64   29  141   30    0    4   40   28  139  -15    7    9  179   71   16  -32   37   31  373  116  129  109   64  514  265   25  315  512   88  989 1000  999
 16 Shofar                6073     6  -39    5   45   -5   -7   24   48   35    8  -15   18   63   20   -4    0   12   26   95  -13  -25   56   96   56  -41   -8   -4   58  -61   16  114  245  -19   78  417  109  324  554  902  928  979  977
 17 Bugbrain              6040    18  -58  -18  -53   -7  -17  -36   62   16  -32   92   73  111   23  -40  -12    0   31  182  -26  -74   29  191   61  -27  -15  121   48  -36   65   38   71   93  221  248  267  158  382  974  957  991  968
 18 * Anti-rotn           5700   -42  -43  -50  -46  -45  -58  -57  -45  -42  -26  -32  -58  -58  -19  -28  -26  -31    0  -74    3    3  -22  257  524  -47  -42  -12   11    0  188   54  325    1   45  473  499  126  597  499  999 1000  999
 19 ZQ Bot                5655  -329 -269 -251 -325  -73 -163 -147  -82  -37 -107  -31   41   -4   43 -139  -95 -182   74    0  -21    2  -27  188  479  -16  -73   37   31    0  152  176  148  287  299  173  941  394  590  989  998  996  988
 20 Majikthise            4914   -15   25   19   15  -24  -10    6   22    5  -26   27   56   38   32   15   13   26   -3   21    0   22   40  180  111  -59   37    6    7   45   73   32  123   17  236  232   53  134  422  -19  992  994  994
 21 Vroomfondel           4746   -69    7  -10   32  -18  -10  -21  -26   30  -31   50   73   23   34   -7   25   74   -3   -2  -22    0   51  222   58   16   25    2   45    4   97   54   80   -3  185  252  -41  148  473  -37  990  999  997
 22 Mixed Strategy        4572   -62  -73  -38 -106  -19  -48  -20  -42  -12  -71  -59   25  -32    5   -9  -56  -29   22   27  -40  -51    0   -2   13  -43  -39    4   17  -18   44  145  150   26  117   45   18  407  487  933  963  993 1000
 23 Multi-strategy        2769  -310 -235  -79 -173 -303 -214 -220 -266 -253 -253 -239  -70 -219 -180 -179  -96 -191 -257 -188 -180 -222    2    0  -70  -50  -20   -3  236   10  141  123  270   27   41  480  500  420  999  997  997  999  997
 24 Inocencio             1169  -144 -174 -154 -764 -108 -143  -44  -56  -24  -72 -644 -794 -655   24  -71  -56  -61 -524 -479 -111  -58  -13   70    0  -28  -27   38  120  325  143  159   64   83  226  303  150  394  358  972  983  980  981
 25 * De Bruijn            702    -2  -52   11   79   18    9   79   27  -65   43   75   13  104   11  -16   41   27   47   16   59  -16   43   50   28    0   -1  -27   25  -30   31   23   -6   25   -4   -7    3   13  128   -1   21    0 -120
 26 * Pi                   269    14   38   32   16  -26   44  -19   10   14   12   31   -7   20   -7   32    8   15   42   73  -37  -25   39   20   27    1    0  -23   57  -16  -14  -81  -11    0  -12  -26   16   -9   30   22  -11  -11   -9
 27 * Add-drift          -1389  -181  -76 -175 -203  -59 -161 -285   11   28   10  -18  -48  -22  -59  -37    4 -121   12  -37   -6   -2   -4    3  -38   27   23    0  -47   16   -5   28   11  -20  -30  -17   -1   29   36   16  -20   14   15
 28 * Copy-drift         -1960  -225  -36  -25 -270  -68 -126 -290    2  -39  -13  -57  -20  -60  -31  -31  -58  -48  -11  -31   -7  -45  -17 -236 -120  -25  -57   47    0  -14  -45   50  -55   49  -60    7   30  -15    0  -44    1   13   20
 29 * Foxtrot            -2011  -370 -416  -62   30 -384 -159   30   31   16   28  -45   46  -39    0 -373   61   36    0    0  -45   -4   18  -10 -325   30   16  -16   14    0  -36   18  -54   10   -6    0  -16  -17  -24  -16   -4   27   -1
 30 * Flat               -2843  -199 -144 -224 -115 -108 -120  -63  -32   -4 -211 -132 -112 -116 -134 -116  -16  -65 -188 -152  -73  -97  -44 -141 -143  -31   14    5   45   36    0    4  -15  -37   44  -17 -136  -31  229  199    2    2 -407
 31 * Text               -3241   -82  -92 -142 -112 -152  -49 -166 -176 -151  -60 -179 -173 -180 -168 -129 -114  -38  -54 -176  -32  -54 -145 -123 -159  -23   81  -28  -50  -18   -4    0  -24   53   21  -54   21   33 -185  -74  -11 -185  112
 32 * Switch A Lot       -3295   -47  -75 -243 -246 -121 -104 -239  -87 -199 -196 -126 -145 -189 -140 -109 -245  -71 -325 -148 -123  -80 -150 -270  -64    6   11  -11   55   54   15   24    0   26   -4   11 -157    1   25  331   13   39    8
 33 * Add-react          -3383  -368 -326 -309  -90  -47 -326 -125  -94  -92    0  -95 -374  -69 -280  -64   19  -93   -1 -287  -17    3  -26  -27  -83  -25    0   20  -49  -10   37  -53  -26    0  -59    8  -24   21   -3  -64   23  -11    3
 34 Knucklehead          -4099  -569 -401 -373 -225 -529 -475 -354 -351 -499 -506 -297 -212 -369  -92 -514  -78 -221  -45 -299 -236 -185 -117  -41 -226    4   12   30   60    6  -44  -21    4   59    0   56  -42   20   49  912   10 1000 1000
 35 Always Switchin'     -6961  -179 -230 -448 -459 -340 -273 -390 -467 -361 -253 -276 -199 -262 -261 -265 -417 -248 -473 -173 -232 -252  -45 -480 -303    7   26   17   -7    0   17   54  -11   -8  -56    0 -224  -12   15  482   19    3    3
 36 Peterbot             -7547  -911 -998 -860 -318 -711 -928 -851 -481 -494 -969 -919 -264 -924 -734  -25 -109 -267 -499 -941  -53   41  -18 -500 -150   -3  -16    1  -30   16  136  -21  157   24   42  224    0  397  430  981  999  999 1000
 37 R-P-S 20-20-60       -8809  -358 -216 -371 -381 -401 -280 -431 -388 -331 -326 -366 -377 -398 -389 -315 -324 -158 -126 -394 -134 -148 -407 -420 -394  -13    9  -29   15   17   31  -33   -1  -21  -20   12 -397    0 -446 -120   -1 -369  390
 38 Beat Frequent Pick  -13940  -885 -946 -944 -592 -607 -589 -587 -830 -753 -576 -592 -589 -594 -593 -512 -554 -382 -597 -590 -422 -473 -487 -999 -358 -128  -30  -36    0   24 -229  185  -25    3  -49  -15 -430  446    0 -600    0  999  996
 39 Beat The Last Move  -19204  -991 -986 -990 -990 -992 -993 -984 -968 -991  -29 -992 -988 -996 -989  -88 -902 -974 -499 -989   19   37 -933 -997 -972    1  -22  -16   44   16 -199   74 -331   64 -912 -482 -981  120  600    0    1 1000  996
 40 Rotate R-P-S        -25384  -986 -992 -990 -993 -990 -992 -990 -997 -990 -994 -990 -991 -994 -991 -989 -928 -957 -999 -998 -992 -990 -963 -997 -983  -21   11   20   -1    4   -2   11  -13  -23  -10  -19 -999    1    0   -1    0    0 -666
 41 Good Ole Rock       -26406  -993 -993 -999 -999 -998 -999 -996 -997 -997 -995 -1000 -994 -1000 -994 -1000 -979 -991 -1000 -996 -994 -999 -993 -999 -980    0   11  -14  -13  -27   -2  185  -39   11 -1000   -3 -999  369 -999 -1000    0    0  999
 42 * Anti-Flat         -28178  -999 -994 -996 -993 -993 -995 -997 -999 -1000 -999 -995 -986 -993 -1000 -999 -977 -968 -999 -988 -994 -997 -1000 -997 -981  120    9  -15  -20    1  407 -112   -8   -3 -1000   -3 -1000 -390 -996 -996  666 -999    0

 Match results (draw <= 50): 

    Player Name           total  W  L  D   1  2  3  4  5  6  7  8  9 10 11 12 13 14 15 16 17 18 19 20 21 22 23 24 25 26 27 28 29 30 31 32 33 34 35 36 37 38 39 40 41 42
  1 Iocaine Powder          69  28  0 13   1  2  1  1  2  2  2  1  1  1  2  1  1  2  1  1  2  1  2  2  1  2  2  1  2  2  2  2  2  2  2  2  2  2  1  2  2  2  2  2  2  2
  2 Phasenbott              69  29  1 11   0  1  2  2  1  2  1  2  2  1  2  1  1  1  1  2  1  1  2  2  2  2  2  1  2  2  2  2  2  1  2  2  2  2  2  2  2  2  2  2  2  2
  3 Simple Modeller         63  24  2 15   1  0  1  1  1  1  1  1  2  1  2  1  1  1  1  1  2  1  2  2  0  2  2  1  2  1  2  2  2  2  2  2  2  2  2  2  2  2  2  2  2  2
  4 MegaHAL                 61  21  1 19   1  0  1  1  1  2  1  1  1  1  1  1  1  1  1  1  1  1  2  2  1  2  1  1  2  2  2  2  2  1  2  2  2  2  2  2  2  2  2  2  2  2
  5 Biopic                  60  20  1 20   0  1  1  1  1  1  1  1  1  1  1  1  1  1  1  1  1  1  2  2  1  2  1  1  2  2  2  2  2  2  2  1  2  2  2  2  2  2  2  2  2  2
  6 RussRocker4             59  21  3 17   0  0  1  0  1  1  1  1  1  1  1  1  1  1  1  1  1  2  2  2  1  2  1  1  2  2  2  2  2  2  2  2  2  2  2  1  2  2  2  2  2  2
  7 Yomi AI                 58  18  1 22   0  1  1  1  1  1  1  1  1  1  1  1  1  1  1  1  1  1  2  2  1  2  1  1  2  2  1  2  1  1  2  2  2  2  2  2  2  2  2  2  2  2
  8 ACT-R Lag2              58  18  1 22   1  0  1  1  1  1  1  1  1  1  1  1  1  1  1  1  2  1  2  2  1  2  2  1  2  1  1  2  2  1  2  1  1  2  2  2  2  2  2  2  2  2
  9 Bugbrain                58  20  3 18   1  0  0  1  1  1  1  1  1  1  1  2  1  0  1  1  2  1  2  2  1  2  1  1  2  1  2  2  2  1  2  2  2  2  2  1  2  2  2  2  2  2
 10 Shofar                  57  17  1 23   1  1  1  1  1  1  1  1  1  1  1  1  1  1  1  1  1  1  1  2  1  2  2  1  2  0  1  2  2  2  2  1  2  1  2  2  2  2  2  2  2  2
 11 Simple Predictor        56  19  4 18   0  0  0  1  1  1  1  1  1  1  1  1  1  1  1  2  1  2  1  1  0  2  1  1  1  1  2  2  2  2  2  2  2  2  2  2  2  2  2  2  2  2
 12 Robertot                56  16  1 24   1  1  1  1  1  1  1  1  0  1  1  1  1  1  1  2  1  1  1  1  1  2  1  1  2  1  1  2  2  1  2  2  2  1  2  2  2  2  2  2  2  2
 13 Boom                    56  15  0 26   1  1  1  1  1  1  1  1  1  1  1  1  1  1  1  1  1  1  1  2  2  1  1  1  1  1  1  2  2  1  2  2  2  1  2  2  2  2  2  2  2  2
 14 Vroomfondel             55  15  1 25   0  1  1  1  1  1  1  1  2  1  1  1  1  1  1  1  2  1  1  1  1  1  2  1  2  1  1  2  1  1  2  1  1  2  2  2  2  2  2  2  2  2
 15 Majikthise              53  13  1 27   1  1  1  1  1  1  1  1  1  1  1  1  1  1  1  1  2  1  1  1  0  1  1  1  2  1  1  2  2  1  2  1  1  2  2  1  2  2  2  2  2  2
 16 Piedra                  52  15  4 22   1  0  1  1  1  1  1  1  1  1  0  0  1  1  1  1  1  1  0  1  1  1  1  1  1  1  2  2  2  1  2  2  2  2  2  2  2  2  2  2  2  2
 17 Sweet Rocky             51  16  6 19   0  1  0  1  1  1  1  0  0  1  1  1  1  0  0  1  1  2  1  1  1  1  1  1  2  1  1  2  2  1  2  2  2  2  2  2  2  2  2  2  2  2
 18 * Anti-rotn             49  13  5 23   1  1  1  1  1  0  1  1  1  1  0  1  1  1  1  1  0  1  1  0  1  0  1  1  2  1  1  2  2  1  1  1  2  2  2  2  2  2  2  2  2  2
 19 Marble                  49  18 10 13   0  0  0  0  0  0  0  0  0  1  1  1  1  1  1  2  1  1  1  1  0  1  2  1  2  1  1  2  2  2  2  2  2  2  2  2  2  2  2  2  2  2
 20 Granite                 46  17 12 12   0  0  0  0  0  0  0  0  0  0  1  1  0  1  1  1  1  2  1  1  0  1  1  1  2  1  1  2  2  2  2  2  2  2  2  2  2  2  2  2  2  2
 21 * De Bruijn             44   6  3 32   1  0  2  1  1  1  1  1  1  1  2  1  0  1  2  1  1  1  2  2  1  1  1  1  1  1  1  1  1  1  1  1  1  1  1  1  1  2  1  1  1  0
 22 ZQ Bot                  44  16 13 12   0  0  0  0  0  0  0  0  0  0  0  0  1  1  1  1  1  2  1  1  1  1  1  0  2  1  1  2  2  1  2  2  2  2  2  2  2  2  2  2  2  2
 23 Mixed Strategy          43   9  7 25   0  0  0  1  1  1  1  0  1  0  1  1  1  0  1  1  1  1  0  1  1  1  1  1  1  1  1  1  1  1  2  1  2  1  2  2  1  2  2  2  2  2
 24 * Pi                    42   2  1 38   1  1  1  1  1  1  1  1  1  1  1  1  1  1  1  1  1  1  1  1  1  2  1  1  1  1  1  1  1  2  1  1  1  1  1  0  1  1  1  1  1  1
 25 Inocencio               39  16 18  7   0  0  0  0  0  0  0  0  0  0  1  0  1  0  0  1  0  0  0  0  1  0  1  1  1  2  1  2  2  2  2  2  2  2  2  2  2  2  2  2  2  2
 26 * Foxtrot               34   1  8 32   0  0  1  0  0  0  0  1  1  2  1  1  1  1  1  1  1  1  1  1  1  1  1  1  0  1  1  1  1  1  1  1  1  1  0  1  1  1  1  1  1  1
 27 * Add-drift             32   0  9 32   0  0  0  0  0  0  1  1  0  1  0  1  1  1  1  0  1  1  1  1  1  1  1  1  1  1  1  1  1  1  1  1  1  1  1  1  1  1  1  1  1  1
 28 Multi-strategy          31  12 22  7   0  0  0  0  0  0  0  0  0  0  0  0  0  0  0  0  0  0  0  0  1  0  1  1  0  1  1  1  2  2  1  1  2  2  2  2  2  2  2  2  2  2
 29 Peterbot                29   9 21 11   0  0  0  0  0  0  1  0  0  0  0  0  0  1  0  0  0  0  0  0  1  0  1  1  0  1  1  0  1  1  1  1  2  2  2  1  2  2  2  2  2  2
 30 * Copy-drift            28   0 13 28   0  1  0  1  0  0  1  1  1  0  0  1  1  1  1  1  1  1  0  0  1  1  1  0  0  1  1  0  1  1  0  1  1  1  0  1  1  1  1  1  1  1
 31 Knucklehead             25   6 22 13   0  0  0  0  0  0  0  0  0  0  0  0  0  0  0  0  0  1  0  0  1  0  0  1  0  1  1  1  1  2  1  2  2  1  1  1  2  1  2  1  1  2
 32 * Add-react             22   0 19 22   0  0  0  0  1  0  0  1  0  1  0  0  0  1  1  0  0  1  0  0  1  0  1  1  0  1  1  1  1  1  0  1  0  1  1  0  1  1  1  1  1  1
 33 Beat The Last Move      21   6 26  9   0  0  0  0  0  0  0  1  0  0  0  0  0  1  1  0  0  0  0  0  1  0  0  1  0  1  1  0  0  1  0  2  1  0  0  2  0  2  2  1  2  2
 34 * Flat                  21   2 22 17   0  0  0  0  0  0  0  0  0  1  0  1  1  0  0  0  0  0  0  0  1  0  1  1  0  1  1  0  0  1  1  1  2  1  1  1  1  2  1  1  1  0
 35 * Switch A Lot          20   3 24 14   1  0  0  0  0  0  0  0  0  0  0  0  0  0  0  0  0  0  0  0  1  0  0  1  0  2  1  0  0  2  1  1  2  1  1  1  1  1  1  1  1  1
 36 * Text                  19   3 25 13   0  0  0  0  0  1  0  0  1  0  0  0  0  0  1  0  0  0  0  0  1  0  0  2  0  1  1  0  1  1  1  2  0  1  1  1  0  0  0  1  1  2
 37 Always Switchin'        18   2 25 14   0  0  0  0  0  0  0  0  0  0  0  0  0  0  0  0  0  0  0  0  1  0  1  1  0  1  1  0  0  1  0  1  2  1  1  2  1  1  1  1  1  1
 38 Beat Frequent Pick      17   4 28  9   0  0  0  0  0  0  0  0  0  0  0  0  0  0  0  0  0  0  0  0  0  0  0  1  0  1  1  0  0  1  1  1  0  0  1  2  1  1  2  1  2  2
 39 Good Ole Rock           16   3 28 10   0  0  0  0  0  0  0  0  0  0  0  0  0  0  0  0  0  0  0  0  1  0  0  1  0  1  1  0  0  1  0  1  0  1  1  2  1  0  1  1  2  2
 40 Rotate R-P-S            15   0 26 15   0  0  0  0  0  0  0  0  0  0  0  0  0  0  0  0  0  0  0  0  1  0  0  1  0  1  1  0  0  1  1  1  1  1  1  1  1  1  1  1  1  0
 41 R-P-S 20-20-60          14   1 28 12   0  0  0  0  0  0  0  0  0  0  0  0  0  0  0  0  0  0  0  0  1  0  0  1  0  1  1  0  0  1  1  1  0  1  1  1  1  0  0  1  1  2
 42 * Anti-Flat             13   3 31  7   0  0  0  0  0  0  0  0  0  0  0  0  0  0  0  0  0  0  0  0  2  0  0  1  0  1  1  0  0  1  0  1  0  2  1  0  1  0  0  2  0  1


   Yomi AI is match ranked 7

 Tournament results:
    Player Name          total 
  1 Yomi AI               6187 
 19 Iocaine Powder       10911 
 20 Phasenbott           10171 
 21 MegaHAL               9300 
 22 RussRocker4           7658 
 23 Biopic                8270 
 24 Simple Modeller       8718 
 25 Simple Predictor      7527 
 26 Robertot              7163 
 27 Boom                  7113 
 29 ACT-R Lag2            6972 
 32 Granite               6305 
 33 Marble                6840 
 35 Sweet Rocky           6654 
 36 Piedra                6252 

   Yomi is tournament ranked 15

