 Playing 1 tournaments with 1000 trials per match...

 Yomi AI            vs Good Ole Rock       Match: 1000 (1000+   0-   0=)
 Yomi AI            vs R-P-S 20-20-60      Match:  202 (478+ 276- 246=)
 Yomi AI            vs Rotate R-P-S        Match:  778 (887+ 109-   4=)
 Yomi AI            vs Beat The Last Move  Match:    5 (342+ 337- 321=)
 Yomi AI            vs Always Switchin'    Match:   14 (357+ 343- 300=)
 Yomi AI            vs Beat Frequent Pick  Match:  443 (674+ 231-  95=)
 Yomi AI            vs * Pi                Match:   80 (375+ 295- 330=)
 Yomi AI            vs * Switch A Lot      Match:   27 (358+ 331- 311=)
 Yomi AI            vs * Flat              Match:   40 (363+ 323- 314=)
 Yomi AI            vs * Anti-Flat         Match:  999 (999+   0-   1=)
 Yomi AI            vs * Foxtrot           Match:  125 (422+ 297- 281=)
 Yomi AI            vs * De Bruijn         Match:  -22 (306+ 328- 366=)
 Yomi AI            vs * Text              Match:   46 (367+ 321- 312=)
 Yomi AI            vs * Anti-rotn         Match:   -9 (335+ 344- 321=)
 Yomi AI            vs * Copy-drift        Match:   42 (352+ 310- 338=)
 Yomi AI            vs * Add-react         Match:   20 (371+ 351- 278=)
 Yomi AI            vs * Add-drift         Match:   -4 (331+ 335- 334=)
 Yomi AI            vs Iocaine Powder      Match:  -35 (315+ 350- 335=)
 Yomi AI            vs Phasenbott          Match:  -36 (309+ 345- 346=)
 Yomi AI            vs MegaHAL             Match:  -36 (327+ 363- 310=)
 Yomi AI            vs RussRocker4         Match:  -17 (323+ 340- 337=)
 Yomi AI            vs Biopic              Match:   14 (371+ 357- 272=)
 Yomi AI            vs Simple Modeller     Match:   22 (340+ 318- 342=)
 Yomi AI            vs Simple Predictor    Match:   12 (350+ 338- 312=)
 Yomi AI            vs Robertot            Match:  -26 (341+ 367- 292=)
 Yomi AI            vs Boom                Match:    8 (339+ 331- 330=)
 Yomi AI            vs Shofar              Match:   11 (338+ 327- 335=)
 Yomi AI            vs ACT-R Lag2          Match:   13 (339+ 326- 335=)
 Yomi AI            vs Majikthise          Match:   27 (350+ 323- 327=)
 Yomi AI            vs Vroomfondel         Match:  -20 (308+ 328- 364=)
 Yomi AI            vs Granite             Match:   83 (420+ 337- 243=)
 Yomi AI            vs Marble              Match:   69 (412+ 343- 245=)
 Yomi AI            vs ZQ Bot              Match:   82 (417+ 335- 248=)
 Yomi AI            vs Sweet Rocky         Match:   47 (385+ 338- 277=)
 Yomi AI            vs Piedra              Match:   40 (375+ 335- 290=)
 Yomi AI            vs Mixed Strategy      Match:   32 (366+ 334- 300=)
 Yomi AI            vs Multi-strategy      Match:  221 (496+ 275- 229=)
 Yomi AI            vs Inocencio           Match:   25 (377+ 352- 271=)
 Yomi AI            vs Peterbot            Match:   22 (355+ 333- 312=)
 Yomi AI            vs Bugbrain            Match:   14 (333+ 319- 348=)
 Yomi AI            vs Knucklehead         Match:  313 (544+ 231- 225=)
 Final results (draw value = 50):

 Tournament results: 

    Player Name          total     1    2    3    4    5    6    7    8    9   10   11   12   13   14   15   16   17   18   19   20   21   22   23   24   25   26   27   28   29   30   31   32   33   34   35   36   37   38   39   40   41   42
  1 Iocaine Powder       10462     0   33   64   18   19   -5  501  151   29   28  240    9   22  237    7  290   48   53  -31   15   39   35  232  176    1   -4  134  333  183  584  211  332   69  111  191  893  338  913  993  989  994  987
  2 Phasenbott           10026   -33    0   65   15   44   70  569  141   35   31  241   21   25  196   59  250   76   27   30   51   27   36  109  168   48    4   78  383   72  392   84  322  121   45  219  998  113  921  993  993  994  993
  3 MegaHAL               9419   -64  -65    0   30    2   55   98  103   26   15  230   -9   21  258   -6  240   55   54   54  -10  -46   36  179  186  -26  -42  219   65   54  316  113  266  233  133  425  899  410  931  990  991 1000 1000
  4 Biopic                8490   -18  -15  -30    0  -22   16   33   68  -17  -21  114   -2   73  112   28  127   42   25   30  -10   19  -14  272  154  -23   14   -9  389   70  507  175   48  237  136  321  758  372  545  993  998  999  996
  5 Simple Modeller       8375   -19  -44   -2   22    0    1  -14  250    2   12   85    0   25  108   43  299   56   46   88   -2   -5  -22  270  186  -32    4  223    8  277  205   43  113  270  142  437  324  411  589  992  991  998  995
  6 Robertot              7811     5  -70  -55  -16   -1    0  -20    9  -24   25   68  -60   31   88   32   75   61   31   15  -26   16   26  308   44   15   -8   19    5  116  322   69   86   40  172  504  798  405  907  812  992  997  998
  7 RussRocker4           7720  -501 -569  -98  -33   14   20    0  123   10   25  175   36   44  106   -5  172   72   68   88  -31   -8   17  313  149  -48   -2  174  201  134  482  133  350  121   57  229  917  222  588  988  992  998  997
  8 Simple Predictor      7710  -151 -141 -103  -68 -250   -9 -123    0  -41  -46    3    0   43   28   23  164   43   36   68  -16  -24  -12  179  712  -79  -14  309  -46  266  266   59  105  214  154  411  797  406  587  984  986  996  994
  9 ACT-R Lag2            7458   -29  -35  -26   17   -2   24  -10   41    0   33   89   13   26  170    7   80   17   62   60   43   38  -13  179  790  -39    0  -14   38   20  455  122   21  123   81  274  280  305  566  669  996  996  991
 10 Boom                  7110   -28  -31  -15   21  -12  -25  -25   46  -33    0   75  -13   38   20  -26   48   51   60   22   22  -54   -8  164   20  -11    2   56   -2   58  348    2   78  164  140  383  433  411  753  991  990  997 1000
 11 Granite               6447  -240 -241 -230 -114  -85  -68 -175   -3  -89  -75    0  -22   35    8  -63   64   41   42   20   -1  -45  -83  174  644  -55  -45  -26   54   47  289  172   58  135  173  265  924  380  594  996  997  999  996
 12 Shofar                6177    -9  -21    9    2    0   60  -36    0  -13   13   22    0   73   44   17   71   40   44   86   13  -14  -11  100   58  -17   16  -36   40   99  249  -11   16  116  109  403   95  234  542  879  938  981  976
 13 Piedra                5874   -22  -25  -21  -73  -25  -31  -44  -43  -26  -38  -35  -73    0  -19  -29  -68   50   39  -16  -50  -25  -40   82  -20  -21  -27   77  -42   27  220  195  161  120  183  208  341  415  595  996  990  995  993
 14 Marble                5869  -237 -196 -258 -112 -108  -88 -106  -28 -170  -20   -8  -44   19    0  -82  -13   52   -6   35  -28  -31  -69  300   25  -40   11   53   15   85  290  124   85  140  178  160  983  388  594  992  990  998  996
 15 Bugbrain              5818    -7  -59    6  -28  -43  -32    5  -23   -7   26   63  -17   29   82    0  174   41   74   24   14   -8  -14  113   33  -39  -35   95   -2   31   80   -3   99  148   37  221  274  179  406  972  942  990  977
 16 ZQ Bot                5744  -290 -250 -240 -127 -299  -75 -172 -164  -80  -48  -64  -71   68   13 -174    0   42   62   54  -63  -39  -82  321  -16   30  -26   93   67   59  323  160  150  199  165  342  855  439  595  992  995 1000 1000
 17 * Anti-rotn           5528   -48  -76  -55  -42  -56  -61  -72  -43  -17  -51  -41  -40  -50  -52  -41  -42    0  -12  -29  -18  -43    9  223  493  -62  -52   24   -3   12   -2  191   14  272   62  506  499  148  598  493  997  999  996
 18 Sweet Rocky           5413   -53  -27  -54  -25  -46  -31  -68  -36  -62  -60  -42  -44  -39    6  -74  -62   12    0  -38  -30  -30  -47  126  -35  -41  -35   86  -19  -18  124  152  369  168  159  104  151  391  591 1000  998  996  996
 19 Mixed Strategy        4774    31  -30  -54  -30  -88  -15  -88  -68  -60  -22  -20  -86   16  -35  -24  -54   29   38    0  -45 -105  -32   53   -1  -64   -3    6  -25   83   83   35   77  115  174   35  188  455  452  930  938  996  989
 20 Majikthise            4741   -15  -51   10   10    2   26   31   16  -43  -22    1  -13   50   28  -14   63   18   30   45    0   -6  -27  203  115  -19   -4   36   19  -49  230   57  -23   87   31  248   80  146  484   -8  995  992  982
 21 Vroomfondel           4737   -39  -27   46  -19    5  -16    8   24  -38   54   45   14   25   31    8   39   43   30  105    6    0   20  150   44   21  -49  -24   37   28  218   34  -19   90   27  279  -18  167  425  -14  989  996  992
 22 Yomi AI               4671   -35  -36  -36   14   22  -26  -17   12   13    8   83   11   40   69   14   82   -9   47   32   27  -20    0  221   25  -22   80   -4  125   42  313   40   20   27   46   14   22  202  443    5  778 1000  999
 23 Multi-strategy        2694  -232 -109 -179 -272 -270 -308 -313 -179 -179 -164 -174 -100  -82 -300 -113 -321 -223 -126  -53 -203 -150 -221    0 -161  -50  -20  -30    1  244   61  119   -9  268  123  514  500  414  999  997  997  999  999
 24 Inocencio             2335  -176 -168 -186 -154 -186  -44 -149 -712 -790  -20 -644  -58   20  -25  -33   16 -493   35    1 -115  -44  -25  161    0  -31  -26  -23  315  102  250  145   74   83  162  304  141  371  361  958  982  979  977
 25 * De Bruijn            640    -1  -48   26   23   32  -15   48   79   39   11   55   17   21   40   39  -30   62   41   64   19  -21   22   50   31    0   -1   14    1  -13   -2  -38   -4   18   23    7   -9    2  128   -1   21    0 -110
 26 * Pi                    55     4   -4   42  -14   -4    8    2   14    0   -2   45  -16   27  -11   35   26   52   35    3    4   49  -80   20   26    1    0  -33   36  -18    0  -42   -1   -7  -81  -60    2  -23   30   22  -11  -11  -10
 27 * Add-drift          -1540  -134  -78 -219    9 -223  -19 -174 -309   14  -56   26   36  -77  -53  -95  -93  -24  -86   -6  -36   24    4   30   23  -14   33    0   19   -4  -33  -24   20    8   10   -7   -6    4   -4    0  -29  -13   16
 28 * Foxtrot            -1966  -333 -383  -65 -389   -8   -5 -201   46  -38    2  -54  -40   42  -15    2  -67    3   19   25  -19  -37 -125   -1 -315   -1  -36  -19    0   15  -26  -30   33    3    8   21  -41  -17    1   18   -1    0   62
 29 * Copy-drift         -1995  -183  -72  -54  -70 -277 -116 -134 -266  -20  -58  -47  -99  -27  -85  -31  -59  -12   18  -83   49  -28  -42 -244 -102   13   18    4  -15    0 -110   12   -7  -22   39   60   31  -23   19  -48   44    0   32
 30 Knucklehead          -2390  -584 -392 -316 -507 -205 -322 -482 -266 -455 -348 -289 -249 -220 -290  -80 -323    2 -124  -83 -230 -218 -313  -61 -250    2    0   33   26  110    0   -8   74  -18   14  -29  -15   52  127  935  927  986  999
 31 * Flat               -2393  -211  -84 -113 -175  -43  -69 -133  -59 -122   -2 -172   11 -195 -124    3 -160 -191 -152  -35  -57  -34  -40 -119 -145   38   42   24   30  -12    8    0  -20   18   77    5 -176   11  212  212  -28    0 -413
 32 * Add-react          -2822  -332 -322 -266  -48 -113  -86 -350 -105  -21  -78  -58  -16 -161  -85  -99 -150  -14 -369  -77   23   19  -20    9  -74    4    1  -20  -33    7  -74   20    0  -45   34  -49  -48   13    2   43   50   60    6
 33 * Switch A Lot       -3219   -69 -121 -233 -237 -270  -40 -121 -214 -123 -164 -135 -116 -120 -140 -148 -199 -272 -168 -115  -87  -90  -27 -268  -83  -18    7   -8   -3   22   18  -18   45    0   50   29 -195  -10   35  361   -5   12   19
 34 * Text               -3291  -111  -45 -133 -136 -142 -172  -57 -154  -81 -140 -173 -109 -183 -178  -37 -165  -62 -159 -174  -31  -27  -46 -123 -162  -23   81  -10   -8  -39  -14  -77  -34  -50    0   -5   10   22 -185  -74  -11 -185  111
 35 Always Switchin'     -6585  -191 -219 -425 -321 -437 -504 -229 -411 -274 -383 -265 -403 -208 -160 -221 -342 -506 -104  -35 -248 -279  -14 -514 -304   -7   60    7  -21  -60   29   -5   49  -29    5    0 -240   14   37  518   34    7   14
 36 Peterbot             -6665  -893 -998 -899 -758 -324 -798 -917 -797 -280 -433 -924  -95 -341 -983 -274 -855 -499 -151 -188  -80   18  -22 -500 -141    9   -2    6   41  -31   15  176   48  195  -10  240    0  376  431  981  997 1000  995
 37 R-P-S 20-20-60       -8619  -338 -113 -410 -372 -411 -405 -222 -406 -305 -411 -380 -234 -415 -388 -179 -439 -148 -391 -455 -146 -167 -202 -414 -371   -2   23   -4   17   23  -52  -11  -13   10  -22  -14 -376    0 -377 -152   19 -427  461
 38 Beat Frequent Pick  -14039  -913 -921 -931 -545 -589 -907 -588 -587 -566 -753 -594 -542 -595 -594 -406 -595 -598 -591 -452 -484 -425 -443 -999 -361 -128  -30    4   -1  -19 -127 -212   -2  -35  185  -37 -431  377    0 -600    0  999  997
 39 Beat The Last Move  -19810  -993 -993 -990 -993 -992 -812 -988 -984 -669 -991 -996 -879 -996 -992 -972 -992 -493 -1000 -930    8   14   -5 -997 -958    1  -22    0  -18   48 -935 -212  -43 -361   74 -518 -981  152  600    0    1 1000  997
 40 Rotate R-P-S        -26139  -989 -993 -991 -998 -991 -992 -992 -986 -996 -990 -997 -938 -990 -990 -942 -995 -997 -998 -938 -995 -989 -778 -997 -982  -21   11   29    1  -44 -927   28  -50    5   11  -34 -997  -19    0   -1    0    0 -687
 41 Good Ole Rock       -26318  -994 -994 -1000 -999 -998 -997 -998 -996 -996 -997 -999 -981 -995 -998 -990 -1000 -999 -996 -996 -992 -996 -1000 -999 -979    0   11   13    0    0 -986    0  -60  -12  185   -7 -1000  427 -999 -1000    0    0  999
 42 * Anti-Flat         -28307  -987 -993 -1000 -996 -995 -998 -997 -994 -991 -1000 -996 -976 -993 -996 -977 -1000 -996 -996 -989 -982 -992 -999 -999 -977  110   10  -16  -62  -32 -999  413   -6  -19 -111  -14 -995 -461 -997 -997  687 -999    0

 Match results (draw <= 50): 

    Player Name           total  W  L  D   1  2  3  4  5  6  7  8  9 10 11 12 13 14 15 16 17 18 19 20 21 22 23 24 25 26 27 28 29 30 31 32 33 34 35 36 37 38 39 40 41 42
  1 Phasenbott              68  27  0 14   1  1  2  2  1  1  1  1  1  2  2  1  2  2  1  1  1  2  2  2  1  2  1  2  1  2  2  2  2  2  2  2  2  2  1  2  2  2  2  2  2  2
  2 Iocaine Powder          66  25  0 16   1  1  2  2  1  1  1  1  1  1  1  1  2  1  1  1  2  2  2  2  1  1  1  2  1  2  2  2  2  2  2  2  2  2  2  2  2  2  2  2  2  2
  3 MegaHAL                 66  27  2 12   0  0  1  2  1  1  1  1  1  1  2  1  2  1  1  1  2  2  2  2  1  2  2  2  1  2  2  2  2  2  2  2  2  2  2  2  2  2  2  2  2  2
  4 RussRocker4             63  25  3 13   0  0  0  1  1  1  1  1  1  1  1  1  2  1  1  1  2  2  2  2  1  2  2  2  1  2  2  2  2  2  2  2  2  2  2  2  2  2  2  2  2  2
  5 Simple Modeller         63  22  0 19   1  1  1  1  1  1  1  1  1  1  1  1  2  1  1  1  1  2  2  2  1  2  2  2  1  1  2  2  2  2  2  2  1  2  2  2  2  2  2  2  2  2
  6 Biopic                  62  21  0 20   1  1  1  1  1  1  1  1  1  1  1  1  2  1  2  1  1  2  2  2  1  1  1  2  1  2  2  1  2  2  2  1  2  2  2  2  2  2  2  2  2  2
  7 ACT-R Lag2              60  19  0 22   1  1  1  1  1  1  1  1  1  1  1  1  1  1  1  1  2  2  2  2  1  1  2  2  1  1  2  1  2  1  2  1  2  2  2  2  2  2  2  2  2  2
  8 Shofar                  59  18  0 23   1  1  1  1  1  1  1  1  1  1  2  1  1  1  2  1  1  1  2  1  1  1  2  2  1  1  2  1  2  2  2  1  1  2  2  2  2  2  2  2  2  2
  9 Boom                    58  18  1 22   1  1  1  1  1  1  1  1  1  1  1  1  1  1  1  0  2  1  1  2  1  2  1  1  1  1  2  2  2  2  2  2  1  2  2  2  2  2  2  2  2  2
 10 Bugbrain                57  17  1 23   0  1  1  1  1  1  1  1  1  1  1  1  1  1  1  1  2  2  2  2  1  1  1  1  1  1  2  2  2  1  2  2  1  2  1  2  2  2  2  2  2  2
 11 Robertot                56  18  3 20   0  1  0  1  1  1  1  0  1  1  1  1  1  1  1  1  1  2  2  2  1  2  1  1  1  1  2  1  2  2  2  2  2  2  2  2  1  2  2  2  2  2
 12 Yomi AI                 53  12  0 29   1  1  1  1  1  1  1  1  1  1  1  1  1  1  1  1  1  2  2  2  1  1  1  1  2  2  2  1  1  1  2  1  1  1  1  1  1  2  2  2  2  2
 13 Simple Predictor        53  19  7 15   0  0  0  0  0  0  1  1  1  1  1  1  1  1  1  1  1  1  2  1  0  1  2  2  1  1  2  2  2  2  2  2  2  2  2  2  2  2  2  2  2  2
 14 Majikthise              53  13  1 27   0  1  1  1  1  1  1  1  1  1  1  1  1  1  1  1  1  1  2  1  1  1  1  2  1  1  2  1  2  1  2  1  2  1  1  2  2  2  2  2  2  2
 15 Piedra                  53  15  3 23   1  1  1  1  1  0  1  0  1  1  1  1  1  1  1  1  1  1  0  1  1  1  1  1  1  1  2  2  2  1  2  2  2  2  2  2  2  2  2  2  2  2
 16 Vroomfondel             52  11  0 30   1  1  1  1  1  1  1  1  2  1  1  1  1  1  1  1  1  1  1  1  1  1  2  1  1  1  2  1  1  1  2  1  1  1  1  2  2  2  2  2  2  2
 17 Sweet Rocky             49  15  7 19   1  0  0  0  1  1  0  1  0  0  1  1  1  1  1  1  1  1  0  1  1  1  1  1  1  1  2  2  2  1  2  2  2  2  2  2  2  2  2  2  2  2
 18 Marble                  48  17 10 14   0  0  0  0  0  0  0  1  1  0  0  0  1  1  1  1  1  1  1  1  1  2  1  1  1  1  2  2  2  2  2  2  2  2  2  2  2  2  2  2  2  2
 19 ZQ Bot                  47  20 14  7   0  0  0  0  0  0  0  0  1  0  0  0  0  0  2  1  2  1  1  0  1  1  2  1  1  2  2  2  2  2  2  2  2  2  2  2  2  2  2  2  2  2
 20 Granite                 46  17 12 12   0  0  0  0  0  0  0  1  0  0  0  0  1  1  1  1  1  1  2  1  0  1  1  2  1  2  2  1  2  1  2  2  2  2  2  2  2  2  2  2  2  2
 21 * De Bruijn             45   5  1 35   1  1  1  1  1  1  1  1  1  1  1  1  2  1  1  1  1  1  1  2  1  2  2  1  1  1  1  1  1  1  1  1  1  1  1  1  1  2  1  1  1  0
 22 * Anti-rotn             45  13  9 19   0  1  0  0  0  1  1  1  0  1  0  1  1  1  1  1  1  0  1  1  0  1  1  2  0  1  2  1  2  1  1  1  2  2  2  2  2  2  2  2  2  2
 23 Mixed Strategy          45  13  9 19   1  1  0  0  0  1  0  0  1  1  1  1  0  1  1  0  1  1  0  1  0  1  1  1  1  1  2  1  2  2  2  2  1  2  2  1  2  2  2  2  2  2
 24 Inocencio               45  16 12 13   0  0  0  0  0  0  0  0  1  1  1  1  0  0  1  1  1  1  1  0  1  0  1  1  1  2  2  1  2  2  2  2  2  2  2  2  2  2  2  2  2  2
 25 * Pi                    39   1  3 37   1  1  1  1  1  1  1  1  1  1  1  0  1  1  1  1  1  1  1  1  1  2  1  1  1  1  1  1  1  1  1  1  1  1  0  0  1  1  1  1  1  1
 26 * Foxtrot               33   1  9 31   0  0  0  0  1  0  1  1  1  1  1  0  1  1  1  1  1  1  0  0  1  1  1  0  1  1  1  1  1  1  1  1  1  1  1  1  1  1  1  1  1  2
 27 Multi-strategy          31  13 23  5   0  0  0  0  0  0  0  0  0  0  0  0  0  0  0  0  0  0  0  0  1  0  0  0  1  1  1  1  2  2  2  1  2  2  2  2  2  2  2  2  2  2
 28 * Add-drift             29   0 12 29   0  0  0  0  0  1  1  1  0  0  1  1  0  1  0  1  0  0  0  1  1  1  1  1  1  1  1  1  1  1  1  1  1  1  1  1  1  1  1  1  1  1
 29 Peterbot                28   9 22 10   0  0  0  0  0  0  0  0  0  0  0  1  0  0  0  1  0  0  0  0  1  0  0  0  1  1  0  1  1  1  1  1  2  2  1  2  2  2  2  2  2  2
 30 * Copy-drift            26   1 16 24   0  0  0  0  0  0  1  0  0  1  0  1  0  1  1  1  1  0  0  1  1  1  0  0  1  1  0  1  1  1  0  1  1  1  1  2  1  1  1  1  1  1
 31 Knucklehead             26   8 23 10   0  0  0  0  0  0  0  0  0  0  0  0  0  0  0  0  0  0  0  0  1  1  0  0  1  1  0  1  1  2  1  2  1  2  1  1  1  2  2  2  2  2
 32 * Add-react             25   1 17 23   0  0  0  0  0  1  1  1  0  0  0  1  0  1  0  1  0  0  0  0  1  1  0  0  1  1  1  1  1  1  0  1  1  1  1  1  1  1  2  1  1  1
 33 * Flat                  25   3 19 19   0  0  0  0  1  0  0  1  1  1  0  1  0  0  0  1  0  0  0  0  1  0  1  0  1  1  0  1  0  1  1  1  1  2  2  1  1  2  1  1  1  0
 34 Beat The Last Move      20   5 26 10   0  0  0  0  0  0  0  0  0  0  0  1  0  1  0  1  0  0  0  0  1  0  0  0  1  1  0  1  0  1  0  1  0  1  2  0  0  2  2  1  2  2
 35 * Text                  20   2 23 16   1  0  0  0  0  0  0  0  0  1  0  1  0  1  0  1  0  0  0  0  1  0  0  0  2  1  0  1  1  1  1  1  0  0  1  1  1  0  0  1  1  2
 36 Always Switchin'        19   2 24 15   0  0  0  0  0  0  0  0  0  0  0  1  0  0  0  0  0  0  0  0  1  0  1  0  2  1  0  1  0  0  1  1  1  2  1  1  1  1  1  1  1  1
 37 * Switch A Lot          19   1 23 17   0  0  0  0  0  0  0  0  0  0  1  1  0  0  0  0  0  0  0  0  1  0  0  0  1  1  0  1  0  1  1  1  1  2  1  1  1  1  1  1  1  1
 38 Beat Frequent Pick      16   4 29  8   0  0  0  0  0  0  0  0  0  0  0  0  0  0  0  0  0  0  0  0  0  0  0  0  1  1  0  1  0  1  0  1  0  0  2  1  1  1  2  1  2  2
 39 Good Ole Rock           15   3 29  9   0  0  0  0  0  0  0  0  0  0  0  0  0  0  0  0  0  0  0  0  1  0  0  0  1  1  0  1  0  1  0  0  1  0  2  1  1  0  1  1  2  2
 40 Rotate R-P-S            14   0 27 14   0  0  0  0  0  0  0  0  0  0  0  0  0  0  0  0  0  0  0  0  1  0  0  0  1  1  0  1  0  1  0  1  1  1  1  1  1  1  1  1  1  0
 41 R-P-S 20-20-60          13   1 29 11   0  0  0  0  0  0  0  0  0  0  0  0  0  0  0  0  0  0  0  0  1  0  0  0  1  1  0  1  0  1  0  1  1  0  1  1  1  0  0  1  1  2
 42 * Anti-Flat             12   3 32  6   0  0  0  0  0  0  0  0  0  0  0  0  0  0  0  0  0  0  0  0  2  0  0  0  1  0  0  1  0  1  0  1  2  0  0  1  1  0  0  2  0  1


   Yomi AI is match ranked 12

 Tournament results:
    Player Name          total 
  1 Yomi AI               4671 
 15 * Anti-rotn           5528 
 19 Iocaine Powder       10462 
 20 Phasenbott           10026 
 21 MegaHAL               9419 
 22 RussRocker4           7720 
 23 Biopic                8490 
 24 Simple Modeller       8375 
 25 Simple Predictor      7710 
 26 Robertot              7811 
 27 Boom                  7110 
 28 Shofar                6177 
 29 ACT-R Lag2            7458 
 30 Majikthise            4741 
 31 Vroomfondel           4737 
 32 Granite               6447 
 33 Marble                5869 
 34 ZQ Bot                5744 
 35 Sweet Rocky           5413 
 36 Piedra                5874 
 37 Mixed Strategy        4774 
 41 Bugbrain              5818 

   Yomi is tournament ranked 22

