 Playing 1 tournaments with 1000 trials per match...

 Yomi AI            vs Good Ole Rock       Match: 1000 (1000+   0-   0=)
 Yomi AI            vs R-P-S 20-20-60      Match:  267 (508+ 241- 251=)
 Yomi AI            vs Rotate R-P-S        Match:  964 (972+   8-  20=)
 Yomi AI            vs Beat The Last Move  Match:  137 (440+ 303- 257=)
 Yomi AI            vs Always Switchin'    Match:  139 (436+ 297- 267=)
 Yomi AI            vs Beat Frequent Pick  Match:  448 (644+ 196- 160=)
 Yomi AI            vs * Pi                Match:  -38 (317+ 355- 328=)
 Yomi AI            vs * Switch A Lot      Match:   33 (341+ 308- 351=)
 Yomi AI            vs * Flat              Match:  150 (432+ 282- 286=)
 Yomi AI            vs * Anti-Flat         Match:  999 (999+   0-   1=)
 Yomi AI            vs * Foxtrot           Match:  236 (495+ 259- 246=)
 Yomi AI            vs * De Bruijn         Match:    3 (325+ 322- 353=)
 Yomi AI            vs * Text              Match:   79 (386+ 307- 307=)
 Yomi AI            vs * Anti-rotn         Match:   24 (336+ 312- 352=)
 Yomi AI            vs * Copy-drift        Match:   47 (370+ 323- 307=)
 Yomi AI            vs * Add-react         Match:   -3 (329+ 332- 339=)
 Yomi AI            vs * Add-drift         Match:    2 (343+ 341- 316=)
 Yomi AI            vs Iocaine Powder      Match:  -10 (322+ 332- 346=)
 Yomi AI            vs Phasenbott          Match:   23 (350+ 327- 323=)
 Yomi AI            vs MegaHAL             Match:   -1 (339+ 340- 321=)
 Yomi AI            vs RussRocker4         Match:  -15 (329+ 344- 327=)
 Yomi AI            vs Biopic              Match:   30 (366+ 336- 298=)
 Yomi AI            vs Simple Modeller     Match:   14 (326+ 312- 362=)
 Yomi AI            vs Simple Predictor    Match:   35 (361+ 326- 313=)
 Yomi AI            vs Robertot            Match:    8 (359+ 351- 290=)
 Yomi AI            vs Boom                Match:   36 (348+ 312- 340=)
 Yomi AI            vs Shofar              Match:  -42 (320+ 362- 318=)
 Yomi AI            vs ACT-R Lag2          Match:  -52 (314+ 366- 320=)
 Yomi AI            vs Majikthise          Match:    3 (332+ 329- 339=)
 Yomi AI            vs Vroomfondel         Match:    5 (333+ 328- 339=)
 Yomi AI            vs Granite             Match:   64 (407+ 343- 250=)
 Yomi AI            vs Marble              Match:   98 (427+ 329- 244=)
 Yomi AI            vs ZQ Bot              Match:   58 (393+ 335- 272=)
 Yomi AI            vs Sweet Rocky         Match:   30 (359+ 329- 312=)
 Yomi AI            vs Piedra              Match:   44 (370+ 326- 304=)
 Yomi AI            vs Mixed Strategy      Match:   72 (402+ 330- 268=)
 Yomi AI            vs Multi-strategy      Match:  190 (473+ 283- 244=)
 Yomi AI            vs Inocencio           Match:   24 (364+ 340- 296=)
 Yomi AI            vs Peterbot            Match:   25 (362+ 337- 301=)
 Yomi AI            vs Bugbrain            Match:    5 (346+ 341- 313=)
 Yomi AI            vs Knucklehead         Match:  434 (614+ 180- 206=)
 Final results (draw value = 50):

 Tournament results: 

    Player Name          total     1    2    3    4    5    6    7    8    9   10   11   12   13   14   15   16   17   18   19   20   21   22   23   24   25   26   27   28   29   30   31   32   33   34   35   36   37   38   39   40   41   42
  1 Iocaine Powder       10937     0   52   44   31   26   15   47  512  154  243  251   -6   14   61   60   15   10   43  302   39   16   42  260  217   37  -55  143  243  331  607  139  354  196   47  876  310  358  953  988  985  991  986
  2 Phasenbott            9999   -52    0   47   14   37    4   88  538  129  213  216   33   24   72   10   41  -23   75  254   -2    5   25  179  289   31  -21  137  126  316  448   91  314  117   51  913  250  128  925  988  989  996  984
  3 MegaHAL               9219   -44  -47    0   -6  -26   24   24   77   57  272  266   38  -15  -24   -1    9    1   61  267   -1  -49   32  203  187  -13  -21  185   28   58  356  142  228  133  228  859  440  354  955  991  993  998 1000
  4 Biopic                8687   -31  -14    6    0  -23    8    9  -14   19  116  128   55  -17   63    2   41  -30   43   81  -22  -13   82  129  295   -4   34    3   98  404  517  149   36  174  172  739  322  387  762  996  990  996  999
  5 Simple Modeller       8577   -26  -37   26   23    0  -16    4    0  224   82   97    9  -33   20   21    5  -14   66  295   -1  -49   34  134  226  -38   -3  211  281  -19  266  149  109   58  253  781  457  418  592  993  993  998  988
  6 Boom                  8228   -15   -4  -24   -8   16    0  -13  -27    7   48   98   20  -35  -27  -32   49  -36   42  103    0  -34   51  779  148   17    1   82   56   -3  417  102   82    0  178  640  426  399  753  991  986  995 1000
  7 Robertot              7881   -47  -88  -24   -9   -4   13    0  -53   95   61   30   35    5  -48   39   30   -8   44   94   -2    8   83   88  271    7  -51  -15   88   17  407  171   33   52   72  804  466  427  814  988  995  999  994
  8 RussRocker4           7866  -512 -538  -77   14    0   27   53    0  134  141  142   47  -10  -13   60   47   15   45  166  -13    4   67  136  349  -54  -46  110  145  246  452   92  343  153  116  915  239  299  591  988  993 1000 1000
  9 Simple Predictor      6751  -154 -129  -57  -19 -224   -7  -95 -134    0  -36    5   11  -19  -50   34   39  -35   38  147  -15   28   39   75  220  -73   19  280  273   -1  292  166  151   77  215  330  399  409  587  986  990  995  994
 10 Granite               6592  -243 -213 -272 -116  -82  -48  -61 -141   36    0  -18   37  -51 -142  -62   44  -64   44   15  -72  -41   21  647  378  -61  -21   10  -18   83  303  175   88  149  140  928  256  387  594  996  993 1000  994
 11 Marble                6563  -251 -216 -266 -128  -97  -98  -30 -142   -5   18    0   63   12 -173  -81   10  -98   56   46  -63  -48   26  643  165  -46  -24   26   97   74  329  181   53  232  166  929  215  404  593  996  996  999 1000
 12 Sweet Rocky           6385     6  -33  -38  -55   -9  -20  -35  -47  -11  -37  -63    0  -32   -8   -7   24  -30   71  -17  -41  -25  -28  -55   32  -66  -53    2   36   -4  138  171  359  192  103  800  192  391  593  999  995  998  997
 13 Shofar                6264   -14  -24   15   17   33   35   -5   10   19   51  -12   32    0    8  -47   20   42   32   75  -37   17   31   40  112  -22    5   35   85   33  149   98   54   33  136  180  397  283  560  901  925  965  997
 14 ACT-R Lag2            5908   -61  -72   24  -63  -20   27   48   13   50  142  173    8   -8    0   30   42   52  -13   70  -11   10   39   37  314  -76   42   31    1  -15  486   82   -4  187  192    3  236  331  583   16  992  993  997
 15 Bugbrain              5815   -60  -10    1   -2  -21   32  -39  -60  -34   62   81    7   47  -30    0   68   -5   41  166   29   81   69   47  160   22  -50   98   46   16   67   54   82   35  129  148  211  154  366  948  901  991  967
 16 Piedra                5577   -15  -41   -9  -41   -5  -49  -30  -47  -39  -44  -10  -24  -20  -42  -68    0  -44   51  -43  -86  -45  -39  -79  168  -54  -17   92   58  -41  108  152  244  134  109  131  252  437  590  995  993  995 1000
 17 Yomi AI               5565   -10   23   -1   30   14   36    8  -15   35   64   98   30  -42  -52    5   44    0   24   58    3    5   72   24  190    3  -38    2   47  236  434   79   -3  150   33   25  139  267  448  137  964 1000  999
 18 * Anti-rotn           5518   -43  -75  -61  -43  -66  -42  -44  -45  -38  -44  -56  -71  -32   13  -41  -51  -24    0  -44  -41   18  -39  396  224  -36  -41    0  -16  -43   82   56    1  196  311  500  511  161  597  497  999  996  996
 19 ZQ Bot                5375  -302 -254 -267  -81 -295 -103  -94 -166 -147  -15  -46   17  -75  -70 -166   43  -58   44    0  -37  -48   11 -112  255   -7  -43   72   56   30  305  119  322  169  200  852  283  418  592  988  995  994  996
 20 Majikthise            4904   -39    2    1   22    1    0    2   13   15   72   63   41   37   11  -29   86   -3   41   37    0  -31    6   93  199  -11  -13   -5  -31   34  203   42   16   92  104   15  237  142  457   14  992  992  984
 21 Vroomfondel           4815   -16   -5   49   13   49   34   -8   -4  -28   41   48   25  -17  -10  -81   45   -5  -18   48   31    0   24   73  193    0   -5   20    7   17  229   68  -19   67   75  -20  263  183  467    3  990  996  993
 22 Mixed Strategy        4722   -42  -25  -32  -82  -34  -51  -83  -67  -39  -21  -26   28  -31  -39  -69   39  -72   39  -11   -6  -24    0   -8    7  -42  -18    6   55   15   90  129   70   80    3  152   64  428  456  952  941  992  998
 23 Inocencio             2602  -260 -179 -203 -129 -134 -779  -88 -136  -75 -647 -643   55  -40  -37  -47   79  -24 -396  112  -93  -73    8    0   88  -15  -22   34  140  309  147  153  105  177  147  150  277  387  359  949  981  987  978
 24 Multi-strategy        2462  -217 -289 -187 -295 -226 -148 -271 -349 -220 -378 -165  -32 -112 -314 -160 -168 -190 -224 -255 -199 -193   -7  -88    0  -50  -20  -29  214    4    8  123   38  216  273  500  492  389  999  997  997  999  999
 25 * De Bruijn            860   -37  -31   13    4   38  -17   -7   54   73   61   46   66   22   76  -22   54   -3   36    7   11    0   42   15   50    0   -1   26   28   27   29   23   39   24    1   14   47   18  128   -1   21    0 -114
 26 * Pi                   397    55   21   21  -34    3   -1   51   46  -19   21   24   53   -5  -42   50   17   38   41   43   13    5   18   22   20    1    0  -33    2   -4   -9  -81    5  -14   39    8   -7    9   30   22  -11  -11  -10
 27 * Add-drift          -1489  -143 -137 -185   -3 -211  -82   15 -110 -280  -10  -26   -2  -35  -31  -98  -92   -2    0  -72    5  -20   -6  -34   29  -26   33    0   19   27  -23  -11   12   28    9  -17  -13  -10   19   43  -18    3  -34
 28 * Copy-drift         -2195  -243 -126  -28  -98 -281  -56  -88 -145 -273   18  -97  -36  -85   -1  -46  -58  -47   16  -56   31   -7  -55 -140 -214  -28   -2  -19    0   17  -58   63   42  -18   -6  -39  -17   -3    2   18  -42   -4   14
 29 * Foxtrot            -2196  -331 -316  -58 -404   19    3  -17 -246    1  -83  -74    4  -33   15  -16   41 -236   43  -30  -34  -17  -15 -309   -4  -27    4  -27  -17    0  -31  -38  -12   63   19   -3    5   -3  -12  -20   40  -50   10
 30 Knucklehead          -3065  -607 -448 -356 -517 -266 -417 -407 -452 -292 -303 -329 -138 -149 -486  -67 -108 -434  -82 -305 -203 -229  -90 -147   -8  -29    9   23   58   31    0   27   10    4    3  -48  -28   79  105  915  636  980 1000
 31 * Text               -3161  -139  -91 -142 -149 -149 -102 -171  -92 -166 -175 -181 -171  -98  -82  -54 -152  -79  -56 -119  -42  -68 -129 -153 -123  -23   81   11  -63   38  -27    0   27   13    8   21  -37   16 -185  -74  -11 -185  112
 32 * Add-react          -3167  -354 -314 -228  -36 -109  -82  -33 -343 -151  -88  -53 -359  -54    4  -82 -244    3   -1 -322  -16   19  -70 -105  -38  -39   -5  -12  -42   12  -10  -27    0   -7 -102  -64   10   11   15   43   70   22   14
 33 * Flat               -3218  -196 -117 -133 -174  -58    0  -52 -153  -77 -149 -232 -192  -33 -187  -35 -134 -150 -196 -169  -92  -67  -80 -177 -216  -24   14  -28   18  -63   -4  -13    7    0   24 -163   22   28  223  235  -12    1 -414
 34 * Switch A Lot       -3265   -47  -51 -228 -172 -253 -178  -72 -116 -215 -140 -166 -103 -136 -192 -129 -109  -33 -311 -200 -104  -75   -3 -147 -273   -1  -39   -9    6  -19   -3   -8  102  -24    0 -155   27  -15    9  371   -4    0  -50
 35 Peterbot             -6692  -876 -913 -859 -739 -781 -640 -804 -915 -330 -928 -929 -800 -180   -3 -148 -131  -25 -500 -852  -15   20 -152 -150 -500  -14   -8   17   39    3   48  -21   64  163  155    0  245  388  435  981  997 1000  966
 36 Always Switchin'     -7064  -310 -250 -440 -322 -457 -426 -466 -239 -399 -256 -215 -192 -397 -236 -211 -252 -139 -511 -283 -237 -263  -64 -277 -492  -47    7   13   17   -5   28   37  -10  -22  -27 -245    0   16   11  512  -13   -1   -1
 37 R-P-S 20-20-60       -9102  -358 -128 -354 -387 -418 -399 -427 -299 -409 -387 -404 -391 -283 -331 -154 -437 -267 -161 -418 -142 -183 -428 -387 -389  -18   -9   10    3    3  -79  -16  -11  -28   15 -388  -16    0 -397 -160  -14 -416  360
 38 Beat Frequent Pick  -14170  -953 -925 -955 -762 -592 -753 -814 -591 -587 -594 -593 -593 -560 -583 -366 -590 -448 -597 -592 -457 -467 -456 -359 -999 -128  -30  -19   -2   12 -105  185  -15 -223   -9 -435  -11  397    0 -600    0  999 1000
 39 Beat The Last Move  -19581  -988 -988 -991 -996 -993 -991 -988 -988 -986 -996 -996 -999 -901  -16 -948 -995 -137 -497 -988  -14   -3 -952 -949 -997    1  -22  -43  -18   20 -915   74  -43 -235 -371 -981 -512  160  600    0    1 1000 1000
 40 Rotate R-P-S        -25886  -985 -989 -993 -990 -993 -986 -995 -993 -990 -993 -996 -995 -925 -992 -901 -993 -964 -999 -995 -992 -990 -941 -981 -997  -21   11   18   42  -40 -636   11  -70   12    4 -997   13   14    0   -1    0    0 -678
 41 Good Ole Rock       -26205  -991 -996 -998 -996 -998 -995 -999 -1000 -995 -1000 -999 -998 -965 -993 -991 -995 -1000 -996 -994 -992 -996 -992 -987 -999    0   11   -3    4   50 -980  185  -22   -1    0 -1000    1  416 -999 -1000    0    0  998
 42 * Anti-Flat         -28013  -986 -984 -1000 -999 -988 -1000 -994 -1000 -994 -994 -1000 -997 -997 -997 -967 -1000 -999 -996 -996 -984 -993 -998 -978 -999  114   10   34  -14  -10 -1000 -112  -14  414   50 -966    1 -360 -1000 -1000  678 -998    0

 Match results (draw <= 50): 

    Player Name           total  W  L  D   1  2  3  4  5  6  7  8  9 10 11 12 13 14 15 16 17 18 19 20 21 22 23 24 25 26 27 28 29 30 31 32 33 34 35 36 37 38 39 40 41 42
  1 Phasenbott              66  26  1 14   1  0  1  1  1  2  1  1  2  1  1  1  1  2  2  1  1  2  2  1  1  2  2  2  1  2  2  2  2  2  2  2  2  2  2  2  2  2  2  2  2  2
  2 Iocaine Powder          65  25  1 15   2  1  1  1  1  2  1  2  1  1  1  1  1  2  2  1  1  1  2  1  1  2  2  2  0  2  2  2  2  2  2  2  1  2  2  2  2  2  2  2  2  2
  3 MegaHAL                 64  23  0 18   1  1  1  1  1  2  1  1  1  1  1  1  1  2  1  1  1  2  2  1  1  2  2  2  1  2  2  2  2  1  2  2  2  2  2  2  2  2  2  2  2  2
  4 Biopic                  63  22  0 19   1  1  1  1  1  1  1  1  1  1  1  1  1  1  2  1  2  1  2  2  1  2  2  2  1  2  2  1  2  2  2  1  2  2  2  2  2  2  2  2  2  2
  5 Simple Modeller         63  22  0 19   1  1  1  1  1  1  1  1  1  1  1  1  1  2  1  1  1  2  2  1  1  2  2  2  1  1  2  2  2  2  2  2  2  2  2  2  2  2  2  2  2  2
  6 RussRocker4             62  25  4 12   0  0  0  1  1  1  1  2  2  1  1  1  1  2  1  1  1  1  2  2  0  2  2  2  1  2  2  2  2  2  2  2  2  2  2  2  2  2  2  2  2  2
  7 Boom                    60  19  0 22   1  1  1  1  1  1  1  1  1  1  1  1  1  1  1  1  1  1  2  2  1  2  1  2  1  1  2  2  2  2  2  2  2  2  1  2  2  2  2  2  2  2
  8 Bugbrain                59  20  2 19   1  0  1  1  1  0  1  1  1  1  1  1  2  1  1  2  1  1  2  2  1  1  2  2  1  1  2  2  2  1  2  2  2  2  1  2  2  2  2  2  2  2
  9 Robertot                57  19  3 19   0  1  1  1  1  0  1  1  1  1  1  1  1  2  1  1  1  1  1  2  1  2  2  2  0  1  2  1  2  2  2  1  2  2  2  2  2  2  2  2  2  2
 10 Shofar                  57  16  0 25   1  1  1  1  1  1  1  1  1  1  1  1  1  1  1  1  1  1  1  1  1  1  2  2  1  1  2  1  2  2  2  2  2  2  1  2  2  2  2  2  2  2
 11 Yomi AI                 56  16  1 24   1  1  1  1  1  1  1  1  1  1  1  1  1  1  0  1  1  1  2  2  1  1  2  2  1  2  2  1  1  1  2  1  1  2  2  2  2  2  2  2  2  2
 12 Majikthise              55  14  0 27   1  1  1  1  1  1  1  1  1  1  1  1  2  1  1  1  1  1  2  1  1  2  2  1  1  1  2  1  1  1  2  1  2  1  2  2  2  1  2  2  2  2
 13 Piedra                  54  17  4 20   1  1  1  1  1  1  1  0  1  1  1  0  1  1  1  1  1  2  1  1  0  0  1  1  1  1  2  2  2  2  2  2  2  2  2  2  2  2  2  2  2  2
 14 Simple Predictor        52  18  7 16   0  0  0  1  0  0  1  1  0  1  1  1  1  1  1  1  1  1  1  1  0  2  1  2  1  1  2  2  2  2  2  2  2  2  2  2  2  2  2  2  2  2
 15 ACT-R Lag2              52  15  4 22   0  0  1  0  1  1  1  1  1  1  2  1  1  1  1  1  1  1  2  1  0  1  2  2  1  1  2  1  1  1  2  1  2  1  2  2  2  2  2  2  2  2
 16 Vroomfondel             52  12  1 28   1  1  1  1  1  1  1  0  1  1  1  1  1  1  1  1  1  1  1  1  1  2  1  1  1  1  2  1  1  1  2  1  2  1  2  2  2  2  2  2  2  2
 17 Sweet Rocky             50  14  5 22   1  1  1  0  1  1  1  1  1  1  1  1  1  1  1  1  1  2  0  1  0  0  1  1  0  1  1  1  2  1  2  2  2  2  2  2  2  2  2  2  2  2
 18 * Anti-rotn             49  14  6 21   0  1  0  1  0  1  1  1  1  1  1  1  0  1  1  1  0  1  0  1  1  2  1  1  1  1  2  1  2  1  2  1  2  2  2  2  2  2  2  2  2  2
 19 Marble                  49  19 11 11   0  0  0  0  0  0  0  0  1  1  0  0  1  1  0  1  2  2  1  1  1  2  1  1  1  2  2  1  2  2  2  2  2  2  2  2  2  2  2  2  2  2
 20 Mixed Strategy          48  13  6 22   1  1  1  0  1  0  0  0  0  1  0  1  1  1  1  1  1  1  1  1  1  1  1  1  1  1  1  1  2  2  2  2  1  2  2  2  2  2  2  2  2  2
 21 * De Bruijn             47   7  1 33   1  1  1  1  1  2  1  1  1  1  1  1  2  2  2  1  2  1  1  1  1  1  2  1  1  1  1  1  1  1  1  1  1  1  1  1  2  1  1  1  0  1
 22 Inocencio               46  19 14  8   0  0  0  0  0  0  0  1  0  1  1  0  2  0  1  0  2  0  0  1  1  1  0  2  1  2  2  1  2  2  2  2  2  2  2  2  2  2  2  2  2  2
 23 Granite                 44  16 13 12   0  0  0  0  0  0  1  0  0  0  0  0  1  1  0  1  1  1  1  1  0  2  1  1  1  2  2  1  2  1  2  2  2  2  2  2  2  2  2  2  2  2
 24 ZQ Bot                  43  16 14 11   0  0  0  0  0  0  0  0  0  0  0  1  1  0  0  1  1  1  1  1  1  0  1  1  1  1  2  2  2  2  2  2  2  2  2  2  2  2  2  2  2  2
 25 * Pi                    43   3  1 37   1  2  1  1  1  1  1  1  2  1  1  1  1  1  1  1  2  1  1  1  1  1  1  1  1  1  1  1  1  1  1  1  1  1  1  1  1  0  1  1  1  1
 26 * Foxtrot               33   1  9 31   0  0  0  0  1  0  1  1  1  1  0  1  1  1  1  1  1  1  0  1  1  0  0  1  1  1  1  1  1  1  1  1  1  1  2  1  1  1  1  1  1  1
 27 Multi-strategy          32  12 21  8   0  0  0  0  0  0  0  0  0  0  0  0  0  0  0  0  1  0  0  1  1  0  0  0  1  1  1  1  2  2  1  1  2  2  2  2  2  2  2  2  2  2
 28 * Add-drift             31   0 10 31   0  0  0  1  0  0  0  0  1  1  1  1  0  0  1  1  1  1  1  1  1  1  1  0  1  1  1  1  1  1  1  1  1  1  1  1  1  1  1  1  1  1
 29 Peterbot                31  10 20 11   0  0  0  0  0  0  0  0  0  0  1  1  0  0  1  1  0  0  0  0  1  0  0  0  1  1  0  1  1  1  1  2  2  2  2  2  2  1  2  2  2  2
 30 * Copy-drift            26   1 16 24   0  0  1  0  0  0  0  1  0  0  1  1  0  0  1  1  1  1  0  0  1  0  1  0  1  1  0  1  1  1  0  1  1  1  1  1  1  2  1  1  1  1
 31 Knucklehead             25   7 23 11   0  0  0  0  0  0  0  0  0  0  0  0  0  0  0  0  0  0  0  0  1  0  0  0  1  1  1  1  1  2  1  1  1  2  1  1  2  1  2  2  2  2
 32 * Add-react             24   1 18 22   0  0  0  1  0  0  0  0  1  0  1  1  0  0  1  1  0  1  0  0  1  0  0  0  1  1  1  1  0  1  1  1  0  1  1  1  1  1  1  2  1  1
 33 * Switch A Lot          21   2 22 17   0  1  0  0  0  0  0  0  0  0  1  0  0  0  0  0  0  0  0  1  1  0  0  0  1  1  0  1  0  1  1  2  1  2  1  1  1  1  1  1  1  1
 34 Beat The Last Move      20   5 26 10   0  0  0  0  0  0  0  0  0  0  0  1  0  0  1  1  0  0  0  0  1  0  0  0  1  1  0  1  0  1  0  1  0  1  0  0  2  2  2  1  2  2
 35 * Flat                  19   2 24 15   0  0  0  0  0  0  1  1  0  1  0  0  0  0  0  0  0  0  0  0  1  0  0  0  1  0  0  1  0  1  1  1  1  2  1  1  2  1  1  1  0  1
 36 Always Switchin'        17   1 25 15   0  0  0  0  0  0  0  0  0  0  0  0  0  0  0  0  0  0  0  0  1  0  0  0  1  1  0  1  0  1  1  1  1  2  1  1  1  1  1  1  1  1
 37 Beat Frequent Pick      16   4 29  8   0  0  0  0  0  0  0  0  0  0  0  0  0  0  0  0  0  0  0  0  0  0  0  0  1  1  0  1  0  1  0  1  1  0  0  1  1  2  2  1  2  2
 38 * Text                  16   2 27 12   0  0  0  0  0  0  0  0  0  0  0  1  0  0  0  0  0  0  0  0  1  0  0  0  2  1  0  1  1  0  1  1  1  0  1  1  0  1  0  1  2  1
 39 Good Ole Rock           16   3 28 10   0  0  0  0  0  0  0  0  0  0  0  0  0  0  0  0  0  0  0  0  1  0  0  0  1  1  0  1  0  1  0  1  1  0  1  1  0  2  1  1  2  2
 40 Rotate R-P-S            13   0 28 13   0  0  0  0  0  0  0  0  0  0  0  0  0  0  0  0  0  0  0  0  1  0  0  0  1  1  0  1  0  1  0  0  1  1  1  1  1  1  1  1  0  1
 41 * Anti-Flat             13   3 31  7   0  0  0  0  0  0  0  0  0  0  0  0  0  0  0  0  0  0  0  0  2  0  0  0  1  1  0  1  0  1  0  1  1  0  2  1  0  0  0  2  1  0
 42 R-P-S 20-20-60          13   1 29 11   0  0  0  0  0  0  0  0  0  0  0  0  0  0  0  0  0  0  0  0  1  0  0  0  1  1  0  1  0  1  0  1  1  0  1  1  0  1  0  1  2  1


   Yomi AI is match ranked 11

 Tournament results:
    Player Name          total 
  1 Yomi AI               5565 
 19 Iocaine Powder       10937 
 20 Phasenbott            9999 
 21 MegaHAL               9219 
 22 RussRocker4           7866 
 23 Biopic                8687 
 24 Simple Modeller       8577 
 25 Simple Predictor      6751 
 26 Robertot              7881 
 27 Boom                  8228 
 28 Shofar                6264 
 29 ACT-R Lag2            5908 
 32 Granite               6592 
 33 Marble                6563 
 35 Sweet Rocky           6385 
 36 Piedra                5577 
 41 Bugbrain              5815 

   Yomi is tournament ranked 17

