 Playing 1 tournaments with 1000 trials per match...

 Yomi AI            vs Good Ole Rock       Match: 1000 (1000+   0-   0=)
 Yomi AI            vs R-P-S 20-20-60      Match:  278 (517+ 239- 244=)
 Yomi AI            vs Rotate R-P-S        Match:  849 (887+  38-  75=)
 Yomi AI            vs Beat The Last Move  Match:   -5 (342+ 347- 311=)
 Yomi AI            vs Always Switchin'    Match:  203 (430+ 227- 343=)
 Yomi AI            vs Beat Frequent Pick  Match:  414 (614+ 200- 186=)
 Yomi AI            vs * Pi                Match:  -30 (317+ 347- 336=)
 Yomi AI            vs * Switch A Lot      Match:   78 (386+ 308- 306=)
 Yomi AI            vs * Flat              Match:  182 (444+ 262- 294=)
 Yomi AI            vs * Anti-Flat         Match:  868 (902+  34-  64=)
 Yomi AI            vs * Foxtrot           Match:  254 (488+ 234- 278=)
 Yomi AI            vs * De Bruijn         Match:  -21 (312+ 333- 355=)
 Yomi AI            vs * Text              Match:   38 (349+ 311- 340=)
 Yomi AI            vs * Anti-rotn         Match:    9 (331+ 322- 347=)
 Yomi AI            vs * Copy-drift        Match:   16 (338+ 322- 340=)
 Yomi AI            vs * Add-react         Match:   40 (371+ 331- 298=)
 Yomi AI            vs * Add-drift         Match:    5 (336+ 331- 333=)
 Yomi AI            vs Iocaine Powder      Match:  -10 (327+ 337- 336=)
 Yomi AI            vs Phasenbott          Match:    9 (334+ 325- 341=)
 Yomi AI            vs MegaHAL             Match:   16 (353+ 337- 310=)
 Yomi AI            vs RussRocker4         Match:   11 (336+ 325- 339=)
 Yomi AI            vs Biopic              Match:  -25 (326+ 351- 323=)
 Yomi AI            vs Simple Modeller     Match:  -47 (310+ 357- 333=)
 Yomi AI            vs Simple Predictor    Match:   99 (396+ 297- 307=)
 Yomi AI            vs Robertot            Match:   21 (364+ 343- 293=)
 Yomi AI            vs Boom                Match:   38 (343+ 305- 352=)
 Yomi AI            vs Shofar              Match:   -4 (327+ 331- 342=)
 Yomi AI            vs ACT-R Lag2          Match:  -13 (329+ 342- 329=)
 Yomi AI            vs Majikthise          Match:   16 (344+ 328- 328=)
 Yomi AI            vs Vroomfondel         Match:  -29 (319+ 348- 333=)
 Yomi AI            vs Granite             Match:   93 (404+ 311- 285=)
 Yomi AI            vs Marble              Match:   34 (360+ 326- 314=)
 Yomi AI            vs ZQ Bot              Match:    5 (369+ 364- 267=)
 Yomi AI            vs Sweet Rocky         Match:   27 (368+ 341- 291=)
 Yomi AI            vs Piedra              Match:   57 (375+ 318- 307=)
 Yomi AI            vs Mixed Strategy      Match:   78 (395+ 317- 288=)
 Yomi AI            vs Multi-strategy      Match:  201 (477+ 276- 247=)
 Yomi AI            vs Inocencio           Match:   35 (348+ 313- 339=)
 Yomi AI            vs Peterbot            Match:   22 (340+ 318- 342=)
 Yomi AI            vs Bugbrain            Match:   30 (354+ 324- 322=)
 Yomi AI            vs Knucklehead         Match:  375 (575+ 200- 225=)
 Final results (draw value = 50):

 Tournament results: 

    Player Name          total     1    2    3    4    5    6    7    8    9   10   11   12   13   14   15   16   17   18   19   20   21   22   23   24   25   26   27   28   29   30   31   32   33   34   35   36   37   38   39   40   41   42
  1 Iocaine Powder       11763     0  150   77   98   35  546  148   51   82   56   41   28   12  193  275  268    6   10   64   56   35  142  345   22   -4  800  133  373  217  203  572  104  286  -15  206  909  362  899  997  988  993 1000
  2 Phasenbott            9900  -150    0    6   84   16  535  145    1   25   72   66   51  -25  215  263  252   16   -9  -24   79   13   70  227  -10  -39  189  111  365  128   84  389   84  330   99  224  925  177  950  980  993  993 1000
  3 Simple Modeller       9576   -77   -6    0   23  -42   -9  315   16  -11   -8   21   61  -51  115  293   93   48   47  -42   38   -4    0  270  -45   -6  784  285  -40  253  161  257  144  104  192  476  944  420  586  990  996  997  988
  4 MegaHAL               9465   -98  -84  -23    0    5   64   35   47    9    6   43   11  -14  230  261  269  -19  -16  -33   65  -28   79  201   18  -38  182  207   62   29   57  382  189  310  291  464  953  403  975  990  987  998  996
  5 Biopic                8223   -35  -16   42   -5    0  -15   43   47   40   51    8   -9  -36   99  112  157    4   25  -17   85   12   43  247  -63   20  140  -32  404   88  -50  489  156   53  179  297  734  402  536  996  993  999 1000
  6 RussRocker4           7518  -546 -535    9  -64   15    0   86   22    9    2   -3   75  -37  122  190  133   14  -11  -39   49   -7  -11  317 -102   39  129  158  166  116  142  479   72  366   99  292  920  279  591  993  991  998 1000
  7 Simple Predictor      7513  -148 -145 -315  -35  -43  -86    0   45  -62  -12  -48   70   -7    4  148   20   10  -99   -1   43  -19   54  179  -79  -14  653  254  -22  250   89  273  166  118  172  425  732  392  592  986  986  993  994
  8 Sweet Rocky           7417   -51   -1  -16  -47  -47  -22  -45    0  -38   -1  -40    0  -33  -69  -83  -41  -42  -27  -47   60  -31   18   90  -34   24  793   27   10   49   99  126  168  302  151  302  953  392  593  987  991  997 1000
  9 ACT-R Lag2            7132   -82  -25   11   -9  -40   -9   62   38    0   31   11   44   18  157   58  147   20   13  -17   42   12   88  216  -77   21   89  -22  -25   72  159  496   56   84  174  262  247  313  571  942  996  999  989
 10 Robertot              7036   -56  -72    8   -6  -51   -2   12    1  -31    0  -34   73   19    7   53   53  -25  -21  -17   66  -30   27  202  -18  -47   19    9  -11   85   55  438  177  111  114  442  420  394  861  820  997 1000  994
 11 Boom                  6853   -41  -66  -21  -43   -8    3   48   40  -11   34    0   29  -61   23   81   25  -30  -38  -46   82  -17   67  127  -30    1  -52   32  -13   31   46  404  139  112  168  441  349  321  753  991  990  997  996
 12 Piedra                6636   -28  -51  -61  -11    9  -75  -70    0  -44  -73  -29    0  -34  -25  -37  -54  -41  -57  -32   67  -72  -36   60  -43  -47  633   -6  -47  -23  144  152  167  323  145  197  803  360  596  992  989  996  999
 13 Shofar                6609   -12   25   51   14   36   37    7   33  -18  -19   61   34    0   52   21   64  -37    4   -7   41  -27   62  135   26   -4   97   15    9  110   19  203  105   -6  230  438  133  327  558  904  932  986  970
 14 Granite               6598  -193 -215 -115 -230  -99 -122   -4   69 -157   -7  -23   25  -52    0   61   14 -108  -93  -80   43  -42    4  224  -53  -43  609   22   58   63  151  324  175   83  145  226  979  384  594  994  992 1000  995
 15 ZQ Bot                6263  -275 -263 -293 -261 -112 -190 -148   83  -58  -53  -81   37  -21  -61    0  -10 -170   -5  -44   45  -91  -13  262  -86   -9  750   43  -29  100  201  252  164  322  101  282  939  385  595  991  990  996  998
 16 Marble                6212  -268 -252  -93 -269 -157 -133  -20   41 -147  -53  -25   54  -64  -14   10    0 -145  -34  -24   43  -42   29  311  -60  -21  397   37   49   64  159  305  181   92  132  232  922  412  591  989  990  998  995
 17 Bugbrain              6096    -6  -16  -48   19   -4  -14  -10   42  -20   25   30   41   37  108  170  145    0  -30   -1   29   27   35   55  -49   30  107   90   -7   66   74  172   97   98  108  206   55  185  413  944  932  971  990
 18 Yomi AI               5217   -10    9  -47   16  -25   11   99   27  -13   21   38   57   -4   93    5   34   30    0  -29    9   16   78  201  -21  -30   35    5  254   16  182  375   38   40   78  203   22  278  414   -5  849 1000  868
 19 Vroomfondel           5092   -64   24   42   33   17   39    1   47   17   17   46   32    7   80   44   24    1   29    0   41   12   40  178   -3   28   63   13   -8   26   82  207   65  -19  104  250   38  159  439  -21  992  992  978
 20 * Anti-rotn           5066   -56  -79  -38  -65  -85  -49  -43  -60  -42  -66  -82  -67  -41  -43  -45  -43  -29   -9  -41    0  -16  -34  242  -36  -44   22   38  -37   41  211   73   55    0  326  491  498  147  597  490  998  997  990
 21 Majikthise            4998   -35  -13    4   28  -12    7   19   31  -12   30   17   72   27   42   91   42  -27  -16  -12   16    0   13  238   60    5   82  -37   10   66   46  241   52  -12  133  226   31  154  449  -31  994  993  986
 22 Mixed Strategy        4754  -142  -70    0  -79  -43   11  -54  -18  -88  -27  -67   36  -62   -4   13  -29  -35  -78  -40   34  -13    0   45  -71  -82  -75    0  -19   10    2  278  179   52   65   27  215  426  515  977  976  996  993
 23 Multi-strategy        2047  -345 -227 -270 -201 -247 -317 -179  -90 -216 -202 -127  -60 -135 -224 -262 -311  -55 -201 -178 -242 -238  -45    0  -50  -20 -120  -34  -61  246  197    6  123   25  330  465  -93  415  999  997  997  999  998
 24 * De Bruijn            814   -22   10   45  -18   63  102   79   34   77   18   30   43  -26   53   86   60   49   21    3   36  -60   71   50    0   -1   21   16  -36    1  -42   13   23   14    1   -9  -18  -10  128   -1   21    0 -111
 25 * Pi                   298     4   39    6   38  -20  -39   14  -24  -21   47   -1   47    4   43    9   21  -30   30  -28   44   -5   82   20    1    0   13   21   32   -6  -18   29  -81  -34   -7   34    6    8   30   22  -11  -11  -10
 26 Inocencio             -413  -800 -189 -784 -182 -140 -129 -653 -793  -89  -19   52 -633  -97 -609 -750 -397 -107  -35  -63  -22  -82   75  120  -21  -13    0   27  266   70   77  184  160   65   31  201  191  403  356  969  981  986  980
 27 * Add-drift          -1674  -133 -111 -285 -207   32 -158 -254  -27   22   -9  -32    6  -15  -22  -43  -37  -90   -5  -13  -38   37    0   34  -16  -21  -27    0  -36  -28  -27  -54  -11  -52  -29  -20   24   16   24   -7   16   -7  -71
 28 * Foxtrot            -1845  -373 -365   40  -62 -404 -166   22  -10   25   11   13   47   -9  -58   29  -49    7 -254    8   37  -10   19   61   36  -32 -266   36    0   -4    0   15  -11  -46  -23   33  -26  -19  -21  -23  -20  -32   -1
 29 * Copy-drift         -2121  -217 -128 -253  -29  -88 -116 -250  -49  -72  -85  -31   23 -110  -63 -100  -64  -66  -16  -26  -41  -66  -10 -246   -1    6  -70   28    4    0  -12 -104   -6   37   77   45  -21   -5    6  -58    4   22   30
 30 * Flat               -2610  -203  -84 -161  -57   50 -142  -89  -99 -159  -55  -46 -144  -19 -151 -201 -159  -74 -182  -82 -211  -46   -2 -197   42   18  -77   27    0   12    0   -4   14  -15  -24   10 -150  -14  240  214   20    1 -411
 31 Knucklehead          -2926  -572 -389 -257 -382 -489 -479 -273 -126 -496 -438 -404 -152 -203 -324 -252 -305 -172 -375 -207  -73 -241 -278   -6  -13  -29 -184   54  -15  104    4    0   12   71   -5   34    4    8   45  938  941 1000  998
 32 * Text               -3259  -104  -84 -144 -189 -156  -72 -166 -168  -56 -177 -139 -167 -105 -175 -164 -181  -97  -38  -65  -55  -52 -179 -123  -23   81 -160   11   11    6  -14  -12    0  -24   23  -16   36   20 -185  -74  -11 -185  113
 33 * Add-react          -3267  -286 -330 -104 -310  -53 -366 -118 -302  -84 -111 -112 -323    6  -83 -322  -92  -98  -40   19    0   12  -52  -25  -14   34  -65   52   46  -37   15  -71   24    0    2   52  -16   -5    5  -46  -33  -10  -26
 34 * Switch A Lot       -3381    15  -99 -192 -291 -179  -99 -172 -151 -174 -114 -168 -145 -230 -145 -101 -132 -108  -78 -104 -326 -133  -65 -330   -1    7  -31   29   23  -77   24    5  -23   -2    0  -16 -135   18   33  279   -8    8    7
 35 Always Switchin'     -7228  -206 -224 -476 -464 -297 -292 -425 -302 -262 -442 -441 -197 -438 -226 -282 -232 -206 -203 -250 -491 -226  -27 -465    9  -34 -201   20  -33  -45  -10  -34   16  -52   16    0 -259  -18   18  482  -34   -5   10
 36 Peterbot             -7461  -909 -925 -944 -953 -734 -920 -732 -953 -247 -420 -349 -803 -133 -979 -939 -922  -55  -22  -38 -498  -31 -215   93   18   -6 -191  -24   26   21  150   -4  -36   16  135  259    0  412  438  963  998  999  993
 37 R-P-S 20-20-60       -8895  -362 -177 -420 -403 -402 -279 -392 -392 -313 -394 -321 -360 -327 -384 -385 -412 -185 -278 -159 -147 -154 -426 -415   10   -8 -403  -16   19    5   14   -8  -20    5  -18   18 -412    0 -421 -149   14 -428  390
 38 Beat Frequent Pick  -13964  -899 -950 -586 -975 -536 -591 -592 -593 -571 -861 -753 -596 -558 -594 -595 -591 -413 -414 -439 -597 -449 -515 -999 -128  -30 -356  -24   21   -6 -240  -45  185   -5  -33  -18 -438  421    0 -600    0  999 1000
 39 Beat The Last Move  -19801  -997 -980 -990 -990 -996 -993 -986 -987 -942 -820 -991 -992 -904 -994 -991 -989 -944    5   21 -490   31 -977 -997    1  -22 -969    7   23   58 -214 -938   74   46 -279 -482 -963  149  600    0    1 1000 1000
 40 Rotate R-P-S        -26112  -988 -993 -996 -987 -993 -991 -986 -991 -996 -997 -990 -989 -932 -992 -990 -990 -932 -849 -992 -998 -994 -976 -997  -21   11 -981  -16   20   -4  -20 -941   11   33    8   34 -998  -14    0   -1    0    0 -694
 41 Good Ole Rock       -26226  -993 -993 -997 -998 -999 -998 -993 -997 -999 -1000 -997 -996 -986 -1000 -996 -998 -971 -1000 -992 -997 -993 -996 -999    0   11 -986    7   32  -22   -1 -1000  185   10   -8    5 -999  428 -999 -1000    0    0  999
 42 * Anti-Flat         -27913  -1000 -1000 -988 -996 -1000 -1000 -994 -1000 -989 -994 -996 -999 -970 -995 -998 -995 -990 -868 -978 -990 -986 -993 -998  111   10 -980   71    1  -30  411 -998 -113   26   -7  -10 -993 -390 -1000 -1000  694 -999    0

 Match results (draw <= 50): 

    Player Name           total  W  L  D   1  2  3  4  5  6  7  8  9 10 11 12 13 14 15 16 17 18 19 20 21 22 23 24 25 26 27 28 29 30 31 32 33 34 35 36 37 38 39 40 41 42
  1 Iocaine Powder          72  31  0 10   1  2  2  1  2  1  2  1  2  2  1  1  2  1  2  2  1  1  2  2  2  2  1  2  2  2  2  2  2  2  2  2  2  2  1  2  2  2  2  2  2  2
  2 Phasenbott              69  29  1 11   0  1  2  1  1  1  2  1  1  2  1  1  2  2  1  1  2  1  2  2  2  2  1  2  2  2  2  2  2  2  2  2  2  2  2  2  2  2  2  2  2  2
  3 MegaHAL                 62  23  2 16   0  0  1  1  1  1  2  1  1  1  1  1  1  1  1  1  1  1  2  2  2  2  1  2  2  2  2  2  2  2  1  2  2  2  2  2  2  2  2  2  2  2
  4 Biopic                  61  21  1 19   1  1  1  1  1  1  1  1  1  2  1  1  1  1  1  1  1  0  2  2  2  2  1  1  2  2  1  2  2  2  2  2  1  2  2  2  2  2  2  2  2  2
  5 Simple Modeller         61  22  2 17   0  1  1  1  1  1  1  0  1  1  1  1  2  1  1  1  2  1  2  2  1  2  1  1  2  1  2  2  2  2  2  2  2  2  2  2  2  2  2  2  2  2
  6 Bugbrain                61  20  0 21   1  1  1  1  1  1  1  1  1  1  1  1  1  1  1  1  1  1  2  2  1  2  1  1  2  1  2  2  2  2  2  2  2  2  2  2  2  2  2  2  2  2
  7 RussRocker4             60  23  4 14   0  0  0  1  1  1  1  1  1  1  1  1  2  1  1  1  2  0  2  2  1  2  1  1  2  2  2  2  2  2  2  2  2  2  2  2  2  2  2  2  2  2
  8 Shofar                  60  19  0 22   1  1  1  1  2  1  1  1  1  1  1  1  1  2  1  1  1  1  2  2  1  1  1  2  2  1  1  2  2  2  2  1  1  2  2  2  2  2  2  2  2  2
  9 ACT-R Lag2              60  21  2 18   0  1  1  1  1  1  1  1  1  1  1  1  2  1  1  1  1  0  2  2  1  2  1  2  2  1  1  2  2  2  2  2  2  2  2  2  2  2  2  2  2  2
 10 Robertot                57  19  3 19   0  0  1  0  1  1  1  1  1  1  1  1  1  1  1  1  2  1  1  2  2  2  1  1  1  1  1  2  2  2  2  2  2  2  2  2  2  2  2  2  2  2
 11 Yomi AI                 56  15  0 26   1  1  1  1  1  1  1  1  1  1  1  1  2  1  1  1  2  1  2  1  1  1  1  2  1  2  1  1  2  2  1  1  2  1  2  2  1  2  2  2  2  2
 12 Majikthise              56  15  0 26   1  1  1  1  1  1  1  1  1  1  1  1  1  1  1  1  2  2  1  1  1  2  1  1  2  1  1  1  2  2  2  1  1  1  2  2  2  2  2  2  2  2
 13 Simple Predictor        54  20  7 14   0  0  1  1  0  1  0  1  0  1  0  1  1  1  1  1  2  0  1  1  1  2  1  2  2  1  2  2  2  2  2  2  2  2  2  2  2  2  2  2  2  2
 14 Boom                    54  16  3 22   1  0  1  1  1  1  1  0  1  1  1  1  1  1  1  1  1  1  1  1  2  2  1  2  0  1  1  2  2  2  1  2  1  2  2  2  2  2  2  2  2  2
 15 Sweet Rocky             54  16  3 22   0  1  1  1  1  1  1  1  1  1  1  1  1  1  1  1  1  1  0  1  2  0  1  1  2  1  1  2  2  2  1  2  2  2  2  2  2  2  2  2  2  2
 16 Vroomfondel             53  13  1 27   0  1  1  1  1  1  1  1  1  1  1  1  1  1  1  1  1  1  2  1  1  1  1  1  2  1  1  1  2  2  1  1  2  1  2  2  2  2  2  2  2  2
 17 Piedra                  49  16  8 17   1  0  1  1  0  1  0  1  1  0  0  0  0  1  1  1  1  1  1  0  2  1  1  1  2  1  1  2  2  2  1  2  2  2  2  2  2  2  2  2  2  2
 18 * De Bruijn             48   9  2 30   1  1  1  2  1  1  2  1  2  1  1  0  2  1  1  1  1  1  2  2  1  2  1  2  1  1  1  1  1  1  1  1  1  1  1  2  1  1  1  1  1  0
 19 Granite                 48  19 12 10   0  0  0  0  0  0  0  0  0  1  0  1  1  1  2  0  1  0  1  1  1  2  1  1  2  2  1  2  2  2  2  2  2  2  2  2  2  2  2  2  2  2
 20 Marble                  47  17 11 13   0  0  0  0  0  0  0  0  0  0  1  1  1  1  1  1  2  0  1  1  1  1  1  1  2  1  1  2  2  2  2  2  2  2  2  2  2  2  2  2  2  2
 21 * Anti-rotn             46  13  8 20   0  0  0  0  1  1  1  1  1  0  1  1  1  0  0  1  0  1  1  1  1  1  1  1  1  1  1  2  2  2  1  1  2  2  2  2  2  2  2  2  2  2
 22 ZQ Bot                  44  17 14 10   0  0  0  0  0  0  0  1  0  0  1  0  0  0  2  1  1  0  0  1  1  1  1  1  2  1  1  2  2  2  2  2  2  2  2  2  2  2  2  2  2  2
 23 * Pi                    41   1  1 39   1  1  1  1  1  1  1  1  1  1  1  1  1  1  1  1  1  1  1  1  1  1  1  2  1  1  1  1  1  1  1  1  1  1  1  1  0  1  1  1  1  1
 24 Mixed Strategy          41  11 11 19   0  0  0  1  1  1  1  0  0  1  0  1  0  0  1  1  1  0  1  1  1  1  0  1  0  1  1  2  1  2  1  2  1  2  2  2  2  1  2  2  2  2
 25 Inocencio               41  17 17  7   0  0  0  0  0  0  0  0  0  1  1  0  0  2  0  0  0  1  0  0  1  0  1  2  1  2  1  2  2  2  2  2  2  2  1  2  2  2  2  2  2  2
 26 * Foxtrot               34   1  8 32   0  0  0  0  1  1  0  1  1  1  0  1  1  1  1  1  1  1  0  1  1  1  1  1  0  1  1  1  2  1  1  1  1  1  1  1  1  1  1  1  1  1
 27 * Add-drift             31   0 10 31   0  0  0  1  0  0  0  1  1  1  1  1  0  1  1  1  1  1  1  1  1  1  1  1  1  1  1  1  1  0  1  0  1  1  1  1  1  1  1  1  1  0
 28 Peterbot                31  10 20 11   0  0  0  0  0  0  0  0  0  0  1  1  0  0  0  1  0  1  0  0  0  0  1  0  0  1  1  1  2  1  1  1  2  2  2  2  1  2  2  2  2  2
 29 Multi-strategy          28  11 24  6   0  0  0  0  0  0  0  0  0  0  0  0  0  0  0  0  0  1  0  0  0  0  1  1  0  0  1  0  1  1  2  1  2  2  2  2  2  2  2  2  2  2
 30 Knucklehead             25   7 23 11   0  0  0  0  0  0  0  0  0  0  0  0  0  0  0  0  0  1  0  0  0  0  1  0  0  1  2  1  1  1  2  2  1  2  1  1  1  1  2  2  1  2
 31 * Copy-drift            24   1 18 22   0  0  1  0  0  0  0  0  0  0  1  0  0  1  1  1  1  1  0  0  1  0  1  1  0  1  1  1  0  0  1  1  1  0  2  1  1  1  1  1  1  1
 32 * Add-react             24   2 19 20   0  0  0  0  0  0  0  1  0  0  1  1  0  0  0  1  0  1  0  0  1  0  1  0  0  1  2  1  1  0  1  1  1  1  1  1  1  2  1  1  1  1
 33 * Flat                  22   2 21 18   0  0  0  1  0  0  0  1  0  0  0  1  0  1  0  0  0  1  0  0  0  0  1  1  0  1  1  0  0  1  1  1  1  2  1  2  1  1  1  1  1  0
 34 Beat The Last Move      21   6 26  9   0  0  0  0  0  0  0  0  0  0  1  1  0  0  0  1  0  1  0  0  0  0  1  0  0  1  1  0  0  0  2  1  0  1  0  2  2  0  2  1  2  2
 35 * Switch A Lot          18   1 24 16   1  0  0  0  0  0  0  0  0  0  0  0  0  0  0  0  0  1  0  0  0  0  1  0  1  1  1  0  0  1  0  1  1  2  1  1  1  1  1  1  1  1
 36 Beat Frequent Pick      17   4 28  9   0  0  0  0  0  0  0  0  0  0  0  0  0  0  0  0  0  0  0  0  0  0  1  0  0  1  1  0  0  1  1  1  0  0  1  1  2  1  2  1  2  2
 37 * Text                  17   2 26 13   0  0  0  0  0  0  0  0  0  0  1  0  0  0  0  0  0  1  0  0  0  0  2  0  0  1  1  1  0  1  1  1  1  0  1  0  1  1  0  1  1  2
 38 Always Switchin'        17   1 25 15   0  0  0  0  0  0  0  0  0  0  0  0  0  0  0  0  0  1  0  0  0  0  1  1  0  1  1  0  0  1  1  0  1  2  1  1  1  1  1  1  1  1
 39 Good Ole Rock           16   3 28 10   0  0  0  0  0  0  0  0  0  0  0  0  0  0  0  0  0  1  0  0  0  0  1  0  0  1  1  0  0  0  1  1  1  0  1  0  2  1  1  1  2  2
 40 Rotate R-P-S            14   0 27 14   0  0  0  0  0  0  0  0  0  0  0  0  0  0  0  0  0  1  0  0  0  0  1  0  0  1  1  0  0  0  1  1  1  1  1  1  1  1  1  1  1  0
 41 R-P-S 20-20-60          14   1 28 12   0  0  0  0  0  0  0  0  0  0  0  0  0  0  0  0  0  1  0  0  0  0  1  0  0  1  1  0  0  1  1  1  1  0  1  0  1  1  0  1  1  2
 42 * Anti-Flat             14   4 31  6   0  0  0  0  0  0  0  0  0  0  0  0  0  0  0  0  0  2  0  0  0  0  1  0  0  1  2  0  0  0  1  1  2  0  1  0  0  1  0  2  0  1


   Yomi AI is match ranked 11

 Tournament results:
    Player Name          total 
  1 Yomi AI               5217 
 19 Iocaine Powder       11763 
 20 Phasenbott            9900 
 21 MegaHAL               9465 
 22 RussRocker4           7518 
 23 Biopic                8223 
 24 Simple Modeller       9576 
 25 Simple Predictor      7513 
 26 Robertot              7036 
 27 Boom                  6853 
 28 Shofar                6609 
 29 ACT-R Lag2            7132 
 32 Granite               6598 
 33 Marble                6212 
 34 ZQ Bot                6263 
 35 Sweet Rocky           7417 
 36 Piedra                6636 
 41 Bugbrain              6096 

   Yomi is tournament ranked 18

