 Playing 1 tournaments with 1000 trials per match...

 Yomi AI            vs Good Ole Rock       Match: 1000 (1000+   0-   0=)
 Yomi AI            vs R-P-S 20-20-60      Match:  162 (417+ 255- 328=)
 Yomi AI            vs Rotate R-P-S        Match:  399 (500+ 101- 399=)
 Yomi AI            vs Beat The Last Move  Match:   39 (346+ 307- 347=)
 Yomi AI            vs Always Switchin'    Match:  138 (374+ 236- 390=)
 Yomi AI            vs Beat Frequent Pick  Match:  251 (469+ 218- 313=)
 Yomi AI            vs * Pi                Match:   14 (337+ 323- 340=)
 Yomi AI            vs * Switch A Lot      Match:  109 (383+ 274- 343=)
 Yomi AI            vs * Flat              Match:   62 (363+ 301- 336=)
 Yomi AI            vs * Anti-Flat         Match:  999 (999+   0-   1=)
 Yomi AI            vs * Foxtrot           Match:  220 (440+ 220- 340=)
 Yomi AI            vs * De Bruijn         Match:   14 (349+ 335- 316=)
 Yomi AI            vs * Text              Match:   50 (354+ 304- 342=)
 Yomi AI            vs * Anti-rotn         Match:   25 (361+ 336- 303=)
 Yomi AI            vs * Copy-drift        Match:  -41 (318+ 359- 323=)
 Yomi AI            vs * Add-react         Match:   27 (354+ 327- 319=)
 Yomi AI            vs * Add-drift         Match:   33 (347+ 314- 339=)
 Yomi AI            vs Iocaine Powder      Match:  -53 (306+ 359- 335=)
 Yomi AI            vs Phasenbott          Match:  -86 (300+ 386- 314=)
 Yomi AI            vs MegaHAL             Match:  -36 (317+ 353- 330=)
 Yomi AI            vs RussRocker4         Match:  -17 (339+ 356- 305=)
 Yomi AI            vs Biopic              Match:   40 (361+ 321- 318=)
 Yomi AI            vs Simple Modeller     Match:   18 (345+ 327- 328=)
 Yomi AI            vs Simple Predictor    Match:  -45 (315+ 360- 325=)
 Yomi AI            vs Robertot            Match:   57 (366+ 309- 325=)
 Yomi AI            vs Boom                Match:   33 (335+ 302- 363=)
 Yomi AI            vs Shofar              Match:    4 (321+ 317- 362=)
 Yomi AI            vs ACT-R Lag2          Match:   54 (364+ 310- 326=)
 Yomi AI            vs Majikthise          Match:  -16 (328+ 344- 328=)
 Yomi AI            vs Vroomfondel         Match:   18 (342+ 324- 334=)
 Yomi AI            vs Granite             Match:   49 (378+ 329- 293=)
 Yomi AI            vs Marble              Match:   19 (356+ 337- 307=)
 Yomi AI            vs ZQ Bot              Match:   28 (362+ 334- 304=)
 Yomi AI            vs Sweet Rocky         Match:    1 (345+ 344- 311=)
 Yomi AI            vs Piedra              Match:   38 (363+ 325- 312=)
 Yomi AI            vs Mixed Strategy      Match:   42 (363+ 321- 316=)
 Yomi AI            vs Multi-strategy      Match:  156 (417+ 261- 322=)
 Yomi AI            vs Inocencio           Match:   46 (362+ 316- 322=)
 Yomi AI            vs Peterbot            Match:   -7 (334+ 341- 325=)
 Yomi AI            vs Bugbrain            Match:  -34 (319+ 353- 328=)
 Yomi AI            vs Knucklehead         Match:  259 (449+ 190- 361=)
 Final results (draw value = 50):

 Tournament results: 

    Player Name          total     1    2    3    4    5    6    7    8    9   10   11   12   13   14   15   16   17   18   19   20   21   22   23   24   25   26   27   28   29   30   31   32   33   34   35   36   37   38   39   40   41   42
  1 Iocaine Powder       10858     0   83   88   38   37  165  -20  522   52  242  240   46   41  -23   47  270   36   73    9   39    1   53  216  231   45   12  191  341  194  579  157  117   47  279  249  911  365  930  997  988  994  976
  2 Phasenbott            9897   -83    0   28   28   28  128   54  518   31  225  251   68   16   50  -16  253   30   48    3   36   20   86  220  155   30  -29  142  358   95  392   71   70   96  324  254  891  130  938  992  990  995  981
  3 MegaHAL               9576   -88  -28    0   13   32   65   20  116   34  233  262  -10  -44   -4   56  269   26   46   -6   68  -20   36  213  251  -16  -18  187   63  101  388   83  133  251  253  444  904  335  944  995  995  998  996
  4 Simple Modeller       8633   -38  -28  -13    0   35  246   54  -12   26   85  110  -70  -25   44   19  287   14   40   21   93    6  -18  218  130  -67  -13  257  -34  224  224   81  162  175  131  442  890  373  592  990  993  998  991
  5 Biopic                8310   -37  -28  -32  -35    0   53   41  -35   -4  107  139   94  -22  -26   56   72   36   53  -17   52  -19  -40  264  117  -59   12   50  409   46  486  172  158  177   89  319  792  390  502  992  995  999  992
  6 Simple Predictor      8099  -165 -128  -65 -246  -53    0  -14 -128  -47   34   52  -64    9   13   75  167   11   18    3   34    9   45  179  788  -79   19  332  -36  262  283   94  166  218  128  404  816  419  587  984  986  993  996
  7 Robertot              8034    20  -54  -20  -54  -41   14    0  -32    3   91  109   30  -11  -42    0   84   49   23  -27   65   16  -57  266   15  -26    5   36  -15   85  446   82  165   70   80  497  954  425  830  966  992  998  997
  8 RussRocker4           7818  -522 -518 -116   12   35  128   32    0   37  162  164   13   -4    3   54  171   35   63  -22   67   22   17  262  174  -20  -12  106  187  112  509   46   55  145  349  213  939  340  593  994  993 1000 1000
  9 Boom                  7271   -52  -31  -34  -26    4   47   -3  -37    0   45   42  -15   -4  -21   41   75   37   34  -41   38  -15  -33  162   25   33   -4   33   28   70  369   32  150  168   84  456  476  411  753  991  990  997  996
 10 Marble                6568  -242 -225 -233  -85 -107  -34  -91 -162  -45    0   -2 -126  -49 -107   26   16   60   41   10   34  -45  -19  288  656  -63  -34   45   31   54  323  176  178  118   80  236  915  382  591  992  993 1000  992
 11 Granite               6493  -240 -251 -262 -110 -139  -52 -109 -164  -42    2    0 -124  -61 -108   14   17   66   49  -14   38    3  -49  263  652  -62    7  -17    4    8  346  226  181  205  184  243  802  413  592  994  993  999  996
 12 ACT-R Lag2            6319   -46  -68   10   70  -94   64  -30  -13   15  126  124    0  -14   44   70  122   25   23    9   71   13  -54  299  431  -93   16   38   17   39  475  127   54   96   71  199  192  267  569   66  995  997  997
 13 Shofar                6223   -41  -16   44   25   22   -9   11    4    4   49   61   14    0  -27   45   63   30   50   17    9   11   -4   59   57  -33   14    5  -49   86  106   33  146  190   97  414   92  299  546  889  946  976  988
 14 Bugbrain              6151    23  -50    4  -44   26  -13   42   -3   21  107  108  -44   27    0   36  155   41   29    3   71   -6   34  148   48  -27   11   80   25   46   77   10   27   78   98  224  272  213  397  969  948  994  946
 15 Piedra                5966   -47   16  -56  -19  -56  -75    0  -54  -41  -26  -14  -70  -45  -36    0  -14  -39   40  -41  -41  -64  -38  126  -74   -2  -36   33  -28   13  -43  134  160  139  239  272  793  381  595  990 1000  996  998
 16 ZQ Bot                5802  -270 -253 -269 -287  -72 -167  -84 -171  -75  -16  -17 -122  -63 -155   14    0   49   52  -47    1   -4  -28  211  359  -43  -50   33   47   64  262  121  154  110  395  204  950  392  594  989  998  996 1000
 17 Sweet Rocky           5719   -36  -30  -26  -14  -36  -11  -49  -35  -37  -60  -66  -25  -30  -41   39  -49    0   48  -50    3  -59   -1  105  -20  -38  -12    2  -33   35  270   80  157  152  222  142  251  401  594  998  994  994  990
 18 * Anti-rotn           5419   -73  -48  -46  -40  -53  -18  -23  -63  -34  -41  -49  -23  -50  -29  -40  -52  -48    0  -43   26  -15  -25  242  803  -75  -61   21  -12    9   71  170   55  311    6  469   57  181  500  479 1000  999  981
 19 Majikthise            4905    -9   -3    6  -21   17   -3   27   22   41  -10   14   -9  -17   -3   41   47   50   43    0   25   21   16  255  120   -4   37  -26    4    7  176   69   25  156    8  209  -16  167  467  -25  993  996  992
 20 Mixed Strategy        4654   -39  -36  -68  -93  -52  -34  -65  -67  -38  -34  -38  -71   -9  -71   41   -1   -3  -26  -25    0  -43  -42   29  -20  -78  -33    1  -39   15  145   98  157   21   69  130  181  370  516  941  977  993  995
 21 Vroomfondel           4635    -1  -20   20   -6   19   -9  -16  -22   15   45   -3  -13  -11    6   64    4   59   15  -21   43    0  -18   77   19  -29    0   18  -17   -1  256   79   23   74  -22  324   54  164  486   15  993  999  973
 22 Yomi AI               4069   -53  -86  -36   18   40  -45   57  -17   33   19   49   54    4  -34   38   28    1   25  -16   42   18    0  156   46   14   14   33  220  -41  259   62   50  109   27  138   -7  162  251   39  399 1000  999
 23 Multi-strategy        2819  -216 -220 -213 -218 -264 -179 -266 -262 -162 -288 -263 -299  -59 -148 -126 -211 -105 -242 -255  -29  -77 -156    0  -70  -50  -20   20  -49  241   83  181  123  243   53  468  500  365  999  997  997  999  997
 24 Inocencio             1304  -231 -155 -251 -130 -117 -788  -15 -174  -25 -656 -652 -431  -57  -48   74 -359   20 -803 -120   20  -19  -46   70    0  -16  -23  -13  303  177  229  192  159  181   86  235  159  411  357  816  979  981  984
 25 * De Bruijn            767   -45  -30   16   67   59   79   26   20  -33   63   62   93   33   27    2   43   38   75    4   78   29  -14   50   16    0   -1   26  -27    3   -2   -1   23    3  -23   14  -26  -23  128   -1   21    0 -105
 26 * Pi                   108   -12   29   18   13  -12  -19   -5   12    4   34   -7  -16  -14  -11   36   50   12   61  -37   33    0  -14   20   23    1    0    0   13  -12  -22  -39  -81    4   16  -43   28   26   30   22  -11  -11  -11
 27 * Add-drift          -1687  -191 -142 -187 -257  -50 -332  -36 -106  -33  -45   17  -38   -5  -80  -33  -33   -2  -21   26   -1  -18  -33  -20   13  -26    0    0  -13  -15  -24    2   36  -34   23   17   -2    6  -39  -18   39  -10  -22
 28 * Foxtrot            -1761  -341 -358  -63   34 -409   36   15 -187  -28  -31   -4  -17   49  -25   28  -47   33   12   -4   39   17 -220   49 -303   27  -13   13    0  -13   47   -6   -8   31   18  -27  -12  -36  -36    4  -23   12  -14
 29 * Copy-drift         -1860  -194  -95 -101 -224  -46 -262  -85 -112  -70  -54   -8  -39  -86  -46  -13  -64  -35   -9   -7  -15    1   41 -241 -177   -3   12   15   13    0  -35   43   21   65   24  -56  -55   28   -2  -26   27   -9   19
 30 Knucklehead          -2733  -579 -392 -388 -224 -486 -283 -446 -509 -369 -323 -346 -475 -106  -77   43 -262 -270  -71 -176 -145 -256 -259  -83 -229    2   22   24  -47   35    0   18   21   -1   40    4 1000   40  151  721  -29  979  998
 31 * Flat               -2931  -157  -71  -83  -81 -172  -94  -82  -46  -32 -176 -226 -127  -33  -10 -134 -121  -80 -170  -69  -98  -79  -62 -181 -192    1   39   -2    6  -43  -18    0  -55   -2  -21  -21 -198  -27  238  204  -31   -1 -424
 32 * Text               -3103  -117  -70 -133 -162 -158 -166 -165  -55 -150 -178 -181  -54 -146  -27 -160 -154 -157  -55  -25 -157  -23  -50 -123 -159  -23   81  -36    8  -21  -21   55    0   18  -12   17   -2    2 -185  -74  -11 -185  111
 33 * Switch A Lot       -3472   -47  -96 -251 -175 -177 -218  -70 -145 -168 -118 -205  -96 -190  -78 -139 -110 -152 -311 -156  -21  -74 -109 -243 -181   -3   -4   34  -31  -65    1    2  -18    0   -7   -9 -129   -9   15  329    3   -1  -50
 34 * Add-react          -3482  -279 -324 -253 -131  -89 -128  -80 -349  -84  -80 -184  -71  -97  -98 -239 -395 -222   -6   -8  -69   22  -27  -53  -86   23  -16  -23  -18  -24  -40   21   12    7    0   -8  -40  -19   -2    3   59  -41  -46
 35 Always Switchin'     -6810  -249 -254 -444 -442 -319 -404 -497 -213 -456 -236 -243 -199 -414 -224 -272 -204 -142 -469 -209 -130 -324 -138 -468 -235  -14   43  -17   27   56   -4   21  -17    9    8    0 -258   33   22  505    6    4  -49
 36 Peterbot             -8255  -911 -891 -904 -890 -792 -816 -954 -939 -476 -915 -802 -192  -92 -272 -793 -950 -251  -57   16 -181  -54    7 -500 -159   26  -28    2   12   55 -1000  198    2  129   40  258    0  398  441  982  999  999 1000
 37 R-P-S 20-20-60       -8746  -365 -130 -335 -373 -390 -419 -425 -340 -411 -382 -413 -267 -299 -213 -381 -392 -401 -181 -167 -370 -164 -162 -365 -411   23  -26   -6   36  -28  -40   27   -2    9   19  -33 -398    0 -394 -147  -10 -447  427
 38 Beat Frequent Pick  -13695  -930 -938 -944 -592 -502 -587 -830 -593 -753 -591 -592 -569 -546 -397 -595 -594 -594 -500 -467 -516 -486 -251 -999 -357 -128  -30   39   36    2 -151 -238  185  -15    2  -22 -441  394    0 -600    0  999  996
 39 Beat The Last Move  -18953  -997 -992 -995 -990 -992 -984 -966 -994 -991 -992 -994  -66 -889 -969 -990 -989 -998 -479   25 -941  -15  -39 -997 -816    1  -22   18   -4   26 -721 -204   74 -329   -3 -505 -982  147  600    0    1 1000 1000
 40 Rotate R-P-S        -24844  -988 -990 -995 -993 -995 -986 -992 -993 -990 -993 -993 -995 -946 -948 -1000 -998 -994 -1000 -993 -977 -993 -399 -997 -979  -21   11  -39   23  -27   29   31   11   -3  -59   -6 -999   10    0   -1    0    0 -677
 41 Good Ole Rock       -26180  -994 -995 -998 -998 -999 -993 -998 -1000 -997 -1000 -999 -997 -976 -994 -996 -996 -994 -999 -996 -993 -999 -1000 -999 -981    0   11   10  -12    9 -979    1  185    1   41   -4 -999  447 -999 -1000    0    0  999
 42 * Anti-Flat         -27905  -976 -981 -996 -991 -992 -996 -997 -1000 -996 -992 -996 -997 -988 -946 -998 -1000 -990 -981 -992 -995 -973 -999 -997 -984  105   11   22   14  -19 -998  424 -111   50   46   49 -1000 -427 -996 -1000  677 -999    0

 Match results (draw <= 50): 

    Player Name           total  W  L  D   1  2  3  4  5  6  7  8  9 10 11 12 13 14 15 16 17 18 19 20 21 22 23 24 25 26 27 28 29 30 31 32 33 34 35 36 37 38 39 40 41 42
  1 Iocaine Powder          68  27  0 14   1  2  2  1  2  1  1  1  1  1  2  1  2  2  1  1  1  2  2  1  2  2  1  2  1  2  2  2  2  2  2  2  2  2  2  2  1  2  2  2  2  2
  2 Phasenbott              66  26  1 14   0  1  1  1  2  1  2  1  1  2  1  1  2  2  1  1  1  1  2  1  2  2  1  2  1  2  2  2  2  2  2  2  2  2  2  2  2  2  2  2  2  2
  3 MegaHAL                 65  25  1 15   0  1  1  1  2  1  1  1  1  1  1  1  2  1  1  1  1  1  2  2  2  2  2  2  1  2  2  2  2  2  2  2  2  2  2  2  2  2  2  2  2  2
  4 Biopic                  64  24  1 16   1  1  1  1  1  1  2  1  1  1  1  1  2  1  1  1  0  2  2  2  2  2  2  2  1  1  2  2  2  1  2  2  2  2  2  2  2  2  2  2  2  2
  5 RussRocker4             62  24  3 14   0  0  0  1  1  1  1  1  1  1  1  1  2  1  1  1  1  2  2  2  2  2  2  2  1  2  2  2  2  2  2  2  2  1  2  2  2  2  2  2  2  2
  6 Simple Modeller         62  23  2 16   1  1  1  1  1  1  0  1  1  2  1  1  2  1  1  1  0  1  2  1  2  2  2  2  1  2  1  2  2  2  2  2  2  2  2  2  2  2  2  2  2  2
  7 ACT-R Lag2              59  22  4 15   1  0  1  0  1  2  1  1  1  1  1  1  2  0  1  1  0  1  2  2  2  2  2  2  1  1  1  2  2  1  2  2  2  2  2  2  2  2  2  2  2  2
  8 Shofar                  58  17  0 24   1  1  1  1  1  1  1  1  1  1  1  1  1  1  1  1  1  1  1  1  2  2  1  2  1  1  1  2  2  2  2  2  2  1  2  2  2  2  2  2  2  2
  9 Bugbrain                58  17  0 24   1  1  1  1  1  1  1  1  1  1  1  1  1  1  1  1  1  1  2  1  2  2  2  1  1  2  1  2  2  1  2  2  1  1  2  2  2  2  2  2  2  2
 10 Robertot                57  19  3 19   1  0  1  1  1  0  1  1  1  1  1  1  1  0  1  1  1  1  2  1  2  2  2  1  1  1  1  2  2  2  2  2  2  2  2  2  2  2  2  2  2  2
 11 Boom                    55  15  1 25   0  1  1  1  1  1  1  1  1  1  1  1  1  1  1  1  1  1  1  1  2  1  1  1  1  1  1  2  2  2  2  2  2  1  2  2  2  2  2  2  2  2
 12 Vroomfondel             54  13  0 28   1  1  1  1  1  1  1  1  1  1  1  1  1  1  1  2  1  1  1  2  1  1  1  1  1  1  1  2  2  1  2  1  1  2  1  2  2  2  2  2  2  2
 13 Simple Predictor        53  20  8 13   0  0  0  0  0  0  0  1  1  1  1  1  1  1  1  1  0  1  1  2  2  2  1  2  1  2  1  2  2  2  2  2  2  2  2  2  2  2  2  2  2  2
 14 Yomi AI                 52  13  2 26   0  0  1  1  1  1  2  1  1  2  1  1  1  1  1  1  1  1  1  1  1  1  1  1  1  1  2  2  1  1  2  1  1  2  1  2  2  2  2  2  2  2
 15 Majikthise              52  11  0 30   1  1  1  1  1  1  1  1  1  1  1  1  1  1  1  1  1  1  1  1  1  1  1  2  1  1  1  2  1  1  2  1  1  2  1  2  2  2  2  2  2  2
 16 Sweet Rocky             52  14  3 24   1  1  1  1  1  1  1  1  1  1  1  0  1  1  1  1  1  1  0  1  1  0  1  1  1  1  1  2  2  1  2  2  2  2  2  2  2  2  2  2  2  2
 17 * De Bruijn             49   9  1 31   1  1  1  2  1  2  2  1  1  1  1  1  2  1  1  1  1  2  2  1  1  2  2  1  1  1  1  1  1  1  1  1  1  1  1  1  1  1  2  1  1  0
 18 * Anti-rotn             49  14  6 21   0  1  1  0  0  1  1  1  1  1  1  1  1  1  1  1  0  1  1  1  0  1  1  2  0  1  1  2  2  1  2  1  2  2  2  2  2  2  2  2  2  2
 19 Marble                  48  17 10 14   0  0  0  0  0  0  0  1  0  0  1  1  1  1  1  2  0  1  1  1  1  1  1  2  1  1  1  2  2  2  2  2  2  2  2  2  2  2  2  2  2  2
 20 Piedra                  47  13  7 21   1  1  0  0  0  1  0  1  1  1  1  0  0  1  1  1  1  1  1  1  1  1  1  0  1  1  1  2  2  1  1  2  2  2  2  2  2  2  2  2  2  2
 21 ZQ Bot                  46  17 12 12   0  0  0  0  0  0  0  0  0  0  0  1  0  1  1  1  1  2  1  1  1  1  1  2  1  1  1  2  2  2  2  2  2  2  2  2  2  2  2  2  2  2
 22 Granite                 45  16 12 13   0  0  0  0  0  0  0  0  0  0  1  1  0  1  1  2  0  1  1  1  1  1  1  2  1  1  1  2  2  1  2  2  2  2  2  2  2  2  2  2  2  2
 23 Mixed Strategy          45  12  8 21   1  1  0  0  0  0  0  1  0  0  1  1  1  1  1  1  0  1  1  1  1  1  1  1  1  1  1  1  2  1  2  2  2  2  2  2  1  2  2  2  2  2
 24 Inocencio               44  17 14 10   0  0  0  0  0  0  0  0  1  1  1  1  0  1  0  1  1  0  0  2  0  0  1  1  1  1  2  2  2  2  2  2  2  2  2  2  2  2  2  2  2  2
 25 * Pi                    41   1  1 39   1  1  1  1  1  1  1  1  1  1  1  1  1  1  1  1  1  2  1  1  1  1  1  1  1  1  1  1  1  1  1  1  0  1  1  1  1  1  1  1  1  1
 26 * Add-drift             34   0  7 34   0  0  0  1  0  0  1  1  0  1  1  1  0  1  1  1  1  1  1  1  1  1  1  1  1  1  1  1  1  1  1  1  1  1  1  1  1  1  1  1  1  1
 27 * Foxtrot               34   0  7 34   0  0  0  0  0  1  1  1  1  1  1  1  1  0  1  1  1  1  1  1  1  1  1  0  1  1  1  1  1  1  1  1  1  1  1  1  1  1  1  1  1  1
 28 Multi-strategy          33  14 22  5   0  0  0  0  0  0  0  0  0  0  0  0  0  0  0  0  1  0  0  0  0  0  1  0  1  1  1  1  2  2  2  2  2  2  2  2  2  2  2  2  2  2
 29 Peterbot                28  10 23  8   0  0  0  0  0  0  0  0  0  0  0  0  0  1  1  0  1  0  0  0  0  0  0  0  1  1  1  0  1  2  0  1  1  2  2  2  2  2  2  2  2  2
 30 * Copy-drift            27   1 15 25   0  0  0  1  0  0  1  0  1  0  0  1  0  1  1  1  1  1  0  1  0  1  1  0  1  1  1  0  0  1  1  1  1  1  1  0  2  1  1  1  1  1
 31 Knucklehead             23   5 23 13   0  0  0  0  0  0  0  0  0  0  0  0  0  0  0  0  1  0  0  1  0  0  0  0  1  1  1  0  2  1  1  1  1  1  2  1  1  2  2  1  1  2
 32 * Add-react             22   1 20 20   0  0  0  0  0  0  0  0  0  0  0  1  0  1  1  0  1  1  0  0  0  0  0  0  1  1  1  0  1  1  1  1  1  1  1  1  1  1  1  1  2  1
 33 * Text                  21   3 23 15   0  0  0  0  0  0  0  0  1  0  0  1  0  1  1  0  1  0  0  0  0  0  0  0  2  1  1  0  1  1  1  1  1  2  0  1  1  0  0  1  1  2
 34 * Flat                  20   2 23 16   0  0  0  0  1  0  0  1  1  0  1  0  0  0  0  0  1  0  0  0  0  0  0  0  1  1  1  0  0  1  1  1  0  1  2  1  1  1  2  1  1  0
 35 Beat The Last Move      20   5 26 10   0  0  0  0  0  0  0  0  0  0  0  1  0  1  1  0  1  0  0  0  0  0  0  0  1  1  1  0  0  1  0  1  2  0  1  0  0  2  2  2  1  2
 36 Always Switchin'        18   2 25 14   0  0  0  0  0  0  0  0  0  0  0  0  0  0  0  0  1  0  0  0  0  0  0  0  1  1  1  0  0  2  1  1  1  1  2  1  1  1  1  1  1  1
 37 * Switch A Lot          18   1 24 16   1  0  0  0  0  0  0  0  0  0  0  0  0  0  0  0  1  0  0  0  0  0  1  0  1  1  1  0  0  0  1  1  1  1  2  1  1  1  1  1  1  1
 38 Good Ole Rock           16   3 28 10   0  0  0  0  0  0  0  0  0  0  0  0  0  0  0  0  1  0  0  0  0  0  0  0  1  1  1  0  0  1  0  1  2  1  0  1  1  1  0  2  1  2
 39 Beat Frequent Pick      16   4 29  8   0  0  0  0  0  0  0  0  0  0  0  0  0  0  0  0  0  0  0  0  0  0  0  0  1  1  1  0  0  1  0  1  2  0  0  1  1  2  1  2  1  2
 40 R-P-S 20-20-60          14   1 28 12   0  0  0  0  0  0  0  0  0  0  0  0  0  0  0  0  1  0  0  0  0  0  0  0  1  1  1  0  0  1  1  1  1  1  0  1  1  0  0  1  1  2
 41 Rotate R-P-S            14   0 27 14   0  0  0  0  0  0  0  0  0  0  0  0  0  0  0  0  1  0  0  0  0  0  0  0  1  1  1  0  0  1  1  0  1  1  1  1  1  1  1  1  1  0
 42 * Anti-Flat             13   3 31  7   0  0  0  0  0  0  0  0  0  0  0  0  0  0  0  0  2  0  0  0  0  0  0  0  1  1  1  0  0  1  0  1  0  2  0  1  1  0  0  0  2  1


   Yomi AI is match ranked 14

 Tournament results:
    Player Name          total 
  1 Yomi AI               4069 
 15 * Anti-rotn           5419 
 19 Iocaine Powder       10858 
 20 Phasenbott            9897 
 21 MegaHAL               9576 
 22 RussRocker4           7818 
 23 Biopic                8310 
 24 Simple Modeller       8633 
 25 Simple Predictor      8099 
 26 Robertot              8034 
 27 Boom                  7271 
 28 Shofar                6223 
 29 ACT-R Lag2            6319 
 30 Majikthise            4905 
 31 Vroomfondel           4635 
 32 Granite               6493 
 33 Marble                6568 
 34 ZQ Bot                5802 
 35 Sweet Rocky           5719 
 36 Piedra                5966 
 37 Mixed Strategy        4654 
 41 Bugbrain              6151 

   Yomi is tournament ranked 22

