 Playing 1 tournaments with 1000 trials per match...

 Yomi AI            vs Good Ole Rock       Match:  998 (999+   1-   0=)
 Yomi AI            vs R-P-S 20-20-60      Match:  140 (423+ 283- 294=)
 Yomi AI            vs Rotate R-P-S        Match:   28 (353+ 325- 322=)
 Yomi AI            vs Beat The Last Move  Match:   26 (349+ 323- 328=)
 Yomi AI            vs Always Switchin'    Match:  -21 (336+ 357- 307=)
 Yomi AI            vs Beat Frequent Pick  Match:   85 (451+ 366- 183=)
 Yomi AI            vs * Pi                Match:  -21 (335+ 356- 309=)
 Yomi AI            vs * Switch A Lot      Match:   31 (341+ 310- 349=)
 Yomi AI            vs * Flat              Match:    4 (331+ 327- 342=)
 Yomi AI            vs * Anti-Flat         Match:  969 (979+  10-  11=)
 Yomi AI            vs * Foxtrot           Match:   18 (349+ 331- 320=)
 Yomi AI            vs * De Bruijn         Match:   -2 (335+ 337- 328=)
 Yomi AI            vs * Text              Match:    8 (346+ 338- 316=)
 Yomi AI            vs * Anti-rotn         Match:    6 (345+ 339- 316=)
 Yomi AI            vs * Copy-drift        Match:  -17 (337+ 354- 309=)
 Yomi AI            vs * Add-react         Match:  -30 (342+ 372- 286=)
 Yomi AI            vs * Add-drift         Match:   -8 (325+ 333- 342=)
 Yomi AI            vs Iocaine Powder      Match:   49 (351+ 302- 347=)
 Yomi AI            vs Phasenbott          Match:   26 (349+ 323- 328=)
 Yomi AI            vs MegaHAL             Match:  -47 (335+ 382- 283=)
 Yomi AI            vs RussRocker4         Match:   -1 (334+ 335- 331=)
 Yomi AI            vs Biopic              Match:   41 (350+ 309- 341=)
 Yomi AI            vs Simple Modeller     Match:    2 (342+ 340- 318=)
 Yomi AI            vs Simple Predictor    Match:  -17 (326+ 343- 331=)
 Yomi AI            vs Robertot            Match:    2 (339+ 337- 324=)
 Yomi AI            vs Boom                Match:  -12 (328+ 340- 332=)
 Yomi AI            vs Shofar              Match:   -9 (317+ 326- 357=)
 Yomi AI            vs ACT-R Lag2          Match:  -56 (315+ 371- 314=)
 Yomi AI            vs Majikthise          Match:   40 (364+ 324- 312=)
 Yomi AI            vs Vroomfondel         Match:   12 (329+ 317- 354=)
 Yomi AI            vs Granite             Match:   48 (377+ 329- 294=)
 Yomi AI            vs Marble              Match:  -43 (317+ 360- 323=)
 Yomi AI            vs ZQ Bot              Match:    0 (354+ 354- 292=)
 Yomi AI            vs Sweet Rocky         Match:   26 (366+ 340- 294=)
 Yomi AI            vs Piedra              Match:   -6 (337+ 343- 320=)
 Yomi AI            vs Mixed Strategy      Match:   42 (374+ 332- 294=)
 Yomi AI            vs Multi-strategy      Match:   42 (355+ 313- 332=)
 Yomi AI            vs Inocencio           Match:   17 (348+ 331- 321=)
 Yomi AI            vs Peterbot            Match:  -68 (304+ 372- 324=)
 Yomi AI            vs Bugbrain            Match:  -51 (294+ 345- 361=)
 Yomi AI            vs Knucklehead         Match:   53 (373+ 320- 307=)
 Final results (draw value = 50):

 Tournament results: 

    Player Name          total     1    2    3    4    5    6    7    8    9   10   11   12   13   14   15   16   17   18   19   20   21   22   23   24   25   26   27   28   29   30   31   32   33   34   35   36   37   38   39   40   41   42
  1 Iocaine Powder       11281     0  187   49   41   52  212  547    6   40  284  -20   21  -11  106  220  306   99   79   56  -10  110  203  -49  309   22  -22  183  348  258  575  221  114  121  272  926  244  327  907  989  984  999  976
  2 Phasenbott           10126  -187    0   36   47   47  162  530   49   42  222   18   36    1   21  224  280   16   60   51   20   94  228  -26  270   53   13  100  393   89  379  161  106   45  369  933  243  157  899  994  993  993  965
  3 MegaHAL               9568   -49  -36    0  -46   29   93  146   41    6  211  -91   54   12  -20  249  236   64   40   26    4   31  225   47  303    7  -58  178  -25   33  347  159  133  267  290  971  461  351  934  987  991  999  968
  4 Simple Modeller       8966   -41  -47   46    0   -5  268  -25   33   18   84   -1   31   52   40  104  280   24   41  -17  -12   79  210   -2  802  -25  -43  248  -26  267  282   59  148  233  116  323  496  362  595  988  990  996  995
  5 Biopic                8242   -52  -47  -29    5    0   34  -12   -2  -25  116    0   48    5    2  164   91   60   27  -36   33   10  312  -41  164  -24    5  -39  402   15  508  167  119  193   34  770  294  374  615  989  997  996 1000
  6 Simple Predictor      8241  -212 -162  -93 -268  -34    0  -78  -16   13   45  -29   64   20   -6   23  179   36   76  -24  -22   74  220   17  790  -73  -14  332   34  221  235   71  166  233  126  927  365  450  587  986  990  996  996
  7 RussRocker4           7912  -547 -530 -146   25   12   78    0   35   41  148  -33   97   14   27  157  194   58   64  -10   14   82  234    1  139  -50   31  172  179  142  459  133   89  135  384  945  240  323  592  994  994  999  997
  8 Robertot              7799    -6  -49  -41  -33    2   16  -35    0   20    2  -18   10  -15  -29   89   30   29   50  -12    7   83  294   -2   20    3  -23   56  -50  166  456   43  185   99   81  690  478  382  872  966  994  996  993
  9 Boom                  7550   -40  -42   -6  -18   25  -13  -41  -20    0   65  -18   46   -2  -45   51   60   41   74  -17  -34  -13  116   12   84  -31   20   49   -4   16  494   87  139  209   65  661  440  409  753  991  990  997 1000
 10 Granite               6622  -284 -222 -211  -84 -116  -45 -148   -2  -65    0  -50   45  -71 -144  -33    0   49   71  -41  -17   -8  378  -48  639  -82  -10  -20   46  105  258  215  177  143   62  924  250  391  592  992  995  998  993
 11 Shofar                6559    20  -18   91    1    0   29   33   18   18   50    0   41   45    2   40   26   47   47   35   44   35   95    9   44    1   29    2    1   46  129   53  153  188   92   -7  449  349  551  904  923  970  974
 12 Sweet Rocky           6325   -21  -36  -54  -31  -48  -64  -97  -10  -46  -45  -41    0  -49  -38  -61  -35   18   45  -58  -60  -45   45  -26  794  -13  -13   57  -33  -51  277  179  153  130  388  117  113  412  594  995  993  996  994
 13 Bugbrain              6270    11   -1  -12  -52   -5  -20  -14   15    2   71  -45   49    0   -5  128  158   60   47    4  -27   33  103   51   33    9  -11  123   -4   73  164   60   32  125   99  258  244  231  424  942  950  998  969
 14 ACT-R Lag2            6041  -106  -21   20  -40   -2    6  -27   29   45  144   -2   38    5    0  130   44   54   39  -19   -7   60  148   56   92  -92  -31    5   19  -16  487  110   44  168   75  294  257  333  574  144  992  997  995
 15 Marble                5821  -220 -224 -249 -104 -164  -23 -157  -89  -51   33  -40   61 -128 -130    0   14   31   60  -48  -38   29  240   43 -103  -47   -5   16   40   97  317  197  175   98   81  869  263  407  594  990  995  999  992
 16 ZQ Bot                5775  -306 -280 -236 -280  -91 -179 -194  -30  -60    0  -26   35 -158  -44  -14    0   40   43  -39  -27   39  201    0  -31  -29   25   47  -12   84  355   86  146  142  355  981  239  425  594  991  994  999  990
 17 Piedra                5663   -99  -16  -64  -24  -60  -36  -58  -29  -41  -49  -47  -18  -60  -54  -31  -40    0   39  -47  -52  -30   75    6  -54   -1  -19   25   90   -7  235   91  165  114  359  172  260  396  594  997  991  995  995
 18 * Anti-rotn           5312   -79  -60  -40  -41  -27  -76  -64  -50  -74  -71  -47  -45  -47  -39  -60  -43  -39    0  -41   25  -29  246   -6  723  -54  -37   13  -17  -17   65  169   54  313   33   54  496  145  598  490  997  997  997
 19 Vroomfondel           4946   -56  -51  -26   17   36   24   10   12   17   41  -35   58   -4   19   48   39   47   41    0    4   36  252  -12  101  -16   49  -55   19  -33  258   99    2  152   28   -6  218  183  445   12  995  994  984
 20 Majikthise            4810    10  -20   -4   12  -33   22  -14   -7   34   17  -44   60   27    7   38   27   52  -25   -4    0   64  194  -40   35   -1  -16    3    2   11  272   71   47   82   -9   55  273  173  407   53  992  993  994
 21 Mixed Strategy        4719  -110  -94  -31  -79  -10  -74  -82  -83   13    8  -35   45  -33  -60  -29  -39   30   29  -36  -64    0   19  -42    7  -62  -66  -20   -6   19  147   15  144   85   31  284  136  390  441  987  950  996  998
 22 Multi-strategy        2513  -203 -228 -225 -210 -312 -220 -234 -294 -116 -378  -95  -45 -103 -148 -240 -201  -75 -246 -252 -194  -19    0  -42  -77  -50  -20   15  -19  230   32  122  123  296   91  -29  492  396  999  997  997  999  999
 23 Yomi AI               2304    49   26  -47    2   41  -17   -1    2  -12   48   -9   26  -51  -56  -43    0   -6    6   12   40   42   42    0   17   -2  -21   -8   18  -17   53    4    8   31  -30  -68  -21  140   85   26   28  998  969
 24 Inocencio              942  -309 -270 -303 -802 -164 -790 -139  -20  -84 -639  -44 -794  -33  -92  103   31   54 -723 -101  -35   -7   77  -17    0  -24  -32   42  320   80  237  140  157   95   37  128  233  367  363  960  982  981  977
 25 * De Bruijn            663   -22  -53   -7   25   24   73   50   -3   31   82   -1   13   -9   92   47   29    1   54   16    1   62   50    2   24    0   -1  -43   -1   33   17   16   23  -11  -16   24  -15   21  128   -1   21    0 -113
 26 * Pi                     5    22  -13   58   43   -5   14  -31   23  -20   10  -29   13   11   31    5  -25   19   37  -49   16   66   20   21   32    1    0   11  -13  -27  -28  -27  -81   -6  -16   28  -82  -41   30   22  -11  -11  -13
 27 * Add-drift          -1489  -183 -100 -178 -248   39 -332 -172  -56  -49   20   -2  -57 -123   -5  -16  -47  -25  -13   55   -3   20  -15    8  -42   43  -11    0  -28   -3   -2   30   -3    5   28  -24   -6  -37   40  -14   16  -51   52
 28 * Foxtrot            -1636  -348 -393   25   26 -402  -34 -179   50    4  -46   -1   33    4  -19  -40   12  -90   17  -19   -2    6   19  -18 -320    1   13   28    0    8  -20    8   -8   34  -14  -11   26   -2   -7    2   39  -21    3
 29 * Copy-drift         -1770  -258  -89  -33 -267  -15 -221 -142 -166  -16 -105  -46   51  -73   16  -97  -84    7   17   33  -11  -19 -230   17  -80  -33   27    3   -8    0  -26   11   15  -45   33   30  -14    6   -3   50  -48   16   27
 30 Knucklehead          -2002  -575 -379 -347 -282 -508 -235 -459 -456 -494 -258 -129 -277 -164 -487 -317 -355 -235  -65 -258 -272 -147  -32  -53 -237  -17   28    2   20   26    0    1  -31   11   63  999  -10   36  166  933  880  994  918
 31 * Flat               -2803  -221 -161 -159  -59 -167  -71 -133  -43  -87 -215  -53 -179  -60 -110 -197  -86  -91 -169  -99  -71  -15 -122   -4 -140  -16   27  -30   -8  -11   -1    0   36   -5   38 -174  -12   12  210  220   -2    1 -376
 32 * Text               -3080  -114 -106 -133 -148 -119 -166  -89 -185 -139 -177 -153 -153  -32  -44 -175 -146 -165  -54   -2  -47 -144 -123   -8 -157  -23   81    3    8  -15   31  -36    0  -23   13   28  -11  -13 -185  -74  -11 -185  111
 33 * Switch A Lot       -3437  -121  -45 -267 -233 -193 -233 -135  -99 -209 -143 -188 -130 -125 -168  -98 -142 -114 -313 -152  -82  -85 -296  -31  -95   11    6   -5  -34   45  -11    5   23    0   21 -143   42   15   -8  337  -41  -24   21
 34 * Add-react          -3634  -272 -369 -290 -116  -34 -126 -384  -81  -65  -62  -92 -388  -99  -75  -81 -355 -359  -33  -28    9  -31  -91   30  -37   16   16  -28   14  -33  -63  -38  -13  -21    0  -30   47    1   21  -40   -5  -51    2
 35 Peterbot             -6879  -926 -933 -971 -323 -770 -927 -945 -690 -661 -924    7 -117 -258 -294 -869 -981 -172  -54    6  -55 -284   29   68 -128  -24  -28   24   11  -30 -999  174  -28  143   30    0  270  363  434  963  997 1000  993
 36 Always Switchin'     -6889  -244 -243 -461 -496 -294 -365 -240 -478 -440 -250 -449 -113 -244 -257 -263 -239 -260 -496 -218 -273 -136 -492   21 -233   15   82    6  -26   14   10   12   11  -42  -47 -270    0   13   26  504  -10   -5  -19
 37 R-P-S 20-20-60       -9034  -327 -157 -351 -362 -374 -450 -323 -382 -409 -391 -349 -412 -231 -333 -407 -425 -396 -145 -183 -173 -390 -396 -140 -367  -21   41   37    2   -6  -36  -12   13  -15   -1 -363  -13    0 -402 -175   -1 -336  127
 38 Beat Frequent Pick  -13663  -907 -899 -934 -595 -615 -587 -592 -872 -753 -592 -551 -594 -424 -574 -594 -594 -594 -598 -445 -407 -441 -999  -85 -363 -128  -30  -40    7    3 -166 -210  185    8  -21 -434  -26  402    0 -600    0  999  997
 39 Beat The Last Move  -19490  -989 -994 -987 -988 -989 -986 -994 -966 -991 -992 -904 -995 -942 -144 -990 -991 -997 -490  -12  -53 -987 -997  -26 -960    1  -22   14   -2  -50 -933 -220   74 -337   40 -963 -504  175  600    0    1 1000 1000
 40 Rotate R-P-S        -25197  -984 -993 -991 -990 -997 -990 -994 -994 -990 -995 -923 -993 -950 -992 -995 -994 -991 -997 -995 -992 -950 -997  -28 -982  -21   11  -16  -39   48 -880    2   11   41    5 -997   10    1    0   -1    0    0 -675
 41 Good Ole Rock       -26209  -999 -993 -999 -996 -996 -996 -999 -996 -997 -998 -970 -996 -998 -997 -999 -999 -995 -997 -994 -993 -996 -999 -998 -981    0   11   51   21  -16 -994   -1  185   24   51 -1000    5  336 -999 -1000    0    0  998
 42 * Anti-Flat         -27763  -976 -965 -968 -995 -1000 -996 -997 -993 -1000 -993 -974 -994 -969 -995 -992 -990 -995 -997 -984 -994 -998 -999 -969 -977  113   13  -52   -3  -27 -918  376 -111  -21   -2 -993   19 -127 -997 -1000  675 -998    0

 Match results (draw <= 50): 

    Player Name           total  W  L  D   1  2  3  4  5  6  7  8  9 10 11 12 13 14 15 16 17 18 19 20 21 22 23 24 25 26 27 28 29 30 31 32 33 34 35 36 37 38 39 40 41 42
  1 Iocaine Powder          71  30  0 11   1  2  2  1  1  1  1  2  1  2  2  1  1  2  1  2  2  2  2  2  1  2  1  2  1  2  2  2  2  2  2  2  2  2  2  2  2  2  2  2  2  2
  2 Phasenbott              66  26  1 14   0  1  2  1  1  1  1  1  1  1  2  1  1  2  1  2  1  2  2  2  2  2  1  2  1  2  2  2  2  2  2  2  2  2  2  1  2  2  2  2  2  2
  3 RussRocker4             64  26  3 12   0  0  1  1  0  1  1  1  1  1  2  1  1  1  2  2  2  2  2  2  1  2  1  2  1  2  2  2  2  2  2  2  2  2  2  2  2  2  2  2  2  2
  4 Simple Modeller         64  23  0 18   1  1  1  1  1  1  2  1  1  1  2  1  1  1  1  2  1  2  2  1  1  2  1  2  1  1  2  2  2  2  2  2  2  2  2  2  2  2  2  2  2  2
  5 MegaHAL                 62  23  2 16   1  1  2  1  1  1  1  1  1  1  2  1  0  1  2  2  2  2  2  1  1  2  1  1  0  1  2  2  1  2  2  2  2  2  2  2  2  2  2  2  2  2
  6 Boom                    60  19  0 22   1  1  1  1  1  1  1  1  1  1  1  1  1  1  1  2  1  2  2  2  1  2  1  1  1  1  1  2  1  2  2  2  2  2  2  2  2  2  2  2  2  2
  7 Bugbrain                60  20  1 20   1  1  1  0  1  1  1  1  1  1  1  1  1  1  1  2  2  2  2  1  1  1  2  1  1  1  2  2  2  2  2  2  1  2  2  2  2  2  2  2  2  2
  8 Biopic                  59  19  1 21   0  1  1  1  1  1  1  1  1  1  1  1  1  1  1  2  2  2  2  1  1  2  1  1  1  2  1  2  1  2  2  1  2  2  2  2  2  2  2  2  2  2
  9 Robertot                58  17  0 24   1  1  1  1  1  1  1  1  1  1  1  1  1  1  1  1  1  2  1  1  1  1  1  2  1  1  2  2  2  2  2  2  2  1  2  2  2  2  2  2  2  2
 10 ACT-R Lag2              58  19  2 20   0  1  1  1  1  1  1  1  1  1  1  1  1  1  1  2  2  2  1  1  0  2  2  2  1  1  1  2  1  2  2  2  1  2  2  2  2  2  2  2  2  2
 11 Simple Predictor        56  21  6 14   0  0  0  0  0  1  1  1  1  1  1  1  1  1  2  1  1  1  2  2  0  2  1  2  1  1  2  2  2  2  2  2  2  2  2  2  2  2  2  2  2  2
 12 Majikthise              56  15  0 26   1  1  1  1  1  1  1  1  1  1  1  1  1  1  2  1  2  1  1  1  1  1  1  2  1  1  1  2  1  2  2  1  1  2  2  2  2  2  2  2  2  2
 13 Shofar                  55  14  0 27   1  1  1  1  2  1  1  1  1  1  1  1  1  1  1  1  1  1  1  1  1  1  1  1  1  1  1  2  1  1  2  2  2  2  2  2  2  2  2  2  2  2
 14 Vroomfondel             50  12  3 26   0  0  1  1  1  1  1  1  1  1  1  1  1  1  2  1  1  1  1  1  1  2  1  1  1  1  0  2  1  1  2  1  1  2  1  2  2  2  2  2  2  2
 15 Sweet Rocky             49  15  7 19   1  1  0  1  0  1  1  1  1  1  0  0  1  0  1  1  1  0  1  1  1  2  1  1  1  1  2  1  0  2  2  2  2  2  2  2  2  2  2  2  2  2
 16 Granite                 48  17 10 14   0  0  0  0  0  0  0  0  1  0  1  1  1  1  1  1  1  1  1  2  0  2  1  1  1  1  1  2  2  2  2  2  2  2  2  2  2  2  2  2  2  2
 17 Piedra                  48  15  8 18   0  1  0  1  0  1  0  0  1  0  1  0  1  1  1  1  1  1  1  1  1  0  1  1  1  2  1  2  1  2  2  2  2  2  2  2  2  2  2  2  2  2
 18 Marble                  47  17 11 13   0  0  0  0  0  0  0  0  0  0  1  1  1  1  2  1  1  1  1  2  1  0  1  1  1  1  1  2  2  2  2  2  2  2  2  2  2  2  2  2  2  2
 19 ZQ Bot                  47  15  9 17   0  0  0  0  0  0  0  0  1  1  0  1  1  1  1  1  1  1  1  1  1  1  1  1  1  1  1  2  2  2  2  2  2  2  2  2  2  2  2  2  2  2
 20 * Anti-rotn             47  14  8 19   0  0  0  1  1  0  1  1  1  1  0  1  1  1  1  0  1  0  1  1  0  2  1  1  1  1  1  2  1  2  2  1  2  2  2  2  2  2  2  2  2  2
 21 * De Bruijn             45   6  2 33   1  0  1  1  1  1  1  1  1  2  2  1  1  1  1  2  1  1  1  2  1  1  1  2  1  1  1  1  1  1  1  1  1  1  1  1  1  1  2  1  1  0
 22 Inocencio               45  17 13 11   0  0  0  0  0  0  1  0  1  0  0  1  1  0  0  0  2  2  1  0  1  1  1  1  1  2  1  2  2  2  2  1  2  2  2  2  2  2  2  2  2  2
 23 Yomi AI                 43   5  3 33   1  1  1  1  1  1  0  1  1  0  1  1  1  1  1  1  1  1  1  1  1  1  1  1  1  1  1  1  1  0  2  1  1  1  1  1  1  2  2  1  2  2
 24 Mixed Strategy          42  11 10 20   0  0  0  0  1  1  1  1  0  0  0  0  1  1  1  1  1  1  1  1  0  1  1  1  0  1  1  1  1  2  2  1  2  1  2  2  2  2  2  2  2  2
 25 * Pi                    41   2  2 37   1  1  1  1  2  1  1  1  1  1  1  1  1  1  1  1  1  1  1  1  1  1  1  2  1  1  1  1  1  1  1  1  0  1  1  1  0  1  1  1  1  1
 26 * Foxtrot               35   0  6 35   0  0  0  1  1  1  1  0  1  1  1  1  1  1  1  1  0  1  1  1  1  0  1  1  1  1  1  1  1  1  1  1  1  1  1  1  1  1  1  1  1  1
 27 * Add-drift             33   2 10 29   0  0  0  0  0  1  0  1  0  1  0  1  1  2  0  1  1  1  1  1  1  1  1  1  1  1  1  1  1  1  1  1  1  1  1  1  1  0  1  1  1  2
 28 Multi-strategy          33  12 20  9   0  0  0  0  0  0  0  0  0  0  0  0  0  0  1  0  0  0  0  0  1  0  1  1  1  1  1  1  2  1  1  2  2  2  2  2  2  2  2  2  2  2
 29 * Copy-drift            30   1 12 28   0  0  0  0  1  1  0  1  0  1  0  1  1  1  2  0  1  0  0  1  1  0  1  1  1  1  1  0  1  1  1  1  1  1  1  1  1  1  1  1  1  1
 30 Peterbot                30  10 21 10   0  0  0  0  0  0  0  0  0  0  0  0  1  1  0  0  0  0  0  0  1  0  2  0  1  1  1  1  1  1  0  1  1  2  2  2  2  2  2  2  2  2
 31 Knucklehead             25   7 23 11   0  0  0  0  0  0  0  0  0  0  0  0  0  0  0  0  0  0  0  0  1  0  0  0  1  1  1  1  1  2  1  2  1  1  2  1  1  2  2  2  1  2
 32 * Add-react             22   0 19 22   0  0  0  0  0  0  0  1  0  0  0  1  0  1  0  0  0  0  0  1  1  1  1  1  1  1  1  0  1  1  0  1  1  1  1  1  1  0  1  1  1  1
 33 * Text                  21   2 22 17   0  0  0  0  0  0  1  0  0  1  0  1  0  1  0  0  0  0  0  0  1  0  1  0  2  1  1  0  1  1  1  1  1  1  0  1  1  0  0  1  1  2
 34 * Flat                  20   2 23 16   0  0  0  0  0  0  0  0  1  0  0  0  0  0  0  0  0  0  0  0  1  0  1  1  1  1  1  0  1  0  1  1  1  1  2  1  1  1  2  1  1  0
 35 Beat The Last Move      19   5 27  9   0  0  0  0  0  0  0  0  0  0  0  0  0  1  0  0  0  0  0  0  1  0  1  0  1  1  1  0  1  0  0  1  2  0  1  0  0  2  2  1  2  2
 36 * Switch A Lot          19   1 23 17   0  1  0  0  0  0  0  0  0  0  0  0  0  0  0  0  0  0  0  0  1  0  1  0  1  1  1  0  1  0  1  1  1  1  2  1  1  1  1  1  1  1
 37 Always Switchin'        19   2 24 15   0  0  0  0  0  0  0  0  0  0  0  0  0  0  0  0  0  0  0  0  1  0  1  0  2  1  1  0  1  0  1  1  1  1  2  1  1  1  1  1  1  1
 38 Good Ole Rock           18   5 28  8   0  0  0  0  0  0  0  0  0  0  0  0  0  0  0  0  0  0  0  0  1  0  0  0  1  1  2  0  1  0  0  2  2  1  0  1  1  1  0  1  2  2
 39 Beat Frequent Pick      16   4 29  8   0  0  0  0  0  0  0  0  0  0  0  0  0  0  0  0  0  0  0  0  0  0  0  0  1  1  1  0  1  0  0  1  2  0  0  1  1  2  1  1  2  2
 40 Rotate R-P-S            15   0 26 15   0  0  0  0  0  0  0  0  0  0  0  0  0  0  0  0  0  0  0  0  1  0  1  0  1  1  1  0  1  0  0  1  1  1  1  1  1  1  1  1  1  0
 41 R-P-S 20-20-60          14   1 28 12   0  0  0  0  0  0  0  0  0  0  0  0  0  0  0  0  0  0  0  0  1  0  0  0  1  1  1  0  1  0  1  1  1  1  0  1  1  0  0  1  1  2
 42 * Anti-Flat             12   3 32  6   0  0  0  0  0  0  0  0  0  0  0  0  0  0  0  0  0  0  0  0  2  0  0  0  1  1  0  0  1  0  0  1  0  2  0  1  1  0  0  2  0  1


   Yomi AI is match ranked 23

 Tournament results:
    Player Name          total 
  1 Yomi AI               2304 
 15 * Anti-rotn           5312 
 19 Iocaine Powder       11281 
 20 Phasenbott           10126 
 21 MegaHAL               9568 
 22 RussRocker4           7912 
 23 Biopic                8242 
 24 Simple Modeller       8966 
 25 Simple Predictor      8241 
 26 Robertot              7799 
 27 Boom                  7550 
 28 Shofar                6559 
 29 ACT-R Lag2            6041 
 30 Majikthise            4810 
 31 Vroomfondel           4946 
 32 Granite               6622 
 33 Marble                5821 
 34 ZQ Bot                5775 
 35 Sweet Rocky           6325 
 36 Piedra                5663 
 37 Mixed Strategy        4719 
 38 Multi-strategy        2513 
 41 Bugbrain              6270 

   Yomi is tournament ranked 23

