 Playing 1 tournaments with 1000 trials per match...

 Yomi AI            vs Good Ole Rock       Match:  985 (989+   4-   7=)
 Yomi AI            vs R-P-S 20-20-60      Match:  242 (493+ 251- 256=)
 Yomi AI            vs Rotate R-P-S        Match:  973 (978+   5-  17=)
 Yomi AI            vs Beat The Last Move  Match:  -14 (337+ 351- 312=)
 Yomi AI            vs Always Switchin'    Match:  138 (428+ 290- 282=)
 Yomi AI            vs Beat Frequent Pick  Match:  417 (612+ 195- 193=)
 Yomi AI            vs * Pi                Match:  -25 (317+ 342- 341=)
 Yomi AI            vs * Switch A Lot      Match:   82 (388+ 306- 306=)
 Yomi AI            vs * Flat              Match:  147 (423+ 276- 301=)
 Yomi AI            vs * Anti-Flat         Match:  973 (979+   6-  15=)
 Yomi AI            vs * Foxtrot           Match:  285 (512+ 227- 261=)
 Yomi AI            vs * De Bruijn         Match:  -46 (317+ 363- 320=)
 Yomi AI            vs * Text              Match:   76 (380+ 304- 316=)
 Yomi AI            vs * Anti-rotn         Match:   -9 (350+ 359- 291=)
 Yomi AI            vs * Copy-drift        Match:   31 (347+ 316- 337=)
 Yomi AI            vs * Add-react         Match:   83 (386+ 303- 311=)
 Yomi AI            vs * Add-drift         Match:   24 (355+ 331- 314=)
 Yomi AI            vs Iocaine Powder      Match:  -67 (305+ 372- 323=)
 Yomi AI            vs Phasenbott          Match:  -34 (320+ 354- 326=)
 Yomi AI            vs MegaHAL             Match:   20 (346+ 326- 328=)
 Yomi AI            vs RussRocker4         Match:  -24 (337+ 361- 302=)
 Yomi AI            vs Biopic              Match:   15 (370+ 355- 275=)
 Yomi AI            vs Simple Modeller     Match:    3 (352+ 349- 299=)
 Yomi AI            vs Simple Predictor    Match:   84 (385+ 301- 314=)
 Yomi AI            vs Robertot            Match:   -7 (340+ 347- 313=)
 Yomi AI            vs Boom                Match:   24 (349+ 325- 326=)
 Yomi AI            vs Shofar              Match:    0 (337+ 337- 326=)
 Yomi AI            vs ACT-R Lag2          Match:   10 (345+ 335- 320=)
 Yomi AI            vs Majikthise          Match:   38 (352+ 314- 334=)
 Yomi AI            vs Vroomfondel         Match:   40 (350+ 310- 340=)
 Yomi AI            vs Granite             Match:   59 (384+ 325- 291=)
 Yomi AI            vs Marble              Match:   73 (401+ 328- 271=)
 Yomi AI            vs ZQ Bot              Match:   71 (392+ 321- 287=)
 Yomi AI            vs Sweet Rocky         Match:   45 (388+ 343- 269=)
 Yomi AI            vs Piedra              Match:   36 (366+ 330- 304=)
 Yomi AI            vs Mixed Strategy      Match:   24 (358+ 334- 308=)
 Yomi AI            vs Multi-strategy      Match:  286 (533+ 247- 220=)
 Yomi AI            vs Inocencio           Match:   75 (384+ 309- 307=)
 Yomi AI            vs Peterbot            Match:   48 (353+ 305- 342=)
 Yomi AI            vs Bugbrain            Match:  -27 (317+ 344- 339=)
 Yomi AI            vs Knucklehead         Match:  395 (594+ 199- 207=)
 Final results (draw value = 50):

 Tournament results: 

    Player Name          total     1    2    3    4    5    6    7    8    9   10   11   12   13   14   15   16   17   18   19   20   21   22   23   24   25   26   27   28   29   30   31   32   33   34   35   36   37   38   39   40   41   42
  1 Iocaine Powder       11024     0   68   19   43   22  532  211   29   50  222  187    1   20   42   64   67   67   71  290   63   28   20  276  216   46   15  164  152  408  562  304  243  102  113  236  849  388  910  985  985  991  963
  2 Phasenbott           10263   -68    0   17   37   22  541  131   78  -54  229  232   -2   83   66   32   34   42   61  284   -4   -7  137  281  176   36    0  123   81  396  407  315  135   84  102  245  904  191  935  986  990  999  986
  3 Simple Modeller       9323   -19  -17    0   63   -1  -39  232   66   53   68   60  -12   27   49   71   -3   44   60  331    7  -23  130  179  366   -5   27  188  257  -19  279  131   94  148  200  449  904  400  595  995  991 1000  997
  4 MegaHAL               9249   -43  -37  -63    0   -2   94   67   53   17  260  256  -39  -29   42  -17  -20    6   85  243  -31  -35   34  183  163  -35  -62  194   96   65  413  242  199  133  303  421  857  321  944  985  994  999  993
  5 Biopic                8259   -22  -22    1    2    0  -26    5   38    6   80   68  -10   29   53    2  -15   59   36  103  -10  -10  -32  265  124  -22    1   60   81  463  517   67  124  117  155  324  730  407  526  995  996  996  998
  6 RussRocker4           8051  -532 -541   39  -94   26    0   63   24   23  162  179  -16  -18   45   29   24   78   54  175   -3   57   87  320  117  -62  -20  170  152  194  476  341  115  124  138  258  945  344  590  994  994 1000 1000
  7 Simple Predictor      7603  -211 -131 -232  -67   -5  -63    0  -59   17   29  -31  -16  -49   20    1  -84   47   49  149  -12   15   83  220  319  -79  -14  315  270    3  237  133   87  154  234  411  941  369  587  984  990  996  996
  8 Robertot              7325   -29  -78  -66  -53  -38  -24   59    0   10   26   68  -40  -12   49  -24    7   33   69   67  -32   -9   43  232   97   14  -15   34   58   16  310   99   55  158   89  453  609  433  863  810  997  996  991
  9 Boom                  6762   -50   54  -53  -17   -6  -23  -17  -10    0   36   43  -28  -38   16  -55  -24   49   56   19  -25   -4   67  201  -12  -10  -24   55   18    2  342  117   20  118  173  440  242  366  753  991  989  997  994
 10 Granite               6661  -222 -229  -68 -260  -80 -162  -29  -26  -36    0   15  -60 -124   14  -83  -59   54   53   27  -36  -22   -8  279  649  -71  -31  -12   70   12  309  125  195  181  194  224  902  405  592  996  995  998  990
 11 Marble                6565  -187 -232  -60 -256  -68 -179   31  -68  -43  -15    0  -43 -118   40 -121  -73   43   50   15  -44  -29   37  287  646  -99  -18   -6   64   38  302   98  181  177  119  224  911  382  592  994  993 1000 1000
 12 Shofar                6268    -1    2   12   39   10   16   16   40   28   60   43    0   18   46   -6    0   76   58   55  -56   10   59  112   71  -54   -1   25  130  -36   71   62  132  106   70  430   54  254  550  890  943  965  969
 13 ACT-R Lag2            5883   -20  -83  -27   29  -29   18   49   12   38  124  118  -18    0    4   10  -10   66   43   46  -29  -65    2  260  103  -92   -1   -7  -21  -10  522    5  171   88  131  265  220  324  572   91  994  997  993
 14 Sweet Rocky           5691   -42  -66  -49  -42  -53  -45  -20  -49  -16  -14  -40  -46   -4    0  -19  -45   18   47  -29  -20   -9    2  105  -21  -36   19  -35  -27   -1  168  202  191  145  109  204  262  387  587  987  994  995  997
 15 Bugbrain              5659   -64  -32  -71   17   -2  -29   -1   24   55   83  121    6  -10   19    0   27   60   42  185  -21  -15   58   58   52  -22  -24  140    2   35   84   90  -15   54   54  213  162  181  395  915  920  961  952
 16 Yomi AI               5549   -67  -34    3   20   15  -24   84   -7   24   59   73    0   10   45  -27    0   36   -9   71   40   38   24  286   75  -46  -25   24   31  285  395   83  147   76   82  138   48  242  417  -14  973  985  973
 17 Piedra                5364   -67  -42  -44   -6  -59  -78  -47  -33  -49  -54  -43  -76  -66  -18  -60  -36    0   52  -37    7  -41  -30  141    0  -12  -19   45  -51   42  224   29  105  164  186  223  126  417  590  994  997  994  996
 18 * Anti-rotn           5232   -71  -61  -60  -85  -36  -54  -49  -69  -56  -53  -50  -58  -43  -47  -42    9  -52    0  -48    0  -39  -16  205  645  -62  -48   27   37  -54   73    8  212   60  334  512   30  165  597  483  996  998  994
 19 ZQ Bot                5148  -290 -284 -331 -243 -103 -175 -149  -67  -19  -27  -15  -55  -46   29 -185  -71   37   48    0  -18  -63  -45  156  -62  -63   10   21   45   30  274  291  138  158  164  185  905  398  595  996  990  996  993
 20 Vroomfondel           4836   -63    4   -7   31   10    3   12   32   25   36   44   56   29   20   21  -40   -7    0   18    0   -2   32  169   75  -52    9   27   -1    9  213   24  142   11  115  292  -20  132  469    6  988  993  981
 21 Majikthise            4723   -28    7   23   35   10  -57  -15    9    4   22   29  -10   65    9   15  -38   41   39   63    2    0   59  166   84  -21   14   -7   -1  -19  185  -31   97   23  107  246   24  170  460  -17  989  992  978
 22 Mixed Strategy        4640   -20 -137 -130  -34   32  -87  -83  -43  -67    8  -37  -59   -2   -2  -58  -24   30   16   45  -32  -59    0    8  -23  -67  -42  -15   34   -3  169    3   -9  148   57  110  210  380  478  976  981  996  992
 23 Multi-strategy        2599  -276 -281 -179 -183 -265 -320 -220 -232 -201 -279 -287 -112 -260 -105  -58 -286 -141 -205 -156 -169 -166   -8    0  -85  -50  -20  -10  251    6   35   24  124  123  271  447  500  383  999  997  997  999  997
 24 Inocencio             2332  -216 -176 -366 -163 -124 -117 -319  -97   12 -649 -646  -71 -103   21  -52  -75    0 -645   62  -75  -84   23   85    0  -22   -9    1   94  305  237   49  140  164   36  230  235  411  354  937  979  984  982
 25 * De Bruijn            938   -46  -36    5   35   22   62   79  -14   10   71   99   54   92   36   22   46   12   62   63   52   21   67   50   22    0   -1   30  -11   44    5    7    0   23  -21  -37  -18   -2  128   -1   21    0 -115
 26 * Pi                   243   -15    0  -27   62   -1   20   14   15   24   31   18    1    1  -19   24   25   19   48  -10   -9  -14   42   20    9    1    0  -10    0    3  -34    8   -4  -81   35   15   17   -2   30   22  -11  -11  -13
 27 * Add-drift          -1478  -164 -123 -188 -194  -60 -170 -315  -34  -55   12    6  -25    7   35 -140  -24  -45  -27  -21  -27    7   15   10   -1  -30   10    0    9   20  -26   26  -21    8  -20   11   61  -38  -31   18   28  -13   31
 28 * Copy-drift         -1741  -152  -81 -257  -96  -81 -152 -270  -58  -18  -70  -64 -130   21   27   -2  -31   51  -37  -45    1    1  -34 -251  -94   11    0   -9    0   21  -53    9    0    4   12   77  -40   29  -29  -13   24   43   -5
 29 * Foxtrot            -2131  -408 -396   19  -65 -463 -194   -3  -16   -2  -12  -38   36   10    1  -35 -285  -42   54  -30   -9   19    3   -6 -305  -44   -3  -20  -21    0  -22    8   29   62   56  -49  -16  -21   -9   30   -7   23   40
 30 Knucklehead          -2631  -562 -407 -279 -413 -517 -476 -237 -310 -342 -309 -302  -71 -522 -168  -84 -395 -224  -73 -274 -213 -185 -169  -35 -237   -5   34   26   53   22    0   -5   -4   25   40   -1 1000   71  133  899   -7  988  904
 31 * Add-react          -2813  -304 -315 -131 -242  -67 -341 -133  -99 -117 -125  -98  -62   -5 -202  -90  -83  -29   -8 -291  -24   31   -3  -24  -49   -7   -8  -26   -9   -8    5    0   15    5   13   -1  -58    7    0   -5   39  -17   53
 32 * Flat               -3117  -243 -135  -94 -199 -124 -115  -87  -55  -20 -195 -181 -132 -171 -191   15 -147 -105 -212 -138 -142  -97    9 -124 -140    0    4   21    0  -29    4  -15    0  -28    9    1 -143   -7  285  210   36    0 -442
 33 * Text               -3136  -102  -84 -148 -133 -117 -124 -154 -158 -118 -181 -177 -106  -88 -145  -54  -76 -164  -60 -158  -11  -23 -148 -123 -164  -23   81   -8   -4  -62  -25   -5   28    0   -1    0   31   10 -185  -74  -11 -185  113
 34 * Switch A Lot       -3503  -113 -102 -200 -303 -155 -138 -234  -89 -173 -194 -119  -70 -131 -109  -54  -82 -186 -334 -164 -115 -107  -57 -271  -36   21  -35   20  -12  -56  -40  -13   -9    1    0   -7 -114   -7    6  328  -32  -22    4
 35 Always Switchin'     -7037  -236 -245 -449 -421 -324 -258 -411 -453 -440 -224 -224 -430 -265 -204 -213 -138 -223 -512 -185 -292 -246 -110 -447 -230   37  -15  -11  -77   49    1    1   -1    0    7    0 -270  -34  -23  522    6    8  -57
 36 Peterbot             -7139  -849 -904 -904 -857 -730 -945 -941 -609 -242 -902 -911  -54 -220 -262 -162  -48 -126  -30 -905   20  -24 -210 -500 -235   18  -17  -61   40   16 -1000   58  143  -31  114  270    0  450  433  982  997  999 1000
 37 R-P-S 20-20-60       -8836  -388 -191 -400 -321 -407 -344 -369 -433 -366 -405 -382 -254 -324 -387 -181 -242 -417 -165 -398 -132 -170 -380 -383 -411    2    2   38  -29   21  -71   -7    7  -10    7   34 -450    0 -359 -143    3 -343  312
 38 Beat Frequent Pick  -13934  -910 -935 -595 -944 -526 -590 -587 -863 -753 -592 -592 -550 -572 -587 -395 -417 -590 -597 -595 -469 -460 -478 -999 -354 -128  -30   31   29    9 -133    0 -285  185   -6   23 -433  359    0 -600    0  999  996
 39 Beat The Last Move  -19133  -985 -986 -995 -985 -995 -994 -984 -810 -991 -996 -994 -890  -91 -987 -915   14 -994 -483 -996   -6   17 -976 -997 -937    1  -22  -18   13  -30 -899    5 -210   74 -328 -522 -982  143  600    0    1 1000  997
 40 Rotate R-P-S        -25430  -985 -990 -991 -994 -996 -994 -990 -997 -989 -995 -993 -943 -994 -994 -920 -973 -997 -996 -990 -988 -989 -981 -997 -979  -21   11  -28  -24    7    7  -39  -36   11   32   -6 -997   -3    0   -1    0    0 -688
 41 Good Ole Rock       -26298  -991 -999 -1000 -999 -996 -1000 -996 -996 -997 -998 -1000 -965 -997 -995 -961 -985 -994 -998 -996 -993 -992 -996 -999 -984    0   11   13  -43  -23 -988   17    0  185   22   -8 -999  343 -999 -1000    0    0  998
 42 * Anti-Flat         -27833  -963 -986 -997 -993 -998 -1000 -996 -991 -994 -990 -1000 -969 -993 -997 -952 -973 -996 -994 -993 -981 -978 -992 -997 -982  115   13  -31    5  -40 -904  -53  442 -113   -4   57 -1000 -312 -996 -997  688 -998    0

 Match results (draw <= 50): 

    Player Name           total  W  L  D   1  2  3  4  5  6  7  8  9 10 11 12 13 14 15 16 17 18 19 20 21 22 23 24 25 26 27 28 29 30 31 32 33 34 35 36 37 38 39 40 41 42
  1 Iocaine Powder          70  29  0 12   1  1  2  1  1  2  1  2  2  1  1  1  1  1  2  1  2  2  2  2  1  2  2  1  2  2  2  2  2  2  2  2  2  2  2  2  2  2  2  2  2  2
  2 Simple Modeller         68  27  0 14   1  1  1  2  1  1  1  2  1  2  2  1  1  1  2  1  1  2  1  2  2  2  2  1  2  1  2  2  2  2  2  2  2  2  2  2  2  2  2  2  2  2
  3 Phasenbott              67  28  2 11   0  1  1  1  1  2  1  1  1  2  0  2  1  2  2  1  1  2  1  2  2  2  2  1  2  2  2  2  2  2  2  2  2  2  2  2  2  2  2  2  2  2
  4 MegaHAL                 64  25  2 14   1  0  1  1  1  2  1  1  1  2  1  1  1  1  2  1  1  2  1  2  1  2  2  0  2  2  2  2  2  2  2  2  2  2  2  2  2  2  2  2  2  2
  5 Biopic                  64  23  0 18   1  1  1  1  1  1  1  1  1  1  1  1  1  2  1  1  1  2  2  2  1  1  2  1  2  2  2  2  2  2  2  2  2  2  2  2  2  2  2  2  2  2
  6 RussRocker4             63  26  4 11   0  1  0  0  1  1  1  1  1  1  1  1  2  1  2  0  1  2  2  2  2  2  2  1  2  2  2  2  2  2  2  2  2  2  2  2  2  2  2  2  2  2
  7 Shofar                  60  21  2 18   1  1  1  1  1  1  1  1  1  1  1  1  1  1  1  0  0  2  2  1  2  2  2  1  2  1  1  2  2  2  2  2  2  2  2  2  2  2  2  2  2  2
  8 Bugbrain                60  21  2 18   0  0  1  1  1  1  1  1  1  1  2  1  1  1  1  1  1  2  2  2  2  1  2  1  2  1  2  2  1  2  2  2  2  1  2  2  2  2  2  2  2  2
  9 Yomi AI                 58  18  1 22   0  1  1  1  1  1  1  1  1  1  1  1  1  1  2  1  1  2  1  2  1  1  2  1  2  2  1  2  1  1  2  2  1  2  2  2  2  2  2  2  2  2
 10 Robertot                58  20  3 18   1  0  0  0  1  1  1  1  1  1  1  1  1  1  2  1  1  1  1  2  1  2  2  1  2  1  1  2  2  2  2  2  2  2  2  2  2  2  2  2  2  2
 11 Boom                    56  17  2 22   1  0  2  1  1  1  1  0  1  1  1  1  1  1  1  1  1  1  1  1  2  2  1  1  1  1  2  2  1  2  2  2  2  1  2  2  2  2  2  2  2  2
 12 ACT-R Lag2              55  17  3 21   1  1  0  1  1  1  1  1  1  1  1  1  0  1  1  0  1  2  2  2  1  1  1  1  2  1  1  2  1  2  1  2  2  2  2  2  2  2  2  2  2  2
 13 Majikthise              54  14  1 26   1  1  1  1  1  0  1  1  1  1  1  2  1  1  1  1  1  1  1  1  2  1  2  1  2  1  1  2  1  1  1  2  1  2  1  2  2  2  2  2  2  2
 14 Sweet Rocky             53  14  2 25   1  1  0  1  0  1  1  1  1  1  1  1  1  1  1  1  1  1  1  1  1  1  1  1  1  1  1  2  1  2  2  2  2  2  2  2  2  2  2  2  2  2
 15 Simple Predictor        52  19  8 14   0  0  0  0  1  0  1  1  0  0  1  1  1  1  1  0  1  1  1  1  2  1  2  1  2  1  2  2  2  2  2  2  2  2  2  2  2  2  2  2  2  2
 16 * De Bruijn             51  11  1 29   1  1  1  1  1  2  2  1  1  1  1  2  1  1  2  1  2  2  1  2  2  2  2  1  1  1  1  1  1  1  1  1  1  1  1  1  2  1  1  1  1  0
 17 Vroomfondel             51  12  2 27   0  1  1  1  1  1  2  1  1  1  1  1  1  1  1  0  1  1  1  1  1  1  1  1  2  1  1  2  1  1  1  2  1  2  1  2  2  2  2  2  2  2
 18 Granite                 48  18 11 12   0  0  0  0  0  0  0  0  0  1  1  0  1  1  1  0  1  1  2  1  1  2  1  1  2  1  1  2  2  2  2  2  2  2  2  2  2  2  2  2  2  2
 19 Piedra                  47  14  8 19   0  1  1  1  0  0  0  0  1  1  1  0  1  1  1  1  1  0  1  1  1  2  1  1  1  1  1  2  0  2  1  2  2  2  2  2  2  2  2  2  2  2
 20 Marble                  46  16 11 14   0  0  0  0  0  0  1  0  0  0  1  0  1  1  1  0  1  1  1  1  1  1  1  1  2  1  1  2  2  2  2  2  2  2  2  2  2  2  2  2  2  2
 21 Mixed Strategy          43  11  9 21   1  0  0  1  1  0  0  0  1  1  0  1  0  1  0  0  1  1  1  1  1  1  1  1  1  1  1  1  1  2  1  2  2  1  2  2  2  2  2  2  2  2
 22 * Anti-rotn             42  13 12 16   0  0  0  0  1  0  0  1  1  0  0  1  1  1  1  0  1  0  0  1  1  1  1  1  2  0  1  2  1  1  1  2  2  2  2  2  2  2  2  2  2  2
 23 ZQ Bot                  41  14 14 13   0  0  0  0  0  0  0  0  0  0  1  1  0  1  0  0  1  1  1  1  1  1  1  1  0  1  1  2  1  2  2  2  2  2  2  2  2  2  2  2  2  2
 24 * Pi                    41   1  1 39   1  1  1  2  1  1  1  1  1  1  1  1  1  1  1  1  1  1  1  1  1  1  1  1  1  1  1  1  1  1  1  1  1  1  0  1  1  1  1  1  1  1
 25 Inocencio               39  15 17  9   0  0  0  0  0  0  0  0  0  0  1  0  0  1  0  1  0  0  1  0  1  0  2  1  1  2  1  2  2  2  1  2  2  2  2  1  2  2  2  2  2  2
 26 * Foxtrot               37   3  7 31   0  1  0  0  0  0  1  1  0  1  1  1  1  1  1  1  1  1  1  1  1  2  1  1  0  1  1  1  1  1  1  1  1  1  2  2  1  1  1  1  1  1
 27 * Add-drift             33   1  9 31   0  0  0  0  0  0  1  0  1  1  0  1  1  1  0  1  1  1  1  1  1  1  1  1  1  1  1  1  1  2  1  1  1  1  1  1  1  1  1  1  1  1
 28 Multi-strategy          31  12 22  7   0  0  0  0  0  0  0  0  0  0  0  0  0  0  0  1  0  0  0  0  1  0  0  1  0  1  1  1  2  2  1  1  2  2  2  2  2  2  2  2  2  2
 29 * Copy-drift            29   2 14 25   0  0  0  0  0  0  0  1  1  0  1  1  1  1  0  1  1  0  2  0  1  1  1  1  0  1  1  0  1  1  1  0  1  1  1  1  1  1  2  1  1  1
 30 Peterbot                29  10 22  9   0  0  0  0  0  0  0  0  1  0  0  0  1  0  0  1  1  0  0  0  0  1  0  1  0  1  0  0  1  1  2  0  2  2  1  2  2  2  2  2  2  2
 31 * Add-react             25   1 17 23   0  0  0  0  0  0  0  0  0  0  0  1  1  0  0  1  1  0  1  0  1  1  0  1  1  1  1  1  1  0  1  1  1  1  1  1  1  1  1  1  1  2
 32 Knucklehead             25   7 23 11   0  0  0  0  0  0  0  0  0  0  0  0  0  0  0  1  0  0  0  0  0  0  0  1  0  1  1  1  2  2  1  1  2  1  1  1  2  2  1  1  2  2
 33 Beat The Last Move      20   5 26 10   0  0  0  0  0  0  0  0  1  0  0  0  1  0  0  1  1  0  0  0  0  0  0  1  0  1  1  0  1  0  1  0  1  0  2  0  2  2  0  1  2  2
 34 * Flat                  20   2 23 16   0  0  0  0  0  0  0  1  0  0  1  0  0  0  0  1  0  0  0  0  1  0  0  1  0  1  1  0  1  0  1  1  2  1  1  1  2  1  1  1  1  0
 35 * Text                  17   2 26 13   0  0  0  0  0  0  0  0  0  0  0  0  1  0  0  1  1  0  0  0  0  0  0  2  0  0  1  0  1  1  1  1  0  1  1  1  0  0  1  1  1  2
 36 * Switch A Lot          17   1 25 15   0  0  0  0  0  0  0  0  0  0  0  0  0  0  0  1  0  0  0  0  0  0  0  1  1  0  1  0  1  0  1  1  2  1  1  1  1  1  1  1  1  1
 37 Beat Frequent Pick      16   4 29  8   0  0  0  0  0  0  0  0  0  0  0  0  0  0  0  0  0  0  0  0  0  0  0  1  0  1  1  0  1  0  1  0  0  0  2  1  1  2  1  1  2  2
 38 Good Ole Rock           16   3 28 10   0  0  0  0  0  0  0  0  0  0  0  0  0  0  0  1  0  0  0  0  0  0  0  1  0  1  1  0  1  0  1  0  0  1  2  1  0  1  1  1  2  2
 39 Always Switchin'        15   1 27 13   0  0  0  0  0  0  0  0  0  0  0  0  0  0  0  1  0  0  0  0  0  0  0  1  0  1  1  0  0  0  1  1  2  1  1  1  1  1  1  1  1  0
 40 Rotate R-P-S            15   0 26 15   0  0  0  0  0  0  0  0  0  0  0  0  0  0  0  1  0  0  0  0  0  0  0  1  0  1  1  0  1  0  1  1  1  1  1  1  1  1  1  1  1  0
 41 R-P-S 20-20-60          13   1 29 11   0  0  0  0  0  0  0  0  0  0  0  0  0  0  0  1  0  0  0  0  0  0  0  1  0  1  1  0  1  0  1  0  0  1  1  1  0  0  1  1  1  2
 42 * Anti-Flat             13   4 32  5   0  0  0  0  0  0  0  0  0  0  0  0  0  0  0  2  0  0  0  0  0  0  0  1  0  1  1  0  1  0  0  0  0  2  0  1  0  0  2  2  0  1


   Yomi AI is match ranked 9

 Tournament results:
    Player Name          total 
  1 Yomi AI               5549 
 19 Iocaine Powder       11024 
 20 Phasenbott           10263 
 21 MegaHAL               9249 
 22 RussRocker4           8051 
 23 Biopic                8259 
 24 Simple Modeller       9323 
 25 Simple Predictor      7603 
 26 Robertot              7325 
 27 Boom                  6762 
 28 Shofar                6268 
 29 ACT-R Lag2            5883 
 32 Granite               6661 
 33 Marble                6565 
 35 Sweet Rocky           5691 
 41 Bugbrain              5659 

   Yomi is tournament ranked 16

