 Playing 1 tournaments with 1000 trials per match...

 Yomi AI            vs Good Ole Rock       Match: 1000 (1000+   0-   0=)
 Yomi AI            vs R-P-S 20-20-60      Match:  212 (484+ 272- 244=)
 Yomi AI            vs Rotate R-P-S        Match:  693 (844+ 151-   5=)
 Yomi AI            vs Beat The Last Move  Match:  -26 (332+ 358- 310=)
 Yomi AI            vs Always Switchin'    Match:  153 (411+ 258- 331=)
 Yomi AI            vs Beat Frequent Pick  Match:  473 (703+ 230-  67=)
 Yomi AI            vs * Pi                Match:  -25 (325+ 350- 325=)
 Yomi AI            vs * Switch A Lot      Match:   63 (373+ 310- 317=)
 Yomi AI            vs * Flat              Match:  112 (414+ 302- 284=)
 Yomi AI            vs * Anti-Flat         Match:  999 (999+   0-   1=)
 Yomi AI            vs * Foxtrot           Match:  218 (498+ 280- 222=)
 Yomi AI            vs * De Bruijn         Match:  -20 (327+ 347- 326=)
 Yomi AI            vs * Text              Match:   94 (395+ 301- 304=)
 Yomi AI            vs * Anti-rotn         Match:   -1 (341+ 342- 317=)
 Yomi AI            vs * Copy-drift        Match:  -24 (330+ 354- 316=)
 Yomi AI            vs * Add-react         Match:    8 (341+ 333- 326=)
 Yomi AI            vs * Add-drift         Match:   23 (357+ 334- 309=)
 Yomi AI            vs Iocaine Powder      Match:  -44 (317+ 361- 322=)
 Yomi AI            vs Phasenbott          Match:  -53 (300+ 353- 347=)
 Yomi AI            vs MegaHAL             Match:    6 (353+ 347- 300=)
 Yomi AI            vs RussRocker4         Match:  -37 (335+ 372- 293=)
 Yomi AI            vs Biopic              Match:   20 (349+ 329- 322=)
 Yomi AI            vs Simple Modeller     Match:   12 (329+ 317- 354=)
 Yomi AI            vs Simple Predictor    Match:   -5 (351+ 356- 293=)
 Yomi AI            vs Robertot            Match:   18 (358+ 340- 302=)
 Yomi AI            vs Boom                Match:   44 (367+ 323- 310=)
 Yomi AI            vs Shofar              Match:   22 (333+ 311- 356=)
 Yomi AI            vs ACT-R Lag2          Match:  -50 (321+ 371- 308=)
 Yomi AI            vs Majikthise          Match:   32 (346+ 314- 340=)
 Yomi AI            vs Vroomfondel         Match:  -28 (317+ 345- 338=)
 Yomi AI            vs Granite             Match:  119 (436+ 317- 247=)
 Yomi AI            vs Marble              Match:   70 (420+ 350- 230=)
 Yomi AI            vs ZQ Bot              Match:   72 (413+ 341- 246=)
 Yomi AI            vs Sweet Rocky         Match:   24 (356+ 332- 312=)
 Yomi AI            vs Piedra              Match:   53 (390+ 337- 273=)
 Yomi AI            vs Mixed Strategy      Match:   63 (405+ 342- 253=)
 Yomi AI            vs Multi-strategy      Match:  186 (469+ 283- 248=)
 Yomi AI            vs Inocencio           Match:   88 (397+ 309- 294=)
 Yomi AI            vs Peterbot            Match:   11 (359+ 348- 293=)
 Yomi AI            vs Bugbrain            Match:    5 (349+ 344- 307=)
 Yomi AI            vs Knucklehead         Match:  385 (600+ 215- 185=)
 Final results (draw value = 50):

 Tournament results: 

    Player Name          total     1    2    3    4    5    6    7    8    9   10   11   12   13   14   15   16   17   18   19   20   21   22   23   24   25   26   27   28   29   30   31   32   33   34   35   36   37   38   39   40   41   42
  1 Iocaine Powder       11045     0   39  118   41   30   16  514  243   20   54   79  249  272  -14  252   20   50   57   44    7   79   41  329   52    0  142  140  206  331  159  360   57  133  560  928  182  405  908  988  984  993  977
  2 MegaHAL              10149   -39    0  -75   12   -8   34  125   51   18   37  -27  256  272   -4  229  -40   37   66   -6  -52   30  -33  182  -32   -4  958  170   57   37   35  314  216  189  405  969  446  410  941  989  988 1000  996
  3 Phasenbott            9963  -118   75    0   27   14   55  526  120   29   53   27  249  286  -11  191   32   63   41   53  -42   32   20  230   49   -8  184  131   90  340   95  337   92   87  383  901  223  211  944  981  990  996  985
  4 Biopic                8238   -41  -12  -27    0   28  -11   -1   42   18   55   11  130   44  -41   80  -31   31   46  -20  -19   14   81  267  -40  -31  145   26   72  427  141   42  127  151  514  753  292  376  617  996  995  998  993
  5 Simple Modeller       8062   -30    8  -14  -28    0  -67  -36  240  -17   52    7   84  291   18   94   48   29   53  -12   21   91  -25  181  -25  -14   66  251  229   10   74   89  218  125  228  331  478  445  592  989  994  998  996
  6 Robertot              8058   -16  -34  -55   11   67    0   -5  -21   -3   33  -32   56   82    0  105    0   22   48  -18   -1   96  -24  248  -30   -6   21    7   32   26  135   80   84  171  495  819  479  403  823  980  989  998  993
  7 RussRocker4           7719  -514 -125 -526    1   36    5    0  100   47   77   21  156  142  -25  135  -25   63   58   37   16   47    6  274  -19  -21  133  137  163  187   94  341  116   35  453  947  251  323  588  993  994  998 1000
  8 Simple Predictor      7477  -243  -51 -120  -42 -240   21 -100    0   20   33  -62  -30  143  -31   15   28   58   56    5    0   31   17  191  -79  -14  216  291  252    2   80   93  178  154  314  887  434  414  588  984  990  996  998
  9 Boom                  7338   -20  -18  -29  -18   17    3  -47  -20    0   39  -39   50   44  -43   16  -27   40   48  -44  -45   62  -22  334   21  -37   41   40   45   22   -5   93  179  135  404  560  425  405  753  991  990  995 1000
 10 Sweet Rocky           7136   -54  -37  -53  -55  -52  -33  -77  -33  -39    0  -55  -16  -10  -41  -21  -38   33   52  -24  -39  -12    3  108  -34  -26  795   32  -34  -29  140  172  163  161  186  941  203  391  593  990  989  998  998
 11 ACT-R Lag2            7041   -79   27  -27  -11   -7   32  -21   62   39   55    0  157   90   -2   70  -15   32   45   50   -4  129  -32  277  -65    3   63  -17   65  -42  160   31  165   59  540  145  255  299  584  945  995  994  995
 12 Marble                6572  -249 -256 -249 -130  -84  -56 -156   30  -50   16 -157    0   45  -46    6  -82   20   46  -70  -30    6  -50  258  -97  -14  642   26   34   67  206  101  175  183  284  935  258  443  592  996  995  998  986
 13 ZQ Bot                6486  -272 -272 -286  -44 -291  -82 -142 -143  -44   10  -90  -45    0  -37  -40 -186   40   42  -72    4   11  -39  230  -16  -46  750   45   24   46  148  417  201  156  331  955  329  334  593  988  988  994  997
 14 Shofar                6422    14    4   11   41  -18    0   25   31   43   41    2   46   37    0   41  -24   64   23  -22   16   57  -41  118   11   16   90   32   40   16   44   29  177  100  164   64  443  328  561  903  933  993  969
 15 Granite               6165  -252 -229 -191  -80  -94 -105 -135  -15  -16   21  -70   -6   40  -41    0 -115   36   43 -119  -13  -26  -16  231  -71   18  445    1    1   31  206   88  123  177  266  869  204  380  594  994  995 1000  996
 16 Bugbrain              6059   -20   40  -32   31  -48    0   25  -28   27   38   15   82  186   24  115    0   40   44   -5    9   81   13  101   29   34   14   58   36  -28   33  121   89   22   96  222  226  144  419  918  954  956  978
 17 Piedra                5955   -50  -37  -63  -31  -29  -22  -63  -58  -40  -33  -32  -20  -40  -64  -36  -40    0   27  -53  -14   41  -33  129  -36  -26  -46   58   55   23  125  346  161  170  278  246  220  381  592  987  991  995  996
 18 * Anti-rotn           5516   -57  -66  -41  -46  -53  -48  -58  -56  -48  -52  -45  -46  -42  -23  -43  -44  -27    0    1   24   30   17  247  -61  -50  637  -23   47  -19  224   34  312   58   34   20  502  190  597  499  999  997  995
 19 Yomi AI               4965   -44    6  -53   20   12   18  -37   -5   44   24  -50   70   72   22  119    5   53   -1    0   32   63  -28  186  -20  -25   88   23  -24  218  112    8   63   94  385   11  153  212  473  -26  693 1000  999
 20 Majikthise            4730    -7   52   42   19  -21    1  -16    0   45   39    4   30   -4  -16   13   -9   14  -24  -32    0   50   -1  194   -1    4   57   -9  -13   18   55  -51  111   26  220   50  321  146  459   -6  989  995  986
 21 Mixed Strategy        4699   -79  -30  -32  -14  -91  -96  -47  -31  -62   12 -129   -6  -11  -57   26  -81  -41  -30  -63  -50    0  -35   23  -41  -12   50  -20  103   35   14   64   -3  188  151  313   45  360  488  932  990  980  986
 22 Vroomfondel           4642   -41   33  -20  -81   25   24   -6  -17   22   -3   32   50   39   41   16  -13   33  -17   28    1   35    0  136  -44   25   87   18   25   27   78    0  105   -2  205  -26  238  168  460  -18  995  996  988
 23 Multi-strategy        2738  -329 -182 -230 -267 -181 -248 -274 -191 -334 -108 -277 -258 -230 -118 -231 -101 -129 -247 -186 -194  -23 -136    0  -50  -20  -92    4  274   20  186   38  304  123   59  500  468  408  999  997  997  999  998
 24 * De Bruijn            717   -52   32  -49   40   25   30   19   79  -21   34   65   97   16  -11   71  -29   36   61   20    1   41   44   50    0   -1   32  -13    5   23   10    0  -25   23   -9  -18    3   48  128   -1   21    0 -108
 25 * Pi                    39     0    4    8   31   14    6   21   14   37   26   -3   14   46  -16  -18  -34   26   50   25   -4   12  -25   20    1    0   43  -56    0    0  -35  -49   -1  -81  -20   32  -26  -41   30   22  -11  -11  -12
 26 Inocencio             -758  -142 -958 -184 -145  -66  -21 -133 -216  -41 -795  -63 -642 -750  -90 -445  -14   46 -637  -88  -57  -50  -87   92  -32  -43    0  130  138  327  101  100   37  161  273  130  250  405  359 -542  979  977  978
 27 * Add-drift          -1530  -140 -170 -131  -26 -251   -7 -137 -291  -40  -32   17  -26  -45  -32   -1  -58  -58   23  -23    9   20  -18   -4   13   56 -130    0    2   14  -18  -62   16    4   14  -31   19    3  -73    4   55   10   -5
 28 * Copy-drift         -1973  -206  -57  -90  -72 -229  -32 -163 -252  -45   34  -65  -34  -24  -40   -1  -36  -55  -47   24   13 -103  -25 -274   -5    0 -138   -2    0  -14   15   -5   32  -40  -45  -13   19    4  -29   -3   16    1   13
 29 * Foxtrot            -2080  -331  -37 -340 -427  -10  -26 -187   -2  -22   29   42  -67  -46  -16  -31   28  -23   19 -218  -18  -35  -27  -20  -23    0 -327  -14   14    0  -33    2   -1  -10   22  -30   21   -8  -11   14    3   50   16
 30 * Flat               -2772  -159  -35  -95 -141  -74 -135  -94  -80    5 -140 -160 -206 -148  -44 -206  -33 -125 -224 -112  -55  -14  -78 -186  -10   35 -101   18  -15   33    0    3  -72   12  -13 -220   31   19  254  199   -3    0 -403
 31 * Add-react          -3034  -360 -314 -337  -42  -89  -80 -341  -93  -93 -172  -31 -101 -417  -29  -88 -121 -346  -34   -8   51  -64    0  -38    0   49 -100   62    5   -2   -3    0  -27   20  -67  -29   13   60    4   11  115   -1    3
 32 * Switch A Lot       -3049   -57 -216  -92 -127 -218  -84 -116 -178 -179 -163 -165 -175 -201 -177 -123  -89 -161 -312  -63 -111    3 -105 -304   25    1  -37  -16  -32    1   72   27    0   61   -2  -98   -8   33   12  283   15  -17   44
 33 * Text               -3156  -133 -189  -87 -151 -125 -171  -35 -154 -135 -161  -59 -183 -156 -100 -177  -22 -170  -58  -94  -26 -188    2 -123  -23   81 -161   -4   40   10  -12  -20  -61    0   -2   40   28  -35 -185  -74  -11 -185  113
 34 Knucklehead          -3620  -560 -405 -383 -514 -228 -495 -453 -314 -404 -186 -540 -284 -331 -164 -266  -96 -278  -34 -385 -220 -151 -205  -59    9   20 -273  -14   45  -22   13   67    2    2    0  -21   26   96  114  831  452  992  996
 35 Peterbot             -7008  -928 -969 -901 -753 -331 -819 -947 -887 -560 -941 -145 -935 -955  -64 -869 -222 -246  -20  -11  -50 -313   26 -500   18  -32 -130   31   13   30  220   29   98  -40   21    0  248  425  435  981  998 1000  987
 36 Always Switchin'     -7115  -182 -446 -223 -292 -478 -479 -251 -434 -425 -203 -255 -258 -329 -443 -204 -226 -220 -502 -153 -321  -45 -238 -468   -3   26 -250  -19  -19  -21  -31  -13    8  -28  -26 -248    0   33   29  478   26   17    1
 37 R-P-S 20-20-60       -9452  -405 -410 -211 -376 -445 -403 -323 -414 -405 -391 -299 -443 -334 -328 -380 -144 -381 -190 -212 -146 -360 -168 -408  -48   41 -405   -3   -4    8  -19  -60  -33   35  -96 -425  -33    0 -400 -135   12 -375   64
 38 Beat Frequent Pick  -14029  -908 -941 -944 -617 -592 -823 -588 -588 -753 -593 -584 -592 -593 -561 -594 -419 -592 -597 -473 -459 -488 -460 -999 -128  -30 -359   73   29   11 -254   -4  -12  185 -114 -435  -29  400    0 -600    0  999  997
 39 Beat The Last Move  -18457  -988 -989 -981 -996 -989 -980 -993 -984 -991 -990 -945 -996 -988 -903 -994 -918 -987 -499   26    6 -932   18 -997    1  -22  542   -4    3  -14 -199  -11 -283   74 -831 -981 -478  135  600    0    1 1000 1000
 40 Rotate R-P-S        -25800  -984 -988 -990 -995 -994 -989 -994 -990 -990 -989 -995 -995 -988 -933 -995 -954 -991 -999 -693 -989 -990 -995 -997  -21   11 -979  -55  -16   -3    3 -115  -15   11 -452 -998  -26  -12    0   -1    0    0 -715
 41 Good Ole Rock       -26325  -993 -1000 -996 -998 -998 -998 -998 -996 -995 -998 -994 -998 -994 -993 -1000 -956 -995 -997 -1000 -995 -980 -996 -999    0   11 -977  -10   -1  -50    0    1   17  185 -992 -1000  -17  375 -999 -1000    0    0  999
 42 * Anti-Flat         -27773  -977 -996 -985 -993 -996 -993 -1000 -998 -1000 -998 -995 -986 -997 -969 -996 -978 -996 -995 -999 -986 -986 -988 -998  108   12 -978    5  -13  -16  403   -3  -44 -113 -996 -987   -1  -64 -997 -1000  715 -999    0

 Match results (draw <= 50): 

    Player Name           total  W  L  D   1  2  3  4  5  6  7  8  9 10 11 12 13 14 15 16 17 18 19 20 21 22 23 24 25 26 27 28 29 30 31 32 33 34 35 36 37 38 39 40 41 42
  1 Iocaine Powder          70  29  0 12   1  2  1  2  1  1  2  1  1  1  1  1  2  1  1  1  2  2  2  2  2  2  2  1  2  2  2  2  2  2  2  2  2  2  2  2  2  2  2  2  2  2
  2 Phasenbott              68  28  1 12   0  1  1  2  2  1  1  2  2  1  1  1  2  1  2  1  2  2  2  1  1  2  1  1  2  2  2  2  2  2  2  2  2  2  2  2  2  2  2  2  2  2
  3 Simple Modeller         64  24  1 16   1  1  1  1  1  1  1  0  1  1  1  1  2  1  1  1  2  2  2  2  1  2  2  1  2  1  2  2  2  2  2  2  2  2  2  2  2  2  2  2  2  2
  4 RussRocker4             62  24  3 14   0  0  1  1  0  1  1  1  1  1  1  1  2  1  2  1  2  2  2  2  1  2  1  1  2  2  2  2  2  2  2  2  2  2  2  1  2  2  2  2  2  2
  5 MegaHAL                 61  22  2 17   1  0  1  2  1  1  1  1  1  1  1  1  2  0  1  1  1  2  2  2  1  2  1  1  2  1  2  2  2  2  2  2  2  2  1  2  2  2  2  2  2  2
  6 Biopic                  61  20  0 21   1  1  1  1  1  1  1  1  1  1  1  1  1  1  1  2  2  2  1  1  1  2  1  1  2  2  1  2  2  2  1  2  2  2  2  2  2  2  2  2  2  2
  7 ACT-R Lag2              60  21  2 18   0  1  1  1  1  1  1  1  1  1  1  1  2  1  1  1  2  2  2  1  0  2  2  1  2  1  1  2  2  2  1  2  2  2  2  2  2  2  2  2  2  2
  8 Robertot                59  19  1 21   1  0  2  1  1  1  1  1  1  1  1  1  1  1  1  1  1  2  2  1  1  2  2  1  1  1  1  2  2  1  2  2  2  2  2  2  2  2  2  2  2  2
  9 Yomi AI                 58  18  1 22   1  0  1  1  1  1  1  1  1  1  1  1  1  1  2  1  1  2  2  1  1  2  2  1  2  2  1  2  1  1  1  2  1  2  2  2  2  2  2  2  2  2
 10 Bugbrain                58  17  0 24   1  1  1  1  1  1  1  1  1  1  1  1  1  1  1  1  1  2  2  1  1  2  2  1  1  1  2  2  2  1  2  2  2  2  1  1  2  2  2  2  2  2
 11 Shofar                  56  15  0 26   1  1  1  1  1  1  1  1  1  1  1  1  1  1  2  1  1  1  1  1  1  1  2  1  2  1  1  2  2  1  1  2  2  2  1  2  2  2  2  2  2  2
 12 Boom                    55  14  0 27   1  1  1  1  1  1  1  1  1  1  1  1  1  1  1  1  1  1  1  1  1  1  2  1  1  1  1  2  2  1  2  2  2  2  1  2  2  2  2  2  2  2
 13 Simple Predictor        54  20  7 14   0  0  0  0  0  1  0  1  1  1  1  1  1  1  2  1  1  1  2  2  0  1  1  1  2  1  2  2  2  2  2  2  2  2  2  2  2  2  2  2  2  2
 14 Majikthise              52  12  1 28   1  1  1  1  2  1  1  1  1  1  1  1  1  1  1  1  1  1  1  1  1  1  1  1  2  1  1  2  1  1  0  2  1  2  2  1  2  2  2  2  2  2
 15 Piedra                  52  16  5 20   1  0  1  0  1  1  1  1  0  1  0  1  0  1  1  1  1  1  1  1  1  1  1  1  1  1  2  2  2  2  2  2  2  2  2  2  2  2  2  2  2  2
 16 Vroomfondel             51  11  1 29   1  1  1  1  1  0  1  1  1  1  1  1  1  1  1  1  1  1  1  1  1  1  1  1  2  1  1  2  1  1  1  2  1  2  2  1  2  2  2  2  2  2
 17 Sweet Rocky             51  16  6 19   0  0  0  0  1  0  0  1  1  1  1  1  1  1  1  1  1  1  1  2  1  1  1  1  2  1  1  2  2  1  2  2  2  2  2  2  2  2  2  2  2  2
 18 Marble                  46  16 11 14   0  0  0  0  0  0  0  0  0  0  1  1  1  1  1  1  1  1  1  1  0  1  1  1  2  2  1  2  2  1  2  2  2  2  2  2  2  2  2  2  2  2
 19 ZQ Bot                  46  15 10 16   0  0  0  0  0  1  0  0  0  0  1  1  0  1  1  1  1  1  1  1  1  1  1  1  2  1  1  2  2  1  2  2  2  2  2  2  2  2  2  2  2  2
 20 * Anti-rotn             46  12  7 22   0  1  0  0  0  1  1  1  1  1  1  1  0  1  1  1  0  1  1  1  0  1  1  1  2  1  1  2  1  1  1  1  2  2  2  2  2  2  2  2  2  2
 21 * De Bruijn             45   6  2 33   0  1  1  1  1  1  2  1  1  1  1  1  2  1  1  1  1  2  1  2  1  2  1  1  1  1  1  1  1  1  1  1  1  1  1  1  1  2  1  0  1  1
 22 Granite                 45  15 11 15   0  0  0  0  0  0  0  0  0  0  1  1  1  1  1  1  1  1  1  1  0  1  1  1  2  1  1  2  2  1  2  2  2  2  2  2  2  2  2  2  2  2
 23 Mixed Strategy          44  11  8 22   0  1  0  1  1  1  0  0  0  0  0  0  1  1  1  1  1  1  1  1  1  1  1  1  1  1  1  1  2  2  2  2  2  1  1  2  1  2  2  2  2  2
 24 * Pi                    39   0  2 39   1  1  1  1  1  1  1  1  1  1  1  1  1  1  1  1  1  1  1  1  1  1  1  1  1  1  0  1  1  1  1  1  1  1  1  0  1  1  1  1  1  1
 25 Inocencio               38  15 18  8   0  0  0  0  0  0  0  1  0  1  0  1  0  0  1  0  0  0  0  0  1  0  1  1  1  2  2  2  2  2  2  2  0  1  2  2  2  2  2  2  2  2
 26 * Foxtrot               34   0  7 34   0  0  1  0  1  0  1  1  0  1  1  1  1  1  1  1  1  0  1  1  1  1  1  1  0  1  1  1  1  1  1  1  1  1  1  1  1  1  1  1  1  1
 27 * Add-drift             32   2 11 28   0  0  0  0  0  1  1  1  1  0  1  1  0  1  0  1  1  1  1  1  1  1  1  2  0  1  1  1  1  1  0  1  1  1  1  1  1  0  1  1  1  2
 28 Multi-strategy          32  13 22  6   0  0  0  0  0  0  0  0  0  0  0  0  0  0  0  0  0  0  0  0  1  0  1  1  0  1  1  1  2  2  1  2  2  2  2  2  2  2  2  2  2  2
 29 Peterbot                30   9 20 12   0  0  0  0  0  0  0  0  1  0  0  0  0  1  0  1  0  0  0  1  1  0  0  1  0  1  1  0  1  1  1  1  2  2  2  1  2  2  2  2  2  2
 30 * Copy-drift            29   0 12 29   0  0  0  0  0  0  0  1  1  1  1  1  0  1  0  1  1  1  1  1  1  1  0  1  0  1  1  0  1  1  1  1  1  1  1  1  1  1  1  1  1  1
 31 * Add-react             28   4 17 20   0  0  0  0  0  1  1  0  1  0  1  0  0  2  0  1  0  0  0  1  1  0  0  1  0  1  2  1  1  1  1  0  1  1  1  1  1  1  1  1  2  2
 32 Knucklehead             25   7 23 11   0  0  0  0  0  0  0  0  0  0  0  0  0  0  0  0  0  0  0  1  1  0  0  1  0  1  1  0  1  1  2  1  2  1  1  1  1  2  2  2  2  2
 33 Beat The Last Move      22   6 25 10   0  0  0  0  0  0  0  0  1  0  0  0  0  1  0  1  0  0  0  0  1  0  0  1  2  1  1  0  0  1  1  0  1  0  0  2  0  2  2  2  2  1
 34 * Switch A Lot          21   3 23 15   0  0  0  0  0  0  0  0  0  0  0  0  0  0  0  0  0  0  0  0  1  0  1  1  1  1  1  0  0  1  1  1  2  1  2  2  1  1  1  1  1  1
 35 * Flat                  21   2 22 17   0  0  0  0  1  0  0  0  0  1  1  1  0  0  0  0  0  0  0  0  1  0  1  1  0  1  1  0  0  1  1  1  2  0  1  1  1  2  1  0  1  1
 36 * Text                  19   2 24 15   0  0  0  1  0  0  0  0  0  1  0  0  0  1  0  1  0  0  0  0  1  0  0  2  0  1  1  0  1  1  1  1  0  0  1  1  1  0  0  2  1  1
 37 Always Switchin'        18   1 24 16   0  0  0  0  0  0  0  0  0  0  0  0  0  0  0  0  0  0  0  0  1  0  1  1  0  1  1  0  0  1  1  1  2  1  1  1  1  1  1  1  1  1
 38 Beat Frequent Pick      17   5 29  7   0  0  0  0  0  0  0  0  0  0  0  0  0  0  0  0  0  0  0  0  0  0  0  1  0  1  2  0  0  1  1  0  0  1  0  2  1  1  2  2  2  1
 39 Good Ole Rock           16   3 28 10   0  0  0  0  0  0  0  0  0  0  0  0  0  0  0  0  0  0  0  0  1  0  0  1  0  1  1  0  0  1  1  0  0  1  1  2  1  0  1  2  2  1
 40 * Anti-Flat             13   3 31  7   0  0  0  0  0  0  0  0  0  0  0  0  0  0  0  0  0  0  0  0  2  0  0  1  0  1  1  0  0  1  1  0  0  1  2  0  1  0  0  1  0  2
 41 R-P-S 20-20-60          12   1 30 10   0  0  0  0  0  0  0  0  0  0  0  0  0  0  0  0  0  0  0  0  1  0  0  1  0  1  1  0  0  1  0  0  0  1  1  1  1  0  0  2  1  1
 42 Rotate R-P-S            12   0 29 12   0  0  0  0  0  0  0  0  0  0  0  0  0  0  0  0  0  0  0  0  1  0  0  1  0  1  0  0  0  1  0  0  1  1  1  1  1  1  1  0  1  1


   Yomi AI is match ranked 9

 Tournament results:
    Player Name          total 
  1 Yomi AI               4965 
 15 * Anti-rotn           5516 
 19 Iocaine Powder       11045 
 20 Phasenbott            9963 
 21 MegaHAL              10149 
 22 RussRocker4           7719 
 23 Biopic                8238 
 24 Simple Modeller       8062 
 25 Simple Predictor      7477 
 26 Robertot              8058 
 27 Boom                  7338 
 28 Shofar                6422 
 29 ACT-R Lag2            7041 
 32 Granite               6165 
 33 Marble                6572 
 34 ZQ Bot                6486 
 35 Sweet Rocky           7136 
 36 Piedra                5955 
 41 Bugbrain              6059 

   Yomi is tournament ranked 19

