 Playing 1 tournaments with 1000 trials per match...

 Yomi AI            vs Good Ole Rock       Match: 1000 (1000+   0-   0=)
 Yomi AI            vs R-P-S 20-20-60      Match:  376 (585+ 209- 206=)
 Yomi AI            vs Rotate R-P-S        Match:  993 (996+   3-   1=)
 Yomi AI            vs Beat The Last Move  Match:  217 (492+ 275- 233=)
 Yomi AI            vs Always Switchin'    Match:  301 (483+ 182- 335=)
 Yomi AI            vs Beat Frequent Pick  Match:  696 (820+ 124-  56=)
 Yomi AI            vs * Pi                Match:  -10 (331+ 341- 328=)
 Yomi AI            vs * Switch A Lot      Match:  173 (443+ 270- 287=)
 Yomi AI            vs * Flat              Match:  203 (476+ 273- 251=)
 Yomi AI            vs * Anti-Flat         Match:  999 (999+   0-   1=)
 Yomi AI            vs * Foxtrot           Match:  445 (631+ 186- 183=)
 Yomi AI            vs * De Bruijn         Match:    7 (331+ 324- 345=)
 Yomi AI            vs * Text              Match:  172 (440+ 268- 292=)
 Yomi AI            vs * Anti-rotn         Match:   35 (354+ 319- 327=)
 Yomi AI            vs * Copy-drift        Match:   35 (353+ 318- 329=)
 Yomi AI            vs * Add-react         Match:   59 (383+ 324- 293=)
 Yomi AI            vs * Add-drift         Match:   49 (385+ 336- 279=)
 Yomi AI            vs Iocaine Powder      Match:  -36 (315+ 351- 334=)
 Yomi AI            vs Phasenbott          Match:  -28 (321+ 349- 330=)
 Yomi AI            vs MegaHAL             Match:   -5 (354+ 359- 287=)
 Yomi AI            vs RussRocker4         Match:   10 (345+ 335- 320=)
 Yomi AI            vs Biopic              Match:  -25 (355+ 380- 265=)
 Yomi AI            vs Simple Modeller     Match:  -19 (328+ 347- 325=)
 Yomi AI            vs Simple Predictor    Match:   62 (380+ 318- 302=)
 Yomi AI            vs Robertot            Match:   63 (400+ 337- 263=)
 Yomi AI            vs Boom                Match:   -9 (342+ 351- 307=)
 Yomi AI            vs Shofar              Match:  -41 (323+ 364- 313=)
 Yomi AI            vs ACT-R Lag2          Match:  -25 (331+ 356- 313=)
 Yomi AI            vs Majikthise          Match:    1 (346+ 345- 309=)
 Yomi AI            vs Vroomfondel         Match:   34 (362+ 328- 310=)
 Yomi AI            vs Granite             Match:  124 (458+ 334- 208=)
 Yomi AI            vs Marble              Match:  109 (456+ 347- 197=)
 Yomi AI            vs ZQ Bot              Match:    8 (387+ 379- 234=)
 Yomi AI            vs Sweet Rocky         Match:   53 (393+ 340- 267=)
 Yomi AI            vs Piedra              Match:   54 (379+ 325- 296=)
 Yomi AI            vs Mixed Strategy      Match:   72 (377+ 305- 318=)
 Yomi AI            vs Multi-strategy      Match:  298 (553+ 255- 192=)
 Yomi AI            vs Inocencio           Match:  102 (417+ 315- 268=)
 Yomi AI            vs Peterbot            Match:  201 (487+ 286- 227=)
 Yomi AI            vs Bugbrain            Match:    4 (341+ 337- 322=)
 Yomi AI            vs Knucklehead         Match:  539 (686+ 147- 167=)
 Final results (draw value = 50):

 Tournament results: 

    Player Name          total     1    2    3    4    5    6    7    8    9   10   11   12   13   14   15   16   17   18   19   20   21   22   23   24   25   26   27   28   29   30   31   32   33   34   35   36   37   38   39   40   41   42
  1 Iocaine Powder       10647     0   98   53   29    9  232  536   59   36   10  197   86  254   33  -21   73   80   45  293   86    9   -2  142   72  182    8   63  207  348  190  324  118  555   29  177  784  380  924  985  989  985  990
  2 Phasenbott           10354   -98    0   43   58   24  134  549   28   28   43  196   14  236   65    4   22   66   81  279  110   36   50  228   44  173   16  141   96  416  103  334   97  388  136  251  891  183  922  982  999  993  993
  3 MegaHAL               9586   -53  -43    0   -6   21  102   83    3    5   48  199  -12  210   62  -11   -2   34   84  226   31  -70   27  236   -4  216    0  199   63  105   92  231  189  389  267  476  865  410  941  988 1000  991  994
  4 Simple Modeller       9230   -29  -58    6    0  -10  286   29  -20   19   49  110   -2  112    6   -4   78   62   44  292   86    1  -30  208  -54  593    6  221  264   -4   50   88  140  286  222  489  724  397  594  990  999  995  995
  5 Biopic                8329    -9  -24  -21   10    0   47  -24   35   25   46   90   22  132   76    7   -8   26   70  107  -14   17  -26  256  -26  149  -13  -35   68  401   76   38  134  495  155  326  796  411  540  995  996  993  990
  6 Simple Predictor      8054  -232 -134 -102 -286  -47    0 -132  -10  -62    6   13  -41   50   70   23   39   63   41  174   63  -18  -41  179  -62  792   19  292  264  -27   85  123  166  342  141  435  911  402  592  985  995  989  994
  7 RussRocker4           8020  -536 -549  -83  -29   24  132    0   36  -10   23  129  -16  135   65  -39   22   19   47  167   39    3  -38  220  -17  792   28  120   77  150  136  354   45  481   98  205  946  277  587  992  998  993  997
  8 Robertot              7886   -59  -28   -3   20  -35   10  -36    0  -63  -11   98   -7   44   44   14   14   39   55   58  120  -33  -38  236  -33   58  -15   40  103  -11   89   97  170  465   90  465  666  386  895  998 1000  990  994
  9 Yomi AI               7296   -36  -28   -5  -19  -25   62   10   63    0   -9  124  -25  109   53  -41    4   54   35    8   72    1   34  298    7  102  -10   49   35  445  203   59  172  539  173  301  201  376  696  217 1000  993  999
 10 Boom                  7212   -10  -43  -48  -49  -46   -6  -23   11    9    0   56  -46   40   49  -38   -2   45   86   17   33  -29   11  155  -20  -15   15   74   81   23   43   86  128  404  171  366  631  328  753  991  997  990  994
 11 Granite               6948  -197 -196 -199 -110  -90  -13 -129  -98 -124  -56    0 -104   14   22  -68  -92   72   58  -51  -30    4    0  361  -60  647    2   11   56   64  217   97  176  318  212  318  939  401  594  991  998  993 1000
 12 ACT-R Lag2            6871   -86  -14   12    2  -22   41   16    7   25   46  104    0  129   53   14   -5   18   11  109   75  -37   -5  266 -101   47   38   39   34  -26  123   77   78  570  181  231  226  259  578  784  997  995  982
 13 Marble                6600  -254 -236 -210 -112 -132  -50 -135  -44 -109  -40  -14 -129    0   26  -51  -90   64   64   50   18    0  -51  317  -96  649   -2   14   47   70  200   74  178  261  123  259  964  400  594  994  999  990 1000
 14 Sweet Rocky           6455   -33  -65  -62   -6  -76  -70  -65  -44  -53  -49  -22  -53  -26    0  -32  -28  -55   27  -27  -18  -53    6   72  -58  795  -10   45   25  -54  148  407  174  223  194  200  134  385  594  992  998  999  996
 15 Shofar                6428    21   -4   11    4   -7  -23   39  -14   41   38   68  -14   51   32    0   22   34   19   76   51  -17   -8   69  -98   78  -11   31   83    6   37   61   56  208  231  440  151  327  562  872  975  942  988
 16 Bugbrain              6245   -73  -22    2  -78    8  -39  -22  -14   -4    2   92    5   90   28  -22    0   51   57  182   37  -38  -47  150   33   -8  -34   72   47   -6   24  107   27   63   99  200  800  226  392  960  949  962  987
 17 Piedra                6164   -80  -66  -34  -62  -26  -63  -19  -39  -54  -45  -72  -18  -64   55  -34  -51    0  -54  -22    6  -48  -26   80  -55  -61   14    4   10   11  176  148  173  259  176  185  942  349  595  992  993  989 1000
 18 * Anti-rotn           5917   -45  -81  -84  -44  -70  -41  -47  -55  -35  -86  -58  -11  -64  -27  -19  -57   54    0  -51   33   19  -39  258  -57  570  -42  -19   10  -29  201   32   55  157  334  467   59  138  596 1000  998  998  999
 19 ZQ Bot                5557  -293 -279 -226 -292 -107 -174 -167  -58   -8  -17   51 -109  -50   27  -76 -182   22   51    0   -3  -32  -43  291  -39  -33  -52  108   42   37  143  222  141  260  203  240  998  394  591  994  997  987  998
 20 Mixed Strategy        5189   -86 -110  -31  -86   14  -63  -39 -120  -72  -33   30  -75  -18   18  -51  -37   -6  -33    3    0  -37  -47   91  -65   32  -18    9   14    2  152   15  172  165  134  215  290  404  516  980  999  964  997
 21 Majikthise            4917    -9  -36   70   -1  -17   18   -3   33   -1   29   -4   37    0   53   17   38   48  -19   32   37    0  -16  151    4   87   39  -22   10   -2   94    0   60  222  123  248   27  133  482  -27  993  991  998
 22 Vroomfondel           4862     2  -50  -27   30   26   41   38   38  -34  -11    0    5   51   -6    8   47   26   39   43   47   16    0  194    4   80   32   -2    4   -9   58    4    9  205  127  251  -40  196  454   -6  991  993  988
 23 Multi-strategy        2565  -142 -228 -236 -208 -256 -179 -220 -236 -298 -155 -361 -266 -317  -72  -69 -150  -80 -258 -291  -91 -151 -194    0  -50  -86  -20  -47  297    9   55    1  123   57  304  471  500  418  999  997  999  997  999
 24 * De Bruijn            788   -72  -44    4   54   26   62   17   33   -7   20   60  101   96   58   98  -33   55   57   39   65   -4   -4   50    0    7   -1   34  -25    3   11    2   23  -27    3  -12    3   -7  128   -1    0   21 -105
 25 Inocencio              320  -182 -173 -216 -593 -149 -792 -792  -58 -102   15 -647  -47 -649 -795  -78    8   61 -570   33  -32  -87  -80   86   -7    0  -33   47   47  352  115   94  151  256  177  186   96  405  360  991  980  972  970
 26 * Pi                   -55    -8  -16    0   -6   13  -19  -28   15   10  -15   -2  -38    2   10   11   34  -14   42   52   18  -39  -32   20    1   33    0   35  -67    1   20   -3  -81  -10    9  -35   19   -6   30   22  -11  -11  -11
 27 * Add-drift          -1508   -63 -141 -199 -221   35 -292 -120  -40  -49  -74  -11  -39  -14  -45  -31  -72   -4   19 -108   -9   22    2   47  -34  -47  -35    0   -2    7  -29  -90   41   26    2  -37    7   25   38  -16   21   21    1
 28 * Copy-drift         -2150  -207  -96  -63 -264  -68 -264  -77 -103  -35  -81  -56  -34  -47  -25  -83  -47  -10  -10  -42  -14  -10   -4 -297   25  -47   67    2    0   -6  -34   15   16 -101  -69  -36   10    9  -31  -41   -1   -6   15
 29 * Foxtrot            -2368  -348 -416 -105    4 -401   27 -150   11 -445  -23  -64   26  -70   54   -6    6  -11   29  -37   -2    2    9   -9   -3 -352   -1   -7    6    0   14  -47   21  -18   16   20  -10  -26   25   -1  -37  -22  -27
 30 * Flat               -2934  -190 -103  -92  -50  -76  -85 -136  -89 -203  -43 -217 -123 -200 -148  -37  -24 -176 -201 -143 -152  -94  -58  -55  -11 -115  -20   29   34  -14    0   32  -39  -22   -9   20 -199   -7  237  222    0   10 -387
 31 * Add-react          -2992  -324 -334 -231  -88  -38 -123 -354  -97  -59  -86  -97  -77  -74 -407  -61 -107 -148  -32 -222  -15    0   -4   -1   -2  -94    3   90  -15   47  -32    0  -34  -93    5   44   30   31   -6  -23   -3  -30   69
 32 * Text               -3238  -118  -97 -189 -140 -134 -166  -45 -170 -172 -128 -176  -78 -178 -174  -56  -27 -173  -55 -141 -172  -60   -9 -123  -23 -151   81  -41  -16  -21   39   34    0   10    6  -28   30  -35 -185  -74 -185  -11  113
 33 Knucklehead          -3413  -555 -388 -389 -286 -495 -342 -481 -465 -539 -404 -318 -570 -261 -223 -208  -63 -259 -157 -260 -165 -222 -205  -57   27 -256   10  -26  101   18   22   93  -10    0   36   33  -16   43   94  905  961  895  969
 34 * Switch A Lot       -3931   -29 -136 -267 -222 -155 -141  -98  -90 -173 -171 -212 -181 -123 -194 -231  -99 -176 -334 -203 -134 -123 -127 -304   -3 -177   -9   -2   69  -16    9   -5   -6  -36    0  -31 -114   54  -12  289   16   -5  -29
 35 Always Switchin'     -7216  -177 -251 -476 -489 -326 -435 -205 -465 -301 -366 -318 -231 -259 -200 -440 -200 -185 -467 -240 -215 -248 -251 -471   12 -186   35   37   36  -20  -20  -44   28  -33   31    0 -270   -1  -11  475    0  -48  -21
 36 Peterbot             -8196  -784 -891 -865 -724 -796 -911 -946 -666 -201 -631 -939 -226 -964 -134 -151 -800 -942  -59 -998 -290  -27   40 -500   -3  -96  -19   -7  -10   10  199  -30  -30   16  114  270    0  391  433  981  999  998  993
 37 R-P-S 20-20-60       -9288  -380 -183 -410 -397 -411 -402 -277 -386 -376 -328 -401 -259 -400 -385 -327 -226 -349 -138 -394 -404 -133 -196 -418    7 -405    6  -25   -9   26    7  -31   35  -43  -54    1 -391    0 -431 -175 -407   35  146
 38 Beat Frequent Pick  -14265  -924 -922 -941 -594 -540 -592 -587 -895 -696 -753 -594 -578 -594 -594 -562 -392 -595 -596 -591 -516 -482 -454 -999 -128 -360  -30  -38   31  -25 -237    6  185  -94   12   11 -433  431    0 -600  999    0  996
 39 Beat The Last Move  -20603  -985 -982 -988 -990 -995 -985 -992 -998 -217 -991 -991 -784 -994 -992 -872 -960 -992 -1000 -994 -980   27    6 -997    1 -991  -22   16   41    1 -222   23   74 -905 -289 -475 -981  175  600    0 1000    1  996
 40 Good Ole Rock       -26193  -989 -999 -1000 -999 -996 -995 -998 -1000 -1000 -997 -998 -997 -999 -998 -975 -949 -993 -998 -997 -999 -993 -991 -999    0 -980   11  -21    1   37    0    3  185 -961  -16    0 -999  407 -999 -1000    0    0  998
 41 Rotate R-P-S        -26229  -985 -993 -991 -995 -993 -989 -993 -990 -993 -990 -993 -995 -990 -999 -942 -962 -989 -998 -987 -964 -991 -993 -997  -21 -972   11  -21    6   22  -10   30   11 -895    5   48 -998  -35    0   -1    0    0 -697
 42 * Anti-Flat         -27861  -990 -993 -994 -995 -990 -994 -997 -994 -999 -994 -1000 -982 -1000 -996 -988 -987 -1000 -999 -998 -997 -998 -988 -999  105 -970   11   -1  -15   27  387  -69 -113 -969   29   21 -993 -146 -996 -996 -998  697    0

 Match results (draw <= 50): 

    Player Name           total  W  L  D   1  2  3  4  5  6  7  8  9 10 11 12 13 14 15 16 17 18 19 20 21 22 23 24 25 26 27 28 29 30 31 32 33 34 35 36 37 38 39 40 41 42
  1 Iocaine Powder          71  30  0 11   1  2  1  2  1  1  2  2  1  1  2  2  2  1  1  2  2  1  2  2  1  2  2  2  1  2  2  2  2  2  2  2  2  1  2  2  2  2  2  2  2  2
  2 Phasenbott              68  28  1 12   0  1  1  1  1  2  2  1  1  1  1  1  2  1  1  1  2  2  2  2  2  2  2  2  1  2  2  2  2  2  2  2  2  2  2  2  2  2  2  2  2  2
  3 Yomi AI                 64  23  0 18   1  1  1  1  1  1  1  2  1  1  1  1  2  1  1  1  2  1  2  1  2  2  2  2  1  2  1  2  2  1  2  2  2  2  2  2  2  2  2  2  2  2
  4 MegaHAL                 64  25  2 14   0  1  1  1  1  1  2  1  1  1  1  1  2  0  1  1  2  2  2  2  2  1  1  2  1  2  2  2  2  2  2  2  2  2  2  2  2  2  2  2  2  2
  5 Biopic                  62  21  0 20   1  1  1  1  1  1  1  1  1  1  1  1  1  1  1  1  2  2  2  2  2  1  1  2  1  2  1  2  2  2  1  2  2  2  2  2  2  2  2  2  2  2
  6 Simple Modeller         62  23  2 16   1  0  1  1  1  1  1  1  1  1  1  2  2  1  1  0  2  1  2  2  1  2  2  2  1  1  2  2  2  2  2  2  1  2  2  2  2  2  2  2  2  2
  7 RussRocker4             60  22  3 16   0  0  1  0  1  1  1  1  1  1  1  1  2  1  1  1  2  1  2  2  2  1  1  2  1  2  2  2  2  2  2  2  2  2  2  1  2  2  2  2  2  2
  8 Robertot                59  20  2 19   0  1  0  1  1  1  1  1  1  1  1  1  1  1  1  1  1  2  2  2  1  1  2  2  1  1  1  2  2  2  2  2  2  2  2  2  2  2  2  2  2  2
  9 Shofar                  59  19  1 21   1  1  1  1  1  1  1  1  1  1  1  1  1  1  1  0  2  1  2  2  1  1  2  2  1  1  1  2  2  2  2  2  1  2  2  2  2  2  2  2  2  2
 10 Boom                    58  17  0 24   1  1  1  1  1  1  1  1  1  1  1  1  1  1  1  1  1  2  2  1  1  1  1  1  1  1  2  2  2  2  2  2  1  2  2  2  2  2  2  2  2  2
 11 ACT-R Lag2              58  19  2 20   0  1  1  1  1  1  1  1  1  1  1  1  1  1  1  0  2  1  2  2  2  1  2  1  1  1  1  2  2  1  2  2  2  2  2  2  2  2  2  2  2  2
 12 Bugbrain                57  18  2 21   0  1  1  1  1  0  1  1  1  1  1  1  1  1  1  1  2  2  2  2  1  2  1  1  1  1  2  2  2  1  2  2  1  2  2  1  2  2  2  2  2  2
 13 Simple Predictor        55  21  7 13   0  0  0  0  1  0  0  1  1  1  1  1  1  1  1  0  1  1  1  2  2  2  2  2  1  1  2  2  2  2  2  2  2  2  2  2  2  2  2  2  2  2
 14 Majikthise              55  14  0 27   1  1  1  2  1  1  1  1  1  1  1  1  1  1  1  1  1  1  1  1  2  1  1  2  1  1  1  2  1  1  1  2  2  2  1  2  2  2  2  2  2  2
 15 Vroomfondel             53  12  0 29   1  1  1  1  1  1  1  1  1  1  1  1  1  1  1  1  2  1  1  1  1  1  1  2  1  1  1  2  1  1  1  2  2  2  1  1  2  2  2  2  2  2
 16 * De Bruijn             50  11  2 28   0  1  1  1  1  2  1  1  2  1  2  1  2  1  1  1  2  2  2  1  2  2  2  1  1  1  1  1  1  1  1  1  1  1  1  1  1  1  2  1  1  0
 17 Marble                  47  18 12 11   0  0  0  0  0  0  0  1  0  1  0  0  1  1  0  0  1  2  1  1  1  2  1  2  1  2  1  2  2  1  2  2  2  2  2  2  2  2  2  2  2  2
 18 * Anti-rotn             46  15 10 16   1  0  1  0  0  1  1  0  1  0  1  0  1  1  1  0  0  1  0  0  1  2  1  2  1  1  1  2  2  1  1  2  2  2  2  2  2  2  2  2  2  2
 19 Granite                 46  19 14  8   0  0  0  0  0  0  0  0  0  0  0  0  1  1  1  0  1  2  1  0  1  2  1  2  1  2  1  2  2  2  2  2  2  2  2  2  2  2  2  2  2  2
 20 ZQ Bot                  46  17 12 12   0  0  1  0  0  0  0  0  0  1  0  0  0  1  1  1  1  2  2  1  1  1  1  1  0  1  2  2  2  1  2  2  2  2  2  2  2  2  2  2  2  2
 21 Sweet Rocky             45  15 11 15   1  0  0  0  0  1  0  1  1  1  0  1  0  0  1  0  1  1  1  1  1  0  1  2  1  0  1  2  2  1  2  2  2  2  2  2  2  2  2  2  2  2
 22 Piedra                  45  15 11 15   0  0  0  1  1  0  1  1  1  1  1  0  0  1  1  0  0  0  0  1  2  1  1  0  1  1  1  2  2  1  2  2  2  2  2  2  2  2  2  2  2  2
 23 Mixed Strategy          45  13  9 19   0  0  0  1  1  0  1  0  0  1  0  1  0  1  1  0  1  1  1  1  1  1  1  1  1  1  1  2  2  1  1  2  2  2  2  2  2  2  2  2  2  2
 24 Inocencio               41  16 16  9   0  0  0  0  0  0  0  0  0  1  1  1  0  0  0  1  0  0  0  1  0  2  1  1  1  2  1  2  2  1  2  2  2  2  2  2  2  2  2  2  2  2
 25 * Pi                    40   1  2 38   1  1  1  1  1  1  1  1  1  1  1  1  1  1  1  1  1  1  1  2  1  1  1  1  1  1  1  1  1  0  1  1  1  1  1  0  1  1  1  1  1  1
 26 * Foxtrot               33   1  9 31   0  0  0  0  0  1  0  1  1  1  1  1  1  1  1  1  0  1  0  1  2  1  1  0  1  1  1  1  1  1  1  1  1  1  1  1  1  1  1  1  1  1
 27 * Add-drift             31   0 10 31   0  0  1  0  1  0  0  1  1  0  1  0  0  1  1  1  1  1  1  0  1  1  1  1  1  1  1  1  1  1  0  1  1  1  1  1  1  1  1  1  1  1
 28 Multi-strategy          31  13 23  5   0  0  0  0  0  0  0  0  0  0  0  0  0  0  0  1  0  0  0  0  0  0  0  0  1  1  1  1  2  2  1  2  2  2  2  2  2  2  2  2  2  2
 29 Peterbot                28   9 22 10   0  0  0  0  0  0  0  0  0  0  0  0  0  1  1  1  0  0  0  0  0  0  0  0  1  1  1  0  1  1  1  1  2  2  2  1  2  2  2  2  2  2
 30 * Copy-drift            28   1 14 26   0  0  1  0  0  0  0  0  0  0  1  1  0  1  1  1  1  1  0  1  1  1  1  1  2  1  1  0  1  1  1  0  1  0  1  1  1  1  1  1  1  1
 31 * Add-react             24   2 19 20   0  0  0  0  1  0  0  0  0  0  0  0  0  1  1  1  0  1  0  0  0  0  1  0  1  1  2  1  1  1  1  0  1  1  1  1  1  1  1  1  1  2
 32 Knucklehead             24   7 24 10   0  0  0  0  0  0  0  0  0  0  0  0  0  0  0  1  0  0  0  0  0  0  0  0  1  1  1  0  1  2  2  1  1  1  2  1  1  2  2  2  1  2
 33 * Flat                  21   2 22 17   0  0  0  0  0  1  0  0  1  1  0  1  0  0  0  1  0  0  0  0  0  0  0  0  1  1  1  0  0  1  1  1  1  1  2  1  1  1  2  1  1  0
 34 * Switch A Lot          20   3 24 14   1  0  0  0  0  0  0  0  0  0  0  0  0  0  0  1  0  0  0  0  0  0  0  0  1  1  1  0  0  2  1  1  1  1  2  1  1  1  1  1  2  1
 35 Beat The Last Move      19   5 27  9   0  0  0  0  0  0  0  0  0  0  0  0  0  1  1  1  0  0  0  0  0  0  0  0  1  1  1  0  0  1  1  0  0  0  1  2  0  2  2  1  2  2
 36 * Text                  19   2 24 15   0  0  0  0  0  0  1  0  0  0  0  1  0  0  1  1  0  0  0  0  0  0  0  0  2  1  1  0  1  1  1  1  1  1  0  1  1  0  0  1  1  2
 37 Always Switchin'        17   1 25 15   0  0  0  0  0  0  0  0  0  0  0  0  0  0  0  1  0  0  0  0  0  0  0  0  1  1  1  0  0  1  1  1  1  1  2  1  1  1  1  1  1  1
 38 Good Ole Rock           16   3 28 10   0  0  0  0  0  0  0  0  0  0  0  0  0  0  0  1  0  0  0  0  0  0  0  0  1  1  1  0  0  1  1  0  1  1  0  2  1  1  0  1  2  2
 39 Beat Frequent Pick      16   4 29  8   0  0  0  0  0  0  0  0  0  0  0  0  0  0  0  0  0  0  0  0  0  0  0  0  1  1  1  0  0  1  1  0  0  1  0  2  1  2  1  1  2  2
 40 Rotate R-P-S            14   0 27 14   0  0  0  0  0  0  0  0  0  0  0  0  0  0  0  1  0  0  0  0  0  0  0  0  1  1  1  0  0  1  1  0  1  1  1  1  1  1  1  1  1  0
 41 R-P-S 20-20-60          13   1 29 11   0  0  0  0  0  0  0  0  0  0  0  0  0  0  0  1  0  0  0  0  0  0  0  0  1  1  1  0  0  1  1  1  1  0  0  1  1  0  0  1  1  2
 42 * Anti-Flat             12   3 32  6   0  0  0  0  0  0  0  0  0  0  0  0  0  0  0  2  0  0  0  0  0  0  0  0  1  1  1  0  0  1  0  0  2  1  0  0  1  0  0  2  0  1


   Yomi AI is match ranked 3

 Tournament results:
    Player Name          total 
  1 Yomi AI               7296 
 19 Iocaine Powder       10647 
 20 Phasenbott           10354 
 21 MegaHAL               9586 
 22 RussRocker4           8020 
 23 Biopic                8329 
 24 Simple Modeller       9230 
 25 Simple Predictor      8054 
 26 Robertot              7886 

   Yomi is tournament ranked 9

