 Playing 1 tournaments with 1000 trials per match...

 Yomi AI            vs Good Ole Rock       Match: 1000 (1000+   0-   0=)
 Yomi AI            vs R-P-S 20-20-60      Match:  302 (533+ 231- 236=)
 Yomi AI            vs Rotate R-P-S        Match:  966 (975+   9-  16=)
 Yomi AI            vs Beat The Last Move  Match:   34 (355+ 321- 324=)
 Yomi AI            vs Always Switchin'    Match:  143 (423+ 280- 297=)
 Yomi AI            vs Beat Frequent Pick  Match:  458 (654+ 196- 150=)
 Yomi AI            vs * Pi                Match:   -2 (339+ 341- 320=)
 Yomi AI            vs * Switch A Lot      Match:   72 (377+ 305- 318=)
 Yomi AI            vs * Flat              Match:  136 (423+ 287- 290=)
 Yomi AI            vs * Anti-Flat         Match:  978 (984+   6-  10=)
 Yomi AI            vs * Foxtrot           Match:  244 (490+ 246- 264=)
 Yomi AI            vs * De Bruijn         Match:  -19 (321+ 340- 339=)
 Yomi AI            vs * Text              Match:   86 (378+ 292- 330=)
 Yomi AI            vs * Anti-rotn         Match:   17 (346+ 329- 325=)
 Yomi AI            vs * Copy-drift        Match:   20 (340+ 320- 340=)
 Yomi AI            vs * Add-react         Match:   48 (365+ 317- 318=)
 Yomi AI            vs * Add-drift         Match:   23 (357+ 334- 309=)
 Yomi AI            vs Iocaine Powder      Match:   30 (355+ 325- 320=)
 Yomi AI            vs Phasenbott          Match:  -49 (334+ 383- 283=)
 Yomi AI            vs MegaHAL             Match:    3 (355+ 352- 293=)
 Yomi AI            vs RussRocker4         Match:  -54 (323+ 377- 300=)
 Yomi AI            vs Biopic              Match:   27 (372+ 345- 283=)
 Yomi AI            vs Simple Modeller     Match:  -17 (323+ 340- 337=)
 Yomi AI            vs Simple Predictor    Match:   31 (382+ 351- 267=)
 Yomi AI            vs Robertot            Match:    3 (350+ 347- 303=)
 Yomi AI            vs Boom                Match:  -29 (306+ 335- 359=)
 Yomi AI            vs Shofar              Match:  -47 (322+ 369- 309=)
 Yomi AI            vs ACT-R Lag2          Match:  -17 (332+ 349- 319=)
 Yomi AI            vs Majikthise          Match:   56 (359+ 303- 338=)
 Yomi AI            vs Vroomfondel         Match:  -45 (320+ 365- 315=)
 Yomi AI            vs Granite             Match:   84 (417+ 333- 250=)
 Yomi AI            vs Marble              Match:   58 (404+ 346- 250=)
 Yomi AI            vs ZQ Bot              Match:   70 (390+ 320- 290=)
 Yomi AI            vs Sweet Rocky         Match:    4 (340+ 336- 324=)
 Yomi AI            vs Piedra              Match:   32 (369+ 337- 294=)
 Yomi AI            vs Mixed Strategy      Match:    9 (360+ 351- 289=)
 Yomi AI            vs Multi-strategy      Match:  217 (483+ 266- 251=)
 Yomi AI            vs Inocencio           Match:   88 (401+ 313- 286=)
 Yomi AI            vs Peterbot            Match:    1 (345+ 344- 311=)
 Yomi AI            vs Bugbrain            Match:    3 (343+ 340- 317=)
 Yomi AI            vs Knucklehead         Match:  412 (607+ 195- 198=)
 Final results (draw value = 50):

 Tournament results: 

    Player Name          total     1    2    3    4    5    6    7    8    9   10   11   12   13   14   15   16   17   18   19   20   21   22   23   24   25   26   27   28   29   30   31   32   33   34   35   36   37   38   39   40   41   42
  1 Iocaine Powder       10628     0  204   73   34   24  512   31   29  201  -18  298  129  237   37   44   75   48   55  -30   50   -3  -12  247   15  -19  194  107  575  345  138  232  297  123   41  866  191  350  931  997  988  997  995
  2 Phasenbott            9898  -204    0   94   42    4  538   40    9  237   23  274  129  220   70   89    9   21   72   49  113   -3    8  213   35  -61  188  137  363  384  145    3  314  100   90  881  220  137  937  990  992  996 1000
  3 MegaHAL               9428   -73  -94    0  -36   24  116   73   16  183    4  257   44  229   28   79   26   54   47   -3   59   10  -22  245   -3  -19  172  173  329   79   78  151  264  142  204  866  399  407  944  989  993  998  996
  4 Simple Modeller       9020   -34  -42   36    0   26   11  -15   24   57  -18  303  265  112    0   45   33   34   54   17   64  -26    7  237  -36   14   80  266  289   29  246  111  101  105  221  977  442  414  595  994  991  998  993
  5 Biopic                8732   -24   -4  -24  -26    0  -22   24  -49  122   -4  100   -5  128   25   35  -15   45   46  -27   22    1    4  183  -23   32  199   50  524  423   50  225   41  154  191  736  322  384  909  993  996  999  992
  6 RussRocker4           7668  -512 -538 -116  -11   22    0   46   40  161  -15  153   69  168  -56   46   -2   53    2   54    4  -12  -27  191  -53   -2  115  167  456  132  137  142  336   86  137  921  216  275  905  992  993  998  995
  7 Robertot              7504   -31  -40  -73   15  -24  -46    0   -9   34   -9   80   10   -3    9   59   29   51   46   -3   81  -46   18  310   37  -37   17   29  394   17  143  103   39  174   93  350  478  416  838  972  998  996  989
  8 Boom                  6953   -29   -9  -16  -24   49  -40    9    0   22  -57   28   25   48  -34   40  -28   25   62   29   13  -26  -34  256   -2  -41   29  -90  458   38   55   22   94  139  240  207  402  386  753  991  990  997  976
  9 Marble                6857  -201 -237 -183  -57 -122 -161  -34  -22    0  -32   29   38  -17 -117   57 -109   60   46  -58   52    0  -51  273   -5  -22  647   26  288   44   83  123   93  176  139  983  196  361  594  989  995  998  995
 10 Shofar                6803    18  -23   -4   18    4   15    9   57   32    0   45    4   19    0   43   13   10   14   47   47   35   22  107   12   73  589   13  185  -32   81   59   22  107   79   52  399  262  554  893  947  988  988
 11 ZQ Bot                6628  -298 -274 -257 -303 -100 -153  -80  -28  -29  -45    0 -174  -21 -111   48 -167   38   61  -70   62  -40  -82  218  -70   -2  741   85  294   72   62  166  392  160  195  965  380  436  593  986  989  995  994
 12 Simple Predictor      6590  -129 -129  -44 -265    5  -69  -10  -25  -38   -4  174    0   60  -46   52   35   57   33  -31   34  -52   -8  191  -73  -14   45  237  189  -23  250   47  116  149  211  339  376  400  587  985  989  996  993
 13 Granite               6197  -237 -220 -229 -112 -128 -168    3  -48   17  -19   21  -60    0 -172   28 -124   30   44  -84    4  -29  -42  267  -78  -47  500   -2  307    9   76  134   81  175  183  915  236  386  591  996  995  998 1000
 14 ACT-R Lag2            6183   -37  -70  -28    0  -25   56   -9   34  117    0  111   46  172    0  -45  -18   79   42   17   77    0    3  274  -86   38  143    9  496   24   16  127   78   64  130  204  248  296  569   40  996  996  999
 15 * Anti-rotn           5844   -44  -89  -79  -45  -35  -46  -59  -40  -57  -43  -48  -52  -28   45    0  -33  -31  -30  -17    2  -13   23  228  -35  -44  581  -26   49   16   32  175   16   54  279  498  503  162  597  497  999 1000  982
 16 Bugbrain              5841   -75   -9  -26  -33   15    2  -29   28  109  -13  167  -35  124   18   33    0   42   11   -3   36   23   18   73    0   33   44   53  144  -41   24   43  103   73   89  191  251  116  390  917  961  987  987
 17 Piedra                5705   -48  -21  -54  -34  -45  -53  -51  -25  -60  -10  -38  -57  -30  -79   31  -42    0   14  -32  -31  -64  -55   87   15  -30  -59   89   39   74   76  141  335  157  133  149  294  414  593  999  992  994  997
 18 Sweet Rocky           5697   -55  -72  -47  -54  -46   -2  -46  -62  -46  -14  -61  -33  -44  -42   30  -11  -14    0   -4  -40  -24  -15  113    4   -7  -42   60  254    7   30  108  -46  155  272  303  222  397  592  996  994  998  989
 19 Yomi AI               5376    30  -49    3  -17   27  -54    3  -29   58  -47   70   31   84  -17   17    3   32    4    0    9  -45   56  217  -19   -2   88   23  412  244   20  136   48   86   72    1  143  302  458   34  966 1000  978
 20 Mixed Strategy        4789   -50 -113  -59  -64  -22   -4  -81  -13  -52  -47  -62  -34   -4  -77   -2  -36   31   40   -9    0  -14   22   43  -43  -46   -3    5  166  -45   76    3   39  189  198   76   44  424  420  950  960  994  989
 21 Vroomfondel           4705     3    3  -10   26   -1   12   46   26    0  -35   40   52   29    0   13  -23   64   24   45   14    0   23  173  -17  -26   79  -43  196   39  -16   46  -10   37   52   25  259  158  409   12  991  994  996
 22 Majikthise            4589    12   -8   22   -7   -4   27  -18   34   51  -22   82    8   42   -3  -23  -18   55   15  -56  -22  -23    0  156  -38   37   59   43  247  -14   -5   64  -42   35  105   -5  252  151  420   -1  991  994  996
 23 Multi-strategy        2749  -247 -213 -245 -237 -183 -191 -310 -256 -273 -107 -218 -191 -267 -274 -228  -73  -87 -113 -217  -43 -173 -156    0  -50  -20 -166   31  138  -35  248  138  -32  123  255  500  518  413  999  997  997  999  998
 24 * De Bruijn            671   -15  -35    3   36   23   53  -37    2    5  -12   70   73   78   86   35    0  -15   -4   19   43   17   38   50    0   -1   16    6    9   -4    4    8   58   23  -16  -15   -6   26  128   -1   21    0  -98
 25 * Pi                   343    19   61   19  -14  -32    2   37   41   22  -73    2   14   47  -38   44  -33   30    7    2   46   26  -37   20    1    0   -9  -24    0   12   12   12   34  -81   52    5   56   44   30   22  -11  -11  -13
 26 Inocencio              332  -194 -188 -172  -80 -199 -115  -17  -29 -647 -589 -741  -45 -500 -143 -581  -44   59   42  -88    3  -79  -59  166  -16    9    0  -17  244  315  109  121  107  162  118  111  215  371  353 -576  978  979  989
 27 * Add-drift          -1526  -107 -137 -173 -266  -50 -167  -29   90  -26  -13  -85 -237    2   -9   26  -53  -89  -60  -23   -5   43  -43  -31   -6   24   17    0  -17   -3   21  -53  -29   -4   17    0   -4    0   -6  -30  -32  -17   38
 28 Knucklehead          -1967  -575 -363 -329 -289 -524 -456 -394 -458 -288 -185 -294 -189 -307 -496  -49 -144  -39 -254 -412 -166 -196 -247 -138   -9    0 -244   17    0  -42   60  -22  100   -7  -16 1000  -40   56  154  910  947  987  974
 29 * Foxtrot            -2123  -345 -384  -79  -29 -423 -132  -17  -38  -44   32  -72   23   -9  -24  -16   41  -74   -7 -244   45  -39   14   35    4  -12 -315    3   42    0    8   66   18    2  -33  -43   -5  -16  -41   15  -14    1  -17
 30 * Copy-drift         -2126  -138 -145  -78 -246  -50 -137 -143  -55  -83  -81  -62 -250  -76  -16  -32  -24  -76  -30  -20  -76   16    5 -248   -4  -12 -109  -21  -60   -8    0   26  -33   23   37   25   63  -24   26  -48   22    3   13
 31 * Flat               -2864  -232   -3 -151 -111 -225 -142 -103  -22 -123  -59 -166  -47 -134 -127 -175  -43 -141 -108 -136   -3  -46  -64 -138   -8  -12 -121   53   22  -66  -26    0  -42   -5   -1 -172  -19   37  233  192  -28    0 -402
 32 * Add-react          -2936  -297 -314 -264 -101  -41 -336  -39  -94  -93  -22 -392 -116  -81  -78  -16 -103 -335   46  -48  -39   10   42   32  -58  -34 -107   29 -100  -18   33   42    0    3  -30  -13   17  -48   -3   45  -19   23  -19
 33 * Text               -3224  -123 -100 -142 -105 -154  -86 -174 -139 -176 -107 -160 -149 -175  -64  -54  -73 -157 -155  -86 -189  -37  -35 -123  -23   81 -162    4    7   -2  -23    5   -3    0   13    4  -22    2 -185  -74  -11 -185  113
 34 * Switch A Lot       -3513   -41  -90 -204 -221 -191 -137  -93 -240 -139  -79 -195 -211 -183 -130 -279  -89 -133 -272  -72 -198  -52 -105 -255   16  -52 -118  -17   16   33  -37    1   30  -13    0 -182   31   -7   18  358   -9   17   11
 35 Peterbot             -6704  -866 -881 -866 -977 -736 -921 -350 -207 -983  -52 -965 -339 -915 -204 -498 -191 -149 -303   -1  -76  -25    5 -500   15   -5 -111    0 -1000   43  -25  172   13   -4  182    0  239  368  432  981  997  999 1000
 36 Always Switchin'     -6906  -191 -220 -399 -442 -322 -216 -478 -402 -196 -399 -380 -376 -236 -248 -503 -251 -294 -222 -143  -44 -259 -252 -518    6  -56 -215    4   40    5  -63   19  -17   22  -31 -239    0   16   30  514   38    7    5
 37 R-P-S 20-20-60       -8823  -350 -137 -407 -414 -384 -275 -416 -386 -361 -262 -436 -400 -386 -296 -162 -116 -414 -397 -302 -424 -158 -151 -413  -26  -44 -371    0  -56   16   24  -37   48   -2    7 -368  -16    0 -377 -155   -9 -423  413
 38 Beat Frequent Pick  -14571  -931 -937 -944 -595 -909 -905 -838 -753 -594 -554 -593 -587 -591 -569 -597 -390 -593 -592 -458 -420 -409 -420 -999 -128  -30 -353    6 -154   41  -26 -233    3  185  -18 -432  -30  377    0 -600    0  999 1000
 39 Beat The Last Move  -17760  -997 -990 -989 -994 -993 -992 -972 -991 -989 -893 -986 -985 -996  -40 -497 -917 -999 -996  -34 -950  -12    1 -997    1  -22  576   30 -910  -15   48 -192  -45   74 -358 -981 -514  155  600    0    1 1000 1000
 40 Rotate R-P-S        -26258  -988 -992 -993 -991 -996 -993 -998 -990 -995 -947 -989 -989 -995 -996 -999 -961 -992 -994 -966 -960 -991 -991 -997  -21   11 -978   32 -947   14  -22   28   19   11    9 -997  -38    9    0   -1    0    0 -684
 41 Good Ole Rock       -26290  -997 -996 -998 -998 -999 -998 -996 -997 -998 -988 -995 -996 -998 -996 -1000 -987 -994 -998 -1000 -994 -994 -994 -999    0   11 -979   17 -987   -1   -3    0  -23  185  -17 -999   -7  423 -999 -1000    0    0  999
 42 * Anti-Flat         -28139  -995 -1000 -996 -993 -992 -995 -989 -976 -995 -988 -994 -993 -1000 -999 -982 -987 -997 -989 -978 -989 -996 -996 -998   98   13 -989  -38 -974   17  -13  402   19 -113  -11 -1000   -5 -413 -1000 -1000  684 -999    0

 Match results (draw <= 50): 

    Player Name           total  W  L  D   1  2  3  4  5  6  7  8  9 10 11 12 13 14 15 16 17 18 19 20 21 22 23 24 25 26 27 28 29 30 31 32 33 34 35 36 37 38 39 40 41 42
  1 Iocaine Powder          67  26  0 15   1  2  2  1  2  1  1  1  1  1  2  2  1  1  1  2  2  1  2  1  1  2  1  1  2  2  2  2  2  2  2  2  2  2  2  1  2  2  2  2  2  2
  2 Phasenbott              66  27  2 12   0  1  2  1  2  1  2  1  1  1  1  2  1  1  1  2  2  2  2  1  1  2  2  0  2  2  2  2  2  2  2  2  1  2  2  2  2  2  2  2  2  2
  3 MegaHAL                 65  26  2 13   0  0  1  1  2  1  1  2  1  1  1  1  1  1  1  2  1  2  2  2  1  2  2  1  2  2  2  2  2  2  2  2  2  2  2  2  2  2  2  2  2  2
  4 Simple Modeller         64  23  0 18   1  1  1  1  1  1  1  1  1  1  1  2  1  1  1  2  2  1  2  1  1  2  2  1  2  1  2  2  2  2  2  2  2  2  2  2  2  2  2  2  2  2
  5 RussRocker4             60  24  5 12   0  0  0  1  1  1  0  1  1  2  1  2  1  1  1  2  1  1  2  2  0  2  1  1  2  2  2  2  2  2  2  2  2  2  2  2  2  2  2  2  2  2
  6 Biopic                  59  18  0 23   1  1  1  1  1  1  1  1  1  1  1  1  1  1  1  2  1  1  2  1  1  2  1  1  2  2  2  1  2  2  1  1  2  2  2  2  2  2  2  2  2  2
  7 ACT-R Lag2              59  20  2 19   1  0  1  1  2  1  1  1  1  1  1  1  1  1  1  2  1  1  2  2  0  2  2  1  2  1  2  1  2  2  1  2  2  1  2  2  2  2  2  2  2  2
  8 Robertot                58  18  1 22   1  1  0  1  1  1  1  1  1  1  1  1  1  1  1  1  1  2  2  2  1  1  2  1  1  1  2  1  2  2  2  1  2  2  2  2  2  2  2  2  2  2
  9 Shofar                  58  17  0 24   1  1  1  1  1  1  1  1  1  1  1  1  2  1  1  1  1  1  1  1  1  1  1  2  2  1  2  1  2  2  2  1  2  2  2  2  2  2  2  2  2  2
 10 Yomi AI                 57  17  1 23   1  1  1  1  0  1  1  1  1  1  1  1  1  2  1  2  1  1  2  1  1  2  1  1  2  2  2  1  1  2  1  1  2  1  2  2  2  2  2  2  2  2
 11 Bugbrain                57  17  1 23   0  1  1  1  1  1  1  1  1  1  1  1  1  1  1  2  1  1  2  1  1  2  1  1  1  1  2  2  2  2  1  2  1  2  2  2  2  2  2  2  2  2
 12 Simple Predictor        54  19  6 16   0  0  1  0  0  1  1  1  1  1  1  1  1  1  0  1  1  2  2  2  0  2  1  1  1  1  2  2  2  2  2  2  1  2  2  2  2  2  2  2  2  2
 13 Boom                    54  15  2 24   1  1  1  1  1  1  1  1  0  1  1  1  1  1  1  1  2  1  1  1  1  1  1  1  1  1  2  0  2  2  2  2  1  2  2  2  2  2  2  2  2  2
 14 Majikthise              54  14  1 26   1  1  1  1  1  1  1  1  1  0  1  1  1  1  1  2  1  1  2  2  1  1  1  1  2  1  2  1  1  2  1  1  2  1  1  2  2  2  2  2  2  2
 15 Vroomfondel             53  12  0 29   1  1  1  1  1  1  1  1  1  1  1  2  1  1  1  1  1  1  1  2  1  1  1  1  2  1  2  1  1  2  1  1  1  1  1  2  2  2  2  2  2  2
 16 Marble                  50  19 10 12   0  0  0  0  0  0  0  1  1  0  0  1  1  0  1  1  1  2  1  2  1  1  2  1  2  1  2  1  2  2  2  2  2  2  2  2  2  2  2  2  2  2
 17 Sweet Rocky             50  14  5 22   0  0  1  0  1  1  1  1  1  1  1  1  0  1  1  1  1  1  0  1  1  1  1  1  1  1  2  2  2  2  1  1  2  2  2  2  2  2  2  2  2  2
 18 * Anti-rotn             49  13  5 23   1  0  0  1  1  1  1  0  1  1  1  0  1  1  1  0  1  1  1  1  1  1  1  1  2  1  2  1  2  1  1  1  2  2  2  2  2  2  2  2  2  2
 19 ZQ Bot                  48  20 13  8   0  0  0  0  0  0  0  0  1  0  0  0  1  0  1  1  2  1  1  1  0  1  2  1  2  2  2  2  2  2  2  2  2  2  2  2  2  2  2  2  2  2
 20 Piedra                  48  16  9 16   1  1  0  1  0  1  0  0  1  1  1  0  1  0  0  0  1  1  1  1  1  1  1  1  0  2  2  2  2  1  2  2  2  2  2  2  2  2  2  2  2  2
 21 * De Bruijn             47   7  1 33   1  1  1  1  2  1  2  1  1  1  1  2  1  1  1  1  1  1  2  1  1  2  1  1  1  1  1  1  1  1  1  2  1  1  1  1  1  2  1  1  0  1
 22 Granite                 46  16 11 14   0  0  0  0  0  0  0  1  1  0  0  0  1  1  1  1  1  1  1  1  0  1  1  1  2  1  2  1  2  2  2  2  2  2  2  2  2  2  2  2  2  2
 23 Mixed Strategy          45  11  7 23   1  0  0  0  1  1  0  0  1  1  1  1  1  1  1  0  1  1  0  1  1  1  1  1  1  1  1  1  2  2  2  1  1  2  2  2  1  2  2  2  2  2
 24 * Pi                    42   3  2 36   1  2  1  1  1  1  1  1  0  1  1  1  1  1  1  1  1  1  1  1  1  1  1  1  1  1  1  1  1  1  1  1  1  1  0  2  2  1  1  1  1  1
 25 Inocencio               41  16 16  9   0  0  0  0  0  0  0  1  0  0  1  1  1  0  0  0  1  0  0  2  1  0  1  1  1  2  2  1  2  2  2  2  2  0  2  2  2  2  2  2  2  2
 26 * Foxtrot               33   1  9 31   0  0  0  1  0  0  1  1  1  0  1  1  1  1  1  1  1  1  0  0  1  1  1  1  0  1  1  1  1  1  1  1  2  1  1  1  1  1  1  1  1  1
 27 Multi-strategy          32  13 22  6   0  0  0  0  0  0  0  0  0  0  0  0  0  0  0  0  0  0  0  0  1  0  1  1  0  1  1  1  2  2  2  1  2  2  2  2  2  2  2  2  2  2
 28 * Add-drift             31   1 11 29   0  0  0  0  0  1  1  1  1  1  0  0  2  1  1  1  0  1  0  0  1  1  1  1  1  1  1  1  1  1  1  1  0  1  1  1  1  1  1  1  1  1
 29 Peterbot                28   9 22 10   0  0  0  0  0  0  0  0  0  1  0  0  0  1  1  0  0  0  0  0  1  0  0  1  0  1  0  1  1  0  1  1  2  2  1  2  2  2  2  2  2  2
 30 Knucklehead             28   9 22 10   0  0  0  0  0  0  0  0  0  0  0  0  0  0  0  0  0  1  0  1  1  0  0  1  0  1  0  1  2  1  2  2  1  2  1  1  1  2  2  2  2  2
 31 * Copy-drift            25   1 17 23   0  0  0  0  0  1  1  0  0  1  1  0  0  1  1  0  1  1  0  0  1  0  0  1  0  1  0  1  1  0  1  1  1  1  1  1  2  1  1  1  1  1
 32 * Add-react             25   0 16 25   0  0  0  0  0  1  0  1  1  1  0  0  0  1  1  0  1  1  0  0  0  0  1  1  0  1  1  1  1  0  1  1  1  1  1  1  1  1  1  1  1  1
 33 * Flat                  23   3 21 17   0  1  0  0  0  0  0  0  0  0  1  1  1  0  1  0  0  0  0  0  1  0  1  1  0  0  0  2  0  1  1  1  1  2  1  1  1  2  1  1  0  1
 34 Beat The Last Move      23   6 24 11   0  0  0  0  0  0  1  0  0  1  0  0  0  1  1  0  0  0  0  0  1  0  0  1  2  1  0  1  0  0  1  1  0  1  2  0  0  2  2  1  2  2
 35 * Text                  18   2 25 14   0  0  0  0  0  0  0  0  0  0  0  0  0  1  1  0  0  0  0  0  1  0  0  2  0  1  0  1  1  1  1  1  1  0  1  1  1  0  0  1  2  1
 36 * Switch A Lot          17   1 25 15   1  0  0  0  0  0  0  0  0  0  0  0  0  0  0  0  0  0  0  0  1  0  0  0  0  1  0  1  0  1  1  1  1  2  1  1  1  1  1  1  1  1
 37 Always Switchin'        16   1 26 14   0  0  0  0  0  0  0  0  0  0  0  0  0  0  0  0  0  0  0  0  1  0  1  0  0  1  0  1  0  1  0  1  1  2  1  1  1  1  1  1  1  1
 38 Beat Frequent Pick      16   4 29  8   0  0  0  0  0  0  0  0  0  0  0  0  0  0  0  0  0  0  0  0  0  0  0  1  0  1  0  1  0  0  1  1  0  0  2  1  1  1  2  1  2  2
 39 Good Ole Rock           16   3 28 10   0  0  0  0  0  0  0  0  0  0  0  0  0  0  0  0  0  0  0  0  1  0  0  1  0  1  0  1  0  0  1  1  1  0  2  1  1  0  1  1  2  2
 40 Rotate R-P-S            14   0 27 14   0  0  0  0  0  0  0  0  0  0  0  0  0  0  0  0  0  0  0  0  1  0  0  1  0  1  0  1  0  0  1  1  1  1  1  1  1  1  1  1  0  1
 41 * Anti-Flat             13   3 31  7   0  0  0  0  0  0  0  0  0  0  0  0  0  0  0  0  0  0  0  0  2  0  0  1  0  1  0  1  0  0  1  1  2  0  0  1  1  0  0  2  1  0
 42 R-P-S 20-20-60          13   1 29 11   0  0  0  0  0  0  0  0  0  0  0  0  0  0  0  0  0  0  0  0  1  0  0  1  0  1  0  1  0  0  1  1  1  0  1  1  1  0  0  1  2  1


   Yomi AI is match ranked 10

 Tournament results:
    Player Name          total 
  1 Yomi AI               5376 
 15 * Anti-rotn           5844 
 19 Iocaine Powder       10628 
 20 Phasenbott            9898 
 21 MegaHAL               9428 
 22 RussRocker4           7668 
 23 Biopic                8732 
 24 Simple Modeller       9020 
 25 Simple Predictor      6590 
 26 Robertot              7504 
 27 Boom                  6953 
 28 Shofar                6803 
 29 ACT-R Lag2            6183 
 32 Granite               6197 
 33 Marble                6857 
 34 ZQ Bot                6628 
 35 Sweet Rocky           5697 
 36 Piedra                5705 
 41 Bugbrain              5841 

   Yomi is tournament ranked 19

