 Playing 1 tournaments with 1000 trials per match...

 Yomi AI            vs Good Ole Rock       Match: 1000 (1000+   0-   0=)
 Yomi AI            vs R-P-S 20-20-60      Match:  275 (532+ 257- 211=)
 Yomi AI            vs Rotate R-P-S        Match:  986 (992+   6-   2=)
 Yomi AI            vs Beat The Last Move  Match:  -30 (305+ 335- 360=)
 Yomi AI            vs Always Switchin'    Match:   84 (397+ 313- 290=)
 Yomi AI            vs Beat Frequent Pick  Match:  419 (609+ 190- 201=)
 Yomi AI            vs * Pi                Match:   35 (353+ 318- 329=)
 Yomi AI            vs * Switch A Lot      Match:   79 (387+ 308- 305=)
 Yomi AI            vs * Flat              Match:  108 (410+ 302- 288=)
 Yomi AI            vs * Anti-Flat         Match:  996 (998+   2-   0=)
 Yomi AI            vs * Foxtrot           Match:  234 (506+ 272- 222=)
 Yomi AI            vs * De Bruijn         Match:  -16 (334+ 350- 316=)
 Yomi AI            vs * Text              Match:   43 (376+ 333- 291=)
 Yomi AI            vs * Anti-rotn         Match:   25 (355+ 330- 315=)
 Yomi AI            vs * Copy-drift        Match:  -21 (310+ 331- 359=)
 Yomi AI            vs * Add-react         Match:  -15 (338+ 353- 309=)
 Yomi AI            vs * Add-drift         Match:   43 (363+ 320- 317=)
 Yomi AI            vs Iocaine Powder      Match:  -22 (334+ 356- 310=)
 Yomi AI            vs Phasenbott          Match:  -23 (339+ 362- 299=)
 Yomi AI            vs MegaHAL             Match:  -18 (329+ 347- 324=)
 Yomi AI            vs RussRocker4         Match:   32 (359+ 327- 314=)
 Yomi AI            vs Biopic              Match:   12 (347+ 335- 318=)
 Yomi AI            vs Simple Modeller     Match:   -4 (337+ 341- 322=)
 Yomi AI            vs Simple Predictor    Match:   71 (387+ 316- 297=)
 Yomi AI            vs Robertot            Match:    3 (343+ 340- 317=)
 Yomi AI            vs Boom                Match:    3 (332+ 329- 339=)
 Yomi AI            vs Shofar              Match:   28 (344+ 316- 340=)
 Yomi AI            vs ACT-R Lag2          Match:    9 (335+ 326- 339=)
 Yomi AI            vs Majikthise          Match:   12 (345+ 333- 322=)
 Yomi AI            vs Vroomfondel         Match:  -14 (325+ 339- 336=)
 Yomi AI            vs Granite             Match:   17 (366+ 349- 285=)
 Yomi AI            vs Marble              Match:   37 (383+ 346- 271=)
 Yomi AI            vs ZQ Bot              Match:   24 (357+ 333- 310=)
 Yomi AI            vs Sweet Rocky         Match:   48 (359+ 311- 330=)
 Yomi AI            vs Piedra              Match:   44 (376+ 332- 292=)
 Yomi AI            vs Mixed Strategy      Match:   68 (394+ 326- 280=)
 Yomi AI            vs Multi-strategy      Match:  385 (600+ 215- 185=)
 Yomi AI            vs Inocencio           Match:   44 (367+ 323- 310=)
 Yomi AI            vs Peterbot            Match:   37 (353+ 316- 331=)
 Yomi AI            vs Bugbrain            Match:   23 (336+ 313- 351=)
 Yomi AI            vs Knucklehead         Match:  411 (629+ 218- 153=)
Error: return value out of range.
Error: return value out of range.
Error: return value out of range.
Error: return value out of range.
Error: return value out of range.
Error: return value out of range.
Error: return value out of range.
 Final results (draw value = 50):

 Tournament results: 

    Player Name          total     1    2    3    4    5    6    7    8    9   10   11   12   13   14   15   16   17   18   19   20   21   22   23   24   25   26   27   28   29   30   31   32   33   34   35   36   37   38   39   40   41   42
  1 Iocaine Powder       10970     0  138   47   44   28   83  489   29  181   53  244  -97  306   43  -13  285   22   22   44   61   59  145  275  280   15   42  215  118  345  595  167  123  288   21  223  914  282  909  983  987  992  983
  2 Phasenbott            9986  -138    0   54   55   14   66  536    7  110   49  230  -17  288   46   28  205   35   23   89  -23  -10  130  223  216   35  -16  113   92  384  331   90  100  315  143  241  898  148  937  981  991  993  994
  3 MegaHAL               9576   -47  -54    0  -16   12   20   48   31   92   54  214    3  211    6    9  243   42   18   79  -10  -40   57  270  189   -3  -17  198   98   79  366  184  142  281  190  441  864  418  929  989  986 1000 1000
  4 Simple Modeller       8726   -44  -55   16    0   10  -18  -21   32  249    4  122  -29  329   24   19  150   51    4   45  -33   11  182  184   35  -36  -16  210  221   29  327   89  105   83  229  434  835  377  593  990  991  999  999
  5 Biopic                8503   -28  -14  -12  -10    0   16  -19  -27   25   31   89    7  117  -12   21  111    5  -12   35  -27  -10   52  277  139  -23  -17    7  114  423  505  140  154   42  169  308  979  406  557  992  994 1000  999
  6 Robertot              7944   -83  -66  -20   18  -16    0  -20  -24   32    6   76    2  105   16   -4   86   85   -3   59   13   20   17  258   95   37    1   53   84   17  445   73  174   71   82  484  657  423  822  880  995  995  999
  7 RussRocker4           7856  -489 -536  -48   21   19   20    0   31   79   49  158   27  157   29   24  192   33  -32   46  -21    9   35  158  107  -53  -36  125  162  132  498   92   86  342  123  264  925  248  891  995  994 1000 1000
  8 Boom                  7610   -29   -7  -31  -32   27   24  -31    0   -2   52   38   -3   68    8  -32   98   46   -3   40  -17  -34   43  350  235   -2   12   20   38   38  399   16  139  104  191  393  413  403  753  899  989  997 1000
  9 Simple Predictor      7582  -181 -110  -92 -249  -25  -32  -79    2    0   35   55  -49  140  -53   42   21   54  -71   52  -55  -67   88  179  402  -73   19  308  251  -23  299   65  149  169  212  416  814  416  587  986  986  995  999
 10 Piedra                7382   -53  -49  -54   -4  -31   -6  -49  -52  -35    0  -44  -49  -30  -57  -13  -48   44  -44   52  -21  -43   26   79  570   15    5   70   45   74  284  125  157  201  105  259  956  430  592  994  992  997  992
 11 Granite               6507  -244 -230 -214 -122  -89  -76 -158  -38  -55   44    0  -38   66 -115 -130   -9    2  -17   41  -74   25   45  328  654  -78  -47   38   42    9  269  156  175   69  187  213  925  379  591  992  993  998 1000
 12 Shofar                6219    97   17   -3   29   -7   -2  -27    3   49   49   38    0   15   20  -10   64   42  -28   61   -2    5   70  108   40  -10   12    1   14    6  127   90   71   25   78  427  152  260  562  903  937  978  958
 13 ZQ Bot                6034  -306 -288 -211 -329 -117 -105 -157  -68 -140   30  -66  -15    0 -144 -168  -47   11  -24   50  -36   -9   -9  275  790  -70  -13   63   28   72  232  168  160  250  244  240  814  368  589  989  992  993  998
 14 ACT-R Lag2            5975   -43  -46   -6  -24   12  -16  -29   -8   53   57  115  -20  144    0   33  139   23   -9   17   79    5   38  325   59  -86  -18   -9  -13   24  501  117   64   49  127  226  239  286  578    9  995  993  995
 15 Bugbrain              5807    13  -28   -9  -19  -21    4  -24   32  -42   13  130   10  168  -33    0  101   22  -23   42   27   17   20   76   15    0   29   49    8  -41  115    2   73   78  111  251  197  215  387  946  947  983  966
 16 Marble                5738  -285 -205 -243 -150 -111  -86 -192  -98  -21   48    9  -64   47 -139 -101    0   44  -37   46  -40  -20  -11  222  -32   -5  -32   38   68   44  300  183  176   93  139  253  901  426  592  994  994  999  994
 17 Sweet Rocky           5731   -22  -35  -42  -51   -5  -85  -33  -46  -54  -44   -2  -42  -11  -23  -22  -44    0  -48   33  -68   -4   33   51  -42    4   -3   10   34    7  174  170  155  308  115  255  143  407  591  992  987  998  990
 18 Yomi AI               5472   -22  -23  -18   -4   12    3   32    3   71   44   17   28   24    9   23   37   48    0   25   12  -14   68  385   44  -16   35   43  -21  234  411  108   43  -15   79   84   37  275  419  -30  986 1000  996
 19 * Anti-rotn           5178   -44  -89  -79  -45  -35  -59  -46  -40  -52  -52  -41  -61  -50  -17  -42  -46  -33  -25    0   -7   29  -56  277  100  -35  -48  -26   32   18   42  172   54   16  282  499  499  201  499  490  999  998  999
 20 Majikthise            4830   -61   23   10   33   27  -13   21   17   55   21   74    2   36  -79  -27   40   68  -12    7    0   22   83  129   36  -38   21   59  -10  -14  205   47   35    4   99  269   11  183  451   26  994  992  984
 21 Vroomfondel           4486   -59   10   40  -11   10  -20   -9   34   67   43  -25   -5    9   -5  -17   20    4   14  -29  -22    0   19  180   55  -17  -20  -20  -20   39  196   71   37  -41   53  262   23  180  463   -2  990  991  998
 22 Mixed Strategy        4480  -145 -130  -57 -182  -52  -17  -35  -43  -88  -26  -45  -70    9  -38  -20   11  -33  -68   56  -83  -19    0  -25   24  -43  -40  -20   48  -45  138  -15  189   56  120   97  240  436  496  930  978  996  995
 23 Multi-strategy        2423  -275 -223 -270 -184 -277 -258 -158 -350 -179  -79 -328 -108 -275 -325  -76 -222  -51 -385 -277 -129 -180   25    0  -91  -50  -20  -20  249  -35    5  168  123   50  259  490  500  390  999  997  997  999  997
 24 Inocencio             2141  -280 -216 -189  -35 -139  -95 -107 -235 -402 -570 -654  -40 -790  -59  -15   32   42  -44 -100  -36  -55  -24   91    0  -16  -15  -16  124  315  260  109  162   62  110  252  123  348  357  956  985  978  967
 25 * De Bruijn            575   -15  -35    3   36   23  -37   53    2   73  -15   78   10   70   86    0    5   -4   16   35   38   17   43   50   16    0   -1    6    4  -16    9  -43   23   58   17  -15  -15  -38  128   -1   21    0 -110
 26 * Pi                   192   -42   16   17   16   17   -1   36  -12  -19   -5   47  -12   13   18  -29   32    3  -35   48  -21   20   40   20   15    1    0  -13   26  -37   49   14  -81   32  -16    5   11   -1   30   22  -11  -11  -10
 27 * Add-drift          -1582  -215 -113 -198 -210   -7  -53 -125  -20 -308  -70  -38   -1  -63    9  -49  -38  -10  -43   26  -59   20   20   20   16   -6   13    0  -37   -3  -30    3   -4   18   20  -27  -30   -6    4  -11  -14  -16   53
 28 * Copy-drift         -1839  -118  -92  -98 -221 -114  -84 -162  -38 -251  -45  -42  -14  -28   13   -8  -68  -34   21  -32   10   20  -48 -249 -124   -4  -26   37    0   -7  -66    8   23   19   18  -19  -52   29   -7  -20  -25   26   33
 29 * Foxtrot            -2034  -345 -384  -79  -29 -423  -17 -132  -38   23  -74   -9   -6  -72  -24   41  -44   -7 -234  -18   14  -39   45   35 -315   16   37    3    7    0   43  -29  -12   18   58   17  -43  -30  -17    2   30  -25   22
 30 Knucklehead          -2437  -595 -331 -366 -327 -505 -445 -498 -399 -299 -284 -269 -127 -232 -501 -115 -300 -174 -411  -42 -205 -196 -138   -5 -260   -9  -49   30   66  -43    0  -21   -7   55  -19  -10 1000   72  178  510  840  995  999
 31 * Flat               -2588  -167  -90 -184  -89 -140  -73  -92  -16  -65 -125 -156  -90 -168 -117   -2 -183 -170 -108 -172  -47  -71   15 -168 -109   43  -14   -3   -8   29   21    0   -2  -16   -5    5 -158    9  233  200   74   -1 -408
 32 * Text               -3073  -123 -100 -142 -105 -154 -174  -86 -139 -149 -157 -175  -71 -160  -64  -73 -176 -155  -43  -54  -35  -37 -189 -123 -162  -23   81    4  -23   12    7    2    0   -3   -1   35    4   22 -185  -74  -11 -185  111
 33 * Add-react          -3103  -288 -315 -281  -83  -42  -71 -342 -104 -169 -201  -69  -25 -250  -49  -78  -93 -308   15  -16   -4   41  -56  -50  -62  -58  -32  -18  -19  -18  -55   16    3    0  -31   29   -4  -14   10   76 -106   -2   20
 34 * Switch A Lot       -3323   -21 -143 -190 -229 -169  -82 -123 -191 -212 -105 -187  -78 -244 -127 -111 -139 -115  -79 -282  -99  -53 -120 -259 -110  -17   16  -20  -18  -58   19    5    1   31    0  -39 -190   73   43  344  -48  -16   19
 35 Always Switchin'     -6865  -223 -241 -441 -434 -308 -484 -264 -393 -416 -259 -213 -427 -240 -226 -251 -253 -255  -84 -499 -269 -262  -97 -490 -252   15   -5   27   19  -17   10   -5  -35  -29   39    0 -223   29   14  537   22   18    0
 36 Peterbot             -8544  -914 -898 -864 -835 -979 -657 -925 -413 -814 -956 -925 -152 -814 -239 -197 -901 -143  -37 -499  -11  -23 -240 -500 -123   15  -11   30   52   43 -1000  158   -4    4  190  223    0  413  430  981  998 1000  993
 37 R-P-S 20-20-60       -9065  -282 -148 -418 -377 -406 -423 -248 -403 -416 -430 -379 -260 -368 -286 -215 -426 -407 -275 -201 -183 -180 -436 -390 -348   38    1    6  -29   30  -72   -9  -22   14  -73  -29 -413    0 -396 -164   20 -449  387
 38 Beat Frequent Pick  -14210  -909 -937 -929 -593 -557 -822 -891 -753 -587 -592 -591 -562 -589 -578 -387 -592 -591 -419 -499 -451 -463 -496 -999 -357 -128  -30   -4    7   17 -178 -233  185  -10  -43  -14 -430  396    0 -600    0  999 1000
 39 Beat The Last Move  -18682  -983 -981 -989 -990 -992 -880 -995 -899 -986 -994 -992 -903 -989   -9 -946 -994 -992   30 -490  -26    2 -930 -997 -956    1  -22   11   20   -2 -510 -200   74  -76 -344 -537 -981  164  600    0    1 1000 1000
 40 Rotate R-P-S        -26163  -987 -991 -986 -991 -994 -995 -994 -989 -986 -992 -993 -937 -992 -995 -947 -994 -987 -986 -999 -994 -990 -978 -997 -985  -21   11   14   25  -30 -840  -74   11  106   48  -22 -998  -20    0   -1    0    0 -693
 41 Good Ole Rock       -26199  -992 -993 -1000 -999 -1000 -995 -1000 -997 -995 -997 -998 -978 -993 -993 -983 -999 -998 -1000 -998 -992 -991 -996 -999 -978    0   11   16  -26   25 -995    1  185    2   16  -18 -1000  449 -999 -1000    0    0  998
 42 * Anti-Flat         -28216  -983 -994 -1000 -999 -999 -999 -1000 -1000 -999 -992 -1000 -958 -998 -995 -966 -994 -990 -996 -999 -984 -998 -995 -997 -967  110   10  -53  -33  -22 -999  408 -111  -20  -19    0 -993 -387 -1000 -1000  693 -998    0

 Match results (draw <= 50): 

    Player Name           total  W  L  D   1  2  3  4  5  6  7  8  9 10 11 12 13 14 15 16 17 18 19 20 21 22 23 24 25 26 27 28 29 30 31 32 33 34 35 36 37 38 39 40 41 42
  1 Iocaine Powder          68  28  1 12   1  2  1  1  1  2  2  1  1  0  1  2  1  2  2  2  1  1  1  2  2  2  2  2  1  2  2  2  2  2  2  2  2  2  2  1  2  2  2  2  2  2
  2 Phasenbott              68  28  1 12   0  1  2  2  1  2  2  1  1  1  1  1  1  2  1  1  1  1  2  2  2  2  2  2  1  2  2  2  2  2  2  2  2  2  2  2  2  2  2  2  2  2
  3 MegaHAL                 65  25  1 15   1  0  1  1  1  1  1  1  1  1  1  2  1  2  1  1  1  1  2  2  2  2  2  2  1  2  2  2  2  2  2  2  2  2  2  2  2  2  2  2  2  2
  4 Simple Modeller         62  22  1 18   1  0  1  1  1  1  1  1  1  1  1  1  1  2  1  1  2  1  1  2  2  2  2  1  1  1  2  2  2  2  2  2  2  2  2  2  2  2  2  2  2  2
  5 Biopic                  61  20  0 21   1  1  1  1  1  1  1  1  1  1  1  1  1  1  1  1  1  1  1  2  2  2  2  2  1  2  1  2  2  2  2  1  2  2  2  2  2  2  2  2  2  2
  6 Robertot                61  22  2 17   0  0  1  1  1  1  1  1  1  1  1  1  1  1  1  1  2  1  2  2  2  2  1  2  1  1  2  2  2  2  2  2  2  2  2  2  2  2  2  2  2  2
  7 RussRocker4             60  22  3 16   0  0  1  1  1  1  1  1  1  1  1  1  1  2  1  1  1  0  1  2  2  2  1  2  1  2  2  2  2  2  2  2  2  2  2  2  2  2  2  2  2  2
  8 ACT-R Lag2              59  19  1 21   1  1  1  1  1  1  1  1  1  1  1  2  1  2  2  1  1  0  1  2  2  2  1  2  1  1  1  2  2  1  2  1  2  1  2  2  2  2  2  2  2  2
  9 Boom                    58  17  0 24   1  1  1  1  1  1  1  1  1  1  1  2  1  1  1  1  1  1  1  1  2  2  1  2  1  1  1  2  2  1  2  2  1  2  2  2  2  2  2  2  2  2
 10 Shofar                  58  17  0 24   2  1  1  1  1  1  1  1  1  1  1  1  1  1  1  1  1  1  2  1  2  1  2  1  1  1  1  2  2  1  2  1  2  2  2  2  2  2  2  2  2  2
 11 Bugbrain                57  16  0 25   1  1  1  1  1  1  1  1  1  1  1  1  1  1  1  1  1  1  1  2  2  2  1  1  1  1  1  2  2  1  2  2  1  2  2  2  2  2  2  2  2  2
 12 Piedra                  55  18  4 19   0  1  0  1  1  1  1  0  0  1  1  1  1  1  1  1  1  1  2  1  1  1  1  2  1  2  2  2  2  1  2  2  2  2  2  2  2  2  2  2  2  2
 13 Yomi AI                 54  13  0 28   1  1  1  1  1  1  1  1  1  1  1  1  1  2  1  1  1  1  1  1  1  1  2  1  1  2  1  2  1  1  2  1  2  1  1  2  2  2  2  2  2  2
 14 Simple Predictor        53  22 10  9   0  0  0  0  1  1  0  0  1  1  1  1  0  1  0  0  2  0  2  2  1  2  2  2  1  1  2  2  2  2  2  2  2  2  2  2  2  2  2  2  2  2
 15 Majikthise              53  14  2 25   0  1  1  1  1  1  1  0  1  1  1  1  1  2  1  1  2  1  1  2  1  1  2  1  1  1  2  2  1  1  2  1  1  1  1  2  2  2  2  2  2  2
 16 Vroomfondel             52  12  1 28   0  1  1  1  1  1  1  1  1  1  1  1  1  2  1  1  1  1  1  1  1  1  1  2  1  1  1  2  1  1  2  1  2  1  1  2  2  2  2  2  2  2
 17 Sweet Rocky             51  14  4 23   1  1  1  0  1  0  1  1  1  1  1  1  1  0  0  1  1  1  1  1  1  1  1  1  1  1  1  2  2  1  2  2  2  2  2  2  2  2  2  2  2  2
 18 * De Bruijn             47   7  1 33   1  1  1  1  1  1  2  2  1  1  1  1  1  2  1  1  1  1  1  2  1  2  1  1  1  1  1  1  1  1  1  2  1  1  1  1  1  1  2  1  0  1
 19 * Anti-rotn             47  13  7 21   1  0  0  1  1  0  1  1  1  0  1  0  1  0  1  1  1  1  1  1  1  1  0  2  1  1  1  2  2  1  1  1  2  2  2  2  2  2  2  2  2  2
 20 Granite                 45  16 12 13   0  0  0  0  0  0  0  0  1  1  0  1  1  0  0  1  1  0  1  1  1  2  1  2  1  1  1  2  2  1  2  2  2  2  2  2  2  2  2  2  2  2
 21 Marble                  45  15 11 15   0  0  0  0  0  0  0  0  0  0  0  1  1  1  1  1  1  1  1  1  1  1  1  1  1  1  1  2  2  2  2  2  2  2  2  2  2  2  2  2  2  2
 22 ZQ Bot                  45  17 13 11   0  0  0  0  0  0  0  0  0  1  0  1  1  0  1  1  1  0  1  0  1  1  1  2  1  2  2  2  2  1  2  2  2  2  2  2  2  2  2  2  2  2
 23 Mixed Strategy          45  13  9 19   0  0  0  0  0  1  1  1  1  0  1  1  0  0  0  1  1  1  2  1  1  1  1  1  1  1  1  1  2  1  2  2  1  2  2  2  2  2  2  2  2  2
 24 Inocencio               43  16 14 11   0  0  0  1  0  0  0  0  0  1  1  0  1  0  1  0  1  1  0  0  1  0  1  1  1  2  1  2  2  2  2  2  2  2  2  2  2  2  2  2  2  2
 25 * Pi                    40   0  1 40   1  1  1  1  1  1  1  1  1  1  1  1  1  1  1  1  1  1  1  1  1  1  1  1  1  1  1  1  1  1  1  1  1  1  0  1  1  1  1  1  1  1
 26 * Foxtrot               33   1  9 31   0  0  0  1  0  1  0  1  1  1  1  0  0  1  1  1  1  1  1  1  1  0  1  0  1  1  1  1  1  1  1  1  1  1  1  2  1  1  1  1  1  1
 27 * Add-drift             32   1 10 30   0  0  0  0  1  0  0  1  1  1  1  0  1  0  0  1  1  1  1  1  1  0  1  1  1  1  1  1  1  1  1  1  1  1  1  1  1  1  1  1  2  1
 28 Multi-strategy          31  12 22  7   0  0  0  0  0  0  0  0  0  0  0  0  0  0  0  0  0  1  0  0  0  0  1  0  1  1  1  1  2  2  1  1  2  2  2  2  2  2  2  2  2  2
 29 Peterbot                29  10 22  9   0  0  0  0  0  0  0  0  0  0  0  0  1  0  1  1  0  1  0  0  0  0  0  0  1  1  1  0  1  2  0  1  2  2  1  2  2  2  2  2  2  2
 30 * Copy-drift            28   0 13 28   0  0  0  0  0  0  0  1  1  1  1  1  1  0  1  1  1  1  1  1  0  1  1  0  1  1  1  0  0  1  0  1  1  1  1  1  1  1  1  1  1  1
 31 Knucklehead             28   9 22 10   0  0  0  0  0  0  0  0  0  0  0  0  0  0  0  0  0  1  1  0  0  0  0  0  1  1  1  1  2  2  1  2  1  2  1  1  1  2  2  2  2  2
 32 * Add-react             23   1 19 21   0  0  0  0  1  0  0  1  0  1  0  0  1  0  1  1  0  0  1  0  0  0  0  0  1  1  1  1  1  1  0  1  1  2  1  1  1  1  1  0  1  1
 33 * Flat                  22   3 22 16   0  0  0  0  0  0  0  0  1  0  1  0  0  0  1  0  0  1  0  0  0  0  1  0  1  1  1  0  0  1  1  1  1  2  1  1  1  1  2  2  0  1
 34 Beat The Last Move      20   5 26 10   0  0  0  0  0  0  0  1  0  0  0  0  1  0  1  1  0  1  0  0  0  0  0  0  1  1  1  0  0  1  0  0  0  1  2  0  0  2  2  1  2  2
 35 * Text                  19   2 24 15   0  0  0  0  0  0  0  0  0  0  0  0  1  0  1  1  0  1  0  0  0  0  0  0  2  1  1  0  1  1  1  1  1  0  1  1  1  0  0  1  2  1
 36 * Switch A Lot          18   2 25 14   1  0  0  0  0  0  0  0  0  0  0  0  0  0  0  0  0  1  0  0  0  0  0  0  1  0  1  0  0  1  1  1  1  2  1  1  1  1  1  1  1  2
 37 Always Switchin'        17   1 25 15   0  0  0  0  0  0  0  0  0  0  0  0  0  0  0  0  0  1  0  0  0  0  0  0  1  1  1  0  0  1  1  1  1  2  1  1  1  1  1  1  1  1
 38 Good Ole Rock           16   3 28 10   0  0  0  0  0  0  0  0  0  0  0  0  0  0  0  0  0  1  0  0  0  0  0  0  1  1  1  0  0  1  0  1  1  0  2  1  1  1  0  1  2  2
 39 Beat Frequent Pick      16   4 29  8   0  0  0  0  0  0  0  0  0  0  0  0  0  0  0  0  0  0  0  0  0  0  0  0  1  1  1  0  0  1  0  1  0  0  2  1  1  2  1  1  2  2
 40 Rotate R-P-S            14   1 28 12   0  0  0  0  0  0  0  0  0  0  0  0  0  0  0  0  0  1  0  0  0  0  0  0  1  1  1  0  0  1  0  2  0  1  1  1  1  1  1  1  0  1
 41 * Anti-Flat             12   3 32  6   0  0  0  0  0  0  0  0  0  0  0  0  0  0  0  0  0  2  0  0  0  0  0  0  1  1  0  0  0  1  0  1  2  0  0  1  1  0  0  2  1  0
 42 R-P-S 20-20-60          12   1 30 10   0  0  0  0  0  0  0  0  0  0  0  0  0  0  0  0  0  1  0  0  0  0  0  0  1  1  1  0  0  1  0  1  1  0  1  0  1  0  0  1  2  1


   Yomi AI is match ranked 13

 Tournament results:
    Player Name          total 
  1 Yomi AI               5472 
 19 Iocaine Powder       10970 
 20 Phasenbott            9986 
 21 MegaHAL               9576 
 22 RussRocker4           7856 
 23 Biopic                8503 
 24 Simple Modeller       8726 
 25 Simple Predictor      7582 
 26 Robertot              7944 
 27 Boom                  7610 
 28 Shofar                6219 
 29 ACT-R Lag2            5975 
 32 Granite               6507 
 33 Marble                5738 
 34 ZQ Bot                6034 
 35 Sweet Rocky           5731 
 36 Piedra                7382 
 41 Bugbrain              5807 

   Yomi is tournament ranked 18

