 Playing 1 tournaments with 1000 trials per match...

 Yomi AI            vs Good Ole Rock       Match: 1000 (1000+   0-   0=)
 Yomi AI            vs R-P-S 20-20-60      Match:  334 (548+ 214- 238=)
 Yomi AI            vs Rotate R-P-S        Match:  991 (993+   2-   5=)
 Yomi AI            vs Beat The Last Move  Match:   31 (360+ 329- 311=)
 Yomi AI            vs Always Switchin'    Match:  135 (443+ 308- 249=)
 Yomi AI            vs Beat Frequent Pick  Match:  465 (662+ 197- 141=)
 Yomi AI            vs * Pi                Match:  -57 (320+ 377- 303=)
 Yomi AI            vs * Switch A Lot      Match:   66 (362+ 296- 342=)
 Yomi AI            vs * Flat              Match:   61 (385+ 324- 291=)
 Yomi AI            vs * Anti-Flat         Match:  999 (999+   0-   1=)
 Yomi AI            vs * Foxtrot           Match:  307 (541+ 234- 225=)
 Yomi AI            vs * De Bruijn         Match:  -11 (314+ 325- 361=)
 Yomi AI            vs * Text              Match:   80 (387+ 307- 306=)
 Yomi AI            vs * Anti-rotn         Match:  -11 (332+ 343- 325=)
 Yomi AI            vs * Copy-drift        Match:   48 (367+ 319- 314=)
 Yomi AI            vs * Add-react         Match:   53 (363+ 310- 327=)
 Yomi AI            vs * Add-drift         Match:   -2 (350+ 352- 298=)
 Yomi AI            vs Iocaine Powder      Match:  -26 (325+ 351- 324=)
 Yomi AI            vs Phasenbott          Match:  -54 (314+ 368- 318=)
 Yomi AI            vs MegaHAL             Match:   16 (356+ 340- 304=)
 Yomi AI            vs RussRocker4         Match:   21 (366+ 345- 289=)
 Yomi AI            vs Biopic              Match:   14 (350+ 336- 314=)
 Yomi AI            vs Simple Modeller     Match:   32 (367+ 335- 298=)
 Yomi AI            vs Simple Predictor    Match:   33 (353+ 320- 327=)
 Yomi AI            vs Robertot            Match:   61 (385+ 324- 291=)
 Yomi AI            vs Boom                Match:   -2 (343+ 345- 312=)
 Yomi AI            vs Shofar              Match:   -7 (330+ 337- 333=)
 Yomi AI            vs ACT-R Lag2          Match:   18 (352+ 334- 314=)
 Yomi AI            vs Majikthise          Match:  -26 (327+ 353- 320=)
 Yomi AI            vs Vroomfondel         Match:   28 (360+ 332- 308=)
 Yomi AI            vs Granite             Match:   64 (417+ 353- 230=)
 Yomi AI            vs Marble              Match:  117 (438+ 321- 241=)
 Yomi AI            vs ZQ Bot              Match:   97 (427+ 330- 243=)
 Yomi AI            vs Sweet Rocky         Match:   -7 (342+ 349- 309=)
 Yomi AI            vs Piedra              Match:   53 (394+ 341- 265=)
 Yomi AI            vs Mixed Strategy      Match:   26 (374+ 348- 278=)
 Yomi AI            vs Multi-strategy      Match:  190 (465+ 275- 260=)
 Yomi AI            vs Inocencio           Match:   37 (382+ 345- 273=)
 Yomi AI            vs Peterbot            Match:   41 (372+ 331- 297=)
 Yomi AI            vs Bugbrain            Match:  -12 (337+ 349- 314=)
 Yomi AI            vs Knucklehead         Match:  446 (620+ 174- 206=)
 Final results (draw value = 50):

 Tournament results: 

    Player Name          total     1    2    3    4    5    6    7    8    9   10   11   12   13   14   15   16   17   18   19   20   21   22   23   24   25   26   27   28   29   30   31   32   33   34   35   36   37   38   39   40   41   42
  1 Iocaine Powder       10819     0  189   13   95   32  115  508   56   56   30   41  -18  188   48   35  227   41  296   26    0   20   81  273  200   74  -61  159  275  182   84   71  187  341  594  192  909  376  930  986  979 1000  989
  2 Phasenbott           10012  -189    0   75   81    2  130  513  107   56   21    2  -21  210   -7   40  210   83  291   54  -23   87   84  227  173   31  -33  146  391  113   73  104   91  314  395  240  912  114  944  985  992  994 1000
  3 Simple Modeller       9611   -13  -75    0   32   30  269   24   -9   -1  -11   18   15   94   60    6   76   49  310  -32   27   77   16  211  792  -35  -65  206   -6  277  129  253  128  106  283  461  904  425  594  992  994 1000 1000
  4 MegaHAL               9372   -95  -81  -32    0   33   74   67   29   27   21   14  -21  243   28   41  208   79  259  -16  -11   72  -30  247  138  -17  -40  191  101   68  142  247  159  241  405  404  860  406  934  993  991  999  994
  5 Biopic                8338   -32   -2  -30  -33    0   92  -11   48    3   26   13   22   62  -15   36   80   51   62  -14   26   49  -15  201  171  -23   -3   -6  431  137  121  144  191   54  484  340  810  369  516  995  993  999  996
  6 Simple Predictor      7824  -115 -130 -269  -74  -92    0 -104  -68  -68   -8   30  -58   17   61   59   49   43  161  -33   -4    6   45  220  788  -73  -14  238  -80  301  166  254   70  107  296  423  716  412  588  985  986  996  997
  7 RussRocker4           7796  -508 -513  -24  -67   11  104    0   28   67   -7   67   19  146   29   14  176   52  159  -21  -11   94   50  236  134  -44   -6  170  118  156   84  121   84  332  519  246  946  255  593  994  995  998 1000
  8 ACT-R Lag2            7795   -56 -107    9  -29  -48   68  -28    0   47   26   67   22  123   24   69  130   36   69  -18    2  103   18  299  770  -92  -62   26  -37    2  107  189  124   93  490  294 1000  276  578  224  996  997  994
  9 Robertot              7520   -56  -56    1  -27   -3   68  -67  -47    0    3  -20   -2   62  -27   38   17   47  104  -61  -64   36   19  233   35   35  -50  -71   27  100  177  117   82   71  391  458  925  396  830  816  995  995  993
 10 Boom                  6955   -30  -21   11  -21  -26    8    7  -26   -3    0   53  -11   49  -29   28   50   44   67    2    5   34  -11  272   16   18  -47  106    1    4  131   78  142   71  449  363   61  379  753  991  990  997 1000
 11 Sweet Rocky           6901   -41   -2  -18  -14  -13  -30  -67  -67   20  -53    0  -34  -60  -12   43  -55   51  -48    7  -41   -3  -37   75  -29  -15   -7   67   48   62  160  145  158  398  131  256  985  374  594  992  996  996  989
 12 Shofar                6697    18   21  -15   21  -22   58  -19  -22    2   11   34    0   63  -11   59   20   33   85    7  -28   17  -31  147  717  -21   -1   -6  -15   59  102   70  105   26  183  396   62  219  554  880  958  984  977
 13 Granite               6421  -188 -210  -94 -243  -62  -17 -146 -123  -62  -49   60  -63    0 -113   34   -8   52   77  -64  -40   35  -32  282  401  -81  -38    9   33   39  180  160  123   99  301  294  937  362  591  992  995  998 1000
 14 Bugbrain              5948   -48    7  -60  -28   15  -61  -29  -24   27   29   12   11  113    0   20   78   50  188   12    9   70  -26   60   39  -12    2   56    0   75   26  146  110   89  158  228  224  120  382  932  966  989  993
 15 Piedra                5878   -35  -40   -6  -41  -36  -59  -14  -69  -38  -28  -43  -59  -34  -20    0  -32   39  -87  -53   19  -29  -23  127  -44   -7  -20    0   -4   76  173  136  166  321  175  259  231  416  590  991  998  993  989
 16 Marble                5776  -227 -210  -76 -208  -80  -49 -176 -130  -17  -50   55  -20    8  -78   32    0   56  -50 -117  -19   15  -82  258   16  -98   -5  -26   37    3  181  151  167   97  297  273  873  400  591  992  993  999 1000
 17 * Anti-rotn           5730   -41  -83  -49  -79  -51  -43  -52  -36  -47  -44  -51  -33  -52  -50  -39  -56    0  -54   11   19   26    7  209  500  -47  -36   10  -42  -17   50  335  245   57   20  484  498  191  596  497  998  997  982
 18 ZQ Bot                5679  -296 -291 -310 -259  -62 -161 -159  -69 -104  -67   48  -85  -77 -188   87   50   54    0  -97  -43   47  -99  279  -59  -41    4  143    5   15  176  175  132  307  322  412  872  456  588  990  991 1000  993
 19 Yomi AI               5649   -26  -54   32   16   14   33   21   18   61   -2   -7   -7   64  -12   53  117  -11   97    0  -26   26   28  190   37  -11  -57   -2  307   48   80   66   61   53  446  135   41  334  465   31  991 1000  999
 20 Majikthise            4831     0   23  -27   11  -26    4   11   -2   64   -5   41   28   40   -9  -19   19  -19   43   26    0   38   21  190   29  -30   34   33    7   12   -1  120   85  -32  208  275   48  154  473  -12  988  994  994
 21 Mixed Strategy        4727   -20  -87  -77  -72  -49   -6  -94 -103  -36  -34    3  -17  -35  -70   29  -15  -26  -47  -26  -38    0  -13   31  -25  -64  -39   36   27  -23  140   84  141   91  166   57  198  404  450  964  929  998  995
 22 Vroomfondel           4613   -81  -84  -16   30   15  -45  -50  -18  -19   11   37   31   32   26   23   82   -7   99  -28  -21   13    0  115   25   30   -8  -17   -7   26   59   93   93    4  269  282  -37  171  457   45  996  995  992
 23 Multi-strategy        2735  -273 -227 -211 -247 -201 -220 -236 -299 -233 -272  -75 -147 -282  -60 -127 -258 -209 -279 -190 -190  -31 -115    0 -127  -50  -20    2   -7  275  123  305  179   14   25  514  500  393  999  997  997  999  999
 24 Inocencio             1355  -200 -173 -792 -138 -171 -788 -134 -770  -35  -16   29 -717 -401  -39   44  -16 -500   59  -37  -29   25  -25  127    0   -7  -32   47  296   64  153   56  142  107  256  214  125  383  365  947  974  981  981
 25 * De Bruijn            629   -74  -31   35   17   23   73   44   92  -35  -18   15   21   81   12    7   98   47   41   11   30   64  -30   50    7    0   -1    6  -20  -12   23  -18   -8   21   27  -23   10   13  128   -1   21    0 -117
 26 * Pi                   420    61   33   65   40    3   14    6   62   50   47    7    1   38   -2   20    5   36   -4   57  -34   39    8   20   32    1    0  -20    0  -10  -81   35  -32  -31  -17  -20   16  -44   30   22  -11  -11  -11
 27 * Add-drift          -1671  -159 -146 -206 -191    6 -238 -170  -26   71 -106  -67    6   -9  -56    0   26  -10 -143    2  -33  -36   17   -2  -47   -6   20    0   44   17   31  -59    9  -82  -58  -29    4  -36  -17  -18  -17   47   -4
 28 * Foxtrot            -1954  -275 -391    6 -101 -431   80 -118   37  -27   -1  -48   15  -33    0    4  -37   42   -5 -307   -7  -27    7    7 -296   20    0  -44    0   31   10    5   -9   29   -5   -2  -45  -17   11   19  -27   -4  -20
 29 * Copy-drift         -2104  -182 -113 -277  -68 -137 -301 -156   -2 -100   -4  -62  -59  -39  -75  -76   -3   17  -15  -48  -12   23  -26 -275  -64   12   10  -17  -31    0    7   12  -17   37  -29  -23  -58   32    5   -8  -18   15   21
 30 * Text               -3086   -84  -73 -129 -142 -121 -166  -84 -107 -177 -131 -160 -102 -180  -26 -173 -181  -50 -176  -80    1 -140  -59 -123 -153  -23   81  -31  -10   -7    0  -17   32   -6   -1   -2   15   42 -185  -74  -11 -185  112
 31 * Switch A Lot       -3156   -71 -104 -253 -247 -144 -254 -121 -189 -117  -78 -145  -70 -160 -146 -136 -151 -335 -175  -66 -120  -84  -93 -305  -56   18  -35   59   -5  -12   17    0   39   29   22   46  -94   13   21  331   30   -6   -9
 32 * Flat               -3257  -187  -91 -128 -159 -191  -70  -84 -124  -82 -142 -158 -105 -123 -110 -166 -167 -245 -132  -61  -85 -141  -93 -179 -142    8   32   -9    9   17  -32  -39    0   36   30   -7 -164   17  236  167   18    1 -412
 33 * Add-react          -3517  -341 -314 -106 -241  -54 -107 -332  -93  -71  -71 -398  -26  -99  -89 -321  -97  -57 -307  -53   32  -91   -4  -14 -107  -21   31   82  -29  -37    6  -29  -36    0  -32   -5  -17  -46    3   26  -89   20   17
 34 Knucklehead          -3806  -594 -395 -283 -405 -484 -296 -519 -490 -391 -449 -131 -183 -301 -158 -175 -297  -20 -322 -446 -208 -166 -269  -25 -256  -27   17   58    5   29    1  -22  -30   32    0  -43  -40   73   89  905  565  877  968
 35 Always Switchin'     -7047  -192 -240 -461 -404 -340 -423 -246 -294 -458 -363 -256 -396 -294 -228 -259 -273 -484 -412 -135 -275  -57 -282 -514 -214   23   20   29    2   23    2  -46    7    5   43    0 -239    8   48  509   25   27  -33
 36 Peterbot             -8189  -909 -912 -904 -860 -810 -716 -946 -1000 -925  -61 -985  -62 -937 -224 -231 -873 -498 -872  -41  -48 -198   37 -500 -125  -10  -16   -4   45   58  -15   94  164   17   40  239    0  401  441  963  999 1000  995
 37 R-P-S 20-20-60       -9019  -376 -114 -425 -406 -369 -412 -255 -276 -396 -379 -374 -219 -362 -120 -416 -400 -191 -456 -334 -154 -404 -171 -393 -383  -13   44   36   17  -32  -42  -13  -17   46  -73   -8 -401    0 -389 -116   14 -366   79
 38 Beat Frequent Pick  -13981  -930 -944 -594 -934 -516 -588 -593 -578 -830 -753 -594 -554 -591 -382 -590 -591 -596 -588 -465 -473 -450 -457 -999 -365 -128  -30   17  -11   -5  185  -21 -236   -3  -89  -48 -441  389    0 -600    0  999  996
 39 Beat The Last Move  -19326  -986 -985 -992 -993 -995 -985 -994 -224 -816 -991 -992 -880 -992 -932 -991 -992 -497 -990  -31   12 -964  -45 -997 -947    1  -22   18  -19    8   74 -331 -167  -26 -905 -509 -963  116  600    0    1 1000  997
 40 Rotate R-P-S        -25864  -979 -992 -994 -991 -993 -986 -995 -996 -995 -990 -996 -958 -995 -966 -998 -993 -998 -991 -991 -988 -929 -996 -997 -974  -21   11   17   27   18   11  -30  -18   89 -565  -25 -999  -14    0   -1    0    0 -683
 41 Good Ole Rock       -26312  -1000 -994 -1000 -999 -999 -996 -998 -997 -995 -997 -996 -984 -998 -989 -993 -999 -997 -1000 -1000 -994 -998 -995 -999 -981    0   11  -47    4  -15  185    6   -1  -20 -877  -27 -1000  366 -999 -1000    0    0 1000
 42 * Anti-Flat         -27742  -989 -1000 -1000 -994 -996 -997 -1000 -994 -993 -1000 -989 -977 -1000 -993 -989 -1000 -982 -993 -999 -994 -995 -992 -999 -981  117   11    4   20  -21 -112    9  412  -17 -968   33 -995  -79 -996 -997  683 -1000    0

 Match results (draw <= 50): 

    Player Name           total  W  L  D   1  2  3  4  5  6  7  8  9 10 11 12 13 14 15 16 17 18 19 20 21 22 23 24 25 26 27 28 29 30 31 32 33 34 35 36 37 38 39 40 41 42
  1 Phasenbott              71  31  1  9   1  0  2  2  1  2  1  2  1  1  2  2  1  1  2  1  2  2  2  2  2  2  1  1  2  2  2  2  2  2  2  2  2  2  2  2  2  2  2  2  2  2
  2 Iocaine Powder          69  29  1 11   2  1  2  2  1  1  1  2  1  1  1  2  1  1  2  1  2  2  1  2  1  2  2  0  2  2  2  2  2  2  2  2  2  2  2  2  2  2  2  2  2  2
  3 MegaHAL                 64  25  2 14   0  0  1  2  1  1  1  1  1  1  1  1  1  1  1  1  2  2  2  2  2  2  1  1  2  2  2  2  2  2  2  2  2  2  2  2  2  2  2  2  2  2
  4 RussRocker4             64  26  3 12   0  0  0  1  1  1  1  1  1  1  1  2  2  1  1  1  2  2  2  2  2  2  1  1  2  2  2  2  2  2  2  2  2  2  2  2  2  2  2  2  2  2
  5 Biopic                  63  22  0 19   1  1  1  1  1  1  1  1  1  1  1  1  1  1  1  1  2  2  1  2  2  2  1  1  2  2  2  2  1  2  2  2  2  2  2  2  2  2  2  2  2  2
  6 Simple Modeller         62  23  2 16   0  1  1  1  1  1  1  1  1  2  1  1  1  1  1  1  2  2  2  2  1  2  1  0  2  1  2  2  2  2  2  2  2  2  2  2  2  2  2  2  2  2
  7 Shofar                  60  19  0 22   1  1  1  1  1  1  1  1  1  1  1  1  1  1  1  2  2  2  1  2  1  1  1  1  2  1  2  2  1  2  2  1  2  2  2  2  2  2  2  2  2  2
  8 ACT-R Lag2              59  22  4 15   0  0  1  1  1  1  1  1  1  1  1  1  2  1  1  2  2  2  2  2  1  2  0  0  2  1  2  2  1  1  2  2  2  2  2  2  2  2  2  2  2  2
  9 Boom                    58  17  0 24   1  1  1  1  1  1  1  1  1  1  1  1  2  1  1  1  1  1  1  1  1  1  1  1  2  1  2  2  2  1  2  2  2  2  2  2  2  2  2  2  2  2
 10 Bugbrain                58  19  2 20   1  1  1  1  1  0  1  1  1  1  1  1  1  1  1  1  0  2  2  1  1  2  1  1  2  1  2  2  2  2  2  2  2  1  2  2  2  2  2  2  2  2
 11 Yomi AI                 57  18  2 21   0  1  1  1  1  1  1  1  1  1  1  2  1  1  1  2  1  2  1  1  1  2  1  0  2  2  2  1  1  1  2  2  1  2  2  2  2  2  2  2  2  2
 12 Robertot                53  18  6 17   0  0  1  0  1  1  1  1  1  1  0  1  1  0  1  1  2  2  1  1  1  1  1  1  2  1  2  2  0  2  2  2  2  2  2  2  2  2  2  2  2  2
 13 Sweet Rocky             53  17  5 19   1  1  1  0  1  1  1  0  0  1  1  1  1  1  1  1  1  0  1  1  2  0  1  1  1  1  2  2  2  2  2  2  2  2  2  2  2  2  2  2  2  2
 14 Majikthise              52  11  0 30   1  1  1  1  1  1  1  1  1  1  1  2  1  1  1  1  1  1  1  1  1  1  1  1  1  1  2  1  1  1  2  1  1  1  2  2  2  2  2  2  2  2
 15 Vroomfondel             52  13  2 26   0  0  1  1  1  1  1  1  1  1  1  1  1  1  1  1  1  1  1  1  1  2  1  1  2  1  2  1  1  1  2  1  1  2  2  2  2  2  2  2  2  2
 16 Piedra                  51  15  5 21   1  1  1  1  1  1  0  0  1  1  0  1  1  1  1  1  0  1  1  1  1  1  1  1  0  1  2  2  1  2  2  2  2  2  2  2  2  2  2  2  2  2
 17 Simple Predictor        50  20 11 10   0  0  0  0  0  0  0  0  1  2  1  0  1  1  1  2  1  1  1  2  1  1  0  1  2  0  2  2  2  2  2  2  2  2  2  2  2  2  2  2  2  2
 18 Granite                 47  18 12 11   0  0  0  0  0  0  0  0  1  0  0  0  2  1  1  1  1  1  1  2  2  1  0  1  2  1  2  2  1  1  2  2  2  2  2  2  2  2  2  2  2  2
 19 Mixed Strategy          47  13  7 21   0  1  0  0  1  0  1  0  1  0  1  1  1  1  1  1  1  1  1  1  1  1  0  1  1  1  1  2  1  1  2  2  2  2  2  2  2  2  2  2  2  2
 20 Inocencio               47  17 11 13   0  0  0  0  0  0  0  0  1  1  1  1  1  1  1  1  0  0  1  1  0  1  1  1  2  2  2  2  1  2  2  2  2  2  2  2  2  2  2  2  2  2
 21 * Anti-rotn             46  13  8 20   0  1  0  0  0  1  1  1  1  1  1  1  0  1  1  1  1  0  1  2  1  0  1  1  0  1  2  2  1  1  1  2  2  1  2  2  2  2  2  2  2  2
 22 Marble                  46  16 11 14   0  0  0  0  0  0  1  0  1  0  0  1  2  1  0  1  1  1  1  1  2  1  0  1  1  1  2  2  1  1  2  2  2  2  2  2  2  2  2  2  2  2
 23 * De Bruijn             45   6  2 33   1  0  1  1  1  1  1  2  1  1  1  1  1  1  1  1  2  2  2  1  1  2  1  1  1  1  1  1  1  1  1  1  1  1  1  1  1  2  1  1  0  1
 24 * Pi                    44   4  1 36   1  2  1  1  1  2  1  2  1  1  2  1  1  1  1  1  1  1  1  1  1  1  1  1  1  1  1  1  1  1  1  1  1  0  1  1  1  1  1  1  1  1
 25 ZQ Bot                  42  17 16  8   0  0  0  0  0  0  0  0  0  0  0  0  1  1  0  2  0  0  1  0  2  1  1  1  1  1  2  2  2  1  2  2  2  2  2  2  2  2  2  2  2  2
 26 * Foxtrot               35   1  7 33   0  0  0  0  0  1  1  1  1  1  0  1  1  1  1  1  2  1  1  0  1  1  1  1  1  1  1  1  1  1  1  1  1  1  1  1  1  1  1  1  1  1
 27 Multi-strategy          31  12 22  7   0  0  0  0  0  0  0  0  0  0  0  0  0  0  0  0  0  0  1  0  0  0  1  1  0  1  1  2  1  2  1  1  2  2  2  2  2  2  2  2  2  2
 28 Peterbot                30  10 21 10   0  0  0  0  0  0  0  0  0  0  1  0  0  1  1  0  0  0  0  0  0  0  1  1  0  1  0  1  1  2  1  1  2  1  2  2  2  2  2  2  2  2
 29 * Add-drift             29   1 13 27   0  0  0  0  1  0  1  1  0  0  1  2  0  1  1  1  0  1  1  1  1  1  1  1  0  1  1  1  1  1  0  0  1  1  0  1  1  1  1  1  1  1
 30 * Copy-drift            26   0 15 26   0  0  0  0  0  0  0  1  1  0  1  0  0  1  1  0  0  1  1  0  1  1  1  1  1  1  0  0  1  1  1  1  1  1  1  1  1  1  1  1  1  1
 31 Knucklehead             26   7 22 12   0  0  0  0  0  0  0  0  0  0  0  0  0  0  0  0  0  0  0  0  1  0  1  1  0  1  1  1  2  1  1  1  2  1  1  1  1  2  2  2  2  2
 32 * Add-react             21   1 21 19   0  0  0  0  0  0  1  0  0  0  0  0  0  1  1  0  0  0  0  0  0  0  1  1  0  1  1  1  2  1  1  1  1  1  1  1  1  1  1  0  1  1
 33 Beat The Last Move      20   5 26 10   0  0  0  0  0  0  0  0  0  0  1  0  0  1  1  0  0  0  0  0  0  0  1  1  0  1  0  0  1  1  0  1  1  2  0  0  0  2  2  1  2  2
 34 * Text                  19   2 24 15   0  0  0  0  0  0  0  0  0  1  0  0  0  1  0  0  0  0  0  0  1  0  1  2  0  1  0  1  1  1  1  1  0  1  1  1  1  0  0  1  2  1
 35 * Switch A Lot          18   2 25 14   0  0  0  0  0  0  0  0  0  0  0  0  0  0  0  0  0  0  0  0  0  0  1  1  0  1  0  0  2  1  1  1  2  1  1  1  1  1  1  1  1  1
 36 Always Switchin'        17   1 25 15   0  0  0  0  0  0  0  0  0  0  0  0  0  0  0  0  0  0  0  0  0  0  1  1  0  1  0  0  1  1  1  1  2  1  1  1  1  1  1  1  1  1
 37 * Flat                  17   2 26 13   0  0  0  0  0  0  0  0  0  0  0  0  0  0  0  0  0  0  0  0  0  0  1  1  0  1  0  0  1  1  1  1  2  1  1  1  1  2  1  1  0  1
 38 Beat Frequent Pick      16   4 29  8   0  0  0  0  0  0  0  0  0  0  0  0  0  0  0  0  0  0  0  0  0  0  0  1  0  1  0  0  1  1  0  1  0  2  1  1  0  1  2  1  2  2
 39 Good Ole Rock           16   3 28 10   0  0  0  0  0  0  0  0  0  0  0  0  0  0  0  0  0  0  0  0  0  0  1  1  0  1  0  0  1  1  0  1  0  2  1  1  1  0  1  1  2  2
 40 Rotate R-P-S            15   1 27 13   0  0  0  0  0  0  0  0  0  0  0  0  0  0  0  0  0  0  0  0  0  0  1  1  0  1  0  0  1  1  0  2  1  1  1  1  1  1  1  1  0  1
 41 * Anti-Flat             13   3 31  7   0  0  0  0  0  0  0  0  0  0  0  0  0  0  0  0  0  0  0  0  0  0  2  1  0  1  0  0  1  1  0  1  0  0  1  1  2  0  0  2  1  0
 42 R-P-S 20-20-60          13   1 29 11   0  0  0  0  0  0  0  0  0  0  0  0  0  0  0  0  0  0  0  0  0  0  1  1  0  1  0  0  1  1  0  1  0  1  1  1  1  0  0  1  2  1


   Yomi AI is match ranked 11

 Tournament results:
    Player Name          total 
  1 Yomi AI               5649 
 15 * Anti-rotn           5730 
 19 Iocaine Powder       10819 
 20 Phasenbott           10012 
 21 MegaHAL               9372 
 22 RussRocker4           7796 
 23 Biopic                8338 
 24 Simple Modeller       9611 
 25 Simple Predictor      7824 
 26 Robertot              7520 
 27 Boom                  6955 
 28 Shofar                6697 
 29 ACT-R Lag2            7795 
 32 Granite               6421 
 33 Marble                5776 
 34 ZQ Bot                5679 
 35 Sweet Rocky           6901 
 36 Piedra                5878 
 41 Bugbrain              5948 

   Yomi is tournament ranked 19

