 Playing 1 tournaments with 1000 trials per match...

 Yomi AI            vs Good Ole Rock       Match: 1000 (1000+   0-   0=)
 Yomi AI            vs R-P-S 20-20-60      Match:  138 (431+ 293- 276=)
 Yomi AI            vs Rotate R-P-S        Match:  982 (990+   8-   2=)
 Yomi AI            vs Beat The Last Move  Match:   25 (346+ 321- 333=)
 Yomi AI            vs Always Switchin'    Match:   78 (381+ 303- 316=)
 Yomi AI            vs Beat Frequent Pick  Match:  400 (614+ 214- 172=)
 Yomi AI            vs * Pi                Match:   16 (336+ 320- 344=)
 Yomi AI            vs * Switch A Lot      Match:   -1 (327+ 328- 345=)
 Yomi AI            vs * Flat              Match:  -10 (336+ 346- 318=)
 Yomi AI            vs * Anti-Flat         Match:  873 (925+  52-  23=)
 Yomi AI            vs * Foxtrot           Match:  126 (419+ 293- 288=)
 Yomi AI            vs * De Bruijn         Match:   -4 (333+ 337- 330=)
 Yomi AI            vs * Text              Match:  -22 (329+ 351- 320=)
 Yomi AI            vs * Anti-rotn         Match:  -17 (324+ 341- 335=)
 Yomi AI            vs * Copy-drift        Match:    5 (339+ 334- 327=)
 Yomi AI            vs * Add-react         Match:   20 (337+ 317- 346=)
 Yomi AI            vs * Add-drift         Match:   10 (330+ 320- 350=)
 Yomi AI            vs Iocaine Powder      Match:  -18 (323+ 341- 336=)
 Yomi AI            vs Phasenbott          Match:   17 (363+ 346- 291=)
 Yomi AI            vs MegaHAL             Match:  -52 (321+ 373- 306=)
 Yomi AI            vs RussRocker4         Match:   12 (366+ 354- 280=)
 Yomi AI            vs Biopic              Match:   11 (338+ 327- 335=)
 Yomi AI            vs Simple Modeller     Match:  -14 (322+ 336- 342=)
 Yomi AI            vs Simple Predictor    Match:   13 (352+ 339- 309=)
 Yomi AI            vs Robertot            Match:  -35 (330+ 365- 305=)
 Yomi AI            vs Boom                Match:    3 (329+ 326- 345=)
 Yomi AI            vs Shofar              Match:    0 (343+ 343- 314=)
 Yomi AI            vs ACT-R Lag2          Match:  -31 (327+ 358- 315=)
 Yomi AI            vs Majikthise          Match:   24 (349+ 325- 326=)
 Yomi AI            vs Vroomfondel         Match:  -21 (331+ 352- 317=)
 Yomi AI            vs Granite             Match:   79 (381+ 302- 317=)
 Yomi AI            vs Marble              Match:   37 (359+ 322- 319=)
 Yomi AI            vs ZQ Bot              Match:   43 (376+ 333- 291=)
 Yomi AI            vs Sweet Rocky         Match:   25 (349+ 324- 327=)
 Yomi AI            vs Piedra              Match:   28 (353+ 325- 322=)
 Yomi AI            vs Mixed Strategy      Match:    3 (342+ 339- 319=)
 Yomi AI            vs Multi-strategy      Match:   84 (396+ 312- 292=)
 Yomi AI            vs Inocencio           Match:   48 (374+ 326- 300=)
 Yomi AI            vs Peterbot            Match:  -39 (317+ 356- 327=)
 Yomi AI            vs Bugbrain            Match:   17 (346+ 329- 325=)
 Yomi AI            vs Knucklehead         Match:  295 (545+ 250- 205=)
Error: return value out of range.
Error: return value out of range.
Error: return value out of range.
Error: return value out of range.
 Final results (draw value = 50):

 Tournament results: 

    Player Name          total     1    2    3    4    5    6    7    8    9   10   11   12   13   14   15   16   17   18   19   20   21   22   23   24   25   26   27   28   29   30   31   32   33   34   35   36   37   38   39   40   41   42
  1 Iocaine Powder       10818     0  257   58   76   21  496   11  201  -31  -40   40  294    8   69  220   37  271   41  -13   93  -33   18  245  190  -15   -1  323  154  155  206  269   86   65  569  902  320  388  920  980  984  997  987
  2 Phasenbott           10008  -257    0   30   10   49  559   47  143    4   39   66  260   61   40  198   93  231  106   13   56   37  -17  200  226   22  -35  365   71  104   99  347   80   93  365  998  281  134  918  987  994  994  997
  3 MegaHAL               9505   -58  -30    0   23   35   33   43   51   30  -38  -14  268   -9  -12  285   72  221   68  -27   19  -30   52  176  208   -9  -27   12  230   54  156  295  255  189  380  910  428  343  944  990  994 1000  995
  4 Simple Modeller       8873   -76  -10  -23    0   23  -28   28  273   23   -8   29  292   29   52   91   47   89   54    8   93   12   14  183  555    1  -29  -26  223  190  103  102  225  130  218  563  451  408  586  992  992  998  996
  5 Biopic                8280   -21  -49  -35  -23    0  -42   67   52   31   -8   17   97  -38   34  152   63  158   22   14   81  -17  -11  212  165  -30  -15  388   18   58  205   53  120  108  451  770  331  383  535  995  997  998  994
  6 RussRocker4           7845  -496 -559  -33   28   42    0   51  108   37   23   44  185   -4   -3  137   49  140   62   24   80  -49  -12  302  156  -33  -26  158  153  120   64  324  114   62  501  936  190  395  592  993  995  998  997
  7 Robertot              7729   -11  -47  -43  -28  -67  -51    0    0  -24  -35   49   92    8   10  138   65   73   56    5   41  -69   35  256  114  -15    8  -29   41   67   47   43   97  185  384  746  462  388  763  980 1000  995 1000
  8 Simple Predictor      7225  -201 -143  -51 -273  -52 -108    0    0   44  -49   46  183   26  -32   -4   56   27   45  -73   29  -17  -13  220  661  -62  -21  -48  286  277   83  116  206  154  254  294  406  403  588  986  989  995  998
  9 Boom                  7216    31   -4  -30  -23  -31  -37   24  -44    0  -34   16   69  -23  -32   20   43    1   61  -24   78  -25   -3  177   54  -32  -23    1  -23    7   76   99  136  151  433  562  441  401  753  991  990  995  994
 10 Shofar                6655    40  -39   38    8    8  -23   35   49   34    0   48   89   19   -8   66   58   48   23  -38   87   39    0  175   56   -9   19  -31   17  103  107   87   82  183  210   80  413  241  539  907  935  988  972
 11 Sweet Rocky           6497   -40  -66   14  -29  -17  -44  -49  -46  -16  -48    0  -48  -41  -56  -13  -29  -32   -7  -54   13  -27  -25   68  -58  -23   28   -8   43   -3  166  251  134  158  190  881  306  449  590  992 1000  996  997
 12 ZQ Bot                6358  -294 -260 -268 -292  -97 -185  -92 -183  -69  -89   48    0 -186  -48   17   87  -13   52  -49   47  -95  -43  279  719  -37   26  -33    6   67  122  318  216  174  354  953  229  406  594  988  997  994  998
 13 Bugbrain              6122    -8  -61    9  -29   38    4   -8  -26   23  -19   41  186    0    7   78   23   98   47   15   81  -16  -17  109   96   41    7  -59   94   83   37   99  147   66  142  263  229  107  409  917  932  941  996
 14 ACT-R Lag2            6087   -69  -40   12  -52  -34    3  -10   32   32    8   56   48   -7    0  166   47  100   41   -4   15    0   31  285   94  -81   -6   12   27    2  140   90  178   70  501  167  274  285  571  113  994  998  998
 15 Marble                5725  -220 -198 -285  -91 -152 -137 -138    4  -20  -66   13  -17  -78 -166    0   40   39   42  -55   28   11  -37  258   16  -72  -35   30    4   97  184   78  156  177  297  873  178  396  591  996  991  998  995
 16 Piedra                5712   -37  -93  -72  -47  -63  -49  -65  -56  -43  -58   29  -87  -23  -47  -40    0  -31   97  -33  -23  -33  -28   94  -71  -57   17   19   32   93  186  202  170  170  279  176  254  392  591  984  991  997  995
 17 Granite               5683  -271 -231 -221  -89 -158 -140  -73  -27   -1  -48   32   13  -98 -100  -39   31    0   46  -55   52  -64  -79  291    7  -89  -16   53   39   62  159   99   93  181  292  858  245  357  593  992  994  998  995
 18 * Anti-rotn           5089   -41 -106  -68  -54  -22  -62  -56  -45  -61  -23    7  -52  -47  -41  -42  -97  -46    0   38  -36  -37   17  243  535  -55  -64   41  -25  -23  188   72  297   57   31   43  473  175  500  479  998  998 1000
 19 Vroomfondel           5053    13  -13   27   -8  -14  -24   -5   73   24   38   54   49  -15    4   55   33   55  -38    0  -19   15   21  164   73  -22   46   33    8   16   52  -10  102   23  249   35  353  156  464    8  988  991  999
 20 Mixed Strategy        4906   -93  -56  -19  -93  -81  -80  -41  -29  -78  -87  -13  -47  -81  -15  -28   23  -52   36   19    0  -32   -3   50  -14  -90  -86   25   27  -37   82   68   99  159  223  284  181  410  526  985  941  991  932
 21 Majikthise            4848    33  -37   30  -12   17   49   69   17   25  -39   27   95   16    0  -11   33   64   37  -15   32    0  -24  149   76  -40   31    1   43  -10   74  -33   57   27  221   26  232  211  447  -39  991  994  984
 22 Yomi AI               4148   -18   17  -52  -14   11   12  -35   13    3    0   25   43   17  -31   37   28   79  -17  -21    3   24    0   84   48   -4   16  126   10    5  -10   20   -1  -22  295  -39   78  138  400   25  982 1000  873
 23 Multi-strategy        2819  -245 -200 -176 -183 -212 -302 -256 -220 -177 -175  -68 -279 -109 -285 -258  -94 -291 -243 -164  -50 -149  -84    0 -174  -50  -20   -4   19  270  158   13  312  123   28  500  485  389  999  997  997  999  998
 24 Inocencio             1029  -190 -226 -208 -555 -165 -156 -114 -661  -54  -56   58 -719  -96  -94  -16   71   -7 -535  -73   14  -76  -48  174    0  -25  -19  332   14  106  154  105   94  156  251  138  309  408  347 -549  979  980  981
 25 * De Bruijn            869    15  -22    9   -1   30   33   15   62   32    9   23   37  -41   81   72   57   89   55   22   90   40    4   50   25    0   -1  -19   50  -19   13   17  -32   23   -6  -10   -2   28  128   -1   21    0 -107
 26 * Pi                   252     1   35   27   29   15   26   -8   21   23  -19  -28  -26   -7    6   35  -17   16   64  -46   86  -31  -16   20   19    1    0   16  -14   18   56   18   17  -81  -34   25  -18    3   30   22  -11  -11  -10
 27 * Foxtrot            -1682  -323 -365  -12   26 -388 -158   29   48   -1   31    8   33   59  -12  -30  -19  -53  -41  -33  -25   -1 -126    4 -332   19  -16    0   -1   22   37   32    7   22  -39   -6   -3  -37  -33   -7    0   33  -31
 28 * Add-drift          -1756  -154  -71 -230 -223  -18 -153  -41 -286   23  -17  -43   -6  -94  -27   -4  -32  -39   25   -8  -27  -43  -10  -19  -14  -50   14    1    0  -17   -3  -57  -36   16  -59  -23  -20  -21  -35   19   13   52  -39
 29 * Copy-drift         -1934  -155 -104  -54 -190  -58 -120  -67 -277   -7 -103    3  -67  -83   -2  -97  -93  -62   23  -16   37   10   -5 -270 -106   19  -18  -22   17    0  -52    6  -35   35  -43   10   63   24  -23  -18  -30   -3   -1
 30 * Flat               -3043  -206  -99 -156 -103 -205  -64  -47  -83  -76 -107 -166 -122  -37 -140 -184 -186 -159 -188  -52  -82  -74   10 -158 -154  -13  -56  -37    3   52    0   -4  -13  -23   20 -148  -12  -47  234  250  -19    1 -393
 31 * Add-react          -3051  -269 -347 -295 -102  -53 -324  -43 -116  -99  -87 -251 -318  -99  -90  -78 -202  -99  -72   10  -68   33  -20  -13 -105  -17  -18  -32   57   -6    4    0  -10    2 -100  -60   -4   -3   16   -7   16  150   68
 32 * Switch A Lot       -3081   -86  -80 -255 -225 -120 -114  -97 -206 -136  -82 -134 -216 -147 -178 -156 -170  -93 -297 -102  -99  -57    1 -312  -94   32  -17   -7   36   35   13   10    0   10   19  -89   56   29  -14  272   24   -4  -31
 33 * Text               -3157   -65  -93 -189 -130 -108  -62 -185 -154 -151 -183 -158 -174  -66  -70 -177 -170 -181  -57  -23 -159  -27   22 -123 -156  -23   81  -22  -16  -35   23   -2  -10    0  -15   43   -4    4 -185  -74  -11 -185  113
 34 Knucklehead          -3505  -569 -365 -380 -218 -451 -501 -384 -254 -433 -210 -190 -354 -142 -501 -297 -279 -292  -31 -249 -223 -221 -295  -28 -251    6   34   39   59   43  -20  100  -19   15    0  -24  -37   58  167  896  330  980  986
 35 Peterbot             -6609  -902 -998 -910 -563 -770 -936 -746 -294 -562  -80 -881 -953 -263 -167 -873 -176 -858  -43  -35 -284  -26   39 -500 -138   10  -25    6   23  -10  148   60   89  -43   24    0  229  402  435  963  999 1000 1000
 36 Always Switchin'     -7253  -320 -281 -428 -451 -331 -190 -462 -406 -441 -413 -306 -229 -229 -274 -178 -254 -245 -473 -353 -181 -232  -78 -485 -309    2   18    3   20  -63   12    4  -56    4   37 -229    0   13   81  489  -30   19  -28
 37 R-P-S 20-20-60       -8934  -388 -134 -343 -408 -383 -395 -388 -403 -401 -241 -449 -406 -107 -285 -396 -392 -357 -175 -156 -410 -211 -138 -389 -408  -28   -3   37   21  -24   47    3  -29   -4  -58 -402  -13    0 -412 -141   13 -358  180
 38 Beat Frequent Pick  -13753  -920 -918 -944 -586 -535 -592 -763 -588 -753 -539 -590 -594 -409 -571 -591 -591 -593 -500 -464 -526 -447 -400 -999 -347 -128  -30   33   35   23 -234  -16   14  185 -167 -435  -81  412    0 -600    0  999  997
 39 Beat The Last Move  -17751  -980 -987 -990 -992 -995 -993 -980 -986 -991 -907 -992 -988 -917 -113 -996 -984 -992 -479   -8 -985   39  -25 -997  549    1  -22    7  -19   18 -250    7 -272   74 -896 -963 -489  141  600    0    1 1000 1000
 40 Rotate R-P-S        -25641  -984 -994 -994 -992 -997 -995 -1000 -989 -990 -935 -1000 -997 -932 -994 -991 -991 -994 -998 -988 -941 -991 -982 -997 -979  -21   11    0  -13   30   19  -16  -24   11 -330 -999   30  -13    0   -1    0    0 -680
 41 Good Ole Rock       -26506  -997 -994 -1000 -998 -998 -998 -995 -995 -995 -988 -996 -994 -941 -998 -998 -997 -998 -998 -991 -991 -994 -1000 -999 -980    0   11  -33  -52    3   -1 -150    4  185 -980 -1000  -19  358 -999 -1000    0    0 1000
 42 * Anti-Flat         -27695  -987 -997 -995 -996 -994 -997 -1000 -998 -994 -972 -997 -998 -996 -998 -995 -995 -995 -1000 -999 -932 -984 -873 -998 -981  107   10   31   39    1  393  -68   31 -113 -986 -1000   28 -180 -997 -1000  680 -1000    0

 Match results (draw <= 50): 

    Player Name           total  W  L  D   1  2  3  4  5  6  7  8  9 10 11 12 13 14 15 16 17 18 19 20 21 22 23 24 25 26 27 28 29 30 31 32 33 34 35 36 37 38 39 40 41 42
  1 Iocaine Powder          69  28  0 13   1  2  1  2  2  2  1  1  1  1  2  1  1  2  1  1  1  1  2  2  2  1  1  2  2  2  2  2  2  2  2  2  2  2  2  2  2  2  2  2  2  2
  2 Phasenbott              68  28  1 12   0  1  1  1  2  1  1  1  2  1  1  1  1  2  2  1  1  2  2  2  2  2  1  2  2  2  2  2  2  2  2  2  2  2  2  2  2  2  2  2  2  2
  3 Biopic                  65  24  0 17   1  1  1  1  1  1  1  1  1  2  1  1  1  2  1  1  1  2  2  2  2  1  1  2  2  2  1  2  2  2  2  2  2  2  2  2  2  2  2  2  2  2
  4 MegaHAL                 64  24  1 16   0  1  1  1  1  1  1  1  1  1  1  1  1  2  1  2  1  2  2  2  2  2  1  1  2  1  2  2  2  2  2  2  2  2  2  2  2  2  2  2  2  2
  5 RussRocker4             64  25  2 14   0  0  1  1  1  1  1  1  1  2  1  1  1  2  1  1  1  1  2  2  2  2  1  2  2  2  2  2  2  2  2  2  2  2  2  2  2  2  2  2  2  2
  6 Simple Modeller         64  24  1 16   0  1  1  1  1  1  1  1  1  1  2  1  1  2  1  1  1  1  2  2  2  2  1  2  2  1  2  2  2  2  2  2  2  2  2  2  2  2  2  2  2  2
  7 Shofar                  61  20  0 21   1  1  1  1  1  1  1  1  1  1  1  1  1  1  1  1  1  2  2  1  2  1  1  2  2  1  1  2  2  2  2  2  2  2  2  2  2  2  2  2  2  2
  8 Boom                    59  18  0 23   1  1  1  1  1  1  1  1  1  1  1  1  1  1  1  1  1  1  2  1  1  2  1  2  2  1  1  2  2  2  1  2  2  2  2  2  2  2  2  2  2  2
  9 Bugbrain                59  20  2 19   1  0  1  1  1  1  1  1  1  1  1  1  1  1  1  1  1  1  2  2  2  1  1  2  2  0  2  2  2  2  2  2  2  1  2  2  2  2  2  2  2  2
 10 Robertot                57  19  3 19   1  1  0  1  0  1  1  1  1  1  1  1  0  1  1  1  1  2  2  2  2  2  1  1  2  1  1  2  2  2  2  1  2  1  2  2  2  2  2  2  2  2
 11 ACT-R Lag2              56  18  3 20   0  1  1  1  1  0  1  1  1  1  1  1  1  1  2  1  0  1  1  2  2  1  1  1  2  1  1  2  2  2  1  2  2  2  2  2  2  2  2  2  2  2
 12 Vroomfondel             56  15  0 26   1  1  1  1  1  1  1  1  1  1  1  1  1  2  2  1  1  1  1  2  2  1  1  1  2  1  1  2  1  2  1  1  1  2  1  2  2  2  2  2  2  2
 13 Majikthise              55  14  0 27   1  1  1  1  1  1  1  1  1  2  1  1  1  1  1  1  1  1  2  2  1  1  1  1  2  1  1  2  1  2  1  1  1  2  1  2  2  2  2  2  2  2
 14 Simple Predictor        52  19  8 14   0  0  0  0  0  0  1  1  1  1  1  0  1  1  1  1  0  2  2  1  1  1  1  1  2  1  2  2  2  2  2  2  2  2  2  2  2  2  2  2  2  2
 15 Sweet Rocky             51  14  4 23   1  0  1  1  1  1  1  1  1  1  0  0  1  1  1  1  1  1  1  1  1  1  1  1  0  1  1  2  2  2  1  2  2  2  2  2  2  2  2  2  2  2
 16 Yomi AI                 50  10  1 30   1  1  1  0  1  1  1  1  1  1  1  1  1  1  1  1  1  1  1  2  1  1  1  1  1  2  1  2  1  2  1  1  1  1  1  1  2  2  2  2  2  2
 17 * De Bruijn             48   8  1 32   1  1  1  1  1  1  1  1  1  1  2  1  1  2  1  1  1  2  1  2  2  2  1  2  1  1  1  1  1  1  1  1  1  1  1  1  1  2  1  1  1  0
 18 Piedra                  48  16  9 16   1  0  0  0  1  1  0  1  1  0  1  1  1  0  1  1  0  1  0  1  1  2  1  1  0  1  1  2  2  2  2  2  2  2  2  2  2  2  2  2  2  2
 19 ZQ Bot                  47  18 12 11   0  0  0  0  0  0  0  0  0  0  1  1  0  0  1  1  1  2  1  1  1  2  1  1  2  1  1  2  2  2  2  2  2  2  2  2  2  2  2  2  2  2
 20 Granite                 45  17 13 11   0  0  0  0  0  0  1  1  0  0  0  0  0  1  1  0  0  1  1  1  1  1  1  2  1  2  1  2  2  2  2  2  2  2  2  2  2  2  2  2  2  2
 21 Marble                  44  15 12 14   0  0  0  0  0  0  0  1  0  0  0  0  1  1  1  1  0  1  1  1  1  1  1  1  1  1  1  2  2  2  2  2  2  2  2  2  2  2  2  2  2  2
 22 * Anti-rotn             44  13 10 18   1  0  1  0  0  0  1  0  1  0  1  1  1  1  1  1  0  0  0  1  1  1  0  1  2  1  1  2  1  1  1  2  2  2  2  2  2  2  2  2  2  2
 23 * Pi                    43   3  1 37   1  1  1  1  1  1  1  1  1  1  1  1  1  1  1  1  1  1  1  1  1  2  1  2  1  1  1  1  1  1  1  1  1  2  0  1  1  1  1  1  1  1
 24 Mixed Strategy          43  13 11 17   0  0  0  1  0  0  0  0  0  1  1  1  1  1  1  1  0  1  1  0  1  1  0  1  1  1  1  1  2  2  1  2  2  2  2  2  2  2  2  2  2  2
 25 Inocencio               41  17 17  7   0  0  0  0  0  0  0  0  0  0  0  0  0  0  2  1  1  2  0  1  1  0  1  1  1  2  1  2  2  2  2  2  0  2  2  2  2  2  2  2  2  2
 26 * Foxtrot               35   1  7 33   0  0  0  1  0  1  1  1  2  1  1  1  1  1  1  0  1  1  1  0  1  1  1  1  0  1  1  1  1  1  1  1  1  1  1  1  1  1  1  1  1  1
 27 * Add-drift             33   1  9 31   0  0  1  0  0  0  1  1  0  1  1  1  1  0  1  1  1  1  1  1  1  1  1  1  1  1  1  1  1  0  1  0  1  1  1  1  1  1  1  2  1  1
 28 Multi-strategy          31  12 22  7   0  0  0  0  0  0  0  0  0  0  0  0  0  0  0  0  1  0  0  0  0  0  1  1  0  1  1  1  2  1  2  1  2  2  2  2  2  2  2  2  2  2
 29 Peterbot                31  10 20 11   0  0  0  0  0  0  0  0  0  0  0  1  1  0  0  1  1  0  0  0  0  1  1  0  0  1  1  0  1  1  1  2  2  2  1  2  2  2  2  2  2  2
 30 Knucklehead             27   8 22 11   0  0  0  0  0  0  0  0  0  0  0  0  0  0  0  0  1  0  0  0  0  1  1  0  0  1  2  1  1  1  1  2  2  1  1  1  1  2  2  2  2  2
 31 * Copy-drift            25   1 17 23   0  0  0  0  0  0  0  1  0  0  1  1  1  0  1  1  1  0  0  0  0  1  1  1  0  1  1  0  1  1  1  1  1  0  1  1  2  1  1  1  1  1
 32 * Add-react             23   3 21 17   0  0  0  0  0  0  0  0  0  1  0  1  1  0  0  1  1  0  0  0  0  0  1  0  0  1  2  1  0  0  1  1  1  1  1  1  1  1  1  2  1  2
 33 Beat The Last Move      22   6 25 10   0  0  0  0  0  0  0  0  0  0  0  1  1  0  0  1  1  0  0  0  0  0  1  0  2  1  1  0  0  0  1  1  1  0  2  0  0  2  1  2  2  2
 34 * Flat                  20   3 24 14   0  0  0  0  0  0  0  0  1  1  0  0  0  0  0  1  1  0  0  0  0  0  0  0  0  1  1  0  0  1  2  1  2  1  1  1  1  2  1  1  1  0
 35 * Text                  19   2 24 15   0  0  0  0  0  0  0  0  0  0  0  1  1  0  0  1  1  0  0  0  0  0  2  0  0  1  1  0  1  1  1  1  0  1  1  1  1  0  1  0  1  2
 36 * Switch A Lot          19   2 24 15   0  0  0  0  0  0  0  0  0  0  0  0  0  0  0  1  1  0  0  0  0  0  1  0  0  1  1  0  0  1  1  1  2  1  1  1  2  1  1  1  1  1
 37 Always Switchin'        16   2 27 12   0  0  0  0  0  0  0  0  0  0  0  0  0  0  0  0  1  0  0  0  0  0  1  0  0  1  1  0  0  1  0  1  2  1  1  0  1  2  1  1  1  1
 38 Beat Frequent Pick      15   4 30  7   0  0  0  0  0  0  0  0  0  0  0  0  0  0  0  0  0  0  0  0  0  0  1  0  0  1  1  0  0  0  1  1  0  0  2  1  0  1  1  2  2  2
 39 Rotate R-P-S            14   0 27 14   0  0  0  0  0  0  0  0  0  0  0  0  0  0  0  0  1  0  0  0  0  0  1  0  0  1  1  0  0  0  1  1  1  1  1  1  1  1  1  1  1  0
 40 Good Ole Rock           14   3 30  8   0  0  0  0  0  0  0  0  0  0  0  0  0  0  0  0  1  0  0  0  0  0  1  0  0  1  0  0  0  0  1  0  0  1  2  1  1  0  1  1  2  2
 41 R-P-S 20-20-60          13   1 29 11   0  0  0  0  0  0  0  0  0  0  0  0  0  0  0  0  1  0  0  0  0  0  1  0  0  1  1  0  0  0  1  1  0  1  1  1  1  0  1  0  1  2
 42 * Anti-Flat             12   3 32  6   0  0  0  0  0  0  0  0  0  0  0  0  0  0  0  0  2  0  0  0  0  0  1  0  0  1  1  0  0  0  1  0  0  2  0  1  1  0  2  0  0  1


   Yomi AI is match ranked 16

 Tournament results:
    Player Name          total 
  1 Yomi AI               4148 
 15 * Anti-rotn           5089 
 19 Iocaine Powder       10818 
 20 Phasenbott           10008 
 21 MegaHAL               9505 
 22 RussRocker4           7845 
 23 Biopic                8280 
 24 Simple Modeller       8873 
 25 Simple Predictor      7225 
 26 Robertot              7729 
 27 Boom                  7216 
 28 Shofar                6655 
 29 ACT-R Lag2            6087 
 30 Majikthise            4848 
 31 Vroomfondel           5053 
 32 Granite               5683 
 33 Marble                5725 
 34 ZQ Bot                6358 
 35 Sweet Rocky           6497 
 36 Piedra                5712 
 37 Mixed Strategy        4906 
 41 Bugbrain              6122 

   Yomi is tournament ranked 22

