 Playing 1 tournaments with 1000 trials per match...

 Yomi AI            vs Good Ole Rock       Match: 1000 (1000+   0-   0=)
 Yomi AI            vs R-P-S 20-20-60      Match:  276 (508+ 232- 260=)
 Yomi AI            vs Rotate R-P-S        Match:  976 (979+   3-  18=)
 Yomi AI            vs Beat The Last Move  Match:   94 (390+ 296- 314=)
 Yomi AI            vs Always Switchin'    Match:   88 (404+ 316- 280=)
 Yomi AI            vs Beat Frequent Pick  Match:  460 (661+ 201- 138=)
 Yomi AI            vs * Pi                Match:  -31 (316+ 347- 337=)
 Yomi AI            vs * Switch A Lot      Match:   72 (364+ 292- 344=)
 Yomi AI            vs * Flat              Match:   56 (379+ 323- 298=)
 Yomi AI            vs * Anti-Flat         Match:  999 (999+   0-   1=)
 Yomi AI            vs * Foxtrot           Match:  265 (502+ 237- 261=)
 Yomi AI            vs * De Bruijn         Match:  -45 (302+ 347- 351=)
 Yomi AI            vs * Text              Match:   44 (352+ 308- 340=)
 Yomi AI            vs * Anti-rotn         Match:  -25 (341+ 366- 293=)
 Yomi AI            vs * Copy-drift        Match:   39 (348+ 309- 343=)
 Yomi AI            vs * Add-react         Match:   36 (356+ 320- 324=)
 Yomi AI            vs * Add-drift         Match:   14 (348+ 334- 318=)
 Yomi AI            vs Iocaine Powder      Match:    6 (339+ 333- 328=)
 Yomi AI            vs Phasenbott          Match:   42 (351+ 309- 340=)
 Yomi AI            vs MegaHAL             Match:   35 (357+ 322- 321=)
 Yomi AI            vs RussRocker4         Match:    1 (352+ 351- 297=)
 Yomi AI            vs Biopic              Match:   15 (362+ 347- 291=)
 Yomi AI            vs Simple Modeller     Match:  -25 (331+ 356- 313=)
 Yomi AI            vs Simple Predictor    Match:   39 (370+ 331- 299=)
 Yomi AI            vs Robertot            Match:   54 (381+ 327- 292=)
 Yomi AI            vs Boom                Match:   14 (359+ 345- 296=)
 Yomi AI            vs Shofar              Match:  -49 (310+ 359- 331=)
 Yomi AI            vs ACT-R Lag2          Match:    7 (330+ 323- 347=)
 Yomi AI            vs Majikthise          Match:   10 (341+ 331- 328=)
 Yomi AI            vs Vroomfondel         Match:   16 (348+ 332- 320=)
 Yomi AI            vs Granite             Match:   50 (392+ 342- 266=)
 Yomi AI            vs Marble              Match:   89 (416+ 327- 257=)
 Yomi AI            vs ZQ Bot              Match:   30 (380+ 350- 270=)
 Yomi AI            vs Sweet Rocky         Match:   28 (372+ 344- 284=)
 Yomi AI            vs Piedra              Match:   69 (397+ 328- 275=)
 Yomi AI            vs Mixed Strategy      Match:   -3 (343+ 346- 311=)
 Yomi AI            vs Multi-strategy      Match:  172 (457+ 285- 258=)
 Yomi AI            vs Inocencio           Match:   -2 (354+ 356- 290=)
 Yomi AI            vs Peterbot            Match:   43 (361+ 318- 321=)
 Yomi AI            vs Bugbrain            Match:   23 (352+ 329- 319=)
 Yomi AI            vs Knucklehead         Match:  309 (526+ 217- 257=)
 Final results (draw value = 50):

 Tournament results: 

    Player Name          total     1    2    3    4    5    6    7    8    9   10   11   12   13   14   15   16   17   18   19   20   21   22   23   24   25   26   27   28   29   30   31   32   33   34   35   36   37   38   39   40   41   42
  1 Iocaine Powder       11280     0   88   76   31   46  189  522   15   10   72   44  212  308   41  207    8    1   24   -6   -4  -26   22  332    9   39  788  170  153  362  200   22  106  325  601  890  192  357  914  984  989  992  975
  2 Phasenbott           10155   -88    0   30   55   31  124  555   17   34   68   80  203  301   40  266   26   94   31  -42   20   12  163  180   32  -19  156  137   89  407   74  116   98  309  385  892  237  168  912  981  992  993  996
  3 Simple Modeller       9575   -76  -30    0   19   20  269   45   21  -49   -8   31   71  287   42   61  -17   69   37   25    5  -16   39  218  -58    8  794  260  259  -18   42  266  135  155  311  905  468  419  586  991  992  997 1000
  4 MegaHAL               9543   -31  -55  -19    0   24   63  112   34   54   -2   65  251  237   42  244   15   21  -17  -35  -38  -10   74  202    2  -12  205  206   71   54  139  204  133  272  417  890  440  379  941  989  989  999  994
  5 Biopic                8596   -46  -31  -20  -24    0   19  -29   22   29   19   47  147  134   34  118  -19    0   43  -15    8   -9   75  259  -41    2  115    5  100  400  134  214  134    4  513  742  303  377  854  990  994  998  997
  6 Simple Predictor      7940  -189 -124 -269  -63  -19    0 -132   38    1  -25   39   70  145   84   -8   30   11   53  -39  -40   -7   52  191  -79  -21  744  304  272  -18   51  216  166  103  239  777  421  412  588  985  989  995  997
  7 RussRocker4           7612  -522 -555  -45 -112   29  132    0    2   57  -17   54  138  146   53  176    4   39   26   -1   -5   39   40  221  -51  -59  162   81   93  217  157  123  127  336  509  940  252  256  587  995  993  998  997
  8 Boom                  7534   -15  -17  -21  -34  -22  -38   -2    0   39  -35   70   85  105   42   67   -3  -33   64  -14  -22  -18   42  205   -3  -47   56  -30  103   -5   23  204  129  102  457  530  441  402  753  991  990  997  996
  9 Robertot              7402   -10  -34   49  -54  -29   -1  -57  -39    0   24   46   78  109   70   65   20   17   65  -54  -41    4   80  279  -46  -50    9   19   91   -2   68   91  177   69  475  419  466  403  830  812  995  998  991
 10 ACT-R Lag2            6772   -72  -68    8    2  -19   25   17   35  -24    0   38  183   97   24   97    3   12   51   -7   25  -15   46  292 -111  -38   30   59   35  -44  128  134  115   94  465  117  227  339  572  910  994  996 1000
 11 Piedra                6444   -44  -80  -31  -65  -47  -39  -54  -70  -46  -38    0  -42  -47   43  -13  -23  -65  -65  -69  -31  -29   -3   67  -39  -20  510  144   35   82  135  136  188  272  198  312  294  417  592  991  999  995  994
 12 Marble                6318  -212 -203  -71 -251 -147  -70 -138  -85  -78 -183   42    0   31   90   27  -72 -131   15  -89  -30  -30   20  312  -25  -34  648   47   45   41  118  154  177   84  260  829  250  395  592  996  995  999 1000
 13 ZQ Bot                6249  -308 -301 -287 -237 -134 -145 -146 -105 -109  -97   47  -31    0   54  -27  -29 -170   42  -30  -33    0  -10  292  -70  -53  786   94   19   20  130  174  146  218  269  947  305  460  591  990  993  996  998
 14 * Anti-rotn           6234   -41  -40  -42  -42  -34  -84  -53  -42  -70  -24  -43  -90  -54    0  -46  -46  -54  -42   25  -28  -13   17  158  -35  -35  676  -10   21   -3  168  275   55   -5   47  499  489  190  597 1000  998  998  997
 15 Granite               6124  -207 -266  -61 -244 -118    8 -176  -67  -65  -97   13  -27   27   46    0  -29  -91   59  -50  -14  -28    9  350  -21   -4  -13   67   85   70  128  204  181  100  264  918  215  383  592  994  994  999  996
 16 Shofar                6078    -8  -26   17  -15   19  -30   -4    3  -20   -3   23   72   29   46   29    0  -37   56   49  -10  -19   70  129  -11  -18  -12  -15   60   -6  146  134  155   79  154   30  404  241  552  902  937  986  990
 17 Bugbrain              6024    -1  -94  -69  -21    0  -11  -39   33  -17  -12   65  131  170   54   91   37    0   52  -23   19   32   55   64   -7  -29   72   94   80   -5   41  131   12   92  157  247  252  100  395  968  960  965  983
 18 Sweet Rocky           5640   -24  -31  -37   17  -43  -53  -26  -64  -65  -51   65  -15  -42   42  -59  -56  -52    0  -28  -62   -3  -41  141  -43  -22  -52   -4   54   35  131  194  177  178  195  118  233  368  592  991  988 1000  994
 19 Yomi AI               5291     6   42  -25   35   15   39    1   14   54    7   69   89   30  -25   50  -49   23   28    0   10   16   -3  172  -45  -31   -2   14   39  265   56   72   44   36  309   43   88  276  460   94  976 1000  999
 20 Majikthise            4861     4  -20   -5   38   -8   40    5   22   41  -25   31   30   33   28   14   10  -19   62  -10    0   22   49  168   26   21   90    1   13   42   61   80   15   -4  231    5  201  154  429    1  994  995  996
 21 Vroomfondel           4697    26  -12   16   10    9    7  -39   18   -4   15   29   30    0   13   28   19  -32    3  -16  -22    0   36  160   13    0   70   35   16   29   43   85   33   -5  226   -6  254  168  502  -14  986  993  975
 22 Mixed Strategy        4541   -22 -163  -39  -74  -75  -52  -40  -42  -80  -46    3  -20   10  -17   -9  -70  -55   41    3  -49  -36    0  -22  -50  -49   -4   52    9  -35  -11   20  145   90  209  161   61  440  412  989  981  986  989
 23 Multi-strategy        2161  -332 -180 -218 -202 -259 -191 -221 -205 -279 -292  -67 -312 -292 -158 -350 -129  -64 -141 -172 -168 -160   22    0  -50  -20 -112   27  275  -63  155  247  123   73   27  -42  500  401  999  997  997  999  998
 24 * De Bruijn            814    -9  -32   58   -2   41   79   51    3   46  111   39   25   70   35   21   11    7   43   45  -26  -13   50   50    0   -1   12   16  -14    6  -13   15   23    2   21  -27    7   25  128   -1   21    0 -109
 25 * Pi                   521   -39   19   -8   12   -2   21   59   47   50   38   20   34   53   35    4   18   29   22   31  -21    0   49   20    1    0   30   27  -11   27   -2  -57  -81  -14   41    7    9   31   30   22  -11  -11   -8
 26 Inocencio              350  -788 -156 -794 -205 -115 -744 -162  -56   -9  -30 -510 -648 -786 -676   13   12  -72   52    2  -90  -70    4  112  -12  -30    0  -39   95  313  140   90  163   97  242  196  311  382  360  819  981  979  979
 27 * Add-drift          -1802  -170 -137 -260 -206   -5 -304  -81   30  -19  -59 -144  -47  -94   10  -67   15  -94    4  -14   -1  -35  -52  -27  -16  -27   39    0  -23   16   -9   17   -8   11    5  -52  -24  -47  -75    7   55   24   62
 28 * Copy-drift         -2106  -153  -89 -259  -71 -100 -272  -93 -103  -91  -35  -35  -45  -19  -21  -85  -60  -80  -54  -39  -13  -16   -9 -275   14   11  -95   23    0  -18    8    4   12   33 -120  -10  -14   32  -19   26  -44   20   48
 29 * Foxtrot            -2283  -362 -407   18  -54 -400   18 -217    5    2   44  -82  -41  -20    3  -70    6    5  -35 -265  -42  -29   35   63   -6  -27 -313  -16   18    0  -34  -14   50   21    9  -43   55  -51  -22    9  -37  -19  -38
 30 * Flat               -2598  -200  -74  -42 -139 -134  -51 -157  -23  -68 -128 -135 -118 -130 -168 -128 -146  -41 -131  -56  -61  -43   11 -155   13    2 -140    9   -8   34    0   -2  -24    0   36 -194  -26   15  242  152   18    0 -408
 31 * Switch A Lot       -3188   -22 -116 -266 -204 -214 -216 -123 -204  -91 -134 -136 -154 -174 -275 -204 -134 -131 -194  -72  -80  -85  -20 -247  -15   57  -90  -17   -4   14    2    0   -6   43   21 -177   51   14   34  326   25   -1   31
 32 * Text               -3221  -106  -98 -135 -133 -134 -166 -127 -129 -177 -115 -188 -177 -146  -55 -181 -155  -12 -177  -44  -15  -33 -145 -123  -23   81 -163    8  -12  -50   24    6    0  -15    7   37    0   -6 -185  -74  -11 -185  111
 33 * Add-react          -3246  -325 -309 -155 -272   -4 -103 -336 -102  -69  -94 -272  -84 -218    5 -100  -79  -92 -178  -36    4    5  -90  -73   -2   14  -97  -11  -33  -21    0  -43   15    0  -62  -45   41  -43   -4   32  -57   19   28
 34 Knucklehead          -3607  -601 -385 -311 -417 -513 -239 -509 -457 -475 -465 -198 -260 -269  -47 -264 -154 -157 -195 -309 -231 -226 -209  -27  -21  -41 -242   -5  120   -9  -36  -21   -7   62    0  -46  -61   66  168  866  522 1000  996
 35 Peterbot             -5745  -890 -892 -905 -890 -742 -777 -940 -530 -419 -117 -312 -829 -947 -499 -918  -30 -247 -118  -43   -5    6 -161   42   27   -7 -196   52   10   43  194  177  -37   45   46    0  232  417  436  982  998  999 1000
 36 Always Switchin'     -7016  -192 -237 -468 -440 -303 -421 -252 -441 -466 -227 -294 -250 -305 -489 -215 -404 -252 -233  -88 -201 -254  -61 -500   -7   -9 -311   24   14  -55   26  -51    0  -41   61 -232    0    8   32  508   17   31  -38
 37 R-P-S 20-20-60       -9143  -357 -168 -419 -379 -377 -412 -256 -402 -403 -339 -417 -395 -460 -190 -383 -241 -100 -368 -276 -154 -168 -440 -401  -25  -31 -382   47  -32   51  -15  -14    6   43  -66 -417   -8    0 -393 -121   14 -381   86
 38 Beat Frequent Pick  -14175  -914 -912 -586 -941 -854 -588 -587 -753 -830 -572 -592 -592 -591 -597 -592 -552 -395 -592 -460 -429 -502 -412 -999 -128  -30 -360   75   19   22 -242  -34  185    4 -168 -436  -32  393    0 -600    0  999 1000
 39 Beat The Last Move  -20482  -984 -981 -991 -989 -990 -985 -995 -991 -812 -910 -991 -996 -990 -1000 -994 -902 -968 -991  -94   -1   14 -989 -997    1  -22 -819   -7  -26   -9 -152 -326   74  -32 -866 -982 -508  121  600    0    1 1000  997
 40 Rotate R-P-S        -25895  -989 -992 -992 -989 -994 -989 -993 -990 -995 -994 -999 -995 -993 -998 -994 -937 -960 -988 -976 -994 -986 -981 -997  -21   11 -981  -55   44   37  -18  -25   11   57 -522 -998  -17  -14    0   -1    0    0 -688
 41 Good Ole Rock       -26349  -992 -993 -997 -999 -998 -995 -998 -997 -998 -996 -995 -999 -996 -998 -999 -986 -965 -1000 -1000 -995 -993 -986 -999    0   11 -979  -24  -20   19    0    1  185  -19 -1000 -999  -31  381 -999 -1000    0    0  999
 42 * Anti-Flat         -27900  -975 -996 -1000 -994 -997 -997 -997 -996 -991 -1000 -994 -1000 -998 -997 -996 -990 -983 -994 -999 -996 -975 -989 -998  109    8 -979  -62  -48   38  408  -31 -111  -28 -996 -1000   38  -86 -1000 -997  688 -999    0

 Match results (draw <= 50): 

    Player Name           total  W  L  D   1  2  3  4  5  6  7  8  9 10 11 12 13 14 15 16 17 18 19 20 21 22 23 24 25 26 27 28 29 30 31 32 33 34 35 36 37 38 39 40 41 42
  1 Phasenbott              68  28  1 12   1  0  2  2  1  1  2  1  1  1  2  2  1  1  1  2  2  1  1  1  2  2  2  2  1  2  2  2  2  2  2  2  2  2  2  2  2  2  2  2  2  2
  2 Iocaine Powder          66  25  0 16   2  1  1  2  1  1  1  2  1  1  2  2  1  1  1  1  2  1  1  1  1  2  2  2  1  2  2  2  2  2  2  2  1  2  2  2  2  2  2  2  2  2
  3 MegaHAL                 66  26  1 14   0  1  1  2  1  1  1  1  2  1  2  1  1  1  1  2  2  1  1  1  2  2  2  2  1  2  2  2  2  2  2  2  2  2  2  2  2  2  2  2  2  2
  4 RussRocker4             61  25  5 11   0  0  0  1  1  1  1  1  2  1  2  1  1  1  1  2  2  2  1  0  1  2  2  2  0  2  2  2  2  2  2  2  2  2  2  2  2  2  2  2  2  2
  5 Biopic                  61  20  0 21   1  1  1  1  1  1  1  1  1  1  1  1  1  1  1  1  2  1  1  1  2  2  2  2  1  2  2  2  1  2  2  2  2  1  2  2  2  2  2  2  2  2
  6 Boom                    61  20  0 21   1  1  1  1  1  1  1  1  1  1  1  1  1  1  1  2  2  1  2  1  1  2  2  2  1  1  2  2  1  2  2  1  2  2  2  2  2  2  2  2  2  2
  7 Bugbrain                61  22  2 17   0  1  1  1  1  1  1  0  1  1  1  1  1  1  1  2  2  2  2  1  2  2  2  2  1  1  2  2  2  2  2  1  2  2  1  2  2  2  2  2  2  2
  8 Simple Modeller         60  21  2 18   1  0  1  1  1  1  2  1  1  1  2  1  1  1  1  1  2  1  1  0  1  2  2  2  1  1  2  2  2  2  2  1  2  2  2  2  2  2  2  2  2  2
  9 Robertot                59  21  3 17   1  1  0  0  1  1  1  1  1  1  1  1  0  1  1  1  2  2  2  1  2  2  2  1  1  1  2  2  1  2  2  2  2  2  2  2  2  2  2  2  2  2
 10 Shofar                  58  17  0 24   1  1  1  1  1  1  1  1  1  1  1  1  1  1  1  1  1  1  2  1  2  1  2  1  1  1  1  2  1  2  2  2  2  2  2  2  2  2  2  2  2  2
 11 Simple Predictor        57  22  6 13   0  0  0  0  1  1  1  0  1  1  1  1  1  1  1  1  1  2  2  0  2  2  2  2  1  1  2  2  2  2  2  2  2  2  2  2  2  2  2  2  2  2
 12 ACT-R Lag2              57  19  3 19   0  0  1  1  1  1  1  1  1  1  1  1  1  1  1  1  2  1  2  0  1  2  2  1  1  1  2  2  2  2  1  2  2  2  2  2  2  2  2  2  2  2
 13 Yomi AI                 56  15  0 26   1  1  1  1  1  1  1  1  2  1  1  1  1  1  1  2  1  1  1  1  1  1  2  1  1  2  1  2  1  2  1  2  2  1  1  2  2  2  2  2  2  2
 14 Majikthise              53  12  0 29   1  1  1  1  1  1  1  1  1  1  1  1  1  1  1  1  1  1  2  1  1  1  1  2  1  1  1  2  1  2  1  2  2  1  1  1  2  2  2  2  2  2
 15 Vroomfondel             51  10  0 31   1  1  1  1  1  1  1  1  1  1  1  1  1  1  1  1  1  1  1  1  1  1  1  2  1  1  1  2  1  2  1  1  2  1  1  1  2  2  2  2  2  2
 16 Piedra                  51  17  7 17   0  1  0  0  1  0  0  1  1  1  1  1  0  1  1  1  1  1  0  1  1  1  1  2  1  2  2  2  2  2  1  2  2  2  2  2  2  2  2  2  2  2
 17 Granite                 49  18 10 13   0  0  0  0  0  0  0  0  0  1  1  0  1  1  1  1  1  1  2  1  1  1  1  1  1  2  2  2  2  2  2  2  2  2  2  2  2  2  2  2  2  2
 18 * Anti-rotn             48  13  6 22   1  1  1  0  1  1  0  1  0  1  0  1  1  1  1  1  1  1  1  1  1  0  0  2  1  1  2  2  1  1  1  2  2  1  2  2  2  2  2  2  2  2
 19 Sweet Rocky             48  16  9 16   1  1  1  1  1  0  0  1  0  0  0  0  1  0  1  2  0  1  1  1  1  1  1  0  1  1  2  2  1  2  2  2  2  2  2  2  2  2  2  2  2  2
 20 * De Bruijn             46   6  1 34   1  1  1  2  1  1  1  2  1  1  2  2  1  1  1  1  1  1  1  1  1  2  1  1  1  1  1  1  1  1  1  1  1  1  1  1  2  1  1  1  1  0
 21 Mixed Strategy          46  12  7 22   0  1  0  1  0  1  0  1  0  0  0  1  1  1  1  1  1  1  1  1  1  1  1  1  1  1  2  1  2  2  1  1  1  2  2  2  2  2  2  2  2  2
 22 ZQ Bot                  45  17 13 11   0  0  0  0  0  0  0  0  0  1  0  0  1  1  1  1  1  2  1  0  1  1  1  2  0  1  2  2  2  2  1  2  2  2  2  2  2  2  2  2  2  2
 23 Marble                  44  16 13 12   0  0  0  0  0  0  0  0  0  0  0  0  0  1  1  1  1  2  1  1  1  1  1  2  1  1  2  2  1  2  1  2  2  2  2  2  2  2  2  2  2  2
 24 Inocencio               43  17 15  9   0  0  0  0  0  0  0  0  1  1  0  1  1  0  0  0  1  0  2  1  1  0  0  1  1  2  2  2  1  2  2  2  2  2  2  2  2  2  2  2  2  2
 25 * Pi                    41   2  2 37   1  1  1  2  1  1  1  1  1  1  1  1  1  1  1  1  1  1  1  1  1  2  1  1  1  1  1  1  1  1  1  1  0  1  0  1  1  1  1  1  1  1
 26 * Foxtrot               33   2 10 29   0  0  0  0  0  1  1  1  1  1  1  1  0  1  1  0  0  1  1  1  1  1  1  0  1  1  1  2  1  1  1  1  1  1  1  1  1  2  1  1  0  1
 27 Peterbot                32  10 19 12   0  0  0  0  0  0  0  0  0  1  0  0  1  1  1  0  0  0  0  1  0  0  0  0  1  1  1  1  2  1  1  2  2  1  1  2  2  2  2  2  2  2
 28 Multi-strategy          30  12 23  6   0  0  0  0  0  0  0  0  0  0  0  0  0  0  0  0  0  0  0  1  1  0  0  0  1  0  1  1  1  1  2  2  2  2  2  2  2  2  2  2  2  2
 29 * Add-drift             29   2 14 25   0  0  0  0  1  1  0  0  1  1  0  0  1  1  1  0  0  1  1  1  0  0  1  1  1  1  0  1  1  1  1  1  1  1  1  1  0  1  1  2  1  2
 30 Knucklehead             26   8 23 10   0  0  0  0  0  0  0  0  0  0  0  0  0  0  0  0  0  1  0  1  0  0  0  0  1  1  1  1  1  1  2  1  1  2  1  2  2  0  2  2  2  2
 31 * Copy-drift            25   0 16 25   0  0  0  0  0  0  0  0  0  0  0  1  1  1  1  1  0  1  0  1  1  1  1  0  1  1  1  0  1  0  1  1  1  1  1  1  1  1  1  1  1  1
 32 * Flat                  22   2 21 18   0  0  0  0  0  1  1  1  0  0  0  0  0  0  1  0  0  0  0  1  1  0  0  0  1  1  0  0  1  1  1  1  1  1  1  2  2  1  1  1  1  0
 33 * Switch A Lot          21   3 23 15   0  1  0  0  0  0  0  0  0  0  0  0  0  0  0  0  0  0  0  1  1  0  0  0  2  1  0  0  1  1  1  1  1  1  1  2  1  2  1  1  1  1
 34 * Add-react             20   0 21 20   0  0  0  0  1  0  0  0  0  0  0  0  1  1  1  0  0  1  0  1  0  0  0  0  1  1  1  0  1  0  1  1  1  1  1  1  1  1  1  0  1  1
 35 * Text                  20   2 23 16   0  0  0  0  0  0  1  0  0  0  0  0  1  1  1  0  0  0  0  1  0  0  0  0  2  1  1  0  1  1  1  1  1  1  1  0  0  1  0  1  1  2
 36 Beat The Last Move      19   5 27  9   0  0  0  0  0  0  0  0  0  0  0  0  0  1  1  0  0  0  0  1  0  0  0  0  1  1  0  0  1  0  1  0  0  1  2  1  2  0  2  1  2  2
 37 Beat Frequent Pick      17   5 29  7   0  0  0  0  0  0  0  0  0  0  0  0  0  0  0  0  0  0  0  0  0  0  0  0  1  1  0  0  2  0  1  0  1  1  2  0  1  1  2  1  2  2
 38 Always Switchin'        16   2 27 12   0  0  0  0  0  0  0  0  0  0  0  0  0  0  0  0  0  0  0  1  0  0  0  0  1  0  0  0  1  2  1  1  0  1  1  2  1  1  1  1  1  1
 39 Good Ole Rock           16   3 28 10   0  0  0  0  0  0  0  0  0  0  0  0  0  0  0  0  0  0  0  1  0  0  0  0  1  1  0  0  1  0  1  1  1  1  2  0  0  1  1  1  2  2
 40 Rotate R-P-S            14   1 28 12   0  0  0  0  0  0  0  0  0  0  0  0  0  0  0  0  0  0  0  1  0  0  0  0  1  1  0  0  0  0  1  1  1  2  1  1  1  1  1  1  1  0
 41 R-P-S 20-20-60          14   2 29 10   0  0  0  0  0  0  0  0  0  0  0  0  0  0  0  0  0  0  0  1  0  0  0  0  1  2  0  0  1  0  1  1  1  1  1  0  0  1  0  1  1  2
 42 * Anti-Flat             12   3 32  6   0  0  0  0  0  0  0  0  0  0  0  0  0  0  0  0  0  0  0  2  0  0  0  0  1  1  0  0  0  0  1  2  1  1  0  0  0  1  0  2  0  1


   Yomi AI is match ranked 13

 Tournament results:
    Player Name          total 
  1 Yomi AI               5291 
 15 * Anti-rotn           6234 
 19 Iocaine Powder       11280 
 20 Phasenbott           10155 
 21 MegaHAL               9543 
 22 RussRocker4           7612 
 23 Biopic                8596 
 24 Simple Modeller       9575 
 25 Simple Predictor      7940 
 26 Robertot              7402 
 27 Boom                  7534 
 28 Shofar                6078 
 29 ACT-R Lag2            6772 
 32 Granite               6124 
 33 Marble                6318 
 34 ZQ Bot                6249 
 35 Sweet Rocky           5640 
 36 Piedra                6444 
 41 Bugbrain              6024 

   Yomi is tournament ranked 19

