 Playing 1 tournaments with 1000 trials per match...

 Yomi AI            vs Good Ole Rock       Match: 1000 (1000+   0-   0=)
 Yomi AI            vs R-P-S 20-20-60      Match:  283 (519+ 236- 245=)
 Yomi AI            vs Rotate R-P-S        Match:  975 (979+   4-  17=)
 Yomi AI            vs Beat The Last Move  Match:  100 (403+ 303- 294=)
 Yomi AI            vs Always Switchin'    Match:  188 (465+ 277- 258=)
 Yomi AI            vs Beat Frequent Pick  Match:  463 (650+ 187- 163=)
 Yomi AI            vs * Pi                Match:   -3 (337+ 340- 323=)
 Yomi AI            vs * Switch A Lot      Match:   95 (390+ 295- 315=)
 Yomi AI            vs * Flat              Match:  120 (423+ 303- 274=)
 Yomi AI            vs * Anti-Flat         Match:  999 (999+   0-   1=)
 Yomi AI            vs * Foxtrot           Match:  278 (513+ 235- 252=)
 Yomi AI            vs * De Bruijn         Match:  -56 (300+ 356- 344=)
 Yomi AI            vs * Text              Match:   67 (374+ 307- 319=)
 Yomi AI            vs * Anti-rotn         Match:    5 (344+ 339- 317=)
 Yomi AI            vs * Copy-drift        Match:  -31 (318+ 349- 333=)
 Yomi AI            vs * Add-react         Match:   39 (353+ 314- 333=)
 Yomi AI            vs * Add-drift         Match:  -27 (318+ 345- 337=)
 Yomi AI            vs Iocaine Powder      Match:   -7 (331+ 338- 331=)
 Yomi AI            vs Phasenbott          Match:  -35 (327+ 362- 311=)
 Yomi AI            vs MegaHAL             Match:   30 (359+ 329- 312=)
 Yomi AI            vs RussRocker4         Match:  -15 (353+ 368- 279=)
 Yomi AI            vs Biopic              Match:   31 (363+ 332- 305=)
 Yomi AI            vs Simple Modeller     Match:   17 (354+ 337- 309=)
 Yomi AI            vs Simple Predictor    Match:   48 (374+ 326- 300=)
 Yomi AI            vs Robertot            Match:    7 (345+ 338- 317=)
 Yomi AI            vs Boom                Match:   33 (355+ 322- 323=)
 Yomi AI            vs Shofar              Match:  -27 (327+ 354- 319=)
 Yomi AI            vs ACT-R Lag2          Match:  -12 (327+ 339- 334=)
 Yomi AI            vs Majikthise          Match:   28 (347+ 319- 334=)
 Yomi AI            vs Vroomfondel         Match:  -23 (330+ 353- 317=)
 Yomi AI            vs Granite             Match:   67 (403+ 336- 261=)
 Yomi AI            vs Marble              Match:   31 (372+ 341- 287=)
 Yomi AI            vs ZQ Bot              Match:   79 (399+ 320- 281=)
 Yomi AI            vs Sweet Rocky         Match:   35 (359+ 324- 317=)
 Yomi AI            vs Piedra              Match:   50 (391+ 341- 268=)
 Yomi AI            vs Mixed Strategy      Match:   62 (375+ 313- 312=)
 Yomi AI            vs Multi-strategy      Match:  211 (474+ 263- 263=)
 Yomi AI            vs Inocencio           Match:   66 (389+ 323- 288=)
 Yomi AI            vs Peterbot            Match:   96 (405+ 309- 286=)
 Yomi AI            vs Bugbrain            Match:  -13 (333+ 346- 321=)
 Yomi AI            vs Knucklehead         Match:  402 (594+ 192- 214=)
 Final results (draw value = 50):

 Tournament results: 

    Player Name          total     1    2    3    4    5    6    7    8    9   10   11   12   13   14   15   16   17   18   19   20   21   22   23   24   25   26   27   28   29   30   31   32   33   34   35   36   37   38   39   40   41   42
  1 Iocaine Powder       10964     0  207   92   52   32    3  522  210   18  231  218  -30   77   67   27   50   43    7  310   -3    5   64  276  240   37  -55  129  187  331  277  559  139  196   47  249  900  343  953  987  982  999  986
  2 Phasenbott           10029  -207    0   58    0   42   64  537  137   19  227  258  -34   62    7   58   68   75   35  256   17   78   70  306  208   31  -21   88   64  316  373  392   91  117   51  236  925  139  925  989  992  996  984
  3 MegaHAL               9534   -92  -58    0   56    6  101   99   60   32  265  281  -17   -7   30   26   46   61  -30  247   -3  -24   74  139  198  -13  -21  269   23   58  243  304  142  133  228  422  948  374  955  990  991  998 1000
  4 Simple Modeller       9111   -52    0  -56    0   14   69  -40  250    7   71   95   16   11   70   44   51   66  -17  278    9   49  156  192  425  -38   -3  240  298  -19  109  232  149   58  253  465  685  415  592  991  992  996  988
  5 Biopic                8591   -32  -42   -6  -14    0   29   15   23   26  128   95   14   19   49   16   38   43  -31  136   12  -10   30  235  127   -4   34  -13   89  404   35  492  149  174  172  330  715  365  762  995  995  998  999
  6 Robertot              7658    -3  -64 -101  -69  -29    0  -83   68   -9   58   63   33    9   68   28   43   44   -7  102  -71  -19   85  194   41    7  -51   42  107   17   94  458  171   52   72  459  799  435  814  816  995  996  994
  7 RussRocker4           7377  -522 -537  -99   40  -15   83    0   83   20   85  170   30   -9   32  -49   25   45   15  193  -37  -25   53  194  138  -54  -46   84   79  246  315  431   92  153  116  224  933  315  591  994  993  998 1000
  8 Simple Predictor      7152  -210 -137  -60 -250  -23  -68  -83    0    3   -3   42  -21  -75   56   31   29   38  -48  164  -28  -24   55  191  484  -73   19  309  284   -1  117  312  166   77  215  384  319  413  587  985  989  993  994
  9 Boom                  7105   -18  -19  -32   -7  -26    9  -20   -3    0    3   64  -11  -18   42  -41   50   42  -33   35  -33   16   65  317   36   17    1   44   75   -3   82  377  102    0  178  426  292  373  753  984  989  997 1000
 10 Granite               6748  -231 -227 -265  -71 -128  -58  -85    3   -3    0  -17  -76 -159   43  -78   31   45  -67   26  -63  -34   20  495  650  -61  -21   21   34   83   80  257  175  149  140  256  925  385  594  996  991  999  994
 11 Marble                6717  -218 -258 -281  -95  -95  -63 -170  -42  -64   17    0  -72  -69   36  -81   21   50  -31   49  -77    6  -16  339  646  -46  -24   42   45   74   89  309  181  232  166  215  935  390  593  992  993  999 1000
 12 Shofar                6458    30   34   17  -16  -14  -33  -30   21   11   76   72    0  -71   64  -17   65   25   27   92  -10   -8   47   97  261  -28   21    8  130   12   30  135   85   23  125  398  153  258  555  902  928  994  989
 13 ACT-R Lag2            6047   -77  -62    7  -11  -19   -9    9   75   18  159   69   71    0   23  -10   44   28   12  101   -7   23   52  285   57  -76   42   10   28  -15   33  490   82  187  192  236  140  280  583    8  994  998  997
 14 Piedra                6010   -67   -7  -30  -70  -49  -68  -32  -56  -42  -43  -36  -64  -23    0  -43  -26    5  -50  -41  -33  -47  -35   49  -49  -54  -17  102    2  -41   26  245  152  134  109  252  960  427  590  989  996  995 1000
 15 Bugbrain              6006   -27  -58  -26  -44  -16  -28   49  -31   41   78   81   17   10   43    0   51   32   13  168  -25   -2   45  120   57   22  -50  111   14   16   98  166   54   35  129  211  287  124  366  987  935  986  967
 16 Sweet Rocky           5892   -50  -68  -46  -51  -38  -43  -25  -29  -50  -31  -21  -65  -44   26  -51    0   46  -35  -49  -11  -40  -38   26  -32  -66  -53   61  -34   -4  177   98  171  192  103  192  801  406  593  998  986  993  997
 17 * Anti-rotn           5790   -43  -75  -61  -66  -43  -44  -45  -38  -42  -45  -50  -25  -28   -5  -32  -46    0   -5  -42  -26  -27  -17  271  497  -36  -41    0  -16  -43    1   78   56  196  311  516   41  174  597 1000  999  998  996
 18 Yomi AI               5656    -7  -35   30   17   31    7  -15   48   33   67   31  -27  -12   50  -13   35    5    0   79  -23   28   62  211   66  -56   -3  -27  -31  278   39  402   67  120   95  188   96  283  463  100  975 1000  999
 19 ZQ Bot                5511  -310 -256 -247 -278 -136 -102 -193 -164  -35  -26  -49  -92 -101   41 -168   49   42  -79    0  -76  -40  -26  256  -58   -7  -43  120   59   30  376  255  119  169  200  283  998  427  592  995  994  996  996
 20 Vroomfondel           4966     3  -17    3   -9  -12   71   37   28   33   63   77   10    7   33   25   11   26   23   76    0  -39   71  128   69    0   -5  -35  -21   17    7  240   68   67   75  263  -47  167  467    8  989  996  993
 21 Majikthise            4700    -5  -78   24  -49   10   19   25   24  -16   34   -6    8  -23   47    2   40   27  -28   40   39    0   52  211   49  -11  -13   -6  -20   34  -23  232   42   92  104  237    2  143  457   16  994  990  984
 22 Mixed Strategy        4653   -64  -70  -74 -156  -30  -85  -53  -55  -65  -20   16  -47  -52   35  -45   38   17  -62   26  -71  -52    0   28   -2  -42  -18  -31   -3   15   71  130  129   80    3   64  263  433  456  982  978  988  998
 23 Multi-strategy        2554  -276 -306 -139 -192 -235 -194 -194 -191 -317 -495 -339  -97 -285  -49 -120  -26 -271 -211 -256 -128 -211  -28    0 -162  -50  -20  -12  268    4   45   50  123  216  273  492  500  396  999  997  997  999  999
 24 Inocencio             2314  -240 -208 -198 -425 -127  -41 -138 -484  -36 -650 -646 -261  -57   49  -57   32 -497  -66   58  -69  -49    2  162    0  -15  -22   46  127  309   84  174  153  177  147  277  159  382  359  965  979  981  978
 25 * De Bruijn            859   -37  -31   13   38    4   -7   54   73  -17   61   46   28   76   54  -22   66   36   56    7    0   11   42   50   15    0   -1   26   28   27   39   29   23   24    1  -14   14   13  128   -1   21    0 -114
 26 * Pi                   378    55   21   21    3  -34   51   46  -19   -1   21   24  -21  -42   17   50   53   41    3   43    5   13   18   20   22    1    0  -33    2   -4    5   -9  -81  -14   39   15    8   19   30   22  -11  -11  -10
 27 * Add-drift          -1699  -129  -88 -269 -240   13  -42  -84 -309  -44  -21  -42   -8  -10 -102 -111  -61    0   27 -120   35    6   31   12  -46  -26   33    0   -3   27  -70  -17  -11   28    9  -17   -3  -25   19   23  -26   -4  -34
 28 * Copy-drift         -1773  -187  -64  -23 -298  -89 -107  -79 -284  -75  -34  -45 -130  -28   -2  -14   34   16   31  -59   21   20    3 -268 -127  -28   -2    3    0   17   11  -52   63  -18   -6   -8   17  -13    2   23   -5   -3   14
 29 * Foxtrot            -2178  -331 -316  -58   19 -404  -17 -246    1    3  -83  -74  -12   15   41  -16    4   43 -278  -30  -17  -34  -15   -4 -309  -27    4  -27  -17    0  -12  -31  -38   63   19   27   -3  -21  -12  -13   15    3   10
 30 * Add-react          -2797  -277 -373 -243 -109  -35  -94 -315 -117  -82  -80  -89  -30  -33  -26  -98 -177   -1  -39 -376   -7   23  -71  -45  -84  -39   -5   70  -11   12    0  -38  -27   -7 -102   -4  -52   14   15   41   76   24   14
 31 Knucklehead          -3010  -559 -392 -304 -232 -492 -458 -431 -312 -377 -257 -309 -135 -490 -245 -166  -98  -78 -402 -255 -240 -232 -130  -50 -174  -29    9   17   52   31   38    0   27    4    3  -28    3   69  105  885  622 1000 1000
 32 * Text               -3067  -139  -91 -142 -149 -149 -171  -92 -166 -102 -175 -181  -85  -82 -152  -54 -171  -56  -67 -119  -68  -42 -129 -123 -153  -23   81   11  -63   38   27  -27    0   13    8   28   21   20 -185  -74  -11 -185  112
 33 * Flat               -3151  -196 -117 -133  -58 -174  -52 -153  -77    0 -149 -232  -23 -187 -134  -35 -192 -196 -120 -169  -67  -92  -80 -216 -177  -24   14  -28   18  -63    7   -4  -13    0   24   19 -163   17  223  203   65   -3 -414
 34 * Switch A Lot       -3325   -47  -51 -228 -253 -172  -72 -116 -215 -178 -140 -166 -125 -192 -109 -129 -103 -311  -95 -200  -75 -104   -3 -273 -147   -1  -39   -9    6  -19  102   -3   -8  -24    0   25 -155   -7    9  361  -13    4  -50
 35 Always Switchin'     -7037  -249 -236 -422 -465 -330 -459 -224 -384 -426 -256 -215 -398 -236 -252 -211 -192 -516 -188 -283 -263 -237  -64 -492 -277   14  -15   17    8  -27    4   28  -28  -19  -25    0 -245   16    8  518  -16   -2    2
 36 Peterbot             -7408  -900 -925 -948 -685 -715 -799 -933 -319 -292 -925 -935 -153 -140 -960 -287 -801  -41  -96 -998   47   -2 -263 -500 -159  -14   -8    3  -17    3   52   -3  -21  163  155  245    0  381  435  982  999 1000  966
 37 R-P-S 20-20-60       -8849  -343 -139 -374 -415 -365 -435 -315 -413 -373 -385 -390 -258 -280 -427 -124 -406 -174 -283 -427 -167 -143 -433 -396 -382  -13  -19   25   13   21  -14  -69  -20  -17    7  -16 -381    0 -397 -161   20 -420  439
 38 Beat Frequent Pick  -14177  -953 -925 -955 -592 -762 -814 -591 -587 -753 -594 -593 -555 -583 -590 -366 -593 -597 -463 -592 -467 -457 -456 -999 -359 -128  -30  -19   -2   12  -15 -105  185 -223   -9   -8 -435  397    0 -600    0  999 1000
 39 Beat The Last Move  -19877  -987 -989 -990 -991 -995 -816 -994 -985 -984 -996 -992 -902   -8 -989 -987 -998 -1000 -100 -995   -8  -16 -982 -997 -965    1  -22  -23  -23   13  -41 -885   74 -203 -361 -518 -982  161  600    0    1 1000  997
 40 Rotate R-P-S        -26065  -982 -992 -991 -992 -995 -995 -993 -989 -989 -991 -993 -928 -994 -996 -935 -986 -999 -975 -994 -989 -994 -978 -997 -979  -21   11   26    5  -15  -76 -622   11  -65   13   16 -999  -20    0   -1    0    0 -682
 41 Good Ole Rock       -26285  -999 -996 -998 -996 -998 -996 -998 -993 -997 -999 -999 -994 -998 -995 -986 -993 -998 -1000 -996 -996 -990 -988 -999 -981    0   11    4    3   -3  -24 -1000  185    3   -4    2 -1000  420 -999 -1000    0    0 1000
 42 * Anti-Flat         -28082  -986 -984 -1000 -988 -999 -994 -1000 -994 -1000 -994 -1000 -989 -997 -1000 -967 -997 -996 -999 -996 -993 -984 -998 -999 -978  114   10   34  -14  -10  -14 -1000 -112  414   50   -2 -966 -439 -1000 -997  682 -1000    0

 Match results (draw <= 50): 

    Player Name           total  W  L  D   1  2  3  4  5  6  7  8  9 10 11 12 13 14 15 16 17 18 19 20 21 22 23 24 25 26 27 28 29 30 31 32 33 34 35 36 37 38 39 40 41 42
  1 Phasenbott              71  31  1  9   1  0  2  1  2  1  1  2  1  1  1  2  2  2  2  2  2  1  1  2  2  2  2  1  2  2  2  2  2  2  2  2  2  2  2  2  2  2  2  2  2  2
  2 Iocaine Powder          68  28  1 12   2  1  2  2  2  1  1  1  1  1  1  2  1  2  1  1  1  1  2  2  2  2  2  0  2  2  2  2  2  2  2  2  1  2  2  2  2  2  2  2  2  2
  3 MegaHAL                 65  26  2 13   0  0  1  2  2  1  1  1  1  1  1  1  2  2  2  1  1  1  1  2  2  2  2  1  2  2  2  2  2  1  2  2  2  2  2  2  2  2  2  2  2  2
  4 Simple Modeller         65  26  2 13   1  0  0  1  1  1  1  1  1  1  1  1  2  2  2  1  2  1  2  2  2  2  2  1  2  1  2  2  2  2  2  2  2  2  2  2  2  2  2  2  2  2
  5 RussRocker4             61  24  4 13   0  0  0  1  1  1  1  1  1  1  1  1  2  2  1  1  1  0  1  2  2  2  2  1  2  2  2  2  2  2  2  2  2  2  2  2  2  2  2  2  2  2
  6 Biopic                  60  19  0 22   1  1  1  1  1  1  1  1  1  1  1  1  1  1  1  1  1  1  1  2  2  2  2  1  1  2  2  1  2  2  1  2  2  2  2  2  2  2  2  2  2  2
  7 Shofar                  59  19  1 21   1  1  1  1  1  1  1  1  1  1  1  0  1  1  1  1  2  1  2  2  2  2  2  1  1  1  2  1  2  2  1  2  2  2  1  2  2  2  2  2  2  2
  8 Bugbrain                59  19  1 21   0  1  1  1  1  1  1  1  1  1  1  1  1  1  1  1  2  1  1  2  2  2  2  1  1  1  2  2  2  1  2  2  2  2  1  2  2  2  2  2  2  2
  9 Yomi AI                 58  18  1 22   1  1  1  1  1  1  1  1  1  1  1  1  1  1  1  1  1  0  1  1  2  2  2  1  2  2  2  1  2  1  1  2  2  2  2  2  2  2  2  2  2  2
 10 Vroomfondel             58  17  0 24   1  1  1  1  1  1  1  1  1  1  1  1  2  1  1  1  1  1  1  2  2  2  2  1  2  1  2  1  1  1  1  2  2  1  2  2  2  2  2  2  2  2
 11 Boom                    57  16  0 25   1  1  1  1  1  1  1  1  1  1  1  1  1  1  1  1  1  1  1  2  1  1  1  1  2  1  2  1  2  2  2  2  2  2  1  2  2  2  2  2  2  2
 12 ACT-R Lag2              57  19  3 19   0  0  1  1  1  1  2  1  1  1  1  1  1  2  1  1  1  0  1  2  2  2  2  1  2  1  2  1  2  1  1  2  2  1  2  2  2  2  2  2  2  2
 13 Robertot                56  21  6 14   0  1  0  0  0  1  1  1  1  0  1  1  1  2  1  1  1  1  2  2  2  2  1  0  2  1  2  1  2  2  2  2  2  2  2  2  2  2  2  2  2  2
 14 Simple Predictor        53  20  8 13   0  0  0  0  0  1  1  1  1  1  1  0  0  1  1  1  1  0  2  1  1  2  2  1  2  1  2  2  2  2  2  2  2  2  2  2  2  2  2  2  2  2
 15 * Anti-rotn             51  13  3 25   0  1  0  0  1  1  1  1  1  1  1  1  1  1  1  1  1  1  1  1  1  1  2  1  1  1  2  1  1  1  1  2  2  2  2  2  2  2  2  2  2  2
 16 Majikthise              51  11  1 29   0  1  1  1  1  1  1  1  1  1  1  1  1  1  1  1  1  1  1  1  1  1  1  1  2  1  2  1  1  1  1  2  2  1  2  2  1  2  2  2  2  2
 17 Sweet Rocky             49  14  6 21   0  1  1  0  1  1  0  0  1  1  1  1  1  1  1  1  1  0  1  1  1  1  1  0  1  1  1  2  2  1  2  2  2  2  2  2  2  2  2  2  2  2
 18 * De Bruijn             48   8  1 32   1  1  1  1  2  1  1  1  2  1  1  2  1  2  1  1  2  1  2  1  2  1  1  1  1  1  1  1  1  1  1  1  1  1  1  1  1  1  2  0  1  1
 19 Piedra                  48  13  6 22   1  0  1  0  1  1  0  1  1  1  1  1  0  0  1  1  1  0  1  1  1  1  1  1  1  1  1  2  2  1  1  2  2  2  2  2  2  2  2  2  2  2
 20 Marble                  45  16 12 13   0  0  0  0  0  0  0  0  1  0  0  0  0  1  1  1  1  1  1  1  1  1  2  1  1  2  2  1  2  1  2  2  2  2  2  2  2  2  2  2  2  2
 21 Granite                 44  16 13 12   0  0  0  0  0  0  0  0  0  0  1  0  0  1  1  1  1  0  1  1  1  1  2  1  1  2  2  1  2  1  2  2  2  2  2  2  2  2  2  2  2  2
 22 ZQ Bot                  43  16 14 11   0  0  0  0  0  0  0  0  0  0  1  0  0  0  1  1  1  1  1  1  1  1  0  1  1  1  2  2  2  2  2  2  2  2  2  2  2  2  2  2  2  2
 23 Inocencio               43  17 15  9   0  0  0  0  0  0  0  0  0  0  1  0  1  0  0  1  1  1  1  0  0  2  1  1  1  2  2  1  2  2  2  2  2  2  2  2  2  2  2  2  2  2
 24 * Pi                    43   3  1 37   1  2  1  1  1  1  1  1  1  1  1  1  2  1  1  1  2  1  1  1  1  1  1  1  1  1  1  1  1  1  1  1  1  1  1  1  0  1  1  1  1  1
 25 Mixed Strategy          41  12 12 17   0  0  0  0  0  1  1  1  0  0  0  0  0  0  1  0  1  1  1  1  1  1  1  1  1  1  1  1  2  1  2  2  1  2  2  2  2  2  2  2  2  2
 26 * Foxtrot               33   1  9 31   0  0  0  1  0  0  1  1  0  1  1  1  1  1  1  1  1  1  1  0  0  1  0  1  1  1  1  1  1  1  1  1  1  1  2  1  1  1  1  1  1  1
 27 Multi-strategy          33  12 20  9   0  0  0  0  0  0  0  0  0  0  0  0  0  0  0  0  1  1  1  0  0  0  0  1  1  1  1  1  2  2  1  1  2  2  2  2  2  2  2  2  2  2
 28 * Add-drift             30   0 11 30   0  0  0  0  0  1  1  0  1  1  1  1  1  0  1  1  0  1  0  1  1  0  1  1  1  1  1  1  1  1  0  1  1  1  1  1  1  1  1  1  1  1
 29 Peterbot                30  10 21 10   0  0  0  0  0  0  0  0  0  1  0  0  0  0  1  1  0  1  0  0  0  0  0  1  0  1  0  1  1  1  2  1  2  2  2  2  1  2  2  2  2  2
 30 * Copy-drift            29   1 13 27   0  0  1  0  0  0  0  1  1  1  0  1  0  0  1  1  1  1  1  1  1  0  0  1  1  1  0  1  1  1  1  0  1  1  1  1  2  1  1  1  1  1
 31 * Add-react             26   2 17 22   0  0  0  0  0  1  1  0  1  1  0  1  0  0  1  1  0  1  1  0  0  0  0  1  0  1  1  2  0  1  1  1  0  1  1  1  1  1  1  1  1  2
 32 Knucklehead             25   7 23 11   0  0  0  0  0  0  0  0  0  0  0  0  0  0  0  0  0  1  0  0  0  0  0  1  0  1  1  1  1  2  1  1  1  2  1  1  1  2  2  2  2  2
 33 * Switch A Lot          20   2 23 16   0  1  0  0  0  0  0  0  0  0  0  0  0  0  0  0  0  1  0  0  0  0  0  1  1  1  0  1  0  1  2  1  1  2  1  1  1  1  1  1  1  1
 34 Beat The Last Move      20   5 26 10   0  0  0  0  0  0  0  0  0  1  0  1  0  0  0  1  0  1  0  0  0  0  0  1  0  1  0  1  0  1  1  0  0  1  0  0  2  2  2  2  2  1
 35 * Flat                  20   3 24 14   0  0  0  0  0  0  1  1  0  0  1  0  0  0  0  0  0  1  0  0  0  0  0  1  0  0  0  1  0  1  1  1  1  2  1  1  1  1  2  0  1  2
 36 Always Switchin'        17   1 25 15   0  0  0  0  0  0  0  0  0  0  0  0  0  0  0  0  0  1  0  0  0  0  0  1  0  1  0  1  0  1  1  1  1  2  1  1  1  1  1  1  1  1
 37 * Text                  16   2 27 12   0  0  0  0  0  0  0  0  0  0  0  0  0  0  0  1  0  1  0  0  0  0  0  2  0  1  0  1  1  0  1  1  1  0  1  1  1  0  0  2  1  1
 38 Good Ole Rock           16   3 28 10   0  0  0  0  0  0  0  0  0  0  0  0  0  0  0  0  0  1  0  0  0  0  0  1  0  1  0  1  0  1  1  0  1  0  1  1  2  1  0  2  2  1
 39 Beat Frequent Pick      16   4 29  8   0  0  0  0  0  0  0  0  0  0  0  0  0  0  0  0  0  0  0  0  0  0  0  1  0  1  0  1  0  1  1  0  1  0  0  1  2  2  1  2  2  1
 40 * Anti-Flat             13   3 31  7   0  0  0  0  0  0  0  0  0  0  0  0  0  0  0  0  0  2  0  0  0  0  0  1  0  1  0  1  0  1  1  0  1  0  2  1  0  0  0  1  0  2
 41 R-P-S 20-20-60          13   1 29 11   0  0  0  0  0  0  0  0  0  0  0  0  0  0  0  0  0  1  0  0  0  0  0  1  0  1  0  1  0  1  1  0  1  0  1  1  1  0  0  2  1  1
 42 Rotate R-P-S            12   0 29 12   0  0  0  0  0  0  0  0  0  0  0  0  0  0  0  0  0  1  0  0  0  0  0  1  0  1  0  1  0  1  0  0  1  1  0  1  1  1  1  0  1  1


   Yomi AI is match ranked 9

 Tournament results:
    Player Name          total 
  1 Yomi AI               5656 
 15 * Anti-rotn           5790 
 19 Iocaine Powder       10964 
 20 Phasenbott           10029 
 21 MegaHAL               9534 
 22 RussRocker4           7377 
 23 Biopic                8591 
 24 Simple Modeller       9111 
 25 Simple Predictor      7152 
 26 Robertot              7658 
 27 Boom                  7105 
 28 Shofar                6458 
 29 ACT-R Lag2            6047 
 32 Granite               6748 
 33 Marble                6717 
 35 Sweet Rocky           5892 
 36 Piedra                6010 
 41 Bugbrain              6006 

   Yomi is tournament ranked 18

