 Playing 1 tournaments with 1000 trials per match...

 Yomi AI            vs Good Ole Rock       Match: 1000 (1000+   0-   0=)
 Yomi AI            vs R-P-S 20-20-60      Match:  299 (517+ 218- 265=)
 Yomi AI            vs Rotate R-P-S        Match:  980 (983+   3-  14=)
 Yomi AI            vs Beat The Last Move  Match:   63 (379+ 316- 305=)
 Yomi AI            vs Always Switchin'    Match:  162 (462+ 300- 238=)
 Yomi AI            vs Beat Frequent Pick  Match:  527 (709+ 182- 109=)
 Yomi AI            vs * Pi                Match:  -55 (299+ 354- 347=)
 Yomi AI            vs * Switch A Lot      Match:   70 (386+ 316- 298=)
 Yomi AI            vs * Flat              Match:   98 (417+ 319- 264=)
 Yomi AI            vs * Anti-Flat         Match:  999 (999+   0-   1=)
 Yomi AI            vs * Foxtrot           Match:  265 (496+ 231- 273=)
 Yomi AI            vs * De Bruijn         Match:   21 (327+ 306- 367=)
 Yomi AI            vs * Text              Match:   65 (379+ 314- 307=)
 Yomi AI            vs * Anti-rotn         Match:   34 (349+ 315- 336=)
 Yomi AI            vs * Copy-drift        Match:  -47 (300+ 347- 353=)
 Yomi AI            vs * Add-react         Match:   20 (356+ 336- 308=)
 Yomi AI            vs * Add-drift         Match:  -22 (326+ 348- 326=)
 Yomi AI            vs Iocaine Powder      Match:  -52 (297+ 349- 354=)
 Yomi AI            vs Phasenbott          Match:  -51 (315+ 366- 319=)
 Yomi AI            vs MegaHAL             Match:    5 (336+ 331- 333=)
 Yomi AI            vs RussRocker4         Match:  -17 (350+ 367- 283=)
 Yomi AI            vs Biopic              Match:    6 (379+ 373- 248=)
 Yomi AI            vs Simple Modeller     Match:  -44 (305+ 349- 346=)
 Yomi AI            vs Simple Predictor    Match:   35 (391+ 356- 253=)
 Yomi AI            vs Robertot            Match:    5 (347+ 342- 311=)
 Yomi AI            vs Boom                Match:    9 (340+ 331- 329=)
 Yomi AI            vs Shofar              Match:  -44 (323+ 367- 310=)
 Yomi AI            vs ACT-R Lag2          Match:  -23 (310+ 333- 357=)
 Yomi AI            vs Majikthise          Match:    1 (342+ 341- 317=)
 Yomi AI            vs Vroomfondel         Match:   28 (369+ 341- 290=)
 Yomi AI            vs Granite             Match:  105 (431+ 326- 243=)
 Yomi AI            vs Marble              Match:   63 (400+ 337- 263=)
 Yomi AI            vs ZQ Bot              Match:   26 (369+ 343- 288=)
 Yomi AI            vs Sweet Rocky         Match:   51 (353+ 302- 345=)
 Yomi AI            vs Piedra              Match:   29 (378+ 349- 273=)
 Yomi AI            vs Mixed Strategy      Match:   80 (402+ 322- 276=)
 Yomi AI            vs Multi-strategy      Match:  219 (484+ 265- 251=)
 Yomi AI            vs Inocencio           Match:   13 (347+ 334- 319=)
 Yomi AI            vs Peterbot            Match:   46 (363+ 317- 320=)
 Yomi AI            vs Bugbrain            Match:  -31 (315+ 346- 339=)
 Yomi AI            vs Knucklehead         Match:  466 (658+ 192- 150=)
 Final results (draw value = 50):

 Tournament results: 

    Player Name          total     1    2    3    4    5    6    7    8    9   10   11   12   13   14   15   16   17   18   19   20   21   22   23   24   25   26   27   28   29   30   31   32   33   34   35   36   37   38   39   40   41   42
  1 Iocaine Powder       10714     0  122   74   50   37   -5  535  167   19   64   13  201  215   16   27   30  318   52   43    7   -4   61  234  254   37  -20  128  198  331  297  139  196   22  574  886  221  317  905  983  985  999  986
  2 Phasenbott            9853  -122    0   30   70    7   32  516  144   73   41   50  234  205   14   24   11  270   51   75  -15  -19   40  197  138   31  -15  105   87  316  346   91  117   78  450  896  256  134  932  985  995  999  984
  3 MegaHAL               9474   -74  -30    0  -47   15  -12  102   89   54   20   12  229  267  -13   -3   17  274   -5   61  -10  -37   95  239  187  -13   -3  198   65   58  250  142  133  231  364  885  444  379  934  990  988  999 1000
  4 Simple Modeller       9105   -50  -70   47    0    8   15   38  324   35    5   27   58  114  -11   37   33  305   44   66   17    9   50  196  682  -38  -48  251  272  -19   97  149   58  209  157  624  458  391  595  990  994  998  988
  5 Biopic                9030   -37   -7  -15   -8    0   47    0   74   44   46    0  119  131  -33  -18   38   83   -6   43   10  -17   71  316  135   -4    5  -25   84  404   69  149  174  169  506  825  360  416  898  997  994  994  999
  6 Robertot              8016     5  -32   12  -15  -47    0  -33   34   65  -14   48   33   65   51   38   32  105   -5   44   46   12   62  173   39    7   16   23   51   17   92  171   52   86  396  719  461  403  855  964  991 1000  994
  7 RussRocker4           7649  -535 -516 -102  -38    0   33    0   99   44  -27   41  163  116   17  -17   65  144   17   45    6   37   59  262  146  -54  -12  115  101  246  299   92  153  141  457  946  200  332  590  993  993  998 1000
  8 Simple Predictor      7325  -167 -144  -89 -324  -74  -34  -99    0   32  -52    9   25   19  -40   34   41  170  -35   38  -36   24   29  191  788  -73  -14  249  270   -1   97  166   77  219  308  322  429  416  592  985  990  993  994
  9 Piedra                6971   -19  -73  -54  -35  -44  -65  -44  -32    0  -21  -55  -37  -35  -66  -57  -70  -48  -29   63  -61  -41  -18  102  777  -54  -29    8   20  -41  211  152  134  109  248  909  308  391  596  986  988  997 1000
 10 ACT-R Lag2            6783   -64  -41  -20   -5  -46   14   27   52   21    0   11  122  135   18   48    9  110   23   46    5   -2   62  341   51  -76  -29  -16   22  -15   -6   82  187  192  531   63  293  314  576  767  992  992  997
 11 Boom                  6780   -13  -50  -12  -27    0  -48  -41   -9   55  -11    0   80   58    3  -21   54   31   -9   42  -33  -29   14  128   81   17   13   -6   49   -3  108  102    0  190  385  549  431  268  753  695  989  997 1000
 12 Marble                6738  -201 -234 -229  -58 -119  -33 -163  -25   37 -122  -80    0   -1  -17 -104   -9   10  -63   59  -23  -31   18  340  652  -46  -54   50   32   74   97  181  232  166  254  921  218  432  591  991  995 1000 1000
 13 Granite               6502  -215 -205 -267 -114 -131  -65 -116  -19   35 -135  -58    1    0  -55  -81   27    9 -105   73  -50  -42   23  340  653  -61  -35   70   12   83   66  175  149  140  294  890  233  408  594  992  995 1000  994
 14 Shofar                6015   -16  -14   13   11   33  -51  -17   40   66  -18   -3   17   55    0   26   42   12   44   34  -12  -50   11  138   22  -79   10   10   63   50   95   91   33  174   91   46  426  270  552  908  932  984  976
 15 Bugbrain              5972   -27  -24    3  -37   18  -38   17  -34   57  -48   21  104   81  -26    0   74  212   31   50  -25    4   31  117   66   22   36   98   70   16   95   54   35  129   72  125  249  171  382  922  913  989  967
 16 Sweet Rocky           5865   -30  -11  -17  -33  -38  -32  -65  -41   70   -9  -54    9  -27  -42  -74    0  -52  -51   56  -39  -26  -35   75  -28  -66   44   33   29   -4  364  171  192  103  197  168  116  448  590  992  989  996  997
 17 ZQ Bot                5439  -318 -270 -274 -305  -83 -105 -144 -170   48 -110  -31  -10   -9  -12 -212   52    0  -26   51  -57  -50   21  258  -31   -7    9   52   64   30  195  119  169  200  230  909  283  405  593  993  992  994  996
 18 Yomi AI               5404   -52  -51    5  -44    6    5  -17   35   29  -23    9   63  105  -44  -31   51   26    0   34    1   28   80  219   13   21  -55  -22  -47  265   20   65   98   70  466   46  162  299  527   63  980 1000  999
 19 * Anti-rotn           4995   -43  -75  -61  -66  -43  -44  -45  -38  -63  -46  -42  -59  -73  -34  -50  -56  -51  -34    0   -4    4  -33  243  373  -36  -56    0  -16  -43    1   56  196  328   92   91  510  222  499  499  999  997  996
 20 Majikthise            4911    -7   15   10  -17  -10  -46   -6   36   61   -5   33   23   50   12   25   39   57   -1    4    0   32   15  156   78  -11   -8   37  -10   34    4   42   92  104  158   37  270  197  455  -17  991  998  984
 21 Vroomfondel           4716     4   19   37   -9   17  -12  -37  -24   41    2   29   31   42   50   -4   26   50  -28   -4  -32    0   79  193   59    0    2   -7   15   17   -5   68   67   75  228    7  232  129  428  -46  988  996  993
 22 Mixed Strategy        4639   -61  -40  -95  -50  -71  -62  -59  -29   18  -62  -14  -18  -23  -11  -31   35  -21  -80   33  -15  -79    0  -19   45  -42  -68   -5   -2   15  -17  129   80    3  201   90  176  409  467  982  936  996  998
 23 Multi-strategy        2153  -234 -197 -239 -196 -316 -173 -262 -191 -102 -341 -128 -340 -340 -138 -117  -75 -258 -219 -243 -156 -193   19    0 -131  -50  -20  -86  247    4   67  123  216  273  109  -18  472  395  999  997  997  999  999
 24 Inocencio             1122  -254 -138 -187 -682 -135  -39 -146 -788 -777  -51  -81 -652 -653  -22  -66   28   31  -13 -373  -78  -59  -45  131    0  -15  -19  -18  166  309   89  153  177  147  191  110  235  378  361  970  981  978  978
 25 * De Bruijn            859   -37  -31   13   38    4   -7   54   73   54   76  -17   46   61   79  -22   66    7  -21   36   11    0   42   50   15    0   -1   26   28   27   39   23   24   24   29   14  -20   22  128   -1   21    0 -114
 26 * Pi                   335    20   15    3   48   -5  -16   12   14   29   29  -13   54   35  -10  -36  -44   -9   55   56    8   -2   68   20   19    1    0    7   -6   11   -4  -81  -11   38   10   15    6  -21   30   22  -11  -11  -10
 27 * Add-drift          -1182  -128 -105 -198 -251   25  -23 -115 -249   -8   16    6  -50  -70  -10  -98  -33  -52   22    0  -37    7    5   86   18  -26   -7    0   24   27   -8  -11   28    8   31    1   15    5  -11  -11   12   17  -34
 28 * Copy-drift         -2003  -198  -87  -65 -272  -84  -51 -101 -270  -20  -22  -49  -32  -12  -63  -70  -29  -64   47   16   10  -15    2 -247 -166  -28    6  -24    0   17  -13   63  -18   -7  -71   36    5  -45    2  -39  -40  -19   14
 29 * Foxtrot            -2234  -331 -316  -58   19 -404  -17 -246    1   41   15    3  -74  -83  -50  -16    4  -30 -265   43  -34  -17  -15   -4 -309  -27  -11  -27  -17    0  -12  -38   63   20  -31   -3   23  -11  -21   -8   -7    6   10
 30 * Add-react          -3004  -297 -346 -250  -97  -69  -92 -299  -97 -211    6 -108  -97  -66  -95  -95 -364 -195  -20   -1   -4    5   17  -67  -89  -39    4    8   13   12    0  -27   -7  -78    1  -41  -39    2    5   59   53  -13   14
 31 * Text               -3092  -139  -91 -142 -149 -149 -171  -92 -166 -152  -82 -102 -181 -175  -91  -54 -171 -119  -65  -56  -42  -68 -129 -123 -153  -23   81   11  -63   38   27    0   13   16  -27   21   16    3 -185  -74  -11 -185  112
 32 * Flat               -3323  -196 -117 -133  -58 -174  -52 -153  -77 -134 -187    0 -232 -149  -33  -35 -192 -169  -98 -196  -92  -67  -80 -216 -177  -24   11  -28   18  -63    7  -13    0  -30   -4 -163  -16  -34  222  202   24   -1 -414
 33 * Switch A Lot       -3472   -22  -78 -231 -209 -169  -86 -141 -219 -109 -192 -190 -166 -140 -174 -129 -103 -200  -70 -328 -104  -75   -3 -273 -147  -24  -38   -8    7  -20   78  -16   30    0   -4 -155  -13   31    5  304  -57  -23  -11
 34 Knucklehead          -3597  -574 -450 -364 -157 -506 -396 -457 -308 -248 -531 -385 -254 -294  -91  -72 -197 -230 -466  -92 -158 -228 -201 -109 -191  -29  -10  -31   71   31   -1   27    4    4    0  -16   -2   59   51  967  251  986 1000
 35 Peterbot             -5751  -886 -896 -885 -624 -825 -719 -946 -322 -909  -63 -549 -921 -890  -46 -125 -168 -909  -46  -91  -37   -7  -90   18 -110  -14  -15   -1  -36    3   41  -21  163  155   16    0  240  406  431  963  999  999  966
 36 Always Switchin'     -7156  -221 -256 -444 -458 -360 -461 -200 -429 -308 -293 -431 -218 -233 -426 -249 -116 -283 -162 -510 -270 -232 -176 -472 -235   20   -6  -15   -5  -23   39  -16   16   13    2 -240    0    7   16  510   16   -4  -43
 37 R-P-S 20-20-60       -9145  -317 -134 -379 -391 -416 -403 -332 -416 -391 -314 -268 -432 -408 -270 -171 -448 -405 -299 -222 -197 -129 -409 -395 -378  -22   21   -5   45   11   -2   -3   34  -31  -59 -406   -7    0 -355 -166   25 -446  145
 38 Beat Frequent Pick  -14186  -905 -932 -934 -595 -898 -855 -590 -592 -596 -576 -753 -591 -594 -552 -382 -590 -593 -527 -499 -455 -428 -467 -999 -361 -128  -30   11   -2   21   -5  185 -222   -5  -51 -431  -16  355    0 -600    0  999  997
 39 Beat The Last Move  -19712  -983 -985 -990 -990 -997 -964 -993 -985 -986 -767 -695 -991 -992 -908 -922 -992 -993  -63 -499   17   46 -982 -997 -970    1  -22   11   39    8  -59   74 -202 -304 -967 -963 -510  166  600    0    1 1000  996
 40 Rotate R-P-S        -25523  -985 -995 -988 -994 -994 -991 -993 -990 -988 -992 -989 -995 -995 -932 -913 -989 -992 -980 -999 -991 -988 -936 -997 -981  -21   11  -12   40    7  -53   11  -24   57 -251 -999  -16  -25    0   -1    0    0 -660
 41 Good Ole Rock       -26199  -999 -999 -999 -998 -994 -1000 -998 -993 -997 -992 -997 -1000 -1000 -984 -989 -996 -994 -1000 -997 -998 -996 -996 -999 -978    0   11  -17   19   -6   13  185    1   23 -986 -999    4  446 -999 -1000    0    0  999
 42 * Anti-Flat         -27786  -986 -984 -1000 -988 -999 -994 -1000 -994 -1000 -997 -1000 -1000 -994 -976 -967 -997 -996 -999 -996 -984 -993 -998 -999 -978  114   10   34  -14  -10  -14 -112  414   11 -1000 -966   43 -145 -997 -996  660 -999    0

 Match results (draw <= 50): 

    Player Name           total  W  L  D   1  2  3  4  5  6  7  8  9 10 11 12 13 14 15 16 17 18 19 20 21 22 23 24 25 26 27 28 29 30 31 32 33 34 35 36 37 38 39 40 41 42
  1 Iocaine Powder          68  27  0 14   1  2  2  1  1  1  2  1  1  2  2  1  1  1  2  1  1  2  1  2  1  2  1  2  2  2  2  2  2  2  2  2  1  2  2  2  2  2  2  2  2  2
  2 Phasenbott              67  27  1 13   0  1  1  1  2  1  2  1  1  1  2  1  1  1  2  1  1  2  2  2  2  2  1  1  2  2  2  2  2  2  2  2  2  2  2  2  2  2  2  2  2  2
  3 MegaHAL                 66  26  1 14   0  1  1  1  1  1  2  1  1  1  1  1  1  1  2  1  1  2  2  2  2  2  1  2  2  2  2  2  2  2  2  2  2  2  2  2  2  2  2  2  2  2
  4 Biopic                  63  22  0 19   1  1  1  1  1  1  1  1  1  1  1  1  1  1  2  1  1  2  1  2  1  2  1  2  2  2  1  2  2  2  2  2  2  2  2  2  2  2  2  2  2  2
  5 Simple Modeller         62  22  1 18   1  0  1  1  1  1  1  1  1  1  1  1  1  1  2  1  1  2  1  2  2  2  1  1  2  1  2  2  2  2  2  2  2  2  2  2  2  2  2  2  2  2
  6 Bugbrain                62  21  0 20   1  1  1  1  1  1  1  1  1  1  1  1  1  1  1  2  1  2  2  2  1  2  1  1  2  1  2  2  2  2  2  2  2  1  2  2  2  2  2  2  2  2
  7 RussRocker4             61  24  4 13   0  0  0  1  1  1  1  1  1  1  1  1  1  1  2  2  0  2  1  2  1  2  1  2  2  2  2  2  2  2  2  2  2  2  2  2  2  2  2  2  2  2
  8 Robertot                61  20  0 21   1  1  1  1  1  1  1  1  1  1  1  2  1  1  1  1  1  2  2  1  1  2  1  2  1  1  1  2  2  2  2  2  2  2  2  2  2  2  2  2  2  2
  9 Boom                    59  18  0 23   1  1  1  1  1  1  1  1  1  1  1  1  1  1  1  2  1  1  2  2  1  2  1  1  2  1  1  2  2  1  2  2  2  1  2  2  2  2  2  2  2  2
 10 ACT-R Lag2              58  19  2 20   0  1  1  1  1  1  1  1  1  1  1  1  1  1  2  1  0  2  1  2  1  2  1  2  2  1  1  2  2  1  1  2  2  2  2  2  2  2  2  2  2  2
 11 Yomi AI                 55  17  3 21   0  0  1  1  1  1  1  1  1  1  1  1  1  1  1  2  1  1  1  2  1  2  0  2  1  2  1  2  1  1  1  2  2  2  2  2  2  2  2  2  2  2
 12 Shofar                  54  15  2 24   1  1  1  1  1  1  1  0  1  1  1  1  1  1  1  1  0  1  2  1  1  2  1  1  1  1  1  2  1  2  2  2  2  1  2  2  2  2  2  2  2  2
 13 Majikthise              54  13  0 28   1  1  1  1  1  1  1  1  1  1  1  1  1  1  1  1  1  2  2  1  1  1  1  1  2  1  1  2  1  1  1  2  2  2  1  2  1  2  2  2  2  2
 14 Vroomfondel             54  13  0 28   1  1  1  1  1  1  1  1  1  1  1  1  1  1  1  1  1  1  1  1  1  1  1  2  2  1  1  2  1  1  1  2  2  2  1  2  2  2  2  2  2  2
 15 Simple Predictor        51  18  8 15   0  0  0  0  0  1  0  1  1  0  1  1  1  1  1  1  0  2  1  1  1  1  1  1  2  1  2  2  2  2  2  2  2  2  2  2  2  2  2  2  2  2
 16 Sweet Rocky             51  16  6 19   1  1  1  1  1  0  0  1  0  1  0  1  1  1  1  1  0  0  2  1  2  1  1  1  1  1  1  2  2  1  2  2  2  2  2  2  2  2  2  2  2  2
 17 * De Bruijn             48   8  1 32   1  1  1  1  1  1  2  1  1  2  1  2  1  1  2  2  1  1  2  1  1  2  1  1  1  1  1  1  1  1  1  1  1  1  1  1  1  1  2  1  0  1
 18 ZQ Bot                  48  18 11 12   0  0  0  0  0  0  0  0  1  0  1  1  0  1  0  2  1  1  1  1  2  1  1  1  1  1  2  2  2  2  2  2  2  2  2  2  2  2  2  2  2  2
 19 Piedra                  48  16  9 16   1  0  0  1  1  0  1  0  0  1  1  0  0  1  1  0  0  1  1  1  2  1  1  1  2  1  1  2  2  1  2  2  2  2  2  2  2  2  2  2  2  2
 20 Marble                  47  17 11 13   0  0  0  0  0  0  0  1  0  0  0  1  1  1  1  1  1  1  1  1  2  1  0  1  2  2  1  2  2  1  2  2  2  2  2  2  2  2  2  2  2  2
 21 * Anti-rotn             46  14  9 18   1  0  0  1  0  1  1  1  1  1  1  1  1  1  1  0  1  0  0  0  1  0  0  1  2  1  1  2  2  1  1  2  2  2  2  2  2  2  2  2  2  2
 22 Granite                 46  18 13 10   0  0  0  0  0  0  0  0  0  0  0  0  1  1  1  1  0  1  1  1  2  1  1  1  2  2  2  2  2  1  2  2  2  2  2  2  2  2  2  2  2  2
 23 * Pi                    44   4  1 36   1  1  1  1  1  1  1  1  1  1  2  1  1  1  1  1  1  1  1  2  2  1  1  2  1  1  1  1  1  1  1  1  1  1  1  1  0  1  1  1  1  1
 24 Mixed Strategy          43  11  9 21   0  1  0  0  1  1  0  0  1  0  0  1  1  0  1  1  1  1  1  1  1  1  0  1  1  1  1  1  2  1  1  2  1  2  2  2  2  2  2  2  2  2
 25 Inocencio               41  16 16  9   0  0  0  0  0  0  0  1  0  0  1  1  0  0  0  1  1  1  0  0  0  0  1  1  1  2  1  2  2  2  2  2  2  2  2  2  2  2  2  2  2  2
 26 * Foxtrot               33   1  9 31   0  0  0  0  1  1  0  1  1  1  0  1  1  1  1  1  1  1  1  0  1  0  1  1  0  1  1  1  1  1  1  1  1  2  1  1  1  1  1  1  1  1
 27 * Add-drift             33   1  9 31   0  0  0  1  0  0  0  1  1  1  1  1  1  1  0  1  1  0  1  1  1  0  1  1  1  1  1  2  1  1  1  1  1  1  1  1  1  1  1  1  1  1
 28 Multi-strategy          31  13 23  5   0  0  0  0  0  0  0  0  0  0  0  0  0  0  0  0  1  0  0  0  0  0  1  1  0  1  0  1  1  2  2  2  2  2  2  2  2  2  2  2  2  2
 29 Peterbot                31   9 19 13   0  0  0  0  0  0  0  0  0  0  1  1  1  1  0  0  1  0  0  0  0  0  1  0  0  1  1  1  1  1  1  1  2  2  2  2  1  2  2  2  2  2
 30 * Copy-drift            28   1 14 26   0  0  0  0  0  0  0  0  1  1  1  0  1  1  0  1  1  0  1  1  1  1  1  1  0  1  1  0  1  1  1  0  1  1  1  1  2  1  1  1  1  1
 31 * Add-react             24   2 19 20   0  0  0  0  0  0  0  0  0  1  1  0  1  1  0  0  1  0  0  0  1  0  1  1  0  1  1  0  1  1  1  1  0  1  2  1  1  1  1  2  1  1
 32 Knucklehead             24   7 24 10   0  0  0  0  0  0  0  0  0  0  0  0  0  0  0  0  1  0  0  0  0  0  1  0  0  1  1  0  1  2  1  1  1  1  2  1  1  2  2  2  2  2
 33 * Switch A Lot          19   2 24 15   1  0  0  0  0  0  0  0  0  0  0  0  0  0  0  0  1  0  0  0  0  0  1  1  0  1  1  0  0  1  2  1  1  1  2  1  1  1  1  0  1  1
 34 * Flat                  19   2 24 15   0  0  0  0  0  1  0  0  1  0  0  1  0  0  0  0  1  0  0  0  0  0  1  0  0  0  1  0  0  1  1  1  1  1  2  1  1  1  2  1  0  1
 35 Beat The Last Move      18   5 28  8   0  0  0  0  0  0  0  0  0  0  0  0  1  1  0  0  1  0  0  0  0  0  1  0  0  1  1  0  0  1  0  0  0  0  1  0  2  2  2  1  2  2
 36 Always Switchin'        17   1 25 15   0  0  0  0  0  0  0  0  0  0  0  0  0  0  0  0  1  0  0  0  0  0  1  0  0  1  1  0  0  1  1  1  1  1  2  1  1  1  1  1  1  1
 37 * Text                  16   2 27 12   0  0  0  0  0  0  0  0  0  0  0  0  1  0  0  0  1  0  0  0  0  0  2  0  0  1  1  0  1  0  1  1  1  1  0  1  1  0  0  1  2  1
 38 Good Ole Rock           16   3 28 10   0  0  0  0  0  0  0  0  0  0  0  0  0  0  0  0  1  0  0  0  0  0  1  0  0  1  1  0  0  1  1  0  1  1  0  1  2  1  0  1  2  2
 39 Beat Frequent Pick      16   4 29  8   0  0  0  0  0  0  0  0  0  0  0  0  0  0  0  0  0  0  0  0  0  0  1  0  0  1  1  0  0  1  1  0  1  0  0  1  2  2  1  1  2  2
 40 Rotate R-P-S            14   1 28 12   0  0  0  0  0  0  0  0  0  0  0  0  0  0  0  0  1  0  0  0  0  0  1  0  0  1  1  0  0  1  0  0  2  1  1  1  1  1  1  1  0  1
 41 * Anti-Flat             13   3 31  7   0  0  0  0  0  0  0  0  0  0  0  0  0  0  0  0  2  0  0  0  0  0  1  0  0  1  1  0  0  1  1  0  1  2  0  1  0  0  0  2  1  0
 42 R-P-S 20-20-60          13   1 29 11   0  0  0  0  0  0  0  0  0  0  0  0  0  0  0  0  1  0  0  0  0  0  1  0  0  1  1  0  0  1  1  0  1  1  0  1  1  0  0  1  2  1


   Yomi AI is match ranked 11

 Tournament results:
    Player Name          total 
  1 Yomi AI               5404 
 19 Iocaine Powder       10714 
 20 Phasenbott            9853 
 21 MegaHAL               9474 
 22 RussRocker4           7649 
 23 Biopic                9030 
 24 Simple Modeller       9105 
 25 Simple Predictor      7325 
 26 Robertot              8016 
 27 Boom                  6780 
 28 Shofar                6015 
 29 ACT-R Lag2            6783 
 32 Granite               6502 
 33 Marble                6738 
 34 ZQ Bot                5439 
 35 Sweet Rocky           5865 
 36 Piedra                6971 
 41 Bugbrain              5972 

   Yomi is tournament ranked 18

