 Playing 1 tournaments with 1000 trials per match...

 Yomi AI            vs Good Ole Rock       Match: 1000 (1000+   0-   0=)
 Yomi AI            vs R-P-S 20-20-60      Match:  345 (557+ 212- 231=)
 Yomi AI            vs Rotate R-P-S        Match:  992 (993+   1-   6=)
 Yomi AI            vs Beat The Last Move  Match:    7 (370+ 363- 267=)
 Yomi AI            vs Always Switchin'    Match:  182 (465+ 283- 252=)
 Yomi AI            vs Beat Frequent Pick  Match:  486 (656+ 170- 174=)
 Yomi AI            vs * Pi                Match:  -37 (324+ 361- 315=)
 Yomi AI            vs * Switch A Lot      Match:   93 (391+ 298- 311=)
 Yomi AI            vs * Flat              Match:  175 (456+ 281- 263=)
 Yomi AI            vs * Anti-Flat         Match:  999 (999+   0-   1=)
 Yomi AI            vs * Foxtrot           Match:  327 (544+ 217- 239=)
 Yomi AI            vs * De Bruijn         Match:  -23 (320+ 343- 337=)
 Yomi AI            vs * Text              Match:  102 (391+ 289- 320=)
 Yomi AI            vs * Anti-rotn         Match:   51 (370+ 319- 311=)
 Yomi AI            vs * Copy-drift        Match:  -10 (325+ 335- 340=)
 Yomi AI            vs * Add-react         Match:   58 (364+ 306- 330=)
 Yomi AI            vs * Add-drift         Match:   29 (366+ 337- 297=)
 Yomi AI            vs Iocaine Powder      Match:   -4 (319+ 323- 358=)
 Yomi AI            vs Phasenbott          Match:   33 (364+ 331- 305=)
 Yomi AI            vs MegaHAL             Match:  -35 (332+ 367- 301=)
 Yomi AI            vs RussRocker4         Match:    7 (361+ 354- 285=)
 Yomi AI            vs Biopic              Match:   -6 (364+ 370- 266=)
 Yomi AI            vs Simple Modeller     Match:   17 (345+ 328- 327=)
 Yomi AI            vs Simple Predictor    Match:   90 (403+ 313- 284=)
 Yomi AI            vs Robertot            Match:  -12 (347+ 359- 294=)
 Yomi AI            vs Boom                Match:  -21 (329+ 350- 321=)
 Yomi AI            vs Shofar              Match:  -32 (319+ 351- 330=)
 Yomi AI            vs ACT-R Lag2          Match:    0 (320+ 320- 360=)
 Yomi AI            vs Majikthise          Match:  -26 (329+ 355- 316=)
 Yomi AI            vs Vroomfondel         Match:   27 (345+ 318- 337=)
 Yomi AI            vs Granite             Match:   18 (372+ 354- 274=)
 Yomi AI            vs Marble              Match:   85 (418+ 333- 249=)
 Yomi AI            vs ZQ Bot              Match:   90 (408+ 318- 274=)
 Yomi AI            vs Sweet Rocky         Match:   52 (375+ 323- 302=)
 Yomi AI            vs Piedra              Match:   53 (394+ 341- 265=)
 Yomi AI            vs Mixed Strategy      Match:   -7 (352+ 359- 289=)
 Yomi AI            vs Multi-strategy      Match:  237 (483+ 246- 271=)
 Yomi AI            vs Inocencio           Match:   62 (390+ 328- 282=)
 Yomi AI            vs Peterbot            Match:   -8 (335+ 343- 322=)
 Yomi AI            vs Bugbrain            Match:   52 (371+ 319- 310=)
 Yomi AI            vs Knucklehead         Match:  449 (635+ 186- 179=)
 Final results (draw value = 50):

 Tournament results: 

    Player Name          total     1    2    3    4    5    6    7    8    9   10   11   12   13   14   15   16   17   18   19   20   21   22   23   24   25   26   27   28   29   30   31   32   33   34   35   36   37   38   39   40   41   42
  1 Iocaine Powder       11350     0   16    2   22   52  522  215    6   53  -11  214  245   33   22  -35    4    8  313   30   12   70   22  293   15  -22  829  182  208  379  596  185  124  335   71  253  909  313  911  985  991  993  985
  2 Phasenbott            9945   -16    0   57   13   31  511   89   48   35   35  238  251   38   47   12  -33   15  273  -22   25   41   65  186   51  -14  172   96   43  344  409  103   68  400   99  286  882  176  941  980  987  994  989
  3 MegaHAL               9708    -2  -57    0    4  -22   14   67   89   54   33  235  250   38  -21  -16   35  -31  237  -21  -20   52   81  228  -10   65  220  176  106   39  373  158  142  311  223  470  903  386  944  990  986  999 1000
  4 Biopic                9004   -22  -13   -4    0    6    2   85   42   68   20  133  101    6   22  -35    6  -32  148  -33   27   32   17  274  -20   37  148  -54   93  394  491  130  134   75  163  290  994  382  911  994  995  998  999
  5 Simple Modeller       8944   -52  -31   22   -6    0    1  262   12   58    9   65   79   30   24  -28  -17   77  289   16  -32   52   76  169   12    4  794  253  265  -32  257   74  149  121  248  448  306  397  591  996  991  998  997
  6 RussRocker4           7739  -522 -511  -14   -2   -1    0   80   37   65   26  163  116   44  -27  -12   -7  -17  144   37    6   42   59  262  -38   18  146  177  122  186  428  145   65  338  121  231  946  318  589  992  993  998  996
  7 Simple Predictor      7506  -215  -89  -67  -85 -262  -80    0  -39   45  -29   25  -40  100   -6    8  -90   35  175   20  -27   61   73  220  -79  -14  697  304  279  -18  274  107  154  126  225  418  324  422  592  984  990  995  993
  8 Robertot              7456    -6  -48  -89  -42  -12  -37   39    0   45   32   -8    5   36    6   15   12  -12   87   12  -29   40   43  203  -34  -26  -30  -11   90    8  399   59  174   35   77  453  769  399  830  981  995 1000  996
  9 Sweet Rocky           7195   -53  -35  -54  -68  -58  -65  -45  -45    0  -51  -44  -34  -54  -31  -49  -52  -40  -51  -76  -25   47  -43  108  -34  -50  771   36   63  -25  323   65  166  300  168  220 1000  441  594  990  996 1000  989
 10 Boom                  7193    11  -35  -33  -20   -9  -26   29  -32   51    0   39   34   41  -14  -55   21  -17   40  -36  -21   63   10  239    8  -34   78   51   47  -16  459   53  135   99  168  448  320  388  753  991  974  997  994
 11 Marble                6843  -214 -238 -235 -133  -65 -163  -25    8   44  -39    0   31   23 -152  -64  -85  -68   24  -12    7   45  -18  331 -105    6  648   31   72   57  338  164  177   80  151  253  972  423  594  996  994  999  991
 12 Granite               6709  -245 -251 -250 -101  -79 -116   40   -5   34  -34  -31    0    8 -125  -32  -18  -39   -4  -70    9   29  -28  339  -59  -24  652   65   27    5  310  141  178  101  112  277  925  398  591  989  995 1000  995
 13 Piedra                6654   -33  -38  -38   -6  -30  -44 -100  -36   54  -41  -23   -8    0  -93  -35  -53  -20  -85  -44  -38   71   44  141  -81    3  -34   63   28   60  157  158  192   85  211  288  994  409  593  995  990  998 1000
 14 ACT-R Lag2            6616   -22  -47   21  -22  -24   27    6   -6   31   14  152  125   93    0   -9    0   32  119  -37   12   62   65  206  -67   10  654   18   14  -25  513  193  101   35  144  257  134  264  575   20  992  996  990
 15 Shofar                6296    35  -12   16   35   28   12   -8  -15   49   55   64   32   35    9    0   32  -65   33   -9  -52   23   97  216  -25   -1   55    8   99   28   98   68   73   81  127  430   48  256  556  905  943  978  959
 16 Yomi AI               5897    -4   33  -35   -6   17    7   90  -12   52  -21   85   18   53    0  -32    0   52   90   27  -26   51   -7  237  -23  -37   62   29  -10  327  449  175  102   58   93  182   -8  345  486    7  992 1000  999
 17 Bugbrain              5631    -8  -15   31   32  -77   17  -35   12   40   17   68   39   20  -32   65  -52    0  149  -37   17   40   24  137  -38   10   54  121   32    0   77   41   -8   99  132  247   78  197  393  906  917  953  968
 18 ZQ Bot                5630  -313 -273 -237 -148 -289 -144 -175  -87   51  -40  -24    4   85 -119  -33  -90 -149    0  -72  -42   46   38  189  -16  -13  141    5   42   44  246  177  155  336  184  282  894  394  597  996  995  996  997
 19 Vroomfondel           5014   -30   22   21   33  -16  -37  -20  -12   76   36   12   70   44   37    9  -27   37   72    0  -36   10  100  186   27    3   75  -20    2   63  219   74   16   75   66  280   19  157  458  -51  992  996  976
 20 Majikthise            4994   -12  -25   20  -27   32   -6   27   29   25   21   -7   -9   38  -12   52   26  -17   42   36    0   -5   55  198  -28   23   96  -24   19   19  253  101   32   30   95  276   30  172  451    8  995  993  972
 21 * Anti-rotn           4946   -70  -41  -52  -32  -52  -42  -61  -40  -47  -63  -45  -29  -71  -62  -23  -51  -40  -46  -10    5    0  -18  280  -63  -52  262    4  -25  -16  107  260   52   16  306  498   52  178  499  492 1000  997  989
 22 Mixed Strategy        4930   -22  -65  -81  -17  -76  -59  -73  -43   43  -10   18   28  -44  -65  -97    7  -24  -38 -100  -55   18    0   37  -25   20    3   14   32    8  235   44  146   71   -1  218   25  402  532  965  976  998  985
 23 Multi-strategy        2301  -293 -186 -228 -274 -169 -262 -220 -203 -108 -239 -331 -339 -141 -206 -216 -237 -137 -189 -186 -198 -280  -37    0  -50  -20 -126   19  236   -6   35  108  123   13  271  492  500  395  999  997  997  999  998
 24 * De Bruijn            820   -15  -51   10   20  -12   38   79   34   34   -8  105   59   81   67   25   23   38   16  -27   28   63   25   50    0   -1   19   14  -10   22   -3  -13   23   13   16   32    4  -11  128   -1   21    0 -115
 25 * Pi                    94    22   14  -65  -37   -4  -18   14   26   50   34   -6   24   -3  -10    1   37  -10   13   -3  -23   52  -20   20    1    0   18  -12   -7   38   32   52  -81    8  -40  -28   29  -44   30   22  -11  -11  -10
 26 Inocencio             -290  -829 -172 -220 -148 -794 -146 -697   30 -771  -78 -648 -652   34 -654  -55  -62  -54 -141  -75  -96 -262   -3  126  -19  -18    0   46  100  316  182  153  148   99  103  252  112  363  355  944  981  979  981
 27 * Add-drift          -1554  -182  -96 -176   54 -253 -177 -304   11  -36  -51  -31  -65  -63  -18   -8  -29 -121   -5   20   24   -4  -14  -19  -14   12  -46    0    9   26   15  -64  -24   31    8  -27  -14    0   18   -2   11   20   30
 28 * Copy-drift         -2013  -208  -43 -106  -93 -265 -122 -279  -90  -63  -47  -72  -27  -28  -14  -99   10  -32  -42   -2  -19   25  -32 -236   10    7 -100   -9    0   21 -101   30   22    3  -26  -26  -38  -29    9   -6   36   41   27
 29 * Foxtrot            -2360  -379 -344  -39 -394   32 -186   18   -8   25   16  -57   -5  -60   25  -28 -327    0  -44  -63  -19   16   -8    6  -22  -38 -316  -26  -21    0  -55    1  -61  -12   15    8  -44   -8  -17    2   16   31   10
 30 Knucklehead          -2607  -596 -409 -373 -491 -257 -428 -274 -399 -323 -459 -338 -310 -157 -513  -98 -449  -77 -246 -219 -253 -107 -235  -35    3  -32 -182  -15  101   55    0   -1  -37   15   23   -9 1000   79  180  744  515 1000 1000
 31 * Flat               -3006  -185 -103 -158 -130  -74 -145 -107  -59  -65  -53 -164 -141 -158 -193  -68 -175  -41 -177  -74 -101 -260  -44 -108   13  -52 -153   64  -30   -1    1    0   37   40   17  -11 -154  -71  240  188   54   -1 -404
 32 * Text               -3030  -124  -68 -142 -134 -149  -65 -154 -174 -166 -135 -177 -178 -192 -101  -73 -102    8 -155  -16  -32  -52 -146 -123  -23   81 -148   24  -22   61   37  -37    0  -28  -20   22   11    6 -185  -74  -11 -185  111
 33 * Add-react          -3270  -335 -400 -311  -75 -121 -338 -126  -35 -300  -99  -80 -101  -85  -35  -81  -58  -99 -336  -75  -30  -16  -71  -13  -13   -8  -99  -31   -3   12  -15  -40   28    0  -18  -46  -46  -33    3   70  121  -13   81
 34 * Switch A Lot       -3362   -71  -99 -223 -163 -248 -121 -225  -77 -168 -168 -151 -112 -211 -144 -127  -93 -132 -184  -66  -95 -306    1 -271  -16   40 -103   -8   26  -15  -23  -17   20   18    0  -31 -148   48   50  344  -47  -25  -21
 35 Always Switchin'     -7266  -253 -286 -470 -290 -448 -231 -418 -453 -220 -448 -253 -277 -288 -257 -430 -182 -247 -282 -280 -276 -498 -218 -492  -32   28 -252   27   26   -8    9   11  -22   46   31    0 -223   27   20  537   19    1  -14
 36 Peterbot             -7710  -909 -882 -903 -994 -306 -946 -324 -769 -1000 -320 -972 -925 -994 -134  -48    8  -78 -894  -19  -30  -52  -25 -500   -4  -29 -112   14   38   44 -1000  154  -11   46  148  223    0  402  437  963  998 1000  995
 37 R-P-S 20-20-60       -9194  -313 -176 -386 -382 -397 -318 -422 -399 -441 -388 -423 -398 -409 -264 -256 -345 -197 -394 -157 -172 -178 -402 -395   11   44 -363    0   29    8  -79   71   -6   33  -48  -27 -402    0 -366 -170  -15 -449  147
 38 Beat Frequent Pick  -14487  -911 -941 -944 -911 -591 -589 -592 -830 -594 -753 -594 -591 -593 -575 -556 -486 -393 -597 -458 -451 -499 -532 -999 -128  -30 -355  -18   -9   17 -180 -240  185   -3  -50  -20 -437  366    0 -600    0  999  996
 39 Beat The Last Move  -19068  -985 -980 -990 -994 -996 -992 -984 -981 -990 -991 -996 -989 -995  -20 -905   -7 -906 -996   51   -8 -492 -965 -997    1  -22 -944    2    6   -2 -744 -188   74  -70 -344 -537 -963  170  600    0    1 1000 1000
 40 Rotate R-P-S        -26043  -991 -987 -986 -995 -991 -993 -990 -995 -996 -974 -994 -995 -990 -992 -943 -992 -917 -995 -992 -995 -1000 -976 -997  -21   11 -981  -11  -36  -16 -515  -54   11 -121   47  -19 -998   15    0   -1    0    0 -678
 41 Good Ole Rock       -26262  -993 -994 -999 -998 -998 -998 -995 -1000 -1000 -997 -999 -1000 -998 -996 -978 -1000 -953 -996 -996 -993 -997 -998 -999    0   11 -979  -20  -41  -31 -1000    1  185   13   25   -1 -1000  449 -999 -1000    0    0 1000
 42 * Anti-Flat         -27893  -985 -989 -1000 -999 -997 -996 -993 -996 -989 -994 -991 -995 -1000 -990 -959 -999 -968 -997 -976 -972 -989 -985 -998  115   10 -981  -30  -27  -10 -1000  404 -111  -81   21   14 -995 -147 -996 -1000  678 -1000    0

 Match results (draw <= 50): 

    Player Name           total  W  L  D   1  2  3  4  5  6  7  8  9 10 11 12 13 14 15 16 17 18 19 20 21 22 23 24 25 26 27 28 29 30 31 32 33 34 35 36 37 38 39 40 41 42
  1 Iocaine Powder          67  26  0 15   1  1  1  2  2  1  1  1  1  1  1  1  1  2  1  1  2  2  2  1  2  2  1  1  2  2  2  2  2  2  2  2  2  2  2  2  2  2  2  2  2  2
  2 Phasenbott              66  25  0 16   1  1  2  1  2  1  1  1  1  1  1  1  1  2  1  1  2  2  1  2  2  1  2  1  2  2  2  2  2  1  2  2  2  2  2  2  2  2  2  2  2  2
  3 MegaHAL                 66  26  1 14   1  0  1  1  1  1  1  1  1  1  1  1  2  2  1  1  2  2  2  1  2  2  2  2  2  2  2  2  1  2  2  2  2  2  2  2  2  2  2  2  2  2
  4 Simple Modeller         65  25  1 15   0  1  1  1  1  1  1  1  1  1  1  2  1  2  1  1  2  2  2  1  2  2  2  1  2  2  2  2  1  2  2  2  2  2  2  2  2  2  2  2  2  2
  5 RussRocker4             63  24  2 15   0  0  1  1  1  1  1  1  1  1  1  1  1  2  1  1  2  2  2  1  2  1  2  1  2  2  2  2  2  2  2  2  2  2  2  2  2  2  2  2  2  2
  6 Yomi AI                 62  21  0 20   1  1  1  1  1  1  1  1  1  1  1  2  1  2  1  2  1  2  2  1  2  2  1  1  2  1  2  1  2  1  2  2  1  2  2  2  2  2  2  2  2  2
  7 Biopic                  62  22  1 18   1  1  1  1  1  1  1  1  1  1  1  1  1  2  1  1  2  2  2  1  2  1  1  1  2  0  2  2  2  2  2  2  2  2  2  2  2  2  2  2  2  2
  8 ACT-R Lag2              59  19  1 21   1  1  1  1  1  1  1  1  1  1  1  1  1  1  1  2  2  2  1  0  2  2  2  1  2  1  2  2  1  1  2  1  1  2  2  2  2  2  2  2  2  2
  9 Boom                    58  18  1 22   1  1  1  1  1  1  1  1  1  0  1  1  1  1  1  1  1  1  2  1  1  2  1  1  2  2  2  2  1  1  2  2  2  2  2  2  2  2  2  2  2  2
 10 Shofar                  57  18  2 21   1  1  1  1  1  1  1  1  2  1  1  0  1  1  0  1  1  2  1  1  1  1  2  1  2  1  2  1  1  2  2  2  2  2  2  2  2  2  2  2  2  2
 11 Vroomfondel             57  17  1 23   1  1  1  1  1  1  1  1  1  1  1  1  1  1  1  1  2  1  2  1  2  1  2  1  2  1  2  1  2  1  2  2  0  1  2  2  2  2  2  2  2  2
 12 Bugbrain                56  17  2 22   1  1  1  0  1  0  1  1  1  2  1  1  1  1  1  1  1  2  1  1  2  1  1  1  2  2  2  2  1  1  2  2  2  1  1  2  2  2  2  2  2  2
 13 Robertot                55  15  1 25   1  1  0  1  1  1  1  1  1  1  1  1  1  1  1  1  1  1  1  1  2  1  1  1  1  1  2  2  1  2  2  1  2  2  2  2  2  2  2  2  2  2
 14 Simple Predictor        54  21  8 12   0  0  0  0  0  0  0  1  1  1  1  1  1  1  1  2  1  1  1  0  2  2  2  1  2  2  2  2  1  2  2  2  2  2  2  2  2  2  2  2  2  2
 15 Majikthise              54  13  0 28   1  1  1  1  1  1  1  1  1  2  1  1  1  1  1  1  1  1  1  1  1  1  2  1  2  1  2  1  1  1  2  1  1  1  2  2  2  2  2  2  2  2
 16 Piedra                  54  18  5 18   1  1  1  1  1  0  1  0  1  1  1  1  1  0  1  1  1  1  2  0  0  2  1  1  1  2  2  2  2  1  2  2  2  2  2  2  2  2  2  2  2  2
 17 Granite                 48  16  9 16   0  0  0  0  0  1  0  0  1  1  0  1  1  1  1  1  1  1  1  0  1  1  1  1  2  2  2  2  1  1  2  2  2  2  2  2  2  2  2  2  2  2
 18 Marble                  47  17 11 13   0  0  0  0  0  0  0  0  1  0  1  0  1  1  1  1  1  1  1  0  1  1  1  1  2  1  2  2  2  2  2  2  2  2  2  2  2  2  2  2  2  2
 19 Sweet Rocky             47  16 10 15   0  1  0  0  0  0  0  1  0  1  0  1  1  1  1  0  1  1  1  1  0  1  1  1  2  1  2  2  1  2  2  2  2  2  2  2  2  2  2  2  2  2
 20 * De Bruijn             46   7  2 32   1  0  1  1  1  1  1  2  1  1  1  1  1  2  1  2  2  2  1  1  1  2  1  1  1  1  1  1  1  1  1  1  1  1  1  1  1  1  2  1  1  0
 21 ZQ Bot                  46  17 12 12   0  0  0  0  0  0  0  0  1  1  0  0  0  0  1  2  1  1  2  1  1  1  1  1  2  1  2  2  1  1  2  2  2  2  2  2  2  2  2  2  2  2
 22 * Anti-rotn             45  14 10 17   0  1  0  0  1  0  1  0  0  1  1  1  1  0  1  0  1  1  1  0  1  1  1  0  2  1  2  2  1  1  2  1  2  2  2  2  2  2  2  2  2  2
 23 Mixed Strategy          42  10  9 22   1  0  0  0  0  1  1  0  1  0  0  1  1  0  0  1  1  1  1  1  1  1  1  1  1  1  1  1  1  1  2  2  2  2  1  1  2  2  2  2  2  2
 24 * Pi                    41   2  2 37   1  1  0  1  1  1  1  1  1  1  1  1  1  1  1  1  1  1  1  1  1  2  1  1  1  1  1  1  1  1  1  1  1  0  2  1  1  1  1  1  1  1
 25 Inocencio               38  16 19  6   0  0  0  0  0  0  0  0  0  0  0  0  1  0  0  1  0  0  0  1  0  0  1  1  1  1  2  2  2  2  2  2  2  2  2  2  2  2  2  2  2  2
 26 * Add-drift             31   1 11 29   0  0  0  0  0  1  2  1  0  1  1  0  1  0  1  0  0  1  1  1  1  1  1  1  1  1  1  1  1  1  1  1  1  1  0  1  1  1  1  1  1  1
 27 Multi-strategy          31  12 22  7   0  0  0  0  0  0  0  0  0  0  0  0  0  0  0  0  0  0  0  1  0  0  1  1  0  1  1  2  1  2  1  1  2  2  2  2  2  2  2  2  2  2
 28 Peterbot                30   9 20 12   0  0  0  0  0  1  0  0  0  1  1  0  0  0  1  0  0  0  0  1  0  0  1  1  0  1  0  1  1  1  0  1  2  1  2  2  2  2  2  2  2  2
 29 * Foxtrot               30   0 11 30   0  0  1  1  0  0  0  1  1  1  0  1  1  1  1  0  1  0  1  1  1  1  1  1  0  1  1  1  1  1  0  1  1  0  1  1  1  1  1  1  1  1
 30 * Copy-drift            28   0 13 28   0  1  0  0  0  1  0  1  1  0  1  1  0  0  1  1  1  0  0  1  1  1  1  1  0  1  0  1  1  1  0  1  1  1  1  1  1  1  1  1  1  1
 31 Knucklehead             27   9 23  9   0  0  0  0  0  0  0  0  0  0  0  0  0  0  0  0  0  0  0  1  0  0  0  1  0  1  1  2  2  2  1  1  2  1  1  1  1  2  2  2  2  2
 32 * Add-react             25   3 19 19   0  0  0  0  0  0  0  1  0  0  0  0  1  0  1  0  0  0  0  1  0  1  0  1  0  1  1  1  1  1  1  1  2  1  1  1  1  1  1  1  2  2
 33 Beat The Last Move      21   6 26  9   0  0  0  0  0  1  0  1  0  0  2  0  0  0  1  0  0  0  0  1  0  0  0  1  0  1  0  0  1  1  0  0  1  2  0  0  0  2  2  2  1  2
 34 * Text                  20   3 24 14   0  0  0  0  0  0  0  0  0  0  1  1  0  0  1  0  0  0  0  1  0  0  0  2  0  1  0  1  2  1  1  1  0  1  1  1  1  0  0  1  1  2
 35 * Flat                  19   4 26 11   0  0  0  0  0  0  0  0  0  0  0  1  0  0  0  0  0  0  0  1  0  0  1  0  0  2  0  0  1  1  1  1  2  1  1  1  1  1  2  0  2  0
 36 * Switch A Lot          18   1 24 16   0  0  0  0  0  0  0  0  0  0  0  0  0  0  0  0  0  0  0  1  0  0  1  1  0  1  0  0  1  1  1  1  2  1  1  1  1  1  1  1  1  1
 37 Always Switchin'        17   1 25 15   0  0  0  0  0  0  0  0  0  0  0  0  0  0  0  0  0  0  0  1  0  0  0  1  0  1  0  0  1  1  1  1  2  1  1  1  1  1  1  1  1  1
 38 Good Ole Rock           16   3 28 10   0  0  0  0  0  0  0  0  0  0  0  0  0  0  0  0  0  0  0  1  0  0  0  1  0  1  0  0  1  1  0  1  0  2  1  1  1  1  0  2  1  2
 39 Beat Frequent Pick      16   4 29  8   0  0  0  0  0  0  0  0  0  0  0  0  0  0  0  0  0  0  0  0  0  0  0  1  0  1  0  0  1  1  0  1  0  2  0  1  1  2  1  2  1  2
 40 R-P-S 20-20-60          14   2 29 10   0  0  0  0  0  0  0  0  0  0  0  0  0  0  0  0  0  0  0  1  0  0  0  1  0  1  0  0  1  1  0  1  0  1  2  1  1  0  0  1  1  2
 41 Rotate R-P-S            12   0 29 12   0  0  0  0  0  0  0  0  0  0  0  0  0  0  0  0  0  0  0  1  0  0  0  1  0  1  0  0  1  1  0  0  1  1  0  1  1  1  1  1  1  0
 42 * Anti-Flat             12   3 32  6   0  0  0  0  0  0  0  0  0  0  0  0  0  0  0  0  0  0  0  2  0  0  0  1  0  1  0  0  1  1  0  0  0  0  2  1  1  0  0  0  2  1


   Yomi AI is match ranked 6

 Tournament results:
    Player Name          total 
  1 Yomi AI               5897 
 19 Iocaine Powder       11350 
 20 Phasenbott            9945 
 21 MegaHAL               9708 
 22 RussRocker4           7739 
 23 Biopic                9004 
 24 Simple Modeller       8944 
 25 Simple Predictor      7506 
 26 Robertot              7456 
 27 Boom                  7193 
 28 Shofar                6296 
 29 ACT-R Lag2            6616 
 32 Granite               6709 
 33 Marble                6843 
 35 Sweet Rocky           7195 
 36 Piedra                6654 

   Yomi is tournament ranked 16

