 Playing 1 tournaments with 1000 trials per match...

 Yomi AI            vs Good Ole Rock       Match: 1000 (1000+   0-   0=)
 Yomi AI            vs R-P-S 20-20-60      Match:   48 (369+ 321- 310=)
 Yomi AI            vs Rotate R-P-S        Match:  220 (481+ 261- 258=)
 Yomi AI            vs Beat The Last Move  Match:  -29 (329+ 358- 313=)
 Yomi AI            vs Always Switchin'    Match:   61 (388+ 327- 285=)
 Yomi AI            vs Beat Frequent Pick  Match:  185 (443+ 258- 299=)
 Yomi AI            vs * Pi                Match:   45 (358+ 313- 329=)
 Yomi AI            vs * Switch A Lot      Match:   43 (359+ 316- 325=)
 Yomi AI            vs * Flat              Match:   56 (368+ 312- 320=)
 Yomi AI            vs * Anti-Flat         Match:  303 (524+ 221- 255=)
 Yomi AI            vs * Foxtrot           Match:   35 (353+ 318- 329=)
 Yomi AI            vs * De Bruijn         Match:  -22 (313+ 335- 352=)
 Yomi AI            vs * Text              Match:   26 (360+ 334- 306=)
 Yomi AI            vs * Anti-rotn         Match:   -6 (346+ 352- 302=)
 Yomi AI            vs * Copy-drift        Match:   32 (350+ 318- 332=)
 Yomi AI            vs * Add-react         Match:    8 (345+ 337- 318=)
 Yomi AI            vs * Add-drift         Match:  -17 (315+ 332- 353=)
 Yomi AI            vs Iocaine Powder      Match:  -44 (325+ 369- 306=)
 Yomi AI            vs Phasenbott          Match:   31 (354+ 323- 323=)
 Yomi AI            vs MegaHAL             Match:  -43 (313+ 356- 331=)
 Yomi AI            vs RussRocker4         Match:   12 (346+ 334- 320=)
 Yomi AI            vs Biopic              Match:  -29 (312+ 341- 347=)
 Yomi AI            vs Simple Modeller     Match:    5 (339+ 334- 327=)
 Yomi AI            vs Simple Predictor    Match:   35 (367+ 332- 301=)
 Yomi AI            vs Robertot            Match:   11 (337+ 326- 337=)
 Yomi AI            vs Boom                Match:   34 (350+ 316- 334=)
 Yomi AI            vs Shofar              Match:    6 (346+ 340- 314=)
 Yomi AI            vs ACT-R Lag2          Match:    8 (337+ 329- 334=)
 Yomi AI            vs Majikthise          Match:   33 (348+ 315- 337=)
 Yomi AI            vs Vroomfondel         Match:  -18 (324+ 342- 334=)
 Yomi AI            vs Granite             Match:   30 (374+ 344- 282=)
 Yomi AI            vs Marble              Match:   21 (362+ 341- 297=)
 Yomi AI            vs ZQ Bot              Match:   25 (357+ 332- 311=)
 Yomi AI            vs Sweet Rocky         Match:   -1 (354+ 355- 291=)
 Yomi AI            vs Piedra              Match:   -3 (344+ 347- 309=)
 Yomi AI            vs Mixed Strategy      Match:   24 (372+ 348- 280=)
 Yomi AI            vs Multi-strategy      Match:  134 (399+ 265- 336=)
 Yomi AI            vs Inocencio           Match:   33 (351+ 318- 331=)
 Yomi AI            vs Peterbot            Match:   60 (376+ 316- 308=)
 Yomi AI            vs Bugbrain            Match:  -28 (324+ 352- 324=)
 Yomi AI            vs Knucklehead         Match:  175 (440+ 265- 295=)
 Final results (draw value = 50):

 Tournament results: 

    Player Name          total     1    2    3    4    5    6    7    8    9   10   11   12   13   14   15   16   17   18   19   20   21   22   23   24   25   26   27   28   29   30   31   32   33   34   35   36   37   38   39   40   41   42
  1 Iocaine Powder       11014     0   36   97   76   26  512   40  181    3   55  244   28  333  189   40   39  -17   78   22   56    6  191   44  183   57   36  231  582  344  200  317  215  138  102  203  863  416  890  985  990  991  992
  2 Phasenbott           10255   -36    0   23   56   50  522   67  113   37   88  214   38  248  267   11  106   50   87    2   96   26  226  -31  220   52    1  106  383  399  102  320  122   79   39  238  903  116  944  988  994  995  994
  3 MegaHAL               9534   -97  -23    0  -44  -25   94    2   73   10   32  260  -36  269  276    5   23   15   40   -2   40   -7  259   43  174  -27  -20  182  386   76  100  257  166  133  226  459  899  404  944  986  987  999  996
  4 Simple Modeller       9119   -76  -56   44    0   37    4   67  306  -17   35  106   26  293   64   39  -24   46   57   -9  127  -31  223   -5  556  -38   -1  255  244    5  218  103  126  132  223  465  603  405  591  991  991  999  995
  5 Biopic                8599   -26  -50   25  -37    0  -35   43   31    4   35  131    5  105  121    1   29   30   69   59   81   22  200   29  184   -2   -1  -42  516  409   44   64  154  155  198  342  761  392  565  996  994  998 1000
  6 RussRocker4           7832  -512 -522  -94   -4   35    0   25   76   61   59  156   21  171  156  -24   16   43   57   50   75   16  256  -12  122  -55  -11  151  452  163  179  342   56   94  148  286  914  309  593  992  994  998 1000
  7 Robertot              7596   -40  -67   -2  -67  -43  -25    0  -28  -17   27   27  -40   91   52  -10  -29   90   44  -43   47  -22  250  -11   67   12  -13   12  468   20   87   87   76  157   87  479  753  387  775  968  994 1000  996
  8 Simple Predictor      7368  -181 -113  -73 -306  -31  -76   28    0  -45   39   14  -26  142   58   60  -44   63   53  -71   59  -20  179  -35  686  -79   19  260  302  -12  276   95   70  149  181  455  327  408  592  984  990  995  996
  9 Boom                  7189    -3  -37  -10   17   -4  -61   17   45    0   32   17  -28   38   36  -38  -26   32   49  -13   40  -17  232  -34   39  -15  -57    7  381   26   38  103   59  105  238  388  491  371  753  991  990  997 1000
 10 Sweet Rocky           6413   -55  -88  -32  -35  -35  -59  -27  -39  -32    0  -60  -46  -42  -49  -58  -30   28   43  -35   -3  -67   87    1  796  -28  -30   76  131  -18   14  278  141  154  145  282  169  362  591  992  994  999  998
 11 Granite               6398  -244 -214 -260 -106 -131 -156  -27  -14  -17   60    0  -63   60    2  -92 -131   67   69    0   16  -56  253  -30  372  -47   -7   14  287   15   70   89  143  172  109  279  953  379  591  996  997 1000 1000
 12 Shofar                6371   -28  -38   36  -26   -5  -21   40   26   28   46   63    0   63   58  -39  -26   61   41  -20   54   40  151   -6   60  -69   -3   -7   90   15  131   32   -1  109  220  434  213  295  557  896  929  983  989
 13 ZQ Bot                6000  -333 -248 -269 -293 -105 -171  -91 -142  -38   42  -60  -63    0  -12 -166  -72   55   59   -9   -5  -12  253  -25  217  -42   -7  107  322   63   17  370  124  154  197  296  955  369  587  993  990  993 1000
 14 Marble                5941  -189 -267 -276  -64 -121 -156  -52  -58  -36   49   -2  -58   12    0  -85 -100   43   52   -3  -21  -37  213  -21   15  -29  -24   32  305   28   37   86  202  181  237  223  802  450  593  992  995  998  995
 15 Bugbrain              5915   -40  -11   -5  -39   -1   24   10  -60   38   58   92   39  166   85    0  -26   37   24  -10   87  -16  119   28   37  -68  -21  101  110  -24   95   80   58   20   75  197  258  189  395  898  944  984  988
 16 ACT-R Lag2            5893   -39 -106  -23   24  -29  -16   29   44   26   30  131   26   72  100   26    0   36   17    5   55   30  313   -8   54  -50  -33   -9  495  -35   17  -13   96   54  194  301  235  284  573   10  995  996  986
 17 Piedra                5589    17  -50  -15  -46  -30  -43  -90  -63  -32  -28  -67  -61  -55  -43  -37  -36    0   38  -17  -12  -43   97    3  -20  -21  -39    9  182   -5   68  129  138  157  150  259  257  381  589  992  988  993  995
 18 * Anti-rotn           4975   -78  -87  -40  -57  -69  -57  -44  -53  -49  -43  -69  -41  -59  -52  -24  -17  -38    0   -4  -20  -25  243    6  -36  -53  -43  -30   22  -50   13   22  249   61  337  497  500  191  499  493  996  998  986
 19 Vroomfondel           4714   -22   -2    2    9  -59  -50   43   71   13   35    0   20    9    3   10   -5   17    4    0   39   55  163   18   10    2   40   16  181   32  -17    9  109   53  110  228   11  156  432  -13  993  994  995
 20 Mixed Strategy        4698   -56  -96  -40 -127  -81  -75  -47  -59  -40    3  -16  -54    5   21  -87  -55   12   20  -39    0  -58   61  -24  -27 -102  -13    0   98    8   19  -19   16  180   89  163  303  385  490  988  966  995  991
 21 Majikthise            4609    -6  -26    7   31  -22  -16   22   20   17   67   56  -40   12   37   16  -30   43   25  -55   58    0  152  -33   63   34  -60  -39  249  -32  -25  -11  124   27  123  304  -32  146  440  -17  992  994  994
 22 Multi-strategy        2908  -191 -226 -259 -223 -200 -256 -250 -179 -232  -87 -253 -151 -253 -213 -119 -313  -97 -243 -163  -61 -152    0 -134  -77  -50  -20   20    3   29  284   20  186  123  292  449  500  413  999  997  997  999  999
 23 Yomi AI               2499   -44   31  -43    5  -29   12   11   35   34   -1   30    6   25   21  -28    8   -3   -6  -18   24   33  134    0   33  -22   45  -17  175   35   32    8   56   26   43   61   60   48  185  -29  220 1000  303
 24 Inocencio             2409  -183 -220 -174 -556 -184 -122  -67 -686  -39 -796 -372  -60 -217  -15  -37  -54   20   36  -10   27  -63   77  -33    0   -8  -28   15  253  299  147   97   76  149  138  278  121  399  347  918  982  983  971
 25 * De Bruijn            738   -57  -52   27   38    2   55  -12   79   15   28   47   69   42   29   68   50   21   53   -2  102  -34   50   22    8    0   -1   -9  -40   13    2   -1   47   23    0   28  -19    6  128   -1   21    0 -107
 26 * Pi                   153   -36   -1   20    1    1   11   13  -19   57   30    7    3    7   24   21   33   39   43  -40   13   60   20  -45   28    1    0  -30  -13  -11  -70  -12  -26  -81   52  -22   34   23   30   22  -11  -11  -12
 27 * Add-drift          -1351  -231 -106 -182 -255   42 -151  -12 -260   -7  -76  -14    7 -107  -32 -101    9   -9   30  -16    0   39  -20   17  -15    9   30    0  -56    6   22   21  -24   16   25    4  -20   -4   52   24  -29   12   11
 28 Knucklehead          -1751  -582 -383 -386 -244 -516 -452 -468 -302 -381 -131 -287  -90 -322 -305 -110 -495 -182  -22 -181  -98 -249   -3 -175 -253   40   13   56    0   44   -2   75   -4   62   22   10  993   85  193  751  551  978  999
 29 * Foxtrot            -1885  -344 -399  -76   -5 -409 -163  -20   12  -26   18  -15  -15  -63  -28   24   35    5   50  -32   -8   32  -29  -35 -299  -13   11   -6  -44    0    6   -2   21    9   -6  -13   -2    4    6   -3  -38  -36   11
 30 * Copy-drift         -2019  -200 -102 -100 -218  -44 -179  -87 -276  -38  -14  -70 -131  -17  -37  -95  -17  -68  -13   17  -19   25 -284  -32 -147   -2   70  -22    2   -6    0  -17    8   37   67   10   -3   21   15   -7  -59  -18   31
 31 * Add-react          -2817  -317 -320 -257 -103  -64 -342  -87  -95 -103 -278  -89  -32 -370  -86  -80   13 -129  -22   -9   19   11  -20   -8  -97    1   12  -21  -75    2   17    0   24    7   14   30   11   52  -22  -12   11   -4    1
 32 * Flat               -2911  -215 -122 -166 -126 -154  -56  -76  -70  -59 -141 -143    1 -124 -202  -58  -96 -138 -249 -109  -16 -124 -186  -56  -76  -47   26   24    4  -21   -8  -24    0  -32   13   16 -204   14  276  199   16    1 -403
 33 * Text               -3063  -138  -79 -133 -132 -155  -94 -157 -149 -105 -154 -172 -109 -154 -181  -20  -54 -157  -61  -53 -180  -27 -123  -26 -149  -23   81  -16  -62   -9  -37   -7   32    0   -6   28   32   28 -185  -74  -11 -185  113
 34 * Switch A Lot       -3946  -102  -39 -226 -223 -198 -148  -87 -181 -238 -145 -109 -220 -197 -237  -75 -194 -150 -337 -110  -89 -123 -292  -43 -138    0  -52  -25  -22    6  -67  -14  -13    6    0  -31 -106   15   17  290    8   -4  -53
 35 Always Switchin'     -7337  -203 -238 -459 -465 -342 -286 -479 -455 -388 -282 -279 -434 -296 -223 -197 -301 -259 -497 -228 -163 -304 -449  -61 -278  -28   22   -4  -10   13  -10  -30  -16  -28   31    0 -233   44   22  490   -2   14  -46
 36 Peterbot             -7480  -863 -903 -899 -603 -761 -914 -753 -327 -491 -169 -953 -213 -955 -802 -258 -235 -257 -500  -11 -303   32 -500  -60 -121   19  -34   20 -993    2    3  -11  204  -32  106  233    0  423  432  982  999  999  987
 37 R-P-S 20-20-60       -9246  -416 -116 -404 -405 -392 -309 -387 -408 -371 -362 -379 -295 -369 -450 -189 -284 -381 -191 -156 -385 -146 -413  -48 -399   -6  -23    4  -85   -4  -21  -52  -14  -28  -15  -44 -423    0 -441 -173  -18 -332   84
 38 Beat Frequent Pick  -13639  -890 -944 -944 -591 -565 -593 -775 -592 -753 -591 -591 -557 -587 -593 -395 -573 -589 -499 -432 -490 -440 -999 -185 -347 -128  -30  -52 -193   -6  -15   22 -276  185  -17  -22 -432  441    0 -600    0  999 1000
 39 Beat The Last Move  -18878  -985 -988 -986 -991 -996 -992 -968 -984 -991 -992 -996 -896 -993 -992 -898  -10 -992 -493   13 -988   17 -997   29 -918    1  -22  -24 -751    3    7   12 -199   74 -290 -490 -982  173  600    0    1 1000  996
 40 Rotate R-P-S        -24992  -990 -994 -987 -991 -994 -994 -994 -990 -990 -994 -997 -929 -990 -995 -944 -995 -988 -996 -993 -966 -992 -997 -220 -982  -21   11   29 -551   38   59  -11  -16   11   -8    2 -999   18    0   -1    0    0 -651
 41 Good Ole Rock       -26295  -991 -995 -999 -999 -998 -998 -1000 -995 -997 -999 -1000 -983 -993 -998 -984 -996 -993 -998 -994 -995 -994 -999 -1000 -983    0   11  -12 -978   36   18    4   -1  185    4  -14 -999  332 -999 -1000    0    0  999
 42 * Anti-Flat         -27119  -992 -994 -996 -995 -1000 -1000 -996 -996 -1000 -998 -1000 -989 -1000 -995 -988 -986 -995 -986 -995 -991 -994 -999 -303 -971  107   12  -11 -999  -11  -31   -1  403 -113   53   46 -987  -84 -1000 -996  651 -999    0

 Match results (draw <= 50): 

    Player Name           total  W  L  D   1  2  3  4  5  6  7  8  9 10 11 12 13 14 15 16 17 18 19 20 21 22 23 24 25 26 27 28 29 30 31 32 33 34 35 36 37 38 39 40 41 42
  1 Iocaine Powder          70  29  0 12   1  1  2  2  1  2  1  1  1  2  1  1  1  1  2  2  1  1  2  2  2  2  2  2  1  2  2  2  2  2  2  2  2  2  2  2  2  2  2  2  2  2
  2 Phasenbott              70  29  0 12   1  1  1  2  1  2  1  1  2  2  2  1  1  1  2  2  1  1  2  2  2  2  2  2  1  2  2  2  2  2  2  2  2  2  2  2  1  2  2  2  2  2
  3 MegaHAL                 63  23  1 17   0  1  1  2  1  1  1  1  1  2  1  1  1  1  2  1  1  1  2  1  2  1  2  1  1  2  2  2  2  2  2  2  2  2  2  2  2  2  2  2  2  2
  4 RussRocker4             63  26  4 11   0  0  0  1  1  1  1  1  1  2  1  2  1  1  2  2  1  1  2  0  2  2  2  2  1  2  2  2  2  2  2  2  2  2  2  2  2  2  2  2  2  2
  5 Biopic                  63  22  0 19   1  1  1  1  1  1  1  1  1  1  1  1  1  2  2  1  1  1  2  1  2  2  2  2  1  2  1  2  1  2  2  2  2  2  2  2  2  2  2  2  2  2
  6 Simple Modeller         63  24  2 15   0  0  1  1  1  1  1  1  2  2  1  1  1  1  2  1  1  1  2  1  2  2  2  2  1  1  2  2  2  2  2  2  2  2  2  2  2  2  2  2  2  2
  7 Shofar                  59  19  1 21   1  1  1  1  1  1  1  1  1  1  1  1  1  1  2  1  2  1  2  0  2  1  2  2  1  1  1  2  2  2  2  1  2  1  2  2  2  2  2  2  2  2
  8 Bugbrain                59  20  2 19   1  1  1  1  1  1  1  1  1  0  1  1  1  1  2  2  1  1  2  0  2  1  1  2  1  1  2  2  2  2  2  2  2  2  1  2  2  2  2  2  2  2
  9 Robertot                58  19  2 20   1  0  1  1  1  0  1  1  1  1  1  1  1  1  1  1  2  1  2  1  2  1  2  1  1  1  1  2  2  2  2  2  2  2  2  2  2  2  2  2  2  2
 10 Simple Predictor        57  23  7 11   0  0  0  0  1  0  1  2  1  1  1  1  1  0  1  1  2  1  2  0  2  2  2  2  1  1  2  2  2  2  2  2  2  2  2  2  2  2  2  2  2  2
 11 ACT-R Lag2              57  17  1 23   1  0  1  1  1  1  1  1  1  1  1  1  1  1  2  1  1  1  2  1  2  1  2  2  1  1  1  2  1  2  2  1  1  2  2  2  2  2  2  2  2  2
 12 Boom                    53  14  2 25   1  1  1  0  1  1  1  1  1  1  1  1  1  1  1  1  1  1  1  1  1  1  1  1  0  1  1  2  1  2  2  2  2  2  2  2  2  2  2  2  2  2
 13 Majikthise              53  14  2 25   1  1  1  1  1  1  1  1  1  1  1  1  1  0  2  2  1  1  1  1  1  1  2  2  0  1  1  2  1  2  1  1  1  2  1  2  2  2  2  2  2  2
 14 Vroomfondel             53  13  1 27   1  1  1  1  0  1  1  1  1  2  1  1  2  1  1  1  1  1  1  1  1  1  1  1  1  1  1  2  1  2  1  1  1  2  2  2  2  2  2  2  2  2
 15 Granite                 51  20 10 11   0  0  0  0  0  0  0  0  1  1  0  1  0  1  1  2  2  1  2  1  1  2  2  1  1  1  1  2  2  2  2  2  2  2  2  2  2  2  2  2  2  2
 16 Sweet Rocky             51  16  6 19   0  0  1  0  1  1  1  0  1  1  1  1  0  1  0  1  1  1  1  1  1  1  2  1  1  1  2  2  1  2  2  2  2  2  2  2  2  2  2  2  2  2
 17 Piedra                  51  15  5 21   1  1  1  1  1  1  0  1  0  0  1  1  1  1  0  1  1  1  0  1  1  1  1  1  1  1  1  2  2  2  2  2  2  2  2  2  2  2  2  2  2  2
 18 Yomi AI                 50   9  0 32   1  1  1  1  1  1  1  1  1  1  1  1  1  1  1  1  1  1  1  1  1  1  1  1  1  1  1  2  1  2  2  1  1  2  1  2  1  2  2  2  2  1
 19 ZQ Bot                  48  19 12 10   0  0  0  0  0  0  0  0  0  0  0  1  1  1  0  1  2  1  1  1  1  2  2  1  1  2  2  2  1  2  2  2  2  2  2  2  2  2  2  2  2  2
 20 * De Bruijn             45   7  3 31   0  0  1  2  1  1  2  2  1  2  1  1  1  1  1  1  1  1  1  1  1  2  1  2  1  1  1  1  1  1  1  1  1  1  1  1  1  1  1  2  0  1
 21 Marble                  45  15 11 15   0  0  0  0  0  0  0  0  0  0  0  1  1  1  1  1  1  1  1  1  1  2  1  1  1  1  1  2  1  2  2  2  2  2  2  2  2  2  2  2  2  2
 22 * Anti-rotn             43  12 10 19   0  0  1  0  0  0  1  1  1  0  1  1  1  1  0  1  1  1  0  0  0  1  1  1  1  1  1  2  1  1  2  1  2  2  2  2  2  2  2  2  2  2
 23 Inocencio               43  16 14 11   0  0  0  0  0  0  0  1  0  0  0  1  0  1  0  0  1  1  0  1  1  1  1  1  1  2  1  2  2  2  2  2  2  2  2  2  2  2  2  2  2  2
 24 Mixed Strategy          42  12 11 18   0  0  1  0  0  0  0  0  1  0  0  1  0  1  1  1  1  1  1  0  1  1  1  1  1  1  1  2  1  2  2  1  2  1  2  2  2  2  2  2  2  2
 25 * Pi                    42   3  2 36   1  1  1  1  1  1  1  1  1  1  1  2  2  1  1  1  1  1  1  1  1  1  1  1  1  1  1  1  0  1  1  1  1  1  0  1  2  1  1  1  1  1
 26 * Foxtrot               34   0  7 34   0  0  0  0  0  1  1  1  1  1  1  1  1  1  1  1  1  1  0  1  1  1  0  1  1  1  1  1  1  1  1  1  1  1  1  1  1  1  1  1  1  1
 27 * Add-drift             32   1 10 30   0  0  0  0  1  0  1  0  1  0  1  1  1  1  1  0  1  1  0  1  1  1  1  1  1  1  1  1  1  0  1  1  1  1  1  1  1  1  1  2  1  1
 28 Multi-strategy          30  12 23  6   0  0  0  0  0  0  0  0  0  0  0  0  0  0  0  0  0  0  0  1  0  0  0  0  1  1  1  1  2  1  2  1  2  2  2  2  2  2  2  2  2  2
 29 * Copy-drift            29   2 14 25   0  0  0  0  1  0  0  0  0  0  1  1  1  1  0  1  0  1  1  1  1  1  0  1  2  1  1  0  1  1  1  1  1  1  1  1  2  1  0  1  1  1
 30 Knucklehead             29  10 22  9   0  0  0  0  0  0  0  0  0  0  0  0  0  0  0  0  0  0  0  1  0  1  0  0  1  1  2  1  1  1  2  2  2  1  2  1  1  2  2  2  2  2
 31 Peterbot                27   9 23  9   0  0  0  0  0  0  0  0  0  0  0  0  1  1  0  0  0  0  0  1  0  0  0  0  1  1  1  0  1  0  1  1  2  2  1  2  2  2  2  2  2  2
 32 * Add-react             25   1 17 23   0  0  0  0  0  0  1  0  0  0  1  0  1  1  0  0  0  1  0  1  0  1  0  1  1  1  1  1  1  0  1  1  1  1  1  1  1  1  1  1  1  2
 33 Beat The Last Move      21   5 25 11   0  0  0  0  0  0  0  0  0  0  1  0  1  1  0  0  0  1  0  1  0  0  0  0  1  1  1  0  1  0  0  1  1  0  2  0  0  2  1  2  2  2
 34 * Flat                  19   2 24 15   0  0  0  0  0  0  1  0  0  0  0  0  0  0  0  0  0  0  0  1  0  0  0  1  1  1  1  0  1  1  0  1  2  1  1  1  1  1  1  2  0  1
 35 * Text                  18   2 25 14   0  0  0  0  0  0  0  1  0  0  0  0  1  0  0  0  0  1  0  1  0  0  0  0  2  1  1  0  1  0  1  1  0  1  1  1  1  0  1  0  2  1
 36 Always Switchin'        17   1 25 15   0  0  0  0  0  0  0  0  0  0  0  0  0  0  0  0  0  0  0  1  0  0  0  0  1  1  1  0  1  1  0  1  2  1  1  1  1  1  1  1  1  1
 37 * Switch A Lot          16   1 26 14   0  1  0  0  0  0  0  0  0  0  0  0  0  0  0  0  0  1  0  1  0  0  0  0  0  1  1  0  0  1  0  1  2  1  1  1  1  1  1  1  0  1
 38 Good Ole Rock           16   3 28 10   0  0  0  0  0  0  0  0  0  0  0  0  0  0  0  0  0  0  0  1  0  0  0  0  1  1  1  0  1  0  0  1  0  1  2  1  1  1  1  0  2  2
 39 Rotate R-P-S            15   1 27 13   0  0  0  0  0  0  0  0  0  0  0  0  0  0  0  0  0  0  0  1  0  0  0  0  1  1  1  0  2  0  0  1  1  1  1  1  1  1  1  1  0  1
 40 Beat Frequent Pick      15   4 30  7   0  0  0  0  0  0  0  0  0  0  0  0  0  0  0  0  0  0  0  0  0  0  0  0  1  1  0  0  1  0  0  1  0  0  2  1  1  2  1  1  2  2
 41 * Anti-Flat             14   4 31  6   0  0  0  0  0  0  0  0  0  0  0  0  0  0  0  0  0  0  0  2  0  0  0  0  1  1  1  0  1  0  0  1  0  2  0  1  2  0  2  0  1  0
 42 R-P-S 20-20-60          13   1 29 11   0  0  0  0  0  0  0  0  0  0  0  0  0  0  0  0  0  1  0  1  0  0  0  0  1  1  1  0  1  0  0  0  0  1  1  1  1  0  1  0  2  1


   Yomi AI is match ranked 18

 Tournament results:
    Player Name          total 
  1 Yomi AI               2499 
 15 * Anti-rotn           4975 
 19 Iocaine Powder       11014 
 20 Phasenbott           10255 
 21 MegaHAL               9534 
 22 RussRocker4           7832 
 23 Biopic                8599 
 24 Simple Modeller       9119 
 25 Simple Predictor      7368 
 26 Robertot              7596 
 27 Boom                  7189 
 28 Shofar                6371 
 29 ACT-R Lag2            5893 
 30 Majikthise            4609 
 31 Vroomfondel           4714 
 32 Granite               6398 
 33 Marble                5941 
 34 ZQ Bot                6000 
 35 Sweet Rocky           6413 
 36 Piedra                5589 
 37 Mixed Strategy        4698 
 38 Multi-strategy        2908 
 41 Bugbrain              5915 

   Yomi is tournament ranked 23

