 Playing 1 tournaments with 1000 trials per match...

 Yomi AI            vs Good Ole Rock       Match: 1000 (1000+   0-   0=)
 Yomi AI            vs R-P-S 20-20-60      Match:  219 (490+ 271- 239=)
 Yomi AI            vs Rotate R-P-S        Match:  717 (857+ 140-   3=)
 Yomi AI            vs Beat The Last Move  Match:   47 (371+ 324- 305=)
 Yomi AI            vs Always Switchin'    Match:  151 (456+ 305- 239=)
 Yomi AI            vs Beat Frequent Pick  Match:  483 (709+ 226-  65=)
 Yomi AI            vs * Pi                Match:  -27 (319+ 346- 335=)
 Yomi AI            vs * Switch A Lot      Match:  115 (417+ 302- 281=)
 Yomi AI            vs * Flat              Match:  101 (381+ 280- 339=)
 Yomi AI            vs * Anti-Flat         Match:  746 (866+ 120-  14=)
 Yomi AI            vs * Foxtrot           Match:  294 (543+ 249- 208=)
 Yomi AI            vs * De Bruijn         Match:   -4 (334+ 338- 328=)
 Yomi AI            vs * Text              Match:  106 (400+ 294- 306=)
 Yomi AI            vs * Anti-rotn         Match:   39 (367+ 328- 305=)
 Yomi AI            vs * Copy-drift        Match:   50 (356+ 306- 338=)
 Yomi AI            vs * Add-react         Match:   38 (362+ 324- 314=)
 Yomi AI            vs * Add-drift         Match:  -25 (334+ 359- 307=)
 Yomi AI            vs Iocaine Powder      Match:  -39 (323+ 362- 315=)
 Yomi AI            vs Phasenbott          Match:  -12 (321+ 333- 346=)
 Yomi AI            vs MegaHAL             Match:   -1 (353+ 354- 293=)
 Yomi AI            vs RussRocker4         Match:  -10 (375+ 385- 240=)
 Yomi AI            vs Biopic              Match:  -16 (346+ 362- 292=)
 Yomi AI            vs Simple Modeller     Match:   16 (356+ 340- 304=)
 Yomi AI            vs Simple Predictor    Match:   41 (366+ 325- 309=)
 Yomi AI            vs Robertot            Match:   -2 (356+ 358- 286=)
 Yomi AI            vs Boom                Match:  -13 (343+ 356- 301=)
 Yomi AI            vs Shofar              Match:  -15 (330+ 345- 325=)
 Yomi AI            vs ACT-R Lag2          Match:  -12 (348+ 360- 292=)
 Yomi AI            vs Majikthise          Match:   -9 (337+ 346- 317=)
 Yomi AI            vs Vroomfondel         Match:   24 (348+ 324- 328=)
 Yomi AI            vs Granite             Match:   49 (424+ 375- 201=)
 Yomi AI            vs Marble              Match:  109 (447+ 338- 215=)
 Yomi AI            vs ZQ Bot              Match:   71 (416+ 345- 239=)
 Yomi AI            vs Sweet Rocky         Match:   47 (372+ 325- 303=)
 Yomi AI            vs Piedra              Match:   58 (375+ 317- 308=)
 Yomi AI            vs Mixed Strategy      Match:  -17 (345+ 362- 293=)
 Yomi AI            vs Multi-strategy      Match:  160 (463+ 303- 234=)
 Yomi AI            vs Inocencio           Match:   66 (396+ 330- 274=)
 Yomi AI            vs Peterbot            Match:   15 (335+ 320- 345=)
 Yomi AI            vs Bugbrain            Match:  -32 (333+ 365- 302=)
 Yomi AI            vs Knucklehead         Match:  336 (587+ 251- 162=)
 Final results (draw value = 50):

 Tournament results: 

    Player Name          total     1    2    3    4    5    6    7    8    9   10   11   12   13   14   15   16   17   18   19   20   21   22   23   24   25   26   27   28   29   30   31   32   33   34   35   36   37   38   39   40   41   42
  1 Iocaine Powder       10824     0   43   68   19   22   29  532  211   50   42  222  187  -55   67   64   20  290   42   39   28   63   20  276   23   29  154  216  178  362  562  210  124  348   28  849  191  407  923  985  985  993  978
  2 MegaHAL              10492   -43    0  -37   -3   40   40  108   65    9  107  238  216  -49   45  -13   22  251   43    1   -9  -17   90  197  -39   31  216  955   58  114  328  165  189  279  191  956  434  392  944  991  990 1000  997
  3 Phasenbott            9993   -68   37    0   17   22   78  541  131  -54   58  223  219   40   27   42  107  260   43   12   21   12   40  239   11   26  111  208   71  396  361   99  107  348   98  917  182  125  924  989  989  994  990
  4 Simple Modeller       8920   -19    3  -17    0    4  -14  -47  273   -9   37   87   92   10   63   37   24  305   55  -16   -7   54   39  181  -19   -7  221  776  239  -13  223   70  159   98  283  324  467  398  595  991  991  998  991
  5 Biopic                8828   -22  -40  -22   -4    0    8    4   11   19   55  109  114    2   37  -24   11   89   54   16   -3   19   22  267  -19   11    7  154   78  405  490  155  155   89  191  779  306  406  916  997  997  998  991
  6 Robertot              8323   -29  -40  -78   14   -8    0  -18   31   27   30   -2   32    9   63   21  -16  163   57    2   -4  -18   96  294   49  -17   33   28  145    1  393   67  150   86  103  968  459  395  855  996  993  996  997
  7 RussRocker4           7632  -532 -108 -541   47   -4   18    0   45   32   -5  147  158   38   57    2   17  171   52   10  -24   28    0  329  -38  -16  112  117  101  195  515   90   51  333  119  913  306  332  587  988  994  999  997
  8 Simple Predictor      7336  -211  -65 -131 -273  -11  -31  -45    0   39   17   36   13  -47   79  -12  -19  145   52  -41  -19  -29   59  179  -62  -14  257  668  250   51  275   60  154  107  231  317  412  392  592  986  986  993  996
  9 Boom                  7254   -50   -9   54    9  -19  -27  -32  -39    0   69   43   83    8   36  -38  -24    7   45   13   -1    5   49  174   11  -21   -3   82   74   41  443   72  141   86   74  362  439  373  753  985  990  997  999
 10 Sweet Rocky           6699   -42 -107  -58  -37  -55  -30    5  -17  -69    0  -53  -57  -38  -31  -29  -54  -49    8  -47  -54  -13  -31   81    1    7  -35  694  -23   39   38  145  161  153  201  878  238  421  592  989  989  996  992
 11 Granite               6671  -222 -238 -223  -87 -109    2 -147  -36  -43   53    0    8  -95   41 -101 -120   22   56  -49  -48  -51   47  283  -45    1  -12  635   53   25  336  189  176   85  134  905  267  409  594  994  998  998  986
 12 Marble                6538  -187 -216 -219  -92 -114  -32 -158  -13  -83   57   -8    0  -78   29  -77  -91   25   42 -109  -25  -32  -27  333  -73  -38   -6  633   42   58  314  155  174   98  164  926  217  372  592  992  997 1000  996
 13 Shofar                6361    55   49  -40  -10   -2   -9  -38   47   -8   38   95   78    0   48    0    0   57   50   15   29    1   38  138    4  -10   -4   28  127   14   32   47   59   46   86  178  449  319  555  879  954  985  982
 14 Piedra                6077   -67  -45  -27  -63  -37  -63  -57  -79  -36   31  -41  -29  -48    0  -32  -17  -12   43  -58  -54  -32  -31   57  -62   26   45  -16  -27  -53  154  121  171  281  150  837  186  392  591  994  995 1000  989
 15 Bugbrain              6016   -64   13  -42  -37   24  -21   -2   12   38   29  101   77    0   32    0  -65  175   30   32  -19  -60   56  139   14   22  140    1   36    7  166   46   81   93   68  265  234  203  379  908  925  988  992
 16 ACT-R Lag2            5625   -20  -22 -107  -24  -11   16  -17   19   24   54  120   91    0   17   65    0   72   21   12  -18   -4   62  251  -65  -33   -7   42  -13  -71  498  129   78   71  106  135  261  306  573   30  993  996  995
 17 ZQ Bot                5362  -290 -251 -260 -305  -89 -163 -171 -145   -7   49  -22  -25  -57   12 -175  -72    0   82  -71  -64  -26  -36  150   -6  -20   21  -75   85   34  241  159  160  384  136  999  211  394  596  999  988  998  994
 18 * Anti-rotn           5333   -42  -43  -43  -55  -54  -57  -52  -52  -45   -8  -56  -42  -50  -43  -30  -21  -82    0  -39   25    1  -49  264  -34  -46   41  605  -10   17   65  189   53    6  319   44  502  161  499  499  999  998  999
 19 Yomi AI               4864   -39   -1  -12   16  -16   -2  -10   41  -13   47   49  109  -15   58  -32  -12   71   39    0   -9   24  -17  160   -4  -27  -25   66   50  294  336  101  106   38  115   15  151  219  483   47  717 1000  746
 20 Majikthise            4857   -28    9  -21    7    3    4   24   19    1   54   48   25  -29   54   19   18   64  -25    9    0   -8   58  200  -42   19   -7   63    7   23  236   48   38  -31   96   61  221  170  486  -23  997  996  994
 21 Vroomfondel           4830   -63   17  -12  -54  -19   18  -28   29   -5   13   51   32   -1   32   60    4   26   -1  -24    8    0   35  180   15    9   27   70   -5   10  187  119   23    4   99   12  292  148  521   22  989  996  994
 22 Mixed Strategy        4725   -20  -90  -40  -39  -22  -96    0  -59  -49   31  -47   27  -38   31  -56  -62   36   49   17  -58  -35    0   37 -128  -52  -15   36   12  -20  246  -18  125   73   29   29  153  363  461  981  943  997  993
 23 Multi-strategy        2680  -276 -197 -239 -181 -267 -294 -329 -179 -174  -81 -283 -333 -138  -57 -139 -251 -150 -264 -160 -200 -180  -37    0  -50  -20  -10  -77  221   40   47  163  123   27  273  500  445  416  999  997  997  999  999
 24 * De Bruijn            554   -23   39  -11   19   19  -49   38   62  -11   -1   45   73   -4   62  -14   65    6   34    4   42  -15  128   50    0   -1  -31   13  -17    2   -8   -9   23   -1   26   -1   -8  -33  128   -1   21    0 -107
 25 * Pi                    -2   -29  -31  -26    7  -11   17   16   14   21   -7   -1   38   10  -26  -22   33   20   46   27  -19   -9   52   20    1    0  -26   27  -14  -14  -31   17  -81    8  -31   16  -24   -8   30   22  -11  -11  -12
 26 * Add-drift          -1220  -154 -216 -111 -221   -7  -33 -112 -257    3   35   12    6    4  -45 -140    7  -21  -41   25    7  -27   15   10   31   26    0   -1    2    3  -26  -15  -39  -97  -25   61   22   23   -9   40   27    6   12
 27 Inocencio            -1457  -216 -955 -208 -776 -154  -28 -117 -668  -82 -694 -635 -633  -28   16   -1  -42   75 -605  -66  -63  -70  -36   77  -13  -27    1    0   92  347  215  128  154   74  118  189  232  440  364 -808  987  980  979
 28 * Copy-drift         -2022  -178  -58  -71 -239  -78 -145 -101 -250  -74   23  -53  -42 -127   27  -36   13  -85   10  -50   -7    5  -12 -221   17   14   -2  -92    0  -17  -89  -10  -11    1   -2  -79   31   20   -6  -14  -30    8  -12
 29 * Foxtrot            -2374  -362 -114 -396   13 -405   -1 -195  -51  -41  -39  -25  -58  -14   53   -7   71  -34  -17 -294  -23  -10   20  -40   -2   14   -3 -347   17    0   -2    7    7   -6  -44  -31   22   -2   11   -1  -29    4  -20
 30 Knucklehead          -2450  -562 -328 -361 -223 -490 -393 -515 -275 -443  -38 -336 -314  -32 -154 -166 -498 -241  -65 -336 -236 -187 -246  -47    8   31   26 -215   89    2    0  -30   13   45   21    5    8   74  156  989  825  989 1000
 31 * Flat               -2884  -210 -165  -99  -70 -155  -67  -90  -60  -72 -145 -189 -155  -47 -121  -46 -129 -159 -189 -101  -48 -119   18 -163    9  -17   15 -128   10   -7   30    0  -12  -21  -33 -191   -4   -9  263  226   29   -1 -462
 32 * Text               -3059  -124 -189 -107 -159 -155 -150  -51 -154 -141 -161 -176 -174  -59 -171  -81  -78 -160  -53 -106  -38  -23 -125 -123  -23   81   39 -154   11   -7  -13   12    0  -10   54   21   12   20 -185  -74  -11 -185  111
 33 * Add-react          -3131  -348 -279 -348  -98  -89  -86 -333 -107  -86 -153  -85  -98  -46 -281  -93  -71 -384   -6  -38   31   -4  -73  -27    1   -8   97  -74   -1    6  -45   21   10    0   19  -50    2  -17    7   46  -25  -10   -8
 34 * Switch A Lot       -3237   -28 -191  -98 -283 -191 -103 -119 -231  -74 -201 -134 -164  -86 -150  -68 -106 -136 -319 -115  -96  -99  -29 -273  -26   31   25 -118    2   44  -21   33  -54  -19    0 -145  -20   -9   15  329  -14   31  -27
 35 Peterbot             -6876  -849 -956 -917 -324 -779 -968 -913 -317 -362 -878 -905 -926 -178 -837 -265 -135 -999  -44  -15  -61  -12  -29 -500    1  -16  -61 -189   79   31   -5  191  -21   50  145    0  277  429  422  963  999  998 1000
 36 Always Switchin'     -7147  -191 -434 -182 -467 -306 -459 -306 -412 -439 -238 -267 -217 -449 -186 -234 -261 -211 -502 -151 -221 -292 -153 -445    8   24  -22 -232  -31  -22   -8    4  -12   -2   20 -277    0  -14   16  508  -38   -7  -39
 37 R-P-S 20-20-60       -9061  -407 -392 -125 -398 -406 -395 -332 -392 -373 -421 -409 -372 -319 -392 -203 -306 -394 -161 -219 -170 -148 -363 -416   33    8  -23 -440  -20    2  -74    9  -20   17    9 -429   14    0 -400 -120    8 -395  273
 38 Beat Frequent Pick  -14426  -923 -944 -924 -595 -916 -855 -587 -592 -753 -592 -594 -592 -555 -591 -379 -573 -596 -499 -483 -486 -521 -461 -999 -128  -30    9 -364    6  -11 -156 -263  185   -7  -15 -422  -16  400    0 -600    0  999  997
 39 Beat The Last Move  -17723  -985 -991 -989 -991 -997 -996 -988 -986 -985 -989 -994 -992 -879 -994 -908  -30 -999 -499  -47   23  -22 -981 -997    1  -22  -40  808   14    1 -989 -226   74  -46 -329 -963 -508  120  600    0    1 1000  997
 40 Rotate R-P-S        -25778  -985 -990 -989 -991 -997 -993 -994 -986 -990 -989 -998 -997 -954 -995 -925 -993 -988 -999 -717 -997 -989 -943 -997  -21   11  -27 -987   30   29 -825  -29   11   25   14 -999   38   -8    0   -1    0    0 -643
 41 Good Ole Rock       -26322  -993 -1000 -994 -998 -998 -996 -999 -993 -997 -996 -998 -1000 -985 -1000 -988 -996 -998 -998 -1000 -996 -996 -997 -999    0   11   -6 -980   -8   -4 -989    1  185   10  -31 -998    7  395 -999 -1000    0    0  999
 42 * Anti-Flat         -27625  -978 -997 -990 -991 -991 -997 -997 -996 -999 -992 -986 -996 -982 -989 -992 -995 -994 -999 -746 -994 -994 -993 -999  107   12  -12 -979   12   20 -1000  462 -111    8   27 -1000   39 -273 -997 -997  643 -999    0

 Match results (draw <= 50): 

    Player Name           total  W  L  D   1  2  3  4  5  6  7  8  9 10 11 12 13 14 15 16 17 18 19 20 21 22 23 24 25 26 27 28 29 30 31 32 33 34 35 36 37 38 39 40 41 42
  1 Iocaine Powder          66  26  1 14   1  1  2  1  1  2  1  1  2  1  0  1  1  2  2  2  1  1  1  2  2  2  1  1  2  2  2  2  2  2  2  2  2  2  2  1  2  2  2  2  2  2
  2 MegaHAL                 66  25  0 16   1  1  1  1  1  2  1  1  2  1  1  1  1  1  1  2  1  2  1  2  1  2  2  1  2  2  2  2  2  2  2  2  2  2  2  2  2  2  2  2  2  2
  3 Phasenbott              65  26  2 13   0  1  1  1  1  2  0  2  2  1  1  2  1  1  1  2  1  2  1  2  1  2  1  1  2  2  2  2  2  2  2  2  2  2  2  2  2  2  2  2  2  2
  4 Simple Modeller         65  24  0 17   1  1  1  1  1  1  1  1  2  1  1  1  1  1  2  2  2  1  1  2  2  2  1  1  2  1  2  2  2  2  2  2  2  2  2  2  2  2  2  2  2  2
  5 Biopic                  63  22  0 19   1  1  1  1  1  1  1  1  1  1  1  1  1  1  1  2  2  2  1  2  1  2  1  1  2  2  1  2  2  2  2  2  2  2  2  2  2  2  2  2  2  2
  6 RussRocker4             61  23  3 15   0  0  0  1  1  1  1  1  1  1  1  1  1  1  1  2  2  1  1  2  2  2  1  1  2  2  2  2  2  2  2  2  2  2  2  2  2  2  2  2  2  2
  7 Boom                    60  19  0 22   1  1  2  1  1  1  1  1  1  1  1  1  1  1  1  1  1  2  1  2  1  1  1  1  2  1  1  2  2  2  2  2  2  2  2  2  2  2  2  2  2  2
  8 Robertot                59  19  1 21   1  1  0  1  1  1  1  1  1  1  1  1  1  1  1  1  2  1  1  1  2  2  2  1  1  1  1  2  2  2  2  2  2  2  2  2  2  2  2  2  2  2
  9 Simple Predictor        58  22  5 14   0  0  0  0  1  1  1  1  1  1  1  1  1  1  1  1  2  1  0  1  2  2  2  1  2  2  2  2  2  2  2  2  2  2  2  2  2  2  2  2  2  2
 10 Yomi AI                 57  16  0 25   1  1  1  1  1  1  1  1  1  1  1  1  1  1  1  1  1  1  1  2  2  2  1  1  2  2  1  2  1  2  1  1  1  2  2  2  2  2  2  2  2  2
 11 Shofar                  57  16  0 25   2  1  1  1  1  1  1  1  1  1  1  1  1  1  1  2  1  1  1  2  1  2  1  1  1  1  1  2  2  1  2  1  2  1  2  2  2  2  2  2  2  2
 12 ACT-R Lag2              57  19  3 19   1  1  0  1  1  1  1  1  1  1  1  1  1  2  1  2  1  2  0  2  1  2  2  1  1  0  1  2  2  2  1  2  1  2  2  2  2  2  2  2  2  2
 13 Majikthise              56  15  0 26   1  1  1  1  1  1  1  1  1  1  1  1  1  1  1  1  1  2  1  1  2  2  2  1  2  1  1  2  2  2  1  1  1  1  1  2  2  2  2  2  2  2
 14 Bugbrain                56  18  3 20   0  1  1  1  1  1  1  1  1  1  1  0  1  1  0  2  1  1  1  2  1  2  2  1  1  1  2  2  2  2  1  2  2  1  2  2  2  2  2  2  2  2
 15 Vroomfondel             52  13  2 26   0  1  1  0  1  1  1  1  1  1  1  1  1  2  1  2  1  1  1  1  1  1  1  1  2  1  1  2  1  2  1  1  1  2  1  2  2  2  2  2  2  2
 16 Granite                 49  18 10 13   0  0  0  0  0  0  1  1  1  1  0  0  1  0  0  1  2  2  1  1  1  1  1  1  2  1  1  2  2  2  2  2  2  2  2  2  2  2  2  2  2  2
 17 * Anti-rotn             47  13  7 21   1  1  1  0  0  0  1  0  0  1  1  1  1  1  1  0  1  1  1  1  1  0  1  1  2  1  1  2  1  2  1  1  2  2  2  2  2  2  2  2  2  2
 18 Sweet Rocky             47  14  8 19   1  0  0  1  0  1  0  1  1  1  1  0  0  1  1  0  1  1  1  0  1  1  1  1  2  1  1  2  2  1  1  2  2  2  2  2  2  2  2  2  2  2
 19 * De Bruijn             46   6  1 34   1  1  1  1  1  1  1  1  2  1  1  2  1  1  1  1  1  1  1  2  2  1  2  1  1  1  1  1  1  1  1  1  1  1  1  1  1  1  2  1  0  1
 20 Marble                  46  17 12 12   0  0  0  0  0  0  0  1  1  0  0  0  1  0  1  1  1  2  0  1  1  1  1  1  2  2  1  2  2  2  1  2  2  2  2  2  2  2  2  2  2  2
 21 Piedra                  46  14  9 18   0  1  1  0  1  0  1  0  0  0  1  1  0  1  1  1  1  1  0  1  1  1  1  1  1  0  1  2  2  2  1  2  2  2  2  2  2  2  2  2  2  2
 22 ZQ Bot                  43  16 14 11   0  0  0  0  0  0  1  0  0  0  0  0  0  0  1  1  2  1  1  1  1  1  1  1  0  1  1  2  2  2  2  2  2  2  2  2  2  2  2  2  2  2
 23 Mixed Strategy          43  10  8 23   1  0  1  1  1  1  1  0  0  1  1  0  0  0  1  1  1  1  0  1  1  1  1  0  1  1  1  1  1  2  1  2  2  1  2  1  2  2  2  2  2  2
 24 * Pi                    41   1  1 39   1  1  1  1  1  1  1  1  1  1  1  1  1  1  1  1  1  1  1  1  1  1  2  1  1  1  1  1  1  1  1  1  1  1  0  1  1  1  1  1  1  1
 25 Inocencio               41  16 16  9   0  0  0  0  0  0  0  1  0  0  1  1  0  1  0  0  0  0  1  0  1  2  1  1  1  2  1  2  2  2  2  2  0  2  2  2  2  2  2  2  2  2
 26 * Foxtrot               34   2  9 30   0  0  0  1  0  0  1  1  0  0  1  2  1  1  1  1  1  1  1  0  2  1  1  1  0  1  1  1  1  1  1  1  1  1  1  1  1  1  1  1  1  1
 27 * Add-drift             34   1  8 32   0  0  0  0  1  0  1  1  0  1  1  1  1  0  1  1  1  1  1  1  1  1  1  1  1  1  1  1  2  1  1  0  1  1  1  1  1  1  1  1  1  1
 28 Multi-strategy          31  12 22  7   0  0  0  0  0  0  0  0  0  0  0  0  0  0  0  0  0  0  1  0  0  0  1  1  0  1  1  1  2  1  2  1  2  2  2  2  2  2  2  2  2  2
 29 Peterbot                30  10 21 10   0  0  0  0  0  0  0  0  0  1  0  0  0  0  1  0  1  0  1  0  0  0  1  1  0  1  0  0  1  1  2  1  2  2  1  2  2  2  2  2  2  2
 30 Knucklehead             27   7 21 13   0  0  0  0  0  0  0  0  0  0  1  0  0  0  0  0  0  1  1  0  0  0  0  1  0  1  1  1  1  1  2  1  2  1  1  1  1  2  2  2  2  2
 31 * Copy-drift            25   0 16 25   0  0  0  0  0  0  0  0  0  1  0  1  1  1  1  0  1  1  1  1  1  0  1  1  0  1  1  0  0  0  1  1  1  1  1  1  1  1  1  1  1  1
 32 * Add-react             24   1 18 22   0  0  0  0  0  0  0  0  0  1  1  0  1  0  1  0  1  0  1  0  0  0  0  1  0  1  2  1  1  1  1  1  1  1  1  1  1  1  1  1  1  1
 33 Beat The Last Move      23   6 24 11   0  0  0  0  0  0  0  0  0  1  0  1  1  0  1  0  0  0  1  0  0  0  0  1  2  1  1  0  0  0  1  1  1  0  2  0  0  2  2  1  2  2
 34 * Flat                  21   2 22 17   0  0  0  0  0  0  0  0  0  0  1  0  1  1  0  0  0  0  1  0  0  0  1  1  0  1  1  0  0  1  1  1  2  1  1  1  1  1  2  1  0  1
 35 * Text                  19   3 25 13   0  0  0  0  0  0  0  0  0  0  0  0  1  0  1  0  0  0  1  0  0  0  0  2  0  1  1  0  1  1  1  1  0  1  1  2  1  0  0  1  2  1
 36 * Switch A Lot          18   1 24 16   1  0  0  0  0  0  0  0  0  0  0  0  0  0  0  0  0  0  1  0  0  0  1  1  0  1  1  0  0  1  1  1  2  1  0  1  1  1  1  1  1  1
 37 Always Switchin'        17   1 25 15   0  0  0  0  0  0  0  0  0  0  0  0  0  0  0  0  0  0  1  0  0  0  0  1  0  1  1  0  0  1  1  1  2  1  1  1  1  1  1  1  1  1
 38 Good Ole Rock           16   3 28 10   0  0  0  0  0  0  0  0  0  0  0  0  0  0  0  0  0  0  1  0  0  0  0  1  0  1  1  0  0  0  1  1  0  1  2  1  1  1  0  1  2  2
 39 Beat Frequent Pick      16   4 29  8   0  0  0  0  0  0  0  0  0  0  0  0  0  0  0  0  0  0  0  0  0  0  0  1  0  1  1  0  0  0  1  1  0  0  2  1  1  2  1  1  2  2
 40 Rotate R-P-S            14   0 27 14   0  0  0  0  0  0  0  0  0  0  0  0  0  0  0  0  0  0  1  0  0  0  0  1  0  1  1  0  0  0  1  1  1  1  1  1  1  1  1  1  0  1
 41 * Anti-Flat             13   3 31  7   0  0  0  0  0  0  0  0  0  0  0  0  0  0  0  0  0  0  2  0  0  0  0  1  0  1  1  0  0  0  1  1  0  2  0  1  1  0  0  2  1  0
 42 R-P-S 20-20-60          13   1 29 11   0  0  0  0  0  0  0  0  0  0  0  0  0  0  0  0  0  0  1  0  0  0  0  1  0  1  1  0  0  0  1  1  0  1  1  1  1  0  0  1  2  1


   Yomi AI is match ranked 10

 Tournament results:
    Player Name          total 
  1 Yomi AI               4864 
 15 * Anti-rotn           5333 
 19 Iocaine Powder       10824 
 20 Phasenbott            9993 
 21 MegaHAL              10492 
 22 RussRocker4           7632 
 23 Biopic                8828 
 24 Simple Modeller       8920 
 25 Simple Predictor      7336 
 26 Robertot              8323 
 27 Boom                  7254 
 28 Shofar                6361 
 29 ACT-R Lag2            5625 
 32 Granite               6671 
 33 Marble                6538 
 34 ZQ Bot                5362 
 35 Sweet Rocky           6699 
 36 Piedra                6077 
 41 Bugbrain              6016 

   Yomi is tournament ranked 19

