 Playing 1 tournaments with 1000 trials per match...

 Yomi AI            vs Good Ole Rock       Match: 1000 (1000+   0-   0=)
 Yomi AI            vs R-P-S 20-20-60      Match:  287 (530+ 243- 227=)
 Yomi AI            vs Rotate R-P-S        Match:  992 (995+   3-   2=)
 Yomi AI            vs Beat The Last Move  Match:   91 (389+ 298- 313=)
 Yomi AI            vs Always Switchin'    Match:  230 (448+ 218- 334=)
 Yomi AI            vs Beat Frequent Pick  Match:  505 (683+ 178- 139=)
 Yomi AI            vs * Pi                Match:   -6 (326+ 332- 342=)
 Yomi AI            vs * Switch A Lot      Match:  125 (404+ 279- 317=)
 Yomi AI            vs * Flat              Match:  114 (416+ 302- 282=)
 Yomi AI            vs * Anti-Flat         Match:  990 (993+   3-   4=)
 Yomi AI            vs * Foxtrot           Match:  341 (557+ 216- 227=)
 Yomi AI            vs * De Bruijn         Match:   35 (349+ 314- 337=)
 Yomi AI            vs * Text              Match:  113 (396+ 283- 321=)
 Yomi AI            vs * Anti-rotn         Match:   11 (339+ 328- 333=)
 Yomi AI            vs * Copy-drift        Match:   13 (332+ 319- 349=)
 Yomi AI            vs * Add-react         Match:   57 (371+ 314- 315=)
 Yomi AI            vs * Add-drift         Match:  -32 (321+ 353- 326=)
 Yomi AI            vs Iocaine Powder      Match:  -17 (329+ 346- 325=)
 Yomi AI            vs Phasenbott          Match:   12 (344+ 332- 324=)
 Yomi AI            vs MegaHAL             Match:   13 (352+ 339- 309=)
 Yomi AI            vs RussRocker4         Match:  -24 (341+ 365- 294=)
 Yomi AI            vs Biopic              Match:   18 (369+ 351- 280=)
 Yomi AI            vs Simple Modeller     Match:  -40 (322+ 362- 316=)
 Yomi AI            vs Simple Predictor    Match:    9 (350+ 341- 309=)
 Yomi AI            vs Robertot            Match:   24 (350+ 326- 324=)
 Yomi AI            vs Boom                Match:   26 (345+ 319- 336=)
 Yomi AI            vs Shofar              Match:   55 (374+ 319- 307=)
 Yomi AI            vs ACT-R Lag2          Match:   13 (347+ 334- 319=)
 Yomi AI            vs Majikthise          Match:  -37 (294+ 331- 375=)
 Yomi AI            vs Vroomfondel         Match:  -45 (303+ 348- 349=)
 Yomi AI            vs Granite             Match:   12 (382+ 370- 248=)
 Yomi AI            vs Marble              Match:  107 (455+ 348- 197=)
 Yomi AI            vs ZQ Bot              Match:   24 (387+ 363- 250=)
 Yomi AI            vs Sweet Rocky         Match:   77 (393+ 316- 291=)
 Yomi AI            vs Piedra              Match:   66 (380+ 314- 306=)
 Yomi AI            vs Mixed Strategy      Match:  105 (402+ 297- 301=)
 Yomi AI            vs Multi-strategy      Match:  202 (467+ 265- 268=)
 Yomi AI            vs Inocencio           Match:   44 (395+ 351- 254=)
 Yomi AI            vs Peterbot            Match:   19 (347+ 328- 325=)
 Yomi AI            vs Bugbrain            Match:  -16 (334+ 350- 316=)
 Yomi AI            vs Knucklehead         Match:  509 (669+ 160- 171=)
 Final results (draw value = 50):

 Tournament results: 

    Player Name          total     1    2    3    4    5    6    7    8    9   10   11   12   13   14   15   16   17   18   19   20   21   22   23   24   25   26   27   28   29   30   31   32   33   34   35   36   37   38   39   40   41   42
  1 Iocaine Powder       10712     0   86   61   62   40   34   55  495  183   62   -4  239    7  213   17  -16  -16   66  317    6   55   13  252   -3  272   -7   66  303  183  363  193  120  581   51  223  903  369  905  982  987  994 1000
  2 Phasenbott            9620   -86    0   18   48   25   64   10  519  141   32    2  198   21  207  -12   55   17   45  249   24   53   12  219   18  177  -34  117  346   69  325   75   61  381   51  229  914  124  954  988  986  994  984
  3 Simple Modeller       9379   -61  -18    0   21    0    9    0  -13  218  -11  -10  115   61   93   40   48   16   49  293    0  -42   -4  270  -81  784   -9  227  -19  240  101   60  137  257  202  482  944  409  591  993  993  999  995
  4 MegaHAL               9360   -62  -48  -21    0   -1   -2   -3   99   81   22  -11  235   34  208  -13  -46   62   68  250   38  -22  -33  168   12  213  -27  207   51   43  268   96  189  383  228  468  896  413  944  990  988  999  996
  5 Biopic                8419   -40  -25    0    1    0   21  -18  -26   49   35  -23  143   60  148  -18  -10    7   41   95   37   30   -8  286   -8  145   -7   10  401   -7   58  172  138  495  165  325  739  384  646  992  993  999  994
  6 Robertot              8194   -34  -64   -9    2  -21    0  -34  -15   12  -25   38   81   59   97  -24  -17   32   61   90   90   -4  -16  259   23   32   22    3   34   57   34   17  171  450   71  447  998  408  925  963  994  996  991
  7 Boom                  8018   -55  -10    0    3   18   34    0  -44   48  -47  -16   46   41   31  -26  -21   -6   43   28   -4  -27    8  207   -6  864  -10   67   25   93   83   93  130  400  252  365  352  334  753  991  990  997  994
  8 RussRocker4           7790  -495 -519   13  -99   26   15   44    0   83  -40   26  163   28  159   24   33   28   72  168   43   -9   55  191  -20  170  -32   84  181  161  377  112   42  498  142  266  933  292  592  993  995  999  996
  9 Simple Predictor      7618  -183 -141 -218  -81  -49  -12  -48  -83    0  -62  -28    4   70   20   -9   10   45   52  148   54   -1  -19  179  -79  653  -14  250  -14  275  103  112  149  273  181  411  732  382  592  985  989  996  994
 10 ACT-R Lag2            7012   -62  -32   11  -22  -35   25   47   40   62    0   -3  118   37   81  -13   58   68   12   71   29   25   -6  283 -109  577  -25  -41  -33   66   25   71  107  500  163  296  221  287  574  556  993  996  994
 11 Shofar                6766     4   -2   10   11   23  -38   16  -26   28    3    0   36   72   76  -55  -13   39   48   82   31   -3   25  132  -13   69   12   20   17  126   83   43  149  203  208  444  193  367  555  879  946  981  985
 12 Granite               6630  -239 -198 -115 -235 -143  -81  -46 -163   -4 -118  -36    0   45  -35  -12  -65   43   61   19   55  -31  -45  330  -55  647   -5   36   88   -4  129  192  179  331   64  281  814  378  592  990  992  999  995
 13 Piedra                6325    -7  -21  -61  -34  -60  -59  -41  -28  -70  -37  -72  -45    0    6  -66  -54   35   39  -51   28  -15  -35   51   -6  -70  -17  117  -27   23   95  130  180  194  197  268  918  346  595  996  989 1000  994
 14 Marble                6249  -213 -207  -93 -208 -148  -97  -31 -159  -20  -81  -76   35   -6    0 -107  -64   27   41   13   38  -10  -64  330  -29  639  -30    3   47  -32   94  157  178  338   78  215  699  417  594  992  995  999  995
 15 Yomi AI               6022   -17   12  -40   13   18   24   26  -24    9   13   55   12   66  107    0  -16   77   11   24  105  -45  -37  202   35   44   -6  -32  341   13   57  114  113  509  125  230   19  287  505   91  992 1000  990
 16 Bugbrain              5924    16  -55  -48   46   10   17   21  -33  -10  -58   13   65   54   64   16    0   53   41  148   84    8   -7   99  -24   69  -14  139  -30   32   90   68   73   80   84  250  186  182  405  897  940  976  977
 17 Sweet Rocky           5678    16  -17  -16  -62   -7  -32    6  -28  -45  -68  -39  -43  -35  -27  -77  -53    0   48   -3  -28  -29  -11   91   11  -30   39   15  -16   10   17  138  160  192  193  272  177  394  588  993  991  995  998
 18 * Anti-rotn           5671   -66  -45  -49  -68  -41  -61  -43  -72  -52  -12  -48  -61  -39  -41  -11  -41  -48    0  -68  -47   12  -13  235  -46  516  -42    7  -19   16   31  215   58   19  326  488  500  191  597  500  996  998  999
 19 ZQ Bot                5459  -317 -249 -293 -250  -95  -90  -28 -168 -148  -71  -82  -19   51  -13  -24 -148    3   68    0   13  -31  -43  248  -11  -40    2   53   61  -20  249  164  150  300  164  245  873  381  591  991  992 1000 1000
 20 Mixed Strategy        5023    -6  -24    0  -38  -37  -90    4  -43  -54  -29  -31  -55  -28  -38 -105  -84   28   47  -13    0  -39  -39   26  -77   -7  -26   38    8  131   66   26  144  153  161   98  307  328  518  966  872  995  970
 21 Vroomfondel           4797   -55  -53   42   22  -30    4   27    9    1  -25    3   31   15   10   45   -8   29  -12   31   39    0   11  136  -15   37    4   26   13   11   37   93   47  235   97  259   37  187  478    3  994  990  992
 22 Majikthise            4683   -13  -12    4   33    8   16   -8  -55   19    6  -25   45   35   64   37    7   11   13   43   39  -11    0  158  -12   42   24   31   24    3  -32   42  -14  220  143  300   21  142  428  -66  988  990  995
 23 Multi-strategy        2766  -252 -219 -270 -168 -286 -259 -207 -191 -179 -283 -132 -330  -51 -330 -202  -99  -91 -235 -248  -26 -136 -158    0  -50 -110  -20   16    5  249   75  168  123   11  265  502  500  393  999  997  997  999  999
 24 * De Bruijn            647     3  -18   81  -12    8  -23    6   20   79  109   13   55    6   29  -35   24  -11   46   11   77   15   12   50    0   14   -1    7   16   30   20   21   23  -17  -17    1   -2  -26  128   -1   21    0 -115
 25 Inocencio              482  -272 -177 -784 -213 -145  -32 -864 -170 -653 -577  -69 -647   70 -639  -44  -69   30 -516   40    7  -37  -42  110  -14    0    1   64  272  174   73  121  155  254  105  189  126  406  353  948  983  979  986
 26 * Pi                   130     7   34    9   27    7  -22   10   32   14   25  -12    5   17   30    6   14  -39   42   -2   26   -4  -24   20    1   -1    0    4  -29   13  -21  -17  -81  -10   -2   10   27   -6   30   22  -11  -11  -10
 27 * Add-drift          -1819   -66 -117 -227 -207  -10   -3  -67  -84 -250   41  -20  -36 -117   -3   32 -139  -15   -7  -53  -38  -26  -31  -16   -7  -64   -4    0  -25   32  -65  -75  -46  -17   18  -23  -27   26   15   -4  -53  -57   16
 28 * Foxtrot            -1962  -303 -346   19  -51 -401  -34  -25 -181   14   33  -17  -88   27  -47 -341   30   16   19  -61   -8  -13  -24   -5  -16 -272   29   25    0   19  -22   26   12   39  -12   30  -43   17   23    9  -18  -22    1
 29 * Copy-drift         -2054  -183  -69 -240  -43    7  -57  -93 -161 -275  -66 -126    4  -23   32  -13  -32  -10  -16   20 -131  -11   -3 -249  -30 -174  -13  -32  -19    0   17   29   19 -106   21   38  -25   26  -10  -68  -12   -5   28
 30 * Add-react          -2667  -363 -325 -101 -268  -58  -34  -83 -377 -103  -25  -83 -129  -95  -94  -57  -90  -17  -31 -249  -66  -37   32  -75  -20  -73   21   65   22  -17    0   -1  -49  -36   -6   48    7   49   11   -8  -38    3   83
 31 * Flat               -2862  -193  -75  -60  -96 -172  -17  -93 -112 -112  -71  -43 -192 -130 -157 -114  -68 -138 -215 -164  -26  -93  -42 -168  -21 -121   17   75  -26  -29    1    0  -28   12   15  -12 -205   -2  226  226  -33   -1 -405
 32 * Text               -3140  -120  -61 -137 -189 -138 -171 -130  -42 -149 -107 -149 -179 -180 -178 -113  -73 -160  -58 -150 -144  -47   14 -123  -23 -155   81   46  -12  -19   49   28    0   -6  -24  -15   22   14 -185  -74  -11 -185  113
 33 Knucklehead          -3370  -581 -381 -257 -383 -495 -450 -400 -498 -273 -500 -203 -331 -194 -338 -509  -80 -192  -19 -300 -153 -235 -220  -11   17 -254   10   17  -39  106   36  -12    6    0   15   14   15   18  109  920  715  944  996
 34 * Switch A Lot       -3541   -51  -51 -202 -228 -165  -71 -252 -142 -181 -163 -208  -64 -197  -78 -125  -84 -193 -326 -164 -161  -97 -143 -265   17 -105    2  -18   12  -21    6  -15   24  -15    0  -30 -118    0   58  287    1  -23    8
 35 Always Switchin'     -7364  -223 -229 -482 -468 -325 -447 -365 -266 -411 -296 -444 -281 -268 -215 -230 -250 -272 -488 -245  -98 -259 -300 -502   -1 -189  -10   23  -30  -38  -48   12   15  -14   30    0 -266   11   14  478    7   12   -6
 36 Peterbot             -7578  -903 -914 -944 -896 -739 -998 -352 -933 -732 -221 -193 -814 -918 -699  -19 -186 -177 -500 -873 -307  -37  -21 -500    2 -126  -27   27   43   25   -7  205  -22  -15  118  266    0  409  435  981  999  999  986
 37 R-P-S 20-20-60       -9332  -369 -124 -409 -413 -384 -408 -334 -292 -382 -287 -367 -378 -346 -417 -287 -182 -394 -191 -381 -328 -187 -142 -393   26 -406    6  -26  -17  -26  -49    2  -14  -18    0  -11 -409    0 -417 -136   -4 -441    3
 38 Beat Frequent Pick  -14315  -905 -954 -591 -944 -646 -925 -753 -592 -592 -574 -555 -592 -595 -594 -505 -405 -588 -597 -591 -518 -478 -428 -999 -128 -353  -30  -15  -23   10  -11 -226  185 -109  -58  -14 -435  417    0 -600    0  999  997
 39 Beat The Last Move  -19644  -982 -988 -993 -990 -992 -963 -991 -993 -985 -556 -879 -990 -996 -992  -91 -897 -993 -500 -991 -966   -3   66 -997    1 -948  -22    4   -9   68    8 -226   74 -920 -287 -478 -981  136  600    0    1 1000  997
 40 Rotate R-P-S        -25802  -987 -986 -993 -988 -993 -994 -990 -995 -989 -993 -946 -992 -989 -995 -992 -940 -991 -996 -992 -872 -994 -988 -997  -21 -983   11   53   18   12   38   33   11 -715   -1   -7 -999    4    0   -1    0    0 -663
 41 Good Ole Rock       -26084  -994 -994 -999 -999 -999 -996 -997 -999 -996 -996 -981 -999 -1000 -999 -1000 -976 -995 -998 -1000 -995 -990 -990 -999    0 -979   11   57   22    5   -3    1  185 -944   23  -12 -999  441 -999 -1000    0    0  998
 42 * Anti-Flat         -27840  -1000 -984 -995 -996 -994 -991 -994 -996 -994 -994 -985 -995 -994 -995 -990 -977 -998 -999 -1000 -970 -992 -995 -999  115 -986   10  -16   -1  -28  -83  405 -113 -996   -8    6 -986   -3 -997 -997  663 -998    0

 Match results (draw <= 50): 

    Player Name           total  W  L  D   1  2  3  4  5  6  7  8  9 10 11 12 13 14 15 16 17 18 19 20 21 22 23 24 25 26 27 28 29 30 31 32 33 34 35 36 37 38 39 40 41 42
  1 Iocaine Powder          71  30  0 11   1  2  2  2  1  2  1  1  2  1  1  2  2  1  1  2  2  2  1  2  1  1  2  2  1  2  2  2  2  2  2  2  2  2  2  2  2  2  2  2  2  2
  2 Phasenbott              66  26  1 14   0  1  1  2  1  1  2  1  1  2  1  1  2  1  1  2  2  2  1  1  1  1  2  2  1  2  2  2  2  2  2  2  2  2  2  2  2  2  2  2  2  2
  3 MegaHAL                 64  24  1 16   0  1  1  2  1  1  1  1  1  1  1  1  2  2  1  1  2  2  1  2  1  1  2  2  1  2  2  2  1  2  2  2  2  2  2  2  2  2  2  2  2  2
  4 RussRocker4             61  23  3 15   0  0  0  1  1  1  1  1  1  1  1  1  2  1  2  1  2  2  1  2  1  1  2  2  1  2  2  2  2  2  2  2  2  2  1  2  2  2  2  2  2  2
  5 Biopic                  61  20  0 21   1  1  1  1  1  1  1  1  1  1  1  1  1  1  1  1  2  2  1  1  2  1  2  2  1  2  2  2  1  1  2  2  2  2  2  2  2  2  2  2  2  2
  6 Simple Modeller         61  22  2 17   0  1  1  1  1  1  1  1  1  1  1  1  2  1  1  1  2  2  1  1  2  0  2  2  1  1  2  2  2  2  2  2  2  2  2  2  2  2  2  2  2  2
  7 Bugbrain                61  22  2 17   1  0  1  1  1  1  1  1  0  1  1  1  1  2  1  1  2  2  2  1  2  1  2  2  1  1  2  2  1  2  2  2  2  2  2  2  2  2  2  2  2  2
  8 Yomi AI                 60  19  0 22   1  1  1  1  1  1  1  1  1  1  2  1  1  2  1  1  1  1  2  1  2  1  1  2  1  2  2  1  1  1  2  2  2  2  2  2  2  2  2  2  2  2
  9 ACT-R Lag2              60  21  2 18   0  1  1  1  1  1  2  1  1  1  1  1  2  2  1  1  2  2  1  1  1  0  2  2  1  1  2  2  2  1  1  2  2  2  2  2  2  2  2  2  2  2
 10 Robertot                59  19  1 21   1  0  1  1  1  1  1  1  1  1  1  1  1  1  1  1  2  2  2  2  2  1  1  2  1  1  2  2  2  1  1  2  1  2  2  2  2  2  2  2  2  2
 11 Shofar                  58  18  1 22   1  1  1  1  1  1  1  0  1  1  1  1  1  1  1  1  1  2  1  1  2  1  2  2  1  1  2  2  2  1  2  2  1  2  2  2  2  2  2  2  2  2
 12 Boom                    57  17  1 23   0  1  1  1  1  1  1  1  1  1  1  1  1  1  1  1  1  1  1  1  1  1  2  1  1  1  2  2  2  2  2  2  2  2  2  2  2  2  2  2  2  2
 13 Simple Predictor        55  21  7 13   0  0  0  0  1  0  1  1  0  1  1  1  1  1  1  1  1  2  2  2  2  0  2  1  1  1  2  2  2  2  2  2  2  2  2  2  2  2  2  2  2  2
 14 Sweet Rocky             50  13  4 24   1  1  0  1  1  1  0  0  0  1  1  1  1  1  1  1  1  1  1  1  1  1  1  1  1  1  2  2  1  1  1  2  2  2  2  2  2  2  2  2  2  2
 15 Majikthise              49  10  2 29   1  1  1  0  1  1  1  1  1  1  1  1  1  1  1  1  1  1  1  1  1  1  1  2  1  1  2  1  1  1  1  2  1  0  1  2  2  2  2  2  2  2
 16 Vroomfondel             49  10  2 29   0  0  1  1  1  1  1  1  1  1  1  1  1  1  1  1  1  1  1  1  1  1  1  1  1  1  2  1  1  1  1  2  2  1  1  2  2  2  2  2  2  2
 17 Granite                 49  18 10 13   0  0  0  0  0  0  0  1  0  0  1  1  1  1  1  1  1  1  2  2  1  0  2  1  1  2  2  2  1  1  2  2  2  2  2  2  2  2  2  2  2  2
 18 ZQ Bot                  48  18 11 12   0  0  0  0  0  0  0  1  0  0  0  1  0  1  1  1  1  1  1  2  2  1  1  1  1  2  2  2  1  2  2  2  2  2  2  2  2  2  2  2  2  2
 19 Mixed Strategy          48  13  6 22   1  1  1  1  1  1  0  0  1  0  1  1  0  1  1  1  0  1  1  1  1  0  1  1  1  1  1  2  2  1  2  2  1  2  2  2  2  2  2  2  2  2
 20 * Anti-rotn             47  13  7 21   0  1  0  0  1  1  1  1  1  0  1  1  0  1  1  1  0  0  1  1  1  1  2  1  1  1  2  2  1  1  1  1  2  2  2  2  2  2  2  2  2  2
 21 Piedra                  47  15  9 17   1  1  1  1  0  0  0  0  1  0  0  1  0  1  1  1  1  0  1  1  1  1  0  1  1  1  2  2  1  2  2  2  2  2  2  2  2  2  2  2  2  2
 22 * De Bruijn             46   6  1 34   1  1  1  1  1  2  1  1  2  1  1  1  2  1  1  1  2  1  2  1  1  1  1  1  1  1  1  1  1  1  1  1  1  1  1  1  1  1  1  2  0  1
 23 Inocencio               45  18 14  9   0  0  0  0  0  0  0  1  0  1  0  0  0  1  1  1  0  1  1  0  2  1  1  0  1  2  2  2  2  2  2  2  2  2  2  2  2  2  2  2  2  2
 24 Marble                  44  15 12 14   0  0  0  0  0  0  0  0  0  0  0  1  1  1  0  1  1  1  1  1  1  1  2  1  1  1  2  2  1  1  2  2  2  2  2  2  2  2  2  2  2  2
 25 * Pi                    40   0  1 40   1  1  1  1  1  1  1  1  1  1  1  1  1  1  1  1  1  1  1  1  1  1  1  1  1  1  1  1  1  1  1  1  1  1  0  1  1  1  1  1  1  1
 26 * Foxtrot               32   0  9 32   0  0  0  0  0  1  1  0  1  1  1  1  1  1  1  1  0  0  1  1  1  1  0  1  1  1  1  1  1  1  1  1  1  1  1  1  1  1  1  1  1  1
 27 Multi-strategy          32  13 22  6   0  0  0  0  0  0  0  0  0  0  0  0  0  0  0  0  0  0  1  0  0  1  0  0  1  1  1  2  2  1  2  1  2  2  2  2  2  2  2  2  2  2
 28 Peterbot                29   9 21 11   0  0  0  0  0  0  0  1  0  0  0  0  0  0  1  1  0  0  0  0  0  1  0  0  1  1  0  1  1  1  1  1  2  2  1  2  2  2  2  2  2  2
 29 * Copy-drift            27   0 14 27   0  0  1  0  1  0  1  1  0  0  0  0  0  1  1  1  1  1  0  1  1  1  0  1  1  1  0  1  1  1  1  0  1  0  1  1  1  1  1  1  1  1
 30 * Add-drift             26   0 15 26   0  0  0  0  1  0  0  1  1  1  1  0  0  1  1  1  1  0  1  1  0  1  0  1  1  1  1  1  1  1  0  1  0  1  1  1  1  0  0  1  1  1
 31 * Add-react             25   2 18 21   0  0  0  0  0  0  0  0  1  1  0  0  0  1  1  1  0  0  0  1  0  1  0  0  1  1  0  1  1  2  1  1  1  1  1  1  1  1  1  1  2  1
 32 Knucklehead             25   6 22 13   0  0  0  0  0  0  0  0  0  0  0  0  0  0  0  0  0  0  0  1  0  1  0  0  1  1  1  1  2  1  1  1  1  2  1  1  1  2  2  2  2  1
 33 * Flat                  22   3 22 16   0  0  0  0  0  0  0  0  0  1  1  0  0  0  1  0  0  0  1  0  0  1  0  0  1  1  0  0  1  2  1  1  1  2  1  1  1  1  1  2  0  1
 34 Beat The Last Move      21   7 27  7   0  0  0  0  0  0  0  0  0  0  0  0  0  0  2  1  0  0  0  0  0  1  0  0  1  1  0  0  2  1  1  0  0  1  2  0  0  2  1  2  2  2
 35 * Text                  19   2 24 15   0  0  0  1  0  0  0  0  0  0  0  0  0  0  1  1  0  0  0  0  0  1  0  0  2  1  0  1  1  1  1  1  1  0  1  1  1  0  1  0  2  1
 36 * Switch A Lot          18   2 25 14   0  0  0  0  0  0  0  0  0  0  0  0  0  0  0  0  0  0  0  0  0  1  0  0  1  1  0  0  1  1  1  1  1  2  1  1  1  1  1  2  1  1
 37 Always Switchin'        17   1 25 15   0  0  0  0  0  0  0  0  0  0  0  0  0  0  0  0  0  0  0  0  0  1  0  0  1  1  0  0  1  1  1  1  1  2  1  1  1  1  1  1  1  1
 38 Good Ole Rock           17   4 28  9   0  0  0  0  0  0  0  0  0  0  0  0  0  0  0  0  0  0  0  0  0  1  0  0  1  1  0  0  1  2  1  0  1  0  2  1  1  1  1  0  2  2
 39 Rotate R-P-S            15   1 27 13   0  0  0  0  0  0  0  0  0  0  0  0  0  0  0  0  0  0  0  0  0  1  0  0  1  1  0  0  1  2  1  0  1  1  1  1  1  1  1  1  0  1
 40 Beat Frequent Pick      15   4 30  7   0  0  0  0  0  0  0  0  0  0  0  0  0  0  0  0  0  0  0  0  0  0  0  0  1  1  0  0  1  1  1  0  0  0  2  0  1  2  1  1  2  2
 41 * Anti-Flat             13   3 31  7   0  0  0  0  0  0  0  0  0  0  0  0  0  0  0  0  0  0  0  0  0  2  0  0  1  1  0  0  1  1  0  0  2  0  0  1  1  0  2  0  1  1
 42 R-P-S 20-20-60          13   0 28 13   0  0  0  0  0  0  0  0  0  0  0  0  0  0  0  0  0  0  0  0  0  1  0  0  1  1  0  0  1  1  1  1  1  0  1  1  1  0  1  0  1  1


   Yomi AI is match ranked 8

 Tournament results:
    Player Name          total 
  1 Yomi AI               6022 
 19 Iocaine Powder       10712 
 20 Phasenbott            9620 
 21 MegaHAL               9360 
 22 RussRocker4           7790 
 23 Biopic                8419 
 24 Simple Modeller       9379 
 25 Simple Predictor      7618 
 26 Robertot              8194 
 27 Boom                  8018 
 28 Shofar                6766 
 29 ACT-R Lag2            7012 
 32 Granite               6630 
 33 Marble                6249 
 36 Piedra                6325 

   Yomi is tournament ranked 15

