 Playing 1 tournaments with 1000 trials per match...

 Yomi AI            vs Good Ole Rock       Match: 1000 (1000+   0-   0=)
 Yomi AI            vs R-P-S 20-20-60      Match:  181 (461+ 280- 259=)
 Yomi AI            vs Rotate R-P-S        Match:  553 (697+ 144- 159=)
 Yomi AI            vs Beat The Last Move  Match:   13 (342+ 329- 329=)
 Yomi AI            vs Always Switchin'    Match:  166 (454+ 288- 258=)
 Yomi AI            vs Beat Frequent Pick  Match:  441 (659+ 218- 123=)
 Yomi AI            vs * Pi                Match:  -29 (311+ 340- 349=)
 Yomi AI            vs * Switch A Lot      Match:   83 (380+ 297- 323=)
 Yomi AI            vs * Flat              Match:  186 (458+ 272- 270=)
 Yomi AI            vs * Anti-Flat         Match:  999 (999+   0-   1=)
 Yomi AI            vs * Foxtrot           Match:  156 (449+ 293- 258=)
 Yomi AI            vs * De Bruijn         Match:  -42 (299+ 341- 360=)
 Yomi AI            vs * Text              Match:   93 (399+ 306- 295=)
 Yomi AI            vs * Anti-rotn         Match:   36 (365+ 329- 306=)
 Yomi AI            vs * Copy-drift        Match:   31 (345+ 314- 341=)
 Yomi AI            vs * Add-react         Match:   21 (347+ 326- 327=)
 Yomi AI            vs * Add-drift         Match:    8 (340+ 332- 328=)
 Yomi AI            vs Iocaine Powder      Match:  -48 (317+ 365- 318=)
 Yomi AI            vs Phasenbott          Match:  -41 (312+ 353- 335=)
 Yomi AI            vs MegaHAL             Match:  -51 (316+ 367- 317=)
 Yomi AI            vs RussRocker4         Match:   -9 (358+ 367- 275=)
 Yomi AI            vs Biopic              Match:   10 (364+ 354- 282=)
 Yomi AI            vs Simple Modeller     Match:  -17 (344+ 361- 295=)
 Yomi AI            vs Simple Predictor    Match:   23 (369+ 346- 285=)
 Yomi AI            vs Robertot            Match:   -3 (353+ 356- 291=)
 Yomi AI            vs Boom                Match:  -16 (312+ 328- 360=)
 Yomi AI            vs Shofar              Match:  -48 (317+ 365- 318=)
 Yomi AI            vs ACT-R Lag2          Match:  -24 (331+ 355- 314=)
 Yomi AI            vs Majikthise          Match:  -50 (312+ 362- 326=)
 Yomi AI            vs Vroomfondel         Match:   -5 (334+ 339- 327=)
 Yomi AI            vs Granite             Match:   72 (429+ 357- 214=)
 Yomi AI            vs Marble              Match:   40 (395+ 355- 250=)
 Yomi AI            vs ZQ Bot              Match:   71 (414+ 343- 243=)
 Yomi AI            vs Sweet Rocky         Match:   31 (397+ 366- 237=)
 Yomi AI            vs Piedra              Match:   53 (386+ 333- 281=)
 Yomi AI            vs Mixed Strategy      Match:   39 (375+ 336- 289=)
 Yomi AI            vs Multi-strategy      Match:  259 (517+ 258- 225=)
 Yomi AI            vs Inocencio           Match:   84 (422+ 338- 240=)
 Yomi AI            vs Peterbot            Match:   42 (375+ 333- 292=)
 Yomi AI            vs Bugbrain            Match:  -58 (309+ 367- 324=)
 Yomi AI            vs Knucklehead         Match:  235 (491+ 256- 253=)
 Final results (draw value = 50):

 Tournament results: 

    Player Name          total     1    2    3    4    5    6    7    8    9   10   11   12   13   14   15   16   17   18   19   20   21   22   23   24   25   26   27   28   29   30   31   32   33   34   35   36   37   38   39   40   41   42
  1 Iocaine Powder       10985     0  108   57  105   65  534   72   -7  158  245   21  284   36   51   32    4  304   43   35  103   44   48  184   15  -19  189  114  172  345  232  582  302  123   41  898  191  370  931  997  988  993  995
  2 Phasenbott            9795  -108    0   20   -7   59  562   47   26  136  197   81  195   25   25   69   -7  285   35  -19   33   89   41  110   35  -61  172   83   80  384    3  427  387  100   90  913  220  158  937  990  988  995 1000
  3 Simple Modeller       9756   -57  -20    0  -33   38   -2  -31    9  288  135   24  102   30   32   64   53  306  128    7  -20   45   17  195  -36   14  804  287  206   29  111  247  108  105  221  926  442  413  595  994  991  996  993
  4 MegaHAL               9610  -105    7   33    0   17   92   40   60   66  277    8  252   18   20   -6   34  260   77   12  -17   79   51  185   -3  -19  129  174  103   79  151  335  307  142  204  900  399  334  944  989  986 1000  996
  5 Biopic                9018   -65  -59  -38  -17    0  -15   49   59   87  130   17  110   45   30  -26   23   35   26  -19   14   35  -10  309  -23   32  109  -18   78  423  225  492   39  154  191 1000  322  384  909  993  997  999  992
  6 RussRocker4           8115  -534 -562    2  -92   15    0   45   24   71  161   69  117   35   22   60   31  178  166  -13  -27   46    9  315  -53   -2  140  144  191  132  142  469  312   86  137  913  216  265  905  992  993 1000  995
  7 Robertot              7367   -72  -47   31  -40  -49  -45    0   23   20   19  -24   20   24   19  -28   35  112   54  -32   34   59    3  296   37  -37   16   20   62   17  103  325   95  174   93  360  478  415  838  972  998 1000  989
  8 Boom                  7178     7  -26   -9  -60  -59  -24  -23    0  -31   25  -23   62  -46   81  -37   51   48   72  -54  -24   40   16   51   -2  -41   21  -32  114   38   22  494   94  139  240  560  402  385  753  991  990  997  976
  9 Simple Predictor      7160  -158 -136 -288  -66  -87  -71  -20   31    0   10  -10    5   -6   58   12   29  176   71  -57  -20   52  -23  191  -73  -14  649  282  248  -23   47  259  131  149  211  275  376  403  587  985  989  993  993
 10 Granite               6626  -245 -197 -135 -277 -130 -161  -19  -25  -10    0  -91  -17  -20   56  -78   54   84    4  -60   -5   38  -72  323  -78  -47  643   -2   26    9  134  378   93  175  183  873  236  405  591  996  995  999 1000
 11 ACT-R Lag2            6551   -21  -81  -24   -8  -17  -69   24   23   10   91    0  145   29   27   48   51  100   67   -2  -16   45   24  279  -86   38  604  -40   10   24  127  475  100   64  130  239  248  294  569   40  996  995  999
 12 Marble                6422  -284 -195 -102 -252 -110 -117  -20  -62   -5   17 -145    0  -63   37  -86   28   40   24  -34  -68   64  -40  251   -5  -22  636   43  -43   44  123  260   94  176  139  940  196  390  594  989  995 1000  995
 13 Shofar                6062   -36  -25  -30  -18  -45  -35  -24   46    6   20  -29   63    0   12    3   78   24   76  -10   20   47   48  122    7   18   14  -13   57  -24   68  218   57  140   68  150  380  260  548  897  932  983  989
 14 Piedra                5941   -51  -25  -32  -20  -30  -22  -19  -81  -58  -56  -27  -37  -12    0  -25   76  -79  -47   -8  -47   39  -53  143   15  -30  -39   31   46   74  141  197  160  157  133  245  294  413  593  999  992  994  997
 15 Bugbrain              5920   -32  -69  -64    6   26  -60   28   37  -12   78  -48   86   -3   25    0   39  206   72    0   -5   41   58  119    0   33   66  137   80  -41   43  114  102   73   89  116  251  120  390  917  961  954  987
 16 Sweet Rocky           5861    -4    7  -53  -34  -23  -31  -35  -51  -29  -54  -51  -28  -78  -76  -39    0  -44   20  -49  -30   49  -31  100    4   -7  -52  -14   48    7  108  196  230  155  272  303  222  388  592  996  994  994  989
 17 ZQ Bot                5378  -304 -285 -306 -260  -35 -178 -112  -48 -176  -84 -100  -40  -24   79 -206   44    0  -51  -99  -52   48  -71  183  -70   -2  -44   28   83   72  166  284  268  160  195  938  380  439  593  986  989  996  994
 18 Mixed Strategy        5221   -43  -35 -128  -77  -26 -166  -54  -72  -71   -4  -67  -24  -76   47  -72  -20   51    0  -52  -22   32  -39   25  -43  -46  595   19   63  -45    3  125   23  189  198  255   44  420  420  950  960  995  989
 19 Vroomfondel           4829   -35   19   -7  -12   19   13   32   54   57   60    2   34   10    8    0   49   99   52    0  -10   24    5  224  -17  -26   20   -6  -31   39   46  225   -3   37   52  -20  259  155  409   12  991  994  996
 20 Majikthise            4804  -103  -33   20   17  -14   27  -34   24   20    5   16   68  -20   47    5   30   52   22   10    0   -9   50  207  -38   37   91   49  -10  -14   64  244   21   35  105   17  252  141  420   -1  991  997  996
 21 * Anti-rotn           4493   -44  -89  -45  -79  -35  -46  -59  -40  -52  -38  -45  -64  -47  -39  -41  -49  -48  -32  -24    9    0  -36  193  -35  -44  -37  -26   32   16  175   42   16   54  279   30  503  165  597  497  998  999  982
 22 Yomi AI               4485   -48  -41  -17  -51   10   -9   -3  -16   23   72  -24   40  -48   53  -58   31   71   39   -5  -50   36    0  259  -42  -29   84    8   31  156  186  235   21   93   83   42  166  181  441   13  553 1000  999
 23 Multi-strategy        2740  -184 -110 -195 -185 -309 -315 -296  -51 -191 -323 -279 -251 -122 -143 -119 -100 -183  -25 -224 -207 -193 -259    0  -50  -20 -124   65  303  -35  138   48   45  123  255  331  518  417  999  997  997  999  998
 24 * De Bruijn            672   -15  -35   36    3   23   53  -37    2   73   78   86    5   -7  -15    0   -4   70   43   17   38   35   42   50    0   -1   16    6    4   -4    8    9   58   23  -16  -15   -6   -1  128   -1   21    0  -98
 25 * Pi                   394    19   61  -14   19  -32    2   37   41   14   47  -38   22  -18   30  -33    7    2   46   26  -37   44   29   20    1    0   -9  -24   12   12   12    0   34  -81   52    5   56   13   30   22  -11  -11  -13
 26 Inocencio              -52  -189 -172 -804 -129 -109 -140  -16  -21 -649 -643 -604 -636  -14   39  -66   52   44 -595  -20  -91   37  -84  124  -16    9    0   60   94  315  121  259   79  162  118  122  215  370  353 -576  978  982  989
 27 * Add-drift          -1439  -114  -83 -287 -174   18 -144  -20   32 -282    2   40  -43   13  -31 -137   14  -28  -19    6  -49   26   -8  -65   -6   24  -60    0    1   -3  -53  -27   29   -4   17   -7   -4    1   -6  -30    3  -19   38
 28 * Copy-drift         -1879  -172  -80 -206 -103  -78 -191  -62 -114 -248  -26  -10   43  -57  -46  -80  -48  -83  -63   31   10  -32  -31 -303   -4  -12  -94   -1    0   -8   26  -18   14   23   37    5   63  -18   26  -48   59    7   13
 29 * Foxtrot            -2038  -345 -384  -29  -79 -423 -132  -17  -38   23   -9  -24  -44   24  -74   41   -7  -72   45  -39   14  -16 -156   35    4  -12 -315    3    8    0   66   42   18    2  -33  -43   -5  -11  -41   15    8  -21  -17
 30 * Flat               -2882  -232   -3 -111 -151 -225 -142 -103  -22  -47 -134 -127 -123  -68 -141  -43 -108 -166   -3  -46  -64 -175 -186 -138   -8  -12 -121   53  -26  -66    0   22  -42   -5   -1 -172  -19   57  233  192   -7    0 -402
 31 Knucklehead          -2968  -582 -427 -247 -335 -492 -469 -325 -494 -259 -378 -475 -260 -218 -197 -114 -196 -284 -125 -225 -244  -42 -235  -48   -9    0 -259   27   18  -42  -22    0   41   -7  -16  -25  -40   52  154  910  947 1000  974
 32 * Add-react          -3129  -302 -387 -108 -307  -39 -312  -95  -94 -131  -93 -100  -94  -57 -160 -102 -230 -268  -23    3  -21  -16  -21  -45  -58  -34  -79  -29  -14  -18   42  -41    0    3  -30    9   17   15   -3   45    9   58  -19
 33 * Text               -3259  -123 -100 -105 -142 -154  -86 -174 -139 -149 -175  -64 -176 -140 -157  -73 -155 -160 -189  -37  -35  -54  -93 -123  -23   81 -162    4  -23   -2    5    7   -3    0   13    4  -22    7 -185  -74  -11 -185  113
 34 * Switch A Lot       -3491   -41  -90 -221 -204 -191 -137  -93 -240 -211 -183 -130 -139  -68 -133  -89 -272 -195 -198  -52 -105 -279  -83 -255   16  -52 -118  -17  -37   33    1   16   30  -13    0 -182   31   -6   18  358   12   17   11
 35 Peterbot             -5895  -898 -913 -926 -900 -1000 -913 -360 -560 -275 -873 -239 -940 -150 -245 -116 -303 -938 -255   20  -17  -30  -42 -331   15   -5 -122    7   -5   43  172   25   -9   -4  182    0  239  362  432  981  997  999 1000
 36 Always Switchin'     -6983  -191 -220 -442 -399 -322 -216 -478 -402 -376 -236 -248 -196 -380 -294 -251 -222 -380  -44 -259 -252 -503 -166 -518    6  -56 -215    4  -63    5   19   40  -17   22  -31 -239    0   17   30  514  -35    6    5
 37 R-P-S 20-20-60       -8728  -370 -158 -413 -334 -384 -265 -415 -385 -403 -405 -294 -390 -260 -413 -120 -388 -439 -420 -155 -141 -165 -181 -417    1  -13 -370   -1   18   11  -57  -52  -15   -7    6 -362  -17    0 -379 -155  -11 -422  412
 38 Beat Frequent Pick  -14546  -931 -937 -595 -944 -909 -905 -838 -753 -587 -591 -569 -594 -548 -593 -390 -592 -593 -420 -409 -420 -597 -441 -999 -128  -30 -353    6  -26   41 -233 -154    3  185  -18 -432  -30  379    0 -600    0  999 1000
 39 Beat The Last Move  -17743  -997 -990 -994 -989 -993 -992 -972 -991 -985 -996  -40 -989 -897 -999 -917 -996 -986 -950  -12    1 -497  -13 -997    1  -22  576   30   48  -15 -192 -910  -45   74 -358 -981 -514  155  600    0    1 1000 1000
 40 Rotate R-P-S        -25910  -988 -988 -991 -986 -997 -993 -998 -990 -989 -995 -996 -995 -932 -992 -961 -994 -989 -960 -991 -991 -998 -553 -997  -21   11 -978   -3  -59   -8    7 -947   -9   11  -12 -997   35   11    0   -1    0    0 -686
 41 Good Ole Rock       -26282  -993 -995 -996 -1000 -999 -1000 -1000 -997 -993 -999 -995 -1000 -983 -994 -954 -994 -996 -995 -994 -997 -999 -1000 -999    0   11 -982   19   -7   21    0 -1000  -58  185  -17 -999   -6  422 -999 -1000    0    0 1000
 42 * Anti-Flat         -28159  -995 -1000 -993 -996 -992 -995 -989 -976 -993 -1000 -999 -995 -989 -997 -987 -989 -994 -989 -996 -996 -982 -999 -998   98   13 -989  -38  -13   17  402 -974   19 -113  -11 -1000   -5 -412 -1000 -1000  686 -1000    0

 Match results (draw <= 50): 

    Player Name           total  W  L  D   1  2  3  4  5  6  7  8  9 10 11 12 13 14 15 16 17 18 19 20 21 22 23 24 25 26 27 28 29 30 31 32 33 34 35 36 37 38 39 40 41 42
  1 Iocaine Powder          70  29  0 12   1  2  2  2  2  2  1  1  2  1  1  1  1  2  2  2  2  1  1  1  2  1  2  2  1  2  2  2  2  2  2  2  2  2  2  1  2  2  2  2  2  2
  2 MegaHAL                 67  27  1 13   0  1  1  1  2  1  1  1  1  1  2  2  1  2  1  1  2  1  2  1  2  2  2  2  1  2  2  2  2  2  2  2  2  2  2  2  2  2  2  2  2  2
  3 Phasenbott              65  26  2 13   0  1  1  1  2  2  1  2  1  2  1  1  1  2  1  1  2  1  2  1  2  1  2  2  0  2  2  2  2  2  2  2  1  2  2  2  2  2  2  2  2  2
  4 Simple Modeller         64  24  1 16   0  1  1  1  1  1  1  2  1  1  1  1  1  2  1  1  2  2  1  1  2  2  2  2  1  1  2  2  2  2  2  2  2  2  2  2  2  2  2  2  2  2
  5 RussRocker4             62  25  4 12   0  0  0  1  1  1  1  2  1  2  1  1  1  2  1  1  2  1  1  0  2  2  2  2  1  2  2  2  2  2  2  2  2  2  2  2  2  2  2  2  2  2
  6 Biopic                  59  20  2 19   0  1  0  1  1  1  1  1  1  1  2  1  1  2  1  1  2  1  1  1  2  1  1  2  1  2  2  1  2  2  2  1  2  2  2  2  2  2  2  2  2  2
  7 Shofar                  59  18  0 23   1  1  1  1  1  1  1  1  1  1  1  1  1  1  1  1  1  2  1  1  2  2  1  1  1  1  2  1  2  2  2  2  2  2  2  2  2  2  2  2  2  2
  8 Bugbrain                59  21  3 17   1  1  0  0  0  1  1  1  1  1  1  2  1  1  1  1  2  1  1  1  2  2  2  2  1  1  2  2  2  2  2  2  1  2  2  2  2  2  2  2  2  2
  9 Robertot                58  18  1 22   0  1  1  1  1  1  1  1  1  1  1  1  1  1  1  1  1  1  2  1  1  2  2  1  1  1  2  1  2  2  2  2  2  2  2  2  2  2  2  2  2  2
 10 ACT-R Lag2              57  19  3 19   1  1  0  1  0  1  1  1  1  1  1  1  1  1  1  1  2  2  1  0  2  2  2  2  1  1  2  1  2  1  2  2  2  1  2  2  2  2  2  2  2  2
 11 Boom                    56  18  3 20   1  0  1  1  1  0  1  1  1  1  1  1  0  1  1  2  1  2  1  1  2  2  1  1  1  1  2  1  2  2  2  2  1  2  2  2  2  2  2  2  2  2
 12 Yomi AI                 55  16  2 23   1  0  1  1  1  1  1  0  1  1  1  1  1  1  1  2  2  1  1  1  1  1  2  2  1  2  2  1  1  1  2  1  2  1  2  2  2  2  2  2  2  2
 13 Vroomfondel             55  14  0 27   1  1  1  1  1  1  1  1  1  1  2  1  1  2  1  1  2  1  1  1  1  2  2  1  1  1  2  1  1  1  2  1  1  1  1  2  2  2  2  2  2  2
 14 Simple Predictor        53  20  8 13   0  0  0  0  0  0  1  1  1  1  1  1  0  1  1  2  1  1  2  0  1  2  2  2  1  1  2  2  2  2  2  2  1  2  2  2  2  2  2  2  2  2
 15 Majikthise              53  13  1 27   0  1  1  1  1  1  1  1  1  1  1  1  1  1  1  1  1  1  1  1  2  1  2  2  1  1  2  1  1  1  2  1  2  1  1  2  2  2  2  2  2  2
 16 Piedra                  51  16  6 19   0  1  1  1  1  1  1  1  1  1  0  0  1  0  1  1  0  2  1  1  1  1  0  1  1  2  2  1  2  1  2  2  2  2  2  2  2  2  2  2  2  2
 17 Granite                 48  18 11 12   0  0  0  0  0  0  1  0  1  0  1  0  0  1  1  2  1  2  1  0  1  1  2  2  1  1  2  1  2  1  2  2  2  2  2  2  2  2  2  2  2  2
 18 Sweet Rocky             48  14  7 20   1  1  1  0  1  1  0  1  1  0  0  1  1  1  1  0  0  1  1  1  1  1  1  0  1  1  2  1  2  1  2  2  2  2  2  2  2  2  2  2  2  2
 19 * Anti-rotn             47  11  5 25   1  0  0  1  1  1  1  1  0  1  1  1  1  0  1  1  1  1  1  1  0  1  1  1  1  1  2  1  1  1  1  1  2  2  2  2  2  2  2  2  2  2
 20 * De Bruijn             47   7  1 33   1  1  1  1  2  1  1  1  1  2  1  1  1  2  1  1  2  1  1  1  1  1  2  1  1  1  1  1  1  1  1  2  1  1  1  1  1  2  1  1  0  1
 21 Marble                  46  16 11 14   0  0  0  0  0  0  0  0  1  0  0  1  1  1  0  1  1  1  2  1  1  1  1  2  1  1  2  1  2  1  2  2  2  2  2  2  2  2  2  2  2  2
 22 Mixed Strategy          44  13 10 18   1  0  1  0  0  1  0  0  0  0  0  1  0  0  1  1  1  1  1  1  1  1  2  2  1  1  1  1  2  2  2  1  1  2  2  2  1  2  2  2  2  2
 23 ZQ Bot                  43  17 15  9   0  0  0  0  0  1  1  0  0  0  1  0  0  0  0  2  0  1  1  0  1  0  1  1  1  2  2  1  2  2  2  2  2  2  2  2  2  2  2  2  2  2
 24 Inocencio               43  17 15  9   0  0  0  0  0  0  1  0  1  0  1  0  1  0  0  1  0  2  1  1  0  0  1  1  1  2  2  2  2  2  2  2  2  0  2  2  2  2  2  2  2  2
 25 * Pi                    43   3  1 37   1  1  2  1  1  1  1  1  1  1  1  1  1  1  1  1  1  1  1  1  1  1  1  1  1  1  1  1  1  1  1  1  1  1  0  2  2  1  1  1  1  1
 26 * Foxtrot               33   1  9 31   0  0  0  1  0  0  1  1  1  1  1  0  1  1  1  0  1  1  1  1  1  1  0  0  1  1  1  1  1  1  1  1  2  1  1  1  1  1  1  1  1  1
 27 Multi-strategy          32  13 22  6   0  0  0  0  0  0  0  0  0  0  0  0  0  0  0  0  0  0  0  1  0  1  0  0  1  1  1  2  2  2  1  1  2  2  2  2  2  2  2  2  2  2
 28 * Add-drift             31   0 10 31   0  0  0  0  0  1  1  0  1  1  1  1  1  0  1  1  1  1  1  1  1  1  1  0  1  1  0  1  1  1  1  1  0  1  1  1  1  1  1  1  1  1
 29 Peterbot                30   9 20 12   0  0  0  0  0  0  0  0  0  0  0  1  1  0  1  0  0  0  1  1  0  0  0  0  1  1  0  1  1  1  1  1  2  2  1  2  2  2  2  2  2  2
 30 * Copy-drift            28   2 15 24   0  0  0  0  0  0  0  0  0  1  0  1  1  0  1  1  1  1  1  1  1  0  0  0  1  1  0  1  1  1  1  1  1  1  1  1  2  1  1  2  1  1
 31 Knucklehead             25   6 22 13   0  0  0  0  0  0  0  0  0  0  0  0  0  0  0  0  0  0  1  1  0  0  0  0  1  1  1  1  1  1  1  1  1  2  1  1  1  2  2  2  2  2
 32 * Add-react             24   1 18 22   0  0  0  0  0  1  0  0  0  0  0  1  1  0  1  0  0  0  1  0  0  1  0  0  1  1  1  1  1  1  1  1  1  1  1  1  1  1  2  1  1  1
 33 * Flat                  24   4 21 16   0  0  1  0  0  0  0  1  0  0  1  0  1  1  0  0  0  0  0  1  0  1  0  0  1  0  0  2  0  1  1  1  1  2  1  1  1  2  1  1  0  2
 34 Beat The Last Move      23   6 24 11   0  0  0  0  0  0  0  0  0  1  0  1  1  0  1  0  0  0  0  1  0  0  0  2  1  1  0  1  0  1  0  1  0  1  2  0  0  2  2  1  2  2
 35 * Text                  18   2 25 14   0  0  0  0  0  0  0  0  0  0  0  0  1  0  1  0  0  0  0  1  0  0  0  0  2  1  0  1  1  1  1  1  1  0  1  1  1  0  0  1  2  1
 36 * Switch A Lot          17   1 25 15   1  0  0  0  0  0  0  0  0  0  0  0  0  0  0  0  0  0  0  1  0  0  0  0  0  1  0  1  0  1  1  1  1  2  1  1  1  1  1  1  1  1
 37 Always Switchin'        16   1 26 14   0  0  0  0  0  0  0  0  0  0  0  0  0  0  0  0  0  0  0  1  0  1  0  0  0  1  0  1  0  0  1  1  1  2  1  1  1  1  1  1  1  1
 38 Beat Frequent Pick      16   4 29  8   0  0  0  0  0  0  0  0  0  0  0  0  0  0  0  0  0  0  0  0  0  0  0  0  1  1  0  1  0  1  0  1  0  0  2  1  1  1  2  1  2  2
 39 Good Ole Rock           15   3 29  9   0  0  0  0  0  0  0  0  0  0  0  0  0  0  0  0  0  0  0  1  0  0  0  0  1  1  0  1  0  1  0  0  1  0  2  1  1  0  1  1  2  2
 40 Rotate R-P-S            13   0 28 13   0  0  0  0  0  0  0  0  0  0  0  0  0  0  0  0  0  0  0  1  0  0  0  0  1  1  0  1  0  0  0  1  1  1  1  1  1  1  1  1  0  1
 41 * Anti-Flat             13   3 31  7   0  0  0  0  0  0  0  0  0  0  0  0  0  0  0  0  0  0  0  2  0  0  0  0  1  1  0  1  0  1  0  1  2  0  0  1  1  0  0  2  1  0
 42 R-P-S 20-20-60          12   1 30 10   0  0  0  0  0  0  0  0  0  0  0  0  0  0  0  0  0  0  0  1  0  0  0  0  1  1  0  1  0  1  0  1  0  0  1  1  1  0  0  1  2  1


   Yomi AI is match ranked 12

 Tournament results:
    Player Name          total 
  1 Yomi AI               4485 
 15 * Anti-rotn           4493 
 19 Iocaine Powder       10985 
 20 Phasenbott            9795 
 21 MegaHAL               9610 
 22 RussRocker4           8115 
 23 Biopic                9018 
 24 Simple Modeller       9756 
 25 Simple Predictor      7160 
 26 Robertot              7367 
 27 Boom                  7178 
 28 Shofar                6062 
 29 ACT-R Lag2            6551 
 30 Majikthise            4804 
 31 Vroomfondel           4829 
 32 Granite               6626 
 33 Marble                6422 
 34 ZQ Bot                5378 
 35 Sweet Rocky           5861 
 36 Piedra                5941 
 37 Mixed Strategy        5221 
 41 Bugbrain              5920 

   Yomi is tournament ranked 22

