 Playing 1 tournaments with 1000 trials per match...

 Yomi AI            vs Good Ole Rock       Match: 1000 (1000+   0-   0=)
 Yomi AI            vs R-P-S 20-20-60      Match:  257 (515+ 258- 227=)
 Yomi AI            vs Rotate R-P-S        Match:  772 (884+ 112-   4=)
 Yomi AI            vs Beat The Last Move  Match:   42 (364+ 322- 314=)
 Yomi AI            vs Always Switchin'    Match:  197 (447+ 250- 303=)
 Yomi AI            vs Beat Frequent Pick  Match:  492 (710+ 218-  72=)
 Yomi AI            vs * Pi                Match:  -12 (333+ 345- 322=)
 Yomi AI            vs * Switch A Lot      Match:  142 (420+ 278- 302=)
 Yomi AI            vs * Flat              Match:  139 (448+ 309- 243=)
 Yomi AI            vs * Anti-Flat         Match:  999 (999+   0-   1=)
 Yomi AI            vs * Foxtrot           Match:  315 (553+ 238- 209=)
 Yomi AI            vs * De Bruijn         Match:  -34 (320+ 354- 326=)
 Yomi AI            vs * Text              Match:  100 (399+ 299- 302=)
 Yomi AI            vs * Anti-rotn         Match:   13 (351+ 338- 311=)
 Yomi AI            vs * Copy-drift        Match:    1 (316+ 315- 369=)
 Yomi AI            vs * Add-react         Match:   66 (369+ 303- 328=)
 Yomi AI            vs * Add-drift         Match:  -15 (326+ 341- 333=)
 Yomi AI            vs Iocaine Powder      Match:  -46 (308+ 354- 338=)
 Yomi AI            vs Phasenbott          Match:  -46 (303+ 349- 348=)
 Yomi AI            vs MegaHAL             Match:   14 (345+ 331- 324=)
 Yomi AI            vs RussRocker4         Match:  -29 (332+ 361- 307=)
 Yomi AI            vs Biopic              Match:  -46 (325+ 371- 304=)
 Yomi AI            vs Simple Modeller     Match:   -7 (338+ 345- 317=)
 Yomi AI            vs Simple Predictor    Match:    0 (352+ 352- 296=)
 Yomi AI            vs Robertot            Match:   -2 (361+ 363- 276=)
 Yomi AI            vs Boom                Match:   22 (352+ 330- 318=)
 Yomi AI            vs Shofar              Match:   -8 (331+ 339- 330=)
 Yomi AI            vs ACT-R Lag2          Match:   11 (335+ 324- 341=)
 Yomi AI            vs Majikthise          Match:  -16 (335+ 351- 314=)
 Yomi AI            vs Vroomfondel         Match:  -39 (328+ 367- 305=)
 Yomi AI            vs Granite             Match:  122 (453+ 331- 216=)
 Yomi AI            vs Marble              Match:  102 (454+ 352- 194=)
 Yomi AI            vs ZQ Bot              Match:   25 (388+ 363- 249=)
 Yomi AI            vs Sweet Rocky         Match:   28 (368+ 340- 292=)
 Yomi AI            vs Piedra              Match:   84 (397+ 313- 290=)
 Yomi AI            vs Mixed Strategy      Match:   46 (388+ 342- 270=)
 Yomi AI            vs Multi-strategy      Match:  245 (513+ 268- 219=)
 Yomi AI            vs Inocencio           Match:  226 (525+ 299- 176=)
 Yomi AI            vs Peterbot            Match:   17 (354+ 337- 309=)
 Yomi AI            vs Bugbrain            Match:   12 (352+ 340- 308=)
 Yomi AI            vs Knucklehead         Match:  399 (619+ 220- 161=)
 Final results (draw value = 50):

 Tournament results: 

    Player Name          total     1    2    3    4    5    6    7    8    9   10   11   12   13   14   15   16   17   18   19   20   21   22   23   24   25   26   27   28   29   30   31   32   33   34   35   36   37   38   39   40   41   42
  1 Iocaine Powder       10695     0   62   53   50  492   54  178   59  249   23   29  235  -19   19   24   46   59  306   37   27  -29   86  208  236   34  -16  246  183  348  157  244  110   49  538  886  221  357  910  981  979  992  992
  2 Phasenbott           10111   -62    0   62   34  517   38  126   67  210   44  108  183   43   50   17   46   44  252   22   -6   38   83  180  256   40  -18  109  101  391   54  298   80   27  390  998  213  179  935  984  992  996  990
  3 MegaHAL               9511   -53  -62    0   12   95   19   70   32  202   21   16  246   51   53   14  -14   45  262   54  -16   -9   36  223  209   -8   -8  168  -11   50   92  328  142  233  369  890  449  394  932  995  990 1000 1000
  4 Simple Modeller       8714   -50  -34  -12    0  -28   56  313  -29   50    7   44   57   48   70   38    7   62  287   81   -2   37  145  490  179  -41  -15  226  207  -28   75  121  136  227  224  338  480  379  595  993  995  997  989
  5 RussRocker4           8410  -492 -517  -95   28    0   23   77   34  169   29    0  180    3   63   20   29   73  157  104    9    3   33  782  286   40  -25  149   95  159   76  369   47   68  469  882  233  279  588  988  995 1000 1000
  6 Biopic                8306   -54  -38  -19  -56  -23    0   89   -2   87  -15   54   92  -35   39    7   46   38   64   14   23   27   44  151  282  -11   18   -5   85  418  175   72  132  147  508  686  314  407  567  991  994  995  998
  7 Simple Predictor      7434  -178 -126  -70 -313  -77  -89    0   21   10   16  -92   19  -10   76   43    0   85  160   57  -33   -4   65  662  191  -73   19  285  271  -42   87   97  154  247  269  328  406  420  588  986  989  996  994
  8 Robertot              7191   -59  -67  -32   29  -34    2  -21    0    5  -23  -10   74  -22   44    1    2   51  134   63  -27  -19   43    0  202  -16    0   18   88  -24   57   87  189  102  368  458  472  374  884  810  997  995  996
  9 Granite               6940  -249 -210 -202  -50 -169  -87  -10   -5    0  -70 -149    8  -14   30  -77 -122   41   30   85  -41  -26   25  647  556  -94  -20   77   -6   67  179   87  177  153  271  930  184  411  594  996  995  998 1000
 10 Boom                  6882   -23  -44  -21   -7  -29   15  -16   23   70    0  -20   35  -26   54  -26  -22   43   20   37  -11  -11   44   30  277   10  -27    1   18    7   94   65  135  175  478  -22  407  439  753  976  990  997  994
 11 ACT-R Lag2            6845   -29 -108  -16  -44    0  -54   92   10  149   20    0  118  -15   12   62  -11   31   89   49    0    4   21   70  246  -80   -9    6   45  -44  131   87   54  222  497  217  286  257  581  910  995  995  999
 12 Marble                6776  -235 -183 -246  -57 -180  -92  -19  -74   -8  -35 -118    0  -10   41  -95 -102   53   32   62  -31  -23   27  640  388  -34  -34   14   99   19  197   94  178  131  287  833  308  370  593  994  997  999  996
 13 Shofar                6208    19  -43  -51  -48   -3   35   10   22   14   26   15   10    0   52   -1    8   34   60   50   16  -23   60   65  117  -54   30    0   48  -19   52   22   97  273  136  100  437  320  555  870  943  981  973
 14 Piedra                6125   -19  -50  -53  -70  -63  -39  -76  -44  -30  -54  -12  -41  -52    0  -61  -84   77  -37  -25  -35  -60  -36  -42  132  -33  -35   33   23   26  126  314  191  122  172  919  122  352  594  991  990  997  995
 15 Bugbrain              6042   -24  -17  -14  -38  -20   -7  -43   -1   77   26  -62   95    1   61    0  -12   41  176   48   -5   -9   17   64  165   15   16   41   24    2   16   87   59   98  227  235  229  221  385  933  978 1000  957
 16 Yomi AI               5588   -46  -46   14   -7  -29  -46    0   -2  122   22   11  102   -8   84   12    0   13   25   28  -16  -39   46  226  245  -34  -12  -15    1  315  139   66  100  142  399   17  197  257  492   42  772 1000  999
 17 * Anti-rotn           5495   -59  -44  -45  -62  -73  -38  -85  -51  -41  -43  -31  -53  -34  -77  -41  -13    0  -66  -19  -14   22  -43  -51  252  -47  -50    4    3  -17  177    4   55  319   72  499  466  134  598 1000  997  999  991
 18 ZQ Bot                5373  -306 -252 -262 -287 -157  -64 -160 -134  -30  -20  -89  -32  -60   37 -176  -25   66    0  -12  -36  -42  -11  -45  212   12  -24   88   54  132  119  232  170  166  183  904  259  390  594  993  988 1000  998
 19 Sweet Rocky           5290   -37  -22  -54  -81 -104  -14  -57  -63  -85  -37  -49  -62  -50   25  -48  -28   19   12    0  -63  -41   19  -62   95  -35  -47  -10   34  -48  138   31  151  114  141  316  314  398  591  998  993  998 1000
 20 Majikthise            4850   -27    6   16    2   -9  -23   33   27   41   11    0   31  -16   35    5   16   14   36   63    0   -3   39   96  146   40    4  -30   -6   -9  115    5   38  114  171   52  254  123  463    4  989  991  993
 21 Vroomfondel           4845    29  -38    9  -37   -3  -27    4   19   26   11   -4   23   23   60    9   39  -22   42   41    3    0   26   49  180  -29   24    8    2   34   87  -14   37   85  182   42  245  211  468   44  993  994  970
 22 Mixed Strategy        4674   -86  -83  -36 -145  -33  -44  -65  -43  -25  -44  -21  -27  -60   36  -17  -46   43   11  -19  -39  -26    0  -59   18  -47  -19   20   49  -45  -15   46  130   38  173  219   84  414  526  984  965  998  964
 23 Inocencio             1929  -208 -180 -223 -490 -782 -151 -662    0 -647  -30  -70 -640  -65   42  -64 -226   51   45   62  -96  -49   59    0  143  -22  -23   34  115  337  160   78  170   90  166  194  284  399  359  837  979  979  974
 24 Multi-strategy        1622  -236 -256 -209 -179 -286 -282 -191 -202 -556 -277 -246 -388 -117 -132 -165 -245 -252 -212  -95 -146 -180  -18 -143    0  -50  -20    4  258   33  142   19  123  276   38  -20  437  405  999  997  997  999  998
 25 * De Bruijn            572   -34  -40    8   41  -40   11   73   16   94  -10   80   34   54   33  -15   34   47  -12   35  -40   29   47   22   50    0   -1    1  -29   12   38   43   23  -61    5  -21   17  -13  128   -1   21    0 -107
 26 * Pi                   177    16   18    8   15   25  -18  -19    0   20   27    9   34  -30   35  -16   12   50   24   47   -4  -24   19   23   20    1    0   -8  -36    3    8   28  -81  -35   -3    7    8  -27   30   22  -11  -11   -9
 27 * Add-drift          -1439  -246 -109 -168 -226 -149    5 -285  -18  -77   -1   -6  -14    0  -33  -41   15   -4  -88   10   30   -8  -20  -34   -4   -1    8    0    1  -10    6  -81    6    2   20    8  -23   42    9  -12    7   38   12
 28 * Copy-drift         -1739  -183 -101   11 -207  -95  -85 -271  -88    6  -18  -45  -99  -48  -23  -24   -1   -3  -54  -34    6   -2  -49 -115 -258   29   36   -1    0  -17   -2   18   31   47  -27  -23  -36  -12  -22   48  -22   -2   -4
 29 * Foxtrot            -2148  -348 -391  -50   28 -159 -418   42   24  -67   -7   44  -19   19  -26   -2 -315   17 -132   48    9  -34   45 -337  -33  -12   -3   10   17    0  -33   18   17   -8   46  -31  -12  -69   -4   -6   -7   -6   -3
 30 * Flat               -2709  -157  -54  -92  -75  -76 -175  -87  -57 -179  -94 -131 -197  -52 -126  -16 -139 -177 -119 -138 -115  -87   15 -160 -142  -38   -8   -6    2   33    0   86  -13    5   -3 -119   -6  -11  241  174   -9    1 -408
 31 * Add-react          -2957  -244 -298 -328 -121 -369  -72  -97  -87  -87  -65  -87  -94  -22 -314  -87  -66   -4 -232  -31   -5   14  -46  -78  -19  -43  -28   81  -18  -18  -86    0   53   -4  -28   -8   20   -7  -10  -44   39  -65   48
 32 * Text               -3214  -110  -80 -142 -136  -47 -132 -154 -189 -177 -135  -54 -178  -97 -191  -59 -100  -55 -170 -151  -38  -37 -130 -170 -123  -23   81   -6  -31  -17   13  -53    0   42  -55   27   11   -6 -185  -74  -11 -185  113
 33 * Switch A Lot       -3399   -49  -27 -233 -227  -68 -147 -247 -102 -153 -175 -222 -131 -273 -122  -98 -142 -319 -166 -114 -114  -85  -38  -90 -276   61   35   -2  -47    8   -5    4  -42    0    6 -193  -11   44   43  295   -2   39  -14
 34 Knucklehead          -3639  -538 -390 -369 -224 -469 -508 -269 -368 -271 -478 -497 -287 -136 -172 -227 -399  -72 -183 -141 -171 -182 -173 -166  -38   -5    3  -20   27  -46    3   28   55   -6    0   11   45   16   61  997  154  892  874
 35 Peterbot             -5518  -886 -998 -890 -338 -882 -686 -328 -458 -930   22 -217 -833 -100 -919 -235  -17 -499 -904 -316  -52  -42 -219 -194   20   21   -7   -8   23   31  119    8  -27  193  -11    0  234  417  428  963  999 1000 1000
 36 Always Switchin'     -7009  -221 -213 -449 -480 -233 -314 -406 -472 -184 -407 -286 -308 -437 -122 -229 -197 -466 -259 -314 -254 -245  -84 -284 -437  -17   -8   23   36   12    6  -20  -11   11  -45 -234    0    8   85  468   23    0  -45
 37 R-P-S 20-20-60       -9095  -357 -179 -394 -379 -279 -407 -420 -374 -411 -439 -257 -370 -320 -352 -221 -257 -134 -390 -398 -123 -211 -414 -399 -405   13   27  -42   12   69   11    7    6  -44  -16 -417   -8    0 -452 -140    2 -389  156
 38 Beat Frequent Pick  -14100  -910 -935 -932 -595 -588 -567 -588 -884 -594 -753 -581 -593 -555 -594 -385 -492 -598 -594 -591 -463 -468 -526 -359 -999 -128  -30   -9   22    4 -241   10  185  -43  -61 -428  -85  452    0 -600    0  999  997
 39 Beat The Last Move  -20386  -981 -984 -995 -993 -988 -991 -986 -810 -996 -976 -910 -994 -870 -991 -933  -42 -1000 -993 -998   -4  -44 -984 -837 -997    1  -22   12  -48    6 -174   44   74 -295 -997 -963 -468  140  600    0    1 1000 1000
 40 Rotate R-P-S        -25346  -979 -992 -990 -995 -995 -994 -989 -997 -995 -990 -995 -997 -943 -990 -978 -772 -997 -988 -993 -989 -993 -965 -979 -997  -21   11   -7   22    7    9  -39   11    2 -154 -999  -23   -2    0   -1    0    0 -670
 41 Good Ole Rock       -26207  -992 -996 -1000 -997 -1000 -995 -996 -995 -998 -997 -995 -999 -981 -997 -1000 -1000 -999 -1000 -998 -991 -994 -998 -979 -999    0   11  -38    2    6   -1   65  185  -39 -892 -1000    0  389 -999 -1000    0    0 1000
 42 * Anti-Flat         -27700  -992 -990 -1000 -989 -1000 -998 -994 -996 -1000 -994 -999 -996 -973 -995 -957 -999 -991 -998 -1000 -993 -970 -964 -974 -998  107    9  -12    4    3  408  -48 -113   14 -874 -1000   45 -156 -997 -1000  670 -1000    0

 Match results (draw <= 50): 

    Player Name           total  W  L  D   1  2  3  4  5  6  7  8  9 10 11 12 13 14 15 16 17 18 19 20 21 22 23 24 25 26 27 28 29 30 31 32 33 34 35 36 37 38 39 40 41 42
  1 Iocaine Powder          69  28  0 13   1  2  1  2  2  2  1  2  1  1  1  1  2  1  1  2  2  2  1  2  2  1  2  1  1  2  2  2  2  2  2  2  1  2  2  2  2  2  2  2  2  2
  2 Phasenbott              66  26  1 14   0  1  1  2  2  1  1  2  2  1  1  1  2  1  1  2  2  2  1  2  1  1  2  1  1  2  2  2  2  2  2  2  1  2  2  2  2  2  2  2  2  2
  3 Simple Modeller         66  25  0 16   1  1  1  1  1  2  1  1  1  1  1  1  2  1  1  1  2  2  2  2  2  2  2  1  1  1  2  2  2  2  2  2  2  2  2  2  2  2  2  2  2  2
  4 MegaHAL                 63  24  2 15   0  0  1  1  2  1  1  1  1  1  1  2  2  1  1  2  2  2  2  2  1  2  1  1  1  1  2  1  2  2  2  2  2  2  2  2  2  2  2  2  2  2
  5 RussRocker4             62  24  3 14   0  0  1  0  1  1  1  1  1  1  1  1  2  1  1  2  2  2  2  2  2  2  1  1  1  2  2  2  2  2  2  2  2  2  2  2  2  1  2  2  2  2
  6 Biopic                  61  22  2 17   0  1  0  1  1  1  1  1  2  1  1  1  2  1  1  2  2  2  1  2  1  1  1  1  1  2  1  2  2  2  2  2  2  2  2  2  2  2  2  2  2  2
  7 Yomi AI                 58  17  0 24   1  1  1  1  1  1  1  1  1  1  1  1  1  1  1  2  2  1  2  2  1  1  1  1  1  2  1  1  2  1  2  2  2  1  2  2  2  2  2  2  2  2
  8 Robertot                58  19  2 20   0  0  1  1  1  1  1  1  1  1  1  1  1  1  1  1  2  2  1  1  2  2  1  1  1  1  1  2  2  2  2  2  2  2  2  2  2  2  2  2  2  2
  9 ACT-R Lag2              58  20  3 18   1  0  1  1  1  0  1  1  1  2  1  1  2  1  1  2  2  2  1  2  1  1  1  0  1  1  1  1  2  2  2  2  2  2  2  2  2  2  2  2  2  2
 10 Bugbrain                58  18  1 22   1  1  1  1  1  1  1  1  0  1  1  1  1  1  1  2  2  2  2  2  1  1  1  1  1  1  1  1  2  2  2  2  2  2  1  2  2  2  2  2  2  2
 11 Boom                    56  15  0 26   1  1  1  1  1  1  1  1  1  1  1  1  1  1  1  2  1  1  2  1  1  1  1  1  1  1  1  1  2  1  2  2  2  2  2  2  2  2  2  2  2  2
 12 Shofar                  56  17  2 22   1  1  1  0  1  1  1  1  1  1  1  1  1  1  1  1  1  2  2  2  1  1  2  0  1  1  1  1  2  2  1  2  2  2  2  2  2  2  2  2  2  2
 13 Simple Predictor        55  22  8 11   0  0  0  0  0  0  1  1  0  1  1  1  1  1  1  1  1  2  2  2  2  2  2  0  1  1  2  2  2  2  2  2  2  2  2  2  2  2  2  2  2  2
 14 Majikthise              54  13  0 28   1  1  1  1  1  1  1  1  1  1  1  1  1  1  1  1  1  1  1  2  1  2  1  1  1  1  1  1  2  2  1  2  2  1  2  2  2  1  2  2  2  2
 15 Vroomfondel             52  11  0 30   1  1  1  1  1  1  1  1  1  1  1  1  1  1  1  1  1  1  2  1  1  1  1  1  1  1  1  1  2  1  1  2  2  1  2  2  2  1  2  2  2  2
 16 Granite                 49  18 10 13   0  0  1  0  0  0  0  1  0  0  0  1  1  1  1  1  1  1  1  2  1  2  1  0  1  2  2  1  2  2  2  2  2  2  2  2  2  2  2  2  2  2
 17 Marble                  49  18 10 13   0  0  0  0  0  0  0  0  0  0  1  1  1  1  1  1  1  1  1  2  2  2  1  1  1  1  1  2  2  2  2  2  2  2  2  2  2  2  2  2  2  2
 18 ZQ Bot                  48  18 11 12   0  0  0  0  0  0  1  0  0  0  1  0  0  1  1  1  1  1  1  1  2  1  1  1  1  2  2  2  2  2  2  2  2  2  2  2  2  2  2  2  2  2
 19 Piedra                  47  15  9 17   1  1  0  0  0  1  0  1  1  0  0  0  0  1  0  1  1  1  1  1  2  1  1  1  1  1  1  1  2  2  2  2  2  2  2  2  2  2  2  2  2  2
 20 Inocencio               46  19 14  8   0  0  0  0  0  0  0  1  0  0  1  0  0  0  1  0  0  1  1  1  2  2  2  1  1  2  1  2  2  2  2  2  2  2  2  2  2  2  2  2  2  2
 21 * Anti-rotn             45  13  9 19   0  1  0  1  0  1  1  0  1  1  1  1  0  1  1  1  0  0  0  0  1  1  1  1  1  1  1  1  2  2  1  2  2  2  2  2  2  2  2  2  2  2
 22 Sweet Rocky             45  13  9 19   1  1  0  0  0  1  1  0  1  1  1  1  0  0  1  0  0  1  1  0  1  1  1  1  1  1  1  1  2  2  1  2  2  2  2  2  2  2  2  2  2  2
 23 Mixed Strategy          45  10  6 25   0  0  0  1  1  1  1  1  1  1  1  0  0  1  1  1  1  1  1  0  1  1  1  1  1  1  1  1  1  2  1  2  1  2  1  2  2  2  2  2  2  2
 24 * De Bruijn             44   5  2 34   1  1  1  1  1  1  1  1  2  1  1  2  2  1  1  2  1  1  1  1  1  1  1  1  1  1  1  1  1  1  1  1  0  1  1  1  1  1  2  1  1  0
 25 * Pi                    40   0  1 40   1  1  1  1  1  1  1  1  1  1  1  1  1  1  1  1  1  1  1  1  1  1  1  1  1  1  1  1  1  1  1  1  1  1  1  1  1  0  1  1  1  1
 26 * Foxtrot               32   0  9 32   0  0  1  1  0  0  0  1  1  1  1  1  1  1  1  0  1  0  1  0  1  1  1  1  1  1  1  1  1  1  1  1  1  1  1  1  1  1  1  0  1  1
 27 * Add-drift             32   0  9 32   0  0  0  0  0  1  1  1  1  1  1  1  0  1  1  0  1  0  1  1  1  1  1  1  1  1  1  1  1  1  0  1  1  1  1  1  1  1  1  1  1  1
 28 * Copy-drift            30   0 11 30   0  0  0  1  0  0  1  0  1  1  1  1  0  1  1  1  0  0  1  0  1  1  1  1  1  1  1  1  0  1  1  1  1  1  1  1  1  1  1  1  1  1
 29 Multi-strategy          30  11 22  8   0  0  0  0  0  0  0  0  0  0  0  0  0  0  0  0  0  0  0  0  0  0  1  1  1  1  1  2  1  1  1  1  2  2  2  2  2  2  2  2  2  2
 30 Peterbot                30   9 20 12   0  0  0  0  0  0  1  0  0  0  1  0  0  0  1  0  0  0  0  0  0  0  0  1  1  1  1  1  1  1  1  1  2  2  2  2  2  1  2  2  2  2
 31 * Add-react             24   2 19 20   0  0  0  0  0  0  0  0  0  0  0  1  0  1  1  0  0  0  0  0  1  1  1  1  1  1  2  1  1  1  1  1  1  1  0  1  0  2  1  1  1  1
 32 Knucklehead             24   6 23 12   0  0  0  0  0  0  0  0  0  0  0  0  0  0  0  0  0  0  0  0  0  0  0  1  1  1  1  1  1  1  1  1  1  2  1  1  2  2  2  1  2  2
 33 * Switch A Lot          21   2 22 17   1  1  0  0  0  0  0  0  0  0  0  0  0  0  0  0  0  0  0  0  0  0  1  2  1  1  1  1  0  0  1  1  1  2  1  1  1  1  1  1  1  1
 34 Beat The Last Move      20   5 26 10   0  0  0  0  0  0  1  0  0  0  0  0  0  1  1  0  0  0  0  0  0  0  0  1  1  1  1  1  0  0  1  0  0  1  0  0  2  2  2  2  1  2
 35 * Flat                  20   3 24 14   0  0  0  0  0  0  0  0  0  1  0  0  0  0  0  0  0  0  0  0  0  0  1  1  1  1  1  1  0  0  2  1  1  2  1  1  1  1  2  1  1  0
 36 Always Switchin'        18   2 25 14   0  0  0  0  0  0  0  0  0  0  0  0  0  0  0  0  0  0  0  0  0  0  0  1  1  1  1  1  0  0  1  1  1  2  1  1  1  1  2  1  1  1
 37 Good Ole Rock           17   4 28  9   0  0  0  0  0  0  0  0  0  0  0  0  0  0  0  0  0  0  0  0  0  0  0  1  1  1  1  1  0  0  2  0  1  0  1  1  1  2  0  2  1  2
 38 * Text                  17   2 26 13   0  0  0  0  1  0  0  0  0  0  0  0  0  1  1  0  0  0  0  0  0  0  0  1  2  1  1  1  0  1  0  0  1  0  1  1  0  1  0  1  1  2
 39 Beat Frequent Pick      15   4 30  7   0  0  0  0  0  0  0  0  0  0  0  0  0  0  0  0  0  0  0  0  0  0  0  0  1  1  1  1  0  0  1  0  1  0  0  0  2  2  1  2  1  2
 40 R-P-S 20-20-60          15   2 28 11   0  0  0  0  0  0  0  0  0  0  0  0  0  0  0  0  0  0  0  0  0  0  0  1  1  2  1  1  0  0  1  1  1  0  1  1  0  1  0  1  1  2
 41 Rotate R-P-S            14   0 27 14   0  0  0  0  0  0  0  0  0  0  0  0  0  0  0  0  0  0  0  0  0  0  0  1  1  1  1  1  0  0  1  0  1  1  1  1  1  1  1  1  1  0
 42 * Anti-Flat             13   3 31  7   0  0  0  0  0  0  0  0  0  0  0  0  0  0  0  0  0  0  0  0  0  0  0  2  1  1  1  1  0  0  1  0  1  0  2  1  0  0  0  0  2  1


   Yomi AI is match ranked 7

 Tournament results:
    Player Name          total 
  1 Yomi AI               5588 
 19 Iocaine Powder       10695 
 20 Phasenbott           10111 
 21 MegaHAL               9511 
 22 RussRocker4           8410 
 23 Biopic                8306 
 24 Simple Modeller       8714 
 25 Simple Predictor      7434 
 26 Robertot              7191 
 27 Boom                  6882 
 28 Shofar                6208 
 29 ACT-R Lag2            6845 
 32 Granite               6940 
 33 Marble                6776 
 36 Piedra                6125 
 41 Bugbrain              6042 

   Yomi is tournament ranked 16

