 Playing 1 tournaments with 1000 trials per match...

 Yomi AI            vs Good Ole Rock       Match: 1000 (1000+   0-   0=)
 Yomi AI            vs R-P-S 20-20-60      Match:  308 (540+ 232- 228=)
 Yomi AI            vs Rotate R-P-S        Match:  988 (992+   4-   4=)
 Yomi AI            vs Beat The Last Move  Match:  343 (577+ 234- 189=)
 Yomi AI            vs Always Switchin'    Match:  235 (449+ 214- 337=)
 Yomi AI            vs Beat Frequent Pick  Match:  516 (689+ 173- 138=)
 Yomi AI            vs * Pi                Match:  -12 (316+ 328- 356=)
 Yomi AI            vs * Switch A Lot      Match:  117 (400+ 283- 317=)
 Yomi AI            vs * Flat              Match:  167 (449+ 282- 269=)
 Yomi AI            vs * Anti-Flat         Match:  999 (999+   0-   1=)
 Yomi AI            vs * Foxtrot           Match:  340 (561+ 221- 218=)
 Yomi AI            vs * De Bruijn         Match:   -8 (334+ 342- 324=)
 Yomi AI            vs * Text              Match:  120 (411+ 291- 298=)
 Yomi AI            vs * Anti-rotn         Match:   -2 (335+ 337- 328=)
 Yomi AI            vs * Copy-drift        Match:   44 (354+ 310- 336=)
 Yomi AI            vs * Add-react         Match:   69 (364+ 295- 341=)
 Yomi AI            vs * Add-drift         Match:   43 (366+ 323- 311=)
 Yomi AI            vs Iocaine Powder      Match:    7 (329+ 322- 349=)
 Yomi AI            vs Phasenbott          Match:  -36 (317+ 353- 330=)
 Yomi AI            vs MegaHAL             Match:    9 (337+ 328- 335=)
 Yomi AI            vs RussRocker4         Match:   22 (346+ 324- 330=)
 Yomi AI            vs Biopic              Match:   -5 (350+ 355- 295=)
 Yomi AI            vs Simple Modeller     Match:   60 (373+ 313- 314=)
 Yomi AI            vs Simple Predictor    Match:   69 (402+ 333- 265=)
 Yomi AI            vs Robertot            Match:  -41 (320+ 361- 319=)
 Yomi AI            vs Boom                Match:   38 (352+ 314- 334=)
 Yomi AI            vs Shofar              Match:   20 (346+ 326- 328=)
 Yomi AI            vs ACT-R Lag2          Match:  -35 (336+ 371- 293=)
 Yomi AI            vs Majikthise          Match:  -26 (328+ 354- 318=)
 Yomi AI            vs Vroomfondel         Match:   27 (347+ 320- 333=)
 Yomi AI            vs Granite             Match:   97 (425+ 328- 247=)
 Yomi AI            vs Marble              Match:   84 (394+ 310- 296=)
 Yomi AI            vs ZQ Bot              Match:   95 (419+ 324- 257=)
 Yomi AI            vs Sweet Rocky         Match:   47 (383+ 336- 281=)
 Yomi AI            vs Piedra              Match:   51 (371+ 320- 309=)
 Yomi AI            vs Mixed Strategy      Match:   55 (382+ 327- 291=)
 Yomi AI            vs Multi-strategy      Match:  157 (453+ 296- 251=)
 Yomi AI            vs Inocencio           Match:   15 (365+ 350- 285=)
 Yomi AI            vs Peterbot            Match:    9 (344+ 335- 321=)
 Yomi AI            vs Bugbrain            Match:  -13 (330+ 343- 327=)
 Yomi AI            vs Knucklehead         Match:  454 (629+ 175- 196=)
 Final results (draw value = 50):

 Tournament results: 

    Player Name          total     1    2    3    4    5    6    7    8    9   10   11   12   13   14   15   16   17   18   19   20   21   22   23   24   25   26   27   28   29   30   31   32   33   34   35   36   37   38   39   40   41   42
  1 Iocaine Powder       10829     0  165   60   59   24  145  550   50   38  229   -7   45   14  230   84   26  -15  285   62   66   30   35  248  219   -4  -62  163  343  134  548  325  216   62  148  204  891  355  908  985  990  991  990
  2 Phasenbott           10078  -165    0  100   73   23  102  542   69   73  233   36   50  -22  202   55   41   74  272   58   63   30   12  194  211   53   -8  123  377   98  395  317   92  100   42  230  900  183  922  992  993  994  949
  3 MegaHAL               9673   -60 -100    0   -8  -17   70   69   60   22  211   -9   38   22  226   46   15   36  287   -5   47   -4   -2  293  168  -26  -16  176   89  169  396  320   98  142  221  457  917  394  944  993  994 1000 1000
  4 Simple Modeller       8630   -59  -73    8    0   41  282   60   21   26  110  -60   47    9  117  -23   67   61  299   78   64   37    7  217  481  -62  -13  231   -8  254  198  104   37  139  217  477  269  390  594  993  996  997 1000
  5 Biopic                8542   -24  -23   17  -41    0   54   -5   43   19  147    5   24   49  122   40   51  -15   89   61   51  -20   73  278  170   11    4    2  385  102  459   71   98  130  185  292  791  385  479  990  995  998 1000
  6 Simple Predictor      8118  -145 -102  -70 -282  -54    0 -115  -33   21   23  -69   46  -12   63    3   28   61  178   69   20   25    3  220  785  -62  -21  300  -15  271  217  156   64  166  206  419  778  422  588  984  986  996 1000
  7 RussRocker4           7501  -550 -542  -69  -60    5  115    0   -6  -16  154  -22   48   17  183  -19   90   -2  176   27   55  -10   -4  257  110  -21  -19  139  176  113  530  322  152   55  112  197  942  305  585  988  993  999  996
  8 Robertot              7427   -50  -69  -60  -21  -43   33    6    0    3   24   41   37   -1   97  -40   38   17  103   34   49   -9   12  266    9    6  -34    4   11   72  370   92   73  141   82  474  424  368  915  968  993  996  996
  9 Boom                  7245   -38  -73  -22  -26  -19  -21   16   -3    0   38  -38   42  -26  101  -47   75  -25   38   25   47   -9   -6  269   66  -29   -6   58  -11  126  471  113   47  119  189  431  217  429  753  991  990  997  996
 10 Marble                6784  -229 -233 -211 -110 -147  -23 -154  -24  -38    0  -84   45  -78  -19 -114   53  -90   73   25   60   35  -49  266  651  -22   12   48   41   13  299   84  152  174  128  345  922  414  592  989  993 1000  995
 11 Yomi AI               6427     7  -36    9   60   -5   69   22  -41   38   84    0   47   20   97  -35   51  -13   95   55   -2   27  -26  157   15   -8  -12   43  340   44  454   69  167  120  117  235    9  308  516  343  988 1000  999
 12 Sweet Rocky           6355   -45  -50  -38  -47  -24  -46  -48  -37  -42  -45  -47    0  -42  -46  -75   35  -30  -49   29   18  -52  -30   49  -46  -27  -13  154   12   45  155  175  151  158  151  290  855  386  594  989  993  995 1000
 13 Shofar                6288   -14   22  -22   -9  -49   12  -17    1   26   78  -20   42    0   19   -7   37  -25   29   65   26  -41   25  110   61  -10  -14  -12   24   79  142   73   71  129  243  416  148  323  551  899  920  969  988
 14 Granite               6053  -230 -202 -226 -117 -122  -63 -183  -97 -101   19  -97   46  -19    0 -119    3  -77   32   28   52  -58  -22  330  419  -40  -23    2    5   31  289   75  157  177  151  181  898  380  594  992  993 1000  995
 15 ACT-R Lag2            5948   -84  -55  -46   23  -40   -3   19   40   47  114   35   75    7  119    0   48   36   51    8   63   12   -3  222   96  -82  -17   13  -98   -7  474   11  107   57  213  291  293  350  580   -9  993  998  997
 16 Piedra                5900   -26  -41  -15  -67  -51  -28  -90  -38  -75  -53  -51  -35  -37   -3  -48    0  -58  -60  -38   35  -22   -4  103  -51  -36  -38   48  -19   32  126  -27  160  172  163  249  900  365  591  992  990  994  991
 17 Bugbrain              5728    15  -74  -36  -61   15  -61    2  -17   25   90   13   30   25   77  -36   58    0  171   31   58   10  -32  133   95  -28   -1   72  -29    6   69   94    5   44   90  236  319  187  372  945  963  953  900
 18 ZQ Bot                5663  -285 -272 -287 -299  -89 -178 -176 -103  -38  -73  -95   49  -29  -32  -51   60 -171    0   42   65  -23  -48  282   -1  -44    9   51  -13   61  340  322  157  165  179  274  963  375  594  993  993  996 1000
 19 Mixed Strategy        5377   -62  -58    5  -78  -61  -69  -27  -34  -25  -25  -55  -29  -65  -28   -8   38  -31  -42    0  -34  -67  -43   79  447  -39   -7   13   26   13  197   48  113  182   58  110  122  420  479  983  953  998  980
 20 * Anti-rotn           4932   -66  -63  -47  -64  -51  -20  -55  -49  -47  -60    2  -18  -26  -52  -63  -35  -58  -65   34    0  -19    7  233  367  -60  -53  -12  -10   47   49   -5  187   57  316  464   33  142  499  500  999  999  995
 21 Vroomfondel           4719   -30  -30    4  -37   20  -25   10    9    9  -35  -27   52   41   58  -12   22  -10   23   67   19    0  -19  162   29  -12   49  -49   28    9  233   -5   97   40   94  247   18  226  477   -7  993  991  990
 22 Majikthise            4710   -35  -12    2   -7  -73   -3    4  -12    6   49   26   30  -25   22    3    4   32   48   43   -7   19    0  180   64   24   20   37  -10   16  210    9   60   46  112  245   44  126  473  -38  992  992  994
 23 Multi-strategy        2413  -248 -194 -293 -217 -278 -220 -257 -266 -269 -266 -157  -49 -110 -330 -222 -103 -133 -282  -79 -233 -162 -180    0 -141  -50  -20   27  -24  256    2   15  137  123  271  459  500  417  999  997  997  999  997
 24 Inocencio             1673  -219 -211 -168 -481 -170 -785 -110   -9  -66 -651  -15   46  -61 -419  -96   51  -95    1 -447 -367  -29  -64  141    0  -24  -27   57  312   37  177   77  113  158   14  262   77  399  356  984  973  980  972
 25 * De Bruijn            603     4  -53   26   62  -11   62   21   -6   29   22    8   27   10   40   82   36   28   44   39   60   12  -24   50   24    0   -1   10   15    3   -6  -30  -40   23  -20   41  -14  -13  128   -1   21    0 -105
 26 * Pi                   307    62    8   16   13   -4   21   19   34    6  -12   12   13   14   23   17   38    1   -9    7   53  -49  -20   20   27    1    0    8  -10   22  -38   43  -34  -81   20    6   27   13   30   22  -11  -11  -10
 27 * Add-drift          -1665  -163 -123 -176 -231   -2 -300 -139   -4  -58  -48  -43 -154   12   -2  -13  -48  -72  -51  -13   12   49  -37  -27  -57  -10   -8    0   63   18  -13  -48   -3  -11    2   -2  -36   33    5   21   21   27  -36
 28 * Foxtrot            -1960  -343 -377  -89    8 -385   15 -176  -11   11  -41 -340  -12  -24   -5   98   19   29   13  -26   10  -28   10   24 -312  -15   10  -63    0  -15   41   18   33  -38   16   36  -17  -12  -24  -10   -1   10    3
 29 * Copy-drift         -2224  -134  -98 -169 -254 -102 -271 -113  -72 -126  -13  -44  -45  -79  -31    7  -32   -6  -61  -13  -47   -9  -16 -256  -37   -3  -22  -18   15    0  -60    5  -21  -17  -29   10  -62  -13   -6   -2  -16    7   29
 30 Knucklehead          -2360  -548 -395 -396 -198 -459 -217 -530 -370 -471 -299 -454 -155 -142 -289 -474 -126  -69 -340 -197  -49 -233 -210   -2 -177    6   38   13  -41   60    0   47   -3   -9    1   53  978   13   33  995  268  991  997
 31 * Add-react          -2835  -325 -317 -320 -104  -71 -156 -322  -92 -113  -84  -69 -175  -73  -75  -11   27  -94 -322  -48    5    5   -9  -15  -77   30  -43   48  -18   -5  -47    0   -2   33  -18    7  -16    3    7   42  -15  -53   47
 32 * Flat               -2876  -216  -92  -98  -37  -98  -64 -152  -73  -47 -152 -167 -151  -71 -157 -107 -160   -5 -157 -113 -187  -97  -60 -137 -113   40   34    3  -33   21    3    2    0  -33    2  -26 -107  -55  242  150    6    0 -414
 33 * Text               -3057   -62 -100 -142 -139 -130 -166  -55 -141 -119 -174 -120 -158 -129 -177  -57 -172  -44 -165 -182  -57  -40  -46 -123 -158  -23   81   11   38   17    9  -33   33    0  -56   17   23   25 -185  -74  -11 -185  112
 34 * Switch A Lot       -3338  -148  -42 -221 -217 -185 -206 -112  -82 -189 -128 -117 -151 -243 -151 -213 -163  -90 -179  -58 -316  -94 -112 -271  -14   20  -20   -2  -16   29   -1   18   -2   56    0  -11 -177   54   54  309   16   38   -1
 35 Always Switchin'     -7361  -204 -230 -457 -477 -292 -419 -197 -474 -431 -345 -235 -290 -416 -181 -291 -249 -236 -274 -110 -464 -247 -245 -459 -262  -41   -6    2  -36  -10  -53   -7   26  -17   11    0 -242    1   41  474   20    7  -46
 36 Peterbot             -7803  -891 -900 -917 -269 -791 -778 -942 -424 -217 -922   -9 -855 -148 -898 -293 -900 -319 -963 -122  -33  -18  -44 -500  -77   14  -27   36   17   62 -978   16  107  -23  177  242    0  393  425  982  998 1000  986
 37 R-P-S 20-20-60       -9056  -355 -183 -394 -390 -385 -422 -305 -368 -429 -414 -308 -386 -323 -380 -350 -365 -187 -375 -420 -142 -226 -126 -417 -399   13  -13  -33   12   13  -13   -3   55  -25  -54   -1 -393    0 -453 -131    3 -363  379
 38 Beat Frequent Pick  -13853  -908 -922 -944 -594 -479 -588 -585 -915 -753 -592 -516 -594 -551 -594 -580 -591 -372 -594 -479 -499 -477 -473 -999 -356 -128  -30   -5   24    6  -33   -7 -242  185  -54  -41 -425  453    0 -600    0  999 1000
 39 Beat The Last Move  -19615  -985 -992 -993 -993 -990 -984 -988 -968 -991 -989 -343 -989 -899 -992    9 -992 -945 -993 -983 -500    7   38 -997 -984    1  -22  -21   10    2 -995  -42 -150   74 -309 -474 -982  131  600    0    1 1000  997
 40 Rotate R-P-S        -25625  -990 -993 -994 -996 -995 -986 -993 -993 -990 -993 -988 -993 -920 -993 -993 -990 -963 -993 -953 -999 -993 -992 -997 -973  -21   11  -21    1   16 -268   15   -6   11  -16  -20 -998   -3    0   -1    0    0 -662
 41 Good Ole Rock       -26300  -991 -994 -1000 -997 -998 -996 -999 -996 -997 -1000 -1000 -995 -969 -1000 -998 -994 -953 -996 -998 -999 -991 -992 -999 -980    0   11  -27  -10   -7 -991   53    0  185  -38   -7 -1000  363 -999 -1000    0    0  999
 42 * Anti-Flat         -27995  -990 -949 -1000 -1000 -1000 -1000 -996 -996 -996 -995 -999 -1000 -988 -995 -997 -991 -900 -1000 -980 -995 -990 -994 -997 -972  105   10   36   -3  -29 -997  -47  414 -112    1   46 -986 -379 -1000 -997  662 -999    0

 Match results (draw <= 50): 

    Player Name           total  W  L  D   1  2  3  4  5  6  7  8  9 10 11 12 13 14 15 16 17 18 19 20 21 22 23 24 25 26 27 28 29 30 31 32 33 34 35 36 37 38 39 40 41 42
  1 Phasenbott              71  31  1  9   1  0  1  2  1  2  2  1  2  2  2  2  2  1  1  1  2  2  2  1  2  2  1  2  2  2  2  2  2  2  2  2  1  2  2  2  2  2  2  2  2  2
  2 Iocaine Powder          69  29  1 11   2  1  1  2  1  2  2  1  1  1  1  2  2  1  1  1  2  2  2  1  1  2  0  2  2  2  2  2  2  2  2  2  2  2  2  2  2  2  2  2  2  2
  3 Biopic                  66  25  0 16   1  1  1  1  1  1  1  1  1  1  1  1  2  1  1  2  2  2  2  2  1  2  1  2  2  2  1  2  2  2  2  2  2  2  2  2  2  2  2  2  2  2
  4 MegaHAL                 63  24  2 15   0  0  1  1  1  1  2  1  1  1  2  1  2  1  1  1  2  2  1  1  1  2  1  1  2  2  2  2  2  2  2  2  2  2  2  2  2  2  2  2  2  2
  5 Yomi AI                 62  21  0 20   1  1  1  1  1  2  1  1  1  1  1  1  2  1  1  1  2  2  2  2  1  2  1  1  1  2  1  2  1  1  2  2  2  2  2  2  2  2  2  2  2  2
  6 Simple Modeller         62  25  4 12   0  0  1  1  0  1  2  1  1  2  1  1  2  1  1  1  2  2  2  2  0  2  1  2  2  1  2  2  2  2  2  2  2  2  1  2  2  2  2  2  2  2
  7 RussRocker4             61  24  4 13   0  0  1  0  1  0  1  1  1  1  1  1  2  1  1  1  2  2  1  2  1  2  1  2  2  2  2  2  2  2  2  2  2  2  2  2  2  2  2  2  2  2
  8 Shofar                  59  18  0 23   1  1  1  1  1  1  1  1  1  1  1  1  1  1  1  1  2  1  2  1  1  1  1  1  2  1  1  2  2  2  2  2  2  2  2  2  2  2  2  2  2  2
  9 Boom                    58  18  1 22   0  1  1  1  1  1  1  1  1  1  1  1  1  1  1  1  1  1  1  2  1  2  1  1  2  1  2  2  2  2  2  2  2  2  1  2  2  2  2  2  2  2
 10 Bugbrain                57  19  3 19   0  1  1  1  1  0  1  1  1  1  1  1  0  1  1  1  2  2  1  2  1  2  1  2  2  1  2  2  2  1  2  2  2  2  1  1  2  2  2  2  2  2
 11 Robertot                56  17  2 22   0  1  1  0  1  1  1  1  1  1  1  1  1  1  1  1  1  2  1  1  1  2  1  1  1  1  1  2  2  2  2  2  2  2  2  2  2  2  2  2  2  2
 12 ACT-R Lag2              55  18  4 19   0  0  1  1  1  1  1  1  1  1  1  1  1  1  2  1  2  2  1  1  0  2  1  2  2  0  1  2  2  1  2  1  2  1  2  2  2  2  2  2  2  2
 13 Simple Predictor        54  21  8 12   0  0  0  0  0  0  0  1  1  2  1  1  1  1  1  1  1  2  2  1  0  2  1  1  2  1  2  2  2  2  2  2  2  2  2  2  2  2  2  2  2  2
 14 Vroomfondel             54  13  0 28   1  1  1  1  1  1  1  1  1  1  1  1  1  1  2  1  1  1  2  1  1  2  1  1  1  1  1  2  1  1  2  1  2  1  2  1  2  2  2  2  2  2
 15 Sweet Rocky             53  14  2 25   1  1  1  1  1  1  1  1  1  1  1  0  1  0  1  1  1  1  1  1  1  1  1  1  1  1  2  1  2  1  2  2  2  2  2  2  2  2  2  2  2  2
 16 Majikthise              51  11  1 29   1  1  0  1  1  1  1  1  1  1  1  1  1  1  1  1  1  1  1  1  1  1  1  1  2  1  1  2  1  1  2  1  2  1  2  1  2  2  2  2  2  2
 17 Marble                  49  18 10 13   0  0  0  0  0  0  0  0  1  0  1  0  1  1  1  1  1  2  1  2  1  1  1  2  2  1  1  2  2  1  2  2  2  2  2  2  2  2  2  2  2  2
 18 ZQ Bot                  47  18 12 11   0  0  0  0  0  0  0  1  1  0  0  0  0  1  1  1  0  1  1  2  1  1  1  2  1  1  2  2  2  2  2  2  2  2  2  2  2  2  2  2  2  2
 19 Mixed Strategy          47  14  8 19   0  0  0  1  0  0  1  0  1  1  1  1  0  0  1  1  1  1  1  1  1  1  1  1  2  1  1  2  2  1  2  1  2  2  2  2  2  2  2  2  2  2
 20 Piedra                  45  13  9 19   1  1  0  1  0  0  0  1  0  0  1  1  1  1  1  1  0  0  1  1  1  1  1  1  0  1  1  2  2  1  2  1  2  2  2  2  2  2  2  2  2  2
 21 * De Bruijn             44   5  2 34   0  1  1  1  1  2  1  1  1  1  1  2  2  1  1  1  1  1  1  1  1  1  1  2  1  1  1  1  1  1  1  1  1  1  1  1  1  1  2  1  1  0
 22 Granite                 44  16 13 12   0  0  0  0  0  0  0  1  0  0  0  0  0  0  1  1  1  1  1  1  1  1  1  2  2  1  1  2  2  1  2  2  2  2  2  2  2  2  2  2  2  2
 23 * Pi                    42   2  1 38   1  2  1  1  1  1  1  1  1  1  1  1  1  1  1  1  1  1  1  1  1  1  1  2  1  1  1  1  1  1  1  1  1  1  1  0  1  1  1  1  1  1
 24 * Anti-rotn             41  12 12 17   0  0  0  1  1  0  0  1  1  0  1  0  1  1  1  1  0  0  1  1  0  0  0  1  2  1  1  2  1  1  1  1  2  2  2  2  2  2  2  2  2  2
 25 Inocencio               41  16 16  9   0  0  0  0  1  0  0  0  0  0  1  0  0  1  1  0  0  1  0  2  1  0  1  0  1  2  2  2  2  1  2  2  1  2  2  2  2  2  2  2  2  2
 26 * Foxtrot               34   1  8 32   0  0  0  0  0  1  0  1  1  1  1  2  1  1  1  1  1  1  1  1  1  1  1  1  0  1  0  1  1  1  1  1  1  1  1  1  1  1  1  1  1  1
 27 * Add-drift             31   1 11 29   0  0  1  0  1  0  0  1  0  0  1  1  0  1  0  1  1  0  1  1  1  1  1  1  0  2  1  1  1  1  1  1  1  1  1  1  1  1  1  1  1  1
 28 Multi-strategy          31  12 22  7   0  0  0  0  0  0  0  0  0  0  0  0  0  0  1  0  0  0  0  0  1  0  1  0  0  1  1  1  2  2  1  1  2  2  2  2  2  2  2  2  2  2
 29 Peterbot                30  10 21 10   0  0  0  0  1  0  0  0  0  0  0  0  0  1  0  1  0  0  0  0  1  0  1  1  0  1  1  0  1  2  0  1  2  2  2  1  2  2  2  2  2  2
 30 * Copy-drift            27   0 14 27   0  0  0  0  1  0  0  0  0  1  0  1  0  1  1  1  1  0  1  1  1  1  1  1  1  1  1  0  0  1  0  1  1  1  1  1  1  1  1  1  1  1
 31 Knucklehead             26   7 22 12   0  0  0  0  0  0  0  0  0  0  0  0  0  0  0  0  0  0  0  0  1  0  1  1  0  1  1  1  2  2  1  1  1  2  1  1  2  2  1  1  2  2
 32 * Add-react             23   0 18 23   0  0  0  0  0  0  0  0  0  0  0  1  0  1  0  1  0  0  1  1  1  0  1  1  0  1  1  1  1  1  1  1  1  1  1  1  0  1  1  1  1  1
 33 * Switch A Lot          22   4 23 14   1  0  0  0  0  0  0  0  0  0  0  0  0  0  0  0  0  0  0  0  1  0  1  0  1  1  1  0  0  1  1  1  1  2  1  2  1  1  2  2  1  1
 34 Beat The Last Move      20   5 26 10   0  0  0  0  0  0  0  0  0  0  0  1  0  1  0  1  0  0  0  0  1  0  1  0  0  1  1  0  0  1  0  1  0  1  0  2  2  0  2  2  1  2
 35 * Flat                  19   2 24 15   0  0  0  0  0  1  0  0  1  1  0  0  0  0  0  0  0  0  0  0  1  0  1  0  0  1  1  0  0  1  1  1  1  2  1  1  1  1  2  0  1  0
 36 * Text                  18   2 25 14   0  0  0  0  0  0  0  0  0  1  0  0  0  1  0  1  0  0  0  0  1  0  2  0  0  1  1  0  1  1  1  1  0  0  1  1  0  1  0  1  1  2
 37 Good Ole Rock           17   4 28  9   0  0  0  0  0  0  0  0  0  0  0  0  0  0  0  0  0  0  0  0  1  0  1  0  0  1  1  0  0  1  0  2  1  0  1  2  1  1  0  2  1  2
 38 Always Switchin'        16   1 26 14   0  0  0  0  0  0  0  0  0  0  0  0  0  0  0  0  0  0  0  0  1  0  1  0  0  1  1  0  0  1  0  1  1  2  1  1  1  1  1  1  1  1
 39 Beat Frequent Pick      16   4 29  8   0  0  0  0  0  0  0  0  0  0  0  0  0  0  0  0  0  0  0  0  0  0  1  0  0  1  1  0  0  1  1  1  0  0  0  2  2  1  1  2  1  2
 40 R-P-S 20-20-60          14   2 29 10   0  0  0  0  0  0  0  0  0  0  0  0  0  0  0  0  0  0  0  0  1  0  1  0  0  1  1  0  0  1  1  1  0  0  2  1  0  1  0  1  1  2
 41 Rotate R-P-S            14   0 27 14   0  0  0  0  0  0  0  0  0  0  0  0  0  0  0  0  0  0  0  0  1  0  1  0  0  1  1  0  0  1  0  1  1  1  1  1  1  1  1  1  1  0
 42 * Anti-Flat             13   3 31  7   0  0  0  0  0  0  0  0  0  0  0  0  0  0  0  0  0  0  0  0  2  0  1  0  0  1  1  0  0  1  0  1  1  0  2  0  0  1  0  0  2  1


   Yomi AI is match ranked 5

 Tournament results:
    Player Name          total 
  1 Yomi AI               6427 
 19 Iocaine Powder       10829 
 20 Phasenbott           10078 
 21 MegaHAL               9673 
 22 RussRocker4           7501 
 23 Biopic                8542 
 24 Simple Modeller       8630 
 25 Simple Predictor      8118 
 26 Robertot              7427 
 27 Boom                  7245 
 33 Marble                6784 

   Yomi is tournament ranked 11

