 Playing 1 tournaments with 1000 trials per match...

 Yomi AI            vs Good Ole Rock       Match: 1000 (1000+   0-   0=)
 Yomi AI            vs R-P-S 20-20-60      Match:  308 (550+ 242- 208=)
 Yomi AI            vs Rotate R-P-S        Match:  806 (896+  90-  14=)
 Yomi AI            vs Beat The Last Move  Match:  312 (545+ 233- 222=)
 Yomi AI            vs Always Switchin'    Match:  167 (459+ 292- 249=)
 Yomi AI            vs Beat Frequent Pick  Match:  505 (711+ 206-  83=)
 Yomi AI            vs * Pi                Match:    6 (330+ 324- 346=)
 Yomi AI            vs * Switch A Lot      Match:  112 (401+ 289- 310=)
 Yomi AI            vs * Flat              Match:  113 (409+ 296- 295=)
 Yomi AI            vs * Anti-Flat         Match:  836 (905+  69-  26=)
 Yomi AI            vs * Foxtrot           Match:  322 (564+ 242- 194=)
 Yomi AI            vs * De Bruijn         Match:   25 (355+ 330- 315=)
 Yomi AI            vs * Text              Match:   24 (354+ 330- 316=)
 Yomi AI            vs * Anti-rotn         Match:   -7 (340+ 347- 313=)
 Yomi AI            vs * Copy-drift        Match:   48 (369+ 321- 310=)
 Yomi AI            vs * Add-react         Match:   43 (373+ 330- 297=)
 Yomi AI            vs * Add-drift         Match:   -3 (344+ 347- 309=)
 Yomi AI            vs Iocaine Powder      Match:  -28 (321+ 349- 330=)
 Yomi AI            vs Phasenbott          Match:  -53 (323+ 376- 301=)
 Yomi AI            vs MegaHAL             Match:    8 (350+ 342- 308=)
 Yomi AI            vs RussRocker4         Match:  -18 (345+ 363- 292=)
 Yomi AI            vs Biopic              Match:   10 (371+ 361- 268=)
 Yomi AI            vs Simple Modeller     Match:  -14 (353+ 367- 280=)
 Yomi AI            vs Simple Predictor    Match:   54 (389+ 335- 276=)
 Yomi AI            vs Robertot            Match:    5 (353+ 348- 299=)
 Yomi AI            vs Boom                Match:   36 (357+ 321- 322=)
 Yomi AI            vs Shofar              Match:   22 (353+ 331- 316=)
 Yomi AI            vs ACT-R Lag2          Match:   19 (350+ 331- 319=)
 Yomi AI            vs Majikthise          Match:  -47 (324+ 371- 305=)
 Yomi AI            vs Vroomfondel         Match:   19 (339+ 320- 341=)
 Yomi AI            vs Granite             Match:  109 (438+ 329- 233=)
 Yomi AI            vs Marble              Match:  139 (464+ 325- 211=)
 Yomi AI            vs ZQ Bot              Match:   57 (419+ 362- 219=)
 Yomi AI            vs Sweet Rocky         Match:   32 (356+ 324- 320=)
 Yomi AI            vs Piedra              Match:   20 (379+ 359- 262=)
 Yomi AI            vs Mixed Strategy      Match:   79 (392+ 313- 295=)
 Yomi AI            vs Multi-strategy      Match:  253 (510+ 257- 233=)
 Yomi AI            vs Inocencio           Match:  104 (444+ 340- 216=)
 Yomi AI            vs Peterbot            Match:   30 (353+ 323- 324=)
 Yomi AI            vs Bugbrain            Match:  -37 (330+ 367- 303=)
 Yomi AI            vs Knucklehead         Match:  468 (649+ 181- 170=)
 Final results (draw value = 50):

 Tournament results: 

    Player Name          total     1    2    3    4    5    6    7    8    9   10   11   12   13   14   15   16   17   18   19   20   21   22   23   24   25   26   27   28   29   30   31   32   33   34   35   36   37   38   39   40   41   42
  1 Iocaine Powder       10847     0  144   66   17   49   84  536  211   23   45   29  191  237   37   -1   16   28  316   52   -2  -40   15  259  207   42   -8  156   70  305  204  299  105  604   87  894  275  425  903  997  988  991  991
  2 Phasenbott            9901  -144    0   66   57   19   53  524  138   66   70   10  238  242   35  -20   44   53  271   45   22   -3   49  267  209   49  -21   53   94  364   72  280   86  397   66  927  219  120  924  983  990  993  994
  3 MegaHAL               9673   -66  -66    0  -35   16   72   84   28   67    3   29  216  249    7   -9   47   -8  264   45    3  -27   52  294  334   14  -22  187   91   70  101  255  189  346  223  844  444  394  963  990  991  998  996
  4 Simple Modeller       8911   -17  -57   35    0   15   14   23  317   21   15   12   38   39   55   20   29   14  298   73  -55   36   71  173  122  -33  -41  260  254   14  103   94  148  222  249  973  417  384  594  990  994  998 1000
  5 Biopic                8747   -49  -19  -16  -15    0   75  -29   48   37   39   86  126  142    6   -6   53  -10  129   50   34  -21   73  269  167  -68   -6  -51   50  442  120   61  145  481   95  820  305  347  848  994  996  999 1000
  6 Robertot              7835   -84  -53  -72  -14  -75    0  -45    4   -7    4   62   49    8   25    6   39   -5   89   66  -60  -12  121  288   22    8  -76   28   57  -18   57   43  191  432  142  921  460  395  866  985  994  996  998
  7 RussRocker4           7582  -536 -524  -84  -23   29   45    0   76    9   32   60  126  191  -16  -20   59   18  157   48  -22    2   38  323  142  -86   -3  171  107  132  128  355   51  468   92  950  205  313  587  993  991  998 1000
  8 Simple Predictor      7175  -211 -138  -28 -317  -48   -4  -76    0    0  -63   54   48  -24   19  -44    8  -54  170   45  -36  -59  102  220  789  -62  -14  282  275  -82   62  120  166  208  169  324  406  413  588  986  989  993  999
  9 Boom                  6979   -23  -66  -67  -21  -37    7   -9    0    0  -55   40   56   48  -47  -30   67  -36   63   49  -27  -28   36  253   56  -33  -57   18   52   -2   93   48  113  513  168  303  439  370  753  991  990  997  994
 10 ACT-R Lag2            6842   -45  -70   -3  -15  -39   -4  -32   63   55    0   51  137  140   42   -9   21  -19  107   21  -48  -13  104  258   69  -68   18  -52   24  -14  115   41   86  528  114  207  231  314  578  963  994  996  996
 11 Sweet Rocky           6446   -29  -10  -29  -12  -86  -62  -60  -54  -40  -51    0  -20  -56  -62  -53   15  -32  -32   54  -25  -39  -21   85  509  -71  -15   -4   52   30  133  256  191  113  175  436  264  420  592  996  994  995  999
 12 Granite               6264  -191 -238 -216  -38 -126  -49 -126  -48  -56 -137   20    0   17  -82  -58   40 -109  -12   83  -46  -15   37  418   71  -20  -33   68   10   78  180   54  177  287  151  906  300  393  591  994  995  998  996
 13 Marble                6182  -237 -242 -249  -39 -142   -8 -191   24  -48 -140   56  -17    0  -83  -28   29 -139   70   60  -30  -92    9  299  260  -48    8   27   44   15  145  142  177  303  157  922  229  368  592  991  998  998  992
 14 Bugbrain              6104   -37  -35   -7  -55   -6  -25   16  -19   47  -42   62   82   83    0   -9   44   37  196   36    2   -9   70  106   56   24   16   56   67   71   43   97   55   82   64  224  270  151  423  940  976  964  988
 15 Shofar                6073     1   20    9  -20    6   -6   20   44   30    9   53   58   28    9    0   49  -22   71   41    7  -33   40  140   62  -26    8    4   48  -25   36  -44  128  107   83  102  417  302  548  897  933  970  969
 16 Piedra                5885   -16  -44  -47  -29  -53  -39  -59   -8  -67  -21  -15  -40  -29  -44  -49    0  -20  -66   13  -55  -28  -13   95  -31  -43   10   21   13   20   94  363  158  182  115  429  256  375  593  991  993  998  982
 17 Yomi AI               5884   -28  -53    8  -14   10    5  -18   54   36   19   32  109  139  -37   22   20    0   57   -7  -47   19   79  253  104   25    6   -3   48  322  113   43   24  468  112   30  167  308  505  312  806 1000  836
 18 ZQ Bot                5732  -316 -271 -264 -298 -129  -89 -157 -170  -63 -107   32   12  -70 -196  -71   66  -57    0   76  -48  -90   20  289  264  -49    3   60   17   34  187  286  166  286  180  966  273  391  592  996  988  993 1000
 19 * Anti-rotn           5631   -52  -45  -45  -73  -50  -66  -48  -45  -49  -21  -54  -83  -60  -36  -41  -13    7  -76    0  -39  -17   21  245  724  -52  -45   77   67  -44  226   54   61   89  337   43  509  145  598  493  996  999  994
 20 Majikthise            4997     2  -22   -3   55  -34   60   22   36   27   48   25   46   30   -2   -7   55   47   48   39    0   39   50  143   31  -14   46    2  -13   27  107  -34  -10  198  104  -23  262  182  447   -3  995  995  994
 21 Vroomfondel           4958    40    3   27  -36   21   12   -2   59   28   13   39   15   92    9   33   28  -19   90   17  -39    0   15  203   86  -21   31  -19    6   39    1    6    4  204  144    4  254  130  459   23  989  995  975
 22 Mixed Strategy        4114   -15  -49  -52  -71  -73 -121  -38 -102  -36 -104   21  -37   -9  -70  -40   13  -79  -20  -21  -50  -15    0  -12   -9  -91  -23  -10   38   23   64   77  148  186   78  163  130  371   18  978  979  994  980
 23 Multi-strategy        2183  -259 -267 -294 -173 -269 -288 -323 -220 -253 -258  -85 -418 -299 -106 -140  -95 -253 -289 -245 -143 -203   12    0  -74  -50  -20  -25  284  -37  121   28  123   -1  327  500  468  416  999  997  997  999  999
 24 Inocencio             1718  -207 -209 -334 -122 -167  -22 -142 -789  -56  -69 -509  -71 -260  -56  -62   31 -104 -264 -724  -31  -86    9   74    0  -22  -11  -10   41  254  157   84  166  190   73   52  200  437  366  968  991  980  972
 25 * De Bruijn            687   -42  -49  -14   33   68   -8   86   62   33   68   71   20   48  -24   26   43  -25   49   52   14   21   91   50   22    0   -1  -44    2   -4  -12    8   23  -44   29    1   43  -43  128   -1   21    0 -114
 26 * Pi                   213     8   21   22   41    6   76    3   14   57  -18   15   33   -8  -16   -8  -10   -6   -3   45  -46  -31   23   20   11    1    0   22    0  -24  -46   22  -81   35   33   23    1  -39   30   22  -11  -11  -13
 27 * Add-drift          -1317  -156  -53 -187 -260   51  -28 -171 -282  -18   52    4  -68  -27  -56   -4  -21    3  -60  -77   -2   19   10   25   10   44  -22    0   19    6    9 -104  -27  -27  -31  -15   23   51  -10    4   17  -21   63
 28 * Copy-drift         -1782   -70  -94  -91 -254  -50  -57 -107 -275  -52  -24  -52  -10  -44  -67  -48  -13  -48  -17  -67   13   -6  -38 -284  -41   -2    0  -19    0   21    4  -10   20  -73  -21   28    4   34  -14  -19   31   -6   36
 29 * Foxtrot            -2025  -305 -364  -70  -14 -442   18 -132   82    2   14  -30  -78  -15  -71   25  -20 -322  -34   44  -27  -39  -23   37 -254    4   24   -6  -21    0   32  -23   23   -1   57   -1  -29  -29   -5  -18  -27   26  -13
 30 * Flat               -2722  -204  -72 -101 -103 -120  -57 -128  -62  -93 -115 -133 -180 -145  -43  -36  -94 -113 -187 -226 -107   -1  -64 -121 -157   12   46   -9   -4  -32    0  -40   -1    5   57 -131   11  -30  258  210    6    0 -418
 31 * Add-react          -2966  -299 -280 -255  -94  -61  -43 -355 -120  -48  -41 -256  -54 -142  -97   44 -363  -43 -286  -54   34   -6  -77  -28  -84   -8  -22  104   10   23   40    0   20  -43  -55  -23   17  -20   -1   -8   20   -3   -9
 32 * Text               -3151  -105  -86 -189 -148 -145 -191  -51 -166 -113  -86 -191 -177 -177  -55 -128 -158  -24 -166  -61   10   -4 -148 -123 -166  -23   81   27  -20  -23    1  -20    0  -22    2   16   11   10 -185  -74  -11 -185  112
 33 Knucklehead          -3202  -604 -397 -346 -222 -481 -432 -468 -208 -513 -528 -113 -287 -303  -82 -107 -182 -468 -286  -89 -198 -204 -186    1 -190   44  -35   27   73    1   -5   43   22    0   -2  -36   41   67  181  817  485 1000  968
 34 * Switch A Lot       -3303   -87  -66 -223 -249  -95 -142  -92 -169 -168 -114 -175 -151 -157  -64  -83 -115 -112 -180 -337 -104 -144  -78 -327  -73  -29  -33   31   21  -57  -57   55   -2    2    0 -186  -19   16   45  328   14   33   40
 35 Peterbot             -6551  -894 -927 -844 -973 -820 -921 -950 -324 -303 -207 -436 -906 -922 -224 -102 -429  -30 -966  -43   23   -4 -163 -500  -52   -1  -23   15  -28    1  131   23  -16   36  186    0  206  430  428  982  998  998 1000
 36 Always Switchin'     -7121  -275 -219 -444 -417 -305 -460 -205 -406 -439 -231 -264 -300 -229 -270 -417 -256 -167 -273 -509 -262 -254 -130 -468 -200  -43   -1  -23   -4   29  -11  -17  -11  -41   19 -206    0   38   30  503   61  -15  -29
 37 R-P-S 20-20-60       -8978  -425 -120 -394 -384 -347 -395 -313 -413 -370 -314 -420 -393 -368 -151 -302 -375 -308 -391 -145 -182 -130 -371 -416 -437   43   39  -51  -34   29   30   20  -10  -67  -16 -430  -38    0 -404 -125   23 -395  272
 38 Beat Frequent Pick  -14012  -903 -924 -963 -594 -848 -866 -587 -588 -753 -578 -592 -591 -592 -423 -548 -593 -505 -592 -598 -447 -459  -18 -999 -366 -128  -30   10   14    5 -258    1  185 -181  -45 -428  -30  404    0 -600    0  999  997
 39 Beat The Last Move  -20469  -997 -983 -990 -990 -994 -985 -993 -986 -991 -963 -996 -994 -991 -940 -897 -991 -312 -996 -493    3  -23 -978 -997 -968    1  -22   -4   19   18 -210    8   74 -817 -328 -982 -503  125  600    0    1 1000  996
 40 Rotate R-P-S        -25820  -988 -990 -991 -994 -996 -994 -991 -989 -990 -994 -994 -995 -998 -976 -933 -993 -806 -988 -996 -995 -989 -979 -997 -991  -21   11  -17  -31   27   -6  -20   11 -485  -14 -998  -61  -23    0   -1    0    0 -645
 41 Good Ole Rock       -26257  -991 -993 -998 -998 -999 -996 -998 -993 -997 -996 -995 -998 -998 -964 -970 -998 -1000 -993 -999 -995 -995 -994 -999 -980    0   11   21    6  -26    0    3  185 -1000  -33 -998   15  395 -999 -1000    0    0 1000
 42 * Anti-Flat         -27887  -991 -994 -996 -1000 -1000 -998 -1000 -999 -994 -996 -999 -996 -992 -988 -969 -982 -836 -1000 -994 -994 -975 -980 -999 -972  114   13  -63  -36   13  418    9 -112 -968  -40 -1000   29 -272 -997 -996  645 -1000    0

 Match results (draw <= 50): 

    Player Name           total  W  L  D   1  2  3  4  5  6  7  8  9 10 11 12 13 14 15 16 17 18 19 20 21 22 23 24 25 26 27 28 29 30 31 32 33 34 35 36 37 38 39 40 41 42
  1 Phasenbott              69  29  1 11   1  0  2  1  1  2  2  2  2  1  2  1  1  2  2  2  1  1  2  1  1  2  1  1  2  2  2  2  2  2  2  2  2  2  2  2  2  2  2  2  2  2
  2 Iocaine Powder          68  27  0 14   2  1  2  1  1  2  1  1  1  1  1  1  1  2  2  2  1  2  2  1  1  2  1  1  2  2  2  2  2  2  2  2  2  2  2  2  2  2  2  2  2  2
  3 MegaHAL                 64  25  2 14   0  0  1  1  1  2  1  1  1  1  2  1  1  2  1  2  1  1  2  1  1  2  2  1  2  2  2  2  2  2  2  2  2  2  2  2  2  2  2  2  2  2
  4 Biopic                  62  23  2 16   1  1  1  1  1  1  1  1  1  1  1  1  1  2  1  2  2  1  2  2  0  2  2  1  2  2  0  2  2  1  2  2  2  2  2  2  2  2  2  2  2  2
  5 Bugbrain                62  22  1 18   1  1  1  1  1  1  0  1  1  1  1  1  1  1  1  2  1  1  2  2  1  2  2  1  2  2  2  2  2  2  2  2  1  2  2  2  2  2  2  2  2  2
  6 RussRocker4             61  24  4 13   0  0  0  1  1  1  1  1  1  1  1  1  1  1  2  2  2  1  2  2  0  2  1  1  2  2  2  2  2  2  2  2  2  2  2  2  2  2  2  2  2  2
  7 Simple Modeller         61  22  2 17   0  1  1  1  2  1  1  1  1  1  1  0  1  1  2  1  1  2  1  1  1  2  2  1  2  1  2  2  2  2  2  2  2  2  2  2  2  2  2  2  2  2
  8 ACT-R Lag2              59  21  3 17   0  1  1  1  1  1  1  1  1  1  2  1  1  1  2  2  1  1  2  2  0  2  2  1  2  1  0  2  2  1  1  2  2  2  2  2  2  2  2  2  2  2
  9 Yomi AI                 58  18  1 22   0  1  1  1  1  1  1  1  1  1  1  1  1  1  2  2  1  1  2  1  1  2  2  1  2  2  1  2  1  1  1  2  2  1  2  2  2  2  2  2  2  2
 10 Shofar                  57  16  0 25   1  1  1  1  1  1  1  1  1  1  1  1  1  1  1  1  1  1  2  2  1  2  1  1  2  1  1  2  2  1  1  2  1  2  2  2  2  2  2  2  2  2
 11 Boom                    55  18  4 19   0  1  0  1  1  1  1  0  1  1  1  1  1  1  1  1  2  1  2  1  1  2  1  0  2  1  1  2  2  2  1  2  2  2  2  2  2  2  2  2  2  2
 12 Majikthise              54  13  0 28   1  1  1  1  1  1  2  1  1  1  1  1  1  2  1  1  2  1  1  1  1  1  1  1  1  1  1  2  1  1  1  2  2  1  1  2  2  2  2  2  2  2
 13 Vroomfondel             54  13  0 28   1  1  1  1  1  1  1  1  1  1  1  1  1  1  2  2  1  1  1  1  1  2  1  1  2  1  1  2  1  1  1  2  1  1  1  2  2  2  2  2  2  2
 14 Robertot                53  18  6 17   0  0  0  0  1  1  1  1  1  1  1  0  1  1  1  1  1  2  1  2  1  2  2  0  1  1  1  2  2  2  1  2  2  2  2  2  2  2  2  2  2  2
 15 Simple Predictor        52  20  9 12   0  0  1  1  1  0  0  0  0  1  1  1  0  1  1  1  1  1  1  2  0  2  2  1  2  0  2  2  2  2  2  2  2  2  2  2  2  2  2  2  2  2
 16 Marble                  50  18  9 14   0  0  0  0  0  0  1  0  0  1  1  1  0  1  1  1  1  2  1  2  1  2  1  1  2  1  1  2  2  1  2  2  2  2  2  2  2  2  2  2  2  2
 17 Piedra                  50  14  5 22   1  1  1  0  1  0  1  1  1  1  0  0  1  1  1  1  1  1  1  1  1  0  1  1  1  1  1  2  2  1  2  2  2  2  2  2  2  2  2  2  2  2
 18 * Anti-rotn             49  16  8 17   1  0  1  1  1  1  0  1  1  1  1  1  1  0  1  0  1  1  0  0  0  0  1  1  2  1  2  2  1  2  2  2  2  2  2  2  2  2  2  2  2  2
 19 Granite                 49  18 10 13   0  0  0  0  0  0  1  0  0  0  0  1  1  1  1  1  1  2  1  1  1  1  1  1  2  2  2  2  2  1  2  2  2  2  2  2  2  2  2  2  2  2
 20 Sweet Rocky             49  17  9 15   1  1  1  0  0  0  1  0  1  0  1  1  1  0  0  0  1  2  1  1  0  1  1  1  2  1  1  2  2  2  2  2  2  2  2  2  2  2  2  2  2  2
 21 * De Bruijn             48   8  1 32   1  1  1  2  1  2  1  2  1  1  1  1  1  1  2  1  1  2  1  2  1  1  2  1  1  1  1  1  1  1  1  1  1  1  1  1  2  1  1  1  1  0
 22 ZQ Bot                  44  18 15  8   0  0  0  0  0  0  0  0  0  0  0  1  0  0  0  0  2  2  1  1  1  1  1  1  2  1  2  2  2  1  2  2  2  2  2  2  2  2  2  2  2  2
 23 Mixed Strategy          44  12  9 20   1  1  0  0  0  1  0  0  0  1  1  1  1  0  0  1  1  1  1  1  0  1  1  1  1  1  1  1  2  1  2  2  2  2  2  2  1  2  2  2  2  2
 24 * Pi                    42   2  1 38   1  1  1  1  1  1  1  1  1  1  2  1  1  2  1  1  1  1  1  1  1  1  1  1  1  1  1  1  1  1  1  1  1  0  1  1  1  1  1  1  1  1
 25 Inocencio               38  15 18  8   0  0  0  0  0  0  0  0  0  0  0  1  0  1  0  0  1  0  0  0  1  0  1  1  1  2  1  2  2  1  2  2  2  2  2  2  2  2  2  2  2  2
 26 * Foxtrot               34   2  9 30   0  0  0  0  0  0  1  1  0  1  1  1  1  1  2  1  1  1  0  1  1  1  1  1  0  1  1  1  1  1  1  1  1  1  1  1  1  2  1  1  1  1
 27 * Add-drift             34   4 11 26   0  0  0  2  0  0  0  2  1  1  1  1  1  1  0  1  1  0  0  1  1  0  1  1  1  1  1  1  1  1  0  1  1  1  1  1  1  1  1  1  2  2
 28 Multi-strategy          31  12 22  7   0  0  0  0  0  0  0  0  0  0  0  0  0  0  0  0  0  0  0  0  1  0  1  1  0  1  1  1  2  2  1  1  2  2  2  2  2  2  2  2  2  2
 29 Peterbot                30   9 20 12   0  0  0  0  0  0  0  0  1  0  0  1  1  0  0  0  0  1  0  0  1  0  0  1  0  1  1  0  1  1  1  1  2  1  2  2  2  2  2  2  2  2
 30 * Copy-drift            28   0 13 28   0  0  0  1  0  0  0  1  1  1  0  1  1  0  0  1  1  0  1  0  1  1  1  1  1  1  1  0  1  1  1  0  1  1  1  1  1  1  1  1  1  1
 31 * Add-react             25   1 17 23   0  0  0  0  0  0  0  1  1  1  1  1  1  1  0  0  0  0  0  0  1  0  0  1  0  1  2  1  1  1  1  1  1  1  1  1  1  0  1  1  1  1
 32 Knucklehead             25   7 23 11   0  0  0  0  0  0  0  0  0  0  0  0  0  0  0  0  0  0  0  0  1  0  0  1  0  1  1  1  1  2  1  1  1  1  2  1  2  1  2  2  2  2
 33 * Flat                  21   3 23 15   0  0  0  0  1  0  0  0  0  1  0  0  1  0  0  0  0  0  0  0  1  0  0  1  0  1  1  0  0  1  1  1  1  1  2  1  2  2  1  1  1  0
 34 * Text                  19   2 24 15   0  0  0  0  0  0  0  0  1  0  0  1  1  0  0  0  0  0  0  0  1  0  0  2  0  1  1  0  1  1  1  1  1  1  0  1  0  1  0  1  1  2
 35 Beat The Last Move      19   5 27  9   0  0  0  0  0  0  0  0  0  0  0  1  1  0  0  0  0  0  0  0  1  0  0  1  0  1  1  0  0  1  1  0  0  2  1  0  2  0  2  1  2  2
 36 Always Switchin'        18   2 25 14   0  0  0  0  0  0  0  0  0  0  0  0  0  0  0  0  0  0  0  0  1  0  0  1  0  1  1  0  0  1  1  1  1  1  2  1  1  1  1  2  1  1
 37 Beat Frequent Pick      17   4 28  9   0  0  0  0  0  0  0  0  0  0  0  0  0  0  0  0  0  0  0  0  0  0  1  1  0  1  1  0  0  1  1  0  0  2  0  1  1  1  2  1  2  2
 38 * Switch A Lot          16   2 27 12   0  0  0  0  0  0  0  0  0  0  0  0  0  0  0  0  0  0  0  0  1  0  0  1  0  0  1  0  0  1  2  1  0  1  2  1  1  1  1  1  1  1
 39 Good Ole Rock           16   3 28 10   0  0  0  0  0  0  0  0  0  0  0  0  0  0  0  0  0  0  0  0  1  0  0  1  0  1  1  0  0  1  1  0  1  2  0  1  0  1  1  1  2  2
 40 Rotate R-P-S            13   0 28 13   0  0  0  0  0  0  0  0  0  0  0  0  0  0  0  0  0  0  0  0  1  0  0  1  0  1  1  0  0  1  1  0  1  1  1  0  1  1  1  1  1  0
 41 R-P-S 20-20-60          12   1 30 10   0  0  0  0  0  0  0  0  0  0  0  0  0  0  0  0  0  0  0  0  1  0  0  1  0  1  0  0  0  1  1  0  1  1  0  1  0  1  0  1  1  2
 42 * Anti-Flat             12   3 32  6   0  0  0  0  0  0  0  0  0  0  0  0  0  0  0  0  0  0  0  0  2  0  0  1  0  1  0  0  0  1  1  0  2  0  0  1  0  1  0  2  0  1


   Yomi AI is match ranked 9

 Tournament results:
    Player Name          total 
  1 Yomi AI               5884 
 19 Iocaine Powder       10847 
 20 Phasenbott            9901 
 21 MegaHAL               9673 
 22 RussRocker4           7582 
 23 Biopic                8747 
 24 Simple Modeller       8911 
 25 Simple Predictor      7175 
 26 Robertot              7835 
 27 Boom                  6979 
 28 Shofar                6073 
 29 ACT-R Lag2            6842 
 32 Granite               6264 
 33 Marble                6182 
 35 Sweet Rocky           6446 
 36 Piedra                5885 
 41 Bugbrain              6104 

   Yomi is tournament ranked 17

