 Playing 1 tournaments with 1000 trials per match...

 Yomi AI            vs Good Ole Rock       Match: 1000 (1000+   0-   0=)
 Yomi AI            vs R-P-S 20-20-60      Match:  360 (571+ 211- 218=)
 Yomi AI            vs Rotate R-P-S        Match:  982 (985+   3-  12=)
 Yomi AI            vs Beat The Last Move  Match:  115 (413+ 298- 289=)
 Yomi AI            vs Always Switchin'    Match:  213 (481+ 268- 251=)
 Yomi AI            vs Beat Frequent Pick  Match:  549 (723+ 174- 103=)
 Yomi AI            vs * Pi                Match:  -34 (317+ 351- 332=)
 Yomi AI            vs * Switch A Lot      Match:  118 (412+ 294- 294=)
 Yomi AI            vs * Flat              Match:  181 (463+ 282- 255=)
 Yomi AI            vs * Anti-Flat         Match:  999 (999+   0-   1=)
 Yomi AI            vs * Foxtrot           Match:  357 (561+ 204- 235=)
 Yomi AI            vs * De Bruijn         Match:  -12 (320+ 332- 348=)
 Yomi AI            vs * Text              Match:   75 (390+ 315- 295=)
 Yomi AI            vs * Anti-rotn         Match:    3 (324+ 321- 355=)
 Yomi AI            vs * Copy-drift        Match:  -13 (325+ 338- 337=)
 Yomi AI            vs * Add-react         Match:   35 (354+ 319- 327=)
 Yomi AI            vs * Add-drift         Match:   15 (333+ 318- 349=)
 Yomi AI            vs Iocaine Powder      Match:  -19 (326+ 345- 329=)
 Yomi AI            vs Phasenbott          Match:   -8 (332+ 340- 328=)
 Yomi AI            vs MegaHAL             Match:   56 (377+ 321- 302=)
 Yomi AI            vs RussRocker4         Match:   13 (360+ 347- 293=)
 Yomi AI            vs Biopic              Match:    6 (354+ 348- 298=)
 Yomi AI            vs Simple Modeller     Match:    8 (347+ 339- 314=)
 Yomi AI            vs Simple Predictor    Match:   58 (374+ 316- 310=)
 Yomi AI            vs Robertot            Match:    5 (370+ 365- 265=)
 Yomi AI            vs Boom                Match:   12 (345+ 333- 322=)
 Yomi AI            vs Shofar              Match:  -24 (325+ 349- 326=)
 Yomi AI            vs ACT-R Lag2          Match:   -6 (332+ 338- 330=)
 Yomi AI            vs Majikthise          Match:   19 (345+ 326- 329=)
 Yomi AI            vs Vroomfondel         Match:   11 (345+ 334- 321=)
 Yomi AI            vs Granite             Match:  148 (460+ 312- 228=)
 Yomi AI            vs Marble              Match:  115 (441+ 326- 233=)
 Yomi AI            vs ZQ Bot              Match:   29 (354+ 325- 321=)
 Yomi AI            vs Sweet Rocky         Match:   13 (361+ 348- 291=)
 Yomi AI            vs Piedra              Match:   49 (393+ 344- 263=)
 Yomi AI            vs Mixed Strategy      Match:   45 (368+ 323- 309=)
 Yomi AI            vs Multi-strategy      Match:  188 (457+ 269- 274=)
 Yomi AI            vs Inocencio           Match:   34 (377+ 343- 280=)
 Yomi AI            vs Peterbot            Match:   91 (399+ 308- 293=)
 Yomi AI            vs Bugbrain            Match:  -14 (331+ 345- 324=)
 Yomi AI            vs Knucklehead         Match:  424 (613+ 189- 198=)
 Final results (draw value = 50):

 Tournament results: 

    Player Name          total     1    2    3    4    5    6    7    8    9   10   11   12   13   14   15   16   17   18   19   20   21   22   23   24   25   26   27   28   29   30   31   32   33   34   35   36   37   38   39   40   41   42
  1 Iocaine Powder       10898     0  148   57   36   40    6  543   41  175   19   64  297  216    3   19    1   -6   48  324   26   22    7  201  332    8  -13  163  201  340  187  579   91   78  316  875  213  340  944  987  988  994  988
  2 Phasenbott            9935  -148    0  130   15   62   48  520  -20  162   54   48  214  226   61    8   38   53   48  280   19   19   33  159  216   47    5   97  130  339   55  337   78   80  351  908  202  139  951  991  994  995  991
  3 MegaHAL               9515   -57 -130    0   51  -14   45   84   30   32   40  -18  292  228   21  -56   57   24   64  274   40  -32   29  210  212  -18  -17  201   76   91  107  379  142  202  287  915  435  391  929  990  987  998  994
  4 Biopic                8758   -36  -15  -51    0   25   19   29  -53   65   41    6  143  182    1   -6   29   60   38   91   56   10  -11   94  260   12   20   -7   60  430  172  486  142  113   81  806  331  368  805  994  994  999  975
  5 Simple Modeller       8092   -40  -62   14  -25    0    6   -2    3  238   66    0   63   80    6   -8   63   52   65  295   66  -10   16   67  179   -2    2  215  255  -66  138  220  131  231   93  316  454  404  593  993  991  997  995
  6 Robertot              7938    -6  -48  -45  -19   -6    0    1  -38   50   30  -65   20   88   22   -5  -16   51   41   84   62    3  -25   23  311  -14  -19   92   82   35   57  395  169   42   93  868  445  408  822  967  992 1000  991
  7 RussRocker4           7750  -543 -520  -84  -29    2   -1    0   14  109   24   26  142  131  -10  -13   21   33   41  178   28  -11    4  162  243  -47   -2  106  167  135  124  500   51   98  312  945  255  277  898  993  991 1000 1000
  8 Boom                  7545   -41   20  -30   53   -3   38  -14    0  -48   25  -47    5   40    4  -12  -20   -9   16   95  123  -37  -25   21  142    3   38    0   35   13  -14  372   82  153  124  881  438  393  753  991  990  997 1000
  9 Simple Predictor      7017  -175 -162  -32  -65 -238  -50 -109   48    0   20  -66   37    3  -25  -58   25   40   47  200   76    4   46  187  179  -73   19  314  250   -7   92  335  149  202  118  316  400  417  588  984  990  993  998
 10 Sweet Rocky           6556   -19  -54  -40  -41  -66  -30  -24  -25  -20    0  -44  -48  -65  -49  -13  -77   39   39    0  -31  -33  -41  -53  134   -2   20   52   50  -61  154  164  171  119  347  857  274  413  592  986  991  996  994
 11 ACT-R Lag2            6454   -64  -48   18   -6    0   65  -26   47   66   44    0  110  123  -18    6   21   52   19   81   31    4   18  559  187  -72  -52   30    3  -69  134  534  105  153   22  212  286  294  574   26  994  993  998
 12 Marble                6439  -297 -214 -292 -143  -63  -20 -142   -5  -37   48 -110    0   12  -21 -115  -87   44   56   57   17   -9    2  440  267   33   -9  -30   43   77  128  269  177  173   79  913  215  409  594  994  991 1000  995
 13 Granite               6377  -216 -226 -228 -182  -80  -88 -131  -40   -3   65 -123  -12    0  -16 -148 -103   45   41   33   25  -45  -57  650  309  -33  -11   39    7   71  115  304  176  182   90  799  213  382  594  994  995  998  992
 14 Shofar                6253    -3  -61  -21   -1   -6  -22   10   -4   25   49   18   21   16    0   24  -10   43   33    7   41  -23  -24   41   99   18    0   91   72   24  172  123   83  155   61  231  411  267  558  900  923  974  938
 15 Yomi AI               6196   -19   -8   56    6    8    5   13   12   58   13   -6  115  148  -24    0  -14   49    3   29   45   11   19   34  188  -12  -34   15  -13  357  181  424   75  118   35   91  213  360  549  115  982 1000  999
 16 Bugbrain              5821    -1  -38  -57  -29  -63   16  -21   20  -25   77  -21   87  103   10   14    0   34   53  162   75  -22   -2    8  140    2  -26  138   96  -54   19  106   25  118   93  248  191  130  380  940  940  981  974
 17 Piedra                5552     6  -53  -24  -60  -52  -51  -33    9  -40  -39  -52  -44  -45  -43  -49  -34    0   36  -62   50  -11  -30  -37   77  -39  -48   55    2   21  112  164  186  122  181  179  177  446  596  994  994  997  994
 18 * Anti-rotn           5454   -48  -48  -64  -38  -65  -41  -41  -16  -47  -39  -19  -56  -41  -33   -3  -53  -36    0  -65  -14    9  -31  688  273  -51  -42  -12    3  -40  182   71   59  284   22   88  526  109  597  492 1000  998  996
 19 ZQ Bot                5253  -324 -280 -274  -91 -295  -84 -178  -95 -200    0  -81  -57  -33   -7  -29 -162   62   65    0  -37  -34  -55   10  220  -28  -68  110   13   41  156  333  171  108  276  870  266  391  595 1000  994  994  990
 20 Mixed Strategy        5034   -26  -19  -40  -56  -66  -62  -28 -123  -76   31  -31  -17  -25  -41  -45  -75  -50   14   37    0   -3  -33  -30   43  -21  -50   27   57  -27   39  183  136   94  -34  294  191  427  520  979  956  989  995
 21 Vroomfondel           4764   -22  -19   32  -10   10   -3   11   37   -4   33   -4    9   45   23  -11   22   11   -9   34    3    0  -21   25  223  -22  -40    2   -5   30   58  164   43   74   55   62  269  191  471   15  994  996  992
 22 Majikthise            4619    -7  -33  -29   11  -16   25   -4   25  -46   41  -18   -2   57   24  -19    2   30   31   55   33   21    0   45  142  -16   39   -5   21    2   69  199   31   94   20   12  287  141  424  -42  986  993  996
 23 Inocencio             2524  -201 -159 -210  -94  -67  -23 -162  -21 -187   53 -559 -440 -650  -41  -34   -8   37 -688  -10   30  -25  -45    0   48  -24  -33   58   70  324  107  170  152    5  108  134  266  392  355  953  979  980  984
 24 Multi-strategy        2170  -332 -216 -212 -260 -179 -311 -243 -142 -179 -134 -187 -267 -309  -99 -188 -140  -77 -273 -220  -43 -223 -142  -48    0  -50  -20  -40  265   -7  182    9  123  229    4   -3  503  408  999  997  997  999  999
 25 * De Bruijn            443    -8  -47   18  -12    2   14   47   -3   73    2   72  -33   33  -18   12   -2   39   51   28   21   22   16   24   50    0   -1  -13  -18  -26    8   52   23   10   -4   -3  -16  -13  128   -1   21    0 -105
 26 * Pi                   313    13   -5   17  -20   -2   19    2  -38  -19  -20   52    9   11    0   34   26   48   42   68   50   40  -39   33   20    1    0  -14   -2   10   33  -23  -81   37   -8   11  -20    9   30   22  -11  -11  -11
 27 * Add-drift          -1721  -163  -97 -201    7 -215  -92 -106    0 -314  -52  -30   30  -39  -91  -15 -138  -55   12 -110  -27   -2    5  -58   40   13   14    0  -46  -33  -16  -42   20   -7    5   12  -22    5  -13   52   76    4  -32
 28 * Copy-drift         -2053  -201 -130  -76  -60 -255  -82 -167  -35 -250  -50   -3  -43   -7  -72   13  -96   -2   -3  -13  -57    5  -21  -70 -265   18    2   46    0  -31  -19  -83   11   23   17  -44  -39   -8   13   16  -30    2   -7
 29 * Foxtrot            -2102  -340 -339  -91 -430   66  -35 -135  -13    7   61   69  -77  -71  -24 -357   54  -21   40  -41   27  -30   -2 -324    7   26  -10   33   31    0   -7  -27   10    2  -41  -31  -23  -21    6   -9   -6  -31   -5
 30 * Flat               -2703  -187  -55 -107 -172 -138  -57 -124   14  -92 -154 -134 -128 -115 -172 -181  -19 -112 -182 -156  -39  -58  -69 -107 -182   -8  -33   16   19    7    0    5  -34   33  -23 -158   15   44  236  217  109   -1 -421
 31 Knucklehead          -2981  -579 -337 -379 -486 -220 -395 -500 -372 -335 -164 -534 -269 -304 -123 -424 -106 -164  -71 -333 -183 -164 -199 -170   -9  -52   23   42   83   27   -5    0  -21  -11   31  -18  -56   64  113  925  728 1000  966
 32 * Text               -3019   -91  -78 -142 -142 -131 -169  -51  -82 -149 -171 -105 -177 -176  -83  -75  -25 -186  -59 -171 -136  -43  -31 -152 -123  -23   81  -20  -11  -10   34   21    0   17   -2   10  -13  -12 -185  -74  -11 -185  112
 33 * Switch A Lot       -3039   -78  -80 -202 -113 -231  -42  -98 -153 -202 -119 -153 -173 -182 -155 -118 -118 -122 -284 -108  -94  -74  -94   -5 -229  -10  -37    7  -23   -2  -33   11  -17    0   29 -173   17   81   13  363  -24  -15    1
 34 * Add-react          -3293  -316 -351 -287  -81  -93  -93 -312 -124 -118 -347  -22  -79  -90  -61  -35  -93 -181  -22 -276   34  -55  -20 -108   -4    4    8   -5  -17   41   23  -31    2  -29    0  -36    5  -44    9  -39  -67   16    1
 35 Peterbot             -6414  -875 -908 -915 -806 -316 -868 -945 -881 -316 -857 -212 -913 -799 -231  -91 -248 -179  -88 -870 -294  -62  -12 -134    3    3  -11  -12   44   31  158   18  -10  173   36    0  238  385  430  963  998  999  960
 36 Always Switchin'     -7038  -213 -202 -435 -331 -454 -445 -255 -438 -400 -274 -286 -215 -213 -411 -213 -191 -177 -526 -266 -191 -269 -287 -266 -503   16   20   22   39   23  -15   56   13  -17   -5 -238    0   31    6  522  -18   -2  -30
 37 R-P-S 20-20-60       -9045  -340 -139 -391 -368 -404 -408 -277 -393 -417 -413 -294 -409 -382 -267 -360 -130 -446 -109 -391 -427 -191 -141 -392 -408   13   -9   -5    8   21  -44  -64   12  -81   44 -385  -31    0 -401 -170  -15 -419  378
 38 Beat Frequent Pick  -14670  -944 -951 -929 -805 -593 -822 -898 -753 -588 -592 -574 -594 -594 -558 -549 -380 -596 -597 -595 -520 -471 -424 -355 -999 -128  -30   13  -13   -6 -236 -113  185  -13   -9 -430   -6  401    0 -600    0  999  997
 39 Beat The Last Move  -19423  -987 -991 -990 -994 -993 -967 -993 -991 -984 -986  -26 -994 -994 -900 -115 -940 -994 -492 -1000 -979  -15   42 -953 -997    1  -22  -52  -16    9 -217 -925   74 -363   39 -963 -522  170  600    0    1 1000  996
 40 Rotate R-P-S        -26033  -988 -994 -987 -994 -991 -992 -991 -990 -990 -991 -994 -991 -995 -923 -982 -940 -994 -1000 -994 -956 -994 -986 -979 -997  -21   11  -76   30    6 -109 -728   11   24   67 -998   18   15    0   -1    0    0 -649
 41 Good Ole Rock       -26218  -994 -995 -998 -999 -997 -1000 -1000 -997 -993 -996 -993 -1000 -998 -974 -1000 -981 -997 -998 -994 -989 -996 -993 -980 -999    0   11   -4   -2   31    1 -1000  185   15  -16 -999    2  419 -999 -1000    0    0  999
 42 * Anti-Flat         -27918  -988 -991 -994 -975 -995 -991 -1000 -1000 -998 -994 -998 -995 -992 -938 -999 -974 -994 -996 -990 -995 -992 -996 -984 -999  105   11   32    7    5  421 -966 -112   -1   -1 -960   30 -378 -997 -996  649 -999    0

 Match results (draw <= 50): 

    Player Name           total  W  L  D   1  2  3  4  5  6  7  8  9 10 11 12 13 14 15 16 17 18 19 20 21 22 23 24 25 26 27 28 29 30 31 32 33 34 35 36 37 38 39 40 41 42
  1 Phasenbott              68  28  1 12   1  0  2  2  1  2  1  1  1  1  2  1  1  1  2  2  2  2  1  2  1  2  1  2  1  2  2  2  2  2  2  2  2  2  2  2  2  2  2  2  2  2
  2 Iocaine Powder          67  26  0 15   2  1  1  2  1  2  1  1  1  1  1  2  1  1  2  2  1  1  1  2  1  2  1  2  1  2  2  2  2  2  2  2  2  2  2  2  2  2  2  2  2  2
  3 Simple Modeller         65  26  2 13   0  1  1  1  1  1  1  1  2  1  1  1  1  1  2  2  2  2  2  2  2  2  1  2  1  0  2  2  2  2  2  2  2  2  2  2  2  2  2  2  2  2
  4 MegaHAL                 63  25  3 13   0  0  1  1  2  2  0  1  2  1  1  1  1  1  1  2  1  1  2  2  1  2  1  2  1  2  2  2  2  2  2  2  2  2  2  2  2  2  2  2  2  2
  5 Biopic                  62  23  2 16   1  1  1  0  1  1  1  1  1  0  1  1  1  1  2  2  1  2  1  2  2  2  1  2  1  2  2  1  2  2  2  2  2  2  2  2  2  2  2  2  2  2
  6 RussRocker4             60  22  3 16   0  0  1  0  1  1  1  1  1  1  1  1  1  1  2  2  1  1  1  2  1  2  1  2  1  2  2  2  2  2  2  2  2  2  2  2  2  2  2  2  2  2
  7 Yomi AI                 59  18  0 23   1  1  1  2  1  1  1  1  1  1  1  1  1  1  2  2  1  1  1  2  1  1  1  1  1  2  2  1  2  1  2  1  2  2  2  2  2  2  2  2  2  2
  8 Robertot                59  19  1 21   1  1  1  1  1  1  1  1  1  1  1  0  1  1  1  1  1  2  1  2  2  1  1  2  1  1  2  2  2  2  2  2  2  1  2  2  2  2  2  2  2  2
  9 Bugbrain                58  20  3 18   1  1  0  0  1  1  1  1  1  1  1  1  1  1  1  2  2  1  2  2  2  1  1  2  1  0  2  2  2  2  2  2  1  2  2  1  2  2  2  2  2  2
 10 Boom                    57  16  0 25   1  1  1  1  2  1  1  1  1  1  1  1  1  1  1  1  1  1  1  1  2  1  1  2  1  1  2  1  2  1  2  2  1  2  2  2  2  2  2  2  2  2
 11 Shofar                  56  16  1 24   0  1  1  1  1  1  1  1  1  1  1  1  1  1  1  1  1  1  1  1  1  1  1  1  1  1  2  2  2  2  2  2  2  2  2  2  2  2  2  2  2  2
 12 ACT-R Lag2              56  19  4 18   1  0  1  1  1  1  1  2  1  1  1  1  1  1  2  2  1  2  1  2  1  2  0  2  0  0  2  1  2  1  2  1  2  2  1  2  2  2  2  2  2  2
 13 Majikthise              53  12  0 29   1  1  1  1  1  1  1  1  1  1  1  1  1  1  1  1  1  1  1  2  1  1  1  2  1  1  2  1  1  1  2  1  2  2  1  1  2  2  2  2  2  2
 14 Vroomfondel             53  12  0 29   1  1  1  1  1  1  1  1  1  1  1  1  1  1  1  1  1  1  1  1  1  1  1  1  1  1  2  1  2  1  2  2  2  2  1  1  2  2  2  2  2  2
 15 Simple Predictor        52  19  8 14   0  0  0  1  0  0  0  1  1  1  1  0  1  1  1  1  1  1  1  1  2  2  0  2  1  1  2  2  2  2  2  2  2  2  2  2  2  2  2  2  2  2
 16 Marble                  50  18  9 14   0  0  0  0  0  0  0  1  0  1  1  0  1  1  1  1  1  1  2  1  1  2  1  2  1  2  2  1  2  1  2  2  2  2  2  2  2  2  2  2  2  2
 17 Sweet Rocky             50  15  6 20   0  1  0  1  1  1  1  1  0  1  1  1  1  1  1  1  1  1  1  0  1  0  1  1  1  0  2  2  2  1  2  2  2  2  2  2  2  2  2  2  2  2
 18 Piedra                  50  15  6 20   0  1  0  1  0  1  1  0  1  1  1  0  1  1  1  1  1  1  1  1  1  1  1  0  1  1  2  2  2  1  2  2  2  2  2  2  2  2  2  2  2  2
 19 * Anti-rotn             49  14  6 21   1  1  0  0  1  1  1  1  0  1  1  1  1  1  1  0  1  1  1  1  1  2  0  0  1  1  2  1  2  1  2  1  2  2  2  2  2  2  2  2  2  2
 20 Granite                 47  17 11 13   0  0  0  0  0  0  0  0  0  1  1  0  0  1  1  1  2  1  1  1  1  2  1  1  1  2  2  1  2  1  2  2  2  2  2  2  2  2  2  2  2  2
 21 Mixed Strategy          47  12  6 23   1  1  0  1  0  1  1  0  0  0  1  1  1  1  0  1  1  1  1  1  1  1  1  1  1  1  1  1  2  2  2  1  1  2  2  2  2  2  2  2  2  2
 22 Inocencio               46  16 11 14   0  0  0  0  0  0  1  1  1  1  1  0  1  1  0  0  2  1  0  0  1  1  1  1  1  2  1  2  2  2  2  2  2  1  2  2  2  2  2  2  2  2
 23 * De Bruijn             45   5  1 35   1  1  1  1  1  1  1  1  1  1  1  2  1  1  2  1  1  1  2  1  1  1  1  1  1  1  1  1  1  1  2  1  1  1  1  1  1  2  1  1  0  1
 24 ZQ Bot                  44  17 14 10   0  0  0  0  0  0  1  0  0  0  1  0  0  1  0  0  1  2  2  1  1  1  1  1  0  1  2  2  2  1  2  2  2  2  2  2  2  2  2  2  2  2
 25 * Pi                    42   2  1 38   1  1  1  1  1  1  1  1  1  1  1  2  1  1  1  1  1  1  1  1  1  1  1  2  1  1  1  1  1  1  1  1  1  1  1  0  1  1  1  1  1  1
 26 * Foxtrot               36   4  9 28   0  0  2  0  0  0  0  1  2  1  1  2  1  1  1  0  2  1  1  0  1  0  1  1  1  1  1  1  1  1  1  1  1  1  1  1  1  1  1  1  1  1
 27 Multi-strategy          31  11 21  9   0  0  0  0  0  0  0  0  0  0  0  0  0  0  0  0  0  0  0  0  1  1  1  0  1  1  1  1  1  2  1  1  2  2  2  2  2  2  2  2  2  2
 28 * Add-drift             30   2 13 26   0  0  0  0  1  0  1  0  0  1  0  1  1  1  0  1  0  0  1  1  1  0  1  0  1  1  1  1  1  1  1  1  1  1  2  1  1  1  1  2  1  1
 29 Peterbot                28   9 22 10   0  0  0  0  0  0  0  0  0  0  0  0  1  0  0  0  0  0  0  0  0  0  1  0  1  1  1  1  1  1  1  1  2  2  2  1  2  2  2  2  2  2
 30 * Copy-drift            27   0 14 27   0  0  0  0  0  0  1  0  0  1  0  1  1  1  0  1  1  1  1  1  0  0  1  1  1  1  0  1  1  1  0  1  1  1  1  1  1  1  1  1  1  1
 31 Knucklehead             23   7 25  9   0  0  0  0  0  0  0  0  0  0  0  0  0  0  0  0  0  0  0  0  0  0  0  0  1  1  1  1  1  2  1  1  1  1  2  1  0  2  2  2  2  2
 32 * Add-react             22   0 19 22   0  0  0  0  0  0  1  0  0  0  0  1  1  0  0  0  0  0  1  0  1  0  1  0  1  1  1  1  1  1  1  1  1  1  1  1  1  1  1  0  1  1
 33 * Flat                  21   3 23 15   0  0  0  0  0  0  0  0  1  1  0  0  0  0  0  0  0  0  0  0  1  0  1  0  1  1  0  1  0  1  1  1  1  1  2  1  1  2  1  2  0  1
 34 * Switch A Lot          20   2 23 16   0  0  0  0  0  0  0  1  0  0  0  0  0  0  0  0  0  0  0  0  0  1  1  0  1  1  0  1  0  1  1  1  1  1  2  1  1  1  1  1  1  2
 35 Beat The Last Move      19   5 27  9   0  0  0  0  0  0  0  0  0  0  0  1  1  1  0  0  0  0  0  0  0  0  1  0  1  1  0  0  0  1  0  1  0  0  1  2  0  2  2  1  2  2
 36 * Text                  19   2 24 15   0  0  0  0  0  0  0  0  1  0  0  0  1  1  0  0  0  0  0  0  0  0  1  0  2  1  0  1  1  1  1  1  1  1  0  1  1  0  0  1  2  1
 37 Always Switchin'        18   2 25 14   0  0  0  0  0  0  0  0  0  0  0  0  0  0  0  0  0  0  0  0  0  0  1  0  1  1  0  1  0  1  2  1  1  1  2  1  1  1  1  1  1  1
 38 Beat Frequent Pick      16   4 29  8   0  0  0  0  0  0  0  0  0  0  0  0  0  0  0  0  0  0  0  0  0  0  0  0  1  1  0  1  0  1  0  1  0  1  0  2  1  1  2  1  2  2
 39 Good Ole Rock           16   3 28 10   0  0  0  0  0  0  0  0  0  0  0  0  0  0  0  0  0  0  0  0  0  0  1  0  1  1  0  1  0  1  0  1  1  1  0  2  1  0  1  1  2  2
 40 Rotate R-P-S            13   1 29 11   0  0  0  0  0  0  0  0  0  0  0  0  0  0  0  0  0  0  0  0  0  0  1  0  1  1  0  0  0  1  0  2  0  1  1  1  1  1  1  1  0  1
 41 * Anti-Flat             13   3 31  7   0  0  0  0  0  0  0  0  0  0  0  0  0  0  0  0  0  0  0  0  0  0  2  0  1  1  0  1  0  1  0  1  2  1  0  0  1  0  0  2  1  0
 42 R-P-S 20-20-60          12   1 30 10   0  0  0  0  0  0  0  0  0  0  0  0  0  0  0  0  0  0  0  0  0  0  1  0  1  1  0  1  0  1  0  1  1  0  0  1  1  0  0  1  2  1


   Yomi AI is match ranked 7

 Tournament results:
    Player Name          total 
  1 Yomi AI               6196 
 19 Iocaine Powder       10898 
 20 Phasenbott            9935 
 21 MegaHAL               9515 
 22 RussRocker4           7750 
 23 Biopic                8758 
 24 Simple Modeller       8092 
 25 Simple Predictor      7017 
 26 Robertot              7938 
 27 Boom                  7545 
 28 Shofar                6253 
 29 ACT-R Lag2            6454 
 32 Granite               6377 
 33 Marble                6439 
 35 Sweet Rocky           6556 

   Yomi is tournament ranked 15

