 Playing 1 tournaments with 1000 trials per match...

 Yomi AI            vs Good Ole Rock       Match:  998 (999+   1-   0=)
 Yomi AI            vs R-P-S 20-20-60      Match:  275 (511+ 236- 253=)
 Yomi AI            vs Rotate R-P-S        Match:  995 (996+   1-   3=)
 Yomi AI            vs Beat The Last Move  Match:   71 (396+ 325- 279=)
 Yomi AI            vs Always Switchin'    Match:  186 (464+ 278- 258=)
 Yomi AI            vs Beat Frequent Pick  Match:  451 (639+ 188- 173=)
 Yomi AI            vs * Pi                Match:   -7 (345+ 352- 303=)
 Yomi AI            vs * Switch A Lot      Match:   82 (407+ 325- 268=)
 Yomi AI            vs * Flat              Match:   77 (378+ 301- 321=)
 Yomi AI            vs * Anti-Flat         Match:  960 (975+  15-  10=)
 Yomi AI            vs * Foxtrot           Match:  315 (538+ 223- 239=)
 Yomi AI            vs * De Bruijn         Match:   51 (379+ 328- 293=)
 Yomi AI            vs * Text              Match:  111 (407+ 296- 297=)
 Yomi AI            vs * Anti-rotn         Match:  -22 (346+ 368- 286=)
 Yomi AI            vs * Copy-drift        Match:   17 (335+ 318- 347=)
 Yomi AI            vs * Add-react         Match:   15 (350+ 335- 315=)
 Yomi AI            vs * Add-drift         Match:  -43 (318+ 361- 321=)
 Yomi AI            vs Iocaine Powder      Match:  -24 (318+ 342- 340=)
 Yomi AI            vs Phasenbott          Match:  -49 (315+ 364- 321=)
 Yomi AI            vs MegaHAL             Match:   17 (359+ 342- 299=)
 Yomi AI            vs RussRocker4         Match:  -14 (337+ 351- 312=)
 Yomi AI            vs Biopic              Match:  -15 (338+ 353- 309=)
 Yomi AI            vs Simple Modeller     Match:   -1 (344+ 345- 311=)
 Yomi AI            vs Simple Predictor    Match:   33 (352+ 319- 329=)
 Yomi AI            vs Robertot            Match:    4 (367+ 363- 270=)
 Yomi AI            vs Boom                Match:  -30 (333+ 363- 304=)
 Yomi AI            vs Shofar              Match:   21 (355+ 334- 311=)
 Yomi AI            vs ACT-R Lag2          Match:  -44 (316+ 360- 324=)
 Yomi AI            vs Majikthise          Match:  -32 (321+ 353- 326=)
 Yomi AI            vs Vroomfondel         Match:   27 (345+ 318- 337=)
 Yomi AI            vs Granite             Match:   60 (395+ 335- 270=)
 Yomi AI            vs Marble              Match:  128 (446+ 318- 236=)
 Yomi AI            vs ZQ Bot              Match:   39 (370+ 331- 299=)
 Yomi AI            vs Sweet Rocky         Match:   46 (382+ 336- 282=)
 Yomi AI            vs Piedra              Match:   28 (357+ 329- 314=)
 Yomi AI            vs Mixed Strategy      Match:  111 (407+ 296- 297=)
 Yomi AI            vs Multi-strategy      Match:  133 (416+ 283- 301=)
 Yomi AI            vs Inocencio           Match:  121 (446+ 325- 229=)
 Yomi AI            vs Peterbot            Match:    2 (340+ 338- 322=)
 Yomi AI            vs Bugbrain            Match:  -29 (326+ 355- 319=)
 Yomi AI            vs Knucklehead         Match:  445 (617+ 172- 211=)
Error: return value out of range.
Error: return value out of range.
Error: return value out of range.
Error: return value out of range.
Error: return value out of range.
Error: return value out of range.
Error: return value out of range.
Error: return value out of range.
 Final results (draw value = 50):

 Tournament results: 

    Player Name          total     1    2    3    4    5    6    7    8    9   10   11   12   13   14   15   16   17   18   19   20   21   22   23   24   25   26   27   28   29   30   31   32   33   34   35   36   37   38   39   40   41   42
  1 Iocaine Powder       11254     0   45   31   32   17  168   14  517   49  224   62   41   35   28  247    3   66  326   24   18   16   49  236    6   17  797  105  177  350  272  207  133  579   66  237  831  371  910  988  979  993  988
  2 MegaHAL              10301   -45    0  -52   29   18   55  -11  108   19  235   65   -5   72    2  238   23   16  239  -17    5  -20   74  158   -7    7  926  183  124  110  300  165  133  304  256  413  874  410  929  987  986  998  997
  3 Phasenbott            9939   -31   52    0   37   29  137   28  529  -39  213   50   50   42   13  237   22   30  267   49  -25    8   45  265   49   14  214  110   84  387  295   52   95  403  102  268  912   89  909  985  992  995  976
  4 Simple Modeller       9553   -32  -29  -37    0  -13  324  -37   -7   46  100   62   -8   51   15   76  -13   99  291    1   18    6   58  203   -9  -45  790  186  258  -35   93  106  150  271  243  461  956  393  589  991  990  997  994
  5 Biopic                8417   -17  -18  -29   13    0   52   32  -29   17  123   28   81    8   -1  150  -62    6  112   15    3  -18   57  240   19   30  136  -30   16  414   81  220  127  483  115  338  826  379  523  993  994  996  994
  6 Simple Predictor      8061  -168  -55 -137 -324  -52    0  -63  -88   30   59   50  -36   58   66   36   15  -15  135  -33    9  -26   54  220  -79  -21  790  303  268  -17  106   68  149  289  249  364  927  374  588  986  990  995  997
  7 Robertot              8036   -14   11  -28   37  -32   63    0  -44  -13   73   70   39   12   13   82   49  -15   85   -4   -3  -20   65  204    7    5   66   -9   72    0   13   96  163  413  103  460  830  402  817  980  997  996  995
  8 RussRocker4           7535  -517 -108 -529    7   29   88   44    0   24  164    8   24   46  -17  156  -41   38  135   14   11   38   43  296  -56   10  121   76  143  167  375   72   78  461  120  230  920  277  602  994  994  998 1000
  9 Boom                  7120   -49  -19   39  -46  -17  -30   13  -24    0   61   58  -21   34  -30   35   28    5   43   30  -25  -27   42  307  -22  -13   49   37   23  -55   84   12  112  431  177  392  431  327  753  991  990  997  997
 10 Granite               6705  -224 -235 -213 -100 -123  -59  -73 -164  -61    0   38  -77   42  -81    7  -63   25   33  -60  -25   20   51  276  -66  -13  634   69   25   38   87  158  185  325  164  293  896  399  592  994  995 1000  996
 11 Piedra                6673   -62  -65  -50  -62  -28  -50  -70   -8  -58  -38    0  -34  -45  -48   -9  -25   33  -35  -28    0  -28   41  119   60   24  597   54   38  -22  260  178  184  203  194  223  276  379  596  991  992  996 1000
 12 ACT-R Lag2            6599   -41    5  -50    8  -81   36  -39  -24   21   77   34    0   16  -74  123   19   64  103   44   22   40   31  189  -34  -29   76   88   26  -63    7   99  108  486  170  207  273  313  578  789  997  998  987
 13 Sweet Rocky           6315   -35  -72  -42  -51   -8  -58  -12  -46  -34  -42   45  -16    0  -30  -78  -61  -44  -43  -46  -38  -22   53  113  -33  -18  -26  113  -47   47  166  131  178  166   77  200  996  365  592  992  995  998  990
 14 Bugbrain              6310   -28   -2  -13  -15    1  -66  -13   17   30   81   48   74   30    0   93    4   37  195   29   15    5   48  117   17  -15   59  129   41  -18   97   61   62  126  114  201  237  220  399  958  968  988  979
 15 Marble                6215  -247 -238 -237  -76 -150  -36  -82 -156  -35   -7    9 -123   78  -93    0  -39   -8  -17 -128 -104  -21   29  298  -62  -31  654  -24   44    6   78  171  173  302  144  292  928  358  592  994  993 1000  986
 16 Shofar                6060    -3  -23  -22   13   62  -15  -49   41  -28   63   25  -19   61   -4   39    0   57   70  -21   31  -20   27  103  -29   36   64   13   37  -45   -7   52   88  124  210  420   28  334  552  904  935  979  977
 17 Mixed Strategy        5621   -66  -16  -30  -99   -6   15   15  -38   -5  -25  -33  -64   44  -37    8  -57    0  -29 -111  -19  -33   23  -25  -37  -29  776   35   32   -4    1  -54  172  236   31  264  149  359  440  935  917  995  991
 18 ZQ Bot                5526  -326 -239 -267 -291 -112 -135  -85 -135  -43  -33   35 -103   43 -195   17  -70   29    0  -39  -28  -70   50  177  -18  -34    5   85   27    4  287  173  136  340  239  236  889  403  594  991  990 1000  999
 19 Yomi AI               5509   -24   17  -49   -1  -15   33    4  -14  -30   60   28  -44   46  -29  128   21  111   39    0   27  -32  -22  133   51   -7  121  -43   17  315   15   77  111  445   82  186    2  275  451   71  995  998  960
 20 Vroomfondel           4832   -18   -5   25  -18   -3   -9    3  -11   25   25    0  -22   38  -15  104  -31   19   28  -27    0   71   19  190   -8  -20   64   27  -31   36   10   82   40  261  138  236   -8  161  455   19  993  996  993
 21 Majikthise            4630   -16   20   -8   -6   18   26   20  -38   27  -20   28  -40   22   -5   21   20   33   70   32  -71    0   -5  173  -16  -18   45  -26   24    1  -69  112   39  240  133  235  -17  188  457   43  989  993  976
 22 * Anti-rotn           4449   -49  -74  -45  -58  -57  -54  -65  -43  -42  -51  -41  -31  -53  -48  -29  -27  -23  -50   22  -19    5    0   75  -64  -42  -44  -50   30  -42  -25  239   55   40  330  509    8  186  597  496  996  999  988
 23 Multi-strategy        3073  -236 -158 -265 -203 -240 -220 -204 -296 -307 -276 -119 -189 -113 -117 -298 -103   25 -177 -133 -190 -173  -75    0  -50  -20  -84  -46  253  -25   87  176  123   74  261  489  500  411  999  997  997  999  999
 24 * De Bruijn            354    -6    7  -49    9  -19   79   -7   56   22   66  -60   34   33  -17   62   29   37   18  -51    8   16   64   50    0   -1   19    3   14  -42    6  -16   23  -14  -29  -28    9  -15  128   -1   21    0 -104
 25 * Pi                   273   -17   -7  -14   45  -30   21   -5  -10   13   13  -24   29   18   15   31  -36   29   34    7   20   18   42   20    1    0   32  -31    2   20  -14   51  -81  -25    2   55   18   14   30   22  -11  -11  -13
 26 Inocencio             -860  -797 -926 -214 -790 -136 -790  -66 -121  -49 -634 -597  -76   26  -59 -654  -64 -776   -5 -121  -64  -45   44   84  -19  -32    0   48   77  282   93  119  155  192  122  349  108  322  359  865  980  981  969
 27 * Add-drift          -1539  -105 -183 -110 -186   30 -303    9  -76  -37  -69  -54  -88 -113 -129   24  -13  -35  -85   43  -27   26   50   46   -3   31  -48    0  -13    6  -50  -14   -5  -11   -7  -31    3  -34  -11   27  -23   15   14
 28 * Copy-drift         -1730  -177 -124  -84 -258  -16 -268  -72 -143  -23  -25  -38  -26   47  -41  -44  -37  -32  -27  -17   31  -24  -30 -253  -14   -2  -77   13    0   20  -14   29   37  -13    4   11  -40   30  -20  -36   -9   -7   39
 29 * Foxtrot            -1902  -350 -110 -387   35 -414   17    0 -167   55  -38   22   63  -47   18   -6   45    4   -4 -315  -36   -1   42   25   42  -20 -282   -6  -20    0   -9   65  -37  -21  -53    4   -8  -45   15    0   45  -15   -8
 30 * Add-react          -2707  -272 -300 -295  -93  -81 -106  -13 -375  -84  -87 -260   -7 -166  -97  -78    7   -1 -287  -15  -10   69   25  -87   -6   14  -93   50   14    9    0   31   -6  -89   17  -19  -48   10    6   58  -57  -10   25
 31 * Flat               -2995  -207 -165  -52 -106 -220  -68  -96  -72  -12 -158 -178  -99 -131  -61 -171  -52   54 -173  -77  -82 -112 -239 -176   16  -51 -119   14  -29  -65  -31    0   27   16   48  -25 -155    1  216  237   -8    1 -435
 32 * Text               -3240  -133 -133  -95 -150 -127 -149 -163  -78 -112 -185 -184 -108 -178  -62 -173  -88 -172 -136 -111  -40  -39  -55 -123  -23   81 -155    5  -37   37    6  -27    0  -18   39  -31    4   15 -185  -74  -11 -185  113
 33 Knucklehead          -3243  -579 -304 -403 -271 -483 -289 -413 -461 -431 -325 -203 -486 -166 -126 -302 -124 -236 -340 -445 -261 -240  -40  -74   14   25 -192   11   13   21   89  -16   18    0   24  -10 -144   43  120  869  890  984 1000
 34 * Switch A Lot       -3694   -66 -256 -102 -243 -115 -249 -103 -120 -177 -164 -194 -170  -77 -114 -144 -210  -31 -239  -82 -138 -133 -330 -261   29   -2 -122    7   -4   53  -17  -48  -39  -24    0  -43  -94    6    6  307  -20    4   25
 35 Always Switchin'     -7140  -237 -413 -268 -461 -338 -364 -460 -230 -392 -293 -223 -207 -200 -201 -292 -420 -264 -236 -186 -236 -235 -509 -489   28  -55 -349   31  -11   -4   19   25   31   10   43    0 -241  -15   -8  496   31    0  -17
 36 Peterbot             -7219  -831 -874 -912 -956 -826 -927 -830 -920 -431 -896 -276 -273 -996 -237 -928  -28 -149 -889   -2    8   17   -8 -500   -9  -18 -108   -3   40    8   48  155   -4  144   94  241    0  439  440  982  997  999 1000
 37 R-P-S 20-20-60       -8634  -371 -410  -89 -393 -379 -374 -402 -277 -327 -399 -379 -313 -365 -220 -358 -334 -359 -403 -275 -161 -188 -186 -411   15  -14 -322   34  -30   45  -10   -1  -15  -43   -6   15 -439    0 -378 -137    9 -405  421
 38 Beat Frequent Pick  -13833  -910 -929 -909 -589 -523 -588 -817 -602 -753 -592 -596 -578 -592 -399 -592 -552 -440 -594 -451 -455 -457 -597 -999 -128  -30 -359   11   20  -15   -6 -216  185 -120   -6    8 -440  378    0 -600    0  999 1000
 39 Beat The Last Move  -20087  -988 -987 -985 -991 -993 -986 -980 -994 -991 -994 -991 -789 -992 -958 -994 -904 -935 -991  -71  -19  -43 -496 -997    1  -22 -865  -27   36    0  -58 -237   74 -869 -307 -496 -982  137  600    0    1 1000  996
 40 Rotate R-P-S        -26178  -979 -986 -992 -990 -994 -990 -997 -994 -990 -995 -992 -997 -995 -968 -993 -935 -917 -990 -995 -993 -989 -996 -997  -21   11 -980   23    9  -45   57    8   11 -890   20  -31 -997   -9    0   -1    0    0 -679
 41 Good Ole Rock       -26256  -993 -998 -995 -997 -996 -995 -996 -998 -997 -1000 -996 -998 -998 -988 -1000 -979 -995 -1000 -998 -996 -993 -999 -999    0   11 -981  -15    7   15   10   -1  185 -984   -4    0 -999  405 -999 -1000    0    0  998
 42 * Anti-Flat         -28103  -988 -997 -976 -994 -994 -997 -995 -1000 -997 -996 -1000 -987 -990 -979 -986 -977 -991 -999 -960 -993 -976 -988 -999  104   13 -969  -14  -39    8  -25  435 -113 -1000  -25   17 -1000 -421 -1000 -996  679 -998    0

 Match results (draw <= 50): 

    Player Name           total  W  L  D   1  2  3  4  5  6  7  8  9 10 11 12 13 14 15 16 17 18 19 20 21 22 23 24 25 26 27 28 29 30 31 32 33 34 35 36 37 38 39 40 41 42
  1 Iocaine Powder          66  25  0 16   1  1  1  1  1  1  1  1  2  1  1  2  1  1  2  1  1  2  2  1  2  2  1  1  2  2  2  2  2  2  2  2  2  2  2  2  2  2  2  2  2  2
  2 MegaHAL                 66  26  1 14   1  1  1  0  1  1  1  1  2  1  1  2  1  1  2  2  1  1  2  1  2  2  2  1  2  2  2  2  2  2  2  2  2  2  2  2  2  2  2  2  2  2
  3 Simple Modeller         66  25  0 16   1  1  1  1  1  1  1  1  1  1  1  2  1  1  2  2  1  2  2  1  2  2  2  1  2  1  2  2  2  2  2  2  2  2  2  2  2  2  2  2  2  2
  4 Phasenbott              65  24  0 17   1  2  1  1  1  1  1  1  2  1  1  2  1  1  1  1  1  1  2  1  2  2  1  1  2  2  2  2  2  2  2  2  2  2  2  2  2  2  2  2  2  2
  5 Biopic                  62  22  1 18   1  1  1  1  1  1  1  1  1  0  2  2  1  1  1  1  1  1  2  1  2  2  2  1  2  2  2  1  2  1  2  2  2  2  2  2  2  2  2  2  2  2
  6 Robertot                62  21  0 20   1  1  1  1  1  1  1  1  1  1  1  2  1  1  2  1  1  1  2  1  2  2  2  1  2  1  2  2  2  1  1  2  2  2  2  2  2  2  2  2  2  2
  7 Bugbrain                60  20  1 20   1  1  1  1  1  1  1  1  1  1  2  0  1  1  1  1  1  1  2  1  2  2  1  1  2  1  2  1  2  2  2  2  2  2  2  2  2  2  2  2  2  2
  8 Yomi AI                 59  18  0 23   1  1  1  1  1  1  1  1  1  1  1  1  1  1  1  1  1  2  2  2  2  1  1  1  2  2  2  1  1  1  1  2  2  2  2  2  2  2  2  2  2  2
  9 RussRocker4             59  22  4 15   0  0  1  0  1  1  1  1  1  1  1  2  1  1  1  1  1  1  2  0  2  2  1  1  2  2  2  2  2  2  2  2  2  2  2  2  2  2  2  2  2  2
 10 Shofar                  59  18  0 23   1  1  1  1  2  1  1  1  1  1  1  1  1  1  1  2  1  2  1  1  2  2  1  1  2  1  2  1  1  1  1  2  2  2  2  2  2  2  2  2  2  2
 11 ACT-R Lag2              57  19  3 19   1  1  1  1  0  1  0  1  1  1  1  1  1  1  1  1  1  2  2  1  2  2  1  1  2  0  2  1  2  2  1  2  2  2  2  2  2  2  2  2  2  2
 12 Simple Predictor        55  22  8 11   0  0  0  0  0  0  2  1  0  1  1  1  1  1  1  2  1  1  1  0  2  2  2  1  2  1  2  2  2  2  2  2  2  2  2  2  2  2  2  2  2  2
 13 Boom                    55  15  1 25   1  1  1  1  1  1  1  1  1  1  1  1  1  1  2  1  1  1  1  1  2  1  1  1  1  0  2  1  2  1  2  2  2  1  2  2  2  2  2  2  2  2
 14 Vroomfondel             54  13  0 28   1  1  1  1  1  1  1  1  1  1  1  1  1  1  1  1  2  1  2  1  1  1  1  1  2  1  2  1  1  1  1  2  2  2  1  1  2  2  2  2  2  2
 15 Piedra                  53  17  5 19   0  0  0  1  1  0  1  1  1  1  1  1  0  1  1  1  1  1  1  2  1  1  1  1  2  1  2  1  2  2  2  2  2  2  2  2  2  2  2  2  2  2
 16 Sweet Rocky             52  16  5 20   1  0  0  1  1  1  1  1  1  0  1  0  1  1  1  1  1  1  0  1  1  1  2  1  1  1  2  1  2  2  2  2  2  2  2  2  2  2  2  2  2  2
 17 Majikthise              50  11  2 28   1  1  1  1  1  1  1  1  1  1  1  1  1  0  1  1  1  1  1  1  1  2  1  1  1  1  2  1  1  1  0  2  2  2  1  1  2  2  2  2  2  2
 18 Mixed Strategy          46  11  6 24   0  1  0  1  1  1  1  0  1  0  0  1  1  1  1  1  1  1  1  1  1  1  1  1  2  1  1  1  2  1  1  2  1  0  2  2  2  2  2  2  2  2
 19 Marble                  45  16 12 13   0  0  0  0  0  0  0  0  0  1  0  1  1  0  1  2  1  1  1  0  1  1  1  1  2  1  2  1  2  1  2  2  2  2  2  2  2  2  2  2  2  2
 20 * De Bruijn             44   6  3 32   1  1  1  1  1  1  1  0  2  1  1  2  1  1  0  1  1  1  2  1  2  1  2  1  1  1  1  1  1  1  1  1  1  1  1  1  1  2  1  1  1  0
 21 Granite                 44  17 14 10   0  0  0  0  0  0  0  0  0  0  0  0  0  1  1  1  1  1  1  0  1  1  2  1  2  1  2  1  2  2  2  2  2  2  2  2  2  2  2  2  2  2
 22 ZQ Bot                  44  15 12 14   0  0  0  0  0  0  0  1  0  0  0  0  1  1  1  1  0  1  1  1  1  1  1  1  1  1  2  1  2  2  2  2  2  2  2  2  2  2  2  2  2  2
 23 * Anti-rotn             44  11  8 22   1  0  0  1  0  0  1  1  1  1  1  0  1  1  1  0  1  1  1  0  0  1  1  1  1  1  2  1  1  1  1  1  2  2  2  2  2  2  2  2  2  2
 24 * Pi                    42   2  1 38   1  1  1  1  1  1  1  1  1  1  1  1  1  1  1  1  1  1  1  1  1  1  1  1  1  1  1  1  1  1  1  1  1  2  1  0  2  1  1  1  1  1
 25 Inocencio               40  16 17  8   0  0  0  0  0  0  0  0  0  0  0  0  1  0  0  1  1  0  0  1  0  1  1  1  1  2  2  2  2  1  2  2  2  2  2  2  2  2  2  2  2  2
 26 * Foxtrot               36   3  8 30   0  0  1  0  0  1  1  0  0  1  2  1  2  1  1  1  1  1  1  1  1  1  1  1  0  1  1  1  1  1  1  1  0  2  1  1  1  1  1  1  1  1
 27 Multi-strategy          33  14 22  5   0  0  0  0  0  0  0  0  0  0  0  0  0  0  0  0  0  1  0  1  0  0  0  1  0  1  1  2  2  1  2  2  2  2  2  2  2  2  2  2  2  2
 28 * Copy-drift            32   0  9 32   0  0  0  0  1  0  1  1  0  1  1  0  1  1  1  1  1  1  1  1  1  1  1  1  0  1  0  1  1  1  1  1  1  1  1  1  1  1  1  1  1  1
 29 Peterbot                32  10 19 12   0  0  0  0  0  0  0  1  0  1  0  0  0  1  0  0  1  0  0  1  0  0  1  1  0  1  0  1  1  1  1  2  2  2  2  1  2  2  2  2  2  2
 30 * Add-drift             29   0 12 29   0  0  0  0  1  1  0  1  0  1  0  0  1  1  0  0  1  1  1  1  0  0  1  1  1  1  1  1  1  1  1  1  1  1  1  1  1  1  1  1  1  1
 31 * Add-react             25   2 18 21   0  0  0  0  0  1  0  1  0  1  1  0  0  1  0  0  2  1  0  1  0  0  1  1  0  1  0  1  1  1  1  0  1  1  2  1  1  1  1  0  1  1
 32 Knucklehead             23   6 24 11   0  0  0  0  0  0  0  0  0  0  0  0  0  0  0  0  0  0  0  1  0  0  1  1  0  1  0  1  0  1  2  1  1  1  2  1  1  2  2  2  1  2
 33 * Switch A Lot          19   2 24 15   0  0  0  0  0  0  0  0  0  0  0  0  0  0  0  0  0  1  0  1  0  0  0  1  0  2  0  1  0  1  1  1  1  1  2  1  1  1  1  1  1  1
 34 * Flat                  18   3 26 12   0  0  0  0  0  0  0  0  0  0  0  0  1  0  0  0  0  2  0  1  0  0  0  0  0  0  0  1  0  1  1  1  1  1  2  1  1  2  1  1  1  0
 35 Beat The Last Move      18   5 28  8   0  0  0  0  0  0  0  0  0  0  0  0  0  1  0  0  1  0  0  1  0  0  0  1  0  1  0  1  0  1  0  0  0  0  1  2  0  2  2  1  2  2
 36 * Text                  18   2 25 14   0  0  0  0  0  0  0  0  0  0  0  0  0  1  0  0  1  0  0  1  0  0  0  2  0  1  0  1  1  1  1  1  1  1  0  1  1  0  0  1  1  2
 37 Always Switchin'        16   1 26 14   0  0  0  0  0  0  0  0  0  0  0  0  0  0  0  0  0  0  0  1  0  0  0  0  0  1  0  1  0  1  1  1  1  1  2  1  1  1  1  1  1  1
 38 Beat Frequent Pick      16   4 29  8   0  0  0  0  0  0  0  0  0  0  0  0  0  0  0  0  0  0  0  0  0  0  0  1  0  1  0  1  0  1  1  0  1  0  0  2  1  1  2  1  2  2
 39 Good Ole Rock           16   3 28 10   0  0  0  0  0  0  0  0  0  0  0  0  0  0  0  0  0  0  0  1  0  0  0  1  0  1  0  1  0  1  1  0  1  1  0  2  1  0  1  1  2  2
 40 Rotate R-P-S            15   1 27 13   0  0  0  0  0  0  0  0  0  0  0  0  0  0  0  0  0  0  0  1  0  0  0  1  0  1  0  1  0  1  2  0  1  1  1  1  1  1  1  1  1  0
 41 R-P-S 20-20-60          14   1 28 12   0  0  0  0  0  0  0  0  0  0  0  0  0  0  0  0  0  0  0  1  0  0  0  1  0  1  0  1  0  1  1  1  1  1  0  1  1  0  0  1  1  2
 42 * Anti-Flat             13   3 31  7   0  0  0  0  0  0  0  0  0  0  0  0  0  0  0  0  0  0  0  2  0  0  0  1  0  1  0  1  0  1  1  0  1  2  0  0  1  0  0  2  0  1


   Yomi AI is match ranked 8

 Tournament results:
    Player Name          total 
  1 Yomi AI               5509 
 19 Iocaine Powder       11254 
 20 Phasenbott            9939 
 21 MegaHAL              10301 
 22 RussRocker4           7535 
 23 Biopic                8417 
 24 Simple Modeller       9553 
 25 Simple Predictor      8061 
 26 Robertot              8036 
 27 Boom                  7120 
 28 Shofar                6060 
 29 ACT-R Lag2            6599 
 32 Granite               6705 
 33 Marble                6215 
 34 ZQ Bot                5526 
 35 Sweet Rocky           6315 
 36 Piedra                6673 
 37 Mixed Strategy        5621 
 41 Bugbrain              6310 

   Yomi is tournament ranked 19

