 Playing 1 tournaments with 1000 trials per match...

 Yomi AI            vs Good Ole Rock       Match:  998 (999+   1-   0=)
 Yomi AI            vs R-P-S 20-20-60      Match:  198 (471+ 273- 256=)
 Yomi AI            vs Rotate R-P-S        Match:  964 (972+   8-  20=)
 Yomi AI            vs Beat The Last Move  Match:   -8 (333+ 341- 326=)
 Yomi AI            vs Always Switchin'    Match:  145 (413+ 268- 319=)
 Yomi AI            vs Beat Frequent Pick  Match:  478 (661+ 183- 156=)
 Yomi AI            vs * Pi                Match:  -23 (317+ 340- 343=)
 Yomi AI            vs * Switch A Lot      Match:   28 (352+ 324- 324=)
 Yomi AI            vs * Flat              Match:   45 (366+ 321- 313=)
 Yomi AI            vs * Anti-Flat         Match:  978 (985+   7-   8=)
 Yomi AI            vs * Foxtrot           Match:  268 (499+ 231- 270=)
 Yomi AI            vs * De Bruijn         Match:   30 (351+ 321- 328=)
 Yomi AI            vs * Text              Match:   70 (376+ 306- 318=)
 Yomi AI            vs * Anti-rotn         Match:   12 (339+ 327- 334=)
 Yomi AI            vs * Copy-drift        Match:  -10 (337+ 347- 316=)
 Yomi AI            vs * Add-react         Match:  -18 (322+ 340- 338=)
 Yomi AI            vs * Add-drift         Match:   -1 (318+ 319- 363=)
 Yomi AI            vs Iocaine Powder      Match:  -14 (318+ 332- 350=)
 Yomi AI            vs Phasenbott          Match:  -17 (318+ 335- 347=)
 Yomi AI            vs MegaHAL             Match:   17 (337+ 320- 343=)
 Yomi AI            vs RussRocker4         Match:   -2 (330+ 332- 338=)
 Yomi AI            vs Biopic              Match:   -8 (353+ 361- 286=)
 Yomi AI            vs Simple Modeller     Match:   27 (346+ 319- 335=)
 Yomi AI            vs Simple Predictor    Match:   11 (356+ 345- 299=)
 Yomi AI            vs Robertot            Match:   -2 (352+ 354- 294=)
 Yomi AI            vs Boom                Match:   -7 (331+ 338- 331=)
 Yomi AI            vs Shofar              Match:  -61 (313+ 374- 313=)
 Yomi AI            vs ACT-R Lag2          Match:   14 (337+ 323- 340=)
 Yomi AI            vs Majikthise          Match:   34 (346+ 312- 342=)
 Yomi AI            vs Vroomfondel         Match:   20 (339+ 319- 342=)
 Yomi AI            vs Granite             Match:   51 (395+ 344- 261=)
 Yomi AI            vs Marble              Match:   33 (358+ 325- 317=)
 Yomi AI            vs ZQ Bot              Match:   63 (401+ 338- 261=)
 Yomi AI            vs Sweet Rocky         Match:   45 (378+ 333- 289=)
 Yomi AI            vs Piedra              Match:   14 (358+ 344- 298=)
 Yomi AI            vs Mixed Strategy      Match:  -25 (317+ 342- 341=)
 Yomi AI            vs Multi-strategy      Match:  166 (450+ 284- 266=)
 Yomi AI            vs Inocencio           Match:    7 (342+ 335- 323=)
 Yomi AI            vs Peterbot            Match:   17 (343+ 326- 331=)
 Yomi AI            vs Bugbrain            Match:    5 (330+ 325- 345=)
 Yomi AI            vs Knucklehead         Match:  395 (581+ 186- 233=)
 Final results (draw value = 50):

 Tournament results: 

    Player Name          total     1    2    3    4    5    6    7    8    9   10   11   12   13   14   15   16   17   18   19   20   21   22   23   24   25   26   27   28   29   30   31   32   33   34   35   36   37   38   39   40   41   42
  1 Iocaine Powder       10756     0   35   90   72   58  142  502   35   21   42   33   10  246  244   31   35   69  295   43   14   28   27  212   -7    0  286   79  201  399  575  300  171  130   37  234  842  362  901  987  984  991 1000
  2 Phasenbott            9956   -35    0   30  -14   25  121  504   14   40   98  -10   77  238  228    2   88   42  266   95   17   52   -8  121   34  -65  166  113   99  403  400  340  125   99   75  266  904  117  918  989  993  996  993
  3 MegaHAL               9550   -90  -30    0  -38    7  110   83   46   29  102   14   56  285  204   20   40   52  277   59  -17  -41   -8  202  -31  -44  190  172   41   63  394  236  141  142  241  429  893  405  944  990  988  998  996
  4 Simple Modeller       8763   -72   14   38    0    7  263   -1   32   -9   24  -26   -2  119  106   37   70   59  300   62  -27  -16  -12  128  -46  -30  703  303  223   18  231  106  106  111  259  447  308  361  593  988  991  998  999
  5 Biopic                8354   -58  -25   -7   -7    0   32   -7   -4   21   17   18   -4   78   90   43   18   49  108   13    8    9   12  285  -22   10  224   50   47  393  525   23  206  151  117  350  766  373  481  989  995  997  990
  6 Simple Predictor      7988  -142 -121 -110 -263  -32    0 -108   -6  -53    5  -56   22   55   28   40   55   57  176   18  -11  -20  -16  220  -73   19  653  303  228   -3  305  148  106  166  205  396  838  400  592  985  990  996  996
  7 RussRocker4           7585  -502 -504  -83    1    7  108    0    1   16   28  -11   -1  138  150   33  -23   49  168   48    2  -33  -24  255    2   -9  134   95  144  210  469  366   87   82  134  201  947  322  592  994  993  999 1000
  8 Boom                  7285   -35  -14  -46  -32    4    6   -1    0  -44  -28  -36   58   30   97   95    2   49   86   32    7  -15  -36  259    8   22   28   46  -19  -16  513   84   16  101  102  430  458  352  753  991  989  995  994
  9 ACT-R Lag2            7261   -21  -40  -29    9  -21   53  -16   44    0   18   24   65  117  132   78   -8   28   90   39  -14    6   14  266  -35  -25  394    0   38  -10  468   31  115   71  126  205  214  356  577  923  993  998  988
 10 Robertot              7232   -42  -98 -102  -24  -17   -5  -28   28  -18    0   -9   68   52   20   34  -25   56   69   71    2  -27  -12  298  -40   -3   38   58   85  -32  443   87   23  159   99  453  409  371  807  997  995  996  996
 11 Shofar                7121   -33   10  -14   26  -18   56   11   36  -24    9    0   57   70  107   29  -54   24   59   32   61   -5   -4  139  -59   33  752   18  101   24  193  -16   15  114  226  412  112  262  557  898  942  979  984
 12 Sweet Rocky           6916   -10  -77  -56    2    4  -22    1  -58  -65  -68  -57    0  -48  -38  -69  -20   42  -29   47  -45  -13   -9   31  -50  -17  780   15  -16  -10  184   -2  162  169  129  267  892  396  592  989  996  998  999
 13 Marble                6617  -246 -238 -285 -119  -78  -55 -138  -30 -117  -52  -70   48    0    8   35 -123  101   61   -9  -33  -19  -29  325  -89   27  647   39   59   70  328  102  190  183  161  250  749  391  594  992  995  999  993
 14 Granite               6614  -244 -228 -204 -106  -90  -28 -150  -97 -132  -20 -107   38   -8    0   20  -89   63   31   29  -51    6  -53  333  -47  -10  653   16   38   -9  327   78  153  175  171  268  908  403  594  996  993  999  995
 15 Piedra                6270   -31   -2  -20  -37  -43  -40  -33  -95  -78  -34  -29   69  -35  -20    0  -64   42  -20  -43  -14  -12  -32   36  -28  -28  -48   -6   88  -12  227  112  125  179  201  222  852  360  591  991  989  995  995
 16 Bugbrain              6092   -35  -88  -40  -70  -18  -55   23   -2    8   25   54   20  123   89   64    0   40  167   30   -5  -49   63  129   -9   19   81  114  138    5  212   80   73   20  132  239   96  188  382  949  941  985  974
 17 * Anti-rotn           5591   -69  -42  -52  -59  -49  -57  -49  -49  -28  -56  -24  -42 -101  -63  -42  -40    0  -65   21  -12  -54  -14  256  -52  -38  676   -8   56   -8   22  -46  164   53  301  480  500  108  597  491  996  999  990
 18 ZQ Bot                5172  -295 -266 -277 -300 -108 -176 -168  -86  -90  -69  -59   29  -61  -31   20 -167   65    0   28  -63  -31  -55  308  -58  -71    5   47   47  -27  305  196  177  156  151  204  949  366  592  994  994 1000  997
 19 Mixed Strategy        5091   -43  -95  -59  -62  -13  -18  -48  -32  -39  -71  -32  -47    9  -29   43  -30  -21  -28    0   25  -13  -27   -3 -111  -33  129    6   38   41  163   85   21  179   16   63  365  359  534  971  916  983  999
 20 Yomi AI               4937   -14  -17   17   27   -8   11   -2   -7   14   -2  -61   45   33   51   14    5   12   63  -25    0   34   20  166   30  -23    7   -1  -10  268  395  -18   45   70   28  145   17  198  478   -8  964  998  978
 21 Majikthise            4802   -28  -52   41   16   -9   20   33   15   -6   27    5   13   19   -6   12   49   54   31   13  -34    0  -20  215  -29   -2  151   34   16  -21  204  -18   70   16  104  264   20  136  464    1  994  995  995
 22 Vroomfondel           4779   -27    8    8   12  -12   16   24   36  -14   12    4    9   29   53   32  -63   14   55   27  -20   20    0  185  -40  -22   67    5   19   17  201   21   90   29  126  256   17  161  451   -3  992  993  991
 23 Multi-strategy        2647  -212 -121 -202 -128 -285 -220 -255 -259 -266 -298 -139  -31 -325 -333  -36 -129 -256 -308    3 -166 -215 -185    0  -50  -20 -122  -43  233   32   47   64  167  123  284  485  500  323  999  997  997  999  998
 24 * De Bruijn            937     7  -34   31   46   22   73   -2   -8   35   40   59   50   89   47   28    9   52   58  111  -30   29   40   50    0   -1   20   -9   11   -6   28   -2   67   23  -25   12  -38   12  128   -1   21    0 -105
 25 * Pi                   281     0   65   44   30  -10  -19    9  -22   25    3  -33   17  -27   10   28  -19   38   71   33   23    2   22   20    1    0   28  -58    0   -6   28  -20   16  -81   39  -13   23   -1   30   22  -11  -11  -15
 26 Inocencio             -529  -286 -166 -190 -703 -224 -653 -134  -28 -394  -38 -752 -780 -647 -653   48  -81 -676   -5 -129   -7 -151  -67  122  -20  -28    0   24   45  305  167   97  142  159  112  298   78  433  360  948  978  985  982
 27 * Add-drift          -1288   -79 -113 -172 -303  -50 -303  -95  -46    0  -58  -18  -15  -39  -16    6 -114    8  -47   -6    1  -34   -5   43    9   58  -24    0    1   10   16  -62   18   25  -16   -3    0   -1   28   15   13   27   53
 28 * Copy-drift         -1927  -201  -99  -41 -223  -47 -228 -144   19  -38  -85 -101   16  -59  -38  -88 -138  -56  -47  -38   10  -16  -19 -233  -11    0  -45   -1    0  -14  -65   51   -7   14   -4    3   -2   -6   -1   16   -3    6   36
 29 * Foxtrot            -2155  -399 -403  -63  -18 -393    3 -210   16   10   32  -24   10  -70    9   12   -5    8   27  -41 -268   21  -17  -32    6    6 -305  -10   14    0   -3  -21   23    6    2  -15  -27   15  -40  -13   17  -23    8
 30 Knucklehead          -2485  -575 -400 -394 -231 -525 -305 -469 -513 -468 -443 -193 -184 -328 -327 -227 -212  -22 -305 -163 -395 -204 -201  -47  -28  -28 -167  -16   65    3    0  103   -5    3   27   28 1000   46  171  899  584  971  990
 31 * Add-react          -2491  -300 -340 -236 -106  -23 -148 -366  -84  -31  -87   16    2 -102  -78 -112  -80   46 -196  -85   18   18  -21  -64    2   20  -97   62  -51   21 -103    0    5  -11   -1    2  -12   25    3   56  -67    9    5
 32 * Flat               -2906  -171 -125 -141 -106 -206 -106  -87  -16 -115  -23  -15 -162 -190 -153 -125  -73 -164 -177  -21  -45  -70  -90 -167  -67  -16 -142  -18    7  -23    5   -5    0  -15   33   24 -182  -29  258  225    6    0 -419
 33 * Text               -3081  -130  -99 -142 -111 -151 -166  -82 -101  -71 -159 -114 -169 -183 -175 -179  -20  -53 -156 -179  -70  -16  -29 -123  -23   81 -159  -25  -14   -6   -3   11   15    0   31   21   44  -33 -185  -74  -11 -185  112
 34 * Switch A Lot       -3316   -37  -75 -241 -259 -117 -205 -134 -102 -126  -99 -226 -129 -161 -171 -201 -132 -301 -151  -16  -28 -104 -126 -284   25  -39 -112   16    4   -2  -27    1  -33  -31    0   13 -119   46    7  325   52   20  -37
 35 Always Switchin'     -7167  -234 -266 -429 -447 -350 -396 -201 -430 -205 -453 -412 -267 -250 -268 -222 -239 -480 -204  -63 -145 -264 -256 -485  -12   13 -298    3   -3   15  -28   -2  -24  -21  -13    0 -240  -24   14  495  -23    0  -53
 36 Peterbot             -8341  -842 -904 -893 -308 -766 -838 -947 -458 -214 -409 -112 -892 -749 -908 -852  -96 -500 -949 -365  -17  -20  -17 -500   38  -23  -78    0    2   27 -1000   12  182  -44  119  240    0  359  430  981  999  998  973
 37 R-P-S 20-20-60       -8876  -362 -117 -405 -361 -373 -400 -322 -352 -356 -371 -262 -396 -391 -403 -360 -188 -108 -366 -359 -198 -136 -161 -323  -12    1 -433    1    6  -15  -46  -25   29   33  -46   24 -359    0 -419 -184    0 -400   39
 38 Beat Frequent Pick  -13972  -901 -918 -944 -593 -481 -592 -592 -753 -577 -807 -557 -592 -594 -594 -591 -382 -597 -592 -534 -478 -464 -451 -999 -128  -30 -360  -28    1   40 -171   -3 -258  185   -7  -14 -430  419    0 -600    0  999  996
 39 Beat The Last Move  -20203  -987 -989 -990 -988 -989 -985 -994 -991 -923 -997 -898 -989 -992 -996 -991 -949 -491 -994 -971    8   -1    3 -997    1  -22 -948  -15  -16   13 -899  -56 -225   74 -325 -495 -981  184  600    0    1 1000  997
 40 Rotate R-P-S        -25849  -984 -993 -988 -991 -995 -990 -993 -989 -993 -995 -942 -996 -995 -993 -989 -941 -996 -994 -916 -964 -994 -992 -997  -21   11 -978  -13    3  -17 -584   67   -6   11  -52   23 -999    0    0   -1    0    0 -673
 41 Good Ole Rock       -26284  -991 -996 -998 -998 -997 -996 -999 -995 -998 -996 -979 -998 -999 -999 -995 -985 -999 -1000 -983 -998 -995 -993 -999    0   11 -985  -27   -6   23 -971   -9    0  185  -20    0 -998  400 -999 -1000    0    0  998
 42 * Anti-Flat         -27727  -1000 -993 -996 -999 -990 -996 -1000 -994 -988 -996 -984 -999 -993 -995 -995 -974 -990 -997 -999 -978 -995 -991 -998  105   15 -982  -53  -36   -8 -990   -5  419 -112   37   53 -973  -39 -996 -997  673 -998    0

 Match results (draw <= 50): 

    Player Name           total  W  L  D   1  2  3  4  5  6  7  8  9 10 11 12 13 14 15 16 17 18 19 20 21 22 23 24 25 26 27 28 29 30 31 32 33 34 35 36 37 38 39 40 41 42
  1 Phasenbott              68  28  1 12   1  1  1  1  1  2  2  2  1  1  1  2  1  1  1  2  1  2  2  2  2  1  0  2  2  2  2  2  2  2  2  2  2  2  2  2  2  2  2  2  2  2
  2 Iocaine Powder          67  26  0 15   1  1  2  2  1  2  1  1  1  2  1  2  1  1  1  1  1  2  1  1  2  2  1  2  2  2  2  2  2  2  2  2  2  1  2  2  2  2  2  2  2  2
  3 MegaHAL                 66  26  1 14   1  0  1  1  1  2  1  2  1  1  1  2  1  1  1  1  1  2  2  2  2  2  1  2  2  2  2  2  1  2  2  2  2  2  2  2  2  2  2  2  2  2
  4 Simple Modeller         64  24  1 16   1  0  1  1  1  1  2  1  1  1  1  2  1  1  1  1  1  2  2  1  2  2  1  2  2  2  2  1  2  2  2  2  2  2  2  2  2  2  2  2  2  2
  5 ACT-R Lag2              61  20  0 21   1  1  1  1  1  1  1  1  1  1  1  2  1  2  1  1  1  2  1  2  2  1  1  2  2  1  2  1  1  2  2  1  2  2  2  2  2  2  2  2  2  2
  6 RussRocker4             60  22  3 16   0  0  0  1  1  1  1  1  1  1  1  2  1  1  1  1  1  2  1  1  2  1  1  2  2  2  2  2  2  2  2  2  2  2  2  2  2  2  2  2  2  2
  7 Bugbrain                60  22  3 16   0  1  1  0  1  1  1  1  2  1  1  0  2  2  1  1  1  2  1  1  2  1  1  2  2  2  2  1  2  2  2  2  2  2  1  2  2  2  2  2  2  2
  8 Robertot                59  20  2 19   0  1  0  1  1  1  1  1  1  1  1  1  1  1  1  1  1  2  2  2  1  2  1  2  1  2  2  1  2  2  2  2  1  2  2  2  2  2  2  2  2  2
  9 Shofar                  59  20  2 19   1  1  1  1  1  1  0  1  1  1  1  2  1  1  2  1  0  2  1  2  2  1  1  2  2  1  2  1  2  2  2  1  1  2  2  2  2  2  2  2  2  2
 10 Biopic                  58  18  1 22   1  0  1  1  1  1  1  1  1  1  1  1  1  1  1  1  1  2  1  1  2  1  1  2  2  1  2  2  1  2  2  1  2  2  2  2  2  2  2  2  2  2
 11 Boom                    58  17  0 24   1  1  1  1  1  1  1  1  1  1  1  1  1  2  1  1  1  1  1  2  2  1  1  2  1  1  2  1  1  2  2  2  1  2  2  2  2  2  2  2  2  2
 12 Simple Predictor        54  21  8 12   0  0  0  0  0  0  2  1  0  1  1  1  1  1  1  1  0  2  1  1  1  2  1  2  2  2  2  1  2  2  2  2  2  2  2  2  2  2  2  2  2  2
 13 Vroomfondel             53  13  1 27   1  1  1  1  1  1  0  1  1  1  1  1  1  1  1  1  1  1  1  1  2  1  1  2  2  1  2  1  1  1  2  1  2  2  1  1  2  2  2  2  2  2
 14 Piedra                  53  15  3 23   1  1  1  1  0  1  0  1  1  1  0  1  1  1  1  1  1  1  1  2  1  1  1  1  1  1  1  1  2  2  2  2  2  2  2  2  2  2  2  2  2  2
 15 Yomi AI                 52  12  1 28   1  1  1  1  1  1  1  1  0  1  1  1  1  1  1  1  1  1  1  1  2  1  1  2  1  1  2  2  1  1  2  1  1  1  2  1  2  2  2  2  2  2
 16 Majikthise              52  12  1 28   0  1  1  1  1  1  1  1  1  1  1  1  1  1  1  1  1  1  1  1  1  2  1  1  2  1  2  1  1  1  2  1  2  2  1  1  2  2  2  2  2  2
 17 * De Bruijn             48   8  1 32   1  1  1  1  1  1  1  1  2  1  1  2  1  1  1  1  1  2  2  1  1  2  1  2  1  1  1  1  1  1  1  1  2  1  1  1  1  1  2  0  1  1
 18 Marble                  48  19 12 10   0  0  0  0  0  0  0  0  0  0  1  0  1  1  1  1  0  1  1  1  1  2  1  2  2  1  2  2  2  2  2  2  2  2  2  2  2  2  2  2  2  2
 19 Mixed Strategy          48  12  5 24   0  1  0  0  1  1  1  0  1  1  1  1  1  1  1  1  0  1  1  1  1  1  1  1  2  1  1  1  1  2  2  2  1  1  2  2  2  2  2  2  2  2
 20 Sweet Rocky             47  13  7 21   0  1  0  1  0  1  1  0  0  1  0  1  1  0  1  1  1  1  1  1  1  1  1  1  2  1  1  1  1  2  2  1  2  2  2  2  2  2  2  2  2  2
 21 Granite                 45  16 12 13   0  0  0  0  0  0  0  1  0  0  0  1  0  1  0  1  1  1  1  1  1  2  1  1  2  1  2  1  1  2  2  2  2  2  2  2  2  2  2  2  2  2
 22 * Anti-rotn             45  14 10 17   1  0  0  0  1  1  1  0  1  1  1  0  1  1  1  0  0  0  1  1  0  1  1  0  2  1  2  1  2  2  1  1  2  2  2  2  2  2  2  2  2  2
 23 * Pi                    41   2  2 37   2  1  1  1  1  1  1  1  1  1  1  1  1  1  1  1  1  1  1  1  1  1  1  2  1  0  1  1  1  1  1  1  1  1  0  1  1  1  1  1  1  1
 24 ZQ Bot                  39  15 17  9   0  0  0  0  0  0  0  0  0  0  0  0  0  1  0  1  0  0  1  1  1  2  0  1  1  1  2  1  1  2  2  2  2  2  2  2  2  2  2  2  2  2
 25 Inocencio               39  15 17  9   0  0  0  0  0  0  0  1  0  0  1  0  0  1  1  0  1  0  0  0  0  0  1  1  1  1  2  2  1  2  2  2  2  2  2  2  2  2  2  2  2  2
 26 * Add-drift             34   2  9 30   0  0  0  0  1  0  0  0  1  1  1  0  1  1  1  1  1  1  1  1  1  1  2  1  1  1  1  1  1  1  1  0  1  1  1  1  1  1  1  2  1  1
 27 Multi-strategy          34  13 20  8   0  0  0  0  0  0  0  0  0  0  0  0  0  1  0  0  1  0  1  1  0  0  1  0  0  1  1  1  2  2  1  2  2  2  2  2  2  2  2  2  2  2
 28 * Foxtrot               33   0  8 33   0  0  0  1  1  0  1  1  1  0  1  1  1  1  0  1  1  0  1  1  1  1  1  1  0  1  1  1  1  1  1  1  1  1  1  1  1  1  1  1  1  1
 29 * Copy-drift            29   1 13 27   0  0  1  0  1  0  0  0  0  1  1  0  1  0  1  1  1  0  1  1  1  0  1  1  1  1  0  1  1  1  0  2  1  1  1  1  1  1  1  1  1  1
 30 Peterbot                28   9 22 10   0  0  0  0  0  0  0  0  0  0  0  0  1  0  1  1  1  0  0  0  0  0  1  0  0  1  0  1  1  1  0  1  2  2  1  2  2  2  2  2  2  2
 31 Knucklehead             27   8 22 11   0  0  0  0  0  0  0  0  0  0  0  0  0  0  0  0  1  0  0  0  0  1  1  0  0  1  1  1  2  2  1  2  1  1  1  2  2  1  2  2  2  1
 32 * Add-react             24   2 19 20   0  0  0  0  1  0  0  0  1  1  0  0  1  0  1  1  1  0  0  1  0  1  1  0  0  2  0  1  0  1  0  1  1  1  1  2  1  1  1  1  0  1
 33 * Flat                  21   2 22 17   0  0  0  0  0  0  0  1  1  0  1  0  0  0  1  0  0  0  1  0  0  0  1  0  0  1  0  1  1  0  1  1  1  1  1  2  1  1  2  0  1  1
 34 * Switch A Lot          21   2 22 17   0  1  0  0  0  0  0  0  0  0  0  0  0  0  1  0  1  0  1  0  0  0  1  0  0  1  0  1  1  0  1  1  1  1  1  2  1  1  1  1  2  1
 35 * Text                  19   2 24 15   0  0  0  0  0  0  1  0  0  0  0  0  1  0  0  1  1  0  0  0  0  0  2  0  0  1  0  1  1  1  1  1  1  1  1  0  0  1  0  2  1  1
 36 Beat The Last Move      19   5 27  9   0  0  0  0  0  0  0  0  0  0  0  0  1  0  1  1  1  0  0  0  0  0  1  0  0  1  0  1  1  0  0  0  0  0  2  1  2  0  2  2  1  2
 37 Good Ole Rock           16   3 28 10   0  0  0  0  0  0  0  0  0  0  0  0  0  0  0  0  1  0  0  0  0  0  1  0  0  1  0  1  1  0  0  1  1  1  2  0  1  1  0  2  1  2
 38 Always Switchin'        16   1 26 14   0  0  0  0  0  0  0  0  0  0  0  0  0  0  0  0  1  0  0  0  0  0  1  0  0  1  0  1  1  0  1  1  1  1  1  2  1  1  1  0  1  1
 39 Beat Frequent Pick      16   4 29  8   0  0  0  0  0  0  0  0  0  0  0  0  0  0  0  0  0  0  0  0  0  0  1  0  0  1  0  1  1  0  0  1  0  1  2  0  2  1  1  2  1  2
 40 * Anti-Flat             14   4 31  6   0  0  0  0  0  0  0  0  0  0  0  0  0  0  0  0  2  0  0  0  0  0  1  0  0  0  0  1  1  0  0  1  2  1  0  0  0  2  0  1  2  1
 41 Rotate R-P-S            14   1 28 12   0  0  0  0  0  0  0  0  0  0  0  0  0  0  0  0  1  0  0  0  0  0  1  0  0  1  0  1  1  0  0  2  1  0  1  1  1  1  1  0  1  1
 42 R-P-S 20-20-60          13   0 28 13   0  0  0  0  0  0  0  0  0  0  0  0  0  0  0  0  1  0  0  0  0  0  1  0  0  1  0  1  1  0  1  1  1  1  1  0  0  1  0  1  1  1


   Yomi AI is match ranked 15

 Tournament results:
    Player Name          total 
  1 Yomi AI               4937 
 15 * Anti-rotn           5591 
 19 Iocaine Powder       10756 
 20 Phasenbott            9956 
 21 MegaHAL               9550 
 22 RussRocker4           7585 
 23 Biopic                8354 
 24 Simple Modeller       8763 
 25 Simple Predictor      7988 
 26 Robertot              7232 
 27 Boom                  7285 
 28 Shofar                7121 
 29 ACT-R Lag2            7261 
 32 Granite               6614 
 33 Marble                6617 
 34 ZQ Bot                5172 
 35 Sweet Rocky           6916 
 36 Piedra                6270 
 37 Mixed Strategy        5091 
 41 Bugbrain              6092 

   Yomi is tournament ranked 20

