 Playing 1 tournaments with 1000 trials per match...

 Yomi AI            vs Good Ole Rock       Match: 1000 (1000+   0-   0=)
 Yomi AI            vs R-P-S 20-20-60      Match:  268 (487+ 219- 294=)
 Yomi AI            vs Rotate R-P-S        Match:  579 (681+ 102- 217=)
 Yomi AI            vs Beat The Last Move  Match:   22 (347+ 325- 328=)
 Yomi AI            vs Always Switchin'    Match:  150 (401+ 251- 348=)
 Yomi AI            vs Beat Frequent Pick  Match:  389 (594+ 205- 201=)
 Yomi AI            vs * Pi                Match:  -18 (317+ 335- 348=)
 Yomi AI            vs * Switch A Lot      Match:   97 (389+ 292- 319=)
 Yomi AI            vs * Flat              Match:   36 (354+ 318- 328=)
 Yomi AI            vs * Anti-Flat         Match:  999 (999+   0-   1=)
 Yomi AI            vs * Foxtrot           Match:  234 (476+ 242- 282=)
 Yomi AI            vs * De Bruijn         Match:  -10 (333+ 343- 324=)
 Yomi AI            vs * Text              Match:   92 (400+ 308- 292=)
 Yomi AI            vs * Anti-rotn         Match:   20 (361+ 341- 298=)
 Yomi AI            vs * Copy-drift        Match:  -29 (326+ 355- 319=)
 Yomi AI            vs * Add-react         Match:    9 (338+ 329- 333=)
 Yomi AI            vs * Add-drift         Match:   -6 (317+ 323- 360=)
 Yomi AI            vs Iocaine Powder      Match:  -28 (324+ 352- 324=)
 Yomi AI            vs Phasenbott          Match:  -12 (341+ 353- 306=)
 Yomi AI            vs MegaHAL             Match:    6 (365+ 359- 276=)
 Yomi AI            vs RussRocker4         Match:   10 (343+ 333- 324=)
 Yomi AI            vs Biopic              Match:   -6 (347+ 353- 300=)
 Yomi AI            vs Simple Modeller     Match:  -19 (332+ 351- 317=)
 Yomi AI            vs Simple Predictor    Match:    2 (352+ 350- 298=)
 Yomi AI            vs Robertot            Match:   12 (364+ 352- 284=)
 Yomi AI            vs Boom                Match:   27 (354+ 327- 319=)
 Yomi AI            vs Shofar              Match:    6 (345+ 339- 316=)
 Yomi AI            vs ACT-R Lag2          Match:   36 (370+ 334- 296=)
 Yomi AI            vs Majikthise          Match:   26 (353+ 327- 320=)
 Yomi AI            vs Vroomfondel         Match:  -26 (319+ 345- 336=)
 Yomi AI            vs Granite             Match:   77 (403+ 326- 271=)
 Yomi AI            vs Marble              Match:   42 (366+ 324- 310=)
 Yomi AI            vs ZQ Bot              Match:   27 (368+ 341- 291=)
 Yomi AI            vs Sweet Rocky         Match:   43 (376+ 333- 291=)
 Yomi AI            vs Piedra              Match:   10 (351+ 341- 308=)
 Yomi AI            vs Mixed Strategy      Match:   41 (367+ 326- 307=)
 Yomi AI            vs Multi-strategy      Match:  251 (493+ 242- 265=)
 Yomi AI            vs Inocencio           Match:   23 (356+ 333- 311=)
 Yomi AI            vs Peterbot            Match:   54 (370+ 316- 314=)
 Yomi AI            vs Bugbrain            Match:   -8 (331+ 339- 330=)
 Yomi AI            vs Knucklehead         Match:  332 (535+ 203- 262=)
 Final results (draw value = 50):

 Tournament results: 

    Player Name          total     1    2    3    4    5    6    7    8    9   10   11   12   13   14   15   16   17   18   19   20   21   22   23   24   25   26   27   28   29   30   31   32   33   34   35   36   37   38   39   40   41   42
  1 Iocaine Powder       10694     0   86  164   43    8  143   70  517   41   30  236  260   43  -33   61  -21  302   42  106   44   28    0  193  200   18  -14  157  135  296  196  109  519  278   44  221  907  377  913  990  991  994 1000
  2 MegaHAL              10286   -86    0  -50   25   -5   75   36  113   24   75  209  214   55   48  -24   -8  257   50   59    8   -6  -24  204  957  -31  -24   77  139   43   97  189  403  285  247  444  903  409  930  988  988  999  994
  3 Phasenbott            9741  -164   50    0   40   21  144   48  531   47   24  226  231   -4  -10   50   57  242   43  -24   12   12  -45  242  200   35    1   81  167  358  102   86  391  343   62  237  873  139  917  993  994  995  994
  4 Biopic                8987   -43  -25  -40    0   25   82    5   -1   23   68  153  169   29  -32   59    7  101   45   42    2    6   23  228  133  -14    4  102   29  382  169  142  502   62  215  293  994  414  653  995  997  996  993
  5 Simple Modeller       8976    -8    5  -21  -25    0  293   13   32   14   26  122   41   30    6   42   42  310   46   25   10   19  -66  202  593  -67  -22  240  199  -44   76  123  257  111  175  484  712  408  595  992  990  996 1000
  6 Simple Predictor      7668  -143  -75 -144  -82 -293    0   17  -68  -35   47    7  -20   33   36  -46   38  170   57  114  -14   -2  -21  220  347  -73  -14  269  300  -47   97  154  278  104  231  420  872  382  587  984  990  993  998
  7 Robertot              7396   -70  -36  -48   -5  -13  -17    0  -22   12   43  100   92   40   21  -54   -9   86   45   47   22  -12   24  275   59  -20  -14   38  -13   46   38  174  380   70   96  435  403  419  814  968  990  997  995
  8 RussRocker4           7303  -517 -113 -531    1  -32   68   22    0   -6   46  151  187   14   -1   -7  -10  165   58   99  -62  -10  -29  226  133  -13  -23   91  145  199   67   37  456  334  140  216  927  298  593  992  995 1000  997
  9 Boom                  6923   -41  -24  -47  -23  -14   35  -12    6    0   45    0   78   52   40  -20   -9   58   42   12  -33  -27  -12  188   79   -5  -24   11   -6   -4   40  115  518   91  210  305  247  329  753  991  990  995  994
 10 Sweet Rocky           6808   -30  -75  -24  -68  -26  -47  -43  -46  -45    0  -49  -49   41  -42  -83  -47  -12  -10  -45   19  -43  -10  118  678   25  -19   -7  -10   23  169  159  265  311  231  138  492  395  595  995  986 1000  998
 11 Marble                6782  -236 -209 -226 -153 -122   -7 -100 -151    0   49    0  -22   28  -40 -110  -83   49   42  -11    4  -42    6  347  651  -24    3   57   14   64  178  176  329   94  130  221  898  412  592  992  992  999  991
 12 Granite               6700  -260 -214 -231 -169  -41   20  -92 -187  -78   49   22    0   87  -69  -94  -46   -4   54  -13  -54  -77   22  375  655  -67  -14   27   77   26  256  177  273   81  114  237  913  377  592  990  993  999  994
 13 Piedra                6357   -43  -55    4  -29  -30  -33  -40  -14  -52  -41  -28  -87    0  -47  -32  -71  -83   92  -41  -45  -10  -20   33  -26   41  -59  -35   33   -2  142  177  119  371  115  224  998  351  595  995  995  996  999
 14 Shofar                6301    33  -48   10   32   -6  -36  -21    1  -40   42   40   69   47    0  -47   43   35   57   68  -34   -6   39   74   24   14  -73  115   51   -5   13   70  190   40  241  441  129  364  557  906  922  984  966
 15 ACT-R Lag2            6038   -61   24  -50  -59  -42   46   54    7   20   83  110   94   32   47    0   12   96   42   72    9  -36  -33  294  104  -56  -35  -23   32  -15  106   82  513  -35  177  289  200  342  580   25  995 1000  996
 16 Bugbrain              5795    21    8  -57   -7  -42  -38    9   10    9   47   83   46   71  -43  -12    0  185   56   42  -43    8   -5   74   61   -3    0   39   41   -1  102   77   67   98  120  205   79  204  397  948  975  977  987
 17 ZQ Bot                5390  -302 -257 -242 -101 -310 -170  -86 -165  -58   12  -49    4   83  -35  -96 -185    0   71    5  -79  -27  -57  254  341   13  -28    3   88   16  139  153  234  256  136  172  728  355  595  993  992  999  995
 18 * Anti-rotn           5164   -42  -50  -43  -45  -46  -57  -45  -58  -42   10  -42  -54  -92  -57  -42  -56  -71    0  -15  -13  -20   31  253  -48  -36  -36   11  -12  -16  175   57  104    1  287  494  500  193  597  497  998  999  995
 19 Mixed Strategy        4938  -106  -59   24  -42  -25 -114  -47  -99  -12   45   11   13   41  -68  -72  -42   -5   15    0  -34  -41  -24   73  -13  -28  -52   15   20   -1   77  174  168   78   56  168  188  327  478  934  925  994  998
 20 Majikthise            4793   -44   -8  -12   -2  -10   14  -22   62   33  -19   -4   54   45   34   -9   43   79   13   34    0  -26  -28  143  103  -30   20    7  -15   21   50   71  214   27  123  260   13  143  468  -29  993  992  992
 21 Yomi AI               4758   -28    6  -12   -6  -19    2   12   10   27   43   42   77   10    6   36   -8   27   20   41   26    0  -26  251   23  -10  -18  -29   -6  234   36   92  332    9   97  150   54  268  389   22  579 1000  999
 22 Vroomfondel           4751     0   24   45  -23   66   21  -24   29   12   10   -6  -22   20  -39   33    5   57  -31   24   28   26    0  215   91  -24   -8  -27    6   28   72   -7  205    1  103  239  -18  191  440   10  991  993  995
 23 Multi-strategy        2399  -193 -204 -242 -228 -202 -220 -275 -226 -188 -118 -347 -375  -33  -74 -294  -74 -254 -253  -73 -143 -251 -215    0 -148  -50  -20  234    4   -3  150  123  -35   -5  288  471  500  382  999  997  997  999  998
 24 Inocencio             1027  -200 -957 -200 -133 -593 -347  -59 -133  -79 -678 -651 -655   26  -24 -104  -61 -341   48   13 -103  -23  -91  148    0  -13   -7   79   34  320  164  155  214  115   99  293  109  405  364  957  984  981  971
 25 * De Bruijn            601   -18   31  -35   14   67   73   20   13    5  -25   24   67  -41  -14   56    3  -13   36   28   30   10   24   50   13    0   -1   12    2    7   -6   23   24   17   13   13   -5   46  128   -1   21    0 -110
 26 * Pi                   507    14   24   -1   -4   22   14   14   23   24   19   -3   14   59   73   35    0   28   36   52  -20   18    8   20    7    1    0   33    7   -1  -54  -81   -8   26   23    9   20   37   30   22  -11  -11  -11
 27 * Copy-drift         -1572  -157  -77  -81 -102 -240 -269  -38  -91  -11    7  -57  -27   35 -115   23  -39   -3  -11  -15   -7   29   27 -234  -79  -12  -33    0   65   13    3   27  -70  -22  -27   32  -22   21   -7  -38    6    2   22
 28 * Add-drift          -1716  -135 -139 -167  -29 -199 -300   13 -145    6   10  -14  -77  -33  -51  -32  -41  -88   12  -20   15    6   -6   -4  -34   -2   -7  -65    0  -19  -84  -30   19  -19    4  -10    8   32   35    9  -50  -76   -9
 29 * Foxtrot            -2028  -296  -43 -358 -382   44   47  -46 -199    4  -23  -64  -26    2    5   15    1  -16   16    1  -21 -234  -28    3 -320   -7    1  -13   19    0   -5  -24    4   32  -24   32  -42  -22    7  -14   -4  -25  -25
 30 * Flat               -2687  -196  -97 -102 -169  -76  -97  -38  -67  -40 -169 -178 -256 -142  -13 -106 -102 -139 -175  -77  -50  -36  -72 -150 -164    6   54   -3   84    5    0    9   44   49  -38   -1 -197  -53  235  207   19    1 -397
 31 * Text               -2925  -109 -189  -86 -142 -123 -154 -174  -37 -115 -159 -176 -177 -177  -70  -82  -77 -153  -57 -174  -71  -92    7 -123 -155  -23   81  -27   30   24   -9    0   24   42   15   43   25   59 -185  -74  -11 -185  111
 32 Knucklehead          -2976  -519 -403 -391 -502 -257 -278 -380 -456 -518 -265 -329 -273 -119 -190 -513  -67 -234 -104 -168 -214 -332 -205   35 -214  -24    8   70  -19   -4  -44  -24    0   95   -1   41   28   24  132  886  821  932  999
 33 * Add-react          -3271  -278 -285 -343  -62 -111 -104  -70 -334  -91 -311  -94  -81 -371  -40   35  -98 -256   -1  -78  -27   -9   -1    5 -115  -17  -26   22   19  -32  -49  -42  -95    0   -3   38  -14   49   16   -1  -30  -10   24
 34 * Switch A Lot       -3546   -44 -247  -62 -215 -175 -231  -96 -140 -210 -231 -130 -114 -115 -241 -177 -120 -136 -287  -56 -123  -97 -103 -288  -99  -13  -23   27   -4   24   38  -15    1    3    0  -19 -147   51   -2  295  -20  -14    9
 35 Always Switchin'     -7012  -221 -444 -237 -293 -484 -420 -435 -216 -305 -138 -221 -237 -224 -441 -289 -205 -172 -494 -168 -260 -150 -239 -471 -293  -13   -9  -32   10  -32    1  -43  -41  -38   19    0 -281   14    3  489  -19    9    8
 36 Peterbot             -7184  -907 -903 -873 -994 -712 -872 -403 -927 -247 -492 -898 -913 -998 -129 -200  -79 -728 -500 -188  -13  -54   18 -500 -109    5  -20   22   -8   42  197  -25  -28   14  147  281    0  411  427  982  997  998  995
 37 R-P-S 20-20-60       -9541  -377 -409 -139 -414 -408 -382 -419 -298 -329 -395 -412 -377 -351 -364 -342 -204 -355 -193 -327 -143 -268 -191 -382 -405  -46  -37  -21  -32   22   53  -59  -24  -49  -51  -14 -411    0 -415 -146    3 -442   12
 38 Beat Frequent Pick  -14001  -913 -930 -917 -653 -595 -587 -814 -593 -753 -595 -592 -592 -595 -557 -580 -397 -595 -597 -478 -468 -389 -440 -999 -364 -128  -30    7  -35   -7 -235  185 -132  -16    2   -3 -427  415    0 -600    0  999  997
 39 Beat The Last Move  -19144  -990 -988 -993 -995 -992 -984 -968 -992 -991 -995 -992 -990 -995 -906  -25 -948 -993 -497 -934   29  -22  -10 -997 -957    1  -22   38   -9   14 -207   74 -886    1 -295 -489 -982  146  600    0    1 1000  996
 40 Rotate R-P-S        -25629  -991 -988 -994 -997 -990 -990 -990 -995 -990 -986 -992 -993 -995 -922 -995 -975 -992 -998 -925 -993 -579 -991 -997 -984  -21   11   -6   50    4  -19   11 -821   30   20   19 -997   -3    0   -1    0    0 -664
 41 Good Ole Rock       -26056  -994 -999 -995 -996 -996 -993 -997 -1000 -995 -1000 -999 -999 -996 -984 -1000 -977 -999 -999 -994 -992 -1000 -993 -999 -981    0   11   -2   76   25   -1  185 -932   10   14   -9 -998  442 -999 -1000    0    0  999
 42 * Anti-Flat         -27795  -1000 -994 -994 -993 -1000 -998 -995 -997 -994 -998 -991 -994 -999 -966 -996 -987 -995 -995 -998 -992 -999 -995 -998 -971  110   11  -22    9   25  397 -111 -999  -24   -9   -8 -995  -12 -997 -996  664 -999    0

 Match results (draw <= 50): 

    Player Name           total  W  L  D   1  2  3  4  5  6  7  8  9 10 11 12 13 14 15 16 17 18 19 20 21 22 23 24 25 26 27 28 29 30 31 32 33 34 35 36 37 38 39 40 41 42
  1 Iocaine Powder          68  27  0 14   1  2  2  1  2  1  1  1  1  2  2  1  1  2  1  1  2  1  2  1  2  2  1  1  2  2  2  2  2  2  2  2  2  2  1  2  2  2  2  2  2  2
  2 MegaHAL                 65  25  1 15   0  1  1  1  2  1  1  1  1  1  1  1  1  2  1  2  2  2  2  1  2  2  1  1  2  1  2  2  2  2  2  2  2  2  2  2  2  2  2  2  2  2
  3 Phasenbott              64  24  1 16   0  1  1  1  2  1  2  1  1  1  1  1  1  2  1  1  2  1  1  1  2  2  1  1  2  2  2  2  2  2  2  2  2  2  2  2  2  2  2  2  2  2
  4 Biopic                  64  23  0 18   1  1  1  1  1  1  1  1  1  2  1  1  1  2  1  2  2  1  1  1  2  2  1  1  2  2  2  2  1  2  2  2  2  2  2  2  2  2  2  2  2  2
  5 RussRocker4             60  23  4 14   0  0  0  1  1  1  1  1  1  1  1  0  1  2  1  1  2  1  2  2  2  2  1  1  2  2  2  2  2  2  2  2  2  2  2  1  2  2  2  2  2  2
  6 Simple Modeller         59  20  2 19   1  1  1  1  1  1  1  1  1  1  1  1  1  2  0  1  2  1  1  1  1  2  0  1  2  1  2  2  2  2  2  2  2  2  2  2  2  2  2  2  2  2
  7 Bugbrain                59  19  1 21   1  1  0  1  1  1  1  1  1  1  1  1  1  1  1  1  2  2  1  2  1  2  1  1  2  1  2  1  1  2  2  2  2  2  2  2  2  2  2  2  2  2
  8 Boom                    58  17  0 24   1  1  1  1  1  1  1  1  1  1  1  1  1  1  1  1  1  2  1  1  2  2  1  1  2  1  2  1  1  2  2  2  1  2  2  2  2  2  2  2  2  2
  9 Shofar                  57  17  1 23   1  1  1  1  1  1  1  1  1  1  1  1  1  1  1  1  1  1  2  2  2  1  1  0  1  1  2  2  2  2  2  1  1  2  2  2  2  2  2  2  2  2
 10 ACT-R Lag2              57  19  3 19   0  1  1  0  1  1  1  1  1  1  2  1  1  1  1  2  2  1  2  1  2  2  0  1  2  1  2  1  1  2  2  1  2  1  2  2  2  2  2  2  2  2
 11 Robertot                56  17  2 22   0  1  1  1  1  1  1  1  1  0  1  1  1  1  1  1  2  1  1  1  2  2  1  1  2  1  2  1  1  2  2  2  1  2  2  2  2  2  2  2  2  2
 12 Majikthise              55  14  0 27   1  1  1  1  2  1  1  1  1  1  1  1  1  1  1  1  1  1  1  1  2  2  1  1  2  1  2  1  1  1  2  1  1  1  2  2  2  2  2  2  2  2
 13 Yomi AI                 54  13  0 28   1  1  1  1  1  1  1  1  1  1  1  1  1  1  1  1  1  1  1  1  2  1  1  1  1  2  2  1  1  2  2  1  1  1  2  2  2  2  2  2  2  2
 14 Simple Predictor        54  20  7 14   0  0  0  0  0  0  1  1  1  1  1  1  1  1  1  1  1  1  2  2  1  2  0  1  2  1  2  2  2  2  2  2  2  2  2  2  2  2  2  2  2  2
 15 Vroomfondel             54  13  0 28   1  1  1  1  1  2  1  1  1  1  1  1  1  1  1  1  1  1  1  1  1  2  1  1  2  1  2  1  1  1  2  1  2  1  2  1  2  2  2  2  2  2
 16 Sweet Rocky             53  15  3 23   1  0  1  0  1  1  1  1  1  0  1  1  1  1  1  1  1  1  1  1  1  1  1  1  2  1  2  1  1  2  2  2  2  2  2  2  2  2  2  2  2  2
 17 Marble                  49  17  9 15   0  0  0  0  0  0  0  1  1  0  0  1  1  1  1  1  1  1  1  1  1  1  1  1  2  2  2  2  1  2  2  2  2  2  2  2  2  2  2  2  2  2
 18 Piedra                  49  14  6 21   1  0  1  1  1  1  0  0  1  1  1  1  1  1  1  1  1  1  1  2  0  0  1  0  1  1  1  1  1  2  2  2  2  2  2  2  2  2  2  2  2  2
 19 Mixed Strategy          48  14  7 20   0  0  1  1  0  1  1  1  0  0  1  1  1  0  1  1  1  1  1  1  1  1  1  0  1  1  2  1  1  2  2  2  2  2  2  2  2  2  2  2  2  2
 20 * Anti-rotn             47  13  7 21   1  1  1  1  0  1  0  1  0  1  1  1  1  0  1  1  1  0  1  1  0  0  1  1  1  1  2  1  1  2  2  1  2  2  2  2  2  2  2  2  2  2
 21 Granite                 47  18 12 11   0  0  0  0  0  1  1  0  0  0  0  0  0  1  1  1  1  2  1  2  1  1  0  1  2  1  2  1  2  2  2  2  2  2  2  2  2  2  2  2  2  2
 22 ZQ Bot                  46  18 13 10   0  0  0  0  0  0  0  0  1  0  0  0  1  0  0  1  1  2  1  2  1  1  1  1  2  1  2  1  2  2  2  2  2  2  2  2  2  2  2  2  2  2
 23 * De Bruijn             45   5  1 35   1  1  1  1  1  2  1  1  1  2  1  1  1  2  1  1  1  1  1  1  2  1  1  1  1  1  1  1  1  1  1  1  1  1  1  1  1  1  2  0  1  1
 24 * Pi                    42   3  2 36   1  1  1  1  1  1  1  1  2  1  1  1  1  1  1  1  1  2  2  1  1  1  1  1  1  1  1  1  1  1  1  1  0  1  1  0  1  1  1  1  1  1
 25 Inocencio               40  16 17  8   0  0  0  0  0  0  0  0  1  0  0  0  1  0  0  0  0  1  1  1  0  0  1  1  1  2  2  2  1  2  2  2  2  2  2  2  2  2  2  2  2  2
 26 * Foxtrot               34   0  7 34   0  1  0  0  0  1  1  1  1  1  1  1  0  1  1  1  0  1  1  1  1  1  1  1  0  1  1  1  1  1  1  1  1  1  1  1  1  1  1  1  1  1
 27 Multi-strategy          31  12 22  7   0  0  0  0  0  0  0  0  0  0  0  0  0  0  0  0  0  1  0  0  0  0  1  1  0  1  1  2  1  2  1  1  2  2  2  2  2  2  2  2  2  2
 28 * Copy-drift            30   1 12 28   0  0  0  0  0  0  1  1  0  1  1  1  1  0  1  1  0  1  1  1  1  1  1  1  0  1  0  1  2  1  0  1  1  1  1  1  1  1  1  1  1  1
 29 * Add-drift             29   0 12 29   0  0  0  1  0  0  1  1  0  1  1  1  1  0  1  1  1  1  1  1  0  0  1  1  1  1  1  0  1  1  1  1  0  1  1  1  1  0  1  1  1  1
 30 Peterbot                28   9 22 10   0  0  0  0  0  0  0  0  0  0  0  1  0  0  1  0  0  0  0  0  0  0  1  1  0  1  0  1  1  1  1  1  2  2  2  1  2  2  2  2  2  2
 31 Knucklehead             25   7 23 11   0  0  0  0  0  0  0  0  0  0  0  0  0  0  0  0  0  0  0  0  0  0  1  1  0  1  1  2  1  1  1  2  1  2  1  1  1  2  2  2  2  1
 32 * Add-react             23   0 18 23   0  0  0  0  0  0  0  0  1  1  0  1  1  0  1  0  0  0  0  1  0  0  1  1  0  1  1  1  1  1  0  1  1  1  1  1  1  1  1  1  1  1
 33 * Flat                  23   4 22 15   0  0  0  0  0  0  0  1  1  0  1  1  1  0  0  0  0  0  0  0  0  0  1  2  0  1  0  1  2  0  1  1  1  2  1  1  1  1  2  0  1  0
 34 Beat The Last Move      21   5 25 11   0  0  0  0  0  0  0  0  0  1  0  1  1  0  1  0  0  0  0  0  0  0  1  1  0  1  0  1  1  0  0  1  0  1  0  2  0  2  2  2  1  2
 35 * Switch A Lot          19   2 24 15   1  0  0  0  0  0  0  0  0  0  0  0  0  0  0  0  0  0  0  0  0  0  1  1  0  1  0  1  1  0  1  1  1  2  1  1  1  1  1  1  1  2
 36 * Text                  19   3 25 13   0  0  0  0  1  0  0  0  0  0  0  0  0  0  1  0  0  0  0  0  0  0  1  2  0  1  0  1  1  1  1  1  1  0  1  1  1  0  0  2  1  2
 37 Always Switchin'        17   1 25 15   0  0  0  0  0  0  0  0  0  0  0  0  0  0  0  0  0  0  0  0  0  0  1  1  0  1  0  1  1  0  1  1  1  2  1  1  1  1  1  1  1  1
 38 Good Ole Rock           17   4 28  9   0  0  0  0  0  0  0  0  0  0  0  0  0  0  0  0  0  0  0  0  0  0  1  1  0  1  0  1  2  0  0  1  1  0  1  2  1  1  0  2  1  2
 39 Beat Frequent Pick      16   4 29  8   0  0  0  0  0  0  0  0  0  0  0  0  0  0  0  0  0  0  0  0  0  0  0  1  0  1  0  1  1  0  0  1  0  0  1  2  1  2  1  2  1  2
 40 * Anti-Flat             14   3 30  8   0  0  0  0  0  0  0  0  0  0  0  0  0  0  0  0  0  0  0  0  0  0  2  1  0  1  0  1  1  0  0  1  2  0  1  0  1  0  0  1  2  1
 41 Rotate R-P-S            14   0 27 14   0  0  0  0  0  0  0  0  0  0  0  0  0  0  0  0  0  0  0  0  0  0  1  1  0  1  0  1  1  0  0  1  1  1  1  1  1  1  1  0  1  1
 42 R-P-S 20-20-60          12   1 30 10   0  0  0  0  0  0  0  0  0  0  0  0  0  0  0  0  0  0  0  0  0  0  1  1  0  1  0  1  1  0  1  1  2  0  0  0  1  0  0  1  1  1


   Yomi AI is match ranked 13

 Tournament results:
    Player Name          total 
  1 Yomi AI               4758 
 15 * Anti-rotn           5164 
 19 Iocaine Powder       10694 
 20 Phasenbott            9741 
 21 MegaHAL              10286 
 22 RussRocker4           7303 
 23 Biopic                8987 
 24 Simple Modeller       8976 
 25 Simple Predictor      7668 
 26 Robertot              7396 
 27 Boom                  6923 
 28 Shofar                6301 
 29 ACT-R Lag2            6038 
 30 Majikthise            4793 
 32 Granite               6700 
 33 Marble                6782 
 34 ZQ Bot                5390 
 35 Sweet Rocky           6808 
 36 Piedra                6357 
 37 Mixed Strategy        4938 
 41 Bugbrain              5795 

   Yomi is tournament ranked 21

