 Playing 1 tournaments with 1000 trials per match...

 Yomi AI            vs Good Ole Rock       Match: 1000 (1000+   0-   0=)
 Yomi AI            vs R-P-S 20-20-60      Match:  369 (583+ 214- 203=)
 Yomi AI            vs Rotate R-P-S        Match:  991 (995+   4-   1=)
 Yomi AI            vs Beat The Last Move  Match:  245 (484+ 239- 277=)
 Yomi AI            vs Always Switchin'    Match:  289 (477+ 188- 335=)
 Yomi AI            vs Beat Frequent Pick  Match:  658 (792+ 134-  74=)
 Yomi AI            vs * Pi                Match:    8 (338+ 330- 332=)
 Yomi AI            vs * Switch A Lot      Match:  175 (442+ 267- 291=)
 Yomi AI            vs * Flat              Match:  210 (480+ 270- 250=)
 Yomi AI            vs * Anti-Flat         Match:  999 (999+   0-   1=)
 Yomi AI            vs * Foxtrot           Match:  438 (625+ 187- 188=)
 Yomi AI            vs * De Bruijn         Match:   18 (337+ 319- 344=)
 Yomi AI            vs * Text              Match:  168 (437+ 269- 294=)
 Yomi AI            vs * Anti-rotn         Match:   38 (360+ 322- 318=)
 Yomi AI            vs * Copy-drift        Match:   -1 (321+ 322- 357=)
 Yomi AI            vs * Add-react         Match:   51 (383+ 332- 285=)
 Yomi AI            vs * Add-drift         Match:   75 (389+ 314- 297=)
 Yomi AI            vs Iocaine Powder      Match:  -29 (323+ 352- 325=)
 Yomi AI            vs Phasenbott          Match:   19 (357+ 338- 305=)
 Yomi AI            vs MegaHAL             Match:   -9 (343+ 352- 305=)
 Yomi AI            vs RussRocker4         Match:    2 (339+ 337- 324=)
 Yomi AI            vs Biopic              Match:    5 (363+ 358- 279=)
 Yomi AI            vs Simple Modeller     Match:   43 (353+ 310- 337=)
 Yomi AI            vs Simple Predictor    Match:   23 (371+ 348- 281=)
 Yomi AI            vs Robertot            Match:  -16 (353+ 369- 278=)
 Yomi AI            vs Boom                Match:   -4 (360+ 364- 276=)
 Yomi AI            vs Shofar              Match:    6 (347+ 341- 312=)
 Yomi AI            vs ACT-R Lag2          Match:   11 (350+ 339- 311=)
 Yomi AI            vs Majikthise          Match:  -40 (316+ 356- 328=)
 Yomi AI            vs Vroomfondel         Match:   -9 (339+ 348- 313=)
 Yomi AI            vs Granite             Match:  154 (486+ 332- 182=)
 Yomi AI            vs Marble              Match:   92 (445+ 353- 202=)
 Yomi AI            vs ZQ Bot              Match:   74 (415+ 341- 244=)
 Yomi AI            vs Sweet Rocky         Match:   47 (371+ 324- 305=)
 Yomi AI            vs Piedra              Match:   29 (377+ 348- 275=)
 Yomi AI            vs Mixed Strategy      Match:   12 (365+ 353- 282=)
 Yomi AI            vs Multi-strategy      Match:  406 (612+ 206- 182=)
 Yomi AI            vs Inocencio           Match:  110 (418+ 308- 274=)
 Yomi AI            vs Peterbot            Match:  326 (564+ 238- 198=)
 Yomi AI            vs Bugbrain            Match:   79 (382+ 303- 315=)
 Yomi AI            vs Knucklehead         Match:  544 (690+ 146- 164=)
 Final results (draw value = 50):

 Tournament results: 

    Player Name          total     1    2    3    4    5    6    7    8    9   10   11   12   13   14   15   16   17   18   19   20   21   22   23   24   25   26   27   28   29   30   31   32   33   34   35   36   37   38   39   40   41   42
  1 Iocaine Powder       11157     0   86   62   40   61   29  495   34   55  183  239  -16   62  -39  213    7   26  317   13   55   49    6  252  738  -25   32   66  212  332  300  188  100  561   63  871  230  382  915  991  989  992  991
  2 Phasenbott            9973   -86    0   87   34   60  -19  528   60   35  116  206   13   -3   22  246   -5   28  280   26    8   47  106  255  239   38  -36  117   15  387  275   77   84  395  111  944  209  189  934  984  993  993  981
  3 MegaHAL               9398   -62  -87    0   34   50    9   65    2   31   15  204   45   -6  -25  254   46   14  250   57   47   52   12  220  202  -46  -32  207   40   47  274  126  133  364  190  898  442  405  944  993  988 1000  996
  4 Biopic                8466   -40  -34  -34    0   -1   -5  -25  -55   13   43  137   14   51  -19  124   76   20   98   19  -37   40   62  313  160  -27   18   10   38  388  -33   76  152  484  153  724  338  375  863  996  995  997  999
  5 Simple Modeller       8233   -61  -60  -50    1    0  -43    9   57   28  238   95   47  -34   18   61   28   82  316    8  -25   45   46  270   62  -18   -3  227  297  -37  116   77  123  159  150  538  481  413  592  991  997  998  994
  6 Yomi AI               7606   -29   19   -9    5   43    0    2  -16   -4   23  154   47   11    6   92   29   79   74  -40   -9   38   12  406  110   18    8   75   -1  438   51  210  168  544  175  326  289  369  658  245  991 1000  999
  7 RussRocker4           7393  -495 -528  -65   25   -9   -2    0   78    5  103  152   52   37   -9  135   36    1  160  -50   37   65   76  161  114  -61  -61   84  135  151  294  139   70  443  102  903  274  263  593  995  993 1000  997
  8 Robertot              7390   -34  -60   -2   55  -57   16  -78    0   84   59   21   17   14   33   37   62   46   97   -2   33   27   12  275   23  -36   -6    3    8  -19   34   85  171  407   95  408  465  428  855  816 1000  998 1000
  9 Boom                  7257   -55  -35  -31  -13  -28    4   -5  -84    0   26  -20   28  -43   47   67   23  -30   78  -56  -29   51   51  271   45   33  -14   67   13  -14   83   39  118  486  263  488  347  399  753  991  990  997  956
 10 Simple Predictor      6832  -183 -116  -15  -43 -238  -23 -103  -59  -26    0   34   35  -59  -48    5   29    2  181  -17  -53   54    4  179  260  -62   19  250  234  -23  122  104  166  313  242  319  404  391  592  984  986  993  998
 11 Granite               6804  -239 -206 -204 -137  -95 -154 -152  -21   20  -34    0   56 -156   16    4   20  -55   26  -28  -49   37   36  252  656  -87    8   36  -15  120  129  160  183  333  230  814  327  400  591  991  996  999  996
 12 Sweet Rocky           6655    16  -13  -45  -14  -47  -47  -52  -17  -28  -35  -56    0    1  -58  -59  -15  -47  -46  -47  -40   60  -13   84  743   -9  -49   15   53   49   17  115  149  164  175  576  233  384  590  993  989  994  992
 13 ACT-R Lag2            6597   -62    3    6  -51   34  -11  -37  -14   43   59  156   -1    0   -6  137   31    2   82  -20    9   35  118  284   74  -83  -12  -41   58  -51   25  135   65  462  177  117  294  241  569  791  992  998  989
 14 Shofar                6518    39  -22   25   19  -18   -6    9  -33  -47   48  -16   58    6    0   35   45  -22   40  -19  -44   45   76  133   46  -77   -5   16  123    1   94  118  164  177  256  122  431  369  557  908  916  969  982
 15 Marble                6490  -213 -246 -254 -124  -61  -92 -135  -37  -67   -5   -4   59 -137  -35    0   38  -67   11  -67   10   38   19  211  645  -72  -48    3   65   92   94  165  181  343  193  712  302  393  591  991  998 1000 1000
 16 Piedra                5945    -7    5  -46  -76  -28  -29  -36  -62  -23  -29  -20   15  -31  -45  -38    0  -38  -50  -31   -9   47   -2  113  -24  -58   -4  117   16   -1   95  183  181  147  174  299  292  374  592  990  994 1000  998
 17 Bugbrain              5868   -26  -28  -14  -20  -82  -79   -1  -46   30   -2   55   47   -2   22   67   38    0  198   -9    1   45   25  108  100  -20    1  139  106   34   90   32   70  132   63  193  225  187  405  921  929  969  965
 18 ZQ Bot                5515  -317 -280 -250  -98 -316  -74 -160  -97  -78 -181  -26   46  -82  -40  -11   50 -198    0  -19    8   52   44  206  -55  -44   28   53   67  -31  249  194  148  331  213 1000  255  355  593  989  995  996 1000
 19 Majikthise            5085   -13  -26  -57  -19   -8   40   50    2   56   17   28   47   20   19   67   31    9   19    0  -14   31   23  200  122  -10   36   31   -2   50  -32  107   -8  238  130   38  282  184  460  -36  992  994  987
 20 Vroomfondel           4738   -55   -8  -47   37   25    9  -37  -33   29   53   49   40   -9   44  -10    9   -1   -8   14    0   33   -9  166   64    0    7   26   49   24   37   77   57  177  103   20  255  163  447  -29  993  994  983
 21 * Anti-rotn           4713   -49  -47  -52  -40  -45  -38  -65  -27  -51  -54  -37  -60  -35  -45  -38  -47  -45  -52  -31  -33    0  -20  261  -35  -36  -36   53  -32    3   -4  178   60  137  297   84  493  207  500  496  998 1000 1000
 22 Mixed Strategy        4671    -6 -106  -12  -62  -46  -12  -76  -12  -51   -4  -36   13 -118  -76  -19    2  -25  -44  -23    9   20    0    6  -27  -45  -44   38   53  -29   66  -30  126  168  134  261   38  329  467  952  916  998  978
 23 Multi-strategy        2504  -252 -255 -220 -313 -270 -406 -161 -275 -271 -179 -252  -84 -284 -133 -211 -113 -108 -206 -200 -166 -261   -6    0  -53  -50  -20   16  277  -34   75   93  123   36  291  500  484  403  999  997  997  999  997
 24 Inocencio             1973  -738 -239 -202 -160  -62 -110 -114  -23  -45 -260 -656 -743  -74  -46 -645   24 -100   55 -122  -64   35   27   53    0   20  -28   64   94  273   73  161  152  267  103   87  261  418  348  949  984  980  976
 25 * De Bruijn            706    25  -38   46   27   18  -18   61   36  -33   62   87    9   83   77   72   58   20   44   10    0   36   45   50  -20    0   -1   10  -48   -5    5  -13   23  -69   -6   -5   24   -3  128   -1   21    0 -111
 26 * Pi                   119   -32   36   32  -18    3   -8   61    6   14  -19   -8   49   12    5   48    4   -1  -28  -36   -7   36   44   20   28    1    0   -6  -41  -15   12  -44  -81  -13   -5   -1    0   54   30   22  -11  -11  -13
 27 * Add-drift          -1735   -66 -117 -207  -10 -227  -75  -84   -3  -67 -250  -36  -15   41  -16   -3 -117 -139  -53  -31  -26  -53  -38  -16  -64  -10    6    0   11   -3 -101  -47   12  -17   11  -27    8   10   49    9  -42   28   40
 28 * Copy-drift         -1966  -212  -15  -40  -38 -297    1 -135   -8  -13 -234   15  -53  -58 -123  -65  -16 -106  -67    2  -49   32  -53 -277  -94   48   41  -11    0   11    8  -45   20 -129  -33  -18    6    4   -5   43  -13   -5   15
 29 * Foxtrot            -2150  -332 -387  -47 -388   37 -438 -151   19   14   23 -120  -49   51   -1  -92    1  -34   31  -50  -24   -3   29   34 -273    5   15    3  -11    0   -1   44   -3   25  -30  -19   31  -18   13  -14  -62   12   10
 30 * Add-react          -2365  -300 -275 -274   33 -116  -51 -294  -34  -83 -122 -129  -17  -25  -94  -94  -95  -90 -249   32  -37    4  -66  -75  -73   -5  -12  101   -8    1    0  -54    8  -36   12    7   55  -28    2   22   87    2    5
 31 * Flat               -2821  -188  -77 -126  -76  -77 -210 -139  -85  -39 -104 -160 -115 -135 -118 -165 -183  -32 -194 -107  -77 -178   30  -93 -161   13   44   47   45  -44   54    0  -22   25  -73 -187  -15   15  244  197   58    1 -414
 32 * Text               -3190  -100  -84 -133 -152 -123 -168  -70 -171 -118 -166 -183 -149  -65 -164 -181 -181  -70 -148    8  -57  -60 -126 -123 -152  -23   81  -12  -20    3   -8   22    0  -44   -9   21   59   19 -185  -74  -11 -185  112
 33 Knucklehead          -3640  -561 -395 -364 -484 -159 -544 -443 -407 -486 -313 -333 -164 -462 -177 -343 -147 -132 -331 -238 -177 -137 -168  -36 -267   69   13   17  129  -25   36  -25   44    0    1  -32   35   34   50  768  709  863  942
 34 * Switch A Lot       -3854   -63 -111 -190 -153 -150 -175 -102  -95 -263 -242 -230 -175 -177 -256 -193 -174  -63 -213 -130 -103 -297 -134 -291 -103    6    5  -11   33   30  -12   73    9   -1    0 -138  -40   -3   34  294  -18   -2  -30
 35 Peterbot             -5783  -871 -944 -898 -724 -538 -326 -903 -408 -488 -319 -814 -576 -117 -122 -712 -299 -193 -1000  -38  -20  -84 -261 -500  -87    5    1   27   18   19   -7  187  -21   32  138    0  270  405  436  963  999 1000  987
 36 Always Switchin'     -7597  -230 -209 -442 -338 -481 -289 -274 -465 -347 -404 -327 -233 -294 -431 -302 -292 -225 -255 -282 -255 -493  -38 -484 -261  -24    0   -8   -6  -31  -55   15  -59  -35   40 -270    0   -3  -19  495    0    7    7
 37 R-P-S 20-20-60       -9437  -382 -189 -405 -375 -413 -369 -263 -428 -399 -391 -400 -384 -241 -369 -393 -374 -187 -355 -184 -163 -207 -329 -403 -418    3  -54  -10   -4   18   28  -15  -19  -34    3 -405    3    0 -412 -143   -7 -410   42
 38 Beat Frequent Pick  -14374  -915 -934 -944 -863 -592 -658 -593 -855 -753 -592 -591 -590 -569 -557 -591 -592 -405 -593 -460 -447 -500 -467 -999 -348 -128  -30  -49    5  -13   -2 -244  185  -50  -34 -436   19  412    0 -600    0  999 1000
 39 Beat The Last Move  -19869  -991 -984 -993 -996 -991 -245 -995 -816 -991 -984 -991 -993 -791 -908 -991 -990 -921 -989   36   29 -496 -952 -997 -949    1  -22   -9  -43   14  -22 -197   74 -768 -294 -963 -495  143  600    0    1 1000 1000
 40 Rotate R-P-S        -25977  -989 -993 -988 -995 -997 -991 -993 -1000 -990 -986 -996 -989 -992 -916 -998 -994 -929 -995 -992 -993 -998 -916 -997 -984  -21   11   42   13   62  -87  -58   11 -709   18 -999    0    7    0   -1    0    0 -655
 41 Good Ole Rock       -26157  -992 -993 -1000 -997 -998 -1000 -1000 -998 -997 -993 -999 -994 -998 -969 -1000 -1000 -969 -996 -994 -994 -1000 -998 -999 -980    0   11  -28    5  -12   -2   -1  185 -863    2 -1000   -7  410 -999 -1000    0    0 1000
 42 * Anti-Flat         -27691  -991 -981 -996 -999 -994 -999 -997 -1000 -956 -998 -996 -992 -989 -982 -1000 -998 -965 -1000 -987 -983 -1000 -978 -997 -976  111   13  -40  -15  -10   -5  414 -112 -942   30 -987   -7  -42 -1000 -1000  655 -1000    0

 Match results (draw <= 50): 

    Player Name           total  W  L  D   1  2  3  4  5  6  7  8  9 10 11 12 13 14 15 16 17 18 19 20 21 22 23 24 25 26 27 28 29 30 31 32 33 34 35 36 37 38 39 40 41 42
  1 Iocaine Powder          70  29  0 12   1  2  1  2  2  2  1  1  1  2  1  2  1  2  1  1  2  1  2  1  2  1  2  2  1  2  2  2  2  2  2  2  2  2  2  2  2  2  2  2  2  2
  2 Phasenbott              66  26  1 14   0  1  1  2  2  2  1  1  1  1  2  1  1  1  1  1  2  1  2  1  2  2  2  2  1  2  2  2  2  1  2  2  2  2  2  2  2  2  2  2  2  2
  3 Yomi AI                 62  21  0 20   1  1  1  1  1  1  1  2  1  1  1  1  1  1  1  1  1  1  2  1  2  1  2  2  1  2  2  2  2  1  2  2  2  2  2  2  2  2  2  2  2  2
  4 RussRocker4             62  26  5 10   0  0  1  1  1  0  1  1  1  1  2  1  1  1  2  1  2  2  2  0  2  2  2  2  0  2  2  2  2  2  2  2  2  2  2  2  2  2  2  2  2  2
  5 Simple Modeller         62  23  2 16   0  0  1  1  1  1  1  2  1  1  2  1  1  1  1  1  2  1  2  1  2  1  2  2  1  1  2  2  2  2  2  2  2  2  2  2  2  2  2  2  2  2
  6 MegaHAL                 61  22  2 17   0  0  1  2  1  1  1  1  1  1  1  1  2  1  1  1  1  2  2  1  2  1  2  2  1  1  2  2  2  1  2  2  2  2  2  2  2  2  2  2  2  2
  7 Biopic                  61  21  1 19   1  1  1  1  1  1  1  1  1  2  0  1  1  1  1  2  1  1  2  1  2  2  2  2  1  2  2  2  1  1  1  2  2  2  2  2  2  2  2  2  2  2
  8 Bugbrain                58  19  2 20   1  1  0  1  0  1  1  1  1  1  1  1  1  1  1  1  1  1  2  1  2  1  2  2  1  1  2  2  2  2  2  2  1  2  2  2  2  2  2  2  2  2
  9 Shofar                  57  17  1 23   1  1  1  1  1  1  1  1  1  1  1  1  1  1  2  1  1  1  1  0  1  2  1  1  1  1  2  2  1  2  2  2  2  2  2  2  2  2  2  2  2  2
 10 ACT-R Lag2              57  20  4 17   0  1  1  1  1  1  0  1  1  1  1  1  1  1  1  1  2  1  2  0  2  2  2  2  1  0  2  2  1  2  1  2  2  2  2  2  2  2  2  2  2  2
 11 Robertot                56  18  3 20   1  0  1  0  0  1  2  1  1  1  1  2  1  1  1  2  2  1  1  1  1  1  2  1  1  1  2  2  1  1  1  2  2  2  2  2  2  2  2  2  2  2
 12 Boom                    56  18  3 20   0  1  1  1  1  1  1  1  1  1  0  1  0  1  1  1  1  2  1  1  2  2  2  1  1  1  2  2  2  1  2  2  1  2  2  2  2  2  2  2  2  2
 13 Majikthise              53  13  1 27   1  1  1  1  1  0  1  1  1  1  1  2  1  1  1  1  1  1  1  1  2  1  1  2  1  1  2  1  1  1  1  2  2  1  2  1  2  2  2  2  2  2
 14 Vroomfondel             53  13  1 27   0  1  1  1  1  1  1  1  1  1  1  1  1  1  1  1  2  1  1  1  1  1  1  2  1  1  2  1  1  1  1  2  2  1  2  2  2  2  2  2  2  2
 15 Sweet Rocky             53  16  4 21   1  1  1  0  1  1  1  1  0  1  1  1  1  1  1  1  1  2  0  1  0  1  1  2  1  1  2  2  1  2  1  2  2  2  2  2  2  2  2  2  2  2
 16 Piedra                  53  15  3 23   1  1  1  1  1  1  0  1  1  1  0  1  1  1  1  1  1  1  1  0  1  1  1  1  1  1  2  2  2  1  2  2  2  2  2  2  2  2  2  2  2  2
 17 Simple Predictor        52  19  8 14   0  0  1  0  0  1  1  1  1  0  0  1  1  0  1  1  1  2  1  0  1  1  2  2  1  1  2  2  2  2  2  2  2  2  2  2  2  2  2  2  2  2
 18 * Anti-rotn             49  14  6 21   1  1  1  0  1  0  1  1  1  1  1  0  1  1  0  1  0  1  1  1  1  1  0  1  1  1  2  2  2  1  1  2  2  2  2  2  2  2  2  2  2  2
 19 Granite                 48  17 10 14   0  0  0  0  0  0  0  0  1  0  1  1  1  1  2  1  1  1  1  0  1  1  1  2  1  2  2  2  1  1  2  2  2  2  2  2  2  2  2  2  2  2
 20 * De Bruijn             47   8  2 31   1  1  1  2  1  1  1  1  2  2  1  1  1  1  1  2  2  1  2  1  2  1  1  1  1  1  1  1  1  1  1  0  1  1  1  1  2  1  1  0  1  1
 21 Marble                  47  18 12 11   0  0  0  0  0  0  0  0  1  0  1  0  0  1  2  1  1  1  1  0  1  1  1  2  1  2  2  2  1  2  2  2  2  2  2  2  2  2  2  2  2  2
 22 Mixed Strategy          47  12  6 23   1  0  1  0  1  1  0  1  0  0  1  0  1  1  1  1  1  1  1  1  1  1  1  1  1  1  1  2  1  2  2  2  1  2  2  2  2  1  2  2  2  2
 23 ZQ Bot                  45  17 13 11   0  0  0  0  0  0  0  0  1  0  0  0  1  1  1  1  0  2  1  1  1  1  1  0  1  1  2  2  2  2  2  2  2  2  2  2  2  2  2  2  2  2
 24 Inocencio               44  18 15  8   0  0  0  0  0  0  0  0  1  0  1  1  0  0  0  1  0  1  0  1  0  1  2  1  1  2  2  2  2  2  2  2  2  2  2  2  2  2  2  2  2  2
 25 * Pi                    42   2  1 38   1  1  1  2  1  1  1  1  1  1  1  1  1  1  1  1  1  1  1  1  1  1  1  1  1  1  1  1  1  1  1  1  1  1  1  0  1  1  1  1  1  2
 26 * Foxtrot               33   1  9 31   0  0  0  0  1  1  0  1  1  2  1  1  1  1  1  1  1  1  0  1  0  1  1  0  1  1  1  1  1  1  1  1  1  1  1  1  1  1  1  1  0  1
 27 Multi-strategy          32  13 22  6   0  0  0  0  0  0  0  0  0  0  0  0  0  0  0  0  0  0  0  1  0  1  0  0  1  1  1  2  1  2  2  1  2  2  2  2  2  2  2  2  2  2
 28 Peterbot                28   9 22 10   0  0  0  0  0  0  0  0  0  0  0  0  1  1  0  0  0  0  0  1  0  0  0  0  1  1  0  1  1  1  1  1  2  2  2  1  2  2  2  2  2  2
 29 * Add-drift             27   0 14 27   0  0  0  0  0  0  1  0  1  1  1  0  1  1  1  0  0  0  1  1  1  1  0  0  1  1  1  1  1  1  0  1  1  1  1  1  1  1  1  1  1  1
 30 * Copy-drift            27   0 14 27   0  1  1  0  0  1  1  0  0  0  1  1  1  1  0  1  0  1  1  1  0  0  0  0  1  1  0  1  1  1  1  0  1  1  1  1  1  1  1  1  1  1
 31 * Add-react             26   3 18 20   0  0  0  0  0  0  1  0  0  1  1  0  1  1  1  0  0  1  0  1  0  0  0  0  1  1  0  1  2  1  1  1  0  1  1  1  1  2  1  1  2  1
 32 Knucklehead             24   6 23 12   0  0  0  0  0  0  0  0  0  0  0  0  0  0  0  0  0  0  0  2  0  0  0  0  1  1  1  1  1  2  1  1  1  2  1  1  1  1  2  2  2  1
 33 * Flat                  21   4 24 13   0  0  0  0  0  0  0  1  0  0  0  1  0  0  0  0  0  0  0  1  0  1  0  0  1  1  0  0  1  1  2  1  1  2  0  1  2  1  1  0  2  1
 34 Beat The Last Move      19   5 27  9   0  0  0  0  0  0  0  0  0  0  0  0  1  1  0  0  0  0  0  1  0  0  0  0  1  1  0  0  1  1  1  0  0  1  0  2  2  0  2  2  1  2
 35 * Switch A Lot          18   2 25 14   0  0  0  0  0  0  0  0  0  0  0  0  0  0  0  0  0  0  0  1  0  0  0  0  1  1  0  0  1  1  1  1  2  2  1  1  1  1  1  1  1  1
 36 * Text                  18   3 26 12   0  0  0  0  0  0  0  0  0  0  0  0  1  0  0  0  0  0  0  1  0  0  0  0  2  1  0  1  1  1  1  1  1  0  1  1  0  2  0  2  1  1
 37 Beat Frequent Pick      17   4 28  9   0  0  0  0  0  0  0  0  0  0  0  0  0  0  0  0  0  0  0  0  0  0  0  0  1  1  0  0  1  1  1  1  0  0  1  2  1  1  2  2  1  2
 38 Always Switchin'        16   1 26 14   0  0  0  0  0  0  0  0  0  0  0  0  0  0  0  0  0  0  0  1  0  1  0  0  1  1  0  0  1  1  0  1  1  2  1  0  1  1  1  1  1  1
 39 Good Ole Rock           16   3 28 10   0  0  0  0  0  0  0  0  0  0  0  0  0  0  0  0  0  0  0  1  0  0  0  0  1  1  0  0  1  1  1  0  1  0  1  2  0  1  1  2  1  2
 40 * Anti-Flat             14   3 30  8   0  0  0  0  0  0  0  0  0  0  0  0  0  0  0  0  0  0  0  2  0  0  0  0  1  1  0  0  1  1  1  0  2  0  1  0  0  1  0  1  2  1
 41 Rotate R-P-S            13   1 29 11   0  0  0  0  0  0  0  0  0  0  0  0  0  0  0  0  0  0  0  1  0  0  0  0  1  2  0  0  1  1  0  0  0  1  1  1  1  1  1  0  1  1
 42 R-P-S 20-20-60          12   0 29 12   0  0  0  0  0  0  0  0  0  0  0  0  0  0  0  0  0  0  0  1  0  0  0  0  0  1  0  0  1  1  1  1  1  0  1  1  0  1  0  1  1  1


   Yomi AI is match ranked 3

 Tournament results:
    Player Name          total 
  1 Yomi AI               7606 
 19 Iocaine Powder       11157 
 20 Phasenbott            9973 
 21 MegaHAL               9398 
 23 Biopic                8466 
 24 Simple Modeller       8233 

   Yomi is tournament ranked 6

