 Playing 1 tournaments with 1000 trials per match...

 Yomi AI            vs Good Ole Rock       Match: 1000 (1000+   0-   0=)
 Yomi AI            vs R-P-S 20-20-60      Match:  391 (592+ 201- 207=)
 Yomi AI            vs Rotate R-P-S        Match:  997 (998+   1-   1=)
 Yomi AI            vs Beat The Last Move  Match:  213 (472+ 259- 269=)
 Yomi AI            vs Always Switchin'    Match:  268 (528+ 260- 212=)
 Yomi AI            vs Beat Frequent Pick  Match:  708 (831+ 123-  46=)
 Yomi AI            vs * Pi                Match:    3 (335+ 332- 333=)
 Yomi AI            vs * Switch A Lot      Match:  200 (454+ 254- 292=)
 Yomi AI            vs * Flat              Match:  150 (421+ 271- 308=)
 Yomi AI            vs * Anti-Flat         Match:  999 (999+   0-   1=)
 Yomi AI            vs * Foxtrot           Match:  459 (635+ 176- 189=)
 Yomi AI            vs * De Bruijn         Match:    7 (339+ 332- 329=)
 Yomi AI            vs * Text              Match:  158 (438+ 280- 282=)
 Yomi AI            vs * Anti-rotn         Match:   11 (349+ 338- 313=)
 Yomi AI            vs * Copy-drift        Match:   28 (346+ 318- 336=)
 Yomi AI            vs * Add-react         Match:   85 (422+ 337- 241=)
 Yomi AI            vs * Add-drift         Match:   65 (381+ 316- 303=)
 Yomi AI            vs Iocaine Powder      Match:   -3 (317+ 320- 363=)
 Yomi AI            vs Phasenbott          Match:  -58 (321+ 379- 300=)
 Yomi AI            vs MegaHAL             Match:  -26 (338+ 364- 298=)
 Yomi AI            vs RussRocker4         Match:  -28 (338+ 366- 296=)
 Yomi AI            vs Biopic              Match:  -33 (318+ 351- 331=)
 Yomi AI            vs Simple Modeller     Match:  -24 (326+ 350- 324=)
 Yomi AI            vs Simple Predictor    Match:    2 (353+ 351- 296=)
 Yomi AI            vs Robertot            Match:   97 (407+ 310- 283=)
 Yomi AI            vs Boom                Match:    9 (340+ 331- 329=)
 Yomi AI            vs Shofar              Match:    2 (351+ 349- 300=)
 Yomi AI            vs ACT-R Lag2          Match:  -15 (343+ 358- 299=)
 Yomi AI            vs Majikthise          Match:  -26 (335+ 361- 304=)
 Yomi AI            vs Vroomfondel         Match:    7 (340+ 333- 327=)
 Yomi AI            vs Granite             Match:  113 (444+ 331- 225=)
 Yomi AI            vs Marble              Match:  123 (478+ 355- 167=)
 Yomi AI            vs ZQ Bot              Match:   93 (438+ 345- 217=)
 Yomi AI            vs Sweet Rocky         Match:   69 (388+ 319- 293=)
 Yomi AI            vs Piedra              Match:   41 (383+ 342- 275=)
 Yomi AI            vs Mixed Strategy      Match:   53 (378+ 325- 297=)
 Yomi AI            vs Multi-strategy      Match:  218 (492+ 274- 234=)
 Yomi AI            vs Inocencio           Match:  823 (899+  76-  25=)
 Yomi AI            vs Peterbot            Match:  128 (417+ 289- 294=)
 Yomi AI            vs Bugbrain            Match:  -59 (326+ 385- 289=)
 Yomi AI            vs Knucklehead         Match:  550 (708+ 158- 134=)
 Final results (draw value = 50):

 Tournament results: 

    Player Name          total     1    2    3    4    5    6    7    8    9   10   11   12   13   14   15   16   17   18   19   20   21   22   23   24   25   26   27   28   29   30   31   32   33   34   35   36   37   38   39   40   41   42
  1 Iocaine Powder       11469     0   68   66   28   31    3   32    4  507  183  212   53   97   60  247  -22   24   52  288   27   -7   94  352   42   -8  816  141   61  305  204  594  105  331   87  898  275  363  903  987  984  991  991
  2 Phasenbott           10198   -68    0   53   25   39   58   12   63  530  171  254   27   69   -4  206   22   37   45  279   56   23   98  260   49  -21  198  183  100  364   72  375   86  313   66  880  219  162  924  989  995  995  994
  3 MegaHAL               9428   -66  -53    0   29  -16   26   22   10  101   80  205   49  -45  -10  262  -46   38   45  226  -12  -38   28  197   14  -22  189  186  115   70  101  372  189  279  223  874  444  416  963  993  996  998  996
  4 Biopic                8592   -28  -25  -29    0  -32   33   30   17    3  -17   80    8   66   -6  157   14   26   50   88  -19  -40   65  276  -68   -6  228   15   33  442  120  521  145   91   95  716  305  406  848  994  992  998 1000
  5 Simple Modeller       8421   -31  -39   16   32    0   24   15    2  -61  279   32   47   29   -4  127   18   35   73  289    4    7   66  173  -33  -41  384  209  232   14  103  262  148  102  249  316  417  348  594  992  994  998 1000
  6 Yomi AI               7798    -3  -58  -26  -33  -24    0    9   97  -28    2  123   41  -15  -59  113    2   69   11   93  -26    7   53  218    7    3  823   65   28  459  150  550  158   85  200  128  268  391  708  213  997 1000  999
  7 Boom                  7779   -32  -12  -22  -30  -15   -9    0  -14  -36  -37   51   35  -20  -21   58  -33   56   49   24  -12  -44  -21  269  -33  -57  927   62   36   -2   93  438  113   42  168  280  439  364  753  991  990  997  994
  8 Robertot              7704    -4  -63  -10  -17   -2  -97   14    0  -15    3   34   37   -7   49  105   37   29   66  140   14   12    1  295    8  -76   28  -30   25  -18   57  406  191   40  142  796  460  390  866  809  995  996  998
  9 RussRocker4           7553  -507 -530 -101   -3   61   28   36   15    0   77  167   65    4   16  161   13   74   48  164   11  -25   36  125  -86   -3  183  158  154  132  128  500   51  315   92  942  205  273  587  994  994  999 1000
 10 Simple Predictor      7475  -183 -171  -80   17 -279   -2   37   -3  -77    0   27   34  -29   10  -39  -33   17   45  156  -84   11   69  179  -62  -14  373  253  247  -82   62  272  166  126  169  932  406  447  588  986  989  996  999
 11 Marble                6699  -212 -254 -205  -80  -32 -123  -51  -34 -167  -27    0   67 -117  -40   -2   -8   42   66   20  -51  -20   87  340  -48    8  636  -43   10   15  145  317  177   96  157  812  229  421  592  991  995  998  992
 12 Piedra                6557   -53  -27  -49   -8  -47  -41  -35  -37  -65  -34  -67    0  -70  -82  -76  -13  -25   43  -14  -31  -28   41  129  -43   10  792  -42   49   20   94  101  158  363  115  320  256  399  593  992  989  998  982
 13 ACT-R Lag2            6513   -97  -69   45  -66  -29   15   20    7   -4   29  117   70    0  -28  144  -24   91   38   76   13  -12   52  171  -68   18   32   16   -3  -14  115  467   86    1  114  268  231  330  578  798  991  998  996
 14 Bugbrain              6408   -60    4   10    6    4   59   21  -49  -16  -10   40   82   28    0   71   11   52   23  202  -42  -22   19  135  -11   16   69   99  106   71   43  175   55  104   64  267  270  201  423  950  967  983  988
 15 Granite               6407  -247 -206 -262 -157 -127 -113  -58 -105 -161   39    2   76 -144  -71    0  -78   24   48   27  -47  -80    8  232  -20  -33  650   42   68   78  180  322  177   80  151  858  300  378  591  991  998 1000  996
 16 Shofar                6163    22  -22   46  -14  -18   -2   33  -37  -13   33    8   13   24  -11   78    0   44   45   76   35    2   53   70   -6  -33   56  -45  105   22  -13  212  135   28   65   99  418  318  551  903  938  974  971
 17 Sweet Rocky           6120   -24  -37  -38  -26  -35  -69  -56  -29  -74  -17  -42   25  -91  -52  -24  -44    0   14  -54    0  -62  -29  142  -71  -15  -30    6   41   30  133  217  191  290  175  524  264  411  592  995  994  996  999
 18 * Anti-rotn           5657   -52  -45  -45  -50  -73  -11  -49  -66  -48  -45  -66  -43  -38  -23  -48  -45  -14    0  -76   57  -12  -26  227  -52  -45  729   77   67  -44  226   51   61   54  337   44  509  152  598  492 1000  998  994
 19 ZQ Bot                5480  -288 -279 -226  -88 -289  -93  -24 -140 -164 -156  -20   14  -76 -202  -27  -76   54   76    0  -42  -30   39  244  -49    3  -39   43    5   34  187  262  166  297  180  970  273  370  592  987  996  996 1000
 20 Majikthise            4894   -27  -56   12   19   -4   26   12  -14  -11   84   51   31  -13   42   47  -35    0  -57   42    0   33   38  220  -14   46   35  -10    4   27  107  240  -10   -4  104   54  262  169  447   12  994  997  994
 21 Vroomfondel           4863     7  -23   38   40   -7   -7   44  -12   25  -11   20   28   12   22   80   -2   62   12   30  -33    0  -26  192  -21   31   59    2   30   39    1  187    4   56  144   39  254  127  459    3  989  994  975
 22 Mixed Strategy        4459   -94  -98  -28  -65  -66  -53   21   -1  -36  -69  -87  -41  -52  -19   -8  -53   29   26  -39  -38   26    0   78  -91  -23  -26   21   84   23   64  148  148   32   78  246  130  347   18  972  982  993  980
 23 Multi-strategy        2088  -352 -260 -197 -276 -173 -218 -269 -295 -125 -179 -340 -129 -171 -135 -232  -70 -142 -227 -244 -220 -192  -78    0  -50  -20 -131   12  276  -37  121   80  123   41  327  -36  468  447  999  997  997  999  999
 24 * De Bruijn            722   -42  -49  -14   68   33   -7   33   -8   86   62   48   43   68   11   20    6   71   52   49   14   21   91   50    0   -1   12  -44    2   -4  -12  -48   23    8   29  -21   43   -5  128   -1   21    0 -114
 25 * Pi                   305     8   21   22    6   41   -3   57   76    3   14   -8  -10  -18  -16   33   33   15   45   -3  -46  -31   23   20    1    0   11   22    0  -24  -46   35  -81   22   33   23   17   -7   30   22  -11  -11  -13
 26 Inocencio            -1089  -816 -198 -189 -228 -384 -823 -927  -28 -183 -373 -636 -792  -32  -69 -650  -56   30 -729   39  -35  -59   26  131  -12  -11    0   -1   31  254  157  194  166   64   73   63  200  433  366  976  984  983  972
 27 * Add-drift          -1397  -141 -183 -186  -15 -209  -65  -62   30 -158 -253   43   42  -16  -99  -42   45   -6  -77  -43   10   -2  -21  -12   44  -22    1    0   29    6    9  -30  -27   23  -31   -8   23   10  -10  -12  -23  -22   63
 28 * Copy-drift         -2159   -61 -100 -115  -33 -232  -28  -36  -25 -154 -247  -10  -49    3 -106  -68 -105  -41  -67   -5   -4  -30  -84 -276   -2    0  -31  -29    0   21    4 -130   20  -16  -21  -63    4  -34  -14  -24   -7    0   36
 29 * Foxtrot            -2233  -305 -364  -70 -442  -14 -459    2   18 -132   82  -15  -20   14  -71  -78  -22  -30   44  -34  -27  -39  -23   37    4   24 -254   -6  -21    0   32   -1   23  -23   57   -1  -29  -24   -5    6  -16  -38  -13
 30 * Flat               -2708  -204  -72 -101 -120 -103 -150  -93  -57 -128  -62 -145  -94 -115  -43 -180   13 -133 -226 -187 -107   -1  -64 -121   12   46 -157   -9   -4  -32    0    5   -1  -40   57 -131  -11    3  258  227  -20    0 -418
 31 Knucklehead          -3156  -594 -375 -372 -521 -262 -550 -438 -406 -500 -272 -317 -101 -467 -175 -322 -212 -217  -51 -262 -240 -187 -148  -80   48  -35 -194   30  130    1   -5    0   22    4   -2  -44   41   61  181  824  909  974  968
 32 * Text               -3301  -105  -86 -189 -145 -148 -158 -113 -191  -51 -166 -177 -158  -86  -55 -177 -135 -191  -61 -166   10   -4 -148 -123  -23   81 -166   27  -20  -23    1  -22    0  -20    2   16   11    1 -185  -74  -11 -185  112
 33 * Add-react          -3304  -331 -313 -279  -91 -102  -85  -42  -40 -315 -126  -96 -363   -1 -104  -80  -28 -290  -54 -297    4  -56  -32  -41   -8  -22  -64  -23   16   23   40   -4   20    0  -55  -44   17  -13   -1  -36   18    3   -9
 34 * Switch A Lot       -3473   -87  -66 -223  -95 -249 -200 -168 -142  -92 -169 -157 -115 -114  -64 -151  -65 -175 -337 -180 -104 -144  -78 -327  -29  -33  -73   31   21  -57  -57    2   -2   55    0 -186  -19    0   45  327  -33   -3   40
 35 Peterbot             -5825  -898 -880 -874 -716 -316 -128 -280 -796 -942 -932 -812 -320 -268 -267 -858  -99 -524  -44 -970  -54  -39 -246   36   21  -23  -63    8   63    1  131   44  -16   44  186    0  206  393  428  982  998  999 1000
 36 Always Switchin'     -7368  -275 -219 -444 -305 -417 -268 -439 -460 -205 -406 -229 -256 -231 -270 -300 -418 -264 -509 -273 -262 -254 -130 -468  -43  -17 -200  -23   -4   29   11  -41  -11  -17   19 -206    0  -36   31  502  -35  -10  -15
 37 R-P-S 20-20-60       -9156  -363 -162 -416 -406 -348 -391 -364 -390 -273 -447 -421 -399 -330 -201 -378 -318 -411 -152 -370 -169 -127 -347 -447    5    7 -433  -10   34   24   -3  -61   -1   13    0 -393   36    0 -359 -155   10 -385  145
 38 Beat Frequent Pick  -14264  -903 -924 -963 -848 -594 -708 -753 -866 -587 -588 -592 -593 -578 -423 -591 -551 -592 -598 -592 -447 -459  -18 -999 -128  -30 -366   10   14    5 -258 -181  185    1  -45 -428  -31  359    0 -600    0  999  997
 39 Beat The Last Move  -19994  -987 -989 -993 -994 -992 -213 -991 -809 -994 -986 -991 -992 -798 -950 -991 -903 -995 -492 -987  -12   -3 -972 -997    1  -22 -976   12   24   -6 -227 -824   74   36 -327 -982 -502  155  600    0    1 1000 1000
 40 Rotate R-P-S        -26198  -984 -995 -996 -992 -994 -997 -990 -995 -994 -989 -995 -989 -991 -967 -998 -938 -994 -1000 -996 -994 -989 -982 -997  -21   11 -984   23    7   16   20 -909   11  -18   33 -998   35  -10    0   -1    0    0 -657
 41 Good Ole Rock       -26198  -991 -995 -998 -998 -998 -1000 -997 -996 -999 -996 -998 -998 -998 -983 -1000 -974 -996 -998 -996 -997 -994 -993 -999    0   11 -983   22    0   38    0 -974  185   -3    3 -999   10  385 -999 -1000    0    0  998
 42 * Anti-Flat         -27929  -991 -994 -996 -1000 -1000 -999 -994 -998 -1000 -999 -992 -982 -996 -988 -996 -971 -999 -994 -1000 -994 -975 -980 -999  114   13 -972  -63  -36   13  418 -968 -112    9  -40 -1000   15 -145 -997 -1000  657 -998    0

 Match results (draw <= 50): 

    Player Name           total  W  L  D   1  2  3  4  5  6  7  8  9 10 11 12 13 14 15 16 17 18 19 20 21 22 23 24 25 26 27 28 29 30 31 32 33 34 35 36 37 38 39 40 41 42
  1 Iocaine Powder          71  30  0 11   1  2  1  2  2  1  2  1  1  1  2  1  1  2  2  1  2  2  1  1  2  2  2  1  2  2  2  2  2  2  2  2  2  2  2  2  2  2  2  2  2  2
  2 Phasenbott              69  29  1 11   0  1  2  2  2  1  1  1  1  1  2  2  1  1  2  2  2  1  1  1  2  2  2  1  2  2  2  2  2  2  2  2  2  2  2  2  2  2  2  2  2  2
  3 Yomi AI                 62  23  2 16   1  0  1  1  1  1  0  1  1  1  1  2  1  1  1  1  2  1  1  2  2  2  2  1  2  2  2  2  2  1  2  2  2  2  2  2  2  2  2  2  2  2
  4 MegaHAL                 62  23  2 16   0  0  1  1  2  1  1  1  1  1  1  1  1  1  2  1  2  1  1  1  2  2  1  1  2  2  2  2  2  2  2  2  2  2  2  2  2  2  2  2  2  2
  5 RussRocker4             62  25  4 12   0  0  1  0  1  2  1  1  1  1  1  1  1  1  2  1  2  2  0  2  2  2  1  1  2  2  2  2  2  2  2  2  2  2  2  2  2  2  2  2  2  2
  6 Simple Modeller         62  22  1 18   1  1  1  1  0  1  1  1  1  1  1  1  1  2  2  1  1  1  1  1  2  2  2  1  2  1  2  2  2  2  2  2  2  2  2  2  2  2  2  2  2  2
  7 Bugbrain                62  22  1 18   0  1  2  1  1  1  1  1  1  1  1  1  1  1  1  1  1  2  1  2  2  2  1  1  2  2  2  2  2  2  2  2  1  2  2  2  2  2  2  2  2  2
  8 Biopic                  61  21  1 19   1  1  1  1  1  1  1  1  1  1  2  1  1  1  1  1  2  1  0  1  2  2  2  1  2  2  1  2  2  1  2  2  2  2  2  2  2  2  2  2  2  2
  9 Boom                    58  18  1 22   1  1  1  1  1  1  1  1  1  1  1  1  1  1  1  1  2  1  1  2  2  1  1  0  2  1  2  2  2  1  2  1  2  2  2  2  2  2  2  2  2  2
 10 Shofar                  58  17  0 24   1  1  1  1  1  1  1  1  1  1  1  1  1  1  1  1  1  1  1  1  2  2  2  1  2  1  1  2  2  2  2  1  1  2  2  2  2  2  2  2  2  2
 11 ACT-R Lag2              56  19  4 18   0  0  1  1  1  1  1  0  1  1  1  1  1  1  1  1  2  2  0  2  2  2  2  1  1  1  1  2  2  1  2  1  2  2  2  2  2  2  2  2  2  2
 12 Robertot                54  16  3 22   1  0  0  1  1  1  1  1  1  1  1  1  1  2  1  1  1  1  1  1  2  2  1  0  1  1  1  2  2  1  2  1  2  2  2  2  2  2  2  2  2  2
 13 Vroomfondel             54  13  0 28   1  1  1  1  1  1  1  1  1  1  1  1  1  1  1  1  1  1  1  2  2  1  1  1  2  1  1  2  1  1  2  2  1  1  1  2  2  2  2  2  2  2
 14 * Anti-rotn             52  17  6 18   0  1  1  1  1  0  1  1  1  1  1  0  1  1  1  2  0  1  0  1  1  0  1  1  2  1  2  2  1  2  2  2  2  2  2  2  2  2  2  2  2  2
 15 Simple Predictor        52  19  8 14   0  0  1  0  0  0  1  1  1  1  1  1  1  1  1  0  1  1  0  1  1  2  2  1  2  0  2  2  2  2  2  2  2  2  2  2  2  2  2  2  2  2
 16 Majikthise              52  13  2 26   1  0  1  1  1  1  1  1  1  1  1  1  1  0  2  1  2  1  1  1  1  1  1  1  1  1  1  2  2  1  2  1  2  1  1  2  2  2  2  2  2  2
 17 Marble                  50  18  9 14   0  0  0  0  0  1  1  0  0  1  0  1  1  2  1  0  1  2  1  1  1  1  2  1  2  1  1  2  2  1  2  2  2  2  2  2  2  2  2  2  2  2
 18 Piedra                  50  15  6 20   0  1  1  1  0  1  0  1  1  1  0  1  1  1  1  1  0  1  1  1  0  1  1  1  2  1  1  2  2  1  2  2  2  2  2  2  2  2  2  2  2  2
 19 * De Bruijn             48   8  1 32   1  1  1  1  2  1  1  2  1  1  2  1  1  2  2  1  1  1  1  2  1  1  2  1  1  1  1  1  1  1  1  1  1  1  1  1  2  1  1  1  1  0
 20 Sweet Rocky             47  14  8 19   1  1  0  1  0  1  0  1  0  1  0  1  0  1  1  1  1  1  0  1  1  0  1  1  1  1  1  2  2  1  2  2  2  2  2  2  2  2  2  2  2  2
 21 Granite                 46  18 13 10   0  0  0  0  0  0  0  0  0  0  0  0  0  1  1  1  1  2  1  1  1  1  1  1  2  2  1  2  2  2  2  2  2  2  2  2  2  2  2  2  2  2
 22 ZQ Bot                  45  16 12 13   0  0  0  0  0  0  0  0  1  0  0  0  1  2  0  1  1  1  1  2  1  1  1  1  1  1  1  2  2  1  2  2  2  2  2  2  2  2  2  2  2  2
 23 Mixed Strategy          44  13 10 18   0  0  0  1  1  0  1  0  1  0  0  1  1  1  0  1  0  1  0  1  1  1  1  1  1  1  1  2  2  2  2  1  2  2  2  2  1  2  2  2  2  2
 24 * Pi                    42   2  1 38   1  1  1  1  1  1  1  1  2  1  1  2  1  1  1  1  1  1  1  1  1  1  1  1  1  1  1  1  1  1  1  1  1  1  0  1  1  1  1  1  1  1
 25 Inocencio               40  15 16 10   0  0  0  0  0  0  0  0  0  0  1  1  0  0  0  1  0  0  1  1  0  1  1  1  1  2  1  2  2  1  2  2  2  2  2  2  2  2  2  2  2  2
 26 * Foxtrot               34   2  9 30   0  0  0  0  0  1  0  0  1  1  1  1  1  1  2  1  1  1  1  1  0  1  1  1  0  1  1  1  1  1  1  1  1  1  1  1  1  1  2  1  1  1
 27 * Add-drift             32   1 10 30   0  0  0  0  0  0  0  1  0  1  1  1  1  0  0  1  1  1  1  1  1  1  1  1  1  1  1  1  1  1  1  1  1  1  1  1  1  1  1  1  1  2
 28 Multi-strategy          30  12 23  6   0  0  0  0  0  0  0  0  0  0  0  0  0  0  0  0  0  0  1  0  0  0  0  1  0  1  1  1  1  2  2  1  2  2  2  2  2  2  2  2  2  2
 29 Peterbot                30  10 21 10   0  0  0  0  0  0  0  0  0  0  0  0  1  1  0  0  0  0  1  0  0  0  0  1  0  1  1  1  1  2  1  1  2  2  1  2  2  2  2  2  2  2
 30 * Copy-drift            27   0 14 27   0  0  1  0  0  0  0  1  1  0  1  1  1  0  0  1  1  1  1  1  0  1  0  1  1  1  1  0  0  1  0  1  1  1  1  1  1  1  1  1  1  1
 31 Knucklehead             24   7 24 10   0  0  0  0  0  0  0  0  0  0  0  0  0  0  0  0  0  0  1  0  0  0  0  1  0  1  1  0  1  2  1  1  1  2  1  1  2  2  1  2  2  2
 32 * Add-react             23   0 18 23   0  0  0  0  0  0  0  0  1  1  1  1  0  0  0  1  0  0  1  0  0  0  1  1  0  1  1  1  1  1  1  1  1  1  1  1  1  1  0  1  1  1
 33 * Flat                  21   3 23 15   0  0  0  0  0  0  1  0  0  1  0  0  1  0  0  0  0  0  1  0  0  0  0  1  0  1  1  0  0  1  1  1  1  2  1  1  2  1  2  1  1  0
 34 Beat The Last Move      19   5 27  9   0  0  0  0  0  0  0  0  0  0  0  0  1  0  0  1  0  0  1  0  0  0  0  1  0  1  1  0  0  1  0  1  0  1  2  0  2  2  0  1  2  2
 35 * Text                  18   2 25 14   0  0  0  0  0  0  0  0  0  0  0  0  1  0  0  1  0  0  1  0  0  0  0  2  0  1  1  0  1  1  1  1  1  0  1  1  0  0  1  1  1  2
 36 Always Switchin'        17   1 25 15   0  0  0  0  0  0  0  0  0  0  0  0  0  0  0  0  0  0  1  0  0  0  0  1  0  1  1  0  0  1  1  1  1  2  1  1  1  1  1  1  1  1
 37 Beat Frequent Pick      17   4 28  9   0  0  0  0  0  0  0  0  0  0  0  0  0  0  0  0  0  0  0  0  0  0  1  1  0  1  1  0  0  1  0  1  0  0  2  1  1  2  1  1  2  2
 38 Good Ole Rock           16   3 28 10   0  0  0  0  0  0  0  0  0  0  0  0  0  0  0  0  0  0  1  0  0  0  0  1  0  1  1  0  0  1  0  1  1  0  2  1  0  1  1  1  2  2
 39 * Switch A Lot          16   2 27 12   0  0  0  0  0  0  0  0  0  0  0  0  0  0  0  0  0  0  1  0  0  0  0  1  0  0  1  0  0  1  1  2  0  2  1  1  1  1  1  1  1  1
 40 Rotate R-P-S            14   0 27 14   0  0  0  0  0  0  0  0  0  0  0  0  0  0  0  0  0  0  1  0  0  0  0  1  0  1  1  0  0  1  0  1  1  1  1  1  1  1  1  1  1  0
 41 R-P-S 20-20-60          13   1 29 11   0  0  0  0  0  0  0  0  0  0  0  0  0  0  0  0  0  0  1  0  0  0  0  1  0  1  1  0  0  1  0  1  1  0  1  1  0  0  1  1  1  2
 42 * Anti-Flat             12   3 32  6   0  0  0  0  0  0  0  0  0  0  0  0  0  0  0  0  0  0  2  0  0  0  0  1  0  1  0  0  0  1  0  1  2  0  0  1  0  0  1  2  0  1


   Yomi AI is match ranked 3

 Tournament results:
    Player Name          total 
  1 Yomi AI               7798 
 19 Iocaine Powder       11469 
 20 Phasenbott           10198 
 21 MegaHAL               9428 
 23 Biopic                8592 
 24 Simple Modeller       8421 

   Yomi is tournament ranked 6

