 Playing 1 tournaments with 1000 trials per match...

 Yomi AI            vs Good Ole Rock       Match: 1000 (1000+   0-   0=)
 Yomi AI            vs R-P-S 20-20-60      Match:  283 (521+ 238- 241=)
 Yomi AI            vs Rotate R-P-S        Match:  991 (993+   2-   5=)
 Yomi AI            vs Beat The Last Move  Match:   94 (401+ 307- 292=)
 Yomi AI            vs Always Switchin'    Match:  178 (458+ 280- 262=)
 Yomi AI            vs Beat Frequent Pick  Match:  496 (677+ 181- 142=)
 Yomi AI            vs * Pi                Match:    1 (332+ 331- 337=)
 Yomi AI            vs * Switch A Lot      Match:  138 (410+ 272- 318=)
 Yomi AI            vs * Flat              Match:   99 (387+ 288- 325=)
 Yomi AI            vs * Anti-Flat         Match:  990 (992+   2-   6=)
 Yomi AI            vs * Foxtrot           Match:  363 (563+ 200- 237=)
 Yomi AI            vs * De Bruijn         Match:  -37 (309+ 346- 345=)
 Yomi AI            vs * Text              Match:   97 (394+ 297- 309=)
 Yomi AI            vs * Anti-rotn         Match:   54 (356+ 302- 342=)
 Yomi AI            vs * Copy-drift        Match:    1 (336+ 335- 329=)
 Yomi AI            vs * Add-react         Match:   66 (386+ 320- 294=)
 Yomi AI            vs * Add-drift         Match:  -24 (322+ 346- 332=)
 Yomi AI            vs Iocaine Powder      Match:  -35 (296+ 331- 373=)
 Yomi AI            vs Phasenbott          Match:   40 (368+ 328- 304=)
 Yomi AI            vs MegaHAL             Match:  -39 (325+ 364- 311=)
 Yomi AI            vs RussRocker4         Match:   25 (363+ 338- 299=)
 Yomi AI            vs Biopic              Match:    9 (347+ 338- 315=)
 Yomi AI            vs Simple Modeller     Match:   -2 (341+ 343- 316=)
 Yomi AI            vs Simple Predictor    Match:    8 (341+ 333- 326=)
 Yomi AI            vs Robertot            Match:   50 (367+ 317- 316=)
 Yomi AI            vs Boom                Match:   36 (352+ 316- 332=)
 Yomi AI            vs Shofar              Match:  -34 (328+ 362- 310=)
 Yomi AI            vs ACT-R Lag2          Match:    5 (331+ 326- 343=)
 Yomi AI            vs Majikthise          Match:   -4 (338+ 342- 320=)
 Yomi AI            vs Vroomfondel         Match:   -7 (334+ 341- 325=)
 Yomi AI            vs Granite             Match:   79 (414+ 335- 251=)
 Yomi AI            vs Marble              Match:  114 (445+ 331- 224=)
 Yomi AI            vs ZQ Bot              Match:   67 (418+ 351- 231=)
 Yomi AI            vs Sweet Rocky         Match:   18 (352+ 334- 314=)
 Yomi AI            vs Piedra              Match:   41 (366+ 325- 309=)
 Yomi AI            vs Mixed Strategy      Match:   20 (365+ 345- 290=)
 Yomi AI            vs Multi-strategy      Match:  294 (534+ 240- 226=)
 Yomi AI            vs Inocencio           Match:   14 (352+ 338- 310=)
 Yomi AI            vs Peterbot            Match:  129 (418+ 289- 293=)
 Yomi AI            vs Bugbrain            Match:   10 (350+ 340- 310=)
 Yomi AI            vs Knucklehead         Match:  489 (657+ 168- 175=)
 Final results (draw value = 50):

 Tournament results: 

    Player Name          total     1    2    3    4    5    6    7    8    9   10   11   12   13   14   15   16   17   18   19   20   21   22   23   24   25   26   27   28   29   30   31   32   33   34   35   36   37   38   39   40   41   42
  1 Iocaine Powder       11397     0  143   42   43   51  510    7   19  236  169   66   35  170   51   52    0  -17   75   94  255  -44   44  154  843   13   -3  170  224  367  188  328  111   16  584  922  221  373  906  997  995  988  999
  2 Phasenbott            9910  -143    0   60   82   32  525   17   32  241  145   39  -40  265   -6   82   -9   48   32   34  272   -7   65  227  208   49   50  123   60  339  -17  324   74  110  429  902  253  120  922  994  995  993  989
  3 MegaHAL               9454   -42  -60    0  -44   11  110   18  -23  220  108  -30   39  243   53   63  -65   -8  -17   71  247    0  -41  218  215  -57  -23  173   92   71  150  299  189  215  432  917  425  379  934  990  998  990  994
  4 Simple Modeller       8760   -43  -82   44    0    2   11  -27   54   88  308    6    2   59  -34   59  -33   33   70  143  290   16  -36  173  697  -37  -29  292  224    2   62  106  135  250  243  312  457  367  593  991  997  996  999
  5 Biopic                8483   -51  -32  -11   -2    0   -2   27   56  144   -5   88   -9  111   29   45    9  -11   11   45   94  -23  -28  259  149  -19   -5  -24   90  411  148   78  152  227  527  776  356  369  525  995  998  994  992
  6 RussRocker4           7701  -510 -525 -110  -11    2    0   35   33  172  102   -5  -25  161   21   73   30   36   22   36  151   22   21  235  119  -37  -32  131  114  181  139  400   71   93  509  934  275  267  589  993 1000  993  996
  7 Robertot              7372    -7  -17  -18   27  -27  -35    0  -24   76   76  -55  -50  -27   52   43   37   39  -13   28  105   28   16  267    0  -74   30   31  109    5   40   29  150   77  413  434  505  418  878  816  996  997  997
  8 Boom                  6942   -19  -32   23  -54  -56  -33   24    0   55    7  -60  -36   67   42   46  -44   33  -44  -23   53  -23  -53  269    5   16  -10  -17    7    4   64  110  142  242  479  226  422  379  753  991  997  990 1000
  9 Granite               6741  -236 -241 -220  -88 -144 -172  -76  -55    0   17  -59  -79   -9   49   39  -26   28  -40   25   63  -15   -4  186  648  -85   19   39   51   47  243   87  177  143  305  921  230  408  591  989  998  995  992
 10 Simple Predictor      6700  -169 -145 -108 -308    5 -102  -76   -7  -17    0  -48   -8   -7   16   60  -29   77   28    7  138  -23  -22  179   58  -79   19  330  258   18  117  166  166  195  278  339  422  416  592  986  995  986  997
 11 ACT-R Lag2            6400   -66  -39   30   -6  -88    5   55   60   59   48    0   -5  156   -5   32   31   33   73   -3   66   20    7  281  541  -54    2   47   -5  -48  134   -6   74  162  521  205  290  265  572  -29  996  991  998
 12 Yomi AI               6117   -35   40  -39   -2    9   25   50   36   79    8    5    0  114   41   54  -34   18   10   20   67   -4   -7  294   14  -37    1  -24    1  363   99   66   97  138  489  129  178  283  496   94 1000  991  990
 13 Marble                6106  -170 -265 -243  -59 -111 -161   27  -67    9    7 -156 -114    0   59   67  -47   46  -84   35   74  -35  -19  277  -10  -80  -28   27   52   57  175   93  181  127  354  926  215  376  592  994 1000  995  990
 14 Piedra                6033   -51    6  -53   34  -29  -21  -52  -42  -49  -16    5  -41  -59    0  -33  -19   44  -28    4  -47  -22  -30  133   -1    4   -9   70   44    4  125  289  165  102  126  204  341  367  590  995  995  991  997
 15 * Anti-rotn           6008   -52  -82  -63  -59  -45  -73  -43  -46  -39  -60  -32  -54  -67   33    0  -41  -46  -16   40  -54  -31   14  225  721  -44  -59   39   30  -36  199   59   63  312  109  498  501  127  597  491  998  997  997
 16 Shofar                6006     0    9   65   33   -9  -30  -37   44   26   29  -31   34   47   19   41    0   16  -22   22   57    6  -31  114   42  -20   -8   -3   45  -25    6   12   66  220  153   18  449  313  559  907  972  921  977
 17 Sweet Rocky           5976    17  -48    8  -33   11  -36  -39  -33  -28  -77  -33  -18  -46  -44   46  -16    0  -41   47  -33  -34   20   82  -32  -29  -17   52   33  -14  154  183  164  172  253  160  280  376  591  994  998  990  996
 18 Bugbrain              5793   -75  -32   17  -70  -11  -22   13   44   40  -28  -73  -10   84   28   16   22   41    0   66  201  -16    7  145   46  -29  -16   77  -16  -28   23  100   33  114  205  192  233  183  402  968  978  949  992
 19 Mixed Strategy        5658   -94  -34  -71 -143  -45  -36  -28   23  -25   -7    3  -20  -35   -4  -40  -22  -47  -66    0   18  -22   -6   45  717   -2  -36  -19   -4   37   31  -23  167  139  264   29  220  380  467  974  995  984  994
 20 ZQ Bot                5303  -255 -272 -247 -290  -94 -151 -105  -53  -63 -138  -66  -67  -74   47   54  -57   33 -201  -18    0  -72  -45  199   22  -47  -39   18   40  -21  132  217  160  230  309  924  302  419  596  993  996  994  993
 21 Majikthise            4790    44    7    0  -16   23  -22  -28   23   15   23  -20    4   35   22   31   -6   34   16   22   72    0  -29  141   34  -30   -6   46  -74   57   19   55   53  141  224   13  196  200  489    3  994  989  996
 22 Vroomfondel           4493   -44  -65   41   36   28  -21  -16   53    4   22   -7    7   19   30  -14   31  -20   -7    6   45   29    0  172  -27   18   22  -52  -50   43  106   14    0  104  238  -39  263  123  444    1  993  989  974
 23 Multi-strategy        2718  -154 -227 -218 -173 -259 -235 -267 -269 -186 -179 -281 -294 -277 -133 -225 -114  -82 -145  -45 -199 -141 -172    0 -137  -50  -20    4  232   44  173  -26  123  317   -6  500  456  393  999  997  999  997  998
 24 Inocencio             1105  -843 -208 -215 -697 -149 -119    0   -5 -648  -58 -541  -14   10    1 -721  -42   32  -46 -717  -22  -34   27  137    0  -19  -18   40  128  293  174   90  164   66  142  163  298  379  349  781  984  983  980
 25 * De Bruijn            757   -13  -49   57   37   19   37   74  -16   85   79   54   37   80   -4   44   20   29   29    2   47   30  -18   50   19    0   -1   58   -7  -25   22  -22   23    5  -42  -12   11  -18  128   -1    0   21 -112
 26 * Pi                    84     3  -50   23   29    5   32  -30   10  -19  -19   -2   -1   28    9   59    8   17   16   36   39    6  -22   20   18    1    0    1  -43    7   32   -7  -81  -33   -1   19  -24  -22   30   22  -11  -11  -10
 27 * Add-drift          -1643  -170 -123 -173 -292   24 -131  -31   17  -39 -330  -47   24  -27  -70  -39    3  -52  -77   19  -18  -46   52   -4  -40  -58   -1    0  -22   62  -30  -36   40   19   -4   15  -12   -8   -8  -16   16    1  -31
 28 * Copy-drift         -1673  -224  -60  -92 -224  -90 -114 -109   -7  -51 -258    5   -1  -52  -44  -30  -45  -33   16    4  -40   74   50 -232 -128    7   43   22    0  -20    9   45   39    6  -13   -6  -11   24  -56  -13   -2  -32  -30
 29 * Foxtrot            -2273  -367 -339  -71   -2 -411 -181   -5   -4  -47  -18   48 -363  -57   -4   36   25   14   28  -37   21  -57  -43  -44 -293   25   -7  -62   20    0  -10   -4   -7   -9   17  -30   26   -1   10   56  -30  -62  -34
 30 * Flat               -2796  -188   17 -150  -62 -148 -139  -40  -64 -243 -117 -134  -99 -175 -125 -199   -6 -154  -23  -31 -132  -19 -106 -173 -174  -22  -32   30   -9   10    0   38   26   21    3 -181  -24  -26  282  195   -1  -21 -401
 31 * Add-react          -3016  -328 -324 -299 -106  -78 -400  -29 -110  -87 -166    6  -66  -93 -289  -59  -12 -183 -100   23 -217  -55  -14   26  -90   22    7   36  -45    4  -38    0  -10   52  -60  -43   25   26  -12   39   -5   35    1
 32 * Text               -3247  -111  -74 -189 -135 -152  -71 -150 -142 -177 -166  -74  -97 -181 -165  -63  -66 -164  -33 -167 -160  -53    0 -123 -164  -23   81  -40  -39    7  -26   10    0   13  -13   30  -26   -1 -185  -74 -185  -11  112
 33 * Switch A Lot       -3796   -16 -110 -215 -250 -227  -93  -77 -242 -143 -195 -162 -138 -127 -102 -312 -220 -172 -114 -139 -230 -141 -104 -317  -66   -5   33  -19   -6    9  -21  -52  -13    0   12  -85  -24  -22   22  293  -14   -4   12
 34 Knucklehead          -3893  -584 -429 -432 -243 -527 -509 -413 -479 -305 -278 -521 -489 -354 -126 -109 -153 -253 -205 -264 -309 -224 -238    6 -142   42    1    4   13  -17   -3   60   13  -12    0  -48   -7   36  182  551  886  988  998
 35 Peterbot             -5333  -922 -902 -917 -312 -776 -934 -434 -226 -921 -339 -205 -129 -926 -204 -498  -18 -160 -192  -29 -924  -13   39 -500 -163   12  -19  -15    6   30  181   43  -30   85   48    0  211  323  436  963 1000  998 1000
 36 Always Switchin'     -7440  -221 -253 -425 -457 -356 -275 -505 -422 -230 -422 -290 -178 -215 -341 -501 -449 -280 -233 -220 -302 -196 -263 -456 -298  -11   24   12   11  -26   24  -25   26   24    7 -211    0    4   19  512  -10  -17  -15
 37 R-P-S 20-20-60       -8639  -373 -120 -379 -367 -369 -267 -418 -379 -408 -416 -265 -283 -376 -367 -127 -313 -376 -183 -380 -419 -200 -123 -393 -379   18   22    8  -24    1   26  -26    1   22  -36 -323   -4    0 -371 -164 -410    5  296
 38 Beat Frequent Pick  -14104  -906 -922 -934 -593 -525 -589 -878 -753 -591 -592 -572 -496 -592 -590 -597 -559 -591 -402 -467 -596 -489 -444 -999 -349 -128  -30    8   56  -10 -282   12  185  -22 -182 -436  -19  371    0 -600  999    0 1000
 39 Beat The Last Move  -18670  -997 -994 -990 -991 -995 -993 -816 -991 -989 -986   29  -94 -994 -995 -491 -907 -994 -968 -974 -993   -3   -1 -997 -781    1  -22   16   13  -56 -195  -39   74 -293 -551 -963 -512  164  600    0 1000    1  997
 40 Good Ole Rock       -26100  -995 -995 -998 -997 -998 -1000 -996 -997 -998 -995 -996 -1000 -1000 -995 -998 -972 -998 -978 -995 -996 -994 -993 -999 -984    0   11  -16    2   30    1    5  185   14 -886 -1000   10  410 -999 -1000    0    0 1000
 41 Rotate R-P-S        -26247  -988 -993 -990 -996 -994 -993 -997 -990 -995 -986 -991 -991 -995 -991 -997 -921 -990 -949 -984 -994 -989 -989 -997 -983  -21   11   -1   32   62   21  -35   11    4 -988 -998   17   -5    0   -1    0    0 -673
 42 * Anti-Flat         -27937  -999 -989 -994 -999 -992 -996 -997 -1000 -992 -997 -998 -990 -990 -997 -997 -977 -996 -992 -994 -993 -996 -974 -998 -980  112   10   31   30   34  401   -1 -112  -12 -998 -1000   15 -296 -1000 -997 -1000  673    0

 Match results (draw <= 50): 

    Player Name           total  W  L  D   1  2  3  4  5  6  7  8  9 10 11 12 13 14 15 16 17 18 19 20 21 22 23 24 25 26 27 28 29 30 31 32 33 34 35 36 37 38 39 40 41 42
  1 Iocaine Powder          70  29  0 12   1  2  1  1  2  2  1  2  1  1  2  1  1  2  1  2  1  2  1  2  2  2  2  1  2  2  2  2  2  2  2  2  2  2  2  2  2  1  2  2  2  2
  2 Phasenbott              66  26  1 14   0  1  2  2  1  2  1  1  1  1  2  1  1  1  1  1  2  2  1  1  2  2  2  1  2  2  2  2  2  2  2  1  2  2  2  2  2  2  2  2  2  2
  3 Simple Modeller         65  25  1 15   1  0  1  1  1  1  1  1  1  1  2  2  1  2  1  1  1  2  1  2  2  2  2  1  2  2  1  2  2  2  2  2  2  2  2  2  2  2  2  2  2  2
  4 MegaHAL                 64  26  3 12   1  0  1  1  1  2  1  1  1  1  2  1  0  1  1  2  1  2  0  2  2  2  2  1  2  2  2  2  2  2  2  2  2  2  2  2  2  2  2  2  2  2
  5 Biopic                  62  22  1 18   0  1  1  1  1  1  1  2  1  1  1  2  1  1  1  1  1  2  1  1  2  1  2  1  2  1  2  2  2  2  2  2  2  2  2  2  2  2  2  2  2  2
  6 RussRocker4             61  23  3 15   0  0  1  0  1  1  1  1  1  1  2  1  1  1  1  1  1  2  1  1  2  2  2  1  2  2  2  2  2  2  2  2  2  2  2  2  2  2  2  2  2  2
  7 Yomi AI                 60  19  0 22   1  1  1  1  1  1  1  1  1  1  1  1  1  1  1  1  1  2  1  1  2  2  1  1  2  1  2  2  2  1  2  2  2  2  2  2  2  2  2  2  2  2
  8 ACT-R Lag2              57  19  3 19   0  1  1  1  0  1  1  1  2  1  1  2  1  2  1  1  1  2  0  1  2  1  2  1  2  1  1  2  2  1  2  2  1  1  2  2  2  2  2  2  2  2
  9 Robertot                56  17  2 22   1  1  1  1  1  1  1  0  1  1  2  1  1  1  1  2  1  1  0  1  2  1  1  1  2  1  1  2  2  2  2  1  1  2  2  2  2  2  2  2  2  2
 10 Sweet Rocky             55  15  1 25   1  1  1  1  1  1  1  1  1  1  0  1  1  1  1  1  1  1  1  1  1  1  1  1  1  2  1  2  2  1  2  2  2  2  2  2  2  2  2  2  2  2
 11 Simple Predictor        54  20  7 14   0  0  0  0  1  0  1  1  0  2  1  1  1  1  1  1  1  1  0  1  1  2  2  1  2  2  1  2  2  2  2  2  2  2  2  2  2  2  2  2  2  2
 12 Boom                    54  17  4 20   1  1  0  1  0  1  1  0  1  1  1  1  1  1  1  1  0  2  1  1  2  1  1  1  2  1  1  2  2  1  2  2  2  2  2  2  2  2  2  2  2  2
 13 Shofar                  54  13  0 28   1  1  1  2  1  1  1  1  1  1  1  1  1  1  1  1  1  1  1  1  1  1  1  1  2  1  1  2  1  1  2  1  1  2  2  2  2  2  2  2  2  2
 14 Bugbrain                54  16  3 22   0  1  0  1  1  1  1  0  1  1  1  1  1  1  1  1  1  2  1  2  1  1  1  1  2  2  1  2  2  1  2  1  2  2  1  2  2  2  2  2  2  2
 15 Majikthise              53  13  1 27   1  1  1  1  1  1  1  1  1  1  1  1  1  1  1  1  1  1  1  1  1  1  1  1  2  1  2  2  1  0  2  1  2  1  2  2  2  2  2  2  2  2
 16 Piedra                  52  15  4 22   0  1  1  0  1  1  1  1  0  1  1  1  1  1  1  1  1  0  1  1  1  1  1  1  1  2  1  2  2  1  2  2  2  2  2  2  2  2  2  2  2  2
 17 Vroomfondel             50  11  2 28   1  0  1  1  1  1  1  1  1  1  1  2  1  1  1  1  1  1  1  1  1  1  1  1  1  0  1  2  1  1  2  2  1  1  1  2  2  2  2  2  2  2
 18 Marble                  49  19 11 11   0  0  0  0  0  0  0  0  1  1  1  0  1  0  1  2  1  1  0  1  1  2  1  1  2  1  2  2  2  2  2  2  2  2  2  2  2  2  2  2  2  2
 19 * De Bruijn             48   8  1 32   1  1  1  2  1  1  1  2  2  1  2  1  1  1  1  1  1  2  1  1  2  1  1  1  1  2  1  1  1  1  1  1  1  1  1  1  2  1  1  1  1  0
 20 Mixed Strategy          48  11  4 26   0  1  0  0  1  1  1  1  1  1  1  1  1  0  1  1  1  1  1  1  1  1  2  1  1  1  1  1  1  1  2  1  1  2  2  2  2  2  2  2  2  2
 21 Granite                 47  17 11 13   0  0  0  0  0  0  0  0  0  1  1  0  1  1  1  1  1  1  0  1  1  1  2  1  2  1  1  2  2  2  2  2  2  2  2  2  2  2  2  2  2  2
 22 * Anti-rotn             46  15 10 16   0  0  0  0  1  0  0  1  1  1  0  1  1  1  1  1  1  0  1  1  1  1  2  0  0  1  1  2  2  1  2  2  2  2  2  2  2  2  2  2  2  2
 23 Inocencio               46  16 11 14   0  0  0  0  0  0  1  0  1  1  0  1  1  1  1  1  1  1  1  0  0  0  1  1  1  1  2  2  2  2  2  2  2  2  2  2  2  2  2  2  2  2
 24 * Pi                    41   1  1 39   1  1  1  1  1  1  1  1  1  1  1  1  1  1  1  1  1  1  1  1  1  2  1  1  1  1  1  1  1  1  1  1  1  1  0  1  1  1  1  1  1  1
 25 ZQ Bot                  40  15 16 10   0  0  0  0  0  0  0  0  0  1  0  0  0  0  0  1  1  0  1  1  0  2  1  1  1  1  1  2  2  1  2  2  2  2  2  2  2  2  2  2  2  2
 26 * Add-drift             33   2 10 29   0  0  0  0  1  0  1  1  1  0  0  1  1  0  1  0  2  1  0  1  1  1  1  1  1  1  2  1  1  1  1  1  1  1  1  1  1  1  1  1  1  1
 27 * Foxtrot               31   1 11 29   0  0  1  0  0  0  0  1  1  1  1  1  1  1  0  1  1  0  1  1  1  1  0  1  1  0  1  1  1  1  1  1  1  2  1  1  1  1  1  0  1  1
 28 Multi-strategy          31  12 22  7   0  0  0  0  0  0  0  0  0  0  0  0  0  0  0  0  0  0  1  1  0  0  0  1  0  1  1  1  2  2  1  2  1  2  2  2  2  2  2  2  2  2
 29 Peterbot                30   9 20 12   0  0  0  0  0  0  0  0  0  0  0  0  1  0  1  0  1  0  1  1  0  0  0  1  0  1  1  0  1  1  1  2  1  2  1  2  2  2  2  2  2  2
 30 * Copy-drift            29   1 13 27   0  0  0  0  0  0  1  1  0  1  0  1  1  1  2  1  1  0  1  1  0  1  0  1  1  1  1  0  1  1  1  1  1  1  1  1  0  1  1  1  1  1
 31 Knucklehead             24   6 23 12   0  0  0  0  0  0  0  0  0  0  0  0  0  0  0  0  0  0  1  0  0  0  0  1  0  1  1  1  1  1  1  1  2  2  1  1  2  1  2  2  1  2
 32 * Flat                  23   2 20 19   0  1  0  0  0  0  0  0  1  0  0  0  1  1  1  0  0  0  1  1  0  0  0  1  0  1  1  0  0  1  1  1  1  2  1  1  2  1  1  1  1  0
 33 * Add-react             23   1 19 21   0  0  0  0  0  0  0  1  1  0  0  0  1  0  0  0  1  0  1  1  0  0  0  1  0  1  1  1  1  1  0  1  1  1  1  1  1  2  1  1  1  1
 34 Beat The Last Move      19   5 27  9   0  0  0  0  0  0  0  1  0  0  0  0  0  0  1  0  1  0  1  0  0  0  0  1  0  1  0  0  0  1  0  0  1  1  2  0  2  0  2  1  2  2
 35 * Text                  18   2 25 14   0  0  0  0  0  0  0  0  0  0  0  0  0  1  0  0  1  0  1  0  0  0  0  2  0  1  1  0  1  1  1  1  1  0  1  1  0  1  0  1  1  2
 36 Always Switchin'        17   1 25 15   0  0  0  0  0  0  0  0  0  0  0  0  0  0  0  0  0  0  1  0  0  0  0  1  0  1  1  0  0  1  1  1  1  2  1  1  1  1  1  1  1  1
 37 Beat Frequent Pick      17   5 29  7   0  0  0  0  0  0  0  0  0  0  0  0  0  0  0  0  0  0  0  0  0  0  0  1  0  1  1  0  0  2  0  0  1  0  2  1  1  1  2  1  2  2
 38 * Switch A Lot          17   1 25 15   1  0  0  0  0  0  0  0  0  0  0  0  0  0  0  0  0  0  1  0  0  0  0  1  0  1  1  0  0  1  1  1  0  2  1  1  1  1  1  1  1  1
 39 Good Ole Rock           16   3 28 10   0  0  0  0  0  0  0  0  0  0  0  0  0  0  0  0  0  0  1  0  0  0  0  1  0  1  1  0  0  1  0  1  1  0  2  1  0  1  1  1  2  2
 40 Rotate R-P-S            15   1 27 13   0  0  0  0  0  0  0  0  0  0  0  0  0  0  0  0  0  0  1  0  0  0  0  1  0  1  2  0  0  1  0  1  1  1  1  1  1  1  1  1  1  0
 41 R-P-S 20-20-60          14   1 28 12   0  0  0  0  0  0  0  0  0  0  0  0  0  0  0  0  0  0  1  0  0  0  0  1  0  1  1  0  0  1  1  1  1  0  1  1  0  1  0  1  1  2
 42 * Anti-Flat             13   3 31  7   0  0  0  0  0  0  0  0  0  0  0  0  0  0  0  0  0  0  2  0  0  0  0  1  0  1  1  0  0  1  0  2  1  0  0  1  0  1  0  2  0  1


   Yomi AI is match ranked 7

 Tournament results:
    Player Name          total 
  1 Yomi AI               6117 
 19 Iocaine Powder       11397 
 20 Phasenbott            9910 
 21 MegaHAL               9454 
 22 RussRocker4           7701 
 23 Biopic                8483 
 24 Simple Modeller       8760 
 25 Simple Predictor      6700 
 26 Robertot              7372 
 27 Boom                  6942 
 29 ACT-R Lag2            6400 
 32 Granite               6741 

   Yomi is tournament ranked 12

