 Playing 1 tournaments with 1000 trials per match...

 Yomi AI            vs Good Ole Rock       Match: 1000 (1000+   0-   0=)
 Yomi AI            vs R-P-S 20-20-60      Match:  234 (476+ 242- 282=)
 Yomi AI            vs Rotate R-P-S        Match:  581 (699+ 118- 183=)
 Yomi AI            vs Beat The Last Move  Match:   41 (359+ 318- 323=)
 Yomi AI            vs Always Switchin'    Match:  123 (392+ 269- 339=)
 Yomi AI            vs Beat Frequent Pick  Match:  419 (638+ 219- 143=)
 Yomi AI            vs * Pi                Match:   48 (376+ 328- 296=)
 Yomi AI            vs * Switch A Lot      Match:  110 (397+ 287- 316=)
 Yomi AI            vs * Flat              Match:  117 (406+ 289- 305=)
 Yomi AI            vs * Anti-Flat         Match:  699 (802+ 103-  95=)
 Yomi AI            vs * Foxtrot           Match:  263 (498+ 235- 267=)
 Yomi AI            vs * De Bruijn         Match:  -61 (315+ 376- 309=)
 Yomi AI            vs * Text              Match:   64 (377+ 313- 310=)
 Yomi AI            vs * Anti-rotn         Match:  -36 (332+ 368- 300=)
 Yomi AI            vs * Copy-drift        Match:  -10 (332+ 342- 326=)
 Yomi AI            vs * Add-react         Match:   72 (394+ 322- 284=)
 Yomi AI            vs * Add-drift         Match:   52 (369+ 317- 314=)
 Yomi AI            vs Iocaine Powder      Match:   -6 (320+ 326- 354=)
 Yomi AI            vs Phasenbott          Match:  -25 (320+ 345- 335=)
 Yomi AI            vs MegaHAL             Match:   -7 (345+ 352- 303=)
 Yomi AI            vs RussRocker4         Match:   30 (346+ 316- 338=)
 Yomi AI            vs Biopic              Match:  -37 (331+ 368- 301=)
 Yomi AI            vs Simple Modeller     Match:    8 (328+ 320- 352=)
 Yomi AI            vs Simple Predictor    Match:   33 (365+ 332- 303=)
 Yomi AI            vs Robertot            Match:   27 (362+ 335- 303=)
 Yomi AI            vs Boom                Match:  -39 (321+ 360- 319=)
 Yomi AI            vs Shofar              Match:  -36 (330+ 366- 304=)
 Yomi AI            vs ACT-R Lag2          Match:   19 (349+ 330- 321=)
 Yomi AI            vs Majikthise          Match:    4 (350+ 346- 304=)
 Yomi AI            vs Vroomfondel         Match:    8 (337+ 329- 334=)
 Yomi AI            vs Granite             Match:   76 (402+ 326- 272=)
 Yomi AI            vs Marble              Match:   75 (405+ 330- 265=)
 Yomi AI            vs ZQ Bot              Match:   32 (354+ 322- 324=)
 Yomi AI            vs Sweet Rocky         Match:   45 (366+ 321- 313=)
 Yomi AI            vs Piedra              Match:   55 (364+ 309- 327=)
 Yomi AI            vs Mixed Strategy      Match:  -17 (347+ 364- 289=)
 Yomi AI            vs Multi-strategy      Match:  171 (456+ 285- 259=)
 Yomi AI            vs Inocencio           Match:   35 (378+ 343- 279=)
 Yomi AI            vs Peterbot            Match:    4 (330+ 326- 344=)
 Yomi AI            vs Bugbrain            Match:   38 (348+ 310- 342=)
 Yomi AI            vs Knucklehead         Match:  373 (577+ 204- 219=)
 Final results (draw value = 50):

 Tournament results: 

    Player Name          total     1    2    3    4    5    6    7    8    9   10   11   12   13   14   15   16   17   18   19   20   21   22   23   24   25   26   27   28   29   30   31   32   33   34   35   36   37   38   39   40   41   42
  1 Iocaine Powder       10969     0  130   93   26   30  511   35  138   12   50  250  214   63   53   62   33   57  339   70    8   29    6  241  202   52    0   67  331  259  159  380  133   57  567  887  182  393  908  988  988  989  977
  2 Phasenbott            9961  -130    0   33   16   64  523  122  148   26   39  228  216   15    1    5   75   41  272   44   18    9   25  214  216   49   -8   71  340   88   95  337   87   92  418  884  223  162  944  983  992  999  985
  3 MegaHAL               9355   -93  -33    0   12   11   83   20   69   22   -4  274  216  -63   -4   -7   -1   66  258  102   21  -15    7  133  209  -32   -4  173   37  107   35  271  189  216  389  919  446  412  941  989  989  999  996
  4 Simple Modeller       8585   -26  -16  -12    0   -5   -9  -29  238   18   -6   45   77   53   28  -21   70   53  311   98  -40   -1   -8  270  505  -25  -14  217   10  236   74   96  125  218  233  327  478  444  592  993  992 1000  996
  5 Biopic                8524   -30  -64  -11    5    0  -60   30   63   43   71  122  125  -10   66   27  -27   46   68   57   10  -28   37  257  198  -40  -31   39  427  106  141   85  151  127  511  744  292  386  617  989  992 1000  993
  6 RussRocker4           7492  -511 -523  -83    9   60    0   48   71   17   -1  165  134  -41   30   28   -5   58  162   86  -42   17  -30  170  137  -19  -21  152  187  155   94  317   35  116  487  929  251  287  588  988  991  999 1000
  7 Robertot              7442   -35 -122  -20   29  -30  -48    0   32    5  -35   23   41  -17   51   55  -15   48  112   26  -39  -29  -27  280   17  -30   -6   -3   26  113  135  103  171   84  436  464  479  398  823  964  995  995  993
  8 Simple Predictor      7259  -138 -148  -69 -238  -63  -71  -32    0   55  -67  -28   79   -7   13   20   30   56  174   20  -42  -52  -33  220  632  -79  -14  240    2  274   80  106  154  178  316  296  434  405  588  986  989  995  998
  9 Boom                  7139   -12  -26  -22  -18  -43  -17   -5  -55    0  -43   47   33  -27   27   37  -17   48   58   50  -38  -23   39  197   39   21  -37   36   22   95   -5   94  135  179  371  448  425  406  753  982  990  995 1000
 10 ACT-R Lag2            6880   -50  -39    4    6  -71    1   35   67   43    0  127  131   18   27   51  -16   28  134   75  -27    2  -19  286  134  -65    3    7  -42   -8  160   40   59  165  542  175  255  298  584  778  993  994  995
 11 Granite               6742  -250 -228 -274  -45 -122 -165  -23   28  -47 -127    0  -26  -44   36   32  -35   45   73   60  -36  -49  -76  199  654  -71   18   52   31   57  206   85  177  123  348  967  204  386  594  996  995  998  996
 12 Marble                6678  -214 -216 -216  -77 -125 -134  -41  -79  -33 -131   26    0  -25   46   24  -91   60    6  -15  -31  -69  -75  301  648  -97  -14   14   67   77  206   65  183  175  280  921  258  443  592  990  995  998  986
 13 Shofar                6557   -63  -15   63  -53   10   41   17    7   27  -18   44   25    0   42   79  -59   43   49   87    4  -21   36  153   87  -22   21  -36    9   67   36   80  150  203  203  119  441  331  563  902  927  990  988
 14 Sweet Rocky           6427   -53   -1    4  -28  -66  -30  -51  -13  -27  -27  -36  -46  -42    0  -23  -45  -45  -35  -48  -35  -30  -45  106  -35  -34  -26   76  -29   21  140  248  161  163  210  975  203  396  593 1000  989  994  998
 15 Piedra                6258   -62   -5    7   21  -27  -28  -55  -20  -37  -51  -32  -24  -79   23    0  -35   18  -47   35  -58  -29  -55  136  -30  -36  -26   42   23   71  125  304  170  161  196  490  220  384  592  991  991  998  996
 16 Bugbrain              5831   -33  -75    1  -70   27    5   15  -30   17   16   35   91   59   45   35    0   34  160   19   39   21  -38   96   63   29   34   90  -28   99   33  113   22   89  129  -21  226  193  419  957  960  977  978
 17 * Anti-rotn           5471   -57  -41  -66  -53  -46  -58  -48  -56  -48  -28  -45  -60  -43   45  -18  -34    0  -73   18   30  -22   36  253  545  -61  -50  -23  -19   47  224   34   58  312   20   41  504  173  597  492  999  997  995
 18 ZQ Bot                5390  -339 -272 -258 -311  -68 -162 -112 -174  -58 -134  -73   -6  -49   35   47 -160   73    0   58  -33   -2  -32  264  -81  -16  -46   55   46   10  148  290  156  201  293  861  329  338  593  996  988  998  997
 19 Mixed Strategy        5187   -70  -44 -102  -98  -57  -86  -26  -20  -50  -75  -60   15  -87   48  -35  -19  -18  -58    0  -39    5   17  -14  495  -41  -12    9   35  -14   14   75  188   -3  282  268   45  317  488  971  963  994  986
 20 Vroomfondel           5023    -8  -18  -21   40  -10   42   39   42   38   27   36   31   -4   35   58  -39  -30   33   39    0   30   -8  227   60  -44   25   21   27   -5   78   11   -2  105  254   52  238  176  460   14  991  995  988
 21 Majikthise            4928   -29   -9   15    1   28  -17   29   52   23   -2   49   69   21   30   29  -21   22    2   -5  -30    0   -4  179   86   -1    4   33   18   32   55   39   26  111  226   10  321  143  459  -31  986  993  986
 22 Yomi AI               4582    -6  -25   -7    8  -37   30   27   33  -39   19   76   75  -36   45   55   38  -36   32  -17    8    4    0  171   35  -61   48   52  263  -10  117   72   64  110  373    4  123  234  419   41  581 1000  699
 23 Multi-strategy        2817  -241 -214 -133 -270 -257 -170 -280 -220 -197 -286 -199 -301 -153 -106 -136  -96 -253 -264   14 -227 -179 -171    0  -38  -50  -20   33   20  221  186  -14  123  304   15  500  468  418  999  997  997  999  998
 24 Inocencio             1158  -202 -216 -209 -505 -198 -137  -17 -632  -39 -134 -654 -648  -87   35   30  -63 -545   81 -495  -60  -86  -35   38    0  -32  -43   25  327  105  101   55  161   37  173  149  250  404  359  920  984  983  978
 25 * De Bruijn            703   -52  -49   32   25   40   19   30   79  -21   65   71   97   22   34   36  -29   61   16   41   44    1   61   50   32    0   -1  -13   23    5   10    0   23  -25   -9  -18  -57   20  128   -1   21    0 -108
 26 * Pi                    23     0    8    4   14   31   21    6   14   37   -3  -18   14  -21   26   26  -34   50   46   12  -25   -4  -48   20   43    1    0  -56    0    0  -35  -49  -81   -1  -20   32  -23   18   30   22  -11  -11  -12
 27 * Add-drift          -1480   -67  -71 -173 -217  -39 -152    3 -240  -36   -7  -52  -14   36  -76  -42  -90   23  -55   -9  -21  -33  -52  -33  -25   13   56    0   14   36  -18  -85    4   16   25  -23   19   -3  -73    9    3  -26   -5
 28 * Foxtrot            -2115  -331 -340  -37  -10 -427 -187  -26   -2  -22   42  -31  -67   -9   29  -23   28   19  -46  -35  -27  -18 -263  -20 -327  -23    0  -14    0   14  -33    2  -10   -1   22  -30   15   15  -11   24    5   24   16
 29 * Copy-drift         -2325  -259  -88 -107 -236 -106 -155 -113 -274  -95    8  -57  -77  -67  -21  -71  -99  -47  -10   14    5  -32   10 -221 -105   -5    0  -36  -14    0   15   17  -40   32    3  -56   21   -7  -29  -22  -39   25   13
 30 * Flat               -2739  -159  -95  -35  -74 -141  -94 -135  -80    5 -160 -206 -206  -36 -140 -125  -33 -224 -148  -14  -78  -55 -117 -186 -101  -10   35   18   33  -15    0    3   12  -72  -13 -220   20   16  254  211   28    1 -403
 31 * Add-react          -3059  -380 -337 -271  -96  -85 -317 -103 -106  -94  -40  -85  -65  -80 -248 -304 -113  -34 -290  -75  -11  -39  -72   14  -55    0   49   85   -2  -17   -3    0   20  -27  -36  -31    9   58    4    4  114   -3    3
 32 * Text               -3126  -133  -87 -189 -125 -151  -35 -171 -154 -135  -59 -177 -183 -150 -161 -170  -22  -58 -156 -188    2  -26  -64 -123 -161  -23   81   -4   10   40  -12  -20    0  -61   -2   40   47   -4 -185  -74  -11 -185  113
 33 * Switch A Lot       -3170   -57  -92 -216 -218 -127 -116  -84 -178 -179 -165 -123 -175 -203 -163 -161  -89 -312 -201    3 -105 -111 -110 -304  -37   25    1  -16    1  -32   72   27   61    0   -2  -98  -14   27   12  280  -28   -7   44
 34 Knucklehead          -4047  -567 -418 -389 -233 -511 -487 -436 -316 -371 -542 -348 -280 -203 -210 -196 -129  -20 -293 -282 -254 -226 -373  -15 -173    9   20  -25  -22   -3   13   36    2    2    0  -40   29   95  114  848  319  832  996
 35 Peterbot             -5910  -887 -884 -919 -327 -744 -929 -464 -296 -448 -175 -967 -921 -119 -975 -490   21  -41 -861 -268  -52  -10   -4 -500 -149   18  -32   23   30   56  220   31  -40   98   40    0  248  405  435  981  999 1000  987
 36 Always Switchin'     -7018  -182 -223 -446 -478 -292 -251 -479 -434 -425 -255 -204 -258 -441 -203 -220 -226 -504 -329  -45 -238 -321 -123 -468 -250   57   23  -19  -15  -21  -20   -9  -47   14  -29 -248    0   32   41  478   -3   22   21
 37 R-P-S 20-20-60       -9393  -393 -162 -412 -444 -386 -287 -398 -405 -406 -298 -386 -443 -331 -396 -384 -193 -173 -338 -317 -176 -143 -234 -418 -404  -20  -18    3  -15    7  -16  -58    4  -27  -95 -405  -32    0 -396 -144   14 -365   97
 38 Beat Frequent Pick  -13993  -908 -944 -941 -592 -617 -588 -823 -588 -753 -584 -594 -592 -563 -593 -592 -419 -597 -593 -488 -460 -459 -419 -999 -359 -128  -30   73   11   29 -254   -4  185  -12 -114 -435  -41  396    0 -600    0  999  997
 39 Beat The Last Move  -19895  -988 -983 -989 -993 -989 -988 -964 -986 -982 -778 -996 -990 -902 -1000 -991 -957 -492 -996 -971  -14   31  -41 -997 -920    1  -22   -9  -24   22 -211   -4   74 -280 -848 -981 -478  144  600    0    1 1000  996
 40 Rotate R-P-S        -25387  -988 -992 -989 -992 -992 -991 -995 -989 -990 -993 -995 -995 -927 -989 -991 -960 -999 -988 -963 -991 -986 -581 -997 -984  -21   11   -3   -5   39  -28 -114   11   28 -319 -999    3  -14    0   -1    0    0 -718
 41 Good Ole Rock       -26185  -989 -999 -999 -1000 -1000 -999 -995 -995 -995 -994 -998 -998 -990 -994 -998 -977 -997 -998 -994 -995 -993 -1000 -999 -983    0   11   26  -24  -25   -1    3  185    7 -832 -1000  -22  365 -999 -1000    0    0 1000
 42 * Anti-Flat         -27539  -977 -985 -996 -996 -993 -1000 -993 -998 -1000 -995 -996 -986 -988 -998 -996 -978 -995 -997 -986 -988 -986 -699 -998 -978  108   12    5  -16  -13  403   -3 -113  -44 -996 -987  -21  -97 -997 -996  718 -1000    0

 Match results (draw <= 50): 

    Player Name           total  W  L  D   1  2  3  4  5  6  7  8  9 10 11 12 13 14 15 16 17 18 19 20 21 22 23 24 25 26 27 28 29 30 31 32 33 34 35 36 37 38 39 40 41 42
  1 Iocaine Powder          72  31  0 10   1  2  1  1  2  2  1  1  1  2  1  1  1  1  2  2  2  2  2  2  2  2  2  2  1  2  2  2  2  2  2  2  2  2  2  2  2  2  2  2  2  2
  2 Phasenbott              66  26  1 14   0  1  1  2  1  2  1  2  1  1  2  1  1  1  2  1  2  1  2  1  1  2  1  2  1  2  2  2  2  2  2  2  2  2  2  2  2  2  2  2  2  2
  3 Simple Modeller         65  24  0 17   1  1  1  1  1  1  1  1  1  2  2  1  1  1  2  1  1  1  2  2  1  2  2  2  1  1  2  2  2  2  2  2  2  2  2  2  2  2  2  2  2  2
  4 Biopic                  63  24  2 15   1  0  1  1  1  0  2  1  1  1  1  1  1  1  2  2  2  1  2  1  1  2  2  2  1  2  2  2  1  2  2  2  2  2  2  2  2  2  2  2  2  2
  5 MegaHAL                 62  23  2 16   0  1  1  1  1  2  1  1  1  0  1  1  1  1  2  1  2  1  2  2  1  2  2  2  1  1  2  2  2  2  2  2  2  1  2  2  2  2  2  2  2  2
  6 RussRocker4             62  24  3 14   0  0  1  2  0  1  1  1  1  1  1  1  1  1  2  1  2  1  2  2  1  2  2  2  1  2  2  2  2  2  2  2  2  2  2  2  1  2  2  2  2  2
  7 ACT-R Lag2              59  20  2 19   1  1  1  0  1  1  1  1  1  1  1  1  1  1  2  1  2  2  2  1  0  2  2  2  1  1  2  2  1  1  2  1  2  2  2  2  2  2  2  2  2  2
  8 Robertot                58  18  1 22   1  0  1  1  1  1  1  1  1  1  1  1  1  1  1  2  1  2  1  1  1  2  1  1  1  1  2  2  1  2  2  2  2  2  2  2  2  2  2  2  2  2
  9 Yomi AI                 57  17  1 23   1  1  1  1  1  1  1  1  1  1  1  1  1  1  1  1  2  2  2  1  0  1  1  1  1  2  2  1  2  2  2  1  2  2  1  2  2  2  2  2  2  2
 10 Shofar                  56  18  3 20   0  1  0  1  2  1  1  1  1  1  0  1  1  1  1  1  1  2  1  1  1  1  2  2  1  1  2  2  1  2  2  2  2  1  2  2  2  2  2  2  2  2
 11 Bugbrain                56  17  2 22   1  0  0  1  1  1  1  1  1  2  1  1  1  1  1  1  1  1  2  1  1  2  1  2  1  1  2  1  2  2  2  2  2  1  2  2  1  2  2  2  2  2
 12 Boom                    55  15  1 25   1  1  1  1  1  1  1  1  1  1  1  1  1  1  0  1  1  1  1  1  1  2  1  1  1  1  2  2  1  2  2  2  2  1  2  2  2  2  2  2  2  2
 13 Majikthise              54  13  0 28   1  1  1  1  1  1  1  1  1  1  1  1  1  1  2  1  1  1  2  1  1  1  1  2  1  1  2  1  1  1  2  1  2  2  1  2  1  2  2  2  2  2
 14 Vroomfondel             54  13  0 28   1  1  1  1  1  1  1  1  1  1  1  1  1  1  1  1  1  2  1  1  1  1  1  2  1  1  2  2  1  1  2  1  2  2  1  2  1  2  2  2  2  2
 15 Simple Predictor        53  21  9 11   0  0  0  0  0  0  0  1  1  1  1  2  0  1  1  1  1  1  2  2  0  2  1  2  1  1  2  2  2  2  2  2  2  2  2  2  2  2  2  2  2  2
 16 Sweet Rocky             53  15  3 23   0  1  1  0  1  1  1  0  1  1  1  1  1  1  1  1  1  1  1  1  1  1  1  1  1  1  2  2  2  2  2  1  2  2  2  2  2  2  2  2  2  2
 17 Granite                 52  19  8 14   0  0  1  0  0  0  0  1  0  1  1  1  1  1  1  1  1  1  1  1  0  2  2  2  1  1  2  2  2  2  2  2  2  2  2  2  2  2  2  2  2  2
 18 Piedra                  50  15  6 20   0  1  1  1  1  1  0  0  0  0  1  1  1  0  1  1  1  1  1  1  1  1  1  1  1  1  2  2  1  2  2  2  2  2  2  2  2  2  2  2  2  2
 19 Marble                  47  18 12 11   0  0  0  0  0  0  0  1  0  1  0  1  0  1  0  1  1  1  1  2  0  1  1  2  1  2  2  2  1  2  2  2  2  2  2  2  2  2  2  2  2  2
 20 * Anti-rotn             45  12  8 21   0  1  0  1  0  0  1  1  1  1  1  1  1  1  0  1  1  1  0  1  0  0  1  2  1  1  2  1  1  1  1  1  2  2  2  2  2  2  2  2  2  2
 21 * De Bruijn             45   7  3 31   0  1  1  1  1  1  2  1  2  1  1  1  1  1  2  1  2  1  2  2  1  1  1  1  1  1  1  1  1  1  1  1  1  1  1  0  1  2  1  0  1  1
 22 ZQ Bot                  45  17 13 11   0  0  0  0  0  0  0  0  1  1  0  0  1  1  0  1  0  1  1  2  1  1  2  0  1  1  2  2  2  2  2  1  2  2  2  2  2  2  2  2  2  2
 23 Mixed Strategy          43  11  9 21   0  1  0  0  0  0  0  1  1  0  1  1  1  1  1  1  0  1  1  1  1  0  1  2  1  1  1  2  1  2  2  1  1  1  2  1  2  2  2  2  2  2
 24 Inocencio               40  15 16 10   0  0  0  0  0  0  0  1  1  0  0  1  0  0  0  1  0  1  0  0  1  2  0  1  1  2  1  2  1  2  2  2  1  2  2  2  2  2  2  2  2  2
 25 * Pi                    39   0  2 39   1  1  1  1  1  1  1  1  1  1  1  1  1  1  1  1  1  1  1  1  1  1  1  1  1  1  1  1  0  1  1  1  1  1  1  1  0  1  1  1  1  1
 26 * Foxtrot               34   0  7 34   0  0  1  0  1  0  1  1  0  1  1  1  1  1  1  1  1  1  0  1  1  1  1  0  1  1  1  1  1  1  1  1  1  1  1  1  1  1  1  1  1  1
 27 Multi-strategy          32  12 21  8   0  0  0  0  0  0  0  0  0  0  0  0  0  0  0  0  0  0  0  0  1  0  1  1  1  1  1  2  1  1  1  2  2  2  2  2  2  2  2  2  2  2
 28 Peterbot                31  10 20 11   0  0  0  0  0  0  0  0  1  0  1  0  1  0  0  0  0  0  0  1  1  0  0  0  1  1  0  1  1  1  1  2  2  2  2  2  1  2  2  2  2  2
 29 * Add-drift             29   1 13 27   0  0  0  1  0  0  1  1  0  1  0  1  1  1  0  0  0  1  1  1  1  0  1  1  2  1  1  1  1  0  1  1  1  1  1  1  1  0  1  1  1  1
 30 * Add-react             25   3 19 19   0  0  0  0  0  0  1  0  0  0  0  0  1  1  0  0  0  0  0  1  1  0  0  0  1  1  1  1  2  1  1  1  1  1  1  1  1  1  1  1  2  2
 31 Knucklehead             25   6 22 13   0  0  0  0  0  0  0  0  0  0  0  0  0  0  0  0  0  0  0  1  1  0  0  0  1  1  1  1  1  1  1  1  1  1  2  1  1  2  2  2  2  2
 32 * Copy-drift            24   0 17 24   0  0  0  0  0  0  1  0  1  0  0  0  1  1  0  1  0  0  0  1  1  1  1  0  1  1  0  0  1  1  1  1  1  1  1  1  1  1  1  1  1  1
 33 * Switch A Lot          21   3 23 15   0  0  0  0  0  0  0  0  0  0  0  0  0  0  0  0  0  0  0  0  1  0  1  1  1  1  0  0  1  1  1  1  1  2  2  1  2  1  1  1  1  1
 34 * Flat                  21   2 22 17   0  0  0  0  1  0  0  0  0  1  1  1  0  0  0  0  0  0  0  0  1  0  1  0  1  1  0  0  1  1  1  1  0  1  2  1  1  2  1  0  1  1
 35 Beat The Last Move      20   5 26 10   0  0  0  0  0  0  0  0  1  0  0  0  1  1  0  0  0  0  0  0  1  0  0  0  1  1  0  0  1  1  0  1  0  0  1  0  2  2  2  2  1  2
 36 Always Switchin'        19   2 24 15   0  0  0  0  0  0  0  0  0  0  0  0  0  0  0  0  0  0  0  0  2  0  1  0  1  1  0  0  1  1  1  1  1  1  2  1  1  1  1  1  1  1
 37 * Text                  19   2 24 15   0  0  0  0  0  1  0  0  0  0  1  0  1  1  0  0  0  0  0  0  1  0  0  0  2  1  0  1  1  1  1  1  0  1  0  1  1  0  0  2  1  1
 38 Beat Frequent Pick      17   5 29  7   0  0  0  0  0  0  0  0  0  0  0  0  0  0  0  0  0  0  0  0  0  0  0  0  1  1  0  0  2  1  0  1  1  0  0  1  2  1  2  2  1  2
 39 Good Ole Rock           16   3 28 10   0  0  0  0  0  0  0  0  0  0  0  0  0  0  0  0  0  0  0  0  1  0  0  0  1  1  0  0  1  1  0  1  1  1  0  1  2  0  1  2  1  2
 40 * Anti-Flat             13   3 31  7   0  0  0  0  0  0  0  0  0  0  0  0  0  0  0  0  0  0  0  0  2  0  0  0  1  1  0  0  1  1  0  1  1  2  0  1  0  0  0  1  2  0
 41 Rotate R-P-S            13   0 28 13   0  0  0  0  0  0  0  0  0  0  0  0  0  0  0  0  0  0  0  0  1  0  0  0  1  1  0  0  1  0  0  1  1  1  1  1  1  1  1  0  1  1
 42 R-P-S 20-20-60          12   1 30 10   0  0  0  0  0  0  0  0  0  0  0  0  0  0  0  0  0  0  0  0  1  0  0  0  1  1  0  0  1  0  0  1  1  1  0  1  1  0  0  2  1  1


   Yomi AI is match ranked 9

 Tournament results:
    Player Name          total 
  1 Yomi AI               4582 
 15 * Anti-rotn           5471 
 19 Iocaine Powder       10969 
 20 Phasenbott            9961 
 21 MegaHAL               9355 
 22 RussRocker4           7492 
 23 Biopic                8524 
 24 Simple Modeller       8585 
 25 Simple Predictor      7259 
 26 Robertot              7442 
 27 Boom                  7139 
 28 Shofar                6557 
 29 ACT-R Lag2            6880 
 30 Majikthise            4928 
 31 Vroomfondel           5023 
 32 Granite               6742 
 33 Marble                6678 
 34 ZQ Bot                5390 
 35 Sweet Rocky           6427 
 36 Piedra                6258 
 37 Mixed Strategy        5187 
 41 Bugbrain              5831 

   Yomi is tournament ranked 22

