 Playing 1 tournaments with 1000 trials per match...

 Yomi AI            vs Good Ole Rock       Match: 1000 (1000+   0-   0=)
 Yomi AI            vs R-P-S 20-20-60      Match:  332 (555+ 223- 222=)
 Yomi AI            vs Rotate R-P-S        Match:  813 (845+  32- 123=)
 Yomi AI            vs Beat The Last Move  Match:  210 (462+ 252- 286=)
 Yomi AI            vs Always Switchin'    Match:  261 (464+ 203- 333=)
 Yomi AI            vs Beat Frequent Pick  Match:  494 (668+ 174- 158=)
 Yomi AI            vs * Pi                Match:    2 (342+ 340- 318=)
 Yomi AI            vs * Switch A Lot      Match:  160 (426+ 266- 308=)
 Yomi AI            vs * Flat              Match:  219 (478+ 259- 263=)
 Yomi AI            vs * Anti-Flat         Match:  882 (900+  18-  82=)
 Yomi AI            vs * Foxtrot           Match:  344 (561+ 217- 222=)
 Yomi AI            vs * De Bruijn         Match:    5 (338+ 333- 329=)
 Yomi AI            vs * Text              Match:  125 (414+ 289- 297=)
 Yomi AI            vs * Anti-rotn         Match:   15 (328+ 313- 359=)
 Yomi AI            vs * Copy-drift        Match:   25 (339+ 314- 347=)
 Yomi AI            vs * Add-react         Match:   50 (380+ 330- 290=)
 Yomi AI            vs * Add-drift         Match:   27 (358+ 331- 311=)
 Yomi AI            vs Iocaine Powder      Match:   15 (324+ 309- 367=)
 Yomi AI            vs Phasenbott          Match:   26 (357+ 331- 312=)
 Yomi AI            vs MegaHAL             Match:   -2 (329+ 331- 340=)
 Yomi AI            vs RussRocker4         Match:   21 (368+ 347- 285=)
 Yomi AI            vs Biopic              Match:   -9 (342+ 351- 307=)
 Yomi AI            vs Simple Modeller     Match:    9 (349+ 340- 311=)
 Yomi AI            vs Simple Predictor    Match:   12 (355+ 343- 302=)
 Yomi AI            vs Robertot            Match:   51 (366+ 315- 319=)
 Yomi AI            vs Boom                Match:   -2 (346+ 348- 306=)
 Yomi AI            vs Shofar              Match:  -20 (325+ 345- 330=)
 Yomi AI            vs ACT-R Lag2          Match:  -55 (323+ 378- 299=)
 Yomi AI            vs Majikthise          Match:  -20 (335+ 355- 310=)
 Yomi AI            vs Vroomfondel         Match:  -71 (308+ 379- 313=)
 Yomi AI            vs Granite             Match:  110 (447+ 337- 216=)
 Yomi AI            vs Marble              Match:   64 (399+ 335- 266=)
 Yomi AI            vs ZQ Bot              Match:   94 (404+ 310- 286=)
 Yomi AI            vs Sweet Rocky         Match:   50 (379+ 329- 292=)
 Yomi AI            vs Piedra              Match:   53 (392+ 339- 269=)
 Yomi AI            vs Mixed Strategy      Match:   63 (379+ 316- 305=)
 Yomi AI            vs Multi-strategy      Match:  182 (456+ 274- 270=)
 Yomi AI            vs Inocencio           Match:   18 (387+ 369- 244=)
 Yomi AI            vs Peterbot            Match:  262 (498+ 236- 266=)
 Yomi AI            vs Bugbrain            Match:  -15 (323+ 338- 339=)
 Yomi AI            vs Knucklehead         Match:  500 (652+ 152- 196=)
 Final results (draw value = 50):

 Tournament results: 

    Player Name          total     1    2    3    4    5    6    7    8    9   10   11   12   13   14   15   16   17   18   19   20   21   22   23   24   25   26   27   28   29   30   31   32   33   34   35   36   37   38   39   40   41   42
  1 Iocaine Powder       11140     0  159   71   44  525   25  198    3   59   78  226  250   43  -50  -15   73   -5  308   55   48   50   31  402   28   36  193  137  195  345   90  188  329  577  140  155  890  371  927  985  988  999  989
  2 Phasenbott            9762  -159    0   36  -27  533   33  144   26   -1   62  193  202   18    4  -26   78   40  270  143   15   61   16  224   45  -13  151  114  105  345   90   12  334  421   46  257  882  170  973  985  991  994  975
  3 MegaHAL               9573   -71  -36    0  -46   68    4   87   16   72   68  226  205   38  -14    2    2  -39  244   11  -35   92  -50  261  -25  -13  227  245   96  108  133  129  308  382  235  465  864  405  930  990  991  998 1000
  4 Simple Modeller       8768   -44   27   46    0  -47   36  230  -41    4   39  114  103    6  -24   -9   63   73  294   69  -25   54    2  181  -54  -46   48  251  222    1  128  103  113  279  200  462  947  404  585  990  989 1000  995
  5 RussRocker4           8290  -525 -533  -68   47    0   17  120  -18   20   46  179  131   52   17  -21  -19   36  182   71  -14   55   32  219  -17  -10  687  174   -4  184   87  142  339  518  114  248  916  318  592  988  993 1000  995
  6 Biopic                8127   -25  -33   -4  -36  -17    0   33   53  -11   57   98  171   28   -5    9   29  -44   88   59   20   39   -3  309  -18   -5  169   16   45  392  -56   97   28  487  124  313  708  375  648  995  997  999  998
  7 Simple Predictor      7810  -198 -144  -87 -230 -120  -33    0  -76  -13   52    3   54   53   26  -12  -20   51  125   16  -45   54   10  220  -73   19  543  303  259  -58  149   66  124  318  209  405  916  395  588  984  989  995  993
  8 Robertot              7566    -3  -26  -16   41   18  -53   76    0  -64   20   24   26   35    2  -51  -51   20   90   29  -39   43    0  308  -17   -5   18   -3   78   14  174   88   18  462   80  466  598  402  818  968  992  995  991
  9 Boom                  7484   -59    1  -72   -4  -20   11   13   64    0   82   23   59   54  -45    2  -10  -37   86   16   47   57    4  274   24   -2   90   22   42  -20  106   52   82  378  242  377  499  321  753  991  990  997  994
 10 Piedra                6991   -78  -62  -68  -39  -46  -57  -52  -20  -82    0  -20  -51   35  -29  -53  -51  -50  -39  -59  -32   59  -25   64  -28  -31  797   71   56  -15  183  186  105   96  112  281 1000  359  593  989  994  998 1000
 11 Marble                6805  -226 -193 -226 -114 -179  -98   -3  -24  -23   20    0  -33   53  -63  -64 -162  -64   48   65  -59   50    8  247  -53  -25  650   71   57   66  177  165  160  300  104  265  926  405  591  996  995  999  996
 12 Granite               6546  -250 -202 -205 -103 -131 -171  -54  -26  -59   51   33    0   50  -53 -110 -182  -89   23   21  -46   32  -30  373  -51  -43  655  -21   72   39  177  166   72  327  203  332  802  377  592  989  992  999  995
 13 Sweet Rocky           6446   -43  -18  -38   -6  -52  -28  -53  -35  -54  -35  -53  -50    0  -36  -50  -37  -51  -29  -41  -51   45  -43   67  -32    9  -35   42   39   50  163  140  341  230  129  143  934  406  594  993  996  998  997
 14 Shofar                6395    50   -4   14   24  -17    5  -26   -2   45   29   63   53   36    0   20    7  -28   58   37   -8   37   -2  177  -24   13   30   17   60  -12   55   -3  -16  143  189  451  216  338  561  906  928  988  987
 15 Yomi AI               6300    15   26   -2    9   21   -9   12   51   -2   53   64  110   50  -20    0  -55  -15   94   63  -71   15  -20  182    5    2   18   27   25  344  125  219   50  500  160  261  262  332  494  210  813 1000  882
 16 ACT-R Lag2            6177   -73  -78   -2  -63   19  -29   20   51   10   51  162  182   37   -7   55    0    6  104   46    6   62   32  176  -86    5  125   15   29  -31   66  125   33  501  193  217  188  345  580  130  993  996  986
 17 Bugbrain              6162     5  -40   39  -73  -36   44  -51  -20   37   50   64   89   51   28   15   -6    0  153   65   20   52   41  115  -27  -17   62   89   36   -8   95   42   71  128  100  223  312  203  423  925  895  979  989
 18 ZQ Bot                5491  -308 -270 -244 -294 -182  -88 -125  -90  -86   39  -48  -23   29  -58  -94 -104 -153    0    2   -8   58  -40  211  -19  -24  -30   61   59   18  159  145  416  321  173  194  958  381  593  985  992  997  988
 19 Mixed Strategy        5021   -55 -143  -11  -69  -71  -59  -16  -29  -16   59  -65  -21   41  -37  -63  -46  -65   -2    0   -7   18  -20    9  -50  -66  -41  -38   11   19  181   53   85  211  114  226  282  381  457  965  905  999  995
 20 Vroomfondel           4987   -48  -15   35   25   14  -20   45   39  -47   32   59   46   51    8   71   -6  -20    8    7    0   55  -35  183    5   13   63   36  -16   34   53  101  -17  251   87  231   74  189  444  -22  991  990  993
 21 * Anti-rotn           4851   -50  -61  -92  -54  -55  -39  -54  -43  -57  -59  -50  -32  -45  -37  -15  -62  -52  -58  -18  -55    0   21  272  -52  -36  321  -15   18  -39   57  197  -22   -1  330  503   37  174  598  493  998  998  987
 22 Majikthise            4707   -31  -16   50   -2  -32    3  -10    0   -4   25   -8   30   43    2   20  -32  -41   40   20   35  -21    0  245  -31   46   58  -29   25   28  -12   97  -22  246  172  240    8  149  460  -18  989  996  989
 23 Multi-strategy        2415  -402 -224 -261 -181 -219 -309 -220 -308 -274  -64 -247 -373  -67 -177 -182 -176 -115 -211   -9 -183 -272 -245    0  -50  -20 -147   28  284  -26  123  125   57   92  282  496  500  401  999  997  997  999  997
 24 * De Bruijn            634   -28  -45   25   54   17   18   73   17  -24   28   53   51   32   24   -5   86   27   19   50   -5   52   31   50    0   -1    5  -46   13  -27   23    9   -9   -4   19   57   -9  -28  128   -1   21    0 -116
 25 * Pi                   372   -36   13   13   46   10    5  -19    5    2   31   25   43   -9  -13   -2   -5   17   24   66  -13   36  -46   20    1    0   19   -4   10    1  -81   23   58   11   48   32   25   -2   30   22  -11  -11  -12
 26 Inocencio             -151  -193 -151 -227  -48 -687 -169 -543  -18  -90 -797 -650 -655   35  -30  -18 -125  -62   30   41  -63 -321  -58  147   -5  -19    0   27  102  324  155  122   66  231  102  195  153  411  360 -668  975  982  988
 27 * Add-drift          -1850  -137 -114 -245 -251 -174  -16 -303    3  -22  -71  -71   21  -42  -17  -27  -15  -89  -61   38  -36   15   29  -28   46    4  -27    0  -27  -36  -78  -49    6  -55    0    6    3   17    0   -2   10  -58    3
 28 * Copy-drift         -1973  -195 -105  -96 -222    4  -45 -259  -78  -42  -56  -57  -72  -39  -60  -25  -29  -36  -59  -11   16  -18  -25 -284  -13  -10 -102   27    0   -6   14   72  -39  -63   27   -5  -32   -4  -30  -22  -13   17    2
 29 * Foxtrot            -1973  -345 -345 -108   -1 -184 -392   58  -14   20   15  -66  -39  -50   12 -344   31    8  -18  -19  -34   39  -28   26   27   -1 -324   36    6    0   48   17  -20   -1  -19   33  -31   -7   50   -1   33  -15  -26
 30 * Text               -2946   -90  -90 -133 -128  -87   56 -149 -174 -106 -183 -177 -177 -163  -55 -125  -66  -95 -159 -181  -53  -57   12 -123  -23   81 -155   78  -14  -48    0  -30   -6  -31    5   54    3  -14 -185  -74  -11 -185  112
 31 * Flat               -2993  -188  -12 -129 -103 -142  -97  -66  -88  -52 -186 -165 -166 -140    3 -219 -125  -42 -145  -53 -101 -197  -97 -125   -9  -23 -122   49  -72  -17   30    0    8    8   -4  -23 -179  -56  235  196   21   -1 -399
 32 * Add-react          -3054  -329 -334 -308 -113 -339  -28 -124  -18  -82 -105 -160  -72 -341   16  -50  -33  -71 -416  -85   17   22   22  -57    9  -58  -66   -6   39   20    6   -8    0  -77   43   59  -62   34    9   30  -21    0  -17
 33 Knucklehead          -3197  -577 -421 -382 -279 -518 -487 -318 -462 -378  -96 -300 -327 -230 -143 -500 -501 -128 -321 -211 -251    1 -246  -92    4  -11 -231   55   63    1   31   -8   77    0   13   16  -44   35   94  964  927  984 1000
 34 * Switch A Lot       -3850  -140  -46 -235 -200 -114 -124 -209  -80 -242 -112 -104 -203 -129 -189 -160 -193 -100 -173 -114  -87 -330 -172 -282  -19  -48 -102    0  -27   19   -5    4  -43  -13    0  -14 -113   46  -10  283   -8  -15  -47
 35 Always Switchin'     -7373  -155 -257 -465 -462 -248 -313 -405 -466 -377 -281 -265 -332 -143 -451 -261 -217 -223 -194 -226 -231 -503 -240 -496  -57  -32 -195   -6    5  -33  -54   23  -59  -16   14    0 -260   11   14  493  -18   12   -4
 36 Peterbot             -8363  -890 -882 -864 -947 -916 -708 -916 -598 -499 -1000 -926 -802 -934 -216 -262 -188 -312 -958 -282  -74  -37   -8 -500    9  -25 -153   -3   32   31   -3  179   62   44  113  260    0  396  443  982  997  999  993
 37 R-P-S 20-20-60       -9348  -371 -170 -405 -404 -318 -375 -395 -402 -321 -359 -405 -377 -406 -338 -332 -345 -203 -381 -381 -189 -174 -149 -401   28    2 -411  -17    4    7   14   56  -34  -35  -46  -11 -396    0 -421 -125   -3 -442   83
 38 Beat Frequent Pick  -14111  -927 -973 -930 -585 -592 -648 -588 -818 -753 -593 -591 -592 -594 -561 -494 -580 -423 -593 -457 -444 -598 -460 -999 -128  -30 -360    0   30  -50  185 -235   -9  -94   10  -14 -443  421    0 -600    0  999 1000
 39 Beat The Last Move  -17890  -985 -985 -990 -990 -988 -995 -984 -968 -991 -989 -996 -989 -993 -906 -210 -130 -925 -985 -965   22 -493   18 -997    1  -22  668    2   22    1   74 -196  -30 -964 -283 -493 -982  125  600    0    1 1000 1000
 40 Rotate R-P-S        -25975  -988 -991 -991 -989 -993 -997 -989 -992 -990 -994 -995 -992 -996 -928 -813 -993 -895 -992 -905 -991 -998 -989 -997  -21   11 -975  -10   13  -33   11  -21   21 -927    8   18 -997    3    0   -1    0    0 -677
 41 Good Ole Rock       -26181  -999 -994 -998 -1000 -1000 -999 -995 -995 -997 -998 -999 -999 -998 -988 -1000 -996 -979 -997 -999 -990 -998 -996 -999    0   11 -982   58  -17   15  185    1    0 -984   15  -12 -999  442 -999 -1000    0    0  998
 42 * Anti-Flat         -27592  -989 -975 -1000 -995 -995 -998 -993 -991 -994 -1000 -996 -995 -997 -987 -882 -986 -989 -988 -995 -993 -987 -989 -997  116   12 -988   -3   -2   26 -112  399   17 -1000   47    4 -993  -83 -1000 -1000  677 -998    0

 Match results (draw <= 50): 

    Player Name           total  W  L  D   1  2  3  4  5  6  7  8  9 10 11 12 13 14 15 16 17 18 19 20 21 22 23 24 25 26 27 28 29 30 31 32 33 34 35 36 37 38 39 40 41 42
  1 Iocaine Powder          70  29  0 12   1  2  2  1  2  1  2  1  1  2  1  1  2  1  1  2  1  2  1  2  2  2  1  1  2  2  2  2  2  2  2  2  2  2  2  2  2  2  2  2  2  2
  2 MegaHAL                 66  26  1 14   0  1  1  1  2  1  2  1  1  1  1  1  2  1  1  2  1  2  1  1  2  2  1  2  2  2  2  2  2  2  2  2  2  2  2  2  2  2  2  2  2  2
  3 Phasenbott              65  25  1 15   0  1  1  1  2  1  1  1  1  2  1  1  2  1  1  2  1  2  1  2  2  2  1  2  2  2  2  2  2  2  2  2  2  2  1  1  2  2  2  2  2  2
  4 Simple Modeller         64  24  1 16   1  1  1  1  1  1  1  2  1  2  1  1  2  1  1  2  1  1  0  2  2  2  1  2  1  1  2  2  2  2  2  2  2  2  2  2  2  2  2  2  2  2
  5 RussRocker4             62  24  3 14   0  0  0  1  1  1  1  1  1  1  1  1  2  1  1  2  2  1  1  2  2  2  1  2  2  2  2  2  1  2  2  2  2  2  2  2  2  2  2  2  2  2
  6 Biopic                  60  20  1 20   1  1  1  1  1  1  1  1  1  1  1  1  1  2  1  2  1  2  1  2  2  2  1  1  2  2  2  2  1  1  2  1  2  0  2  2  2  2  2  2  2  2
  7 Boom                    60  21  2 18   0  0  1  1  1  1  1  1  1  1  1  1  1  2  1  1  2  2  1  1  2  2  1  2  2  1  2  2  1  1  2  2  2  2  2  2  2  2  2  2  2  2
  8 Bugbrain                60  21  2 18   1  1  1  0  1  1  1  1  1  1  1  1  0  1  1  2  2  1  1  2  2  2  1  2  2  1  2  2  1  2  2  2  2  2  2  1  2  2  2  2  2  2
  9 Yomi AI                 59  20  2 19   1  1  1  1  1  1  1  1  1  0  0  1  1  2  1  2  1  2  1  2  2  2  1  1  1  2  2  2  1  1  2  1  2  2  2  2  2  2  2  2  2  2
 10 ACT-R Lag2              58  21  4 16   0  1  0  0  1  1  1  1  2  1  1  1  1  2  1  2  1  2  0  1  2  2  1  2  2  1  2  2  1  1  2  1  2  2  2  2  2  2  2  2  2  2
 11 Vroomfondel             58  17  0 24   1  1  1  1  1  1  1  1  2  1  1  1  1  1  1  2  2  1  1  1  1  1  1  2  2  1  2  2  1  1  2  1  1  2  2  2  2  2  2  2  2  2
 12 Shofar                  57  16  0 25   1  1  1  1  1  1  1  1  1  1  1  1  1  1  1  2  1  1  1  1  2  2  1  1  1  1  2  2  2  1  2  1  2  2  2  1  2  2  2  2  2  2
 13 Simple Predictor        56  23  8 10   0  0  0  0  0  1  1  2  1  1  1  1  1  0  1  1  2  2  0  1  2  2  1  2  2  0  2  2  2  2  2  2  2  2  2  2  2  2  2  2  2  2
 14 Robertot                53  16  4 21   1  1  1  1  1  0  0  1  0  0  1  1  2  1  1  1  1  1  1  1  1  2  1  1  1  1  2  2  2  1  2  1  2  2  2  2  2  2  2  2  2  2
 15 Majikthise              52  11  0 30   1  1  1  1  1  1  1  1  1  1  1  1  1  1  1  1  1  1  1  1  1  1  1  1  2  1  2  1  1  1  2  1  1  1  2  2  2  2  2  2  2  2
 16 Marble                  49  20 12  9   0  0  0  0  0  0  1  0  0  0  0  0  1  1  1  1  2  1  0  2  1  1  1  1  2  2  2  2  2  2  2  2  2  2  2  2  2  2  2  2  2  2
 17 Sweet Rocky             49  14  6 21   1  1  1  1  0  1  0  0  1  1  0  1  0  1  1  0  1  1  1  1  1  1  1  1  1  1  2  2  1  1  2  2  2  2  2  2  2  2  2  2  2  2
 18 Piedra                  49  18 10 13   0  0  0  1  1  0  0  1  0  0  1  1  0  1  1  1  1  1  1  0  0  1  1  2  2  1  2  2  2  2  2  2  2  2  2  2  2  2  2  2  2  2
 19 * De Bruijn             48   8  1 32   1  1  1  2  1  1  1  1  1  2  1  1  2  1  1  2  1  1  1  1  2  1  1  2  1  1  1  1  1  1  1  1  1  1  1  1  1  2  1  1  2  0
 20 Mixed Strategy          46  14  9 18   0  1  0  0  0  0  1  0  0  1  1  1  1  1  1  0  1  2  1  1  1  1  0  1  1  1  1  2  1  1  2  2  2  2  2  2  2  2  2  2  2  2
 21 Granite                 45  17 13 11   0  0  0  0  0  0  0  0  0  0  1  0  0  1  1  1  1  2  0  1  1  1  1  1  2  1  2  2  2  1  2  2  2  2  2  2  2  2  2  2  2  2
 22 ZQ Bot                  45  17 13 11   0  0  0  0  0  0  0  0  0  0  1  0  0  0  1  1  1  1  1  1  1  1  1  2  1  1  2  2  2  2  2  2  2  2  2  2  2  2  2  2  2  2
 23 * Pi                    42   2  1 38   1  1  1  1  1  1  1  1  1  1  1  1  1  1  1  1  1  1  1  2  1  1  1  1  1  1  1  1  1  1  1  2  1  0  1  1  1  1  1  1  1  1
 24 * Anti-rotn             41  12 12 17   1  0  0  0  0  1  0  0  1  0  0  1  0  1  1  1  1  0  0  1  1  0  1  1  2  1  2  1  1  1  1  1  2  2  2  2  2  2  2  2  2  2
 25 Inocencio               40  15 16 10   0  0  0  1  0  0  0  0  1  0  0  1  0  1  0  0  1  0  1  1  0  1  1  0  1  2  2  2  2  1  2  2  0  2  2  2  2  2  2  2  2  2
 26 * Foxtrot               34   1  8 32   0  0  0  1  0  0  1  1  0  1  1  1  2  1  1  0  1  1  1  1  1  1  1  1  0  1  1  1  1  1  1  1  1  1  1  1  1  1  1  1  1  1
 27 Multi-strategy          33  14 22  5   0  0  0  0  0  0  0  0  0  0  0  0  0  0  0  0  0  0  1  1  0  0  1  0  0  1  1  2  2  1  2  2  2  2  2  2  2  2  2  2  2  2
 28 Peterbot                29  10 22  9   0  0  0  0  0  0  0  0  0  0  0  0  0  0  1  0  0  0  1  0  0  0  1  1  0  1  0  1  1  1  1  2  2  1  2  2  2  2  2  2  2  2
 29 * Copy-drift            28   1 14 26   0  0  0  0  1  1  1  1  1  1  1  0  0  0  1  0  1  0  1  1  0  0  1  1  0  1  0  1  1  1  0  1  1  1  1  2  1  1  1  1  1  1
 30 * Add-drift             28   0 13 28   0  0  0  0  0  1  1  0  1  1  1  1  0  1  1  0  1  0  1  1  1  0  1  1  1  1  1  1  1  1  0  1  1  0  1  1  0  1  1  1  1  1
 31 Knucklehead             26   8 23 10   0  0  0  0  0  0  0  0  0  0  0  0  0  0  0  0  0  0  1  0  0  0  1  1  0  1  0  1  2  2  1  2  2  1  1  1  2  2  1  2  1  2
 32 * Add-react             23   1 19 21   0  0  0  0  0  1  0  0  1  1  1  1  0  1  1  0  0  0  1  0  0  0  0  1  0  1  0  0  1  1  0  1  1  1  1  1  1  1  1  1  2  1
 33 Beat The Last Move      21   6 26  9   0  0  0  0  0  0  0  0  0  0  1  0  0  0  1  0  0  0  1  0  0  0  1  0  2  1  0  0  1  1  0  1  1  2  0  0  2  2  2  1  0  2
 34 * Text                  21   5 25 11   0  0  0  0  0  2  0  0  0  0  0  0  0  0  1  0  0  0  1  0  0  0  2  0  0  1  0  1  1  2  1  1  0  1  1  1  0  0  1  1  2  2
 35 * Switch A Lot          18   1 24 16   0  0  1  0  0  0  0  0  0  0  0  0  0  0  0  0  0  0  1  0  0  0  1  0  0  1  0  0  1  1  1  1  2  1  1  1  1  1  1  1  1  1
 36 * Flat                  18   2 25 14   0  0  1  0  0  0  0  1  0  0  0  1  0  0  0  0  0  0  1  0  0  0  1  0  0  1  0  0  0  1  1  1  2  1  1  1  1  2  0  1  1  0
 37 Good Ole Rock           17   4 28  9   0  0  0  0  0  0  0  0  0  0  0  0  0  0  0  0  0  0  1  0  0  0  1  0  0  1  0  0  1  2  0  1  0  2  1  1  1  0  2  1  1  2
 38 Beat Frequent Pick      16   4 29  8   0  0  0  0  0  0  0  0  0  0  0  0  0  0  0  0  0  0  0  0  0  0  1  0  0  1  0  0  1  1  0  1  0  2  1  0  2  1  2  1  1  2
 39 R-P-S 20-20-60          15   2 28 11   0  0  0  0  0  0  0  0  0  0  0  0  0  0  0  0  0  0  1  0  0  0  1  0  0  1  0  0  1  1  1  1  0  1  1  2  0  0  1  1  1  2
 40 Rotate R-P-S            14   0 27 14   0  0  0  0  0  0  0  0  0  0  0  0  0  0  0  0  0  0  1  0  0  0  1  0  0  1  0  0  1  1  0  1  1  1  1  1  1  1  1  1  1  0
 41 Always Switchin'        14   1 28 12   0  0  0  0  0  0  0  0  0  0  0  0  0  0  0  0  0  0  0  0  0  0  1  0  0  1  0  0  1  1  1  0  2  0  1  1  1  1  1  1  1  1
 42 * Anti-Flat             13   3 31  7   0  0  0  0  0  0  0  0  0  0  0  0  0  0  0  0  0  0  2  0  0  0  1  0  0  1  0  0  1  1  0  1  0  0  1  2  0  0  0  2  1  1


   Yomi AI is match ranked 9

 Tournament results:
    Player Name          total 
  1 Yomi AI               6300 
 19 Iocaine Powder       11140 
 20 Phasenbott            9762 
 21 MegaHAL               9573 
 22 RussRocker4           8290 
 23 Biopic                8127 
 24 Simple Modeller       8768 
 25 Simple Predictor      7810 
 26 Robertot              7566 
 27 Boom                  7484 
 28 Shofar                6395 
 32 Granite               6546 
 33 Marble                6805 
 35 Sweet Rocky           6446 
 36 Piedra                6991 

   Yomi is tournament ranked 15

