 Playing 1 tournaments with 1000 trials per match...

 Yomi AI            vs Good Ole Rock       Match: 1000 (1000+   0-   0=)
 Yomi AI            vs R-P-S 20-20-60      Match:  221 (452+ 231- 317=)
 Yomi AI            vs Rotate R-P-S        Match:  699 (719+  20- 261=)
 Yomi AI            vs Beat The Last Move  Match:   27 (350+ 323- 327=)
 Yomi AI            vs Always Switchin'    Match:  147 (390+ 243- 367=)
 Yomi AI            vs Beat Frequent Pick  Match:  399 (568+ 169- 263=)
 Yomi AI            vs * Pi                Match:   29 (368+ 339- 293=)
 Yomi AI            vs * Switch A Lot      Match:   81 (367+ 286- 347=)
 Yomi AI            vs * Flat              Match:   22 (354+ 332- 314=)
 Yomi AI            vs * Anti-Flat         Match:  999 (999+   0-   1=)
 Yomi AI            vs * Foxtrot           Match:  154 (412+ 258- 330=)
 Yomi AI            vs * De Bruijn         Match:    5 (328+ 323- 349=)
 Yomi AI            vs * Text              Match:   98 (385+ 287- 328=)
 Yomi AI            vs * Anti-rotn         Match:   17 (341+ 324- 335=)
 Yomi AI            vs * Copy-drift        Match:   38 (339+ 301- 360=)
 Yomi AI            vs * Add-react         Match:   75 (371+ 296- 333=)
 Yomi AI            vs * Add-drift         Match:   -9 (325+ 334- 341=)
 Yomi AI            vs Iocaine Powder      Match:  -13 (316+ 329- 355=)
 Yomi AI            vs Phasenbott          Match:  -42 (317+ 359- 324=)
 Yomi AI            vs MegaHAL             Match:  -33 (324+ 357- 319=)
 Yomi AI            vs RussRocker4         Match:   -8 (340+ 348- 312=)
 Yomi AI            vs Biopic              Match:    9 (346+ 337- 317=)
 Yomi AI            vs Simple Modeller     Match:   -6 (339+ 345- 316=)
 Yomi AI            vs Simple Predictor    Match:   69 (376+ 307- 317=)
 Yomi AI            vs Robertot            Match:  -16 (337+ 353- 310=)
 Yomi AI            vs Boom                Match:   24 (347+ 323- 330=)
 Yomi AI            vs Shofar              Match:   27 (348+ 321- 331=)
 Yomi AI            vs ACT-R Lag2          Match:   11 (343+ 332- 325=)
 Yomi AI            vs Majikthise          Match:    4 (351+ 347- 302=)
 Yomi AI            vs Vroomfondel         Match:  -16 (338+ 354- 308=)
 Yomi AI            vs Granite             Match:  -12 (342+ 354- 304=)
 Yomi AI            vs Marble              Match:   76 (413+ 337- 250=)
 Yomi AI            vs ZQ Bot              Match:   56 (387+ 331- 282=)
 Yomi AI            vs Sweet Rocky         Match:   44 (372+ 328- 300=)
 Yomi AI            vs Piedra              Match:   52 (363+ 311- 326=)
 Yomi AI            vs Mixed Strategy      Match:   64 (381+ 317- 302=)
 Yomi AI            vs Multi-strategy      Match:  159 (429+ 270- 301=)
 Yomi AI            vs Inocencio           Match:    8 (344+ 336- 320=)
 Yomi AI            vs Peterbot            Match:   68 (371+ 303- 326=)
 Yomi AI            vs Bugbrain            Match:  -29 (339+ 368- 293=)
 Yomi AI            vs Knucklehead         Match:  332 (509+ 177- 314=)
 Final results (draw value = 50):

 Tournament results: 

    Player Name          total     1    2    3    4    5    6    7    8    9   10   11   12   13   14   15   16   17   18   19   20   21   22   23   24   25   26   27   28   29   30   31   32   33   34   35   36   37   38   39   40   41   42
  1 Iocaine Powder       11476     0   32   62  106   69  526   39  293   50   50   28  241  235   -2  257  -14  -22    2   66    9   13   35  379   22   36  605  132  165  362  121  585  215  296  102  889  208  419  890  993  984  999  999
  2 Phasenbott           10466   -32    0  110  -23   21  519   26  133   51  -13   33  229  190  -44  274    7   61   47   56   44   42   40  245  -10    1  491  139    9  411   84  376  122  327   39  905  214  429  944  985  996  994  994
  3 MegaHAL               9669   -62 -110    0   -2  -16   98    8   73    5   26   41  199  250   21  262   41   45   66   60   26   33   -7  186   18  -20  259  168   61  108  142  311  166  317  226  871  469  403  944  990  994  999 1000
  4 Simple Modeller       9034  -106   23    2    0   22    8   35  276   15   39   28  156  147  -20  306   28  -15  105   43  -21    6    6  173  -45   -1  165  205  231  -21  161  285  126  101  223  883  478  419  591  990  993  999  995
  5 Biopic                8398   -69  -21   16  -22    0  -42   17   67   29   30    8  153  155  -23   95   11   40  -10   45  -31   -9   43  297  -63   -1  138   15   20  461   -9  517  154   73  198  824  341  402  565  994  995  998  997
  6 RussRocker4           7592  -526 -519  -98   -8   42    0   42   80   31   44   39  134  107    7  181    7   70  104   51  -37    8   18  279 -102  -11  160  145   78  195   49  493   56  308  148  917  202  324  593  991  993 1000  997
  7 Robertot              7303   -39  -26   -8  -35  -17  -42    0   13   24   65  -10   51    3  -10   96  -17   19   38   63   -2   16    0  257  -18  -13   57   27   43  -45  172  389   76   47   87  556  471  382  775  873  993  998  994
  8 Simple Predictor      6976  -293 -133  -73 -276  -67  -80  -13    0  -42   33  -18   74   23  -45  195    5   16   66   61  -44  -69  -21  220  -79   19  521  258  276   -8  166  244   70  109  181  303  420  418  592  986  989  996  996
  9 ACT-R Lag2            6942   -50  -51   -5  -15  -29  -31  -24   42    0   43   25   96   59  -40  109   18   19   41   -5   -6  -11   38  343  -91  -33  772   -6  -10  -27  100  518   96   -1  194  129  291  316  573  573  997  998  987
 10 Sweet Rocky           6826   -50   13  -26  -39  -30  -44  -65  -33  -43    0   -2  -32  -77  -40  -62  -39   57  -21   54  -23  -44   -7  112  -48  -30  748   39   62  -52  175  150  141  378  145  324  282  390  591  989  992  996  995
 11 Boom                  6620   -28  -33  -41  -28   -8  -39   10   18  -25    2    0   26   26  -38   92  -58   37  -56   51  -57  -24    2  182  -10  -57   37   36   29  -12  116  437   59  106  238  184  350  374  753  991  987  997  994
 12 Granite               6528  -241 -229 -199 -156 -153 -134  -51  -74  -96   32  -26    0    9  -45   11  -69   30    6   54  -53   12  -20  202  -61   -7  654   90   94   39  178  277  143   70  109  925  270  370  591  992  991  998  995
 13 Marble                6460  -235 -190 -250 -147 -155 -107   -3  -23  -59   77  -26   -9    0  -71    4 -104   38  -41   42  -59  -76   -1  288  -90  -24  387   12  107   31  176  353  202  126  237  860  211  408  593  991  995 1000  992
 14 Shofar                6337     2   44  -21   20   23   -7   10   45   40   40   38   45   71    0   54  -44   69   73   36  -36  -27   -5  137  -23  -14   38   16   27    0  120  144   25   -6  211  112  447  297  555  896  919  981  985
 15 ZQ Bot                6257  -257 -274 -262 -306  -95 -181  -96 -195 -109   62  -92  -11   -4  -54    0 -180   79   49   67  -19  -56  -72  153  -15   -7  778   85   53   35  154  344  124  267  197  933  238  364  587  988  988  997 1000
 16 Bugbrain              6025    14   -7  -41  -28  -11   -7   17   -5  -18   39   58   69  104   44  180    0   48   73   43  -17   29  -12  133    6  -21   92  137   18   -7   29   91    7   89   75  283  197  121  395  957  910  984  957
 17 Piedra                5880    22  -61  -45   15  -40  -70  -19  -16  -19  -57  -37  -30  -38  -69  -79  -48    0   17   50  -12  -52  -43  173  -18  -39  -40   41   30    5  160  228  138  301  150  156  259  392  589  994 1000  997  995
 18 Mixed Strategy        5632    -2  -47  -66 -105   10 -104  -38  -66  -41   21   56   -6   41  -73  -49  -73  -17    0  -41  -58  -64    3  -16  -90  -13  208   68   26  -41  152  122   16   10   89  889  163  388  490  986  970  996  938
 19 * Anti-rotn           5136   -66  -56  -60  -43  -45  -51  -63  -61    5  -54  -51  -54  -42  -36  -67  -43  -50   41    0  -42  -17   -4  244  -36  -43  533   23   31  -49   57  -12  249   -9  337    2  481  199  499  497 1000  998  994
 20 Majikthise            4848    -9  -44  -26   21   31   37    2   44    6   23   57   53   59   36   19   17   12   58   42    0   -4  -16  237  -21  -60   58   -9   -1   23  -21  238  124  -25  123   -3  194  160  440  -11  993  996  995
 21 Yomi AI               4830   -13  -42  -33   -6    9   -8  -16   69   11   44   24  -12   76   27   56  -29   52   64   17    4    0  -16  159    5   29    8   -9   38  154   98  332   22   75   81   68  147  221  399   27  699 1000  999
 22 Vroomfondel           4639   -35  -40    7   -6  -43  -18    0   21  -38    7   -2   20    1    5   72   12   43   -3    4   16   16    0  169   57   40   36   27   -6   -4    8  186  109   -8  110   96  233  154  432  -22  994  994  995
 23 Multi-strategy        2552  -379 -245 -186 -173 -297 -279 -257 -220 -343 -112 -182 -202 -288 -137 -153 -133 -173   16 -244 -237 -159 -169    0  -50  -20 -142   11  267  -24  123   64  186   58  292  500  449  399  999  997  997  999  999
 24 * De Bruijn            894   -22   10  -18   45   63  102   18   79   91   48   10   61   90   23   15   -6   18   90   36   21   -5  -57   50    0   -1   21   16    1  -25   23   28   47   14    0  -11  -20   -6  128   -1   21    0 -103
 25 * Pi                   189   -36   -1   20    1    1   11   13  -19   33   30   57    7   24   14    7   21   39   13   43   60  -29  -40   20    1    0   28  -30  -70  -11  -81  -13  -26  -12   52   34    4    6   30   22  -11  -11  -12
 26 Inocencio             -390  -605 -491 -259 -165 -138 -160  -57 -521 -772 -748  -37 -654 -387  -38 -778  -92   40 -208 -533  -58   -8  -36  142  -21  -28    0   36   82  296  161  207  124  107  138  135  278  410  347  959  983  976  983
 27 * Add-drift          -1583  -132 -139 -168 -205  -15 -145  -27 -258    6  -39  -36  -90  -12  -16  -85 -137  -41  -68  -23    9    9  -27  -11  -16   30  -36    0   23   21   -9   17  -24   10   25  -22   -2   16   52   16   -3    1  -32
 28 * Copy-drift         -1663  -165   -9  -61 -231  -20  -78  -43 -276   10  -62  -29  -94 -107  -27  -53  -18  -30  -26  -31    1  -38    6 -267   -1   70  -82  -23    0  -10    9  -58    8   22   67    0    7  -27   15    1  -45   24    8
 29 * Foxtrot            -1842  -362 -411 -108   21 -461 -195   45    8   27   52   12  -39  -31    0  -35    7   -5   41   49  -23 -154    4   24   25   11 -296  -21   10    0  -37   13   21   -5   -6  -27   40   42    6  -13  -47  -12  -12
 30 * Text               -2946  -121  -84 -142 -161    9  -49 -172 -166 -100 -175 -116 -178 -176 -120 -154  -29 -160 -152  -57   21  -98   -8 -123  -23   81 -161    9   -9   37    0  -52   32    9   -6  -17    6    2 -185  -74  -11 -185  112
 31 Knucklehead          -2948  -585 -376 -311 -285 -517 -493 -389 -244 -518 -150 -437 -277 -353 -144 -344  -91 -228 -122   12 -238 -332 -186  -64  -28   13 -207  -17   58  -13   52    0   -2   11   22  -10   10   89  193  649 1000  970  934
 32 * Flat               -2952  -215 -122 -166 -126 -154  -56  -76  -70  -96 -141  -59 -143 -202  -25 -124   -7 -138  -16 -249 -124  -22 -109 -186  -47   26 -124   24   -8  -21  -32    2    0  -24   13 -227    6    8  276  203    2    0 -403
 33 * Add-react          -2955  -296 -327 -317 -101  -73 -308  -47 -109    1 -378 -106  -70 -126    6 -267  -89 -301  -10    9   25  -75    8  -58  -14   12 -107  -10  -22    5   -9  -11   24    0   14  -43   15    9  -22   16    7    2  188
 34 * Switch A Lot       -4030  -102  -39 -226 -223 -198 -148  -87 -181 -194 -145 -238 -109 -237 -211 -197  -75 -150  -89 -337 -123  -81 -110 -292    0  -52 -138  -25  -67    6    6  -22  -13  -14    0 -106  -44   -8   17  290   -6   -9  -53
 35 Peterbot             -6282  -889 -905 -871 -883 -824 -917 -556 -303 -129 -324 -184 -925 -860 -112 -933 -283 -156 -889   -2    3  -68  -96 -500   11  -34 -135   22    0   27   17   10  227   43  106    0  233  411  432  963  999  999  993
 36 Always Switchin'     -7039  -208 -214 -469 -478 -341 -202 -471 -420 -291 -282 -350 -270 -211 -447 -238 -197 -259 -163 -481 -194 -147 -233 -449   20   -4 -278    2   -7  -40   -6  -10   -6  -15   44 -233    0    5   38  487    7   24  -52
 37 R-P-S 20-20-60       -9594  -419 -429 -403 -419 -402 -324 -382 -418 -316 -390 -374 -370 -408 -297 -364 -121 -392 -388 -199 -160 -221 -154 -399    6   -6 -410  -16   27  -42   -2  -89   -8   -9    8 -411   -5    0 -409 -155    3 -359   32
 38 Beat Frequent Pick  -13899  -890 -944 -944 -591 -565 -593 -775 -592 -573 -591 -753 -591 -593 -555 -587 -395 -589 -490 -499 -440 -399 -432 -999 -128  -30 -347  -52  -15   -6  185 -193 -276   22  -17 -432  -38  409    0 -600    0  999 1000
 39 Beat The Last Move  -19412  -993 -985 -990 -990 -994 -991 -873 -986 -573 -989 -991 -992 -991 -896 -988 -957 -994 -986 -497   11  -27   22 -997    1  -22 -959  -16   -1   13   74 -649 -203  -16 -290 -963 -487  155  600    0    1 1000  997
 40 Rotate R-P-S        -25941  -984 -996 -994 -993 -995 -993 -993 -989 -997 -992 -987 -991 -995 -919 -988 -910 -1000 -970 -1000 -993 -699 -994 -997  -21   11 -983    3   45   47   11 -1000   -2   -7    6 -999   -7   -3    0   -1    0    0 -672
 41 Good Ole Rock       -26335  -999 -994 -999 -999 -998 -1000 -998 -996 -998 -996 -997 -998 -1000 -981 -997 -984 -997 -996 -998 -996 -1000 -994 -999    0   11 -976   -1  -24   12  185 -970    0   -2    9 -999  -24  359 -999 -1000    0    0  998
 42 * Anti-Flat         -27698  -999 -994 -1000 -995 -997 -997 -994 -996 -987 -995 -994 -995 -992 -985 -1000 -957 -995 -938 -994 -995 -999 -995 -999  103   12 -983   32   -8   12 -112 -934  403 -188   53 -993   52  -32 -1000 -997  672 -998    0

 Match results (draw <= 50): 

    Player Name           total  W  L  D   1  2  3  4  5  6  7  8  9 10 11 12 13 14 15 16 17 18 19 20 21 22 23 24 25 26 27 28 29 30 31 32 33 34 35 36 37 38 39 40 41 42
  1 Iocaine Powder          68  27  0 14   1  1  2  2  2  1  1  1  2  1  1  1  1  2  1  1  1  2  2  1  2  1  2  1  2  2  2  2  2  2  2  2  2  2  2  2  2  2  2  2  2  2
  2 Phasenbott              66  25  0 16   1  1  2  1  2  1  1  1  1  1  2  1  1  2  1  1  2  2  2  1  2  1  2  1  2  2  2  2  1  2  2  2  2  2  2  2  2  2  2  1  2  2
  3 MegaHAL                 64  25  2 14   0  0  1  1  2  1  1  1  1  1  1  1  1  2  1  1  1  2  2  1  2  2  2  1  2  2  2  2  2  2  2  2  2  2  2  2  2  2  2  2  2  2
  4 Simple Modeller         62  22  1 18   0  1  1  1  1  1  1  1  1  1  1  1  1  2  1  1  1  2  2  1  2  2  1  1  2  1  2  2  2  2  2  2  2  2  2  2  2  2  2  2  2  2
  5 RussRocker4             61  24  4 13   0  0  0  1  1  1  1  1  1  1  1  1  1  2  1  1  2  2  2  0  2  2  2  1  2  2  2  2  2  2  2  2  2  2  1  2  2  2  2  2  2  2
  6 Bugbrain                60  19  0 22   1  1  1  1  1  1  1  1  1  1  1  1  1  1  1  2  1  2  2  1  2  2  1  1  2  1  2  2  1  2  2  2  1  2  1  2  2  2  2  2  2  2
  7 Yomi AI                 59  18  0 23   1  1  1  1  1  1  1  1  1  1  1  1  1  2  1  1  2  1  2  1  2  2  1  1  1  2  2  1  1  2  2  2  1  1  2  2  2  2  2  2  2  2
  8 Robertot                59  18  0 23   1  1  1  1  1  1  1  1  1  1  1  1  2  1  1  1  1  2  2  1  1  1  2  1  2  1  2  1  1  2  2  1  2  2  2  2  2  2  2  2  2  2
  9 Biopic                  58  19  2 20   0  1  1  1  1  1  1  1  1  1  1  1  1  2  1  1  1  2  2  0  2  1  1  1  2  2  2  1  1  2  2  2  2  2  1  2  2  2  2  2  2  2
 10 Shofar                  57  16  0 25   1  1  1  1  1  1  1  1  1  1  1  1  1  1  1  1  2  1  2  1  2  2  1  1  1  1  2  1  1  2  2  1  1  2  2  2  2  2  2  2  2  2
 11 ACT-R Lag2              56  17  2 22   1  0  1  1  1  1  1  1  1  1  1  1  1  1  1  1  1  2  2  0  2  1  1  1  2  1  2  1  1  2  2  1  2  2  2  2  2  2  2  2  2  2
 12 Majikthise              55  15  1 25   1  1  1  1  1  1  1  1  1  1  1  1  1  1  1  2  1  2  1  1  2  2  1  0  2  1  2  1  1  1  2  1  2  1  1  2  2  2  2  2  2  2
 13 Sweet Rocky             55  18  4 19   1  1  1  1  1  1  1  0  1  1  1  1  1  1  1  1  2  1  0  1  0  1  2  1  2  0  2  1  2  2  2  2  2  2  2  2  2  2  2  2  2  2
 14 Simple Predictor        54  21  8 12   0  0  0  0  0  1  0  1  0  1  1  1  1  1  1  1  1  2  2  0  1  2  2  1  2  1  2  2  2  2  2  2  2  2  2  2  2  2  2  2  2  2
 15 Vroomfondel             54  13  0 28   1  1  1  1  1  1  1  1  1  1  1  1  1  1  1  1  1  1  2  2  1  1  1  1  1  1  2  1  1  2  2  1  2  1  1  2  2  2  2  2  2  2
 16 Boom                    53  16  4 21   1  1  1  1  1  0  1  1  1  1  1  0  1  1  1  1  1  1  2  1  1  0  2  0  1  1  2  1  1  2  2  2  2  2  2  2  2  2  2  2  2  2
 17 Piedra                  49  14  6 21   1  0  1  1  0  1  0  1  1  0  1  1  0  1  1  1  1  1  0  1  1  1  1  1  1  1  2  1  1  2  2  2  2  2  2  2  2  2  2  2  2  2
 18 Granite                 47  18 12 11   0  0  0  0  0  0  1  0  0  1  0  0  1  0  1  1  1  1  1  0  1  1  2  1  2  1  2  2  2  2  2  2  2  2  2  2  2  2  2  2  2  2
 19 ZQ Bot                  47  20 14  7   0  0  0  0  0  0  0  0  0  0  0  1  2  0  0  0  2  1  1  1  1  1  2  1  2  1  2  2  2  2  2  2  2  2  2  2  2  2  2  2  2  2
 20 * De Bruijn             47   8  2 31   1  1  1  1  2  1  1  1  2  1  2  1  1  2  0  1  1  2  1  1  2  2  1  1  1  1  1  1  1  1  1  1  1  1  1  1  1  0  2  1  1  1
 21 Marble                  46  17 12 12   0  0  0  0  0  0  0  1  0  0  0  0  2  1  1  1  1  1  1  0  1  1  1  1  2  1  2  1  2  2  2  2  2  2  2  2  2  2  2  2  2  2
 22 Mixed Strategy          46  14  9 18   1  1  0  0  0  0  0  1  1  0  1  0  1  0  1  2  1  1  1  0  1  1  1  1  2  1  1  2  1  2  2  1  1  2  2  2  2  2  2  2  2  2
 23 * Anti-rotn             43  12 10 19   0  0  0  1  0  1  1  0  1  1  1  1  0  0  1  0  1  0  0  1  1  1  1  1  2  1  2  1  1  1  1  1  2  2  2  2  2  2  2  2  2  2
 24 * Pi                    42   3  2 36   1  1  1  1  1  1  1  1  1  1  1  2  1  1  1  2  1  1  1  1  1  1  1  1  1  1  1  1  0  1  1  1  1  1  0  1  1  1  1  2  1  1
 25 Inocencio               40  16 17  8   0  0  0  0  0  0  1  0  0  1  0  0  0  0  1  1  1  0  0  1  0  0  0  1  1  2  2  1  2  2  2  2  2  2  2  2  2  2  2  2  2  2
 26 * Foxtrot               35   1  7 33   0  0  0  1  0  1  0  1  0  1  1  1  2  1  1  1  1  1  1  1  1  1  1  1  0  1  1  1  1  1  1  1  1  1  1  1  1  1  1  1  1  1
 27 Multi-strategy          33  14 22  5   0  0  0  0  0  0  0  0  0  0  0  0  0  0  0  0  0  0  0  1  0  1  0  1  0  1  1  1  2  2  2  2  2  2  2  2  2  2  2  2  2  2
 28 * Add-drift             32   1 10 30   0  0  0  0  0  0  1  1  1  1  1  1  1  0  1  1  1  0  0  1  1  0  1  1  1  1  1  1  1  1  1  1  1  1  1  1  1  1  2  1  1  1
 29 * Copy-drift            31   2 12 27   0  1  0  0  0  1  1  1  1  1  1  1  0  0  1  1  1  0  0  1  0  1  1  2  0  1  0  1  1  1  0  1  1  1  1  1  1  1  1  2  1  1
 30 Peterbot                28   9 22 10   0  0  0  0  0  0  0  0  0  0  0  1  0  0  0  0  0  0  0  1  0  0  1  1  0  1  0  1  1  1  1  1  2  2  1  2  2  2  2  2  2  2
 31 Knucklehead             26   8 23 10   0  0  0  0  0  0  0  0  0  0  0  0  0  0  0  0  0  0  0  1  0  0  1  1  0  1  0  1  2  1  1  1  1  2  2  2  1  2  2  1  2  2
 32 * Add-react             25   1 17 23   0  0  0  0  0  0  0  1  0  1  1  1  0  0  1  0  0  0  0  1  0  1  1  1  0  1  0  1  1  1  1  1  1  1  1  1  1  2  1  1  1  1
 33 * Flat                  21   2 22 17   0  0  0  0  0  1  1  0  0  1  0  0  0  0  0  0  0  0  0  1  0  1  0  1  0  1  0  1  1  0  1  1  1  2  1  1  1  0  2  1  1  1
 34 Beat The Last Move      20   5 26 10   0  0  0  0  0  0  1  0  0  0  0  1  0  0  1  0  0  0  0  1  0  0  0  1  0  1  0  1  1  0  0  1  0  1  2  2  0  2  2  0  1  2
 35 * Text                  20   2 23 16   0  0  0  0  1  1  0  0  1  0  0  1  0  0  1  0  0  0  0  1  0  0  0  2  0  1  0  1  1  1  0  1  1  0  1  0  1  2  0  1  1  1
 36 Good Ole Rock           16   3 28 10   0  0  0  0  0  0  0  0  0  0  0  0  0  0  0  0  0  0  0  1  0  0  0  1  0  1  0  1  1  0  0  1  1  0  2  1  1  2  0  1  1  2
 37 Always Switchin'        16   1 26 14   0  0  0  0  0  0  0  0  0  0  0  0  0  0  0  0  0  0  0  1  0  0  0  1  0  1  0  1  1  0  1  1  1  2  1  1  1  0  1  1  1  1
 38 * Anti-Flat             15   5 31  5   0  0  0  0  0  0  0  0  0  0  0  0  0  0  0  0  0  0  0  2  0  0  0  1  0  1  0  1  1  0  0  0  2  0  0  0  2  1  0  2  2  1
 39 Beat Frequent Pick      15   4 30  7   0  0  0  0  0  0  0  0  0  0  0  0  0  0  0  0  0  0  0  0  0  0  0  1  0  1  0  0  1  0  0  1  0  0  2  2  1  2  1  1  1  2
 40 * Switch A Lot          15   1 27 13   0  1  0  0  0  0  0  0  0  0  0  0  0  0  0  0  0  0  0  1  0  0  0  0  0  1  0  1  0  0  1  1  1  2  1  1  1  0  1  1  1  1
 41 Rotate R-P-S            14   0 27 14   0  0  0  0  0  0  0  0  0  0  0  0  0  0  0  0  0  0  0  1  0  0  0  1  0  1  0  1  1  0  0  1  1  1  1  1  1  0  1  1  1  1
 42 R-P-S 20-20-60          12   0 29 12   0  0  0  0  0  0  0  0  0  0  0  0  0  0  0  0  0  0  0  1  0  0  0  1  0  1  0  1  1  0  0  1  1  0  1  0  1  1  0  1  1  1


   Yomi AI is match ranked 7

 Tournament results:
    Player Name          total 
  1 Yomi AI               4830 
 15 * Anti-rotn           5136 
 19 Iocaine Powder       11476 
 20 Phasenbott           10466 
 21 MegaHAL               9669 
 22 RussRocker4           7592 
 23 Biopic                8398 
 24 Simple Modeller       9034 
 25 Simple Predictor      6976 
 26 Robertot              7303 
 27 Boom                  6620 
 28 Shofar                6337 
 29 ACT-R Lag2            6942 
 30 Majikthise            4848 
 32 Granite               6528 
 33 Marble                6460 
 34 ZQ Bot                6257 
 35 Sweet Rocky           6826 
 36 Piedra                5880 
 37 Mixed Strategy        5632 
 41 Bugbrain              6025 

   Yomi is tournament ranked 21

