 Playing 1 tournaments with 1000 trials per match...

 Yomi AI            vs Good Ole Rock       Match: 1000 (1000+   0-   0=)
 Yomi AI            vs R-P-S 20-20-60      Match:  132 (394+ 262- 344=)
 Yomi AI            vs Rotate R-P-S        Match:  443 (557+ 114- 329=)
 Yomi AI            vs Beat The Last Move  Match:   -4 (336+ 340- 324=)
 Yomi AI            vs Always Switchin'    Match:   94 (345+ 251- 404=)
 Yomi AI            vs Beat Frequent Pick  Match:  244 (459+ 215- 326=)
 Yomi AI            vs * Pi                Match:   -9 (343+ 352- 305=)
 Yomi AI            vs * Switch A Lot      Match:   50 (359+ 309- 332=)
 Yomi AI            vs * Flat              Match:   95 (379+ 284- 337=)
 Yomi AI            vs * Anti-Flat         Match:  999 (999+   0-   1=)
 Yomi AI            vs * Foxtrot           Match:  101 (390+ 289- 321=)
 Yomi AI            vs * De Bruijn         Match:  -33 (320+ 353- 327=)
 Yomi AI            vs * Text              Match:   14 (350+ 336- 314=)
 Yomi AI            vs * Anti-rotn         Match:  -33 (308+ 341- 351=)
 Yomi AI            vs * Copy-drift        Match:   -1 (331+ 332- 337=)
 Yomi AI            vs * Add-react         Match:   12 (337+ 325- 338=)
 Yomi AI            vs * Add-drift         Match:  -14 (328+ 342- 330=)
 Yomi AI            vs Iocaine Powder      Match:  -74 (285+ 359- 356=)
 Yomi AI            vs Phasenbott          Match:  -12 (334+ 346- 320=)
 Yomi AI            vs MegaHAL             Match:   12 (339+ 327- 334=)
 Yomi AI            vs RussRocker4         Match:   24 (366+ 342- 292=)
 Yomi AI            vs Biopic              Match:    5 (334+ 329- 337=)
 Yomi AI            vs Simple Modeller     Match:   23 (356+ 333- 311=)
 Yomi AI            vs Simple Predictor    Match:   16 (335+ 319- 346=)
 Yomi AI            vs Robertot            Match:   40 (349+ 309- 342=)
 Yomi AI            vs Boom                Match:   60 (374+ 314- 312=)
 Yomi AI            vs Shofar              Match:  -14 (326+ 340- 334=)
 Yomi AI            vs ACT-R Lag2          Match:   16 (353+ 337- 310=)
 Yomi AI            vs Majikthise          Match:    1 (328+ 327- 345=)
 Yomi AI            vs Vroomfondel         Match:    2 (356+ 354- 290=)
 Yomi AI            vs Granite             Match:   18 (352+ 334- 314=)
 Yomi AI            vs Marble              Match:   47 (369+ 322- 309=)
 Yomi AI            vs ZQ Bot              Match:   60 (372+ 312- 316=)
 Yomi AI            vs Sweet Rocky         Match:   23 (341+ 318- 341=)
 Yomi AI            vs Piedra              Match:   42 (361+ 319- 320=)
 Yomi AI            vs Mixed Strategy      Match:    9 (350+ 341- 309=)
 Yomi AI            vs Multi-strategy      Match:  191 (423+ 232- 345=)
 Yomi AI            vs Inocencio           Match:   44 (354+ 310- 336=)
 Yomi AI            vs Peterbot            Match:    7 (338+ 331- 331=)
 Yomi AI            vs Bugbrain            Match:  -34 (313+ 347- 340=)
 Yomi AI            vs Knucklehead         Match:  175 (405+ 230- 365=)
 Final results (draw value = 50):

 Tournament results: 

    Player Name          total     1    2    3    4    5    6    7    8    9   10   11   12   13   14   15   16   17   18   19   20   21   22   23   24   25   26   27   28   29   30   31   32   33   34   35   36   37   38   39   40   41   42
  1 Iocaine Powder       10851     0   98   53   29    9  536   59  232   10   86  254   33  197   32   57   73  293   80    9   -2   86   74  142   21  182  -17  146  340  255  310  210   89  555  109  784  200  350  915  988  982  992 1000
  2 Phasenbott           10341   -98    0   43   58   24  549   28  134   43   15  266   76  235   -5   76    9  261   42   43    5   69   12  231   30  536  -21  123  337   83  291   82   90  412   56  934  237  141  926  990  988  999  991
  3 MegaHAL               9335   -53  -43    0   -8   23   91   16   77  -36   31  214   18  227  -10   48    4  251   81  -18    4   56  -12  259  -49  181   -4  199   -8   28  231  100  133  326  241  903  472  416  963  996  987 1000 1000
  4 Simple Modeller       9139   -29  -58    8    0   -3  -32    6  252   35   -4   81   81  141   21   71   33  293   19  -31   11   41  -23  234   19  784    4  221   29  292   88  119  113  323  205  338  487  407  592  989  990  997  995
  5 Biopic                8518    -9  -24  -23    3    0   -5   69   73   23   53  139   68  140  -19   36   -2  122    9  -26  -21   -1   -5  284   -5  138    3  -35  415   28   38  181  140  510  142  790  351  406  550  996  998  998  990
  6 RussRocker4           7773  -536 -549  -91   32    5    0   39   60   29   51  134   55  136   72   44   36  161   39   33   25  139  -24  258  -11  141   15  120  194  132  354  119   37  465   68  898  270  248  593  994  992  999  997
  7 Robertot              7425   -59  -28  -16   -6  -69  -39    0   25   -6   17   43   52   78   -5   61  -25  101   31  -41    0   29  -40  146  -64   -1  -35   40  -20   52   97   75  157  417   72  735  451  410  830  972  996  999  993
  8 Simple Predictor      7409  -232 -134  -77 -252  -73  -60  -25    0   43  -49   13   34   26  -10   32   36  147   53   -6   21   20  -16  220  -62   44   19  292  -17  291  123  119  149  354  172  851  413  392  592  985  986  995 1000
  9 Boom                  7211   -10  -43   36  -35  -23  -29    6  -43    0  -37   82   53   14   24   62   -3   80   63  -36  -18   -8  -60  238  -15   37    0   74   23    4   86   88  123  456  174  425  437  322  753  931  990  996  994
 10 ACT-R Lag2            7178   -86  -15  -31    4  -53  -51  -17   49   37    0  104   40  123   28  -11   11   78   42    6   -3   31  -16  246  -75  219  -35   39  -24   -1   77  170  119  533  172  794  295  342  570  492  993  995  987
 11 Marble                6600  -254 -266 -214  -81 -139 -134  -43  -13  -82 -104    0   31   31 -104   40  -92   31   56  -62  -61  -13  -47  335  -83  651  -11   14   67   47   74  149  175  385  166  906  249  418  591  994  994  999 1000
 12 Sweet Rocky           6584   -33  -76  -18  -81  -68  -55  -52  -34  -53  -40  -31    0  -66  -54   30  -77  -55  -59  -32  -38  -39  -23   57  -42  778   -6   45   43   90  407  192  168  205  179  138  322  394  591  992  993  996  996
 13 Granite               6531  -197 -235 -227 -141 -140 -136  -78  -26  -14 -123  -31   66    0  -69   56  -62   24   40  -13  -63    8  -18  254  -38  639   -2   11   63   21   97  183  181  237  193  879  244  374  594  992  993 1000  995
 14 Shofar                6318   -32    5   10  -21   19  -72    5   10  -24  -28  104   54   69    0   28  -12   59   39   -6  -10   14   14  132  -21   97  -31   12    1  152    5   36  136  138  233   74  432  376  558  902  927  970  964
 15 * Anti-rotn           6282   -57  -76  -48  -71  -36  -44  -61  -32  -62   11  -40  -30  -56  -28    0  -46  -58  -26    8  -14   55   33  225  -43  808  -45  -17   -1  -23    2  205   54  171  331   33  494  179  597 1000  997  997  996
 16 Bugbrain              5953   -73   -9   -4  -33    2  -36   25  -36    3  -11   92   77   62   12   46    0  156   42  -82   28   83   34  102   20   53    0   72  -37   50  107   41   51  139   78  270  205  177  401  939  966  988  953
 17 ZQ Bot                5526  -293 -261 -251 -293 -122 -161 -101 -147  -80  -78  -31   55  -24  -59   58 -156    0   69   26  -51   28  -60  289  -13    0    5  108   30  -19  222  144  160  255  124  926  305  356  592  993  990 1000  991
 18 Piedra                5520   -80  -42  -81  -19   -9  -39  -31  -53  -63  -42  -56   59  -40  -39   26  -42  -69    0   -8  -17   15  -42  106  -39  -27  -35    4   19   12  148  123  170  146  160  267  222  348  590  995  987  998  998
 19 Majikthise            4825    -9  -43   18   31   26  -33   41    6   36   -6   62   32   13    6   -8   82  -26    8    0   17   66   -1   53    2   80   15  -22   13   54    0   96   51  204  111    5  296  150  477  -54  990  995  991
 20 Vroomfondel           4814     2   -5   -4  -11   21  -25    0  -21   18    3   61   38   63   10   14  -28   51   17  -17    0   21   -2  256  -29   32  -11   -2   16   -5    4   63   30  224  100   51  248  195  459   -1  992  995  991
 21 Mixed Strategy        4754   -86  -69  -56  -41    1 -139  -29  -20    8  -31   13   39   -8  -14  -55  -83  -28  -15  -66  -21    0   -9   58    9    6  -79    9  -17   83   15   74  172  237   90   12   52  383  520  944  949  996  950
 22 Yomi AI               3771   -74  -12   12   23    5   24   40   16   60   16   47   23   18  -14  -33  -34   60   42    1    2    9    0  191  -33   44   -9  -14  101   -1   12   95   14  175   50    7   94  132  244   -4  443 1000  999
 23 Multi-strategy        2608  -142 -231 -259 -234 -284 -258 -146 -220 -238 -246 -335  -57 -254 -132 -225 -102 -289 -106  -53 -256  -58 -191    0  -50  -62  -20  -47  -51  297    1   61  123  -12  307  500  473  414  999  997  997  999  998
 24 * De Bruijn            654   -21  -30   49  -19    5   11   64   62   15   75   83   42   38   21   43  -20   13   39   -2   29   -9   33   50    0    3   -1   28   19   -3    0   25   23  -26   -8  -21   -8    3  128   -1   21    0  -99
 25 Inocencio              442  -182 -536 -181 -784 -138 -141    1  -44  -37 -219 -651 -778 -639  -97 -808  -53    0   27  -80  -32   -6  -44   62   -3    0  -25   47  305   97   94   74  157  170   97  161  211  408  354  718  979  979  979
 26 * Pi                   288    17   21    4   -4   -3  -15   35  -19    0   35   11    6    2   31   45    0   -5   35  -15   11   79    9   20    1   25    0   19   11  -17  -13  -48  -81   38   21   15   12  -16   30   22  -11  -11   -9
 27 * Add-drift          -1521  -146 -123 -199 -221   35 -120  -40 -292  -74  -39  -14  -45  -11  -12   17  -72 -108   -4   22    2   -9   14   47  -28  -47  -19    0   32  -26   11  -37   13   26    8    7  -15   27   29    7  -78  -49   10
 28 * Foxtrot            -1825  -340 -337    8  -29 -415 -194   20   17  -23   24  -67  -43  -63   -1    1   37  -30  -19  -13  -16   17 -101   51  -19 -305  -11  -32    0   30  -12   22   24   52   -3  -38   56    2   12   -4  -27  -25  -31
 29 * Copy-drift         -2164  -255  -83  -28 -292  -28 -132  -52 -291   -4    1  -47  -90  -21 -152   23  -50   19  -12  -54    5  -83    1 -297    3  -97   17   26  -30    0  -37  -35  -10 -117  -15  -24   40   13  -10   -4  -18   -2   58
 30 * Add-react          -2722  -310 -291 -231  -88  -38 -354  -97 -123  -86  -77  -74 -407  -97   -5   -2 -107 -222 -148    0   -4  -15  -12   -1    0  -94   13  -11   12   37    0   47  -21  -87  -19   30   49   10   12  -24   26    4   83
 31 * Flat               -2872  -210  -82 -100 -119 -181 -119  -75 -119  -88 -170 -149 -192 -183  -36 -205  -41 -144 -123  -96  -63  -74  -95  -61  -25  -74   48   37  -22   35  -47    0   17   23  -11 -188    9    1  237  207    2    1 -397
 32 * Text               -3044   -89  -90 -133 -113 -140  -37 -157 -149 -123 -119 -175 -168 -181 -136  -54  -51 -160 -170  -51  -30 -172  -14 -123  -23 -157   81  -13  -24   10   21  -17    0  -11   16    7   44    0 -185  -74  -11 -185  112
 33 Knucklehead          -3200  -555 -412 -326 -323 -510 -465 -417 -354 -456 -533 -385 -205 -237 -138 -171 -139 -255 -146 -204 -224 -237 -175   12   26 -170  -38  -26  -52  117   87  -23   11    0   16   32   46   28  155  920  613  917  996
 34 * Switch A Lot       -3477  -109  -56 -241 -205 -142  -68  -72 -172 -174 -172 -166 -179 -193 -233 -331  -78 -124 -160 -111 -100  -90  -50 -307    8  -97  -21   -8    3   15   19   11  -16  -16    0 -151  -18    6   23  298    3  -15   12
 35 Peterbot             -6256  -784 -934 -903 -338 -790 -898 -735 -851 -425 -794 -906 -138 -879  -74  -33 -270 -926 -267   -5  -51  -12   -7 -500   21 -161  -15   -7   38   24  -30  188   -7  -32  151    0  281  416  435  963  999 1000 1000
 36 Always Switchin'     -7438  -200 -237 -472 -487 -351 -270 -451 -413 -437 -295 -249 -322 -244 -432 -494 -205 -305 -222 -296 -248  -52  -94 -473    8 -211  -12   15  -56  -40  -49   -9  -44  -46   18 -281    0    9    9  487    7   12   -6
 37 R-P-S 20-20-60       -9201  -350 -141 -416 -407 -406 -248 -410 -392 -322 -342 -418 -394 -374 -376 -179 -177 -356 -348 -150 -195 -383 -132 -414   -3 -408   16  -27   -2  -13  -10   -1    0  -28   -6 -416   -9    0 -413 -144   10 -432   15
 38 Beat Frequent Pick  -13914  -915 -926 -963 -592 -550 -593 -830 -592 -753 -570 -591 -591 -594 -558 -597 -401 -592 -590 -477 -459 -520 -244 -999 -128 -354  -30  -29  -12   10  -12 -237  185 -155  -23 -435   -9  413    0 -600    0  999 1000
 39 Beat The Last Move  -19796  -988 -990 -996 -989 -996 -994 -972 -985 -931 -492 -994 -992 -992 -902 -1000 -939 -993 -995   54    1 -944    4 -997    1 -718  -22   -7    4    4   24 -207   74 -920 -298 -963 -487  144  600    0    1 1000  996
 40 Rotate R-P-S        -25296  -982 -988 -987 -990 -998 -992 -996 -986 -990 -993 -994 -993 -993 -927 -997 -966 -990 -987 -990 -992 -949 -443 -997  -21 -979   11   78   27   18  -26   -2   11 -613   -3 -999   -7  -10    0   -1    0    0 -660
 41 Good Ole Rock       -26097  -992 -999 -1000 -997 -998 -999 -999 -995 -996 -995 -999 -996 -1000 -970 -997 -988 -1000 -998 -995 -995 -996 -1000 -999    0 -979   11   49   25    2   -4   -1  185 -917   15 -1000  -12  432 -999 -1000    0    0  999
 42 * Anti-Flat         -27827  -1000 -991 -1000 -995 -990 -997 -993 -1000 -994 -987 -1000 -996 -995 -964 -996 -953 -991 -998 -991 -991 -950 -999 -998   99 -979    9  -10   31  -58  -83  397 -112 -996  -12 -1000    6  -15 -1000 -996  660 -999    0

 Match results (draw <= 50): 

    Player Name           total  W  L  D   1  2  3  4  5  6  7  8  9 10 11 12 13 14 15 16 17 18 19 20 21 22 23 24 25 26 27 28 29 30 31 32 33 34 35 36 37 38 39 40 41 42
  1 Iocaine Powder          73  32  0  9   1  2  2  2  1  1  1  2  1  2  1  2  1  2  2  2  2  2  1  2  1  2  2  2  1  2  2  2  2  2  2  2  2  2  2  2  2  2  2  2  2  2
  2 Phasenbott              67  27  1 13   0  1  1  2  1  2  1  1  1  1  1  1  1  1  2  1  2  2  2  2  1  2  2  2  1  2  2  2  2  2  2  2  2  2  2  2  2  2  2  2  2  2
  3 MegaHAL                 63  23  1 17   0  1  1  2  1  1  1  1  1  1  1  1  1  1  2  2  1  2  1  2  1  2  2  2  1  1  2  2  1  2  2  2  2  2  2  2  2  2  2  2  2  2
  4 RussRocker4             63  25  3 13   0  0  0  1  1  1  1  1  2  1  1  2  1  1  2  1  1  2  2  2  1  2  2  2  1  2  2  2  2  2  2  2  2  1  2  2  2  2  2  2  2  2
  5 Biopic                  63  22  0 19   1  1  1  1  1  1  1  1  1  2  1  2  1  1  2  1  1  2  2  1  1  2  2  2  1  2  1  2  1  2  1  2  2  2  2  2  2  2  2  2  2  2
  6 Simple Modeller         63  23  1 17   1  0  1  1  1  1  1  1  1  1  1  1  1  1  2  1  2  2  2  1  1  2  2  2  1  1  2  2  2  2  2  2  2  2  2  2  2  2  2  2  2  2
  7 Boom                    60  20  1 20   1  1  1  1  1  1  1  1  1  1  1  1  1  0  1  2  2  1  2  1  1  2  2  1  1  1  2  2  1  2  2  2  2  2  2  2  2  2  2  2  2  2
  8 Bugbrain                59  20  2 19   0  1  1  1  1  1  1  1  1  1  0  1  1  1  1  1  1  2  2  2  1  2  2  2  1  1  2  2  1  2  2  2  2  2  1  2  2  2  2  2  2  2
  9 Shofar                  58  18  1 22   1  1  1  0  1  1  1  1  1  1  1  1  1  1  1  1  1  2  2  1  1  2  2  2  1  1  1  2  2  2  1  2  2  2  1  2  2  2  2  2  2  2
 10 Robertot                57  19  3 19   0  1  1  1  0  1  1  1  1  1  1  1  1  1  1  1  2  2  2  1  0  1  2  1  1  1  1  2  2  2  2  2  2  2  2  2  2  2  2  2  2  2
 11 Majikthise              56  16  1 24   1  1  1  1  1  1  1  2  1  1  1  1  1  1  1  1  1  1  1  2  1  2  1  2  1  1  1  1  2  2  1  2  0  2  2  2  2  2  2  2  2  2
 12 ACT-R Lag2              55  18  4 19   0  1  1  0  0  1  1  1  1  1  1  1  1  1  1  1  1  2  1  1  0  2  2  2  1  1  1  2  1  2  2  2  2  2  2  2  2  2  2  2  2  2
 13 Vroomfondel             55  14  0 27   1  1  1  1  1  1  1  1  1  1  1  1  1  1  1  1  1  2  1  1  1  2  2  1  1  1  1  2  1  2  1  2  1  1  2  2  2  2  2  2  2  2
 14 Yomi AI                 52  12  1 28   0  1  1  1  1  1  2  1  1  1  1  1  1  1  1  1  1  1  1  1  1  1  2  1  1  2  1  1  1  2  1  2  1  1  2  1  2  2  2  2  2  2
 15 Simple Predictor        52  18  7 16   0  0  0  0  0  0  1  1  1  1  1  1  1  1  1  2  1  1  1  1  0  1  2  1  1  1  2  2  2  2  2  2  2  2  2  2  2  2  2  2  2  2
 16 Piedra                  50  15  6 20   0  1  0  1  1  1  0  1  1  1  1  1  1  1  0  1  1  1  2  1  1  0  0  1  1  1  1  2  1  2  2  2  2  2  2  2  2  2  2  2  2  2
 17 * Anti-rotn             48  14  7 20   0  0  1  1  1  0  0  1  1  0  1  1  1  1  1  1  1  0  1  2  1  1  0  2  1  1  1  1  1  2  1  2  2  2  2  2  2  2  2  2  2  2
 18 Granite                 48  18 11 12   0  0  0  0  0  0  1  0  0  0  1  0  0  1  1  1  2  1  2  1  1  1  1  2  1  2  1  2  1  2  2  2  2  2  2  2  2  2  2  2  2  2
 19 Sweet Rocky             46  16 11 14   1  0  1  0  0  0  0  0  0  0  1  1  1  1  1  0  1  0  1  1  1  1  0  2  1  1  1  2  2  2  2  2  2  2  2  2  2  2  2  2  2  2
 20 Mixed Strategy          46  13  8 20   0  0  0  0  1  1  1  0  1  1  0  1  1  1  1  1  0  1  1  1  1  1  1  1  0  1  1  1  2  2  1  2  2  2  2  2  2  2  2  2  2  2
 21 * De Bruijn             45   5  1 35   1  1  1  1  1  1  1  1  1  2  1  2  1  1  2  1  1  1  1  1  1  2  1  1  1  1  1  1  1  1  1  1  1  1  1  1  1  1  2  1  1  0
 22 Marble                  45  17 13 11   0  0  0  0  0  0  0  0  0  1  0  0  0  1  1  2  1  1  1  1  0  1  1  2  1  2  1  2  1  2  2  2  2  2  2  2  2  2  2  2  2  2
 23 ZQ Bot                  45  18 14  9   0  0  0  0  0  0  0  0  0  0  1  0  0  0  0  2  2  1  2  1  1  1  1  1  1  1  2  2  1  2  2  2  2  2  2  2  2  2  2  2  2  2
 24 Inocencio               43  16 14 11   0  0  0  0  0  0  1  0  0  1  0  0  1  1  1  1  0  0  0  1  1  0  1  1  1  2  1  2  2  2  2  2  2  2  2  2  2  2  2  2  2  2
 25 * Pi                    41   1  1 39   1  1  1  1  1  1  1  1  1  1  1  1  1  1  1  1  1  1  1  2  1  1  1  1  1  1  1  1  1  1  1  1  1  0  1  1  1  1  1  1  1  1
 26 * Foxtrot               36   3  8 30   0  0  1  0  0  1  1  1  1  1  1  1  1  0  1  1  1  0  1  1  1  0  1  0  1  1  1  1  1  2  1  2  1  1  1  1  1  2  1  1  1  1
 27 * Add-drift             31   0 10 31   0  0  0  0  1  0  0  0  1  1  1  1  1  1  0  1  1  1  1  1  1  1  0  1  1  1  1  1  1  1  1  1  1  1  1  1  1  1  1  0  1  1
 28 Peterbot                30   9 20 12   0  0  0  0  0  0  0  0  0  0  1  0  0  1  0  0  1  0  0  1  1  0  0  0  1  1  1  1  1  0  1  1  2  1  2  2  2  2  2  2  2  2
 29 * Copy-drift            29   1 13 27   0  0  1  0  1  0  1  1  0  0  0  1  1  1  0  1  1  1  0  0  1  1  1  0  1  1  1  1  1  0  1  0  1  1  1  1  1  1  1  1  1  2
 30 Multi-strategy          29  12 24  5   0  0  0  0  0  0  0  0  0  0  0  0  0  0  0  0  0  0  0  0  1  0  0  0  1  0  1  2  2  1  1  1  2  2  2  2  2  2  2  2  2  2
 31 * Add-react             25   1 17 23   0  0  0  0  1  0  0  0  1  0  1  0  1  1  0  0  1  0  0  1  1  0  0  0  1  1  1  1  1  1  1  0  1  1  1  1  1  1  1  1  1  2
 32 Knucklehead             24   7 24 10   0  0  0  0  0  0  0  0  0  0  0  0  0  0  0  0  0  0  0  0  1  0  0  0  1  0  1  1  2  1  2  1  2  1  1  1  2  1  2  2  1  2
 33 Beat The Last Move      21   6 26  9   0  0  0  0  0  0  0  0  0  0  2  0  1  1  0  0  0  0  0  0  1  0  0  0  1  1  1  0  1  0  1  0  1  2  0  0  2  0  2  1  2  2
 34 * Text                  19   2 24 15   0  0  0  1  0  0  0  0  0  0  0  0  1  1  0  0  0  0  0  0  1  0  0  0  2  1  1  1  1  0  1  1  0  1  1  1  0  1  0  1  1  2
 35 * Flat                  19   2 24 15   0  0  0  0  0  0  0  1  1  0  0  0  0  0  0  0  0  0  0  0  1  0  0  0  1  1  1  0  1  0  1  1  2  1  1  1  1  1  2  1  1  0
 36 * Switch A Lot          18   1 24 16   0  0  0  0  0  0  0  0  0  0  0  0  0  1  0  0  0  0  0  0  1  0  0  0  1  1  1  0  1  0  1  1  2  1  1  1  1  1  1  1  1  1
 37 Good Ole Rock           16   3 28 10   0  0  0  0  0  0  0  0  0  0  0  0  0  0  0  0  0  0  0  0  1  0  0  0  1  1  1  0  1  0  1  0  0  2  1  1  1  1  0  1  2  2
 38 Always Switchin'        16   1 26 14   0  0  0  0  0  0  0  0  0  0  0  0  0  0  0  0  0  0  0  0  1  0  0  0  1  0  1  0  1  0  1  1  2  1  1  1  1  1  1  1  1  1
 39 Beat Frequent Pick      16   4 29  8   0  0  0  0  0  0  0  0  0  0  0  0  0  0  0  0  0  0  0  0  0  0  0  0  1  1  1  0  1  0  1  0  0  2  0  1  2  1  1  1  2  2
 40 Rotate R-P-S            15   1 27 13   0  0  0  0  0  0  0  0  0  0  0  0  0  0  0  0  0  0  0  0  1  0  0  0  1  1  2  0  1  0  1  0  1  1  1  1  1  1  1  1  1  0
 41 R-P-S 20-20-60          13   0 28 13   0  0  0  0  0  0  0  0  0  0  0  0  0  0  0  0  0  0  0  0  1  0  0  0  1  1  1  0  1  0  1  1  0  1  1  1  0  1  0  1  1  1
 42 * Anti-Flat             12   3 32  6   0  0  0  0  0  0  0  0  0  0  0  0  0  0  0  0  0  0  0  0  2  0  0  0  1  1  1  0  0  0  0  0  0  0  2  1  0  1  0  2  1  1


   Yomi AI is match ranked 14

 Tournament results:
    Player Name          total 
  1 Yomi AI               3771 
 15 * Anti-rotn           6282 
 19 Iocaine Powder       10851 
 20 Phasenbott           10341 
 21 MegaHAL               9335 
 22 RussRocker4           7773 
 23 Biopic                8518 
 24 Simple Modeller       9139 
 25 Simple Predictor      7409 
 26 Robertot              7425 
 27 Boom                  7211 
 28 Shofar                6318 
 29 ACT-R Lag2            7178 
 30 Majikthise            4825 
 31 Vroomfondel           4814 
 32 Granite               6531 
 33 Marble                6600 
 34 ZQ Bot                5526 
 35 Sweet Rocky           6584 
 36 Piedra                5520 
 37 Mixed Strategy        4754 
 41 Bugbrain              5953 

   Yomi is tournament ranked 22

