 Playing 1 tournaments with 1000 trials per match...

 Yomi AI            vs Good Ole Rock       Match: 1000 (1000+   0-   0=)
 Yomi AI            vs R-P-S 20-20-60      Match:  192 (477+ 285- 238=)
 Yomi AI            vs Rotate R-P-S        Match:  991 (993+   2-   5=)
 Yomi AI            vs Beat The Last Move  Match:  182 (470+ 288- 242=)
 Yomi AI            vs Always Switchin'    Match:  267 (507+ 240- 253=)
 Yomi AI            vs Beat Frequent Pick  Match:  676 (806+ 130-  64=)
 Yomi AI            vs * Pi                Match:  -10 (336+ 346- 318=)
 Yomi AI            vs * Switch A Lot      Match:  137 (424+ 287- 289=)
 Yomi AI            vs * Flat              Match:   32 (361+ 329- 310=)
 Yomi AI            vs * Anti-Flat         Match:  991 (994+   3-   3=)
 Yomi AI            vs * Foxtrot           Match:  410 (610+ 200- 190=)
 Yomi AI            vs * De Bruijn         Match:  -40 (294+ 334- 372=)
 Yomi AI            vs * Text              Match:  125 (420+ 295- 285=)
 Yomi AI            vs * Anti-rotn         Match:   10 (348+ 338- 314=)
 Yomi AI            vs * Copy-drift        Match:   15 (329+ 314- 357=)
 Yomi AI            vs * Add-react         Match:   -1 (328+ 329- 343=)
 Yomi AI            vs * Add-drift         Match:  -66 (314+ 380- 306=)
 Yomi AI            vs Iocaine Powder      Match:    7 (340+ 333- 327=)
 Yomi AI            vs Phasenbott          Match:  -30 (320+ 350- 330=)
 Yomi AI            vs MegaHAL             Match:    0 (343+ 343- 314=)
 Yomi AI            vs RussRocker4         Match:  -24 (329+ 353- 318=)
 Yomi AI            vs Biopic              Match:   26 (363+ 337- 300=)
 Yomi AI            vs Simple Modeller     Match:   10 (353+ 343- 304=)
 Yomi AI            vs Simple Predictor    Match:   87 (410+ 323- 267=)
 Yomi AI            vs Robertot            Match:   52 (396+ 344- 260=)
 Yomi AI            vs Boom                Match:   28 (349+ 321- 330=)
 Yomi AI            vs Shofar              Match:   -5 (342+ 347- 311=)
 Yomi AI            vs ACT-R Lag2          Match:   -9 (340+ 349- 311=)
 Yomi AI            vs Majikthise          Match:   -4 (341+ 345- 314=)
 Yomi AI            vs Vroomfondel         Match:  -19 (329+ 348- 323=)
 Yomi AI            vs Granite             Match:   41 (392+ 351- 257=)
 Yomi AI            vs Marble              Match:  131 (469+ 338- 193=)
 Yomi AI            vs ZQ Bot              Match:   12 (365+ 353- 282=)
 Yomi AI            vs Sweet Rocky         Match:   27 (362+ 335- 303=)
 Yomi AI            vs Piedra              Match:   50 (387+ 337- 276=)
 Yomi AI            vs Mixed Strategy      Match:   58 (387+ 329- 284=)
 Yomi AI            vs Multi-strategy      Match:  229 (491+ 262- 247=)
 Yomi AI            vs Inocencio           Match:   62 (386+ 324- 290=)
 Yomi AI            vs Peterbot            Match:   44 (367+ 323- 310=)
 Yomi AI            vs Bugbrain            Match:   20 (357+ 337- 306=)
 Yomi AI            vs Knucklehead         Match:  552 (693+ 141- 166=)
 Final results (draw value = 50):

 Tournament results: 

    Player Name          total     1    2    3    4    5    6    7    8    9   10   11   12   13   14   15   16   17   18   19   20   21   22   23   24   25   26   27   28   29   30   31   32   33   34   35   36   37   38   39   40   41   42
  1 Iocaine Powder       11396     0  202   82   33   22   16  514   15    6   12  239  159   31   -7   81  278   11  295   11   50  -12   32  241   28   -8  775  156  182  316  605  296  200   90   89  890  218  402  893  991  984  991  987
  2 Phasenbott            9895  -202    0   68   13   19   18  528   52   45   27  201  132   20   30   31  263   48  248   55   61   -6  -14  208   45  -17  172  160   58  365  408  388  142   90   87  903  213  158  920  978  991  994  995
  3 MegaHAL               9562   -82  -68    0   -6   67  -25   97   33   46   74  269   54   -3    0   26  245   57  249    2   92   -8  -53  227  -25    0  176  218   48   76  364  315   78  133  224  880  448  417  944  991  991 1000  991
  4 Simple Modeller       9381   -33  -13    6    0   49   18   28   53   53   61   44  313  -42  -10  -25   20   77  273   -3   54  -11  -28  189  -54  -40  791  247  241  -97  252  105  117  128  221  931  477  414  595  993  992  999  996
  5 Biopic                8128   -22  -19  -67  -49    0   14  -30   41    3   53  122   44  -45  -26  -34  121  115  112  -15   39    7   14  279  -18   32  187    5   77  406  514   79  163  -56  148  702  380  375  495  998  993 1000  991
  6 Boom                  8098   -16  -18   25  -18  -14    0  -27  -48   37   44   14  -32    1  -28  -22   40   45   90    6   57    5  -33  216   24  -10  774  105   38   37  391   97   49  106  264  314  458  399  753  991  989  995 1000
  7 RussRocker4           7979  -514 -528  -97  -28   30   27    0   52   41   63  130   51  -11   24    8  166   22  166   24   55  -10   21  317  -17   23  151  155  235  206  479  336   79   87  133  945  244  340  588  994  992 1000 1000
  8 Robertot              7284   -15  -52  -33  -53  -41   48  -52    0   20   32  -40   23   34  -52  -20   31   11   67    8   43    3   -9  233  -17   12   50   19   89   21  444   92   57  174   58  451  473  389  830  968  993  996  999
  9 Sweet Rocky           7203    -6  -45  -46  -53   -3  -37  -41  -20    0  -52  -54  -60  -27  -27  -78  -48  -33  -12  -52   81  -62  -40  130  -32   -5  798   63   41  -63  176  309  146  163  127  845  282  371  593  992  990  996  996
 10 Piedra                6964   -12  -27  -74  -61  -53  -44  -63  -32   52    0  -21   -1  -46  -50  -26  -49  -38  -32  -21   61  -40   -8   49  -28  -15  788   74   -1   30  286   37  152  183  152  640  259  372  589  995  993  999  995
 11 Granite               6870  -239 -201 -269  -44 -122  -14 -130   40   54   21    0  -26  -51  -41  -98    4  -13  -10  -57   47  -41  -43  304  -51  -19  651   57   76   70  277   51  149  177  175  964  270  374  592  992  995  999 1000
 12 Simple Predictor      6670  -159 -132  -54 -313  -44   32  -51  -23   60    1   26    0   -4  -87  -53   20   54  116   44   54  -38  -13  191  -73   19  102  290  203  -26  331  112   39  149  181  312  440  413  587  986  986  995  997
 13 Shofar                6490   -31  -20    3   42   45   -1   11  -34   27   46   51    4    0    5   -4   55   61   38  -12   34   30   11  109   -3  -17  305   23   26  -15  126  -17   14  110  228  107  447  340  550  903  933  983  977
 14 Yomi AI               6256     7  -30    0   10   26   28  -24   52   27   50   41   87   -5    0   -9  131   58   12   20   10  -19   -4  229  -40  -10   62  -66   15  410  552   -1   32  125  137   44  267  192  676  182  991 1000  991
 15 ACT-R Lag2            6034   -81  -31  -26   25   34   22   -8   20   78   26   98   53    4    9    0  128   53   87   22   43  -31   -2  243  -86   -1   68   -2    7  -28  559   78  152   66  140  132  291  298  582   28  994  996  994
 16 Marble                5935  -278 -263 -245  -20 -121  -40 -166  -31   48   49   -4  -20  -55 -131 -128    0  -14   55  -52   62  -19  -49  298  -53  -29   -4   52   63   56  310   76  136  177  224  823  211  444  592  994  995 1000  992
 17 Mixed Strategy        5887   -11  -48  -57  -77 -115  -45  -22  -11   33   38   13  -54  -61  -58  -53   14    0   -6  -61   36  -21  -36  -14  -50  -34  713  -19   80    4   84   23   65  181  128  315  163  389  539  975  967  995  985
 18 ZQ Bot                5852  -295 -248 -249 -273 -112  -90 -166  -67   12   32   10 -116  -38  -12  -87  -55    6    0 -189   57  -59  -46  236  -19  -36  267   70   16   -6  359  297  152  159  176  985  238  383  592  987  987  996  998
 19 Bugbrain              5602   -11  -55   -2    3   15   -6  -24   -8   52   21   57  -44   12  -20  -22   52   61  189    0   52   13  -21   87  -27  -26   -4   70   32  -12  133  106   69   95   73   81  197  171  391  946  931  994  981
 20 * Anti-rotn           4967   -50  -61  -92  -54  -39  -57  -55  -43  -81  -61  -47  -54  -34  -10  -43  -62  -36  -57  -52    0   28  -34  260  -79  -36  519  -15   18  -28  -14  -22  183   57  330   27  493  196  597  482  998  998  997
 21 Vroomfondel           4905    12    6    8   11   -7   -5   10   -3   62   40   41   38  -30   19   31   19   21   59  -13  -28    0   34  157    5   34   59  -15  -11   24  264    1  113   53  138  -31  233  153  467  -44  992  993  995
 22 Majikthise            4598   -32   14   53   28  -14   33  -21    9   40    8   43   13  -11    4    2   49   36   46   21   34  -34    0  213  -31   35   18  -49   -9    2  172  -29   84  -12  101  -10  194  131  474   16  990  992  995
 23 Multi-strategy        2633  -241 -208 -227 -189 -279 -216 -317 -233 -130  -49 -304 -191 -109 -229 -243 -298   14 -236  -87 -260 -157 -213    0  -50  -20  -73   17  262   22   -6   16  109  123  285  500  449  410  999  997  997  999  999
 24 * De Bruijn            595   -28  -45   25   54   18  -24   17   17   32   28   51   73    3   40   86   53   50   19   27   79   -5   31   50    0   -1    5  -46   12   19   -4   -9    5   23  -27   -9  -41  -21  128   -1   21    0 -110
 25 * Pi                   213     8   17    0   40  -32   10  -23  -12    5   15   19  -19   17   10    1   29   34   36   26   36  -34  -35   20    1    0   21  -12   34   36   25   -5   -6  -81   19   17   -2  -21   30   22  -11  -11  -11
 26 Inocencio            -1239  -775 -172 -176 -791 -187 -774 -151  -50 -798 -788 -651 -102 -305  -62  -68    4 -713 -267    4 -519  -59  -18   73   -5  -21    0   25   64  292  195   69  116  155  186   95  278  417  358  933  977  986  986
 27 * Add-drift          -1606  -156 -160 -218 -247   -5 -105 -155  -19  -63  -74  -57 -290  -23   66    2  -52   19  -70  -70   15   15   49  -17   46   12  -25    0   37  -13  -51   33  -56  -78   23   -2    4   15   48   17   -6   19  -14
 28 * Copy-drift         -1882  -182  -58  -48 -241  -77  -38 -235  -89  -41    1  -76 -203  -26  -15   -7  -63  -80  -16  -32  -18   11    9 -262  -12  -34  -64  -37    0    1  -63   37   24   14   81    1    8   -6   27  -10  -32  -17  -14
 29 * Foxtrot            -2309  -316 -365  -76   97 -406  -37 -206  -21   63  -30  -70   26   15 -410   28  -56   -4    6   12   28  -24   -2  -22  -19  -36 -292   13   -1    0  -46  -29   20  -27   12  -38  -19    5   -7    5   -6  -34  -40
 30 Knucklehead          -2724  -605 -408 -364 -252 -514 -391 -479 -444 -176 -286 -277 -331 -126 -552 -559 -310  -84 -359 -133   14 -264 -172    6    4  -25 -195   51   63   46    0   29   42   31   13  798   -2   92  187  752  568  916  972
 31 * Add-react          -2761  -296 -388 -315 -105  -79  -97 -336  -92 -309  -37  -51 -112   17    1  -78  -76  -23 -297 -106   22   -1   29  -16    9    5  -69  -33  -37   29  -29    0   13    6   49  -44   30   50    5   -4   11  -16    9
 32 * Flat               -2767  -200 -142  -78 -117 -163  -49  -79  -57 -146 -152 -149  -39  -14  -32 -152 -136  -65 -152  -69 -183 -113  -84 -109   -5    6 -116   56  -24  -20  -42  -13    0   28  -52 -198   18   -9  277  206   10    0 -409
 33 * Text               -2997   -90  -90 -133 -128   56 -106  -87 -174 -163 -183 -177 -149 -110 -125  -66 -177 -181 -159  -95  -57  -53   12 -123  -23   81 -155   78  -14   27  -31   -6  -28    0   -8    3    5  -24 -185  -74  -11 -185  111
 34 * Switch A Lot       -3958   -89  -87 -224 -221 -148 -264 -133  -58 -127 -152 -175 -181 -228 -137 -140 -224 -128 -176  -73 -330 -138 -101 -285   27  -19 -186  -23  -81  -12  -13  -49   52    8    0 -111   11   13   24  295  -21   -6  -48
 35 Peterbot             -7217  -890 -903 -880 -931 -702 -314 -945 -451 -845 -640 -964 -312 -107  -44 -132 -823 -315 -985  -81  -27   31   10 -500    9  -17  -95    2   -1   38 -798   44  198   -3  111    0  233  410  429  981  999 1000  993
 36 Always Switchin'     -7339  -218 -213 -448 -477 -380 -458 -244 -473 -282 -259 -270 -440 -447 -267 -291 -211 -163 -238 -197 -493 -233 -194 -449   41    2 -278   -4   -8   19    2  -30  -18   -5  -11 -233    0   46   17  492   -1   15  -40
 37 R-P-S 20-20-60       -9368  -402 -158 -417 -414 -375 -399 -340 -389 -371 -372 -374 -413 -340 -192 -298 -444 -389 -383 -171 -196 -153 -131 -410   21   21 -417  -15    6   -5  -92  -50    9   24  -13 -410  -46    0 -428 -185   22 -341   62
 38 Beat Frequent Pick  -14349  -893 -920 -944 -595 -495 -753 -588 -830 -593 -589 -592 -587 -550 -676 -582 -592 -539 -592 -391 -597 -467 -474 -999 -128  -30 -358  -48  -27    7 -187   -5 -277  185  -24 -429  -17  428    0 -600    0  999 1000
 39 Beat The Last Move  -19166  -991 -978 -991 -993 -998 -991 -994 -968 -992 -995 -992 -986 -903 -182  -28 -994 -975 -987 -946 -482   44  -16 -997    1  -22 -933  -17   10   -5 -752    4 -206   74 -295 -981 -492  185  600    0    1 1000  997
 40 Rotate R-P-S        -25841  -984 -991 -991 -992 -993 -989 -992 -993 -990 -993 -995 -986 -933 -991 -994 -995 -967 -987 -931 -998 -992 -990 -997  -21   11 -977    6   32    6 -568  -11  -10   11   21 -999    1  -22    0   -1    0    0 -656
 41 Good Ole Rock       -26235  -991 -994 -1000 -999 -1000 -995 -1000 -996 -996 -999 -999 -995 -983 -1000 -996 -1000 -995 -996 -994 -998 -993 -992 -999    0   11 -986  -19   17   34 -916   16    0  185    6 -1000  -15  341 -999 -1000    0    0 1000
 42 * Anti-Flat         -27639  -987 -995 -991 -996 -991 -1000 -1000 -999 -996 -995 -1000 -997 -977 -991 -994 -992 -985 -998 -981 -997 -995 -995 -999  110   11 -986   14   14   40 -972   -9  409 -111   48 -993   40  -62 -1000 -997  656 -1000    0

 Match results (draw <= 50): 

    Player Name           total  W  L  D   1  2  3  4  5  6  7  8  9 10 11 12 13 14 15 16 17 18 19 20 21 22 23 24 25 26 27 28 29 30 31 32 33 34 35 36 37 38 39 40 41 42
  1 Iocaine Powder          67  26  0 15   1  2  2  2  1  1  1  2  1  1  1  1  2  1  1  1  2  2  1  1  1  2  1  1  2  2  2  2  2  2  2  2  2  2  2  2  2  2  2  2  2  2
  2 Phasenbott              67  27  1 13   0  1  2  2  1  2  1  1  1  1  1  1  2  2  1  1  2  2  1  1  1  2  2  1  2  2  2  2  2  2  2  2  2  2  2  2  2  2  2  2  2  2
  3 MegaHAL                 64  26  3 12   0  0  1  2  1  1  2  1  1  1  1  1  2  1  2  0  2  2  1  1  2  2  2  1  2  2  2  1  2  2  2  2  2  2  2  2  2  2  2  2  2  2
  4 RussRocker4             63  25  3 13   0  0  0  1  1  1  1  1  1  1  1  1  2  2  2  1  2  2  1  1  1  2  2  1  2  2  2  2  2  2  2  2  2  2  2  2  2  2  2  2  2  2
  5 Simple Modeller         63  24  2 15   1  1  1  1  1  1  1  1  1  1  1  1  2  2  2  1  1  1  2  0  2  2  2  1  2  0  2  2  2  2  2  2  2  2  2  2  2  2  2  2  2  2
  6 Bugbrain                61  21  1 19   1  0  1  1  1  1  1  1  1  1  1  1  1  1  1  1  2  2  2  1  2  2  2  1  1  1  2  1  2  2  2  2  2  2  2  2  2  2  2  2  2  2
  7 Biopic                  60  21  2 18   1  1  0  1  1  1  1  1  1  1  1  1  1  1  2  1  2  2  1  1  2  2  1  1  2  2  2  2  2  2  1  2  2  0  2  2  2  2  2  2  2  2
  8 ACT-R Lag2              59  20  2 19   0  1  1  1  1  1  1  1  1  1  1  1  2  1  1  1  2  2  2  0  2  2  1  1  2  1  2  1  2  2  1  2  2  2  1  2  2  2  2  2  2  2
  9 Boom                    58  17  0 24   1  1  1  1  1  1  1  1  1  1  1  1  1  1  1  1  1  1  1  1  1  2  2  1  2  1  2  1  2  2  2  2  1  2  2  2  2  2  2  2  2  2
 10 Yomi AI                 57  17  1 23   1  1  1  1  1  1  1  1  1  1  1  1  2  2  1  1  1  2  1  1  2  1  1  1  2  2  2  1  1  2  0  1  1  2  2  2  2  2  2  2  2  2
 11 Shofar                  57  16  0 25   1  1  1  1  1  1  1  1  1  1  1  1  1  1  1  1  2  2  1  1  2  1  1  1  2  1  2  1  2  2  1  1  1  2  2  2  2  2  2  2  2  2
 12 Vroomfondel             55  14  0 27   1  1  1  1  1  1  1  1  1  1  1  1  1  1  1  1  1  1  2  1  1  2  1  1  2  1  2  1  1  2  1  1  2  2  1  2  2  2  2  2  2  2
 13 Simple Predictor        53  20  8 13   0  0  0  0  0  1  1  0  1  0  1  1  1  1  1  1  1  1  2  0  2  2  2  1  2  1  2  2  2  2  2  2  1  2  2  2  2  2  2  2  2  2
 14 Robertot                53  16  4 21   1  0  1  0  0  1  1  1  1  0  1  1  1  1  1  1  1  1  1  1  1  2  1  1  1  1  2  2  2  2  1  2  2  2  2  2  2  2  2  2  2  2
 15 Piedra                  53  16  4 21   1  1  0  0  0  1  0  1  1  1  1  1  1  1  1  1  1  1  2  1  1  1  2  1  2  1  1  1  2  2  2  1  2  2  2  2  2  2  2  2  2  2
 16 Majikthise              52  11  0 30   1  1  2  1  1  1  1  1  1  1  1  1  1  1  1  1  1  1  1  1  1  1  1  1  1  1  2  1  1  2  1  1  2  1  1  2  2  2  2  2  2  2
 17 Granite                 51  19  9 13   0  0  0  0  1  0  0  0  1  1  0  1  1  1  1  1  1  1  2  0  1  1  1  1  2  2  2  2  2  2  2  2  2  2  2  2  2  2  2  2  2  2
 18 Marble                  50  19 10 12   0  0  0  0  1  0  0  0  1  0  0  1  1  1  1  1  1  1  1  0  1  2  2  1  1  2  2  2  2  2  2  2  2  2  2  2  2  2  2  2  2  2
 19 Sweet Rocky             50  17  8 16   1  1  1  1  0  0  1  0  1  1  1  0  0  1  0  1  0  1  1  1  1  1  2  1  2  0  2  1  2  2  2  2  2  2  2  2  2  2  2  2  2  2
 20 * De Bruijn             47   7  1 33   1  1  1  1  2  1  1  2  1  1  1  1  2  1  1  1  2  2  1  1  1  1  2  1  1  1  1  1  1  1  1  1  1  1  1  1  1  2  1  1  1  0
 21 Mixed Strategy          47  14  8 19   1  1  0  1  0  0  0  0  1  0  0  1  0  1  1  1  1  1  1  1  1  1  1  1  2  1  1  2  2  2  1  1  2  2  2  2  2  2  2  2  2  2
 22 ZQ Bot                  45  17 13 11   0  0  0  0  0  0  0  0  0  1  1  0  0  0  1  1  1  0  1  1  1  1  2  1  2  1  2  1  2  2  2  2  2  2  2  2  2  2  2  2  2  2
 23 * Anti-rotn             41  12 12 17   1  0  0  0  0  0  1  1  0  1  1  1  0  1  0  1  1  0  0  0  1  0  1  1  2  1  2  1  1  1  1  1  2  2  2  2  2  2  2  2  2  2
 24 * Pi                    40   0  1 40   1  1  1  1  1  1  1  1  1  1  1  1  1  1  1  1  1  1  1  1  1  1  1  1  1  1  1  1  1  1  1  1  1  0  1  1  1  1  1  1  1  1
 25 Inocencio               39  16 18  7   0  0  0  0  0  1  0  0  0  0  0  0  0  1  0  1  0  1  0  1  0  0  0  1  1  2  2  2  2  2  1  2  2  2  2  2  2  2  2  2  2  2
 26 * Foxtrot               34   2  9 30   0  0  0  0  2  1  0  1  1  0  1  1  1  1  1  1  0  0  2  1  1  1  1  1  0  1  1  1  1  1  1  1  1  1  1  1  1  1  1  1  1  1
 27 Multi-strategy          32  12 21  8   0  0  0  0  0  0  0  0  0  0  0  0  0  0  1  0  0  0  0  1  1  0  0  1  0  1  1  2  2  1  1  1  2  2  2  2  2  2  2  2  2  2
 28 * Copy-drift            29   1 13 27   0  0  1  0  0  1  0  1  1  1  1  1  0  0  1  1  0  0  1  1  0  1  1  1  0  1  0  1  1  0  1  1  1  1  1  2  1  1  1  1  1  1
 29 Peterbot                29   9 21 11   0  0  0  0  0  0  0  0  0  1  0  1  0  0  0  1  0  0  0  1  0  0  1  1  0  1  0  1  1  0  1  1  2  1  2  2  2  2  2  2  2  2
 30 Knucklehead             28   9 22 10   0  0  0  0  0  0  0  0  0  0  0  0  0  0  0  0  0  0  0  1  0  0  1  1  0  1  1  2  2  1  2  1  1  1  2  1  1  2  2  2  2  2
 31 * Add-drift             26   1 16 24   0  0  0  0  0  0  1  1  0  2  1  1  0  1  0  1  0  0  0  1  1  0  1  1  1  1  1  1  1  0  1  1  0  0  1  1  1  1  1  1  1  1
 32 * Add-react             25   0 16 25   0  0  0  0  0  0  0  0  0  1  1  1  0  0  1  1  0  0  0  1  1  0  1  1  0  1  1  1  1  1  1  1  1  1  1  1  1  1  1  1  1  1
 33 * Flat                  21   3 23 15   0  0  0  0  0  0  0  0  1  1  1  0  1  0  0  0  0  0  0  1  0  0  0  1  0  1  0  1  0  1  2  1  1  1  2  0  1  2  1  1  1  0
 34 * Text                  20   4 25 12   0  0  0  0  0  0  2  0  0  0  0  0  0  0  0  1  0  0  0  1  0  0  0  2  0  1  0  1  1  1  2  1  1  1  0  1  1  0  0  1  1  2
 35 Beat The Last Move      20   5 26 10   0  0  0  0  0  0  0  1  0  0  0  1  0  0  0  1  0  0  0  1  0  0  0  1  0  1  0  1  0  0  1  1  0  2  1  0  0  2  2  1  2  2
 36 * Switch A Lot          17   2 26 13   0  0  0  0  0  0  0  0  0  0  0  0  0  0  0  0  0  0  0  1  0  0  0  1  0  1  0  0  0  1  1  1  2  1  2  1  1  1  1  1  1  1
 37 Always Switchin'        17   1 25 15   0  0  0  0  0  0  0  0  0  0  0  0  0  0  0  0  0  0  0  1  0  0  0  1  0  1  0  1  0  1  1  1  1  1  2  1  1  1  1  1  1  1
 38 Beat Frequent Pick      16   4 29  8   0  0  0  0  0  0  0  0  0  0  0  0  0  0  0  0  0  0  0  0  0  0  0  1  0  1  0  1  0  0  1  1  0  2  0  1  1  1  2  1  2  2
 39 Good Ole Rock           16   3 28 10   0  0  0  0  0  0  0  0  0  0  0  0  0  0  0  0  0  0  0  1  0  0  0  1  0  1  0  1  0  0  1  1  1  2  0  1  1  0  1  1  2  2
 40 Rotate R-P-S            14   0 27 14   0  0  0  0  0  0  0  0  0  0  0  0  0  0  0  0  0  0  0  1  0  0  0  1  0  1  0  1  0  0  1  1  1  1  1  1  1  1  1  1  1  0
 41 R-P-S 20-20-60          13   1 29 11   0  0  0  0  0  0  0  0  0  0  0  0  0  0  0  0  0  0  0  1  0  0  0  1  0  1  0  1  0  0  1  1  1  1  0  1  1  0  0  1  1  2
 42 * Anti-Flat             13   3 31  7   0  0  0  0  0  0  0  0  0  0  0  0  0  0  0  0  0  0  0  2  0  0  0  1  0  1  0  1  0  0  1  1  2  0  0  1  1  0  0  2  0  1


   Yomi AI is match ranked 10

 Tournament results:
    Player Name          total 
  1 Yomi AI               6256 
 19 Iocaine Powder       11396 
 20 Phasenbott            9895 
 21 MegaHAL               9562 
 22 RussRocker4           7979 
 23 Biopic                8128 
 24 Simple Modeller       9381 
 25 Simple Predictor      6670 
 26 Robertot              7284 
 27 Boom                  8098 
 28 Shofar                6490 
 32 Granite               6870 
 35 Sweet Rocky           7203 
 36 Piedra                6964 

   Yomi is tournament ranked 14

