 Playing 1 tournaments with 1000 trials per match...

 Yomi AI            vs Good Ole Rock       Match: 1000 (1000+   0-   0=)
 Yomi AI            vs R-P-S 20-20-60      Match:  316 (535+ 219- 246=)
 Yomi AI            vs Rotate R-P-S        Match:  878 (896+  18-  86=)
 Yomi AI            vs Beat The Last Move  Match:   39 (347+ 308- 345=)
 Yomi AI            vs Always Switchin'    Match:  181 (463+ 282- 255=)
 Yomi AI            vs Beat Frequent Pick  Match:  478 (666+ 188- 146=)
 Yomi AI            vs * Pi                Match:    6 (335+ 329- 336=)
 Yomi AI            vs * Switch A Lot      Match:  157 (420+ 263- 317=)
 Yomi AI            vs * Flat              Match:  129 (416+ 287- 297=)
 Yomi AI            vs * Anti-Flat         Match:  997 (997+   0-   3=)
 Yomi AI            vs * Foxtrot           Match:  330 (543+ 213- 244=)
 Yomi AI            vs * De Bruijn         Match:   -3 (328+ 331- 341=)
 Yomi AI            vs * Text              Match:  121 (415+ 294- 291=)
 Yomi AI            vs * Anti-rotn         Match:   -5 (331+ 336- 333=)
 Yomi AI            vs * Copy-drift        Match:    8 (340+ 332- 328=)
 Yomi AI            vs * Add-react         Match:  -10 (348+ 358- 294=)
 Yomi AI            vs * Add-drift         Match:  -38 (320+ 358- 322=)
 Yomi AI            vs Iocaine Powder      Match:  -10 (338+ 348- 314=)
 Yomi AI            vs Phasenbott          Match:  -38 (320+ 358- 322=)
 Yomi AI            vs MegaHAL             Match:  -46 (319+ 365- 316=)
 Yomi AI            vs RussRocker4         Match:   14 (352+ 338- 310=)
 Yomi AI            vs Biopic              Match:   20 (346+ 326- 328=)
 Yomi AI            vs Simple Modeller     Match:  -25 (332+ 357- 311=)
 Yomi AI            vs Simple Predictor    Match:    5 (351+ 346- 303=)
 Yomi AI            vs Robertot            Match:   45 (382+ 337- 281=)
 Yomi AI            vs Boom                Match:  -20 (336+ 356- 308=)
 Yomi AI            vs Shofar              Match:   -8 (334+ 342- 324=)
 Yomi AI            vs ACT-R Lag2          Match:   12 (349+ 337- 314=)
 Yomi AI            vs Majikthise          Match:  -24 (323+ 347- 330=)
 Yomi AI            vs Vroomfondel         Match:  -27 (327+ 354- 319=)
 Yomi AI            vs Granite             Match:   87 (417+ 330- 253=)
 Yomi AI            vs Marble              Match:   98 (427+ 329- 244=)
 Yomi AI            vs ZQ Bot              Match:  -13 (340+ 353- 307=)
 Yomi AI            vs Sweet Rocky         Match:   47 (368+ 321- 311=)
 Yomi AI            vs Piedra              Match:   50 (391+ 341- 268=)
 Yomi AI            vs Mixed Strategy      Match:    0 (352+ 352- 296=)
 Yomi AI            vs Multi-strategy      Match:  236 (490+ 254- 256=)
 Yomi AI            vs Inocencio           Match:   40 (387+ 347- 266=)
 Yomi AI            vs Peterbot            Match:  100 (410+ 310- 280=)
 Yomi AI            vs Bugbrain            Match:  -10 (321+ 331- 348=)
 Yomi AI            vs Knucklehead         Match:  451 (618+ 167- 215=)
 Final results (draw value = 50):

 Tournament results: 

    Player Name          total     1    2    3    4    5    6    7    8    9   10   11   12   13   14   15   16   17   18   19   20   21   22   23   24   25   26   27   28   29   30   31   32   33   34   35   36   37   38   39   40   41   42
  1 Iocaine Powder       10959     0  155   43   65   41  507   44  191   38  217   61  240   49   24   -3  320   10   75   37   31   64   55  200  279   44  -39  163  189  323  539  206   95  277   57  236  891  371  919  987  988  994  976
  2 Phasenbott           10310  -155    0   73   83   65  535   54  138   11  221   78  227   37   18   53  251   38   32  117   56   10   48  232  293   22   11  162  114  380  388  105   92  266   56  163  998  148  906  989  999  996 1000
  3 Simple Modeller       9650   -43  -73    0   -1  -32  -22   43  317   83  105  -19  159   40  -20   87  310   25   99   86   21  -29   50  670  173  -48  -25  238  246   -9  233   76  158  113  262  482  936  388  594  993  989  998  997
  4 MegaHAL               9527   -65  -83    1    0   45   71   -3  101   -7  240  -36  217   74   27   39  261   46   43  127  -39    3   61  221  203  -29  -51  162   76   96  348  114  142  307  221  456  856  367  944  990  992  999  990
  5 Biopic                8787   -41  -65   32  -45    0  -13   19   15   25  140   60  149   54  -13  -26  124  -20   73   50   10   -4   85  184  270  -21   -2  -10  108  347  504  208  158   69  131  376  791  375  699  993  999  999 1000
  6 RussRocker4           7697  -507 -535   22  -71   13    0   30   81   64  147   14  142   90   13   23  188  -14   79   41  -27    1   59  127  233  -20   12  127  101  153  479  108   61  317  116  234  943  284  586  991  995 1000  997
  7 Robertot              7401   -44  -54  -43    3  -19  -30    0   26  -18   68    5   77   65   33   -9   73  -45   58  -12  -32  -22   44   15  205  -23  -22    6   79   21  413   62  180  108   62  456  446  398  915  970  993 1000  993
  8 Simple Predictor      7118  -191 -138 -317 -101  -15  -81  -26    0   -5   22  -53   22   45  -18   31  184   -5   22   51  -36  -25   52  115  179  -79  -21  280  266  -38  234  129  166  113  216  363  865  354  592  984  989  995  998
  9 Boom                  6969   -38  -11  -83    7  -25  -64   18    5    0   80  -12   42   81  -12   -2   31   20   33   42  -14  -24   57   15  160  -18  -61   52   45  -13  389   78  137  103  139  418  297  374  753  991  990  997  992
 10 Granite               6749  -217 -221 -105 -240 -140 -147  -68  -22  -80    0  -79   -7   22  -35 -109   35  -87   78  -14  -42  -22   79  650  431  -45  -61   -2   36   44  306  165  183   91  177  315  925  390  591  989  990  999  996
 11 ACT-R Lag2            6672   -61  -78   19   36  -60  -14   -5   53   12   79    0  145   28   23   -4   93  -12   49   18   38   -3   17   35  237  -63  -29   17    1  -30  531  142   92   93  108  262  198  307  581  845  991  996  985
 12 Marble                6425  -240 -227 -159 -217 -149 -142  -77  -22  -42    7 -145    0   14  -89  -92  -30  -98   48    8  -38  -61   45  651  452  -67    1   30   45   20  363  166  179   98  143  210  858  408  591  996  996  999  992
 13 Sweet Rocky           6152   -49  -37  -40  -74  -54  -90  -65  -45  -81  -22  -28  -14    0   -9  -75  -26  -47  -27  -14  -57  -25   58  -38   86  -43  -30   63    8   24  135  175  163  333  152  245  706  425  594  992  991  999  993
 14 Shofar                6081   -24  -18   20  -27   13  -13  -33   18   12   35  -23   89    9    0   18   62    8   39  -25   24   26   37   92  108  -12  -20    7   60  -10  190   27  128   84  102  434   46  294  554  862  942  986  960
 15 Bugbrain              5949     3  -53  -87  -39   26  -23    9  -31    2  109    4   92   75  -18    0  201   10   72   60  -20  -36   34   38  168   -9   11   58   47   -6  132   15   81   99  171  239  192  131  336  934  954  980  988
 16 ZQ Bot                5676  -320 -251 -310 -261 -124 -188  -73 -184  -31  -35  -93   30   26  -62 -201    0   13   71   32  -48  -78   56  282  254  -49  -61   46   44   -1  389  174  134  308  149  154  942  380  594  992  996  994  986
 17 Yomi AI               5568   -10  -38  -25  -46   20   14   45    5  -20   87   12   98   47   -8  -10  -13    0   50    0  -27  -24   -5   40  236   -3    6  -38    8  330  451  129  121  -10  157  181  100  316  478   39  878 1000  997
 18 Piedra                5428   -75  -32  -99  -43  -73  -79  -58  -22  -33  -78  -49  -48   27  -39  -72  -71  -50    0  -38  -74  -83   83  -38   46  -57    7   48  -22  -19   52  140  160  393  329  243  150  430  593  999  995  996  989
 19 Mixed Strategy        5084   -37 -117  -86 -127  -50  -41   12  -51  -42   14  -18   -8   14   25  -60  -32    0   38    0    5  -74   37   24   47  -55   -5   75    2   36  179   31  179   91   66   49  307  350  461  963  893  996  993
 20 Vroomfondel           4964   -31  -56  -21   39  -10   27   32   36   14   42  -38   38   57  -24   20   48   27   74   -5    0   27   35  102  119    3    9   26  -15   14  296   83   25   15   86  195   76  163  448   14  989  993  992
 21 Majikthise            4734   -64  -10   29   -3    4   -1   22   25   24   22    3   61   25  -26   36   78   24   83   74  -27    0    4   -4  157  -41   17   -1    8   45  229   48   20  -14   91  206   13  204  412  -19  990  995  995
 22 * Anti-rotn           4536   -55  -48  -50  -61  -85  -59  -44  -52  -57  -79  -17  -45  -58  -37  -34  -56    5  -83  -37  -35   -4    0  121  289  -54  -36   33  -45  -11   50  186   57  -18  252  497   53   78  598  497  996  999  985
 23 Inocencio             2615  -200 -232 -670 -221 -184 -127  -15 -115  -15 -650  -35 -651   38  -92  -38 -282  -40   38  -24 -102    4 -121    0  108  -29  -15    3   88  333  235  139  165   81   61  379  157  413  363  933  983  980  972
 24 Multi-strategy        2273  -279 -293 -173 -203 -270 -233 -205 -179 -160 -431 -237 -452  -86 -108 -168 -254 -236  -46  -47 -119 -157 -289 -108    0  -50  -20  -24  231  -23  -16  135  123   23  283  471  500  383  999  997  997  999  998
 25 * De Bruijn            741   -44  -22   48   29   21   20   23   79   18   45   63   67   43   12    9   49    3   57   55   -3   41   54   29   50    0   -1  -37  -35  -37    4   13   23   44  -25   43  -16  -23  128   -1   21    0 -106
 26 * Pi                   371    39  -11   25   51    2  -12   22   21   61   61   29   -1   30   20  -11   61   -6   -7    5   -9  -17   36   15   20    1    0    8   -8   -9   25  -63  -81   -5   28   36    4  -10   30   22  -11  -11   -9
 27 * Add-drift          -1522  -163 -162 -238 -162   10 -127   -6 -280  -52    2  -17  -30  -63   -7  -58  -46   38  -48  -75  -26    1  -33   -3   24   37   -8    0  -47    6   16    6  -17   15  -19   -1  -15    5  -18   70   -1  -39    9
 28 * Copy-drift         -1717  -189 -114 -246  -76 -108 -101  -79 -266  -45  -36   -1  -45   -8  -60  -47  -44   -8   22   -2   15   -8   45  -88 -231   35    8   47    0   -9  -76  -30  -16   -2   32    3  -75   53   24    9    1    3   -4
 29 * Foxtrot            -1987  -323 -380    9  -96 -347 -153  -21   38   13  -44   30  -20  -24   10    6    1 -330   19  -36  -14  -45   11 -333   23   37    9   -6    9    0  -30    8  -11   -5   28    9  -24   29  -21  -10   21  -14  -10
 30 Knucklehead          -2241  -539 -388 -233 -348 -504 -479 -413 -234 -389 -306 -531 -363 -135 -190 -132 -389 -451  -52 -179 -296 -229  -50 -235   16   -4  -25  -16   76   30    0  -23    4   32   21  -26  997   35  185  971  596  961  994
 31 * Flat               -2889  -206 -105  -76 -114 -208 -108  -62 -129  -78 -165 -142 -166 -175  -27  -15 -174 -129 -140  -31  -83  -48 -186 -139 -135  -13   63   -6   30   -8   23    0   20  -23  -18   15 -149    6  224  178   32   -3 -419
 32 * Text               -3170   -95  -92 -158 -142 -158  -61 -180 -166 -137 -183  -92 -179 -163 -128  -81 -134 -121 -160 -179  -25  -20  -57 -165 -123  -23   81   17   16   11   -4  -20    0   19   22   -4   28   29 -185  -74  -11 -185  112
 33 * Add-react          -3398  -277 -266 -113 -307  -69 -317 -108 -113 -103  -91  -93  -98 -333  -84  -99 -308   10 -393  -91  -15   14   18  -81  -23  -44    5  -15    2    5  -32   23  -19    0    5   -6  -52   12    4   34    7   -7   20
 34 * Switch A Lot       -3425   -57  -56 -262 -221 -131 -116  -62 -216 -139 -177 -108 -143 -152 -102 -171 -149 -157 -329  -66  -86  -91 -252  -61 -283   25  -28   19  -32  -28  -21   18  -22   -5    0    7 -152    9   12  309   57   11  -17
 35 Always Switchin'     -7082  -236 -163 -482 -456 -376 -234 -456 -363 -418 -315 -262 -210 -245 -434 -239 -154 -181 -243  -49 -195 -206 -497 -379 -471  -43  -36    1   -3   -9   26  -15    4    6   -7    0 -256  -35   56  489   -2    6    0
 36 Peterbot             -7728  -891 -998 -936 -856 -791 -943 -446 -865 -297 -925 -198 -858 -706  -46 -192 -942 -100 -150 -307  -76  -13  -53 -157 -500   16   -4   15   75   24 -997  149  -28   52  152  256    0  407  430  981  997 1000  993
 37 R-P-S 20-20-60       -9069  -371 -148 -388 -367 -375 -284 -398 -354 -374 -390 -307 -408 -425 -294 -131 -380 -316 -430 -350 -163 -204  -78 -413 -383   23   10   -5  -53  -29  -35   -6  -29  -12   -9   35 -407    0 -368 -140   22 -386   51
 38 Beat Frequent Pick  -14206  -919 -906 -594 -944 -699 -586 -915 -592 -753 -591 -581 -591 -594 -554 -336 -594 -478 -593 -461 -448 -412 -598 -363 -999 -128  -30   18  -24   21 -185 -224  185   -4  -12  -56 -430  368    0 -600    0  999  997
 39 Beat The Last Move  -20162  -987 -989 -993 -990 -993 -991 -970 -984 -991 -989 -845 -996 -992 -862 -934 -992  -39 -999 -963  -14   19 -497 -933 -997    1  -22  -70   -9   10 -971 -178   74  -34 -309 -489 -981  140  600    0    1 1000  996
 40 Rotate R-P-S        -25908  -988 -999 -989 -992 -999 -995 -993 -989 -990 -990 -991 -996 -991 -942 -954 -996 -878 -995 -893 -989 -990 -996 -983 -997  -21   11    1   -1  -21 -596  -32   11   -7  -57    2 -997  -22    0   -1    0    0 -663
 41 Good Ole Rock       -26226  -994 -996 -998 -999 -999 -1000 -1000 -995 -997 -999 -996 -999 -999 -986 -980 -994 -1000 -996 -996 -993 -995 -999 -980 -999    0   11   39   -3   14 -961    3  185    7  -11   -6 -1000  386 -999 -1000    0    0  998
 42 * Anti-Flat         -27706  -976 -1000 -997 -990 -1000 -997 -993 -998 -992 -996 -985 -992 -993 -960 -988 -986 -997 -989 -993 -992 -995 -985 -972 -998  106    9   -9    4   10 -994  419 -112  -20   17    0 -993  -51 -997 -996  663 -998    0

 Match results (draw <= 50): 

    Player Name           total  W  L  D   1  2  3  4  5  6  7  8  9 10 11 12 13 14 15 16 17 18 19 20 21 22 23 24 25 26 27 28 29 30 31 32 33 34 35 36 37 38 39 40 41 42
  1 Phasenbott              71  31  1  9   1  0  2  2  2  2  2  2  1  1  1  2  2  2  1  1  1  2  2  2  1  2  1  2  1  2  2  2  2  2  2  2  2  2  2  2  2  2  2  2  2  2
  2 Iocaine Powder          70  29  0 12   2  1  1  2  2  1  1  1  1  1  1  2  2  1  2  1  1  2  1  2  2  2  2  2  1  2  2  2  2  2  2  2  2  2  2  2  2  2  2  2  2  2
  3 Simple Modeller         65  25  1 15   0  1  1  1  1  1  1  2  1  1  2  1  2  1  1  1  1  2  2  2  2  2  1  2  1  1  2  2  2  2  2  2  2  2  2  2  2  2  2  2  2  2
  4 MegaHAL                 64  26  3 12   0  0  1  1  2  1  1  1  1  1  1  1  2  1  1  2  1  2  2  2  1  2  2  2  0  2  2  2  2  2  2  2  2  2  2  2  2  2  2  2  2  2
  5 RussRocker4             64  26  3 12   0  0  1  0  1  1  1  1  1  1  2  1  2  1  1  2  1  2  1  2  2  2  2  2  1  2  2  2  2  2  2  2  2  2  2  2  2  2  2  2  2  2
  6 Biopic                  64  24  1 16   0  1  1  1  1  1  1  1  1  1  1  2  1  1  1  2  1  2  1  2  2  2  2  2  1  2  1  2  2  2  2  2  2  2  2  2  2  2  2  2  2  2
  7 Robertot                60  20  1 20   0  1  1  1  1  1  1  1  1  1  1  1  1  1  1  2  1  2  1  2  2  1  1  2  1  1  1  2  2  2  2  2  2  2  2  2  2  2  2  2  2  2
  8 Bugbrain                59  20  2 19   0  1  0  1  1  1  1  1  1  1  1  1  1  1  1  2  1  2  2  2  2  1  1  2  1  1  2  2  1  2  2  1  2  2  2  2  2  2  2  2  2  2
  9 Shofar                  57  16  0 25   1  1  1  1  1  1  1  1  1  1  1  1  1  1  1  1  1  1  1  2  1  2  1  2  1  1  1  2  2  1  2  1  2  2  2  2  2  2  2  2  2  2
 10 Yomi AI                 56  15  0 26   1  1  1  1  1  1  1  1  1  1  1  1  1  1  1  1  1  2  1  1  1  1  1  2  1  2  1  2  1  2  2  2  1  1  2  2  2  2  2  2  2  2
 11 Boom                    56  18  3 20   1  1  0  1  0  1  1  1  1  1  1  1  1  1  1  2  1  2  1  1  1  1  2  1  0  1  2  2  1  2  2  2  2  2  2  2  2  2  2  2  2  2
 12 ACT-R Lag2              55  18  4 19   0  0  1  1  1  0  1  1  1  1  1  1  2  1  1  1  0  2  1  2  1  1  1  2  1  1  1  2  1  2  2  2  2  2  2  2  2  2  2  2  2  2
 13 Simple Predictor        54  20  7 14   0  0  0  0  0  1  1  1  1  1  1  0  1  1  1  1  0  1  2  2  1  2  2  1  1  1  2  2  2  2  2  2  2  2  2  2  2  2  2  2  2  2
 14 Vroomfondel             54  14  1 26   0  1  1  1  1  1  1  1  1  1  1  1  1  1  1  2  1  1  1  1  2  2  1  1  1  1  1  2  1  2  2  2  1  1  2  2  1  2  2  2  2  2
 15 Majikthise              53  13  1 27   1  0  1  1  1  1  1  1  1  1  1  1  1  1  1  1  1  1  2  2  2  1  1  2  1  1  1  2  1  1  2  1  1  1  2  2  1  2  2  2  2  2
 16 Sweet Rocky             50  16  7 18   1  1  1  0  0  0  0  0  1  1  0  1  1  0  1  1  1  1  1  1  1  1  2  1  1  1  2  2  1  2  2  2  2  2  2  2  2  2  2  2  2  2
 17 * De Bruijn             47   7  1 33   1  1  1  1  1  1  1  1  1  1  1  2  2  1  1  1  1  1  2  1  2  1  2  2  1  1  1  1  1  1  1  1  1  1  1  1  1  1  2  0  1  1
 18 Granite                 46  17 12 12   0  0  0  0  0  0  0  0  1  0  0  0  1  1  1  1  1  1  1  1  2  2  2  1  0  1  1  2  1  2  2  2  2  2  2  2  2  2  2  2  2  2
 19 Mixed Strategy          46  12  7 22   0  1  0  0  1  1  1  0  1  1  1  1  0  1  0  1  0  1  1  1  1  1  1  1  1  1  2  1  1  2  2  1  2  2  1  2  2  2  2  2  2  2
 20 ZQ Bot                  45  17 13 11   0  0  0  0  0  0  0  0  0  1  1  0  0  1  0  1  1  1  1  1  2  2  2  1  0  1  1  2  1  2  2  2  2  2  2  2  2  2  2  2  2  2
 21 Piedra                  44  14 11 16   1  0  0  1  0  0  0  0  1  1  1  1  1  0  0  1  0  0  1  0  1  1  2  1  1  1  1  1  1  2  2  2  2  2  2  2  2  2  2  2  2  2
 22 Inocencio               44  16 13 12   0  0  0  0  0  0  1  1  0  1  1  1  0  0  1  1  1  0  1  0  1  1  0  0  1  2  1  2  2  2  2  2  2  2  2  2  2  2  2  2  2  2
 23 * Anti-rotn             43  13 11 17   1  0  1  0  0  0  1  1  1  1  0  1  0  1  1  0  0  0  1  0  0  2  1  1  1  1  1  2  1  2  1  2  1  2  2  2  2  2  2  2  2  2
 24 Marble                  43  15 13 13   0  0  0  0  0  0  0  0  0  0  1  0  1  1  0  1  0  1  1  1  1  2  1  1  1  1  1  2  1  2  2  2  2  2  2  2  2  2  2  2  2  2
 25 * Pi                    43   4  2 35   1  1  1  2  1  1  1  1  1  1  2  1  1  1  1  1  1  2  1  2  1  1  1  1  1  1  1  1  1  1  1  0  1  1  1  1  0  1  1  1  1  1
 26 * Foxtrot               34   0  7 34   0  0  1  0  0  0  1  1  1  0  1  1  1  1  1  1  1  1  1  1  1  0  1  1  1  1  1  1  1  1  1  1  1  1  1  1  1  1  1  1  1  1
 27 * Add-drift             32   1 10 30   0  0  0  0  0  1  1  0  1  1  0  1  0  1  1  0  1  1  0  1  1  1  1  1  1  1  1  1  1  1  1  1  1  2  1  1  1  1  1  1  1  1
 28 Multi-strategy          32  12 21  8   0  0  0  0  0  0  0  0  0  0  0  0  0  0  0  0  1  0  1  0  1  0  0  0  1  1  1  1  2  2  1  2  1  2  2  2  2  2  2  2  2  2
 29 * Copy-drift            29   1 13 27   0  0  0  0  0  0  0  1  0  1  1  1  0  1  1  1  1  1  1  1  1  0  1  1  1  1  1  0  1  0  0  1  1  1  1  1  1  1  1  1  2  1
 30 Peterbot                29  11 23  7   0  0  0  0  0  0  0  0  1  0  0  0  0  0  1  0  1  0  0  0  0  0  0  0  1  1  1  0  2  1  0  2  2  2  2  2  1  2  2  2  2  2
 31 Knucklehead             26   7 22 12   0  0  0  0  0  0  0  0  0  0  0  0  0  0  0  0  1  0  0  0  0  0  1  0  1  1  1  1  2  2  1  1  1  2  1  1  1  2  2  2  1  2
 32 * Flat                  22   3 22 16   0  0  0  0  0  0  0  1  1  0  0  0  0  0  1  0  1  0  1  0  0  0  0  0  2  1  1  0  1  0  1  1  1  2  1  1  1  1  2  0  1  1
 33 * Add-react             21   0 20 21   0  0  0  0  0  0  0  0  0  1  0  0  0  1  1  0  1  0  0  0  0  0  1  0  1  1  1  1  1  0  1  1  1  1  1  1  1  1  1  1  1  1
 34 Beat The Last Move      19   5 27  9   0  0  0  0  0  0  0  0  0  1  0  0  0  1  1  0  1  0  0  0  0  0  0  0  1  1  0  0  1  0  0  0  1  1  0  0  2  2  2  2  2  1
 35 Always Switchin'        19   2 24 15   0  0  0  0  0  0  0  0  0  0  0  0  0  0  0  0  1  0  1  0  0  0  0  0  1  1  1  0  1  0  1  1  1  2  1  1  1  1  2  1  1  1
 36 * Switch A Lot          18   2 25 14   0  0  0  0  0  0  0  0  0  0  0  0  0  0  0  0  1  0  0  0  0  0  0  0  1  1  1  0  1  0  1  1  1  2  1  1  1  1  1  1  1  2
 37 * Text                  18   2 25 14   0  0  0  0  0  0  0  0  0  0  0  0  0  1  1  0  1  0  0  0  0  0  0  0  2  1  1  0  1  1  1  1  1  0  1  1  1  0  0  2  1  1
 38 Good Ole Rock           16   3 28 10   0  0  0  0  0  0  0  0  0  0  0  0  0  0  0  0  1  0  0  0  0  0  0  0  1  1  1  0  1  0  0  1  1  0  1  1  2  1  0  2  2  1
 39 Beat Frequent Pick      15   4 30  7   0  0  0  0  0  0  0  0  0  0  0  0  0  0  0  0  0  0  0  0  0  0  0  0  1  1  1  0  1  0  0  0  1  0  0  1  2  2  1  2  2  1
 40 * Anti-Flat             13   3 31  7   0  0  0  0  0  0  0  0  0  0  0  0  0  0  0  0  2  0  0  0  0  0  0  0  1  1  1  0  1  0  0  2  1  0  1  1  0  0  0  1  0  2
 41 R-P-S 20-20-60          13   1 29 11   0  0  0  0  0  0  0  0  0  0  0  0  0  0  0  0  1  0  0  0  0  0  0  0  1  1  1  0  0  0  1  1  1  0  1  1  1  0  0  2  1  1
 42 Rotate R-P-S            13   0 28 13   0  0  0  0  0  0  0  0  0  0  0  0  0  0  0  0  1  0  0  0  0  0  0  0  1  1  1  0  1  0  0  1  1  1  1  0  1  1  1  0  1  1


   Yomi AI is match ranked 10

 Tournament results:
    Player Name          total 
  1 Yomi AI               5568 
 19 Iocaine Powder       10959 
 20 Phasenbott           10310 
 21 MegaHAL               9527 
 22 RussRocker4           7697 
 23 Biopic                8787 
 24 Simple Modeller       9650 
 25 Simple Predictor      7118 
 26 Robertot              7401 
 27 Boom                  6969 
 28 Shofar                6081 
 29 ACT-R Lag2            6672 
 32 Granite               6749 
 33 Marble                6425 
 34 ZQ Bot                5676 
 35 Sweet Rocky           6152 
 41 Bugbrain              5949 

   Yomi is tournament ranked 17

