 Playing 1 tournaments with 1000 trials per match...

 Yomi AI            vs Good Ole Rock       Match: 1000 (1000+   0-   0=)
 Yomi AI            vs R-P-S 20-20-60      Match:  222 (483+ 261- 256=)
 Yomi AI            vs Rotate R-P-S        Match:  783 (891+ 108-   1=)
 Yomi AI            vs Beat The Last Move  Match:  345 (581+ 236- 183=)
 Yomi AI            vs Always Switchin'    Match:  158 (447+ 289- 264=)
 Yomi AI            vs Beat Frequent Pick  Match:  478 (691+ 213-  96=)
 Yomi AI            vs * Pi                Match:    4 (334+ 330- 336=)
 Yomi AI            vs * Switch A Lot      Match:  118 (406+ 288- 306=)
 Yomi AI            vs * Flat              Match:  118 (384+ 266- 350=)
 Yomi AI            vs * Anti-Flat         Match:  798 (891+  93-  16=)
 Yomi AI            vs * Foxtrot           Match:  316 (544+ 228- 228=)
 Yomi AI            vs * De Bruijn         Match:  -28 (310+ 338- 352=)
 Yomi AI            vs * Text              Match:  115 (413+ 298- 289=)
 Yomi AI            vs * Anti-rotn         Match:  -19 (338+ 357- 305=)
 Yomi AI            vs * Copy-drift        Match:  -20 (342+ 362- 296=)
 Yomi AI            vs * Add-react         Match:   63 (382+ 319- 299=)
 Yomi AI            vs * Add-drift         Match:  -15 (329+ 344- 327=)
 Yomi AI            vs Iocaine Powder      Match:  -27 (320+ 347- 333=)
 Yomi AI            vs Phasenbott          Match:  -34 (334+ 368- 298=)
 Yomi AI            vs MegaHAL             Match:   10 (348+ 338- 314=)
 Yomi AI            vs RussRocker4         Match:   -4 (357+ 361- 282=)
 Yomi AI            vs Biopic              Match:  -26 (354+ 380- 266=)
 Yomi AI            vs Simple Modeller     Match:   23 (357+ 334- 309=)
 Yomi AI            vs Simple Predictor    Match:   23 (370+ 347- 283=)
 Yomi AI            vs Robertot            Match:    3 (368+ 365- 267=)
 Yomi AI            vs Boom                Match:   29 (360+ 331- 309=)
 Yomi AI            vs Shofar              Match:  -43 (327+ 370- 303=)
 Yomi AI            vs ACT-R Lag2          Match:   -6 (348+ 354- 298=)
 Yomi AI            vs Majikthise          Match:   42 (366+ 324- 310=)
 Yomi AI            vs Vroomfondel         Match:    3 (338+ 335- 327=)
 Yomi AI            vs Granite             Match:  101 (438+ 337- 225=)
 Yomi AI            vs Marble              Match:   96 (430+ 334- 236=)
 Yomi AI            vs ZQ Bot              Match:   81 (429+ 348- 223=)
 Yomi AI            vs Sweet Rocky         Match:   31 (379+ 348- 273=)
 Yomi AI            vs Piedra              Match:   91 (385+ 294- 321=)
 Yomi AI            vs Mixed Strategy      Match:   32 (372+ 340- 288=)
 Yomi AI            vs Multi-strategy      Match:  211 (481+ 270- 249=)
 Yomi AI            vs Inocencio           Match:   56 (402+ 346- 252=)
 Yomi AI            vs Peterbot            Match:  -28 (312+ 340- 348=)
 Yomi AI            vs Bugbrain            Match:  -16 (341+ 357- 302=)
 Yomi AI            vs Knucklehead         Match:  406 (619+ 213- 168=)
 Final results (draw value = 50):

 Tournament results: 

    Player Name          total     1    2    3    4    5    6    7    8    9   10   11   12   13   14   15   16   17   18   19   20   21   22   23   24   25   26   27   28   29   30   31   32   33   34   35   36   37   38   39   40   41   42
  1 Iocaine Powder       10987     0  243  107    3   31  541  197   42    0  216   92   55  193  -25   38   68   27   19   46  313  -27   24  286   14  218  -10  213   91  387  564  207   81   84  353  840  236  380  898  984  986  999  973
  2 Phasenbott            9711  -243    0   49   38    5  511  118   59   25  223   50  -23  194  -13   75   61   34   88   42  253   22   40  211   23  179   -2  131  104  409  344  102   84   47  283  905  242  154  923  983  988  993 1000
  3 MegaHAL               9417  -107  -49    0  -30   37   98   30  -25   35  228  -13   63  259   28   41   29  -10   10   48  251  -53  -10  210  -18  190   -1  171   77   78  380  136  133  245  268  895  443  425  944  991  995  999  996
  4 Simple Modeller       8750    -3  -38   30    0   42   10  271   51   41   82   25  -15   65  -49   37   50  -23   50   57  295  -17    0  205  -18   36  -40  227  308   41  235   26  119  269  118  900  437  349  595  993  993  997  999
  5 Biopic                8664   -31   -5  -37  -42    0    0    7    8  -54  118   60   47  178    0   21   67   26   69   57  128  -25  -19  287  -60  168    8   41  107  410  510  113  143  154   55  677  352  412  726  997  995  997  999
  6 RussRocker4           8342  -541 -511  -98  -10    0    0   81   27   52  159   34   90  178   18   15   47    4   21   66  154  -27    9  284  -39  794  -21  187   88  204  484   53   73  122  340  930  234  270  588  992  993  998 1000
  7 Simple Predictor      7952  -197 -118  -30 -271   -7  -81    0  -55   -8   24  -59   15  -26   16   -8   53  -23   62   53  178  -42  -48  220  -62  631   19  270  305   -5  250  118  149  229  143  845  421  434  588  986  989  995  999
  8 Robertot              7810   -42  -59   25  -51   -8  -27   55    0   -3   54  -41   35   72   14   -2   76   -3   52   57   87  -16  -42  308  -47   57   21   33   75  -12  390   96  157   62   83  795  458  385  915  814  993  998  996
  9 Boom                  7095     0  -25  -35  -41   54  -52    8    3    0  -32  -28   49   14  -31  -62   76  -29   45   60   45  -24  -34  297  -27   62   -6  -12   14   17  413   69  131  170  113  343  467  357  753  991  990  995  997
 10 Marble                6762  -216 -223 -228  -82 -118 -159  -24  -54   32    0 -140   16  -12  -15  -66   23  -96   46   59   39  -21  -59  300  -77  644  -15   40   79   33  289  206  181  124  120  906  227  429  594  991  995  999  995
 11 ACT-R Lag2            6706   -92  -50   13  -25  -60  -34   59   41   28  140    0   42  131   16  -17   54    6   90   50   98   20  -20  243   -9  774    6  -28   14  -55  514  173  106  119   63   -5  220  313  565  218  997  996  992
 12 Sweet Rocky           6528   -55   23  -63   15  -47  -90  -15  -35  -49  -16  -42    0  -45  -59  -19   41  -31  -43   -2  -61  -19  -45  118  -15  781  -34    4   58  -27  183   98  168  194  288  212  169  419  593  990  991  996  999
 13 Granite               6229  -193 -194 -259  -65 -178 -178   26  -72  -14   12 -131   45    0  -42  -85   62 -101  -37   50  -11   17  -52  277  -90  281   -2  -24   92   38  296  162  183  154   86  900  279  423  594  992  995  998  995
 14 Shofar                6214    25   13  -28   49    0  -18  -16  -14   31   15  -16   59   42    0   21   33   43   59   45   53  -26   12  105    5   74   29  -12   32  -21   98  110  129   73   40  105  443  303  552  872  949  974  972
 15 Bugbrain              5837   -38  -75  -41  -37  -21  -15    8    2   62   66   17   19   85  -21    0   54   16   50   41  179  -50  -27  106    1   45   -4  154   28  -50  182  -30   -4   60   93  229  256  192  388  968  975  988  986
 16 Piedra                5664   -68  -61  -29  -50  -67  -47  -53  -76  -76  -23  -54  -41  -62  -33  -54    0  -91   -8   61  -16  -21  -33  141    2  -28  -22   31  -15   14  232   84  166  140  376  244  239  389  596  992  989  996 1000
 17 Yomi AI               5490   -27  -34   10   23  -26   -4   23    3   29   96   -6   31  101  -43  -16   91    0   32  -19   81   42    3  211  -28   56    4  -15  -20  316  406  118  115  118   63  -28  158  222  478  345  783 1000  798
 18 Mixed Strategy        5276   -19  -88  -10  -50  -69  -21  -62  -52  -45  -46  -90   43   37  -59  -50    8  -32    0   56   20   -6   -7   34  -16   32  -64   32   96   14  143  129  139   53   98  172  109  361  535  979  982  998  992
 19 * Anti-rotn           5255   -46  -42  -48  -57  -57  -66  -53  -57  -60  -59  -50    2  -50  -45  -41  -61   19  -56    0  -70   -7  -23  237  -45  692  -51   16  -22   14   43  197   60  310   46   45  519  138  500  492  997  999  995
 20 ZQ Bot                5136  -313 -253 -251 -295 -128 -154 -178  -87  -45  -39  -98   61   11  -53 -179   16  -81  -20   70    0  -73  -49  145  -18  -21  -44   96   42   -8  300  165  163  129  262  974  142  384  593  990  993  996  991
 21 Majikthise            5091    27  -22   53   17   25   27   42   16   24   21  -20   19  -17   26   50   21  -42    6    7   73    0   16  240   41   72    9   55  -10   13  170  107   69   90   32    0  253  109  471   30  996  996  979
 22 Vroomfondel           4916   -24  -40   10    0   19   -9   48   42   34   59   20   45   52  -12   27   33   -3    7   23   49  -16    0  122   30   38   -8   25    8   24  235   60   47  100  -12  -12  272  164  457   20  993  997  992
 23 Multi-strategy        2528  -286 -211 -210 -205 -287 -284 -220 -308 -297 -300 -243 -118 -277 -105 -106 -141 -211  -34 -237 -145 -240 -122    0  -50 -141  -20   25  262  -28   77  202  123  275    8  500  462  431  999  997  997  999  997
 24 * De Bruijn            439   -14  -23   18   18   60   39   62   47   27   77    9   15   90   -5   -1   -2   28   16   45   18  -41  -30   50    0   30   -1  -11   -3  -23  -38  -41   23    0    9  -24  -17   -8  128   -1   21    0 -108
 25 Inocencio              345  -218 -179 -190  -36 -168 -794 -631  -57  -62 -644 -774 -781 -281  -74  -45   28  -56  -32 -692   21  -72  -38  141  -30    0   -4   -5  -27  322  203  166  158   99   94  116  218  432  362  935  981  978  981
 26 * Pi                   207    10    2    1   40   -8   21  -19  -21    6   15   -6   34    2  -29    4   22   -4   64   51   44   -9    8   20    1    4    0   13  -17   44  -36   -9  -81   -6   -6    2   12   20   30   22  -11  -11  -12
 27 * Add-drift          -1717  -213 -131 -171 -227  -41 -187 -270  -33   12  -40   28   -4   24   12 -154  -31   15  -32  -16  -96  -55  -25  -25   11    5  -13    0  -12   21    2   -3   -8  -25  -70   -6   12   40   23   -9    2  -41   14
 28 * Copy-drift         -1773   -91 -104  -77 -308 -107  -88 -305  -75  -14  -79  -14  -58  -92  -32  -28   15   20  -96   22  -42   10   -8 -262    3   27   17   12    0  -21 -104  -19    9   40   17    3   -6   15   13   -3  -12   -2   51
 29 * Foxtrot            -2330  -387 -409  -78  -41 -410 -204    5   12  -17  -33   55   27  -38   21   50  -14 -316  -14  -14    8  -13  -24   28   23 -322  -44  -21   21    0  -24    9  -13  -26   -1  -42   -4   -9  -54    0    1  -10   -8
 30 Knucklehead          -2546  -564 -344 -380 -235 -510 -484 -250 -390 -413 -289 -514 -183 -296  -98 -182 -232 -406 -143  -43 -300 -170 -235  -77   38 -203   36   -2  104   24    0    7   40   27   58   21   67   60  144  995  808 1000  968
 31 * Flat               -2919  -207 -102 -136  -26 -113  -53 -118  -96  -69 -206 -173  -98 -162 -110   30  -84 -118 -129 -197 -165 -107  -60 -202   41 -166    9    3   19   -9   -7    0   40   45  -10 -174    3  -44  209  232   53    1 -463
 32 * Text               -3129   -81  -84 -133 -119 -143  -73 -149 -157 -131 -181 -106 -168 -183 -129    4 -166 -115 -139  -60 -163  -69  -47 -123  -23 -158   81    8   -9   13  -40  -40    0   14   49   31   18  -16 -185  -74  -11 -185  113
 33 * Switch A Lot       -3238   -84  -47 -245 -269 -154 -122 -229  -62 -170 -124 -119 -194 -154  -73  -60 -140 -118  -53 -310 -129  -90 -100 -275    0  -99    6   25  -40   26  -27  -45  -14    0   -9 -130   -6   24   44  343   35   22  -72
 34 * Add-react          -3500  -353 -283 -268 -118  -55 -340 -143  -83 -113 -120  -63 -288  -86  -40  -93 -376  -63  -98  -46 -262  -32   12   -8   -9  -94    6   70  -17    1  -58   10  -49    9    0  -33    1   -5  -29    1   39  -16   -8
 35 Peterbot             -6108  -840 -905 -895 -900 -677 -930 -845 -795 -343 -906    5 -212 -900 -105 -229 -244   28 -172  -45 -974    0   12 -500   24 -116   -2    6   -3   42  -21  174  -31  130   33    0  227  390  436  981  999 1000  995
 36 Always Switchin'     -7100  -236 -242 -443 -437 -352 -234 -421 -458 -467 -227 -220 -169 -279 -443 -256 -239 -158 -109 -519 -142 -253 -272 -462   17 -218  -12  -12    6    4  -67   -3  -18    6   -1 -227    0   22   14  508  -30  -18  -33
 37 R-P-S 20-20-60       -8861  -380 -154 -425 -349 -412 -270 -434 -385 -357 -429 -313 -419 -423 -303 -192 -389 -222 -361 -138 -384 -109 -164 -431    8 -432  -20  -40  -15    9  -60   44   16  -24    5 -390  -22    0 -367 -115   19 -383  349
 38 Beat Frequent Pick  -14218  -898 -923 -944 -595 -726 -588 -588 -915 -753 -594 -565 -593 -594 -552 -388 -596 -478 -535 -500 -593 -471 -457 -999 -128 -362  -30  -23  -13   54 -144 -209  185  -44   29 -436  -14  367    0 -600    0  999  996
 39 Beat The Last Move  -19821  -984 -983 -991 -993 -997 -992 -986 -814 -991 -991 -218 -990 -992 -872 -968 -992 -345 -979 -492 -990  -30  -20 -997    1 -935  -22    9    3    0 -995 -232   74 -343   -1 -981 -508  115  600    0    1 1000 1000
 40 Rotate R-P-S        -26117  -986 -988 -995 -993 -995 -993 -989 -993 -990 -995 -997 -991 -995 -949 -975 -989 -783 -982 -997 -993 -996 -993 -997  -21 -981   11   -2   12   -1 -808  -53   11  -35  -39 -999   30  -19    0   -1    0    0 -668
 41 Good Ole Rock       -26239  -999 -993 -999 -997 -997 -998 -995 -998 -995 -999 -996 -996 -998 -974 -988 -996 -1000 -998 -999 -996 -996 -997 -999    0 -978   11   41    2   10 -1000   -1  185  -22   16 -1000   18  383 -999 -1000    0    0  998
 42 * Anti-Flat         -27735  -973 -1000 -996 -999 -999 -1000 -999 -996 -997 -995 -992 -999 -995 -972 -986 -1000 -798 -992 -995 -991 -979 -992 -997  108 -981   12  -14  -51    8 -968  463 -113   72    8 -995   33 -349 -996 -1000  668 -998    0

 Match results (draw <= 50): 

    Player Name           total  W  L  D   1  2  3  4  5  6  7  8  9 10 11 12 13 14 15 16 17 18 19 20 21 22 23 24 25 26 27 28 29 30 31 32 33 34 35 36 37 38 39 40 41 42
  1 Iocaine Powder          69  28  0 13   1  2  2  1  2  1  1  1  1  2  1  1  1  2  1  2  1  2  2  2  1  2  1  1  2  2  2  2  2  2  2  2  2  2  2  2  2  2  2  2  2  2
  2 Phasenbott              66  26  1 14   0  1  2  1  1  1  2  1  1  1  2  1  1  2  1  1  2  2  2  2  1  2  1  1  2  2  2  2  2  2  2  2  2  2  2  1  2  2  2  2  2  2
  3 RussRocker4             63  25  3 13   0  0  1  1  0  1  1  1  1  1  1  2  1  2  1  2  1  2  2  1  1  2  2  1  2  2  2  2  2  2  2  2  2  2  2  2  2  2  2  2  2  2
  4 Biopic                  63  24  2 15   1  1  1  1  1  1  1  1  1  2  1  0  1  1  1  1  2  2  2  2  0  2  2  1  2  2  2  1  2  2  2  2  2  2  2  2  2  2  2  2  2  2
  5 MegaHAL                 62  23  2 16   0  1  2  1  1  1  1  1  1  1  1  1  0  1  1  2  1  2  2  1  1  2  1  1  2  2  2  2  2  2  2  2  2  2  2  2  2  2  2  2  2  2
  6 Simple Modeller         62  21  0 20   1  1  1  1  1  1  2  1  1  1  1  1  1  2  1  1  1  2  2  1  1  2  2  1  1  1  2  2  2  2  2  2  1  2  2  2  2  2  2  2  2  2
  7 Robertot                62  23  2 16   1  0  1  1  1  0  1  1  1  1  1  1  1  2  1  1  2  2  2  2  1  2  2  1  2  1  2  1  2  2  2  2  2  2  2  2  2  2  2  2  2  2
  8 Yomi AI                 60  19  0 22   1  1  1  1  1  1  1  1  1  1  1  1  1  1  1  1  1  2  2  2  1  2  1  1  2  2  2  1  1  1  2  2  2  2  2  2  2  2  2  2  2  2
  9 Shofar                  58  17  0 24   1  1  1  1  1  1  1  1  1  1  1  1  1  1  1  2  2  1  1  1  1  2  1  1  2  1  2  1  2  1  2  1  2  2  2  2  2  2  2  2  2  2
 10 ACT-R Lag2              58  20  3 18   0  1  1  0  1  1  1  1  1  1  1  1  1  2  1  1  2  2  2  2  1  2  1  1  2  0  2  1  1  1  2  2  2  2  2  2  2  2  2  2  2  2
 11 Bugbrain                58  18  1 22   1  0  1  1  1  1  1  1  1  1  1  2  1  1  1  1  1  2  2  2  1  2  1  1  1  1  2  2  2  1  2  2  1  2  1  2  2  2  2  2  2  2
 12 Boom                    57  18  2 21   1  1  0  2  1  1  1  1  1  1  0  1  1  1  1  1  1  1  1  2  1  1  2  1  2  1  2  1  2  1  2  2  2  2  2  2  2  2  2  2  2  2
 13 Majikthise              56  15  0 26   1  1  1  1  2  1  1  1  1  1  1  1  1  1  1  1  1  1  1  1  1  2  1  1  2  1  2  2  1  1  2  1  2  1  2  2  2  2  2  2  2  2
 14 Simple Predictor        55  21  7 13   0  0  0  1  1  0  0  1  1  0  1  1  1  1  1  1  2  1  1  2  0  2  2  1  2  1  2  2  2  2  2  2  2  2  2  2  2  2  2  2  2  2
 15 Vroomfondel             53  12  0 29   1  1  1  1  1  1  1  1  1  1  1  1  1  1  1  1  1  2  2  1  1  1  1  1  1  1  2  1  1  1  2  1  2  1  1  2  2  2  2  2  2  2
 16 Sweet Rocky             52  16  5 20   0  1  0  1  0  1  1  1  0  1  1  1  1  1  1  1  1  1  1  1  1  0  1  1  2  1  2  1  2  2  2  2  2  2  2  2  2  2  2  2  2  2
 17 Mixed Strategy          49  15  7 19   1  0  1  0  1  1  0  1  0  0  1  1  1  0  1  1  1  1  1  1  1  1  2  0  1  1  1  1  2  2  2  2  2  2  2  2  2  2  2  2  2  2
 18 Granite                 46  17 12 12   0  0  0  0  0  0  0  0  1  0  0  1  1  1  0  1  1  1  1  2  0  1  1  1  2  1  2  1  2  2  2  2  2  2  2  2  2  2  2  2  2  2
 19 Marble                  46  17 12 12   0  0  0  0  0  0  0  0  1  0  0  1  1  1  0  1  1  1  1  1  0  1  2  1  2  1  2  1  2  2  2  2  2  2  2  2  2  2  2  2  2  2
 20 Piedra                  46  15 10 16   0  0  1  0  1  1  0  0  1  0  0  0  1  0  1  1  1  0  1  1  1  1  2  1  1  1  2  1  2  1  2  2  2  2  2  2  2  2  2  2  2  2
 21 * De Bruijn             45   5  1 35   1  1  1  2  1  1  1  1  1  1  1  1  1  2  1  1  1  2  2  1  1  1  1  1  1  1  1  1  1  1  1  1  1  1  1  1  2  1  1  1  0  1
 22 ZQ Bot                  45  17 13 11   0  0  0  0  0  0  0  0  0  0  0  1  0  0  1  2  1  1  1  1  1  1  2  1  1  1  2  2  2  1  2  2  2  2  2  2  2  2  2  2  2  2
 23 * Anti-rotn             42  12 11 18   1  1  0  0  1  0  0  1  1  1  1  0  1  0  1  1  0  1  0  0  1  0  1  0  2  1  2  1  1  1  1  1  2  2  2  2  2  2  2  2  2  2
 24 * Pi                    42   2  1 38   1  1  1  1  1  1  1  1  1  1  1  1  1  1  1  1  2  1  1  1  1  1  2  1  1  1  1  1  1  1  1  1  1  1  0  1  1  1  1  1  1  1
 25 Inocencio               40  15 16 10   0  0  0  0  0  1  0  0  0  0  1  0  0  0  1  0  1  0  0  1  1  1  0  1  1  2  2  1  2  1  2  2  2  2  2  2  2  2  2  2  2  2
 26 * Foxtrot               34   1  8 32   0  0  0  0  0  1  1  0  1  2  1  1  1  1  1  1  1  1  1  1  1  1  1  1  0  1  1  1  1  1  1  1  1  1  1  1  0  1  1  1  1  1
 27 Multi-strategy          32  13 22  6   0  0  0  0  0  0  0  0  0  0  0  0  0  0  0  0  1  0  0  0  1  0  0  1  0  1  1  1  2  2  2  1  2  2  2  2  2  2  2  2  2  2
 28 * Add-drift             31   0 10 31   0  0  0  1  0  0  1  1  1  1  0  1  0  0  1  1  1  1  1  1  1  0  1  1  1  1  1  1  1  1  1  0  1  1  1  1  1  1  1  1  1  1
 29 Peterbot                31   9 19 13   0  0  0  0  0  0  0  1  0  1  0  0  1  0  1  0  0  0  0  0  1  0  1  1  0  1  0  1  1  1  1  1  2  2  1  2  2  2  2  2  2  2
 30 * Copy-drift            28   1 14 26   0  0  0  0  0  0  0  1  1  1  1  1  1  0  1  0  0  0  0  1  1  1  1  1  1  1  0  1  1  1  0  1  1  1  1  1  1  1  1  1  2  1
 31 Knucklehead             27   9 23  9   0  0  0  0  0  0  0  0  0  0  0  0  0  0  0  0  0  0  0  0  1  0  1  1  0  1  0  1  1  2  1  2  1  2  1  1  2  2  2  2  2  2
 32 * Add-react             22   1 20 20   0  0  0  0  0  0  0  0  1  0  0  0  1  0  1  0  0  0  0  0  1  0  1  1  0  1  1  2  1  1  0  1  1  1  1  1  1  1  1  1  1  1
 33 * Flat                  20   3 24 14   0  0  0  0  0  1  0  0  0  0  1  0  0  0  0  0  0  0  0  0  1  0  0  1  0  1  0  1  0  1  1  1  1  2  1  1  2  1  1  1  0  2
 34 Beat The Last Move      19   5 27  9   0  0  0  0  0  0  0  0  0  0  0  0  1  0  1  0  0  0  0  0  1  0  0  1  0  1  0  1  0  1  0  1  0  1  2  0  2  2  0  2  2  1
 35 * Text                  18   2 25 14   0  0  0  0  0  0  0  0  0  0  1  0  0  0  1  0  0  0  0  0  1  0  0  2  0  1  0  1  1  1  1  1  1  0  1  1  0  0  1  1  2  1
 36 * Switch A Lot          17   1 25 15   0  1  0  0  0  0  0  0  0  0  0  0  0  0  0  0  0  0  0  0  1  0  0  1  0  1  0  1  0  1  1  1  1  2  1  1  1  1  1  1  0  1
 37 Beat Frequent Pick      17   5 29  7   0  0  0  0  0  0  0  0  0  0  0  0  0  0  0  0  0  0  0  0  0  0  0  1  0  2  0  1  0  1  0  1  0  0  2  1  1  2  1  2  2  1
 38 Good Ole Rock           16   3 28 10   0  0  0  0  0  0  0  0  0  0  0  0  0  0  0  0  0  0  0  0  1  0  0  1  0  1  0  1  0  1  0  1  1  0  2  1  0  1  1  2  2  1
 39 Always Switchin'        16   1 26 14   0  0  0  0  0  0  0  0  0  0  0  0  0  0  0  0  0  0  0  0  1  0  0  1  0  1  0  1  0  1  0  1  1  2  1  1  1  1  1  1  1  1
 40 R-P-S 20-20-60          13   1 29 11   0  0  0  0  0  0  0  0  0  0  0  0  0  0  0  0  0  0  0  0  1  0  0  1  0  1  0  1  0  1  0  1  1  0  1  1  0  0  1  1  2  1
 41 * Anti-Flat             13   4 32  5   0  0  0  0  0  0  0  0  0  0  0  0  0  0  0  0  0  0  0  0  2  0  0  1  0  1  0  1  0  0  0  1  2  0  0  2  0  0  1  0  1  2
 42 Rotate R-P-S            13   0 28 13   0  0  0  0  0  0  0  0  0  0  0  0  0  0  0  0  0  0  0  0  1  0  0  1  0  1  0  1  0  1  0  1  0  1  1  1  1  1  1  1  0  1


   Yomi AI is match ranked 8

 Tournament results:
    Player Name          total 
  1 Yomi AI               5490 
 19 Iocaine Powder       10987 
 20 Phasenbott            9711 
 21 MegaHAL               9417 
 22 RussRocker4           8342 
 23 Biopic                8664 
 24 Simple Modeller       8750 
 25 Simple Predictor      7952 
 26 Robertot              7810 
 27 Boom                  7095 
 28 Shofar                6214 
 29 ACT-R Lag2            6706 
 32 Granite               6229 
 33 Marble                6762 
 35 Sweet Rocky           6528 
 36 Piedra                5664 
 41 Bugbrain              5837 

   Yomi is tournament ranked 17

