 Playing 1 tournaments with 1000 trials per match...

 Yomi AI            vs Good Ole Rock       Match: 1000 (1000+   0-   0=)
 Yomi AI            vs R-P-S 20-20-60      Match:  377 (586+ 209- 205=)
 Yomi AI            vs Rotate R-P-S        Match:  995 (997+   2-   1=)
 Yomi AI            vs Beat The Last Move  Match:  124 (409+ 285- 306=)
 Yomi AI            vs Always Switchin'    Match:  301 (483+ 182- 335=)
 Yomi AI            vs Beat Frequent Pick  Match:  685 (813+ 128-  59=)
 Yomi AI            vs * Pi                Match:    3 (329+ 326- 345=)
 Yomi AI            vs * Switch A Lot      Match:  171 (439+ 268- 293=)
 Yomi AI            vs * Flat              Match:  206 (477+ 271- 252=)
 Yomi AI            vs * Anti-Flat         Match:  999 (999+   0-   1=)
 Yomi AI            vs * Foxtrot           Match:  365 (582+ 217- 201=)
 Yomi AI            vs * De Bruijn         Match:   43 (343+ 300- 357=)
 Yomi AI            vs * Text              Match:  152 (429+ 277- 294=)
 Yomi AI            vs * Anti-rotn         Match:    4 (328+ 324- 348=)
 Yomi AI            vs * Copy-drift        Match:  -12 (342+ 354- 304=)
 Yomi AI            vs * Add-react         Match:   91 (400+ 309- 291=)
 Yomi AI            vs * Add-drift         Match:   74 (393+ 319- 288=)
 Yomi AI            vs Iocaine Powder      Match:  -42 (322+ 364- 314=)
 Yomi AI            vs Phasenbott          Match:  -41 (316+ 357- 327=)
 Yomi AI            vs MegaHAL             Match:   -3 (354+ 357- 289=)
 Yomi AI            vs RussRocker4         Match:   29 (344+ 315- 341=)
 Yomi AI            vs Biopic              Match:    1 (357+ 356- 287=)
 Yomi AI            vs Simple Modeller     Match:   32 (360+ 328- 312=)
 Yomi AI            vs Simple Predictor    Match:   57 (387+ 330- 283=)
 Yomi AI            vs Robertot            Match:   14 (357+ 343- 300=)
 Yomi AI            vs Boom                Match:    8 (353+ 345- 302=)
 Yomi AI            vs Shofar              Match:  -34 (311+ 345- 344=)
 Yomi AI            vs ACT-R Lag2          Match:   24 (362+ 338- 300=)
 Yomi AI            vs Majikthise          Match:  -16 (325+ 341- 334=)
 Yomi AI            vs Vroomfondel         Match:  -39 (321+ 360- 319=)
 Yomi AI            vs Granite             Match:  120 (455+ 335- 210=)
 Yomi AI            vs Marble              Match:  102 (443+ 341- 216=)
 Yomi AI            vs ZQ Bot              Match:   43 (383+ 340- 277=)
 Yomi AI            vs Sweet Rocky         Match:   69 (380+ 311- 309=)
 Yomi AI            vs Piedra              Match:   48 (382+ 334- 284=)
 Yomi AI            vs Mixed Strategy      Match:   55 (381+ 326- 293=)
 Yomi AI            vs Multi-strategy      Match:  182 (459+ 277- 264=)
 Yomi AI            vs Inocencio           Match:  865 (926+  61-  13=)
 Yomi AI            vs Peterbot            Match:  115 (403+ 288- 309=)
 Yomi AI            vs Bugbrain            Match:  -17 (316+ 333- 351=)
 Yomi AI            vs Knucklehead         Match:  547 (709+ 162- 129=)
 Final results (draw value = 50):

 Tournament results: 

    Player Name          total     1    2    3    4    5    6    7    8    9   10   11   12   13   14   15   16   17   18   19   20   21   22   23   24   25   26   27   28   29   30   31   32   33   34   35   36   37   38   39   40   41   42
  1 Iocaine Powder       11276     0  177   63   42   13  -17  530   42  175  -25  -27  219  186   55   10   17   68  306   51   16   72   66  255   30   -1  477  115  238  351  547  212   11  354   96 1000  226  433  921  980  994  999  999
  2 Phasenbott            9904  -177    0   52   38   29   17  524   41  160   37   31  238  233   61    0   53   24  292   50   13   24   22  139   41   20  200  102   92  408  405   43   88  358   61  920  254  136  904  988  995  994  994
  3 MegaHAL               9586   -63  -52    0  -44   43   32   90    3   67    1  -27  245  251   28   11   11   79  267   41  -12   11   31  166   30   -6  204  189   26  107  388  177  224  280  133  895  458  388  941  984  989 1000 1000
  4 Simple Modeller       8829   -42  -38   44    0  -22   10   32  -32  250   18  -57   61   43   17    4   45   35  266   47  -11   -3   85  218  -35   -1  801  206  245   -3  305   82  222  129  143  299  482  414  592  991  994  998  995
  5 Biopic                8772   -13  -29  -43   22    0   32  -42   -1   46   17   -9  139  156   22   27   40   68  109   69  -16  -20   41  235    8  -31  154  -10   78  392  505  144  151   63  141  730  346  387  883  995  993  996  997
  6 Robertot              8609    17  -17  -32  -10  -32    0  -58  -14   36  -24   21   54   32  -28  -28   15   28  110   62    2   -1  106  252  -46    7  830   40   98  -12  396  131   83   58  177  699  479  379  830  986  993  996  994
  7 RussRocker4           8294  -530 -524  -90  -32   42   58    0  -29  104   30   10  156  128  -29   49   11   59  151  112  -30  -27  107  298  -29   20  786  103  124  214  466   95  116  325   21  918  248  288  592  994  993  999  997
  8 Yomi AI               7697   -42  -41   -3   32    1   14   29    0   57    8  -34  120  102   24  -17   48   69   43    4  -16  -39   55  182   43    3  865   74  -12  365  547  206  171   91  152  115  301  377  685  124  995 1000  999
  9 Simple Predictor      7367  -175 -160  -67 -250  -46  -36 -104  -57    0   29  -18    8   46  -46   14    2   46  165   43  -13  -21   61  179  -79   19  297  272  303  -22  320  110  181   95  154  717  446  404  588  984  989  993  996
 10 Boom                  7006    25  -37   -1  -18  -17   24  -30   -8  -29    0  -41   22   46  -44  -16   44   53   44   54  -25  -26   36  211   25   49   52   42   12  -13  501   78  -57   83  120  376  366  400  753  973  990  997  992
 11 Shofar                6822    27  -31   27   57    9  -21  -10   34   18   41    0   64   83   23   20   55   53   55   49   36  -10   57  117  -23    7   77   37  102   12  176   84  194   89  175   36  442  306  554  876  955  980  990
 12 Granite               6640  -219 -238 -245  -61 -139  -54 -156 -120   -8  -22  -64    0    8 -103  -40   28   44   81   41  -63  -39   17  307  -81  -28  650   46   27   65  293  172  158   88  177  915  252  371  592  994  995  999 1000
 13 Marble                6512  -186 -233 -251  -43 -156  -32 -128 -102  -46  -46  -83   -8    0 -154 -109   -4   33  -30   58  -19    4    3  330  -25  -31  641    4   54   13  320  153  208   98  174  904  217  408  594  994  994  998  996
 14 ACT-R Lag2            6509   -55  -61  -28  -17  -22   28   29  -24   46   44  -23  103  154    0   29   55   38  113   21   22   11   96  169  -87   22   46   15   35  -62  473   87  132    4   68  184  299  287  581  713  994  992  998
 15 Bugbrain              6202   -10    0  -11   -4  -27   28  -49   17  -14   16  -20   40  109  -29    0   50   75  171   31   11   -9   56  168   -2   12   56  155   31   42  106   29   87   89   99  277  236  148  393  934  945  975  991
 16 Piedra                6186   -17  -53  -11  -45  -40  -15  -11  -48   -2  -44  -55  -28    4  -55  -50    0  -14  -39   53  -33  -13    8  101   -5   -8  -21   34   42  -10  140  143  219  392  169  320  224  384  591  996  992  999  992
 17 Sweet Rocky           6073   -68  -24  -79  -35  -68  -28  -59  -69  -46  -53  -53  -44  -33  -38  -75   14    0  -15   63  -36  -46    8  112  -44    3  528   50   86  -17  118  197   94  271  172  180  184  360  591  990  993  998  991
 18 ZQ Bot                5911  -306 -292 -267 -266 -109 -110 -151  -43 -165  -44  -55  -81   30 -113 -171   39   15    0   53   -4  -23   28  218  -29  -68  364   42   41   56  308  150  208  383  158  873  296  378  590  993  990  996  999
 19 * Anti-rotn           5107   -51  -50  -41  -47  -69  -62 -112   -4  -43  -54  -49  -41  -58  -21  -31  -53  -63  -53    0   14  -33  -44  250  -56  -42  618  -34  -28  -44   33  199  298    5   58   52  490  188  599  496  998  998  994
 20 Majikthise            4793   -16  -13   12   11   16   -2   30   16   13   25  -36   63   19  -22  -11   33   36    4  -14    0  -23   61  174   -3   33   56   18  -16  -11  283   65  102   -5   37  -23  321  139  444    4  990  991  992
 21 Vroomfondel           4591   -72  -24  -11    3   20    1   27   39   21   26   10   39   -4  -11    9   13   46   23   33   23    0  -18  121   29   37   44   -3    1   -1  177   89  102   -6   21    6  231  163  447  -34  992  993  989
 22 Mixed Strategy        4557   -66  -22  -31  -85  -41 -106 -107  -55  -61  -36  -57  -17   -3  -96  -56   -8   -8  -28   44  -61   18    0   10  -67  -51  -56   -2   -6   11  130  101   52   55  140  274   36  402  469  983  974  995  989
 23 Multi-strategy        2796  -255 -139 -166 -218 -235 -252 -298 -182 -179 -211 -117 -307 -330 -169 -168 -101 -112 -218 -250 -174 -121  -10    0  -50  -20  -97   29  315  -20   -5   73  263   19  123  500  465  424  999  997  997  999  997
 24 * De Bruijn            588   -30  -41  -30   35   -8   46   29  -43   79  -25   23   81   25   87    2    5   44   29   56    3  -29   67   50    0   -1   17   23   -3   15   20   19   -4   21   23    1  -51    8  128   -1   21    0 -103
 25 * Pi                   106     1  -20    6    1   31   -7  -20   -3  -19  -49   -7   28   31  -22  -12    8   -3   68   42  -33  -37   51   20    1    0   25   43   -2    6   37   40  -32    6  -81   21  -17  -16   30   22  -11  -11  -10
 26 Inocencio            -1441  -477 -200 -204 -801 -154 -830 -786 -865 -297  -52  -77 -650 -641  -46  -56   21 -528 -364 -618  -56  -44   56   97  -17  -25    0   41  132  278  226  100   95   76  144  111  321  408  361  939  977  988  976
 27 * Add-drift          -1788  -115 -102 -189 -206   10  -40 -103  -74 -272  -42  -37  -46   -4  -15 -155  -34  -50  -42   34  -18    3    2  -29  -23  -43  -41    0  -50    7  -14  -44    7  -64   12  -15    1    7   25   26  -33   10  -32
 28 * Copy-drift         -2176  -238  -92  -26 -245  -78  -98 -124   12 -303  -12 -102  -27  -54  -35  -31  -42  -86  -41   28   16   -1    6 -315    3    2 -132   50    0  -13  -51  -17   57   16   -6  -75   16   -2  -51   -5  -72  -16    8
 29 * Foxtrot            -2217  -351 -408 -107    3 -392   12 -214 -365   22   13  -12  -65  -13   62  -42   10   17  -56   44   11    1  -11   20  -15   -6 -278   -7   13    0    6   15  -17  -54  -20    3   -9  -41   31    3    0   -8  -12
 30 Knucklehead          -2715  -547 -405 -388 -305 -505 -396 -466 -547 -320 -501 -176 -293 -320 -473 -106 -140 -118 -308  -33 -283 -177 -130    5  -20  -37 -226   14   51   -6    0   -3   16   75   19 1000    0   95  109  717  509  965  939
 31 * Flat               -3130  -212  -43 -177  -82 -144 -131  -95 -206 -110  -78  -84 -172 -153  -87  -29 -143 -197 -150 -199  -65  -89 -101  -73  -19  -40 -100   44   17  -15    3    0  -30  -32  -24 -232   21   20  273  200    4    0 -400
 32 * Switch A Lot       -3140   -11  -88 -224 -222 -151  -83 -116 -171 -181   57 -194 -158 -208 -132  -87 -219  -94 -208 -298 -102 -102  -52 -263    4   32  -95   -7  -57   17  -16   30    0   26    8 -108    8   -6   18  291   -8   -6   36
 33 * Add-react          -3160  -354 -358 -280 -129  -63  -58 -325  -91  -95  -83  -89  -88  -98   -4  -89 -392 -271 -383   -5    5    6  -55  -19  -21   -6  -76   64  -16   54  -75   32  -26    0   28  -56   29   67   -1   -3  -16   -8  188
 34 * Text               -3195   -96  -61 -133 -143 -141 -177  -21 -152 -154 -120 -175 -177 -174  -68  -99 -169 -172 -158  -58  -37  -21 -140 -123  -23   81 -144  -12    6   20  -19   24   -8  -28    0   24   16  -20 -185  -74  -11 -185  112
 35 Peterbot             -6760  -1000 -920 -895 -299 -730 -699 -918 -115 -717 -376  -36 -915 -904 -184 -277 -320 -180 -873  -52   23   -6 -274 -500   -1  -21 -111   15   75   -3 -1000  232  108   56  -24    0  252  419  433  982  997  998 1000
 36 Always Switchin'     -7391  -226 -254 -458 -482 -346 -479 -248 -301 -446 -366 -442 -252 -217 -299 -236 -224 -184 -296 -490 -321 -231  -36 -465   51   17 -321   -1  -16    9    0  -21   -8  -29  -16 -252    0    4   63  488   -3   18  -75
 37 R-P-S 20-20-60       -9422  -433 -136 -388 -414 -387 -379 -288 -377 -404 -400 -306 -371 -408 -287 -148 -384 -360 -378 -188 -139 -163 -402 -424   -8   16 -408   -7    2   41  -95  -20    6  -67   20 -419   -4    0 -444 -178  -26 -338   71
 38 Beat Frequent Pick  -14528  -921 -904 -941 -592 -883 -830 -592 -685 -588 -753 -554 -592 -594 -581 -393 -591 -591 -590 -599 -444 -447 -469 -999 -128  -30 -361  -25   51  -31 -109 -273  -18    1  185 -433  -63  444    0 -600    0  999  996
 39 Beat The Last Move  -19744  -980 -988 -984 -991 -995 -986 -994 -124 -984 -973 -876 -994 -994 -713 -934 -996 -990 -993 -496   -4   34 -983 -997    1  -22 -939  -26    5   -3 -717 -200 -291    3   74 -982 -488  178  600    0    1 1000  997
 40 Rotate R-P-S        -25720  -994 -995 -989 -994 -993 -993 -993 -995 -989 -990 -955 -995 -994 -994 -945 -992 -993 -990 -998 -990 -992 -974 -997  -21   11 -977   33   72    0 -509   -4    8   16   11 -997    3   26    0   -1    0    0 -657
 41 Good Ole Rock       -26292  -999 -994 -1000 -998 -996 -996 -999 -1000 -993 -997 -980 -999 -998 -992 -975 -999 -998 -996 -998 -991 -993 -995 -999    0   11 -988  -10   16    8 -965    0    6    8  185 -998  -18  338 -999 -1000    0    0  999
 42 * Anti-Flat         -27914  -999 -994 -1000 -995 -997 -994 -997 -999 -996 -992 -990 -1000 -996 -998 -991 -992 -991 -999 -994 -992 -989 -989 -997  103   10 -976   32   -8   12 -939  400  -36 -188 -112 -1000   75  -71 -996 -997  657 -999    0

 Match results (draw <= 50): 

    Player Name           total  W  L  D   1  2  3  4  5  6  7  8  9 10 11 12 13 14 15 16 17 18 19 20 21 22 23 24 25 26 27 28 29 30 31 32 33 34 35 36 37 38 39 40 41 42
  1 Iocaine Powder          70  29  0 12   1  2  1  2  1  1  2  1  1  1  1  2  1  2  1  2  2  2  2  1  2  2  1  2  2  2  2  2  2  2  2  2  2  2  2  1  2  2  2  2  2  2
  2 Phasenbott              65  25  1 15   0  1  1  2  1  1  2  1  1  1  1  2  1  2  2  1  1  2  2  1  2  1  1  1  2  2  2  2  2  2  2  2  2  2  2  2  1  2  2  2  2  2
  3 Yomi AI                 63  22  0 19   1  1  1  1  1  1  1  1  1  1  1  1  1  2  1  1  2  2  2  1  1  1  1  2  2  2  2  2  2  2  1  2  2  2  2  2  2  2  2  2  2  2
  4 RussRocker4             63  25  3 13   0  0  1  1  1  1  0  1  2  1  1  1  1  2  1  1  2  2  2  1  2  2  1  2  2  2  2  2  2  2  2  2  2  2  1  2  2  2  2  2  2  2
  5 Biopic                  63  22  0 19   1  1  1  1  1  1  1  1  1  1  1  1  1  1  1  1  2  2  2  1  2  2  1  1  2  2  1  2  2  2  2  2  2  2  2  2  2  2  2  2  2  2
  6 Shofar                  63  22  0 19   1  1  1  1  1  1  1  2  1  1  1  1  1  1  2  1  2  2  2  1  2  1  1  2  2  1  1  2  1  2  2  2  2  2  2  2  2  2  2  2  2  2
  7 MegaHAL                 62  23  2 16   0  0  1  2  1  1  1  1  1  1  1  1  1  2  1  1  2  2  2  1  2  1  1  1  2  2  2  2  2  2  1  2  2  2  2  2  2  2  2  2  2  2
  8 Simple Modeller         61  21  1 19   1  1  1  1  1  0  1  1  1  1  1  1  1  2  1  1  1  1  2  1  2  1  1  2  2  1  2  2  2  2  2  2  2  2  2  2  2  2  2  2  2  2
  9 Robertot                60  20  1 20   1  1  1  0  1  1  1  1  1  1  1  1  1  1  1  1  1  1  2  1  2  2  1  2  2  1  1  2  2  2  2  2  2  2  2  2  2  2  2  2  2  2
 10 Bugbrain                60  19  0 22   1  1  1  1  1  1  1  1  1  1  1  1  1  1  1  1  2  2  1  1  2  1  1  2  2  1  2  2  2  2  1  2  2  2  2  2  1  2  2  2  2  2
 11 Boom                    56  16  1 24   1  1  1  1  1  1  1  1  1  1  1  1  1  1  1  1  2  1  1  1  1  2  1  1  2  1  1  2  2  2  1  2  2  2  2  0  2  2  2  2  2  2
 12 ACT-R Lag2              55  18  4 19   0  0  1  1  1  1  1  1  1  1  1  1  1  1  2  1  1  2  2  0  2  1  1  2  1  0  1  2  2  2  1  1  2  2  2  2  2  2  2  2  2  2
 13 Majikthise              54  13  0 28   1  1  1  1  1  1  1  1  1  1  1  1  1  1  1  1  1  1  2  1  1  1  1  2  2  1  1  2  1  2  1  1  1  2  1  2  2  2  2  2  2  2
 14 Simple Predictor        53  19  7 15   0  0  0  0  1  1  0  0  1  1  1  1  1  1  1  1  1  1  1  0  2  1  1  2  2  1  2  2  2  2  2  2  2  2  2  2  2  2  2  2  2  2
 15 Piedra                  53  15  3 23   1  0  1  1  1  0  1  1  1  1  1  0  1  1  1  1  1  1  1  1  1  2  1  1  1  1  1  2  2  2  1  2  2  2  2  2  2  2  2  2  2  2
 16 Vroomfondel             50  10  1 30   0  1  1  1  1  1  1  1  1  1  1  1  1  1  1  1  1  1  1  1  1  1  1  1  1  1  1  2  1  2  1  1  1  2  1  2  2  2  2  2  2  2
 17 Sweet Rocky             50  17  8 16   0  1  0  0  0  0  0  1  1  0  0  1  1  1  1  1  1  1  1  1  1  2  1  1  2  1  1  2  2  2  2  2  2  2  2  2  2  2  2  2  2  2
 18 Marble                  49  17  9 15   0  0  0  0  0  0  0  1  1  0  1  0  1  1  1  1  1  1  1  1  1  2  1  1  2  1  1  2  2  2  2  2  2  2  2  2  2  2  2  2  2  2
 19 Granite                 46  17 12 12   0  0  0  0  0  0  0  0  0  1  1  0  0  1  1  1  1  1  1  0  2  1  1  1  2  2  1  2  2  2  1  2  2  2  2  2  2  2  2  2  2  2
 20 * De Bruijn             45   6  2 33   1  1  1  1  1  1  1  1  1  1  1  2  1  2  1  1  1  1  2  1  1  2  1  2  1  1  1  1  1  1  1  1  1  0  1  1  1  2  1  1  0  1
 21 ZQ Bot                  45  17 13 11   0  0  1  0  0  0  0  0  0  0  1  0  1  0  1  1  1  1  0  1  1  2  0  1  2  2  1  2  2  2  1  2  2  2  2  2  2  2  2  2  2  2
 22 * Anti-rotn             44  13 10 18   0  1  1  0  0  1  1  1  0  1  0  1  1  1  0  1  0  0  1  0  0  1  1  1  2  1  1  2  2  1  1  1  2  2  2  2  2  2  2  2  2  2
 23 * Pi                    42   2  1 38   1  1  1  1  1  1  1  1  1  1  1  1  1  1  1  1  1  1  1  1  2  1  1  2  1  1  1  1  1  1  1  1  1  1  0  1  1  1  1  1  1  1
 24 Mixed Strategy          40  12 13 16   0  1  0  0  1  0  1  0  0  0  1  0  0  0  1  1  1  1  1  0  1  1  0  1  0  1  1  1  2  2  1  2  2  1  2  2  2  2  2  2  2  2
 25 Inocencio               40  17 18  6   0  0  0  0  0  0  0  0  0  0  0  1  0  0  1  1  0  0  0  1  0  0  1  2  1  2  1  2  2  2  2  2  2  2  2  2  2  2  2  2  2  2
 26 * Foxtrot               32   1 10 30   0  0  0  0  0  1  0  1  1  1  1  2  1  1  1  1  1  1  0  1  0  1  1  1  0  1  1  1  1  1  1  0  1  1  1  1  1  1  1  1  1  1
 27 * Add-drift             32   0  9 32   0  0  0  0  1  1  0  0  1  0  1  1  1  0  1  1  1  1  1  1  1  1  1  1  1  1  1  1  1  1  1  0  1  1  1  1  1  1  1  1  1  1
 28 Multi-strategy          31  12 22  7   0  0  0  0  0  0  0  0  0  0  0  0  0  0  0  0  0  0  0  1  0  0  1  1  0  1  1  1  2  1  2  1  2  2  2  2  2  2  2  2  2  2
 29 Peterbot                30  11 22  8   0  0  0  0  0  1  0  0  0  0  0  0  1  0  0  1  0  0  0  1  0  0  1  0  0  1  1  0  1  0  2  2  2  2  1  2  2  2  2  2  2  2
 30 Knucklehead             28   9 22 10   0  0  0  0  0  0  0  0  0  0  0  0  0  0  0  0  0  0  0  1  0  1  1  0  0  1  1  1  2  1  2  2  2  1  1  1  1  2  2  2  2  2
 31 * Copy-drift            26   1 16 24   0  0  1  0  0  0  1  0  0  1  1  1  1  0  1  1  0  0  1  1  1  1  1  1  0  1  1  0  0  0  1  1  1  1  1  2  1  0  1  0  1  1
 32 * Add-react             24   4 21 16   0  0  0  0  0  0  0  0  0  0  0  1  1  0  0  1  0  0  0  1  0  1  1  0  0  2  2  1  0  0  1  1  1  1  1  1  1  1  1  1  2  2
 33 Beat The Last Move      19   5 27  9   0  0  0  0  0  0  0  0  0  0  0  0  1  0  0  1  0  0  0  1  0  0  1  0  0  1  1  0  0  0  1  1  1  0  2  0  0  2  2  1  2  2
 34 Always Switchin'        19   3 25 13   0  0  0  0  0  0  0  0  0  0  0  0  0  0  0  0  0  0  0  2  0  0  1  1  0  1  1  0  0  1  1  1  2  1  1  1  1  2  1  1  0  1
 35 * Text                  19   2 24 15   0  0  0  1  0  0  0  0  0  0  0  0  1  0  0  1  0  0  0  1  0  0  2  0  0  1  1  0  1  1  1  1  0  1  1  1  1  0  0  1  2  1
 36 * Switch A Lot          19   2 24 15   1  0  0  0  0  0  0  0  0  0  2  0  0  0  0  0  0  0  0  1  0  0  1  0  0  1  1  0  0  1  0  1  2  1  1  1  1  1  1  1  1  1
 37 * Flat                  19   2 24 15   0  1  0  0  0  0  0  0  0  1  0  0  0  0  0  0  0  0  0  1  0  0  1  0  0  1  1  0  0  1  1  1  2  1  1  1  1  2  1  1  0  1
 38 Beat Frequent Pick      16   5 30  6   0  0  0  0  0  0  0  0  0  0  0  0  0  0  0  0  0  0  0  0  0  0  1  0  0  1  1  0  0  0  2  1  0  0  2  1  0  1  2  1  2  2
 39 Good Ole Rock           16   3 28 10   0  0  0  0  0  0  0  0  0  0  0  0  0  0  0  0  0  0  0  1  0  0  1  0  0  1  1  0  0  0  1  1  0  1  2  1  1  0  1  1  2  2
 40 Rotate R-P-S            15   1 27 13   0  0  0  0  0  0  0  0  0  0  0  0  0  0  0  0  0  0  0  1  0  0  1  0  0  1  1  0  0  0  2  1  1  1  1  1  1  1  1  1  0  1
 41 * Anti-Flat             13   4 32  5   0  0  0  0  0  0  0  0  0  0  0  0  0  0  0  0  0  0  0  2  0  0  1  0  0  1  1  0  0  0  1  0  0  2  0  1  2  0  0  2  1  0
 42 R-P-S 20-20-60          12   1 30 10   0  0  0  0  0  0  0  0  0  0  0  0  0  0  0  0  0  0  0  1  0  0  1  0  0  1  1  0  0  0  1  0  0  1  1  1  1  0  0  1  2  1


   Yomi AI is match ranked 3

 Tournament results:
    Player Name          total 
  1 Yomi AI               7697 
 19 Iocaine Powder       11276 
 20 Phasenbott            9904 
 21 MegaHAL               9586 
 22 RussRocker4           8294 
 23 Biopic                8772 
 24 Simple Modeller       8829 
 26 Robertot              8609 

   Yomi is tournament ranked 8

