 Playing 1 tournaments with 1000 trials per match...

 Yomi AI            vs Good Ole Rock       Match: 1000 (1000+   0-   0=)
 Yomi AI            vs R-P-S 20-20-60      Match:   28 (376+ 348- 276=)
 Yomi AI            vs Rotate R-P-S        Match:  494 (745+ 251-   4=)
 Yomi AI            vs Beat The Last Move  Match:   10 (347+ 337- 316=)
 Yomi AI            vs Always Switchin'    Match:   40 (372+ 332- 296=)
 Yomi AI            vs Beat Frequent Pick  Match:  409 (681+ 272-  47=)
 Yomi AI            vs * Pi                Match:   42 (363+ 321- 316=)
 Yomi AI            vs * Switch A Lot      Match:   49 (356+ 307- 337=)
 Yomi AI            vs * Flat              Match:   34 (370+ 336- 294=)
 Yomi AI            vs * Anti-Flat         Match:  999 (999+   0-   1=)
 Yomi AI            vs * Foxtrot           Match:  131 (448+ 317- 235=)
 Yomi AI            vs * De Bruijn         Match:  -37 (306+ 343- 351=)
 Yomi AI            vs * Text              Match:    2 (338+ 336- 326=)
 Yomi AI            vs * Anti-rotn         Match:   21 (343+ 322- 335=)
 Yomi AI            vs * Copy-drift        Match:  -15 (330+ 345- 325=)
 Yomi AI            vs * Add-react         Match:   17 (338+ 321- 341=)
 Yomi AI            vs * Add-drift         Match:  -13 (328+ 341- 331=)
 Yomi AI            vs Iocaine Powder      Match:   26 (358+ 332- 310=)
 Yomi AI            vs Phasenbott          Match:    5 (337+ 332- 331=)
 Yomi AI            vs MegaHAL             Match:   18 (347+ 329- 324=)
 Yomi AI            vs RussRocker4         Match:   16 (348+ 332- 320=)
 Yomi AI            vs Biopic              Match:   26 (352+ 326- 322=)
 Yomi AI            vs Simple Modeller     Match:   36 (348+ 312- 340=)
 Yomi AI            vs Simple Predictor    Match:   40 (362+ 322- 316=)
 Yomi AI            vs Robertot            Match:  -42 (341+ 383- 276=)
 Yomi AI            vs Boom                Match:   23 (341+ 318- 341=)
 Yomi AI            vs Shofar              Match:   40 (352+ 312- 336=)
 Yomi AI            vs ACT-R Lag2          Match:  -51 (303+ 354- 343=)
 Yomi AI            vs Majikthise          Match:   38 (335+ 297- 368=)
 Yomi AI            vs Vroomfondel         Match:   28 (352+ 324- 324=)
 Yomi AI            vs Granite             Match:   91 (441+ 350- 209=)
 Yomi AI            vs Marble              Match:   97 (440+ 343- 217=)
 Yomi AI            vs ZQ Bot              Match:   32 (380+ 348- 272=)
 Yomi AI            vs Sweet Rocky         Match:   38 (358+ 320- 322=)
 Yomi AI            vs Piedra              Match:   -9 (360+ 369- 271=)
 Yomi AI            vs Mixed Strategy      Match:   13 (358+ 345- 297=)
 Yomi AI            vs Multi-strategy      Match:  126 (426+ 300- 274=)
 Yomi AI            vs Inocencio           Match:   89 (416+ 327- 257=)
 Yomi AI            vs Peterbot            Match:   30 (357+ 327- 316=)
 Yomi AI            vs Bugbrain            Match:  -12 (338+ 350- 312=)
 Yomi AI            vs Knucklehead         Match:  178 (484+ 306- 210=)
 Final results (draw value = 50):

 Tournament results: 

    Player Name          total     1    2    3    4    5    6    7    8    9   10   11   12   13   14   15   16   17   18   19   20   21   22   23   24   25   26   27   28   29   30   31   32   33   34   35   36   37   38   39   40   41   42
  1 Iocaine Powder       11446     0  107   27   23   16   26  543   54  166   40   32  242  253   28  328   24   60   72   -7  -15   40  -26  282   67    3  787  131  233  338  221    1  583   80  341  239  877  357  904  990  988  991 1000
  2 Phasenbott           10146  -107    0   83   16   15   70  542   43  151   37   50  189  224   37  289   49   96   46   76   28   79   -5  197   42  -19  200   82   51  362  136   82  406   88  386  250  884  122  904  989  990  995  991
  3 MegaHAL               9437   -27  -83    0    7    6   43   66   59   45   32  -22  240  253  -70  255   26    1   64  -61  -56   92  -18  147  -38   29  247  206   31   69  147  212  417  189  283  435  912  376  944  992  988  999 1000
  4 Simple Modeller       8811   -23  -16   -7    0   32  -17  -44   49  271   18    9  108   85  -38  328   36   34   72   -9  -36   67  -36  177  -11    2   72  216  229  -17  139  212  268  132  139  452  921  420  595  990  995  998  999
  5 Biopic                8781   -16  -15   -6  -32    0  -12  -16   24   19   23   37  135   75  -36   98  -17   66   46  -19    6  116  -26  324  -11  -20  153   37  133  426  135  139  521  145   87  328  809  368  780  994  995  996  992
  6 Robertot              7701   -26  -70  -43   17   12    0  -23   52   42   -1   52   -2   17  -40   68   10   -7   41  -40  -35   27   42  240   26   -4   62  -30   14  -53   35  122  405  191   83  464  842  393  872  964  992  996  994
  7 RussRocker4           7589  -543 -542  -66   44   16   23    0   24   83   28   28  143  128  -30  152   -8   25   74   55  -18   75  -16  231   -6   12  176  105  197  140   84  102  445   71  344  172  928  331  599  992  995  999  997
  8 Sweet Rocky           7352   -54  -43  -59  -49  -24  -52  -24    0  -41  -29   18  -61    0  -19  -20  -25  -30   48  -54  -37   11  -38  127  -15  -26  793  -42   61   48  158   81  229  179  405   99  890  372  592  992  997  998  996
  9 Simple Predictor      7350  -166 -151  -45 -271  -19  -42  -83   41    0   24   68   34   22   28  193   27   -1   59    4  -11   83  -40  191  -62   19  404  250  282  -46  105  217  263  166   98  423  316  415  587  985  990  995  998
 10 Boom                  6967   -40  -37  -32  -18  -23    1  -28   29  -24    0   55   40   82  -37   50  -59  -15   54  -19  -33   23  -23  216    8   12   43  -12  -27  -19   49  178  385   86   59  446  508  378  753  975  987  996 1000
 11 Piedra                6793   -32  -50   22   -9  -37  -52  -28  -18  -68  -55    0  -16  -33  -22  -27  -39  -16   46   -3  -57  -12    9  148   -7  -20  -21   51   17   51  153  207  179  178  264  279  821  417  594  990  995  995  999
 12 Granite               6704  -242 -189 -240 -108 -135    2 -143   61  -34  -40   16    0   14  -16   45  -53 -131   46  -18   -6   12  -91  359  -81  -15  649   12   74   41  159  165  260  174   54  197  958  375  591  989  995  998 1000
 13 Marble                6323  -253 -224 -253  -85  -75  -17 -128    0  -22  -82   33  -14    0  -72  -13 -113 -140   53  -17    3   44  -97  146  -98  -28  647  -40   59   12  135  139  352  178   97  274  936  408  594  994  995  999  996
 14 Shofar                6052   -28  -37   70   38   36   40   30   19  -28   37   22   16   72    0   57  -11   11   39  -10   27   20  -40  110  -17   17   70   -9  104   -1    0   73  203   85   13  407   37  241  550  903  943  961  982
 15 ZQ Bot                6007  -328 -289 -255 -328  -98  -68 -152   20 -193  -50   27  -45   13  -57    0 -152  -79   81  -91  -20  -11  -32  164  -41  -22  520   70   22   12  125  188  245  164  357  350  943  446  593  994  998  996  990
 16 Bugbrain              5895   -24  -49  -26  -36   17  -10    8   25  -27   59   39   53  113   11  152    0    3   31   -1  -47   56   12  128   -7   21   25   99   -7  -13  -19  134  132   67   95  246  283  128  381  933  953  977  980
 17 ACT-R Lag2            5747   -60  -96   -1  -34  -66    7  -25   30    1   15   16  131  140  -11   79   -3    0   13    5    8   46   51  163  -92  -25  222    1   28    9  165  161  475  113   46  233  110  339  576   -9  999  998  989
 18 * Anti-rotn           5332   -72  -46  -64  -72  -46  -41  -74  -48  -59  -54  -46  -46  -53  -39  -81  -31  -13    0  -44  -26   41  -21  230  -60  -54  769   19   15  -63  180  300   38   59   54  487   43  176  597  495  996  999  987
 19 Vroomfondel           4958     7  -76   61    9   19   40  -55   54   -4   19    3   18   17   10   91    1   -5   44    0   -9   28  -28  224   30   40   46  -53    2   -6  128  110  234   44   11  260   29  158  496  -15  990  993  993
 20 Majikthise            4882    15  -28   56   36   -6   35   18   37   11   33   57    6   -3  -27   20   47   -8   26    9    0   48  -38  227  -30   25   75   72  -61   69   19   99  191   63   -4  191   27  150  419   43  991  992  980
 21 Mixed Strategy        4800   -40  -79  -92  -67 -116  -27  -75  -11  -83  -23   12  -12  -44  -20   11  -56  -46  -41  -28  -48    0  -13   89  -64  -40   63    7  -11  -43   38  156  137  173   93  -14  318  434  445  968  972  993  984
 22 Yomi AI               4087    26    5   18   36   26  -42   16   38   40   23   -9   91   97   40   32  -12  -51   21   28   38   13    0  126  -37   42   89  -13  -15  131   34   49  178    2   17   40   30   28  409   10  494 1000  999
 23 Multi-strategy        2876  -282 -197 -147 -177 -324 -240 -231 -127 -191 -216 -148 -359 -146 -110 -164 -128 -163 -230 -224 -227  -89 -126    0  -50  -20 -119   60  230   23  147  314  -19  123   34  498  500  410  999  997  997  999  999
 24 * De Bruijn            626   -67  -42   38   11   11  -26    6   15   62   -8    7   81   98   17   41    7   92   60  -30   30   64   37   50    0   -1    5    5   28   45   -5   12  -19   23  -20  -26  -14   -1  128   -1   21    0 -108
 25 * Pi                    20    -3   19  -29   -2   20    4  -12   26  -19  -12   20   15   28  -17   22  -21   25   54  -40  -25   40  -42   20    1    0   26  -17   41  -14  -14  -37    2  -81   13   20   15  -24   30   22  -11  -11  -12
 26 Inocencio               20  -787 -200 -247  -72 -153  -62 -176 -793 -404  -43   21 -649 -647  -70 -520  -25 -222 -769  -46  -75  -63  -89  119   -5  -26    0   13  102  257  106   45  253  151  100  282  105  385  360  928  982  980  974
 27 * Add-drift          -1538  -131  -82 -206 -216  -37   30 -105   42 -250   12  -51  -12   40    9  -70  -99   -1  -19   53  -72   -7   13  -60   -5   17  -13    0  -13   -3  -50  -53  -43   15  -60  -29   11  -49  -10   13  -41   26  -32
 28 * Copy-drift         -1730  -233  -51  -31 -229 -133  -14 -197  -61 -282   27  -17  -74  -59 -104  -22    7  -28  -15   -2   61   11   15 -230  -28  -41 -102   13    0   45  -12   24  -87   54    3  -26  -25   23    8   45  -17   27   27
 29 * Foxtrot            -1928  -338 -362  -69   17 -426   53 -140  -48   46   19  -51  -41  -12    1  -12   13   -9   63    6  -69   43 -131  -23  -45   14 -257    3  -45    0  -14   -8  -16  -81   45   56  -22    1  -22    6  -37  -40    4
 30 * Flat               -2611  -221 -136 -147 -139 -135  -35  -84 -158 -105  -49 -153 -159 -135    0 -125   19 -165 -180 -128  -19  -38  -34 -147    5   14 -106   50   12   14    0   23    5   -8  -37   57 -172   -1  242  139   14    1 -390
 31 * Switch A Lot       -3035    -1  -82 -212 -212 -139 -122 -102  -81 -217 -178 -207 -165 -139  -73 -188 -134 -161 -300 -110  -99 -156  -49 -314  -12   37  -45   53  -24    8  -23    0   13   31    5   49  -96   14   62  333   23   -3  -19
 32 Knucklehead          -3124  -583 -406 -417 -268 -521 -405 -445 -229 -263 -385 -179 -260 -352 -203 -245 -132 -475  -38 -234 -191 -137 -178   19   19   -2 -253   43   87   16   -5  -13    0    2   46  -46  -42   64  185  852  498 1000  952
 33 * Text               -3149   -80  -88 -189 -132 -145 -191  -71 -179 -166  -86 -178 -174 -178  -85 -164  -67 -113  -59  -44  -63 -173   -2 -123  -23   81 -151  -15  -54   81    8  -31   -2    0   35  -15   21    8 -185  -74  -11 -185  113
 34 * Add-react          -3517  -341 -386 -283 -139  -87  -83 -344 -405  -98  -59 -264  -54  -97  -13 -357  -95  -46  -54  -11    4  -93  -17  -34   20  -13 -100   60   -3  -45   37   -5  -46  -35    0  -15  -36  -30  -10   30   14   18   -2
 35 Always Switchin'     -6725  -239 -250 -435 -452 -328 -464 -172  -99 -423 -446 -279 -197 -274 -407 -350 -246 -233 -487 -260 -191   14  -40 -498   26  -20 -282   29   26  -56  -57  -49   46   15   15    0 -227   16   36  506   23   32  -48
 36 Peterbot             -7614  -877 -884 -912 -921 -809 -842 -928 -890 -316 -508 -821 -958 -936  -37 -943 -283 -110  -43  -29  -27 -318  -30 -500   14  -15 -105  -11   25   22  172   96   42  -21   36  227    0  409  438  981  999  999 1000
 37 R-P-S 20-20-60       -8914  -357 -122 -376 -420 -368 -393 -331 -372 -415 -378 -417 -375 -408 -241 -446 -128 -339 -176 -158 -150 -434  -28 -410    1   24 -385   49  -23   -1    1  -14  -64   -8   30  -16 -409    0 -399 -113  -13 -378   46
 38 Beat Frequent Pick  -14242  -904 -904 -944 -595 -780 -872 -599 -592 -587 -753 -594 -591 -594 -550 -593 -381 -576 -597 -496 -419 -445 -409 -999 -128  -30 -360   10   -8   22 -242  -62 -185  185   10  -36 -438  399    0 -600    0  999  996
 39 Beat The Last Move  -19221  -990 -989 -992 -990 -994 -964 -992 -992 -985 -975 -990 -989 -994 -903 -994 -933    9 -495   15  -43 -968  -10 -997    1  -22 -928  -13  -45   -6 -139 -333 -852   74  -30 -506 -981  113  600    0    1 1000 1000
 40 Rotate R-P-S        -25364  -988 -990 -988 -995 -995 -992 -995 -997 -990 -987 -995 -995 -995 -943 -998 -953 -999 -996 -990 -991 -972 -494 -997  -21   11 -982   41   17   37  -14  -23 -498   11  -14  -23 -999   13    0   -1    0    0 -684
 41 Good Ole Rock       -26329  -991 -995 -999 -998 -996 -996 -999 -998 -995 -996 -995 -998 -999 -961 -996 -977 -998 -999 -993 -992 -993 -1000 -999    0   11 -980  -26  -27   40   -1    3 -1000  185  -18  -32 -999  378 -999 -1000    0    0  999
 42 * Anti-Flat         -27661  -1000 -991 -1000 -999 -992 -994 -997 -996 -998 -1000 -999 -1000 -996 -982 -990 -980 -989 -987 -993 -980 -984 -999 -999  108   12 -974   32  -27   -4  390   19 -952 -113    2   48 -1000  -46 -996 -1000  684 -999    0

 Match results (draw <= 50): 

    Player Name           total  W  L  D   1  2  3  4  5  6  7  8  9 10 11 12 13 14 15 16 17 18 19 20 21 22 23 24 25 26 27 28 29 30 31 32 33 34 35 36 37 38 39 40 41 42
  1 Iocaine Powder          68  27  0 14   1  2  1  2  1  1  1  2  1  1  1  1  2  1  2  1  1  2  2  2  2  1  2  1  2  2  2  2  2  2  2  2  2  1  2  2  2  2  2  2  2  2
  2 Phasenbott              68  28  1 12   0  1  1  2  1  2  1  2  1  2  1  1  2  1  1  2  1  2  1  2  2  2  1  1  2  2  2  2  2  2  2  2  2  2  2  2  2  2  2  2  2  2
  3 Simple Modeller         64  23  0 18   1  1  1  1  1  1  1  2  1  1  1  1  1  1  1  1  1  2  1  2  2  2  2  1  2  1  2  2  2  2  2  2  2  2  2  2  2  2  2  2  2  2
  4 RussRocker4             63  25  3 13   0  0  1  1  1  0  1  2  1  1  1  1  1  1  1  2  1  2  1  2  2  2  2  1  2  2  2  2  2  2  2  2  2  2  2  2  2  2  2  2  2  2
  5 Biopic                  63  22  0 19   1  1  1  1  1  1  1  1  1  1  1  1  2  1  1  1  1  2  1  2  2  2  1  1  2  2  2  2  2  1  2  2  2  2  2  2  2  2  2  2  2  2
  6 MegaHAL                 61  24  4 13   1  0  1  2  1  1  1  1  0  1  1  0  1  1  2  0  1  2  1  2  2  2  2  1  2  2  2  2  1  2  2  2  2  2  2  2  2  2  2  2  2  2
  7 Bugbrain                60  19  0 22   1  1  1  1  1  1  1  1  1  1  2  1  1  1  1  1  1  2  1  2  2  2  1  1  1  1  2  2  1  2  2  1  2  2  2  2  2  2  2  2  2  2
  8 Simple Predictor        57  21  5 15   0  0  0  0  1  1  1  1  1  1  1  1  1  2  1  1  1  1  0  1  2  2  2  1  2  1  2  2  2  2  2  2  2  2  2  2  2  2  2  2  2  2
  9 Shofar                  57  16  0 25   1  1  1  1  1  2  1  1  1  1  1  1  1  1  1  1  1  1  1  2  2  1  1  1  2  1  2  1  2  1  2  1  1  2  2  2  2  2  2  2  2  2
 10 Robertot                56  17  2 22   1  0  1  1  1  1  1  1  1  1  1  1  1  2  2  1  1  1  1  1  2  1  1  1  2  0  2  2  1  1  2  1  2  2  2  2  2  2  2  2  2  2
 11 Boom                    56  16  1 24   1  1  1  1  1  1  0  1  1  1  1  1  1  2  1  1  1  1  1  2  1  1  2  1  1  1  2  2  1  1  2  1  2  2  2  2  2  2  2  2  2  2
 12 Majikthise              55  15  1 25   1  1  1  1  1  2  1  1  1  1  1  1  1  2  1  1  1  1  1  1  1  1  1  1  2  2  2  1  0  2  2  1  1  2  1  2  2  2  2  2  2  2
 13 ACT-R Lag2              54  17  4 20   0  0  1  1  0  1  1  1  1  1  1  1  1  1  1  1  2  2  0  2  2  1  1  1  2  1  2  2  1  1  2  2  1  2  1  2  2  2  2  2  2  2
 14 Piedra                  53  16  4 21   1  1  1  1  1  1  1  0  1  0  0  0  1  1  1  1  1  1  1  1  1  1  1  1  1  2  2  2  1  2  2  2  2  2  2  2  2  2  2  2  2  2
 15 Sweet Rocky             52  16  5 20   0  1  1  1  1  0  1  1  1  0  1  1  1  1  1  0  1  0  1  1  1  1  1  1  2  1  2  2  2  1  2  2  2  2  2  2  2  2  2  2  2  2
 16 Vroomfondel             51  13  3 25   1  0  1  0  1  2  1  1  1  1  1  1  1  1  2  1  1  1  1  1  2  1  1  1  1  1  2  1  1  0  2  2  1  2  1  1  2  2  2  2  2  2
 17 Yomi AI                 50  10  1 30   1  1  1  1  1  1  1  1  1  1  1  1  0  1  1  1  1  2  1  2  1  1  1  1  2  2  2  1  1  1  2  1  1  1  1  1  1  2  2  2  2  1
 18 Granite                 48  17 10 14   0  0  0  0  0  0  0  1  1  1  1  1  0  1  2  1  0  1  0  1  1  1  1  1  2  1  2  2  2  1  2  2  2  2  2  2  2  2  2  2  2  2
 19 * De Bruijn             46   7  2 32   0  1  1  1  1  1  1  2  1  1  1  1  2  1  1  1  1  2  1  2  1  2  2  1  1  1  1  1  1  1  1  1  1  1  1  1  1  1  2  1  0  1
 20 Marble                  46  17 12 12   0  0  0  0  0  0  0  1  0  1  0  1  0  1  1  1  0  1  0  1  1  1  2  1  2  1  2  2  2  1  2  2  2  2  2  2  2  2  2  2  2  2
 21 ZQ Bot                  46  17 12 12   0  0  0  0  0  0  0  0  0  0  1  1  0  1  1  0  1  1  1  1  1  1  2  1  2  1  2  2  1  2  2  2  2  2  2  2  2  2  2  2  2  2
 22 Mixed Strategy          46  13  8 20   1  0  0  0  0  0  0  0  1  1  1  1  1  1  1  1  1  1  0  1  1  1  1  1  2  1  2  2  1  1  2  1  2  2  2  2  1  2  2  2  2  2
 23 * Anti-rotn             43  13 11 17   0  1  0  0  1  0  1  0  1  1  0  1  1  1  1  1  1  1  0  0  0  1  1  0  2  0  2  1  1  1  1  2  2  2  2  2  2  2  2  2  2  2
 24 * Pi                    41   1  1 39   1  1  1  1  1  1  1  1  1  1  1  1  1  1  1  1  1  1  1  1  1  1  2  1  1  1  1  1  1  1  1  1  1  1  1  0  1  1  1  1  1  1
 25 Inocencio               38  15 18  8   0  0  0  0  0  0  1  0  0  0  1  0  0  1  0  1  0  0  1  0  0  0  0  1  1  2  2  2  2  1  2  2  2  1  2  2  2  2  2  2  2  2
 26 * Foxtrot               34   3 10 28   0  0  1  0  0  0  1  1  1  2  1  0  1  0  1  1  0  1  1  1  1  1  2  1  0  1  1  1  1  1  1  1  1  1  1  0  2  1  1  1  1  1
 27 Multi-strategy          31  13 23  5   0  0  0  0  0  0  0  0  0  0  0  0  0  0  0  0  0  0  1  0  0  0  0  1  0  1  1  2  2  2  1  2  1  2  2  2  2  2  2  2  2  2
 28 Peterbot                31   9 19 13   0  0  0  0  0  0  0  0  1  0  0  1  0  0  0  1  1  0  1  0  0  0  1  1  0  1  0  1  1  1  1  2  1  2  2  1  2  2  2  2  2  2
 29 * Copy-drift            30   2 13 26   0  0  0  0  0  1  1  0  0  1  1  2  1  1  0  1  1  0  1  0  1  1  1  1  0  1  0  1  1  1  0  1  1  1  1  2  1  1  1  1  1  1
 30 * Add-drift             29   1 13 27   0  0  0  0  1  0  0  0  1  1  1  0  1  0  1  2  1  1  1  1  0  1  1  1  1  1  0  1  1  1  1  1  0  0  1  1  1  1  1  1  1  1
 31 Knucklehead             26   7 22 12   0  0  0  0  0  0  0  0  0  0  0  0  0  0  0  0  0  0  1  0  0  0  1  1  0  1  1  1  2  1  1  1  1  1  2  1  1  2  2  2  2  2
 32 * Flat                  25   3 19 19   0  0  0  0  0  0  1  0  1  1  1  1  0  0  0  0  1  0  1  0  0  1  0  1  0  1  0  0  1  1  1  1  1  1  2  1  2  1  2  1  0  1
 33 * Add-react             24   1 18 22   0  0  0  0  0  0  0  0  1  0  0  1  1  0  0  1  1  0  1  0  0  0  0  1  0  1  1  1  1  2  1  1  1  1  1  1  1  1  1  1  1  1
 34 * Switch A Lot          22   3 22 16   1  0  0  0  0  0  0  0  0  0  0  0  0  0  0  0  1  0  1  0  0  0  0  1  1  1  0  0  1  2  1  1  1  1  2  1  1  1  2  1  1  1
 35 Beat The Last Move      21   5 25 11   0  0  0  0  0  0  0  0  0  0  0  1  1  0  0  1  1  0  1  0  0  0  0  1  0  1  0  0  1  1  0  0  1  0  1  2  0  2  2  1  2  2
 36 * Text                  18   3 26 12   0  0  0  0  0  0  0  0  0  0  0  0  0  0  0  1  1  0  1  0  0  0  0  2  0  2  0  1  0  1  1  1  1  1  0  1  1  0  0  1  2  1
 37 Always Switchin'        17   1 25 15   0  0  0  0  0  0  0  0  0  0  0  0  0  0  0  0  1  0  1  0  0  1  0  1  0  0  0  0  1  1  1  0  1  1  2  1  1  1  1  1  1  1
 38 Good Ole Rock           16   3 28 10   0  0  0  0  0  0  0  0  0  0  0  0  0  0  0  0  0  0  1  0  0  0  0  1  0  1  0  0  1  1  0  1  1  1  0  2  1  1  0  1  2  2
 39 Beat Frequent Pick      15   4 30  7   0  0  0  0  0  0  0  0  0  0  0  0  0  0  0  0  0  0  0  0  0  0  0  1  0  1  0  0  1  1  0  0  1  0  0  2  1  2  1  1  2  2
 40 Rotate R-P-S            14   0 27 14   0  0  0  0  0  0  0  0  0  0  0  0  0  0  0  0  0  0  1  0  0  0  0  1  0  1  0  0  1  1  0  1  1  1  1  1  1  1  1  1  0  1
 41 * Anti-Flat             14   3 30  8   0  0  0  0  0  0  0  0  0  0  0  0  0  0  0  0  0  0  2  0  0  0  0  1  0  1  0  0  1  1  0  2  1  1  0  0  1  0  0  2  1  1
 42 R-P-S 20-20-60          13   0 28 13   0  0  0  0  0  0  0  0  0  0  0  0  0  0  0  0  1  0  1  0  0  0  0  1  0  1  0  0  1  1  0  1  1  1  0  1  1  0  0  1  1  1


   Yomi AI is match ranked 17

 Tournament results:
    Player Name          total 
  1 Yomi AI               4087 
 15 * Anti-rotn           5332 
 19 Iocaine Powder       11446 
 20 Phasenbott           10146 
 21 MegaHAL               9437 
 22 RussRocker4           7589 
 23 Biopic                8781 
 24 Simple Modeller       8811 
 25 Simple Predictor      7350 
 26 Robertot              7701 
 27 Boom                  6967 
 28 Shofar                6052 
 29 ACT-R Lag2            5747 
 30 Majikthise            4882 
 31 Vroomfondel           4958 
 32 Granite               6704 
 33 Marble                6323 
 34 ZQ Bot                6007 
 35 Sweet Rocky           7352 
 36 Piedra                6793 
 37 Mixed Strategy        4800 
 41 Bugbrain              5895 

   Yomi is tournament ranked 22

