 Playing 1 tournaments with 1000 trials per match...

 Yomi AI            vs Good Ole Rock       Match: 1000 (1000+   0-   0=)
 Yomi AI            vs R-P-S 20-20-60      Match:  323 (554+ 231- 215=)
 Yomi AI            vs Rotate R-P-S        Match:  994 (996+   2-   2=)
 Yomi AI            vs Beat The Last Move  Match:   28 (362+ 334- 304=)
 Yomi AI            vs Always Switchin'    Match:  175 (463+ 288- 249=)
 Yomi AI            vs Beat Frequent Pick  Match:  539 (709+ 170- 121=)
 Yomi AI            vs * Pi                Match:  -19 (328+ 347- 325=)
 Yomi AI            vs * Switch A Lot      Match:  105 (406+ 301- 293=)
 Yomi AI            vs * Flat              Match:  181 (460+ 279- 261=)
 Yomi AI            vs * Anti-Flat         Match:  999 (999+   0-   1=)
 Yomi AI            vs * Foxtrot           Match:  337 (555+ 218- 227=)
 Yomi AI            vs * De Bruijn         Match:  -78 (287+ 365- 348=)
 Yomi AI            vs * Text              Match:   80 (391+ 311- 298=)
 Yomi AI            vs * Anti-rotn         Match:   42 (363+ 321- 316=)
 Yomi AI            vs * Copy-drift        Match:   31 (357+ 326- 317=)
 Yomi AI            vs * Add-react         Match:   46 (372+ 326- 302=)
 Yomi AI            vs * Add-drift         Match:   42 (356+ 314- 330=)
 Yomi AI            vs Iocaine Powder      Match:   -8 (316+ 324- 360=)
 Yomi AI            vs Phasenbott          Match:  -51 (300+ 351- 349=)
 Yomi AI            vs MegaHAL             Match:   20 (351+ 331- 318=)
 Yomi AI            vs RussRocker4         Match:   24 (372+ 348- 280=)
 Yomi AI            vs Biopic              Match:    5 (376+ 371- 253=)
 Yomi AI            vs Simple Modeller     Match:    4 (351+ 347- 302=)
 Yomi AI            vs Simple Predictor    Match:   91 (394+ 303- 303=)
 Yomi AI            vs Robertot            Match:    0 (341+ 341- 318=)
 Yomi AI            vs Boom                Match:   18 (356+ 338- 306=)
 Yomi AI            vs Shofar              Match:    0 (350+ 350- 300=)
 Yomi AI            vs ACT-R Lag2          Match:   28 (351+ 323- 326=)
 Yomi AI            vs Majikthise          Match:   -7 (334+ 341- 325=)
 Yomi AI            vs Vroomfondel         Match:   10 (351+ 341- 308=)
 Yomi AI            vs Granite             Match:  104 (441+ 337- 222=)
 Yomi AI            vs Marble              Match:   38 (391+ 353- 256=)
 Yomi AI            vs ZQ Bot              Match:    0 (336+ 336- 328=)
 Yomi AI            vs Sweet Rocky         Match:   23 (368+ 345- 287=)
 Yomi AI            vs Piedra              Match:   50 (389+ 339- 272=)
 Yomi AI            vs Mixed Strategy      Match:   35 (379+ 344- 277=)
 Yomi AI            vs Multi-strategy      Match:  167 (460+ 293- 247=)
 Yomi AI            vs Inocencio           Match:    0 (335+ 335- 330=)
 Yomi AI            vs Peterbot            Match:   74 (373+ 299- 328=)
 Yomi AI            vs Bugbrain            Match:   24 (345+ 321- 334=)
 Yomi AI            vs Knucklehead         Match:  411 (610+ 199- 191=)
 Final results (draw value = 50):

 Tournament results: 

    Player Name          total     1    2    3    4    5    6    7    8    9   10   11   12   13   14   15   16   17   18   19   20   21   22   23   24   25   26   27   28   29   30   31   32   33   34   35   36   37   38   39   40   41   42
  1 Iocaine Powder       10547     0  -33   50   18   29  528   64  152   51  274   40   34   46   36    8  223   68  270   48    2   45  -11  276  208   15    4  119  210  339  202   91  250   48  577  884  177  325  924  991  985  994  986
  2 Phasenbott           10195    33    0   66   34   16  523   55  178   12  211   22   16    7   31   51  219   41  288   48   45   14   85  282  197   34   37  123    1  354   28   78  296  102  428  918  270  167  928  982  991  995  989
  3 MegaHAL               9460   -50  -66    0    2   -5   78   23   71    5  202   10    4  -12   30  -20  281   25  257   64    6  -17  177  189  221  -33  -33  208   28   69  130  142  261  227  366  879  431  386  948  986  995  999  996
  4 Biopic                8664   -18  -34   -2    0   40  -32   53   56   14  122   43   10   70  -16   -5  128   61   79   38    5   12   35  227  141  -46    2   29   67  403  184  142   24  171  481  727  345  389  744  994  992  998  991
  5 Simple Modeller       8662   -29  -16    5  -40    0    7   26  293   14  108   41  -58   42   62   -4   96    9  290   65    4  -23   94  195  606  -26  -15  230  207  -21   51  131   95  221  239  338  476  381  594  990  991  998  995
  6 RussRocker4           7750  -528 -523  -78   32   -7    0   49   94   36  160   71   24   59   -5  -24  118  -13  171   41   21   14   61  259  143  -41  -37  147  139  164  143   51  342  118  431  945  283  314  588  994  995  999 1000
  7 Robertot              7521   -64  -55  -23  -53  -26  -49    0    7   22   52   42   -6   54  -12    0   43  -20   46   41  -45  -31   11  186    6   -4   -7  -50  109    6   54  169   62  106  465  789  457  409  860  983  994  998  995
  8 Simple Predictor      7214  -152 -178  -71  -56 -293  -94   -7    0  -16  -47   37  -18   33   32  -91   15  -10  203   47  -37  -31   29  191   83  -73  -21  307  253   -1   98  149  118  215  291  910  408  430  592  986  990  995  998
  9 Boom                  6961   -51  -12   -5  -14  -14  -36  -22   16    0   83   47   39  -14   -5  -18   66  -40   34   16  -54   23   10   94   21  -29   33   35   80  -22   28   82  100  191  438  308  445  385  753  991  990  995  994
 10 Marble                6872  -274 -211 -202 -122 -108 -160  -52   47  -83    0   48  -34   49  -72  -38   12  -70   62   53   17   36   -6  305  645  -65  -46   17   50  104  172  177   98  138  284  829  287  419  591  991  991 1000  993
 11 Sweet Rocky           6470   -40  -22  -10  -43  -41  -71  -42  -37  -47  -48    0  -42   28  -33  -23  -57  -19  -69   40  -78  -40  -12   91  787  -33  -31   12   51  -35   76  171  320  126  230  209  209  420  594  996  993  995  995
 12 Shofar                6319   -34  -16   -4  -10   58  -24    6   18  -39   34   42    0   58  -29    0   64   28  100   41  -19  -34   11  120   25    8   21  -15   56   23   82   68   95  145  148  239  432  252  558  895  948  984  984
 13 Piedra                6258   -46   -7   12  -70  -42  -59  -54  -33   14  -49  -28  -58    0  -58  -50  -45  -39  -21   63  -29  -43   13  109  -46  -24  -57   83  -16   52  164  186  128  151  126  794  256  410  591  998  995  998  989
 14 Bugbrain              6027   -36  -31  -30   16  -62    5   12  -32    5   72   33   29   58    0  -24   94   -2  197   44  -52   14   59  103   71    8   32  137   55   -2  -22   25   79  138  127  308  290  158  381  938  920  946  966
 15 Yomi AI               5885    -8  -51   20    5    4   24    0   91   18   38   23    0   50   24    0  104   28    0   42   -7   10   35  167    0  -78  -19   42   31  337  181   80   46  105  411   74  175  323  539   28  994 1000  999
 16 Granite               5867  -223 -219 -281 -128  -96 -118  -43  -15  -66  -12   57  -64   45  -94 -104    0 -114   15   64  -33  -58   12  279   38  -65    1  -14   29   40  146  176  146  167  338  834  297  358  592  989  993  998 1000
 17 ACT-R Lag2            5754   -68  -41  -25  -61   -9   13   20   10   40   70   19  -28   39    2  -28  114    0   70   43  -18   74   33  202  115  -77  -33    2   33   14  145  105   12   93  530  226  277  283  569   13  995  996  985
 18 ZQ Bot                5568  -270 -288 -257  -79 -290 -171  -46 -203  -34  -62   69 -100   21 -197    0  -15  -70    0   45  -34  -63    2  281   -7   15   -4   34   65   36  131  171  330  127  275  970  231  389  590  995  990  996  995
 19 * Anti-rotn           5441   -48  -48  -64  -38  -65  -41  -41  -47  -16  -53  -40  -41  -63  -44  -42  -64  -43  -45    0  -38  -19   42  248  683  -36  -57  -12    3  -18  237   57   22  322   40   47  473  205  598  495  998  997  997
 20 Majikthise            5013    -2  -45   -6   -5   -4  -21   45   37   54  -17   78   19   29   52    7   33   18   34   38    0   33   20  101   91   -8    8    4  -13   16  110   31   10   89  266   28  287  168  434   16  993  992  993
 21 Vroomfondel           4742   -45  -14   17  -12   23  -14   31   31  -23  -36   40   34   43  -14  -10   58  -74   63   19  -33    0   90  158   84  -37   -6   11    2   20   87   43   46   73  244  -12  263  141  469   -3  995  995  995
 22 Mixed Strategy        4574    11  -85 -177  -35  -94  -61  -11  -29  -10    6   12  -11  -13  -59  -35  -12  -33   -2  -42  -20  -90    0   12  -50  -22  -42   -2   82  -11  -55  136   34  132  213  -25  206  410  443  961  968  994  980
 23 Multi-strategy        2238  -276 -282 -189 -227 -195 -259 -186 -191  -94 -305  -91 -120 -109 -103 -167 -279 -202 -281 -248 -101 -158  -12    0 -131  -50  -20  -27  223  -61  105  123   36  292  -18  -32  502  381  999  997  997  999  998
 24 Inocencio             1837  -208 -197 -221 -141 -606 -143   -6  -83  -21 -645 -787  -25   46  -71    0  -38 -115    7 -683  -91  -84   50  131    0  -26  -23   28  107  291  174  152   73  102  163   89  234  354  363  751  977  984  975
 25 * De Bruijn            794   -15  -34   33   46   26   41    4   73   29   65   33   -8   24   -8   78   65   77  -15   36    8   37   22   50   26    0   -1   13   -7   -2   -7   23   14   -8   52   17  -13  -24  128   -1   21    0 -104
 26 * Pi                   230    -4  -37   33   -2   15   37    7   21  -33   46   31  -21   57  -32   19   -1   33    4   57   -8    6   42   20   23    1    0   -9    0    2  -43  -81   34  -24   39    3  -33    5   30   22  -11  -11   -7
 27 * Add-drift          -1378  -119 -123 -208  -29 -230 -147   50 -307  -35  -17  -12   15  -83 -137  -42   14   -2  -34   12   -4  -11    2   27  -28  -13    9    0   15  -30   42   20   29    6   37  -14  -26   -6   21  -23  -19   11   11
 28 * Copy-drift         -1862  -210   -1  -28  -67 -207 -139 -109 -253  -80  -50  -51  -56   16  -55  -31  -29  -33  -65   -3   13   -2  -82 -223 -107    7    0  -15    0   21   15   13   64  -32  -74  -10  -12   11   -7    2   12  -34   29
 29 * Foxtrot            -2245  -339 -354  -69 -403   21 -164   -6    1   22 -104   35  -23  -52    2 -337  -40  -14  -36   18  -16  -20   11   61 -291    2   -2   30  -21    0  -23   32  -19   15  -54  -39   11  -37   -6  -16  -11   -6   -4
 30 * Flat               -2770  -202  -28 -130 -184  -51 -143  -54  -98  -28 -172  -76  -82 -164   22 -181 -146 -145 -131 -237 -110  -87   55 -105 -174    7   43  -42  -15   23    0  -10   -6   27  -11 -144   17  -23  244  212  -21   -1 -419
 31 * Text               -3070   -91  -78 -142 -142 -131  -51 -169 -149  -82 -177 -171  -68 -186  -25  -80 -176 -105 -171  -57  -31  -43 -136 -123 -152  -23   81  -20  -13  -32   10    0   -2   18   21   10  -11  -30 -185  -74  -11 -185  112
 32 * Add-react          -3246  -250 -296 -261  -24  -95 -342  -62 -118 -100  -98 -320  -95 -128  -79  -46 -146  -12 -330  -22  -10  -46  -34  -36  -73  -14  -34  -29  -64   19    6    2    0  -80  -40  -54  -45  -22   -6   68   45   -9   34
 33 * Switch A Lot       -3272   -48 -102 -227 -171 -221 -118 -106 -215 -191 -138 -126 -145 -151 -138 -105 -167  -93 -127 -322  -89  -73 -132 -292 -102    8   24   -6   32  -15  -27  -18   80    0    5 -120  -34   26   95  320    8  -30  -21
 34 Knucklehead          -3999  -577 -428 -366 -481 -239 -431 -465 -291 -438 -284 -230 -148 -126 -127 -411 -338 -530 -275  -40 -266 -244 -213   18 -163  -52  -39  -37   74   54   11  -21   40   -5    0  -37  -10   82  160  935  -39  978 1000
 35 Peterbot             -5839  -884 -918 -879 -727 -338 -945 -789 -910 -308 -829 -209 -239 -794 -308  -74 -834 -226 -970  -47  -28   12   25   32  -89  -17   -3   14   10   39  144  -10   54  120   37    0  227  424  434  981  998  998  987
 36 Always Switchin'     -7255  -177 -270 -431 -345 -476 -283 -457 -408 -445 -287 -209 -432 -256 -290 -175 -297 -277 -231 -473 -287 -263 -206 -502 -234   13   33   26   12  -11  -17   11   45   34   10 -227    0    8   -5  516  -12   17    3
 37 R-P-S 20-20-60       -9001  -325 -167 -386 -389 -381 -314 -409 -430 -385 -419 -420 -252 -410 -158 -323 -358 -283 -389 -205 -168 -141 -410 -381 -354   24   -5    6  -11   37   23   30   22  -26  -82 -424   -8    0 -369 -164   12 -453  244
 38 Beat Frequent Pick  -14381  -924 -928 -948 -744 -594 -588 -860 -592 -753 -591 -594 -558 -591 -381 -539 -592 -569 -590 -598 -434 -469 -443 -999 -363 -128  -30  -21    7    6 -244  185    6  -95 -160 -434    5  369    0 -600    0  999  996
 39 Beat The Last Move  -19137  -991 -982 -986 -994 -990 -994 -983 -986 -991 -991 -996 -895 -998 -938  -28 -989  -13 -995 -495  -16    3 -961 -997 -751    1  -22   23   -2   16 -212   74  -68 -320 -935 -981 -516  164  600    0    1 1000  997
 40 Rotate R-P-S        -25334  -985 -991 -995 -992 -991 -995 -994 -990 -990 -991 -993 -948 -995 -920 -994 -993 -995 -990 -998 -993 -995 -968 -997 -977  -21   11   19  -12   11   21   11  -45   -8   39 -998   12  -12    0   -1    0    0 -691
 41 Good Ole Rock       -26119  -994 -995 -999 -998 -998 -999 -998 -995 -995 -1000 -995 -984 -998 -946 -1000 -998 -996 -996 -997 -992 -995 -994 -999 -984    0   11  -11   34    6    1  185    9   30 -978 -998  -17  453 -999 -1000    0    0 1000
 42 * Anti-Flat         -27955  -986 -989 -996 -991 -995 -1000 -995 -998 -994 -993 -995 -984 -989 -966 -999 -1000 -985 -995 -997 -993 -995 -980 -998 -975  104    7  -11  -29    4  419 -112  -34   21 -1000 -987   -3 -244 -996 -997  691 -1000    0

 Match results (draw <= 50): 

    Player Name           total  W  L  D   1  2  3  4  5  6  7  8  9 10 11 12 13 14 15 16 17 18 19 20 21 22 23 24 25 26 27 28 29 30 31 32 33 34 35 36 37 38 39 40 41 42
  1 Iocaine Powder          66  25  0 16   1  1  1  1  1  2  1  1  2  2  2  1  1  1  1  1  2  2  1  1  2  1  2  2  1  2  2  2  2  2  2  2  2  1  2  2  2  2  2  2  2  2
  2 Phasenbott              66  25  0 16   1  1  2  1  1  2  1  1  2  1  1  1  2  1  1  1  2  2  1  1  2  2  2  2  1  2  2  2  2  1  2  2  1  2  2  2  2  2  2  2  2  2
  3 MegaHAL                 64  24  1 16   1  0  1  1  1  2  1  1  1  1  1  1  1  1  1  1  2  2  1  2  2  2  2  2  1  2  2  2  2  1  2  2  2  2  2  2  2  2  2  2  2  2
  4 Biopic                  64  23  0 18   1  1  1  1  1  1  1  1  2  1  2  1  1  1  1  2  2  2  1  1  2  1  2  2  1  1  2  2  2  2  2  1  2  2  2  2  2  2  2  2  2  2
  5 Simple Modeller         64  24  1 16   1  1  1  1  1  1  0  2  1  1  1  1  1  1  1  1  2  2  1  2  2  2  2  2  1  2  1  2  2  2  2  2  2  2  2  2  2  2  2  2  2  2
  6 RussRocker4             63  25  3 13   0  0  0  1  1  1  1  1  1  1  1  1  1  1  2  2  2  2  1  1  2  2  2  2  1  2  2  2  2  2  2  2  2  2  2  2  2  2  2  2  2  2
  7 Shofar                  60  19  0 22   1  1  1  1  2  1  1  1  1  1  1  1  1  1  1  2  1  1  1  1  2  1  2  1  1  1  1  2  2  2  2  2  2  2  2  2  2  2  2  2  2  2
  8 Bugbrain                59  20  2 19   1  1  1  1  0  1  1  1  1  1  1  0  1  1  1  2  1  2  1  1  2  2  2  2  1  2  1  2  2  2  2  2  1  2  2  1  2  2  2  2  2  2
  9 Robertot                55  17  3 21   0  0  1  0  1  1  1  1  1  1  1  1  1  1  1  2  1  2  1  1  1  1  1  1  1  1  1  2  2  2  2  2  2  2  2  2  2  2  2  2  2  2
 10 Boom                    55  16  2 23   0  1  1  1  1  1  1  1  1  1  1  0  1  1  1  1  1  2  1  1  1  1  2  1  1  1  1  2  2  2  2  2  1  2  2  2  2  2  2  2  2  2
 11 ACT-R Lag2              55  17  3 21   0  1  1  0  1  1  1  1  1  1  1  1  1  2  1  1  1  2  0  1  2  1  2  2  1  1  1  2  2  1  2  1  2  2  1  2  2  2  2  2  2  2
 12 Majikthise              55  14  0 27   1  1  1  1  1  1  1  2  1  2  1  1  1  1  2  1  1  1  1  1  1  1  1  2  1  1  1  1  2  1  2  1  2  2  1  1  2  2  2  2  2  2
 13 Yomi AI                 54  15  2 24   1  0  1  1  1  1  1  1  1  1  1  1  1  1  1  1  2  1  0  1  1  1  2  1  1  1  2  2  2  1  2  1  2  2  1  2  2  2  2  2  2  2
 14 Vroomfondel             54  14  1 26   1  1  1  1  1  1  1  1  1  1  0  1  1  1  1  1  1  1  1  1  2  2  2  2  1  1  1  1  2  1  2  1  2  2  1  1  2  2  2  2  2  2
 15 Sweet Rocky             53  16  4 21   1  1  1  1  1  0  1  1  1  1  1  0  1  1  1  1  1  1  1  1  0  1  0  2  1  1  1  2  2  2  2  2  2  2  2  2  2  2  2  2  2  2
 16 Piedra                  52  17  6 18   1  1  1  0  1  0  0  0  0  1  1  1  1  1  1  1  1  1  1  2  1  1  1  1  0  2  2  2  2  1  2  2  2  2  2  2  2  2  2  2  2  2
 17 Simple Predictor        51  18  8 15   0  0  0  0  0  0  1  1  1  1  1  1  0  1  1  1  1  1  0  1  2  1  1  2  1  2  1  2  2  2  2  2  2  2  2  2  2  2  2  2  2  2
 18 Marble                  48  18 11 12   0  0  0  0  0  0  1  0  0  0  0  1  1  1  1  1  1  1  0  2  2  1  1  2  1  1  2  2  2  1  2  2  2  2  2  2  2  2  2  2  2  2
 19 * De Bruijn             47   7  1 33   1  1  1  1  1  1  1  1  1  1  2  1  2  1  1  1  2  2  1  1  1  1  2  1  1  1  1  1  1  1  2  1  1  1  1  1  1  1  2  1  0  1
 20 * Anti-rotn             47  12  6 23   1  1  0  1  0  1  1  1  1  1  1  1  1  1  1  0  1  0  1  1  1  1  0  2  0  1  1  1  2  1  1  1  2  2  2  2  2  2  2  2  2  2
 21 ZQ Bot                  45  16 12 13   0  0  0  0  0  0  0  0  1  1  0  1  1  0  2  1  0  0  1  1  1  1  1  1  1  1  1  2  2  2  2  2  2  2  2  2  2  2  2  2  2  2
 22 Mixed Strategy          45  11  7 23   1  0  0  1  0  0  1  0  1  1  1  1  1  0  1  1  1  1  1  1  1  1  1  1  1  1  1  1  1  2  2  1  0  2  2  2  2  2  2  2  2  2
 23 Granite                 44  16 13 12   0  0  0  0  0  0  0  0  1  0  0  1  0  0  2  1  1  1  0  2  1  1  1  1  1  1  1  2  2  1  2  2  2  2  2  2  2  2  2  2  2  2
 24 Inocencio               43  16 14 11   0  0  0  0  0  0  1  0  1  1  0  0  1  0  0  1  0  0  1  0  1  1  1  1  1  1  2  2  2  2  2  2  2  2  2  2  2  2  2  2  2  2
 25 * Pi                    42   2  1 38   1  1  1  1  1  1  1  1  1  1  1  1  1  1  1  2  1  1  1  2  1  1  1  1  1  1  1  1  1  1  1  1  1  1  1  0  1  1  1  1  1  1
 26 * Add-drift             33   0  8 33   0  0  0  1  0  0  1  0  1  1  1  1  1  1  1  0  0  1  1  1  1  1  1  1  1  1  1  1  1  1  1  1  1  1  1  1  1  1  1  1  1  1
 27 * Foxtrot               32   1 10 30   0  0  0  0  1  0  1  1  1  1  1  1  0  1  1  0  1  0  1  1  1  1  1  0  1  1  1  1  2  1  0  1  1  1  1  1  1  1  1  1  1  1
 28 Peterbot                32  10 19 12   0  0  0  0  0  0  0  0  0  0  0  1  0  1  0  0  0  0  1  1  0  1  0  0  1  1  1  1  1  1  1  2  2  2  2  1  2  2  2  2  2  2
 29 Multi-strategy          29  11 23  7   0  0  0  0  0  0  0  0  0  0  0  0  0  0  0  0  0  0  1  0  0  1  0  0  1  1  0  1  1  2  1  1  2  2  2  2  2  2  2  2  2  2
 30 * Copy-drift            27   1 15 25   0  1  1  0  0  0  0  0  0  0  1  1  1  1  0  1  0  1  1  1  0  0  1  0  1  1  1  1  0  1  0  2  1  1  1  1  1  1  1  1  1  1
 31 Knucklehead             25   7 23 11   0  0  0  0  0  0  0  0  0  0  0  0  0  0  0  0  0  0  0  1  0  0  0  0  1  1  2  1  1  2  1  1  1  1  2  1  1  2  2  1  2  2
 32 * Add-react             23   1 19 21   0  0  0  1  0  0  0  0  0  0  1  1  1  1  0  0  0  0  1  1  0  1  0  0  1  1  1  0  1  0  1  1  1  0  2  1  1  1  1  1  1  1
 33 * Flat                  22   3 22 16   0  1  0  0  0  0  0  1  0  1  0  0  0  0  0  0  0  0  1  0  0  2  0  0  1  1  1  0  0  1  1  1  1  1  2  1  1  1  2  1  0  1
 34 * Switch A Lot          20   3 24 14   1  0  0  0  0  0  0  0  0  0  0  0  0  0  0  0  0  0  1  0  0  0  0  0  1  1  1  0  0  1  1  2  1  1  2  1  1  1  2  1  1  1
 35 Beat The Last Move      20   5 26 10   0  0  0  0  0  0  0  0  0  0  1  1  1  1  0  0  0  0  1  0  0  0  0  0  1  1  1  0  0  1  0  0  0  0  1  2  0  2  2  1  2  2
 36 * Text                  19   2 24 15   0  0  0  0  0  0  0  1  0  0  0  1  0  1  0  0  0  0  1  0  0  0  0  0  2  1  1  1  0  1  1  1  1  1  0  1  1  0  0  1  2  1
 37 Always Switchin'        17   1 25 15   0  0  0  0  0  0  0  0  0  0  0  0  0  0  0  0  0  0  1  0  0  0  0  0  1  1  1  0  0  1  1  1  1  1  2  1  1  1  1  1  1  1
 38 Good Ole Rock           16   3 28 10   0  0  0  0  0  0  0  0  0  0  0  0  0  0  0  0  0  0  1  0  0  0  0  0  1  1  1  0  0  1  0  1  1  1  0  2  1  1  0  1  2  2
 39 Beat Frequent Pick      15   4 30  7   0  0  0  0  0  0  0  0  0  0  0  0  0  0  0  0  0  0  0  0  0  0  0  0  1  1  1  0  0  1  0  1  0  0  0  2  1  2  1  1  2  2
 40 Rotate R-P-S            15   0 26 15   0  0  0  0  0  0  0  0  0  0  0  0  0  0  0  0  0  0  1  0  0  0  0  0  1  1  1  0  0  1  1  1  1  1  1  1  1  1  1  1  0  1
 41 * Anti-Flat             13   3 31  7   0  0  0  0  0  0  0  0  0  0  0  0  0  0  0  0  0  0  2  0  0  0  0  0  1  1  1  0  0  1  0  1  2  1  0  0  1  0  0  2  1  0
 42 R-P-S 20-20-60          13   1 29 11   0  0  0  0  0  0  0  0  0  0  0  0  0  0  0  0  0  0  1  0  0  0  0  0  1  1  1  0  0  1  0  1  1  1  0  1  1  0  0  1  2  1


   Yomi AI is match ranked 13

 Tournament results:
    Player Name          total 
  1 Yomi AI               5885 
 19 Iocaine Powder       10547 
 20 Phasenbott           10195 
 21 MegaHAL               9460 
 22 RussRocker4           7750 
 23 Biopic                8664 
 24 Simple Modeller       8662 
 25 Simple Predictor      7214 
 26 Robertot              7521 
 27 Boom                  6961 
 28 Shofar                6319 
 33 Marble                6872 
 35 Sweet Rocky           6470 
 36 Piedra                6258 
 41 Bugbrain              6027 

   Yomi is tournament ranked 15

