 Playing 1 tournaments with 1000 trials per match...

 Yomi AI            vs Good Ole Rock       Match: 1000 (1000+   0-   0=)
 Yomi AI            vs R-P-S 20-20-60      Match:   93 (409+ 316- 275=)
 Yomi AI            vs Rotate R-P-S        Match:  489 (741+ 252-   7=)
 Yomi AI            vs Beat The Last Move  Match:  -21 (321+ 342- 337=)
 Yomi AI            vs Always Switchin'    Match:   82 (418+ 336- 246=)
 Yomi AI            vs Beat Frequent Pick  Match:  366 (634+ 268-  98=)
 Yomi AI            vs * Pi                Match:   19 (350+ 331- 319=)
 Yomi AI            vs * Switch A Lot      Match:   61 (383+ 322- 295=)
 Yomi AI            vs * Flat              Match:   50 (372+ 322- 306=)
 Yomi AI            vs * Anti-Flat         Match:  999 (999+   0-   1=)
 Yomi AI            vs * Foxtrot           Match:  124 (435+ 311- 254=)
 Yomi AI            vs * De Bruijn         Match:  -32 (334+ 366- 300=)
 Yomi AI            vs * Text              Match:   29 (362+ 333- 305=)
 Yomi AI            vs * Anti-rotn         Match:   -2 (331+ 333- 336=)
 Yomi AI            vs * Copy-drift        Match:   25 (339+ 314- 347=)
 Yomi AI            vs * Add-react         Match:  -13 (331+ 344- 325=)
 Yomi AI            vs * Add-drift         Match:   16 (332+ 316- 352=)
 Yomi AI            vs Iocaine Powder      Match:  -42 (318+ 360- 322=)
 Yomi AI            vs Phasenbott          Match:  -23 (320+ 343- 337=)
 Yomi AI            vs MegaHAL             Match:   34 (371+ 337- 292=)
 Yomi AI            vs RussRocker4         Match:   60 (364+ 304- 332=)
 Yomi AI            vs Biopic              Match:  -25 (331+ 356- 313=)
 Yomi AI            vs Simple Modeller     Match:   36 (355+ 319- 326=)
 Yomi AI            vs Simple Predictor    Match:    8 (358+ 350- 292=)
 Yomi AI            vs Robertot            Match:    1 (360+ 359- 281=)
 Yomi AI            vs Boom                Match:    4 (329+ 325- 346=)
 Yomi AI            vs Shofar              Match:  -37 (335+ 372- 293=)
 Yomi AI            vs ACT-R Lag2          Match:  -15 (327+ 342- 331=)
 Yomi AI            vs Majikthise          Match:    9 (337+ 328- 335=)
 Yomi AI            vs Vroomfondel         Match:  -18 (327+ 345- 328=)
 Yomi AI            vs Granite             Match:   21 (376+ 355- 269=)
 Yomi AI            vs Marble              Match:   74 (425+ 351- 224=)
 Yomi AI            vs ZQ Bot              Match:   45 (409+ 364- 227=)
 Yomi AI            vs Sweet Rocky         Match:   -1 (361+ 362- 277=)
 Yomi AI            vs Piedra              Match:   57 (393+ 336- 271=)
 Yomi AI            vs Mixed Strategy      Match:   19 (348+ 329- 323=)
 Yomi AI            vs Multi-strategy      Match:  135 (433+ 298- 269=)
 Yomi AI            vs Inocencio           Match:   10 (368+ 358- 274=)
 Yomi AI            vs Peterbot            Match:  -16 (326+ 342- 332=)
 Yomi AI            vs Bugbrain            Match:    6 (340+ 334- 326=)
 Yomi AI            vs Knucklehead         Match:  174 (463+ 289- 248=)
 Final results (draw value = 50):

 Tournament results: 

    Player Name          total     1    2    3    4    5    6    7    8    9   10   11   12   13   14   15   16   17   18   19   20   21   22   23   24   25   26   27   28   29   30   31   32   33   34   35   36   37   38   39   40   41   42
  1 Iocaine Powder       10910     0  149   47   21   37  171   51  493   28   68  239  249  301  -19   -2   62   70   43   62   28   48   42  238   30  -28  221  158  151  353  116  181   -8  314  602  913  269  311  929  997  986  990  999
  2 Phasenbott            9932  -149    0   50   63   35  126   67  510   -4   65  222  194  260    4   68   68   37   36    3   58   42   23  250   53  -26  241   62  -16  406   73  124  102  370  394  882  221  125  938  984  990  996  985
  3 MegaHAL               9466   -47  -50    0    0    7   74   28  110   22   -6  240  237  235   14   13   65   46   16  -15   51  -22  -34  197  -32  -31  241  199   71   38  133  135  194  287  372  918  423  422  944  984  987 1000 1000
  4 Simple Modeller       8573   -21  -63    0    0   -1  204   17   -8   63   -2  124  112  324    6   59   45   21   89  -17  100   31  -36  186  -84  -25  489  213  214  -34  129   76  226  134  291  293  447  406  591  991  994  998  991
  5 Biopic                8425   -37  -35   -7    1    0   98  -10  -67   15   39   91  105  107  -21   60   47   72   59   28   73  -17   25  216  -81   -5  117   -6   11  406  162  132  156   98  537  786  325  366  592  997  994  999  997
  6 Simple Predictor      7971  -171 -126  -74 -204  -98    0  -46  -79   26  -41   42   43  154   -4   11   27   55   81  -50   41  -30   -8  220  -73  -21  639  239  294    0  154  109  210  139  282  846  429  399  587  986  990  993 1000
  7 Robertot              7592   -51  -67  -28  -17   10   46    0    6   18  -57  -20   70   84    4    3   74   61   27  -12   37   -5   -1  209  -44  -11   25   40   33    1  173   77  153   80  436  448  466  417  948  975  995  995  994
  8 RussRocker4           7538  -493 -510 -110    8   67   79   -6    0   30    3  129  117  160   24    2   48   50   50  -46   21   18  -60  221  -32   15  128   82  131  204   84  131  117  327  485  947  237  277  616  992  995 1000 1000
  9 Boom                  7140   -28    4  -22  -63  -15  -26  -18  -30    0  -28    3   70   36   -8  -64   55   48   29  -44   30  -32   -4  247  -20  -67   33   53   25   14  113   37  153  116  409  562  451  400  753  991  990  996  991
 10 ACT-R Lag2            7001   -68  -65    6    2  -39   41   57   -3   28    0  141  109  115  -24  -53    3   74   52   -2   -3    2   15  238  -65  -23  719  -14   -5   35   92  123  141   49  482  204  262  293  575  530  991  994  992
 11 Granite               6917  -239 -222 -240 -124  -91  -42   20 -129   -3 -141    0   -4   65  -56  -42   86   38    6  -68   57   -4  -21  306  -15  -31  643  -26  -37   55  177  247  138  138  303  925  248  415  594  996  995 1000 1000
 12 Marble                6345  -249 -194 -237 -112 -105  -43  -70 -117  -70 -109    4    0   15  -47  -68   95   52   29    6  -17  -10  -74  207  -44  -20  419   53   61   24  178  149  175   92  298  865  254  390  592  992  991  998  992
 13 ZQ Bot                6294  -301 -260 -235 -324 -107 -154  -84 -160  -36 -115  -65  -15    0  -61 -182   72   49   33  -40   24  -72  -45  221   10  -31  793   93   96   39  150  166  199  292  258  918  234  368  593  993  993  994  993
 14 Shofar                6080    19   -4  -14   -6   21    4   -4  -24    8   24   56   47   61    0  -56   36   23   32   -2   69  -29   37   83  -11  -16   33  -28   77  -12  155  105  149   80  116   -8  433  298  561  912  929  975  951
 15 Bugbrain              6045     2  -68  -13  -59  -60  -11   -3   -2   64   53   42   68  182   56    0   43   49   67   66   55   -7   -6   88   10   43   11   95   72  -22   41   27  105   94  149  144  245  210  397  959  918  980  961
 16 * Anti-rotn           5817   -62  -68  -65  -45  -47  -27  -74  -48  -55   -3  -86  -95  -72  -36  -43    0  -26  -56    3   -6   28    2  246  -51  -45  653  -18   11   -4   58  242  323  -17   49  495  505  157  598  500  998  998 1000
 17 Sweet Rocky           5813   -70  -37  -46  -21  -72  -55  -61  -50  -48  -74  -38  -52  -49  -23  -49   26    0   24  -26   50  -17    1   74   -9  -31  -26   86    6  -11  164  123   54  393  191  171  303  435  592  994  994 1000  997
 18 Piedra                5214   -43  -36  -16  -89  -59  -81  -27  -50  -29  -52   -6  -29  -33  -32  -67   56  -24    0  -67   16  -11  -57   37  -14  -18  -43   77  -40  -26  165  109  137   89  149  118  197  447  590  996  989  994  997
 19 Majikthise            4856   -62   -3   15   17  -28   50   12   46   44    2   68   -6   40    2  -66   -3   26   67    0   56   -9   -9  209  -10   22   10   36   24   17   19  117   87   18  235  -54  252  143  452   43  992  991  994
 20 Mixed Strategy        4840   -28  -58  -51 -100  -73  -41  -37  -21  -30    3  -57   17  -24  -69  -55    6  -50  -16  -56    0  -71  -19    8   -3  -30  -57    6   55    6  155   11  156   60  111  291   88  425  517  968  939  996  968
 21 Vroomfondel           4764   -48  -42   22  -31   17   30    5  -18   32   -2    4   10   72   29    7  -28   17   11    9   71    0   18  214  -25   11   49  -24   24   37   30   78   69   11  203   -3  285  176  466    0  994  991  993
 22 Yomi AI               3801   -42  -23   34   36  -25    8    1   60    4  -15   21   74   45  -37    6   -2   -1   57    9   19  -18    0  135  -32   19   10   16   25  124   29   50   61  -13  174  -16   82   93  366  -21  489 1000  999
 23 Multi-strategy        3190  -238 -250 -197 -186 -216 -220 -209 -221 -247 -238 -306 -207 -221  -83  -88 -246  -74  -37 -209   -8 -214 -135    0  -50  -20  -68  -30  302  -23  123  213  304    7   89  500  501  402  999  997  997  999  998
 24 * De Bruijn            632   -30  -53   32   84   81   73   44   32   20   65   15   44  -10   11  -10   51    9   14   10    3   25   32   50    0   -1   22   27    2   -6   23   15  -27   26  -14  -18    1  -41  128   -1   21    0 -117
 25 * Pi                   347    28   26   31   25    5   21   11  -15   67   23   31   20   31   16  -43   45   31   18  -22   30  -11  -19   20    1    0   22  -33  -11   -1  -81   45  -14   14    4   21  -37   30   30   22  -11  -11  -12
 26 Inocencio             -950  -221 -241 -241 -489 -117 -639  -25 -128  -33 -719 -643 -419 -793  -33  -11 -653   26   43  -10   57  -49  -10   68  -22  -22    0  -23  124  320  154  117   63   79  158  106  188  407  352 -589  972  972  974
 27 * Add-drift          -1489  -158  -62 -199 -213    6 -239  -40  -82  -53   14   26  -53  -93   28  -95   18  -86  -77  -36   -6   24  -16   30  -27   33   23    0  -16   15   -9   10   29  -90  -38   -6  -27    7   -3  -30   28  -10  -16
 28 * Copy-drift         -1557  -151   16  -71 -214  -11 -294  -33 -131  -25    5   37  -61  -96  -77  -72  -11   -6   40  -24  -55  -24  -25 -302   -2   11 -124   16    0  -50    7   71   25   48  -50  -21   14    8  -20   38   14    3   40
 29 * Foxtrot            -2058  -353 -406  -38   34 -406    0   -1 -204  -14  -35  -55  -24  -39   12   22    4   11   26  -17   -6  -37 -124   23    6    1 -320  -15   50    0  -21   18  -25   -3  -37   -5   39  -37    4  -21  -45  -10  -10
 30 * Text               -3058  -116  -73 -133 -129 -162 -154 -173  -84 -113  -92 -177 -178 -150 -155  -41  -58 -164 -165  -19 -155  -30  -29 -123  -23   81 -154    9   -7   21    0   11   -5   -4  -14   44    6   -8 -185  -74  -11 -185  113
 31 * Flat               -3122  -181 -124 -135  -76 -132 -109  -77 -131  -37 -123 -247 -149 -166 -105  -27 -242 -123 -109 -117  -11  -78  -50 -213  -15  -45 -117  -10  -71  -18  -11    0   17   20   20 -198   -4   36  227  235  -11    0 -415
 32 * Switch A Lot       -3152     8 -102 -194 -226 -156 -210 -153 -117 -153 -141 -138 -175 -199 -149 -105 -323  -54 -137  -87 -156  -69  -61 -304   27   14  -63  -29  -25   25    5  -17    0   21   -1 -127  -27   90   29  348   15  -23  -13
 33 * Add-react          -3195  -314 -370 -287 -134  -98 -139  -80 -327 -116  -49 -138  -92 -292  -80  -94   17 -393  -89  -18  -60  -11   13   -7  -26  -14  -79   90  -48    3    4  -20  -21    0  -48  -40  -21    4   16   63    0   13   87
 34 Knucklehead          -4218  -602 -394 -372 -291 -537 -282 -436 -485 -409 -482 -303 -298 -258 -116 -149  -49 -191 -149 -235 -111 -203 -174  -89   14   -4 -158   38   50   37   14  -20    1   48    0  -56  -13   61  128  330   19  974  934
 35 Peterbot             -5852  -913 -882 -918 -293 -786 -846 -448 -947 -562 -204 -925 -865 -918    8 -144 -495 -171 -118   54 -291    3   16 -500   18  -21 -106    6   21    5  -44  198  127   40   56    0  222  366  427  982  998  998 1000
 36 Always Switchin'     -6891  -269 -221 -423 -447 -325 -429 -466 -237 -451 -262 -248 -254 -234 -433 -245 -505 -303 -197 -252  -88 -285  -82 -501   -1   37 -188   27  -14  -39   -6    4   27   21   13 -222    0   24    3  536   27    7   10
 37 R-P-S 20-20-60       -8910  -311 -125 -422 -406 -366 -399 -417 -277 -400 -293 -415 -390 -368 -298 -210 -157 -435 -447 -143 -425 -176  -93 -402   41  -30 -407   -7   -8   37    8  -36  -90   -4  -61 -366  -24    0 -404 -157  -11 -420  404
 38 Beat Frequent Pick  -14127  -929 -938 -944 -591 -592 -587 -948 -616 -753 -575 -594 -592 -593 -561 -397 -598 -592 -590 -452 -517 -466 -366 -999 -128  -30 -352    3   20   -4  185 -227  -29  -16 -128 -427   -3  404    0 -600    0  999  996
 39 Beat The Last Move  -17841  -997 -984 -984 -991 -997 -986 -975 -992 -991 -530 -996 -992 -993 -912 -959 -500 -994 -996  -43 -968    0   21 -997    1  -22  589   30  -38   21   74 -235 -348  -63 -330 -982 -536  157  600    0    1 1000  996
 40 Rotate R-P-S        -24786  -986 -990 -987 -994 -994 -990 -995 -995 -990 -991 -995 -991 -993 -929 -918 -998 -994 -989 -992 -939 -994 -489 -997  -21   11 -972  -28  -14   45   11   11  -15    0  -19 -998  -27   11    0   -1    0    0 -650
 41 Good Ole Rock       -26184  -990 -996 -1000 -998 -999 -993 -995 -1000 -996 -994 -1000 -998 -994 -975 -980 -998 -1000 -994 -991 -996 -991 -1000 -999    0   11 -972   10   -3   10  185    0   23  -13 -974 -998   -7  420 -999 -1000    0    0 1000
 42 * Anti-Flat         -28113  -999 -985 -1000 -991 -997 -1000 -994 -1000 -991 -992 -1000 -992 -993 -951 -961 -1000 -997 -997 -994 -968 -993 -999 -998  117   12 -974   16  -40   10 -113  415   13  -87 -934 -1000  -10 -404 -996 -996  650 -1000    0

 Match results (draw <= 50): 

    Player Name           total  W  L  D   1  2  3  4  5  6  7  8  9 10 11 12 13 14 15 16 17 18 19 20 21 22 23 24 25 26 27 28 29 30 31 32 33 34 35 36 37 38 39 40 41 42
  1 Iocaine Powder          69  28  0 13   1  2  1  1  1  2  1  1  2  2  1  2  1  1  2  2  2  2  1  2  1  2  1  2  1  2  2  2  2  2  2  2  2  2  2  1  2  2  2  2  2  2
  2 Phasenbott              69  29  1 11   0  1  1  2  1  2  2  1  2  2  1  2  1  1  1  2  1  2  1  2  2  2  2  2  1  2  2  2  1  2  2  2  2  2  2  2  2  2  2  2  2  2
  3 MegaHAL                 65  24  0 17   1  1  1  1  1  2  1  1  1  1  1  2  1  1  1  2  1  2  1  2  1  2  2  2  1  1  2  2  2  2  2  2  2  2  2  2  2  2  2  2  2  2
  4 Simple Modeller         64  25  2 14   1  0  1  1  1  1  2  1  1  1  1  2  2  1  1  2  1  2  2  2  0  1  2  2  1  1  2  2  2  2  2  2  2  2  2  2  2  2  2  2  2  2
  5 Biopic                  63  24  2 15   1  1  1  1  1  0  2  1  1  1  1  2  1  1  1  2  2  2  2  2  0  1  2  2  1  2  2  2  1  1  2  2  2  2  2  2  2  2  2  2  2  2
  6 RussRocker4             60  23  4 14   0  0  0  1  2  1  1  1  1  1  0  2  1  1  1  2  1  2  1  2  1  1  1  2  1  2  2  2  2  2  2  2  2  2  2  2  2  2  2  2  2  2
  7 Bugbrain                60  22  3 16   1  0  1  0  0  1  1  2  2  1  1  1  2  1  2  1  1  2  2  2  1  1  2  1  1  1  2  2  2  2  2  2  2  1  1  2  2  2  2  2  2  2
  8 Shofar                  57  17  1 23   1  1  1  1  1  1  0  1  1  1  1  1  1  1  1  2  1  1  1  2  1  1  2  1  1  1  2  1  2  1  2  2  2  2  2  2  2  2  2  2  2  2
  9 ACT-R Lag2              57  20  4 17   0  0  1  1  1  1  0  1  1  2  1  1  1  1  1  2  2  2  2  2  0  1  1  2  1  1  2  2  1  1  1  2  2  2  2  2  2  2  2  2  2  2
 10 Robertot                56  18  3 20   0  0  1  1  1  1  1  1  0  1  1  1  1  1  1  1  2  2  1  2  1  2  1  1  1  1  2  2  1  1  2  2  2  2  2  2  2  2  2  2  2  2
 11 Yomi AI                 54  13  0 28   1  1  1  1  1  2  1  1  1  1  1  1  1  1  1  1  1  2  2  1  1  1  1  1  1  2  2  1  1  1  1  2  1  1  1  2  2  2  2  2  2  2
 12 Simple Predictor        54  20  7 14   0  0  0  0  0  0  1  1  1  1  1  1  1  1  1  1  2  1  2  2  0  1  1  2  1  1  2  2  2  2  2  2  2  2  2  2  2  2  2  2  2  2
 13 Boom                    54  16  3 22   1  1  1  0  1  1  0  1  1  1  1  1  1  1  1  1  1  2  1  1  1  2  1  1  0  1  2  2  1  2  2  2  2  2  1  2  2  2  2  2  2  2
 14 Vroomfondel             53  12  0 29   1  1  1  1  1  1  1  1  1  1  1  1  1  1  1  1  1  1  1  2  1  1  2  1  1  1  2  1  1  1  1  2  1  1  2  2  2  2  2  2  2  2
 15 Majikthise              51  13  3 25   0  1  1  1  1  1  0  1  1  1  1  1  1  1  1  2  1  1  2  1  1  1  2  1  1  1  2  0  1  1  1  2  1  1  2  2  2  2  2  2  2  2
 16 Granite                 51  19  9 13   0  0  0  0  0  0  1  0  0  1  1  1  1  1  0  1  1  1  1  2  1  2  2  2  1  2  2  2  1  1  2  2  2  2  2  2  2  2  2  2  2  2
 17 Sweet Rocky             50  15  6 20   0  1  1  1  0  1  1  1  0  0  1  0  1  1  1  1  1  0  1  1  1  1  1  1  1  1  2  2  1  2  2  2  2  2  2  2  2  2  2  2  2  2
 18 Marble                  49  19 11 11   0  0  0  0  0  0  0  1  0  0  0  1  0  1  1  1  2  1  1  1  1  2  1  2  1  1  2  2  2  2  2  2  2  2  2  2  2  2  2  2  2  2
 19 Piedra                  49  15  7 19   1  1  1  0  0  1  0  1  0  1  0  0  1  1  0  1  1  1  1  1  1  2  1  1  1  1  1  2  1  2  2  2  2  2  2  2  2  2  2  2  2  2
 20 ZQ Bot                  46  18 13 10   0  0  0  0  0  0  0  0  0  0  1  0  1  0  1  0  1  1  1  1  1  2  1  2  1  1  2  2  2  2  2  2  2  2  2  2  2  2  2  2  2  2
 21 * De Bruijn             45   6  2 33   1  0  1  2  2  1  1  1  2  1  1  2  1  1  1  1  1  1  1  1  1  2  1  1  1  1  1  1  1  1  1  1  1  1  1  1  1  1  2  1  1  0
 22 * Anti-rotn             44  13 10 18   0  0  0  1  1  1  1  1  1  0  1  1  0  1  1  0  1  0  0  0  0  1  1  2  1  1  2  2  1  1  1  1  2  2  2  2  2  2  2  2  2  2
 23 Mixed Strategy          44  13 10 18   1  0  0  0  0  1  0  0  1  1  1  1  1  0  0  0  1  1  1  1  1  1  1  0  1  1  1  2  2  1  2  2  2  2  1  2  2  2  2  2  2  2
 24 Inocencio               44  16 13 12   0  0  0  0  0  0  1  1  0  1  1  0  1  1  1  0  1  0  1  0  1  0  2  1  1  2  2  2  2  1  2  2  0  2  2  2  2  2  2  2  2  2
 25 * Pi                    41   1  1 39   1  1  1  1  1  1  1  1  1  1  1  1  2  1  1  1  1  1  1  1  1  1  1  1  1  1  1  1  1  1  1  1  1  0  1  1  1  1  1  1  1  1
 26 * Foxtrot               34   0  7 34   0  0  1  1  0  0  1  1  1  1  0  1  1  1  1  0  1  1  1  1  1  1  1  0  1  1  1  1  1  1  1  1  1  1  1  1  1  1  1  1  1  1
 27 Multi-strategy          33  13 21  7   0  0  0  0  0  0  0  0  0  0  0  0  0  0  0  0  0  0  1  0  1  0  1  0  1  1  1  2  2  1  1  2  2  2  2  2  2  2  2  2  2  2
 28 Peterbot                32  11 20 10   0  0  0  0  0  0  0  1  0  0  1  0  0  1  2  0  0  0  0  0  1  0  0  0  1  1  0  1  1  1  1  2  2  1  2  2  2  2  2  2  2  2
 29 * Copy-drift            30   1 12 28   0  1  0  0  1  0  0  0  1  1  1  0  1  1  1  1  1  0  1  0  1  1  0  0  1  1  0  1  1  1  1  1  1  1  2  1  1  1  1  1  1  1
 30 * Add-drift             28   0 13 28   0  0  0  0  1  0  0  1  1  1  1  0  0  1  1  1  0  0  0  0  1  1  1  1  1  1  1  1  1  1  0  1  1  1  1  1  1  1  1  1  1  1
 31 * Add-react             26   3 18 20   0  0  0  0  0  0  0  0  1  0  1  0  0  1  1  0  0  0  0  0  1  1  0  0  1  1  1  1  1  2  1  1  2  1  1  1  1  1  1  1  1  2
 32 Knucklehead             22   5 24 12   0  0  0  0  0  0  0  0  0  0  0  0  0  0  0  0  0  0  0  0  1  1  0  0  1  1  0  0  1  1  1  1  2  1  1  1  1  2  2  1  2  2
 33 Beat The Last Move      21   6 26  9   0  0  0  0  0  0  0  0  0  0  1  0  0  1  1  0  0  0  0  0  1  0  0  2  1  1  0  0  1  1  0  0  1  2  0  0  0  2  2  1  2  2
 34 * Text                  20   2 23 16   0  0  0  0  0  0  1  0  0  0  1  0  0  1  1  0  0  0  0  0  1  0  0  0  2  1  0  1  1  1  1  1  0  1  1  1  1  0  0  1  1  2
 35 * Flat                  20   2 23 16   0  0  0  0  0  0  1  0  0  0  1  0  1  0  0  0  0  0  0  0  1  0  1  0  1  1  0  0  0  1  1  1  2  1  1  1  1  1  2  1  1  0
 36 * Switch A Lot          19   2 24 15   1  0  0  0  0  0  0  0  0  0  0  0  0  0  0  0  0  0  0  0  1  0  0  0  1  1  0  0  1  1  1  1  2  1  1  1  1  1  1  1  2  1
 37 Always Switchin'        17   1 25 15   0  0  0  0  0  0  0  0  0  0  0  0  0  0  0  0  0  0  0  0  1  0  0  0  1  1  0  0  1  1  1  1  2  1  1  1  1  1  1  1  1  1
 38 Good Ole Rock           16   3 28 10   0  0  0  0  0  0  0  0  0  0  0  0  0  0  0  0  0  0  0  0  1  0  0  0  1  1  0  0  1  1  1  0  0  2  1  1  1  1  0  1  2  2
 39 Beat Frequent Pick      16   4 29  8   0  0  0  0  0  0  0  0  0  0  0  0  0  0  0  0  0  0  0  0  0  0  0  0  1  1  0  0  1  1  1  0  0  2  0  1  1  2  1  1  2  2
 40 Rotate R-P-S            15   0 26 15   0  0  0  0  0  0  0  0  0  0  0  0  0  0  0  0  0  0  0  0  1  0  0  0  1  1  0  0  1  1  1  1  1  1  1  1  1  1  1  1  1  0
 41 R-P-S 20-20-60          12   1 30 10   0  0  0  0  0  0  0  0  0  0  0  0  0  0  0  0  0  0  0  0  1  0  0  0  1  1  0  0  1  1  1  0  0  1  1  0  1  0  0  1  1  2
 42 * Anti-Flat             12   3 32  6   0  0  0  0  0  0  0  0  0  0  0  0  0  0  0  0  0  0  0  0  2  0  0  0  1  1  0  0  1  1  0  0  0  0  2  1  1  0  0  2  0  1


   Yomi AI is match ranked 11

 Tournament results:
    Player Name          total 
  1 Yomi AI               3801 
 15 * Anti-rotn           5817 
 19 Iocaine Powder       10910 
 20 Phasenbott            9932 
 21 MegaHAL               9466 
 22 RussRocker4           7538 
 23 Biopic                8425 
 24 Simple Modeller       8573 
 25 Simple Predictor      7971 
 26 Robertot              7592 
 27 Boom                  7140 
 28 Shofar                6080 
 29 ACT-R Lag2            7001 
 30 Majikthise            4856 
 31 Vroomfondel           4764 
 32 Granite               6917 
 33 Marble                6345 
 34 ZQ Bot                6294 
 35 Sweet Rocky           5813 
 36 Piedra                5214 
 37 Mixed Strategy        4840 
 41 Bugbrain              6045 

   Yomi is tournament ranked 22

