 Playing 1 tournaments with 1000 trials per match...

 Yomi AI            vs Good Ole Rock       Match: 1000 (1000+   0-   0=)
 Yomi AI            vs R-P-S 20-20-60      Match:  141 (434+ 293- 273=)
 Yomi AI            vs Rotate R-P-S        Match:  465 (723+ 258-  19=)
 Yomi AI            vs Beat The Last Move  Match:  -43 (298+ 341- 361=)
 Yomi AI            vs Always Switchin'    Match:   49 (382+ 333- 285=)
 Yomi AI            vs Beat Frequent Pick  Match:  359 (617+ 258- 125=)
 Yomi AI            vs * Pi                Match:  -23 (320+ 343- 337=)
 Yomi AI            vs * Switch A Lot      Match:  -17 (327+ 344- 329=)
 Yomi AI            vs * Flat              Match:   53 (384+ 331- 285=)
 Yomi AI            vs * Anti-Flat         Match:  458 (706+ 248-  46=)
 Yomi AI            vs * Foxtrot           Match:  145 (446+ 301- 253=)
 Yomi AI            vs * De Bruijn         Match:  -37 (311+ 348- 341=)
 Yomi AI            vs * Text              Match:   13 (358+ 345- 297=)
 Yomi AI            vs * Anti-rotn         Match:  -43 (322+ 365- 313=)
 Yomi AI            vs * Copy-drift        Match:   -6 (338+ 344- 318=)
 Yomi AI            vs * Add-react         Match:  -15 (337+ 352- 311=)
 Yomi AI            vs * Add-drift         Match:   28 (348+ 320- 332=)
 Yomi AI            vs Iocaine Powder      Match:  -32 (309+ 341- 350=)
 Yomi AI            vs Phasenbott          Match:  -41 (325+ 366- 309=)
 Yomi AI            vs MegaHAL             Match:   26 (357+ 331- 312=)
 Yomi AI            vs RussRocker4         Match:  -13 (364+ 377- 259=)
 Yomi AI            vs Biopic              Match:   26 (354+ 328- 318=)
 Yomi AI            vs Simple Modeller     Match:    4 (345+ 341- 314=)
 Yomi AI            vs Simple Predictor    Match:   -1 (349+ 350- 301=)
 Yomi AI            vs Robertot            Match:   57 (378+ 321- 301=)
 Yomi AI            vs Boom                Match:   -5 (330+ 335- 335=)
 Yomi AI            vs Shofar              Match:   27 (364+ 337- 299=)
 Yomi AI            vs ACT-R Lag2          Match:  -38 (321+ 359- 320=)
 Yomi AI            vs Majikthise          Match:  -13 (323+ 336- 341=)
 Yomi AI            vs Vroomfondel         Match:   13 (341+ 328- 331=)
 Yomi AI            vs Granite             Match:  118 (446+ 328- 226=)
 Yomi AI            vs Marble              Match:   85 (420+ 335- 245=)
 Yomi AI            vs ZQ Bot              Match:   41 (388+ 347- 265=)
 Yomi AI            vs Sweet Rocky         Match:   21 (379+ 358- 263=)
 Yomi AI            vs Piedra              Match:   34 (377+ 343- 280=)
 Yomi AI            vs Mixed Strategy      Match:   31 (368+ 337- 295=)
 Yomi AI            vs Multi-strategy      Match:   81 (410+ 329- 261=)
 Yomi AI            vs Inocencio           Match:   44 (367+ 323- 310=)
 Yomi AI            vs Peterbot            Match:   96 (377+ 281- 342=)
 Yomi AI            vs Bugbrain            Match:    5 (349+ 344- 307=)
 Yomi AI            vs Knucklehead         Match:  183 (488+ 305- 207=)
Error: return value out of range.
Error: return value out of range.
Error: return value out of range.
Error: return value out of range.
Error: return value out of range.
Error: return value out of range.
 Final results (draw value = 50):

 Tournament results: 

    Player Name          total     1    2    3    4    5    6    7    8    9   10   11   12   13   14   15   16   17   18   19   20   21   22   23   24   25   26   27   28   29   30   31   32   33   34   35   36   37   38   39   40   41   42
  1 Iocaine Powder       10876     0   52   75   65   18   73  523    5   25  193  233  237   40   94    8   15  328   48   11    9   25   32  294  176    8  -13  136  340  237  187  574   78   91  289  212  903  356  944  988  988  991  988
  2 Phasenbott           10121   -52    0   70    6   31   36  529    9   72  175  208  208   41  -11    3  -20  280   48  133   54   55   41  187  180   47    5  177  339  104   55  316   80   78  386  271  953  120  951  980  993  992  991
  3 MegaHAL               9259   -75  -70    0    6  -31   67   76  -21  -31   61  236  256  -13   68  -10  -31  283   64   99  -74   15  -26  204  152  -18  -17  183   91  119  107  384  202  142  296  417  858  391  929  990  987  999  994
  4 Biopic                8772   -65   -6   -6    0   31   33   -8   61   47   73  107  139   42   38  -23  -20   64   38   42    7   26  -26  258  206   12   20    3  430   48  172  517  113  142   63  333  726  373  805  994  992  996  975
  5 Simple Modeller       8242   -18  -31   31  -31    0  -31   15   34  -24  289  119   90   72   29   -1   68  301   65  154  -27  -10   -4  181   76   -2    2  211  -66  218  138  195  231  131  109  431  326  402  593  993  990  998  995
  6 Robertot              8013   -73  -36  -67  -33   31    0   -5   56    2   74   30   52   31   31   54  -87   95   41   36   -1  -36  -57  276  143  -14  -19  -15   35   62   57  399   42  169  106  472  951  417  822  988  997  996  991
  7 RussRocker4           7729  -523 -529  -76    8  -15    5    0    9   -6   67  130  122    9   43   68  -23  132   41   48    9  -38   13  267  112  -47   -2  168  135  174  124  431   98   51  354  261  917  307  898  994  994  999 1000
  8 Boom                  7500    -5   -9   21  -61  -34  -56   -9    0  -25   40   41   56   11   33   32  -34   41   16   80  -34  -21    5  300   38    3   38    2   13   85  -14  394  153   82  105  377  711  394  753  991  990  997 1000
  9 ACT-R Lag2            7324   -25  -72   31  -47   24   -2    6   25    0   88  179  126   54    5   -9   21  106    6   96   24   25   38  206  740  -72  -52   -4  -69   13  134  487  153  105   22  230  208  298  574  665  992  997  998
 10 Simple Predictor      7055  -193 -175  -61  -73 -289  -74  -67  -40  -88    0   56    0   75   -5  -20   18  137   47   45  -43  -11    1  179  653  -73   19  280   -7  291   92  242  202  149  108  397  317  410  588  985  990  995  998
 11 Marble                6733  -233 -208 -236 -107 -119  -30 -130  -41 -179  -56    0  -17   59   28  -38  -32   41   67   17  -46  -26  -85  259  646   33   -9   17   77   57  128  336  173  177  151  199  901  390  594  989  993  998  995
 12 Granite               6584  -237 -208 -256 -139  -90  -52 -122  -56 -126    0   17    0    5   51  -48  -50  -23   39  -15  -39  -13 -118  280  651  -33  -11   13   71   81  115  275  182  176  138  269  892  392  594  994  995  998  992
 13 Sweet Rocky           6441   -40  -41   13  -42  -72  -31   -9  -11  -54  -75  -59   -5    0   27  -65  -71  -31   65   -7  -63  -22  -21   91  466   -2   20   40  -61   61  154  181  119  171  370  232  245  403  592  994  988  997  994
 14 Piedra                6429   -94   11  -68  -38  -29  -31  -43  -33   -5    5  -28  -51  -27    0  -33  -23    3  -51   -5  -18  -48  -34  142  -60  -39  -48  -14   21   60  112  147  122  186  311  188  942  429  596  993  993  994  994
 15 Shofar                6201    -8   -3   10   23    1  -54  -68  -32    9   20   38   48   65   33    0  -12  107   34   14   -9   10  -27  150   46  -20   13  -28    3  144  131  160  132   98   39  405  156  255  559  868  943  978  970
 16 Bugbrain              5857   -15   20   31   20  -68   87   23   34  -21  -18   32   50   71   23   12    0  196   32   48  -17  -15   -5   99    4    2  -26   89  -54   -6   19  143  118   25   97  171  275  145  380  969  943  970  974
 17 ZQ Bot                5498  -328 -280 -283  -64 -301  -95 -132  -41 -106 -137  -41   23   31   -3 -107 -196    0   48  -27  -23  -27  -41  239  128  -28  -68   60   41    1  156  244  108  171  297  304  994  420  595  989  991  996  990
 18 * Anti-rotn           5309   -48  -48  -64  -38  -65  -41  -41  -16   -6  -47  -67  -39  -65   51  -34  -32  -48    0    1   28   -8   43  259  344  -51  -42  -12  -40    3  182   84  284   59   22  511   36  165  597  500  998  998  996
 19 Mixed Strategy        4748   -11 -133  -99  -42 -154  -36  -48  -80  -96  -45  -17   15    7    5  -14  -48   27   -1    0   25  -13  -31   46  -30  -21  -50  -32  -27   62   39  139   94  136   51  107  164  425  520  976  947  996  995
 20 Majikthise            4722    -9  -54   74   -7   27    1   -9   34  -24   43   46   39   63   18    9   17   23  -28  -25    0   -1   13  203   62  -16   39   33    2   -4   69  154   94   31  -29  228   25  153  424   19  994  995  996
 21 Vroomfondel           4717   -25  -55  -15  -26   10   36   38   21  -25   11   26   13   22   48  -10   15   27    8   13    1    0  -13  206  106  -22  -40    3   30    2   58  212   74   43   45  258   19  154  471    7  988  991  992
 22 Yomi AI               3276   -32  -41   26   26    4   57  -13   -5  -38   -1   85  118   21   34   27    5   41  -43   31  -13   13    0   81   44  -37  -23   28  145   -6   53  183  -17   13  -15   49   96  141  359  -43  465 1000  458
 23 Multi-strategy        2652  -294 -187 -204 -258 -181 -276 -267 -300 -206 -179 -259 -280  -91 -142 -150  -99 -239 -259  -46 -203 -206  -81    0  -88  -50  -20  -47   -7  261  182    5  229  123   51  508  500  421  999  997  997  999  999
 24 Inocencio             1216  -176 -180 -152 -206  -76 -143 -112  -38 -740 -653 -646 -651 -466   60  -46   -4 -128 -344   30  -62 -106  -44   88    0  -24  -33   65  324   88  107  186    5  152   90  262  140  389  355  969  977  975  984
 25 * De Bruijn            499    -8  -47   18  -12    2   14   47   -3   72   73  -33   33    2   39   20   -2   28   51   21   16   22   37   50   24    0   -1  -13  -26  -18    8   52   10   23   -4    5   -3  -41  128   -1   21    0 -105
 26 * Pi                   267    13   -5   17  -20   -2   19    2  -38   52  -19    9   11  -20   48  -13   26   68   42   50  -39   40   23   20   33    1    0  -14   10   -2   33  -23   37  -81   -8   -7   11  -26   30   22  -11  -11  -11
 27 * Add-drift          -1353  -136 -177 -183   -3 -211   15 -168   -2    4 -280  -17  -13  -40   14   28  -89  -60   12   32  -33   -3  -28   47  -65   13   14    0  -33   23  -16   28   -7   20   25   -3  -10  -22  -13   36   -1  -19  -32
 28 * Foxtrot            -1822  -340 -339  -91 -430   66  -35 -135  -13   69    7  -77  -71   61  -21   -3   54  -41   40   27   -2  -30 -145    7 -324   26  -10   33    0   31   -7  -27    2   10  -41   -2  -31  -17    6  -26   32  -30   -5
 29 * Copy-drift         -2166  -237 -104 -119  -48 -218  -62 -174  -85  -13 -291  -57  -81  -61  -60 -144    6   -1   -3  -62    4   -2    6 -261  -88   18    2  -23  -31    0  -19  -70   23   11   58    9    0   14   13  -35   53  -27   -7
 30 * Flat               -2637  -187  -55 -107 -172 -138  -57 -124   14 -134  -92 -128 -115 -154 -112 -131  -19 -156 -182  -39  -69  -58  -53 -182 -107   -8  -33   16    7   19    0    5   33  -34  -23   22 -158   13  236  245    1    0 -421
 31 Knucklehead          -2864  -574 -316 -384 -517 -195 -399 -431 -394 -487 -242 -336 -275 -181 -147 -160 -143 -244  -84 -139 -154 -212 -183   -5 -186  -52   23  -28   27   70   -5    0  -11  -21    8  -46  -61   62  113  956  560  963  966
 32 * Switch A Lot       -2915   -78  -80 -202 -113 -231  -42  -98 -153 -153 -202 -173 -182 -119 -122 -132 -118 -108 -284  -94  -94  -74   17 -229   -5  -10  -37    7   -2  -23  -33   11    0  -17   29   24 -173  -15   13  356    5   18    1
 33 * Text               -2983   -91  -78 -142 -142 -131 -169  -51  -82 -105 -149 -177 -176 -171 -186  -98  -25 -171  -59 -136  -31  -43  -13 -123 -152  -23   81  -20  -10  -11   34   21   17    0   -2  -47   10   11 -185  -74  -11 -185  112
 34 * Add-react          -3451  -289 -386 -296  -63 -109 -106 -354 -105  -22 -108 -151 -138 -370 -311  -39  -97 -297  -22  -51   29  -45   15  -51  -90    4    8  -25   41  -58   23   -8  -29    2    0  -25  -29   11    9   38   57  -15    1
 35 Always Switchin'     -6726  -212 -271 -417 -333 -431 -472 -261 -377 -230 -397 -199 -269 -232 -188 -405 -171 -304 -511 -107 -228 -258  -49 -508 -262   -5    7    3    2   -9  -22   46  -24   47   25    0 -242   12   30  520  -29   -7   12
 36 Peterbot             -6822  -903 -953 -858 -726 -326 -951 -917 -711 -208 -317 -901 -892 -245 -942 -156 -275 -994  -36 -164  -25  -19  -96 -500 -140    3  -11   10   31    0  158   61  173  -10   29  242    0  378  430  982  997 1000  960
 37 R-P-S 20-20-60       -8803  -356 -120 -391 -373 -402 -417 -307 -394 -298 -410 -390 -392 -403 -429 -255 -145 -420 -165 -425 -153 -154 -141 -421 -389   41   26   22   17  -14  -13  -62   15  -11  -11  -12 -378    0 -393 -155   30 -419  264
 38 Beat Frequent Pick  -14513  -944 -951 -929 -805 -593 -822 -898 -753 -574 -588 -594 -594 -592 -596 -559 -380 -595 -597 -520 -424 -471 -359 -999 -355 -128  -30   13   -6  -13 -236 -113  -13  185   -9  -30 -430  393    0 -600    0  999  997
 39 Beat The Last Move  -20055  -988 -980 -990 -994 -993 -988 -994 -991 -665 -985 -989 -994 -994 -993 -868 -969 -989 -500 -976  -19   -7   43 -997 -969    1  -22  -36   26   35 -245 -956 -356   74  -38 -520 -982  155  600    0    1 1000  997
 40 Rotate R-P-S        -25512  -988 -993 -987 -992 -990 -997 -994 -990 -992 -990 -993 -995 -988 -993 -943 -943 -991 -998 -947 -994 -988 -465 -997 -977  -21   11    1  -32  -53   -1 -560   -5   11  -57   29 -997  -30    0   -1    0    0 -682
 41 Good Ole Rock       -26114  -991 -992 -999 -996 -998 -996 -999 -997 -997 -995 -998 -998 -997 -994 -978 -970 -996 -998 -996 -995 -991 -1000 -999 -975    0   11   19   30   27    0 -963  -18  185   15    7 -1000  419 -999 -1000    0    0  998
 42 * Anti-Flat         -27304  -988 -991 -994 -975 -995 -991 -1000 -1000 -998 -998 -995 -992 -994 -994 -970 -974 -990 -996 -995 -996 -992 -458 -999 -984  105   11   32    5    7  421 -966   -1 -112   -1  -12 -960 -264 -997 -997  682 -998    0

 Match results (draw <= 50): 

    Player Name           total  W  L  D   1  2  3  4  5  6  7  8  9 10 11 12 13 14 15 16 17 18 19 20 21 22 23 24 25 26 27 28 29 30 31 32 33 34 35 36 37 38 39 40 41 42
  1 Iocaine Powder          69  28  0 13   1  2  2  1  2  2  2  1  1  1  1  1  1  2  1  2  2  1  1  2  1  1  2  1  2  2  2  2  2  2  2  2  2  2  2  2  2  2  2  2  2  2
  2 Phasenbott              68  28  1 12   0  1  2  1  2  1  1  2  1  1  1  1  2  2  2  2  1  1  1  2  2  1  2  1  2  2  2  2  2  2  2  2  2  2  2  2  2  2  2  2  2  2
  3 MegaHAL                 65  27  3 11   0  0  1  1  2  1  2  1  1  1  1  1  0  2  1  2  2  2  1  2  2  1  2  1  2  2  2  2  2  2  2  2  2  2  2  2  2  2  2  2  2  2
  4 Simple Modeller         65  25  1 15   1  1  1  1  1  1  1  1  1  1  2  1  1  2  1  2  1  2  2  2  2  1  2  1  2  0  2  2  2  2  2  2  2  2  2  2  2  2  2  2  2  2
  5 RussRocker4             61  23  3 15   0  0  0  1  1  1  1  1  1  2  1  1  1  2  1  2  1  1  1  2  1  1  2  1  2  2  2  2  2  2  2  2  2  2  2  2  2  2  2  2  2  2
  6 Biopic                  61  21  1 19   0  1  1  1  1  1  1  1  2  1  1  1  1  2  1  2  1  1  1  2  1  1  2  1  2  2  1  2  2  1  2  2  2  2  2  2  2  2  2  2  2  2
  7 Robertot                57  20  4 17   0  1  0  1  1  1  1  1  2  2  0  0  1  2  1  1  1  1  1  2  1  1  2  1  2  1  1  2  2  2  2  2  2  1  2  2  2  2  2  2  2  2
  8 ACT-R Lag2              57  20  4 17   1  0  1  1  1  1  1  1  1  1  1  1  1  2  1  2  1  1  2  2  2  0  2  0  2  0  1  2  2  1  1  2  2  2  2  2  2  2  2  2  2  2
  9 Boom                    55  16  2 23   1  1  1  1  1  0  0  1  1  1  1  1  1  1  1  1  1  1  1  2  2  1  1  1  1  1  1  2  2  2  2  2  2  2  1  2  2  2  2  2  2  2
 10 Shofar                  55  16  2 23   1  1  1  1  0  1  0  1  1  1  1  1  1  1  1  1  1  1  2  1  1  1  2  1  1  1  1  2  2  2  1  2  2  2  2  2  2  2  2  2  2  2
 11 Bugbrain                55  16  2 23   1  1  1  0  1  1  2  1  1  1  1  1  1  1  1  1  1  1  2  1  1  1  2  1  1  0  2  2  2  1  2  2  2  2  1  1  2  2  2  2  2  2
 12 Yomi AI                 54  13  0 28   1  1  1  1  1  1  2  1  1  1  1  1  1  1  1  2  1  1  1  2  1  1  1  1  1  2  1  2  2  1  1  2  1  1  2  1  1  2  2  2  2  2
 13 Majikthise              53  13  1 27   1  0  2  1  1  1  1  1  1  1  1  1  1  1  1  1  1  1  2  1  1  1  1  1  2  1  1  2  1  1  1  2  1  2  2  1  2  2  2  2  2  2
 14 Simple Predictor        52  20  9 12   0  0  0  0  0  0  0  0  1  1  1  1  1  1  1  2  1  1  2  1  1  0  2  1  2  1  2  2  2  2  2  2  2  2  2  2  2  2  2  2  2  2
 15 Vroomfondel             51  11  1 29   1  0  1  1  1  1  1  1  1  1  1  1  1  1  1  1  1  1  1  1  1  1  1  1  2  1  1  2  1  1  1  2  1  2  2  1  2  2  2  2  2  2
 16 Marble                  51  19  9 13   0  0  0  0  0  0  1  0  1  1  1  0  1  0  1  1  1  2  2  1  1  1  1  1  2  2  1  2  2  2  2  2  2  2  2  2  2  2  2  2  2  2
 17 Piedra                  51  15  5 21   0  1  0  1  1  1  1  1  1  1  1  1  1  1  1  1  1  0  1  0  1  1  1  1  0  1  1  2  2  2  2  2  2  2  2  2  2  2  2  2  2  2
 18 * Anti-rotn             50  14  5 22   1  1  0  0  1  1  1  1  1  1  1  1  1  1  1  0  2  1  0  1  1  0  1  1  2  1  1  2  1  1  1  2  2  2  2  2  2  2  2  2  2  2
 19 Sweet Rocky             50  17  8 16   1  1  1  0  1  1  1  0  1  0  0  1  0  0  1  0  1  2  1  1  1  1  1  1  2  0  1  2  2  2  2  2  2  2  2  2  2  2  2  2  2  2
 20 Granite                 49  18 10 13   0  0  0  0  0  0  0  0  0  1  1  0  1  1  1  1  2  1  1  1  1  1  1  1  2  2  1  2  2  2  2  2  2  2  2  2  2  2  2  2  2  2
 21 Mixed Strategy          49  13  5 23   1  0  0  0  1  1  1  0  0  1  1  1  1  1  1  1  1  1  1  1  1  1  1  1  1  1  1  1  2  2  2  2  2  2  1  2  2  2  2  2  2  2
 22 * De Bruijn             45   5  1 35   1  1  1  1  1  1  1  2  1  1  1  1  1  2  1  1  1  2  1  1  1  1  1  1  1  1  1  1  1  1  1  2  1  1  1  1  1  2  1  0  1  1
 23 ZQ Bot                  45  16 12 13   0  0  0  0  0  0  0  0  1  0  0  1  1  0  1  1  1  1  1  1  1  1  1  0  2  1  2  2  2  1  2  2  2  2  2  2  2  2  2  2  2  2
 24 * Pi                    42   2  1 38   1  1  1  1  1  1  1  2  1  1  1  1  1  1  1  1  1  1  1  1  1  1  2  1  1  1  1  1  1  1  1  1  1  1  1  0  1  1  1  1  1  1
 25 Inocencio               42  17 16  8   0  0  0  0  0  0  0  0  1  1  1  1  0  0  0  0  2  0  0  0  1  1  0  1  1  2  2  2  2  2  2  2  2  1  2  2  2  2  2  2  2  2
 26 * Foxtrot               36   4  9 28   0  0  0  2  0  0  1  2  1  1  2  0  1  1  1  0  1  1  2  0  1  1  1  1  0  1  1  1  1  1  1  1  1  1  1  1  1  1  1  1  1  1
 27 * Add-drift             32   0  9 32   0  0  0  0  0  1  1  1  1  1  0  1  1  0  1  1  1  1  1  1  1  1  0  1  0  1  1  1  1  1  1  1  1  1  1  1  1  1  1  1  1  1
 28 Multi-strategy          32  13 22  6   0  0  0  0  0  0  0  0  0  0  0  0  0  0  0  0  0  0  0  0  1  1  0  1  0  1  1  1  2  2  2  1  2  2  2  2  2  2  2  2  2  2
 29 Peterbot                30  10 21 10   0  0  0  0  0  0  0  0  0  0  0  0  1  0  1  0  0  1  0  0  0  1  0  1  0  1  1  0  1  1  1  2  2  2  2  1  2  2  2  2  2  2
 30 * Copy-drift            26   2 17 22   0  0  0  0  0  1  0  1  0  0  1  1  1  0  1  0  0  1  0  0  0  1  1  1  0  1  1  0  1  1  2  0  1  1  1  1  1  1  1  1  1  2
 31 * Add-react             23   1 19 21   0  0  0  0  0  0  0  1  0  1  0  1  1  0  1  0  0  1  0  0  0  1  0  1  0  1  1  0  1  0  1  1  1  1  1  1  1  1  1  1  1  2
 32 Knucklehead             23   7 25  9   0  0  0  0  0  0  0  0  0  0  0  0  0  0  0  0  0  0  0  0  0  0  0  1  0  1  1  1  0  2  1  1  2  1  1  1  1  2  2  2  2  2
 33 Beat The Last Move      20   5 26 10   0  0  0  0  0  0  0  0  0  0  0  1  1  0  1  0  0  0  0  0  0  1  0  1  0  1  1  0  0  1  1  0  1  0  0  2  0  2  2  2  2  1
 34 * Switch A Lot          20   1 22 18   0  0  0  0  0  0  1  0  0  0  0  1  0  0  0  0  0  0  0  0  0  1  0  1  1  1  1  0  0  1  1  1  2  1  1  1  1  1  1  1  1  1
 35 * Flat                  20   2 23 16   0  0  0  0  0  0  0  0  1  0  1  0  0  0  0  0  0  0  0  0  1  1  0  1  0  1  1  0  0  1  1  1  2  1  1  1  1  2  1  0  1  1
 36 * Text                  20   2 23 16   0  0  0  0  0  0  0  0  0  0  1  1  1  0  1  0  0  0  0  0  0  1  0  2  0  1  1  0  1  1  1  1  0  1  1  1  1  0  0  2  1  1
 37 Always Switchin'        18   1 24 16   0  0  0  0  0  0  0  0  0  0  0  1  0  0  0  0  0  0  0  0  0  1  0  1  0  1  1  0  0  1  1  1  2  1  1  1  1  1  1  1  1  1
 38 Beat Frequent Pick      16   4 29  8   0  0  0  0  0  0  0  0  0  0  0  0  0  0  0  0  0  0  0  0  0  0  0  1  0  1  1  0  0  1  1  0  0  1  0  2  1  1  2  2  2  1
 39 Good Ole Rock           16   3 28 10   0  0  0  0  0  0  0  0  0  0  0  0  0  0  0  0  0  0  0  0  0  1  0  1  0  1  1  0  0  1  1  0  0  1  1  2  1  0  1  2  2  1
 40 * Anti-Flat             13   3 31  7   0  0  0  0  0  0  0  0  0  0  0  0  0  0  0  0  0  0  0  0  0  2  0  1  0  1  1  0  0  1  1  0  0  1  2  0  1  0  0  1  0  2
 41 R-P-S 20-20-60          13   1 29 11   0  0  0  0  0  0  0  0  0  0  0  0  0  0  0  0  0  0  0  0  0  1  0  1  0  1  1  0  0  1  1  0  0  1  1  1  1  0  0  2  1  1
 42 Rotate R-P-S            12   0 29 12   0  0  0  0  0  0  0  0  0  0  0  0  0  0  0  0  0  0  0  0  0  1  0  1  0  1  1  0  0  0  0  0  1  1  1  1  1  1  1  0  1  1


   Yomi AI is match ranked 12

 Tournament results:
    Player Name          total 
  1 Yomi AI               3276 
 15 * Anti-rotn           5309 
 19 Iocaine Powder       10876 
 20 Phasenbott           10121 
 21 MegaHAL               9259 
 22 RussRocker4           7729 
 23 Biopic                8772 
 24 Simple Modeller       8242 
 25 Simple Predictor      7055 
 26 Robertot              8013 
 27 Boom                  7500 
 28 Shofar                6201 
 29 ACT-R Lag2            7324 
 30 Majikthise            4722 
 31 Vroomfondel           4717 
 32 Granite               6584 
 33 Marble                6733 
 34 ZQ Bot                5498 
 35 Sweet Rocky           6441 
 36 Piedra                6429 
 37 Mixed Strategy        4748 
 41 Bugbrain              5857 

   Yomi is tournament ranked 22

