 Playing 1 tournaments with 1000 trials per match...

 Yomi AI            vs Good Ole Rock       Match: 1000 (1000+   0-   0=)
 Yomi AI            vs R-P-S 20-20-60      Match:  324 (554+ 230- 216=)
 Yomi AI            vs Rotate R-P-S        Match:  974 (979+   5-  16=)
 Yomi AI            vs Beat The Last Move  Match:  120 (412+ 292- 296=)
 Yomi AI            vs Always Switchin'    Match:  174 (464+ 290- 246=)
 Yomi AI            vs Beat Frequent Pick  Match:  493 (678+ 185- 137=)
 Yomi AI            vs * Pi                Match:  -22 (327+ 349- 324=)
 Yomi AI            vs * Switch A Lot      Match:   31 (355+ 324- 321=)
 Yomi AI            vs * Flat              Match:  161 (444+ 283- 273=)
 Yomi AI            vs * Anti-Flat         Match:  978 (984+   6-  10=)
 Yomi AI            vs * Foxtrot           Match:  318 (535+ 217- 248=)
 Yomi AI            vs * De Bruijn         Match:  -39 (314+ 353- 333=)
 Yomi AI            vs * Text              Match:   78 (393+ 315- 292=)
 Yomi AI            vs * Anti-rotn         Match:    6 (351+ 345- 304=)
 Yomi AI            vs * Copy-drift        Match:  -16 (332+ 348- 320=)
 Yomi AI            vs * Add-react         Match:   42 (353+ 311- 336=)
 Yomi AI            vs * Add-drift         Match:  108 (401+ 293- 306=)
 Yomi AI            vs Iocaine Powder      Match:   38 (340+ 302- 358=)
 Yomi AI            vs Phasenbott          Match:  -41 (317+ 358- 325=)
 Yomi AI            vs MegaHAL             Match:    0 (358+ 358- 284=)
 Yomi AI            vs RussRocker4         Match:    5 (347+ 342- 311=)
 Yomi AI            vs Biopic              Match:  -22 (351+ 373- 276=)
 Yomi AI            vs Simple Modeller     Match:  -11 (332+ 343- 325=)
 Yomi AI            vs Simple Predictor    Match:   67 (371+ 304- 325=)
 Yomi AI            vs Robertot            Match:   36 (366+ 330- 304=)
 Yomi AI            vs Boom                Match:  -45 (313+ 358- 329=)
 Yomi AI            vs Shofar              Match:  -44 (309+ 353- 338=)
 Yomi AI            vs ACT-R Lag2          Match:   32 (371+ 339- 290=)
 Yomi AI            vs Majikthise          Match:   21 (335+ 314- 351=)
 Yomi AI            vs Vroomfondel         Match:  -34 (310+ 344- 346=)
 Yomi AI            vs Granite             Match:  136 (453+ 317- 230=)
 Yomi AI            vs Marble              Match:   97 (410+ 313- 277=)
 Yomi AI            vs ZQ Bot              Match:   -8 (338+ 346- 316=)
 Yomi AI            vs Sweet Rocky         Match:    5 (360+ 355- 285=)
 Yomi AI            vs Piedra              Match:   26 (368+ 342- 290=)
 Yomi AI            vs Mixed Strategy      Match:   62 (389+ 327- 284=)
 Yomi AI            vs Multi-strategy      Match:  250 (511+ 261- 228=)
 Yomi AI            vs Inocencio           Match:   40 (384+ 344- 272=)
 Yomi AI            vs Peterbot            Match:   32 (347+ 315- 338=)
 Yomi AI            vs Bugbrain            Match:   -3 (321+ 324- 355=)
 Yomi AI            vs Knucklehead         Match:  470 (641+ 171- 188=)
 Final results (draw value = 50):

 Tournament results: 

    Player Name          total     1    2    3    4    5    6    7    8    9   10   11   12   13   14   15   16   17   18   19   20   21   22   23   24   25   26   27   28   29   30   31   32   33   34   35   36   37   38   39   40   41   42
  1 Iocaine Powder       11104     0   87   65   26   35   21   32  526   31   28  186   58  293  155    8   84  -38  310   49   23    7  137  300   49  -10  193  263  225  380  238   25   98  568  314  238  341  900  903  983  988  999  986
  2 Phasenbott            9927   -87    0    8   21   22   81  -25  536   -2   57  209   47  218  143   25   42   41  279   79   15   11   77  287   18  -17  173  118   74  372   76   95  108  397  310  211  129  887  934  984  994  992  988
  3 Simple Modeller       9614   -65   -8    0   22  -44    6   43    8   46   -5   54   64   76  249   10    0   11  279   44    2   49   93  189  -32  -36  791  270  246    8  129  220  131  261   95  467  402  973  590  991  993  997  995
  4 MegaHAL               9333   -26  -21  -22    0  -16  -11   45  109   49    4  237   34  200   59  -19    5    0  246   90  -30    9   48  207  -63  -27  166  203   93   26  116  244  142  341  342  375  386  877  930  993  994  998 1000
  5 Biopic                8871   -35  -22   44   16    0   65   28  -11   35   79  116   80  129   41  -28   32   22  115   45  -40   40  -17  182  -31   -3  123  -24  113  423  170  111  150  520   64  293  363  990  714  994  992  999  994
  6 Robertot              7895   -21  -81   -6   11  -65    0    1  -13    9   32   54   18   30   38   33    0  -36  102   59  -24   15   69  308   -1   -1   67  -30   31  -18   81  119  193  388   50  471  409  829  818  966  997  996  997
  7 Boom                  7838   -32   25  -43  -45  -28   -1    0  -57   14  -23   45   52   78  -43  -11  -18   45   29   55   -4  -26   31  232  -39   22  871    4  -39   10  -38  124  120  392  104  446  406  452  753  991  989  995 1000
  8 RussRocker4           7831  -526 -536   -8 -109   11   13   57    0   37   32  145   50  160  122  -18   41   -5  168   57    7   23   48  203   -4  -38  166  133  109  191  105   98   63  563  393  244  320  940  589  994  995  998 1000
  9 Piedra                7578   -31    2  -46  -49  -35   -9  -14  -37    0  -37  -45    0  -41  -60  -49  -53  -26  -48   49  -31  -14  -12  118  -71  -32  770   34   13   89  148  170  169  214  338  193  437  998  592  994  995  995 1000
 10 ACT-R Lag2            7291   -28  -57    5   -4  -79  -32   23  -32   37    0  124   26  144   45   28  -39  -32  107   23  -41    2   92  183 -115   -8  726   31  -20  -17  144   77   69  486    5  209  262  989  566  415  993  995  989
 11 Granite               6700  -186 -209  -54 -237 -116  -54  -45 -145   45 -124    0   27   -3  -32  -63  -68 -136   73   47  -52  -38    8  254  -67  -25  655    6   58   56  170  191  177  334   67  274  388  945  591  992  998  998 1000
 12 Sweet Rocky           6697   -58  -47  -64  -34  -80  -18  -52  -50    0  -26  -27    0  -44   29  -45  -45   -5  -88  -13  -31  -36  -42  110  -45  -14  513    9    3   38  134  105  146  231   28  314  409  924  590  992  998  998  990
 13 Marble                6588  -293 -218  -76 -200 -129  -30  -78 -160   41 -144    3   44    0   -3  -69  -74  -97   78   50  -52  -32   11  377  -70  -40  650    2   19   72  177  142  175  283  100  242  391  922  592  994  996 1000  992
 14 Simple Predictor      6540  -155 -143 -249  -59  -41  -38   43 -122   60  -45   32  -29    3    0   18   -9  -67  172   49  -22   -7   57  220  -62  -14   60  276  255  -21   42  196  149  218   95  382  416  333  587  984  986  996  994
 15 Shofar                6127    -8  -25  -10   19   28  -33   11   18   49  -28   63   45   69  -18    0  -32   44   76   31    4  -27   10  121   -7   -8   31   29   72  -16  131  113   82  160    8  411  283  124  545  883  926  979  974
 16 Bugbrain              5884   -84  -42    0   -5  -32    0   18  -41   53   39   68   45   74    9   32    0    3  186   20  -30   -7   67  164   -9    3   34   59    9  -32   52  112   12  154   88  200  138  275  390  936  952  988  986
 17 Yomi AI               5839    38  -41  -11    0  -22   36  -45    5   26   32  136    5   97   67  -44   -3    0   -8    6  -34   21   62  250  -39  -22   40  108  -16  318  161   31   78  470   42  174  324   32  493  120  974 1000  978
 18 ZQ Bot                5800  -310 -279 -279 -246 -115 -102  -29 -168   48 -107  -73   88  -78 -172  -76 -186    8    0   45    4  -57   57  234  -49    0  329   28   39   23  122  172  157  331  372  172  403  931  586  991  991  998  997
 19 * Anti-rotn           5677   -49  -79  -44  -90  -45  -59  -55  -57  -49  -23  -47   13  -50  -49  -31  -20   -6  -45    0   25   41  -24  226  -57  -45  525  -60   24  -38  188  271   55   90  -21  533  158  500  597  492  998  996  988
 20 Vroomfondel           4876   -23  -15   -2   30   40   24    4   -7   31   41   52   31   52   22   -4   30   34   -4  -25    0  -17   10  123   -2   -2   30    0   26   13   79   87   26  209   20  287  187   48  438   20  993  996  994
 21 Majikthise            4661    -7  -11  -49   -9  -40  -15   26  -23   14   -2   38   36   32    7   27    7  -21   57  -41   17    0   52  213  -35   13   66  -30  -30   -5  104  111  -27  313   62  249  118   22  468  -18  992  993  987
 22 Mixed Strategy        4591  -137  -77  -93  -48   17  -69  -31  -48   12  -92   -8   42  -11  -57  -10  -67  -62  -57   24  -10  -52    0   64  -37  -77  -19   -8  -29  -61  -36  105  181  129   95   57  450  241  452  959  969  995  995
 23 Multi-strategy        2498  -300 -287 -189 -207 -182 -308 -232 -203 -118 -183 -254 -110 -377 -220 -121 -164 -250 -234 -226 -123 -213  -64    0  -50  -20 -118  -11  249   -1  192  245  123   15   50  491  409  500  999  997  997  999  997
 24 * De Bruijn            868   -49  -18   32   63   31    1   39    4   71  115   67   45   70   62    7    9   39   49   57    2   35   37   50    0   -1   12  -68   -6   10   23   41   23   -5  -10   19  -17   -3  128   -1   21    0 -116
 25 * Pi                   333    10   17   36   27    3    1  -22   38   32    8   25   14   40   14    8   -3   22    0   45    2  -13   77   20    1    0   16    5    0    6  -38  -18  -81   -1    6  -14   37   -7   30   22  -11  -11  -10
 26 Inocencio             -712  -193 -173 -791 -166 -123  -67 -871 -166 -770 -726 -655 -513 -650  -60  -31  -34  -40 -329 -525  -30  -66   19  118  -12  -16    0  -23  119  336  182  146  170  196   85  234  379   98  355  944  984  972  981
 27 * Add-drift          -1535  -263 -118 -270 -203   24   30   -4 -133  -34  -31   -6   -9   -2 -276  -29  -59 -108  -28   60    0   30    8   11   68   -5   23    0  -12  -40  -18   10  -14  -48   42  -44    9  -34    8  -30  -14    2  -28
 28 * Copy-drift         -1757  -225  -74 -246  -93 -113  -31   39 -109  -13   20  -58   -3  -19 -255  -72   -9   16  -39  -24  -26   30   29 -249    6    0 -119   12    0    7    1  -21   55 -125    8    7   16  -41   -2  -30  -25    7   11
 29 * Foxtrot            -2283  -380 -372   -8  -26 -423   18  -10 -191  -89   17  -56  -38  -72   21   16   32 -318  -23   38  -13    5   61    1  -10   -6 -336   40   -7    0  -29    3   22  -47  -18   -7   -2  -23   -4  -12   -8  -38    9
 30 * Flat               -2776  -238  -76 -129 -116 -170  -81   38 -105 -148 -144 -170 -134 -177  -42 -131  -52 -161 -122 -188  -79 -104   36 -192  -23   38 -182   18   -1   29    0   21   19   15   49   26  -15 -189  225  231   67   -1 -418
 31 * Switch A Lot       -2985   -25  -95 -220 -244 -111 -119 -124  -98 -170  -77 -191 -105 -142 -196 -113 -112  -31 -172 -271  -87 -111 -105 -245  -41   18 -146  -10   21   -3  -21    0    8   17   53   31   83 -183    0  352  -13   -6   19
 32 * Text               -3097   -98 -108 -131 -142 -150 -193 -120  -63 -169  -69 -177 -146 -175 -149  -82  -12  -78 -157  -55  -26   27 -181 -123  -23   81 -170   14  -55  -22  -19   -8    0   -3    6  -24   37    9 -185  -74  -11 -185  112
 33 Knucklehead          -3129  -568 -397 -261 -341 -520 -388 -392 -563 -214 -486 -334 -231 -283 -218 -160 -154 -470 -331  -90 -209 -313 -129  -15    5    1 -196   48  125   47  -15  -17    3    0   44  -53   77 1000  153  888  -53  925  956
 34 * Add-react          -3253  -314 -310  -95 -342  -64  -50 -104 -393 -338   -5  -67  -28 -100  -95   -8  -88  -42 -372   21  -20  -62  -95  -50   10   -6  -85  -42   -8   18  -49  -53   -6  -44    0  -11    9  -56   15   64  -90   21   81
 35 Always Switchin'     -6783  -238 -211 -467 -375 -293 -471 -446 -244 -193 -209 -274 -314 -242 -382 -411 -200 -174 -172 -533 -287 -249  -57 -491  -19   14 -234   44   -7    7  -26  -31   24   53   11    0   27 -229   14  523  -15    0   -6
 36 R-P-S 20-20-60       -9220  -341 -129 -402 -386 -363 -409 -406 -320 -437 -262 -388 -409 -391 -416 -283 -138 -324 -403 -158 -187 -118 -450 -409   17  -37 -379   -9  -16    2   15  -83  -37  -77   -9  -27    0 -388 -393 -167   -4 -412  313
 37 Peterbot            -10171  -900 -887 -973 -877 -990 -829 -452 -940 -998 -989 -945 -924 -922 -333 -124 -275  -32 -931 -500  -48  -22 -241 -500    3    7  -98   34   41   23  189  183   -9 -1000   56  229  388    0  435  981  999 1000 1000
 38 Beat Frequent Pick  -14097  -903 -934 -590 -930 -714 -818 -753 -589 -592 -566 -591 -590 -592 -587 -545 -390 -493 -586 -597 -438 -468 -452 -999 -128  -30 -355   -8    2    4 -225    0  185 -153  -15  -14  393 -435    0 -600    0  999 1000
 39 Beat The Last Move  -19741  -983 -984 -991 -993 -994 -966 -991 -994 -994 -415 -992 -992 -994 -984 -883 -936 -120 -991 -492  -20   18 -959 -997    1  -22 -944   30   30   12 -231 -352   74 -888  -64 -523  167 -981  600    0    1 1000  996
 40 Rotate R-P-S        -25188  -988 -994 -993 -994 -992 -997 -989 -995 -995 -993 -998 -998 -996 -986 -926 -952 -974 -991 -998 -993 -992 -969 -997  -21   11 -984   14   25    8  -67   13   11   53   90   15    4 -999    0   -1    0    0 -660
 41 Good Ole Rock       -26174  -999 -992 -997 -998 -999 -996 -995 -998 -995 -995 -998 -998 -1000 -996 -979 -988 -1000 -998 -996 -996 -993 -995 -999    0   11 -972   -2   -7   38    1    6  185 -925  -21    0  412 -1000 -999 -1000    0    0  999
 42 * Anti-Flat         -28060  -986 -988 -995 -1000 -994 -997 -1000 -1000 -1000 -989 -1000 -990 -992 -994 -974 -986 -978 -997 -988 -994 -987 -995 -997  116   10 -981   28  -11   -9  418  -19 -112 -956  -81    6 -313 -1000 -1000 -996  660 -999    0

 Match results (draw <= 50): 

    Player Name           total  W  L  D   1  2  3  4  5  6  7  8  9 10 11 12 13 14 15 16 17 18 19 20 21 22 23 24 25 26 27 28 29 30 31 32 33 34 35 36 37 38 39 40 41 42
  1 Iocaine Powder          68  27  0 14   1  2  1  1  2  2  2  1  1  1  1  1  1  1  2  1  2  1  1  2  2  2  2  1  2  2  2  2  2  2  2  2  1  2  2  2  2  2  2  2  2  2
  2 Phasenbott              67  27  1 13   0  1  1  1  1  2  1  1  1  2  1  2  1  1  2  1  1  2  1  2  2  2  2  1  2  2  2  2  2  2  2  2  2  2  2  2  2  2  2  2  2  2
  3 Biopic                  64  23  0 18   1  1  1  1  1  1  1  1  1  2  1  2  1  1  1  1  2  1  1  2  2  2  1  1  2  1  2  2  2  2  2  2  2  2  2  2  2  2  2  2  2  2
  4 MegaHAL                 63  23  1 17   1  1  1  1  1  2  1  1  1  1  1  1  1  1  2  1  1  2  0  2  2  2  1  1  2  2  1  2  2  2  2  2  2  2  2  2  2  2  2  2  2  2
  5 Simple Modeller         63  23  1 17   0  1  1  1  1  1  1  1  1  1  1  1  1  1  2  1  2  1  1  2  2  2  2  1  2  2  1  2  2  2  2  2  2  2  2  2  2  2  2  2  2  2
  6 RussRocker4             62  24  3 14   0  0  1  0  1  1  1  1  1  1  2  1  1  1  2  1  1  2  1  2  2  2  1  1  2  2  2  2  2  2  2  2  2  2  2  2  2  2  2  2  2  2
  7 Bugbrain                59  19  1 21   0  1  1  1  1  1  1  1  1  1  1  1  1  2  1  1  1  1  1  2  2  2  2  1  1  2  1  1  2  2  2  2  2  2  1  2  2  2  2  2  2  2
  8 Yomi AI                 58  17  0 24   1  1  1  1  1  1  1  1  1  1  1  1  1  1  2  1  1  1  1  2  2  1  2  1  1  2  2  1  2  1  1  2  1  2  2  2  2  2  2  2  2  2
  9 Shofar                  58  17  0 24   1  1  1  1  1  1  1  1  1  1  1  1  1  1  1  1  1  1  1  2  2  2  1  1  1  1  1  2  2  2  1  2  2  2  2  2  2  2  2  2  2  2
 10 Robertot                57  18  2 21   1  0  0  1  1  1  1  1  1  1  1  1  1  1  1  1  1  2  1  2  1  2  2  1  2  1  1  1  2  2  1  2  2  2  2  2  2  2  2  2  2  2
 11 Boom                    57  17  1 23   1  1  1  1  1  0  1  1  1  1  1  1  1  1  1  1  2  2  1  1  2  1  1  1  2  1  1  1  2  2  2  2  2  1  2  2  2  2  2  2  2  2
 12 ACT-R Lag2              56  18  3 20   1  0  0  1  1  1  1  1  1  1  1  1  1  1  1  1  1  1  0  2  2  2  2  1  2  1  1  1  2  2  1  2  2  2  2  2  2  2  2  2  2  2
 13 Majikthise              55  14  0 27   1  1  1  1  1  1  1  1  1  1  1  1  1  1  1  1  1  1  1  1  1  2  2  1  2  1  1  1  2  1  2  2  2  2  1  2  1  2  2  2  2  2
 14 Piedra                  54  16  3 22   1  1  1  1  1  1  0  1  1  1  1  1  1  1  0  1  1  1  0  1  1  1  1  1  2  1  2  1  2  2  2  2  2  2  2  2  2  2  2  2  2  2
 15 Simple Predictor        53  19  7 15   0  0  1  0  0  0  1  0  1  1  1  1  1  2  1  1  1  1  0  1  1  2  2  1  2  2  1  2  2  2  2  2  2  1  2  2  2  2  2  2  2  2
 16 Vroomfondel             53  12  0 29   1  1  1  1  1  1  1  1  1  1  1  1  1  1  1  1  1  1  1  2  2  1  1  1  1  1  1  1  2  1  1  2  2  2  1  2  1  2  2  2  2  2
 17 Sweet Rocky             50  14  5 22   0  1  0  1  0  1  1  1  1  1  0  1  1  1  1  1  1  1  1  1  1  0  1  1  2  1  1  1  2  2  1  2  2  2  2  2  2  2  2  2  2  2
 18 * Anti-rotn             48  14  7 20   1  0  1  0  1  0  1  1  1  0  0  1  1  1  1  1  1  1  0  1  1  1  1  1  2  0  1  1  2  2  1  2  2  2  2  2  2  2  2  2  2  2
 19 * De Bruijn             47   8  2 31   1  1  1  2  1  1  1  1  1  1  1  2  1  2  2  1  1  2  1  2  2  1  1  1  1  0  1  1  1  1  1  1  1  1  1  1  1  1  2  1  0  1
 20 Granite                 46  18 13 10   0  0  0  0  0  0  0  0  0  0  1  0  1  1  1  0  1  1  0  1  1  2  1  1  2  1  2  2  2  2  2  2  2  2  2  2  2  2  2  2  2  2
 21 Marble                  45  17 13 11   0  0  0  0  0  0  0  0  0  1  0  0  1  1  1  0  1  1  0  1  1  2  1  1  2  1  2  1  2  2  2  2  2  2  2  2  2  2  2  2  2  2
 22 ZQ Bot                  44  17 14 10   0  0  0  0  0  0  0  1  0  0  1  0  0  1  0  1  2  1  1  0  0  1  2  1  2  1  1  1  2  2  2  2  2  2  2  2  2  2  2  2  2  2
 23 Mixed Strategy          42  13 12 16   0  0  1  1  0  1  0  0  1  0  1  0  0  1  0  1  1  1  1  1  1  0  1  0  1  1  0  1  2  2  2  2  2  1  2  2  2  2  2  2  2  2
 24 * Pi                    41   1  1 39   1  1  1  1  1  1  1  1  1  1  1  1  1  1  1  1  1  1  1  1  1  1  2  1  1  1  1  1  1  1  1  1  1  1  0  1  1  1  1  1  1  1
 25 Inocencio               40  16 17  8   0  0  0  0  0  0  1  1  1  0  0  0  0  0  0  1  0  0  1  0  0  0  1  1  1  1  2  2  2  2  2  2  2  2  2  2  2  2  2  2  2  2
 26 * Add-drift             35   2  8 31   0  0  1  0  0  0  0  0  1  1  1  1  1  1  0  1  1  2  2  1  1  1  1  1  1  1  1  1  1  1  1  1  1  1  1  1  1  1  1  1  1  1
 27 * Foxtrot               33   1  9 31   0  0  0  1  1  0  1  0  1  1  1  1  1  0  1  1  1  1  1  0  0  1  2  1  0  1  1  1  1  1  1  1  1  1  1  1  1  1  1  1  1  1
 28 * Copy-drift            30   1 12 28   0  0  0  0  0  0  1  1  0  1  1  1  1  1  0  1  1  1  1  0  1  1  1  1  0  1  1  1  0  1  1  0  1  1  2  1  1  1  1  1  1  1
 29 Multi-strategy          30  12 23  6   0  0  0  0  0  0  0  0  0  0  0  0  0  0  0  0  0  0  1  0  0  0  0  1  0  1  1  2  1  2  1  1  2  2  2  2  2  2  2  2  2  2
 30 Peterbot                29  10 22  9   0  0  0  0  0  0  0  1  0  0  0  0  1  0  0  1  0  0  1  0  0  0  0  1  0  1  1  1  0  1  2  0  2  2  1  2  2  2  2  2  2  2
 31 * Add-react             24   2 19 20   0  0  0  0  0  0  0  1  1  1  0  1  0  0  0  1  1  1  1  0  0  0  0  1  0  1  1  1  1  0  1  1  0  1  1  1  2  0  1  1  2  1
 32 Knucklehead             23   7 25  9   0  0  0  0  0  0  0  0  0  0  0  0  0  0  0  0  0  0  1  0  0  0  0  1  0  1  1  2  1  2  1  1  1  1  1  0  2  0  2  2  2  2
 33 * Switch A Lot          21   3 23 15   1  0  0  0  0  0  0  1  0  0  0  0  0  0  0  0  0  0  1  0  0  0  0  1  0  1  1  1  0  0  2  1  1  1  1  1  2  1  1  1  1  2
 34 * Flat                  21   3 23 15   0  0  0  0  0  0  0  0  0  0  1  0  0  0  1  0  0  0  1  0  0  0  1  1  0  1  1  1  0  0  1  1  1  1  1  1  2  2  2  1  0  1
 35 * Text                  18   2 25 14   0  0  0  0  0  0  1  0  0  0  0  0  1  0  0  1  0  0  1  0  0  0  0  2  0  1  1  0  0  1  1  1  1  1  1  1  0  1  0  0  2  1
 36 Always Switchin'        18   2 25 14   0  0  0  0  0  0  0  0  0  0  0  0  0  0  0  0  0  0  1  0  0  0  0  1  0  1  1  1  0  0  1  2  1  1  1  1  2  1  1  1  1  1
 37 Beat The Last Move      18   5 28  8   0  0  0  0  0  0  0  0  0  0  0  0  1  0  0  1  0  0  1  0  0  0  0  1  0  1  1  1  0  0  0  0  0  0  2  0  1  1  2  2  2  2
 38 Rotate R-P-S            16   2 27 12   0  0  0  0  0  0  0  0  0  0  0  0  0  0  0  0  0  0  1  0  0  0  0  1  0  1  1  1  0  0  2  2  1  0  1  1  1  1  1  1  0  1
 39 Beat Frequent Pick      16   4 29  8   0  0  0  0  0  0  0  0  0  0  0  0  0  0  0  0  0  0  0  0  0  0  0  1  0  1  1  1  0  0  1  0  1  0  2  1  0  1  1  2  2  2
 40 Good Ole Rock           16   3 28 10   0  0  0  0  0  0  0  0  0  0  0  0  0  0  0  0  0  0  1  0  0  0  0  1  0  1  1  1  0  0  1  0  1  1  2  1  0  1  0  1  2  2
 41 * Anti-Flat             12   3 32  6   0  0  0  0  0  0  0  0  0  0  0  0  0  0  0  0  0  0  2  0  0  0  0  1  0  1  1  1  0  0  0  0  1  2  0  1  0  2  0  0  1  0
 42 R-P-S 20-20-60          12   1 30 10   0  0  0  0  0  0  0  0  0  0  0  0  0  0  0  0  0  0  1  0  0  0  0  1  0  1  1  1  0  0  1  0  0  1  1  1  0  1  0  0  2  1


   Yomi AI is match ranked 8

 Tournament results:
    Player Name          total 
  1 Yomi AI               5839 
 19 Iocaine Powder       11104 
 20 Phasenbott            9927 
 21 MegaHAL               9333 
 22 RussRocker4           7831 
 23 Biopic                8871 
 24 Simple Modeller       9614 
 25 Simple Predictor      6540 
 26 Robertot              7895 
 27 Boom                  7838 
 28 Shofar                6127 
 29 ACT-R Lag2            7291 
 32 Granite               6700 
 33 Marble                6588 
 35 Sweet Rocky           6697 
 36 Piedra                7578 
 41 Bugbrain              5884 

   Yomi is tournament ranked 17

