 Playing 1 tournaments with 1000 trials per match...

 Yomi AI            vs Good Ole Rock       Match: 1000 (1000+   0-   0=)
 Yomi AI            vs R-P-S 20-20-60      Match:   91 (413+ 322- 265=)
 Yomi AI            vs Rotate R-P-S        Match:  482 (735+ 253-  12=)
 Yomi AI            vs Beat The Last Move  Match:    3 (325+ 322- 353=)
 Yomi AI            vs Always Switchin'    Match:   84 (411+ 327- 262=)
 Yomi AI            vs Beat Frequent Pick  Match:  371 (630+ 259- 111=)
 Yomi AI            vs * Pi                Match:    7 (338+ 331- 331=)
 Yomi AI            vs * Switch A Lot      Match:   59 (373+ 314- 313=)
 Yomi AI            vs * Flat              Match:   33 (371+ 338- 291=)
 Yomi AI            vs * Anti-Flat         Match:  999 (999+   0-   1=)
 Yomi AI            vs * Foxtrot           Match:  111 (436+ 325- 239=)
 Yomi AI            vs * De Bruijn         Match:   15 (352+ 337- 311=)
 Yomi AI            vs * Text              Match:   24 (359+ 335- 306=)
 Yomi AI            vs * Anti-rotn         Match:    7 (346+ 339- 315=)
 Yomi AI            vs * Copy-drift        Match:    6 (326+ 320- 354=)
 Yomi AI            vs * Add-react         Match:   -6 (338+ 344- 318=)
 Yomi AI            vs * Add-drift         Match:  -20 (308+ 328- 364=)
 Yomi AI            vs Iocaine Powder      Match:   29 (342+ 313- 345=)
 Yomi AI            vs Phasenbott          Match:  -15 (322+ 337- 341=)
 Yomi AI            vs MegaHAL             Match:  -52 (311+ 363- 326=)
 Yomi AI            vs RussRocker4         Match:  -14 (334+ 348- 318=)
 Yomi AI            vs Biopic              Match:   17 (345+ 328- 327=)
 Yomi AI            vs Simple Modeller     Match:   -1 (333+ 334- 333=)
 Yomi AI            vs Simple Predictor    Match:   30 (357+ 327- 316=)
 Yomi AI            vs Robertot            Match:   13 (347+ 334- 319=)
 Yomi AI            vs Boom                Match:   24 (342+ 318- 340=)
 Yomi AI            vs Shofar              Match:   19 (336+ 317- 347=)
 Yomi AI            vs ACT-R Lag2          Match:  -17 (329+ 346- 325=)
 Yomi AI            vs Majikthise          Match:    6 (328+ 322- 350=)
 Yomi AI            vs Vroomfondel         Match:   13 (333+ 320- 347=)
 Yomi AI            vs Granite             Match:   19 (385+ 366- 249=)
 Yomi AI            vs Marble              Match:   38 (405+ 367- 228=)
 Yomi AI            vs ZQ Bot              Match:   55 (397+ 342- 261=)
 Yomi AI            vs Sweet Rocky         Match:   26 (383+ 357- 260=)
 Yomi AI            vs Piedra              Match:   41 (393+ 352- 255=)
 Yomi AI            vs Mixed Strategy      Match:   76 (391+ 315- 294=)
 Yomi AI            vs Multi-strategy      Match:   96 (412+ 316- 272=)
 Yomi AI            vs Inocencio           Match:   33 (386+ 353- 261=)
 Yomi AI            vs Peterbot            Match:   33 (349+ 316- 335=)
 Yomi AI            vs Bugbrain            Match:   16 (351+ 335- 314=)
 Yomi AI            vs Knucklehead         Match:  191 (489+ 298- 213=)
 Final results (draw value = 50):

 Tournament results: 

    Player Name          total     1    2    3    4    5    6    7    8    9   10   11   12   13   14   15   16   17   18   19   20   21   22   23   24   25   26   27   28   29   30   31   32   33   34   35   36   37   38   39   40   41   42
  1 Iocaine Powder       10724     0   45   66   31   28   46   -2  500  181   48  237  231   -2  114   25   11   77  279   73   74   35  -29  211  203    1  -28  126  326  107  253   39  216  608  138  839  361  392  901  997  981  992  993
  2 Phasenbott           10091   -45    0   57   17   42   57    2  535  110   24  211  195  -38   41  107   46   57  291   36    1    7   15  284  199   52   54   73  370   13  385  103   57  387   84  998  232  142  918  986  992  994 1000
  3 MegaHAL               9513   -66  -57    0   17   24   22   15   85   45   63  238  240   -2  -13   -1   26   42  243    6  -52  115   52  139  158  -10    7  215   64   87  272  250   87  370  189  913  425  397  932  993  988  999  996
  4 Biopic                8731   -31  -17  -17    0  -31   32  -13   46   72   32   77  110   43   32   62  -14   56   92  -34  -28  132  -17  211  130  -19    1   45  352   93   86  135  165  493  158  757  309  367  886  995  993  998  992
  5 Simple Modeller       8578   -28  -42  -24   31    0   14   15  -22  314   29   90   17  -53   -4   82   85   70  294   23  -16   71    1  231  450  -50  -21  275  -27  222  126  263   48  276  136  321  436  375  594  997  992  999  988
  6 Robertot              7877   -46  -57  -22  -32  -14    0  -20  -18   39   60   34   41   -8  -16   35  -17   43  126  -25  -35   19  -13  252   35   -6  -34   23  -10  103   84   60   47  399  175  995  466  414  835  982  991  997  995
  7 Boom                  7732     2   -2  -15   13  -15   20    0  -31  -24   37   12   55  -30  -43   59   36   40   51   -2  -42  -11  -24  219  296   43    0   17    9   91   98  142   27  421  135  588  465  396  753  965  990  997  994
  8 RussRocker4           7729  -500 -535  -85  -46   22   18   31    0   96   35  142  158   18  -19   40   -8   42  181    5   -1   36   14  265  123  -43   -8  160  170  159  338   92  164  502  121  935  246  272  607  993  995  998  996
  9 Simple Predictor      7063  -181 -110  -45  -72 -314  -39   24  -96    0   18   45   41  -21  -30   59   24   33  147    0  -18   77  -30  179   79  -73  -21  264  -72  272  101  253  132  204  149  669  447  416  588  984  986  996  998
 10 Sweet Rocky           6948   -48  -24  -63  -32  -29  -60  -37  -35  -18    0  -16  -33  -16  -24   25    0   41  -38    0   -2    6  -26  119  786  -43   43  107   11   46  235  145  169   80  182  268  247  421  595  994  989  996  987
 11 Marble                6720  -237 -211 -238  -77  -90  -34  -12 -142  -45   16    0    9  -53 -130   24  -23   53   33  -40  -42   21  -38  338  647  -70  -10   73   33  -45   77  143  177  307  183  919  247  372  592  996  997 1000 1000
 12 Granite               6660  -231 -195 -240 -110  -17  -41  -55 -158  -41   33   -9    0  -35 -110   42  -89   79  -18  -47   11   32  -19  264  653  -83  -32  -41   23   45  129  144  156  306  174  943  202  431  591  992  992  999  990
 13 Shofar                6192     2   38    2  -43   53    8   30  -18   21   16   53   35    0   42   41  -19   52   53   14   17   52  -19   70   48   10  -24  -18   20   39   46   67   76  175  109  179  393  228  551  901  939  974  979
 14 ACT-R Lag2            6168  -114  -41   13  -32    4   16   43   19   30   24  130  110  -42    0   58   22   38   97   52  -18   71   17  316   39  -88   18   11  -22   16   80  161  121  485  112  218  277  338  578   27  995  999  990
 15 Piedra                5639   -25 -107    1  -62  -82  -35  -59  -40  -59  -25  -24  -42  -41  -58    0  -26   26  -16  -29  -20   37  -41   52  -73  -19  -60  -10  -25   61  378  151  144  209  176  170  244  403  585  991  997  998  994
 16 Bugbrain              5603   -11  -46  -26   14  -85   17  -36    8  -24    0   23   89   19  -22   26    0   43  147    5    1    8  -16   85   19  -17    0  110   -6   64  104  149   15  114   46  117  238  153  411  961  973  977  956
 17 * Anti-rotn           5431   -77  -57  -42  -56  -70  -43  -40  -42  -33  -41  -53  -79  -52  -38  -26  -43    0  -62   11   12    7   -7  260  597  -58  -42    2   -6    2   20  345  222   88   53   46  471  184  598  496  998  998  988
 18 ZQ Bot                5383  -279 -291 -243  -92 -294 -126  -51 -181 -147   38  -33   18  -53  -97   16 -147   62    0  -50  -32  -17  -55  275  -84  -21  -14   65   16   -9  299  171  169  279  181  808  321  401  596  996  995  997  996
 19 Vroomfondel           4658   -73  -36   -6   34  -23   25    2   -5    0    0   40   47  -14  -52   29   -5  -11   50    0   24   28  -13  201  106   -7  -17  -16  -15    7    3   95   69  253   -1   25  322  175  464  -22  991  991  993
 20 Majikthise            4629   -74   -1   52   28   16   35   42    1   18    2   42  -11  -17   18   20   -1  -12   32  -24    0   35   -6  215   69  -22  -22   76  -15    1  -26   86   72  239   36  -55  253  120  453  -29  994  994  995
 21 Mixed Strategy        4626   -35   -7 -115 -132  -71  -19   11  -36  -77   -6  -21  -32  -52  -71  -37   -8   -7   17  -28  -35    0  -76   57   -1  -52    0   15    3   72  -22   33   50  222  166   96   45  426  445  954  960  995  999
 22 Yomi AI               3942    29  -15  -52   17   -1   13   24  -14   30   26   38   19   19  -17   41   16    7   55   13    6   76    0   96   33   15    7  -20  111    6   -6   59   33  191   24   33   84   91  371    3  482 1000  999
 23 Multi-strategy        2764  -211 -284 -139 -211 -231 -252 -219 -265 -179 -119 -338 -264  -70 -316  -52  -85 -260 -275 -201 -215  -57  -96    0 -104  -50  -20    4   15  249   38  296   98   81  123  500  497  387  999  997  997  999  997
 24 Inocencio             1746  -203 -199 -158 -130 -450  -35 -296 -123  -79 -786 -647 -653  -48  -39   73  -19 -597   84 -106  -69    1  -33  104    0  -30  -11   10  348  134   99   -6  195  260  157  133  388  400  356  772  985  982  982
 25 * De Bruijn            696    -1  -52   10   19   50    6  -43   43   73   43   70   83  -10   88   19   17   58   21    7   22   52  -15   50   30    0   -1   -7  -23  -27   22  -24   13   39   23   -7   -2    5  128   -1   21    0 -103
 26 * Pi                   184    28  -54   -7   -1   21   34    0    8   21  -43   10   32   24  -18   60    0   42   14   17   22    0   -7   20   11    1    0  -25    6   -6  -50    1   40   19  -81    3   56  -35   30   22  -11  -11   -9
 27 * Add-drift          -1637  -126  -73 -215  -45 -275  -23  -17 -160 -264 -107  -73   41   18  -11   10 -110   -2  -65   16  -76  -15   20   -4  -10    7   25    0   20   14  -46   -1   22 -111    6    9  -31  -25  -61   46    4   20   31
 28 * Foxtrot            -1779  -326 -370  -64 -352   27   10   -9 -170   72  -11  -33  -23  -20   22   25    6    6  -16   15   15   -3 -111  -15 -348   23   -6  -20    0  -16   21   14   33  -43   -1  -43  -16  -20  -15   -2    4  -13   -6
 29 * Copy-drift         -1905  -107  -13  -87  -93 -222 -103  -91 -159 -272  -46   45  -45  -39  -16  -61  -64   -2    9   -7   -1  -72   -6 -249 -134   27    6  -14   16    0    0   18   40 -153   20  -26   28  -15  -21   18  -35  -18   39
 30 * Add-react          -3055  -253 -385 -272  -86 -126  -84  -98 -338 -101 -235  -77 -129  -46  -80 -378 -104  -20 -299   -3   26   22    6  -38  -99  -22   50   46  -21    0    0  -35   52  -92   -5  -27   45  -28  -18   35   30   97   35
 31 * Switch A Lot       -3060   -39 -103 -250 -135 -263  -60 -142  -92 -253 -145 -143 -144  -67 -161 -151 -149 -345 -171  -95  -86  -33  -59 -296    6   24   -1    1  -14  -18   35    0    2   32    7 -139   59   17   23  296   10  -18    0
 32 * Flat               -3066  -216  -57  -87 -165  -48  -47  -27 -164 -132 -169 -177 -156  -76 -121 -144  -15 -222 -169  -69  -72  -50  -33  -98 -195  -13  -40  -22  -33  -40  -52   -2    0    1  -51 -145  -15  -21  256  202   30    1 -413
 33 Knucklehead          -3133  -608 -387 -370 -493 -276 -399 -421 -502 -204  -80 -307 -306 -175 -485 -209 -114  -88 -279 -253 -239 -222 -191  -81 -260  -39  -19  111   43  153   92  -32   -1    0  -44  -73  -39   38  149  971  565  987  954
 34 * Text               -3245  -138  -84 -189 -158 -136 -175 -135 -121 -149 -182 -183 -174 -109 -112 -176  -46  -53 -181    1  -36 -166  -24 -123 -157  -23   81   -6    1  -20    5   -7   51   44    0   22  -18  -26 -185  -74  -11 -185  112
 35 Peterbot             -5940  -839 -998 -913 -757 -321 -995 -588 -935 -669 -268 -919 -943 -179 -218 -170 -117  -46 -808  -25   55  -96  -33 -500 -133    7   -3   -9   43   26   27  139  145   73  -22    0  228  403  439  981  999  999 1000
 36 Always Switchin'     -7354  -361 -232 -425 -309 -436 -466 -465 -246 -447 -247 -247 -202 -393 -277 -244 -238 -471 -321 -322 -253  -45  -84 -497 -388    2  -56   31   16  -28  -45  -59   15   39   18 -228    0   10    7  495   15   25    5
 37 R-P-S 20-20-60       -8455  -392 -142 -397 -367 -375 -414 -396 -272 -416 -421 -372 -431 -228 -338 -403 -153 -184 -401 -175 -120 -426  -91 -387 -400   -5   35   25   20   15   28  -17   21  -38   26 -403  -10    0 -380 -119   25 -362  385
 38 Beat Frequent Pick  -14155  -901 -918 -932 -886 -594 -835 -753 -607 -588 -595 -592 -591 -551 -578 -585 -411 -598 -596 -464 -453 -445 -371 -999 -356 -128  -30   61   15   21   18  -23 -256 -149  185 -439   -7  380    0 -600    0  999  997
 39 Beat The Last Move  -19194  -997 -986 -993 -995 -997 -982 -965 -993 -984 -994 -996 -992 -901  -27 -991 -961 -496 -996   22   29 -954   -3 -997 -772    1  -22  -46    2  -18  -35 -296 -202 -971   74 -981 -495  119  600    0    1 1000  996
 40 Rotate R-P-S        -25507  -981 -992 -988 -993 -992 -991 -990 -995 -986 -989 -997 -992 -939 -995 -997 -973 -998 -995 -991 -994 -960 -482 -997 -985  -21   11   -4   -4   35  -30  -10  -30 -565   11 -999  -15  -25    0   -1    0    0 -668
 41 Good Ole Rock       -26392  -992 -994 -999 -998 -999 -997 -997 -998 -996 -996 -1000 -999 -974 -999 -998 -977 -998 -997 -991 -994 -995 -1000 -999 -982    0   11  -20   13   18  -97   18   -1 -987  185 -999  -25  362 -999 -1000    0    0  998
 42 * Anti-Flat         -28150  -993 -1000 -996 -992 -988 -995 -994 -996 -998 -987 -1000 -990 -979 -990 -994 -956 -988 -996 -993 -995 -999 -999 -997 -982  103    9  -31    6  -39  -35    0  413 -954 -112 -1000   -5 -385 -997 -996  668 -998    0

 Match results (draw <= 50): 

    Player Name           total  W  L  D   1  2  3  4  5  6  7  8  9 10 11 12 13 14 15 16 17 18 19 20 21 22 23 24 25 26 27 28 29 30 31 32 33 34 35 36 37 38 39 40 41 42
  1 Phasenbott              69  28  0 13   1  1  1  2  1  2  1  1  1  2  1  1  2  1  1  1  2  2  2  2  2  1  2  2  2  2  2  2  2  1  2  2  2  2  2  2  2  2  2  2  2  2
  2 Iocaine Powder          68  27  0 14   1  1  1  2  1  2  1  1  2  1  1  1  2  1  2  2  2  2  1  1  2  1  2  2  1  2  2  2  2  2  2  2  2  2  2  1  2  2  2  2  2  2
  3 Biopic                  65  24  0 17   1  1  1  1  1  1  1  1  1  1  1  1  2  1  1  1  2  2  2  1  2  2  2  2  1  2  2  2  1  2  2  2  2  2  2  2  2  2  2  2  2  2
  4 MegaHAL                 63  25  3 13   0  0  1  1  1  2  1  1  1  1  1  2  1  2  0  1  2  2  1  1  1  2  2  2  1  2  2  2  2  2  2  2  2  2  2  2  2  2  2  2  2  2
  5 Simple Modeller         63  23  1 17   1  1  1  1  1  1  1  0  1  1  2  1  2  1  1  1  2  1  2  1  2  2  2  2  1  1  2  2  2  2  2  2  2  1  2  2  2  2  2  2  2  2
  6 RussRocker4             60  22  3 16   0  0  1  0  1  1  1  1  1  1  1  1  2  1  1  1  2  2  1  1  1  1  2  2  1  2  2  2  2  2  2  2  2  2  2  2  2  2  2  2  2  2
  7 Boom                    59  18  0 23   1  1  1  1  1  1  1  1  1  1  1  1  1  1  1  1  1  2  2  1  1  1  2  2  1  1  2  2  1  2  2  2  2  1  2  2  2  2  2  2  2  2
  8 Shofar                  59  18  0 23   1  1  1  1  2  1  1  1  1  1  1  1  1  1  1  1  2  1  1  1  2  2  1  2  1  1  2  2  1  1  1  2  2  2  2  2  2  2  2  2  2  2
  9 ACT-R Lag2              58  19  2 20   1  0  1  1  1  1  1  1  1  1  1  1  1  1  1  2  2  2  2  0  1  2  1  2  1  1  2  2  1  1  2  2  1  2  2  2  2  2  2  2  2  2
 10 Robertot                56  16  1 24   0  1  1  1  1  1  1  1  1  1  1  2  1  1  1  1  1  1  1  1  1  1  1  2  1  1  2  2  1  2  2  2  2  1  2  2  2  2  2  2  2  2
 11 Bugbrain                56  16  1 24   1  1  1  1  0  1  1  1  1  1  1  1  1  1  1  1  1  2  1  1  1  1  1  2  1  1  2  2  2  2  2  2  2  1  1  2  2  2  2  2  2  2
 12 Sweet Rocky             55  16  2 23   1  1  1  0  1  1  1  1  1  0  1  1  1  1  1  1  1  1  1  1  1  1  2  1  1  1  2  2  2  1  2  2  2  2  2  2  2  2  2  2  2  2
 13 Simple Predictor        54  20  7 14   0  0  0  1  0  0  1  1  1  1  1  1  1  1  1  1  1  1  2  0  1  2  2  2  1  0  2  2  2  2  2  2  2  2  2  2  2  2  2  2  2  2
 14 Yomi AI                 52  12  1 28   1  1  1  0  1  1  1  1  1  1  1  1  1  1  1  1  1  1  1  1  1  2  1  2  1  2  1  2  1  1  1  2  1  1  1  2  2  2  2  2  2  2
 15 Majikthise              52  13  2 26   1  0  1  2  1  1  1  1  1  1  1  1  1  1  1  1  1  1  1  1  1  1  2  1  1  1  0  2  2  1  1  2  1  2  1  2  2  2  2  2  2  2
 16 Vroomfondel             50  11  2 28   1  0  1  1  1  1  1  1  0  1  1  1  1  1  1  1  1  1  1  1  1  1  2  1  1  1  1  2  1  1  1  2  1  2  1  2  2  2  2  2  2  2
 17 Marble                  49  17  9 15   0  0  0  0  0  0  1  0  0  1  1  1  1  1  1  1  1  1  1  0  2  1  2  1  1  1  2  2  2  1  2  2  2  2  2  2  2  2  2  2  2  2
 18 Granite                 48  16  9 16   0  0  0  0  1  0  0  1  0  1  0  1  1  1  1  1  1  1  1  0  2  1  2  1  1  1  2  2  1  1  2  2  2  2  2  2  2  2  2  2  2  2
 19 Piedra                  48  15  8 18   0  1  0  1  0  1  0  1  0  1  1  1  0  1  1  1  1  1  1  1  1  1  0  1  0  1  2  2  1  2  2  2  2  2  2  2  2  2  2  2  2  2
 20 * De Bruijn             46   7  2 32   0  1  1  1  1  1  1  1  2  1  1  1  2  1  1  1  2  2  1  1  2  2  1  1  1  1  1  1  1  1  1  1  1  1  1  1  2  1  1  1  1  0
 21 * Anti-rotn             45  13  9 19   0  0  0  1  0  1  1  0  1  1  1  1  1  1  1  1  0  0  1  0  1  1  2  0  1  1  1  2  1  1  1  2  2  2  2  2  2  2  2  2  2  2
 22 Mixed Strategy          44  11  8 22   1  1  0  0  0  1  1  0  0  1  1  1  0  0  1  1  1  1  1  0  1  1  1  1  1  1  2  2  1  2  1  2  2  1  2  1  2  1  2  2  2  2
 23 Inocencio               44  17 14 10   0  0  0  0  0  0  0  1  1  1  1  0  0  1  0  0  0  0  2  1  0  1  1  2  1  2  2  2  1  2  2  2  2  2  2  1  2  2  2  2  2  2
 24 ZQ Bot                  43  16 14 11   0  0  0  0  0  0  0  0  0  0  0  1  0  0  1  1  1  1  1  1  2  1  0  1  1  1  2  2  2  1  2  2  2  2  2  2  2  2  2  2  2  2
 25 * Pi                    41   2  2 37   0  1  1  1  1  1  1  1  1  1  1  1  1  1  1  1  1  1  2  1  1  1  1  1  1  1  1  1  1  1  1  1  1  1  0  1  1  2  1  1  1  1
 26 * Foxtrot               35   1  7 33   0  0  0  0  1  0  1  1  1  1  1  1  2  0  1  1  1  1  1  1  1  1  0  1  1  1  1  1  1  1  1  1  1  1  1  1  1  1  1  1  1  1
 27 Peterbot                32  11 20 10   0  0  0  0  0  0  0  0  0  0  0  0  0  1  2  1  0  0  0  1  1  0  0  0  1  1  1  0  1  1  1  2  2  2  1  2  2  2  2  2  2  2
 28 Multi-strategy          31  13 23  5   0  0  0  0  0  0  0  0  0  0  0  0  0  0  0  0  0  0  0  1  0  0  0  0  1  1  2  1  1  2  1  2  2  2  2  2  2  2  2  2  2  2
 29 * Add-drift             28   0 13 28   0  0  1  0  0  0  1  1  1  1  0  0  0  1  0  1  0  1  1  1  1  1  1  0  1  1  1  1  1  1  1  0  1  1  1  1  0  1  1  1  1  1
 30 * Copy-drift            27   0 14 27   1  0  0  0  0  0  0  1  1  0  0  1  0  1  1  1  1  1  0  1  1  0  0  1  1  1  1  0  1  1  1  0  1  1  1  1  1  1  1  1  1  1
 31 * Add-react             25   2 18 21   0  0  0  0  0  0  0  1  0  0  0  0  0  1  1  1  0  0  0  1  1  1  0  0  1  1  1  1  1  1  1  0  1  2  1  1  1  1  2  1  1  1
 32 Knucklehead             24   8 25  8   0  0  0  0  0  0  0  0  0  0  0  0  0  0  0  0  0  0  0  1  0  0  0  0  1  1  0  0  2  2  2  1  2  1  1  1  2  1  2  2  1  2
 33 Beat The Last Move      21   5 25 11   0  0  0  0  0  0  0  0  1  0  0  0  0  1  1  1  0  0  0  1  0  0  0  0  1  1  0  0  1  1  1  0  1  0  2  0  2  0  2  1  2  2
 34 * Flat                  21   2 22 17   0  0  0  0  1  0  1  0  0  1  1  0  0  1  0  0  0  0  0  1  0  1  0  0  1  1  0  0  1  1  0  1  2  1  0  1  2  1  1  1  1  0
 35 * Text                  21   3 23 15   0  0  0  0  0  0  0  0  0  0  1  0  0  1  1  1  0  0  0  1  0  0  0  0  2  1  1  0  1  1  1  1  0  2  1  1  0  1  0  1  1  2
 36 * Switch A Lot          21   2 22 17   0  1  0  0  0  0  0  0  0  0  0  0  0  0  0  0  0  0  0  1  0  1  1  0  1  1  0  0  1  1  1  1  2  1  1  1  1  2  1  1  1  1
 37 Beat Frequent Pick      17   5 29  7   0  0  0  0  0  0  0  0  0  0  0  0  0  0  0  0  0  0  0  0  0  0  0  0  1  1  0  0  2  1  1  0  0  0  2  1  1  1  2  1  2  2
 38 Always Switchin'        16   1 26 14   0  0  0  0  0  0  0  0  0  0  0  0  0  0  0  0  0  0  0  1  0  1  0  0  0  1  0  0  1  1  1  1  2  1  1  0  1  1  1  1  1  1
 39 Good Ole Rock           15   3 29  9   0  0  0  0  0  0  0  0  0  0  0  0  0  0  0  0  0  0  0  1  0  0  0  0  1  1  0  0  1  1  0  0  0  1  2  1  0  1  1  1  2  2
 40 Rotate R-P-S            14   0 27 14   0  0  0  0  0  0  0  0  0  0  0  0  0  0  0  0  0  0  0  1  0  0  0  0  1  1  0  0  1  1  1  0  1  1  1  1  1  1  1  1  1  0
 41 R-P-S 20-20-60          14   1 28 12   0  0  0  0  0  0  0  0  0  0  0  0  0  0  0  0  0  0  0  1  0  0  0  0  1  1  0  0  1  1  1  1  0  1  1  1  0  1  0  1  1  2
 42 * Anti-Flat             13   3 31  7   0  0  0  0  0  0  0  0  0  0  0  0  0  0  0  0  0  0  0  2  0  0  0  0  1  1  0  0  1  1  1  0  0  2  0  1  0  1  0  2  0  1


   Yomi AI is match ranked 14

 Tournament results:
    Player Name          total 
  1 Yomi AI               3942 
 15 * Anti-rotn           5431 
 19 Iocaine Powder       10724 
 20 Phasenbott           10091 
 21 MegaHAL               9513 
 22 RussRocker4           7729 
 23 Biopic                8731 
 24 Simple Modeller       8578 
 25 Simple Predictor      7063 
 26 Robertot              7877 
 27 Boom                  7732 
 28 Shofar                6192 
 29 ACT-R Lag2            6168 
 30 Majikthise            4629 
 31 Vroomfondel           4658 
 32 Granite               6660 
 33 Marble                6720 
 34 ZQ Bot                5383 
 35 Sweet Rocky           6948 
 36 Piedra                5639 
 37 Mixed Strategy        4626 
 41 Bugbrain              5603 

   Yomi is tournament ranked 22

