 Playing 1 tournaments with 1000 trials per match...

 Yomi AI            vs Good Ole Rock       Match:  998 (999+   1-   0=)
 Yomi AI            vs R-P-S 20-20-60      Match:  315 (533+ 218- 249=)
 Yomi AI            vs Rotate R-P-S        Match:  993 (995+   2-   3=)
 Yomi AI            vs Beat The Last Move  Match:   84 (405+ 321- 274=)
 Yomi AI            vs Always Switchin'    Match:  165 (445+ 280- 275=)
 Yomi AI            vs Beat Frequent Pick  Match:  498 (682+ 184- 134=)
 Yomi AI            vs * Pi                Match:  -43 (317+ 360- 323=)
 Yomi AI            vs * Switch A Lot      Match:  111 (406+ 295- 299=)
 Yomi AI            vs * Flat              Match:   68 (381+ 313- 306=)
 Yomi AI            vs * Anti-Flat         Match:  999 (999+   0-   1=)
 Yomi AI            vs * Foxtrot           Match:  359 (566+ 207- 227=)
 Yomi AI            vs * De Bruijn         Match:  -10 (326+ 336- 338=)
 Yomi AI            vs * Text              Match:   78 (400+ 322- 278=)
 Yomi AI            vs * Anti-rotn         Match:    3 (360+ 357- 283=)
 Yomi AI            vs * Copy-drift        Match:   -6 (343+ 349- 308=)
 Yomi AI            vs * Add-react         Match:   74 (394+ 320- 286=)
 Yomi AI            vs * Add-drift         Match:   14 (350+ 336- 314=)
 Yomi AI            vs Iocaine Powder      Match:   16 (334+ 318- 348=)
 Yomi AI            vs Phasenbott          Match:  -28 (318+ 346- 336=)
 Yomi AI            vs MegaHAL             Match:   10 (349+ 339- 312=)
 Yomi AI            vs RussRocker4         Match:    2 (351+ 349- 300=)
 Yomi AI            vs Biopic              Match:   -2 (364+ 366- 270=)
 Yomi AI            vs Simple Modeller     Match:    1 (345+ 344- 311=)
 Yomi AI            vs Simple Predictor    Match:   -2 (351+ 353- 296=)
 Yomi AI            vs Robertot            Match:    1 (332+ 331- 337=)
 Yomi AI            vs Boom                Match:   35 (363+ 328- 309=)
 Yomi AI            vs Shofar              Match:  -27 (326+ 353- 321=)
 Yomi AI            vs ACT-R Lag2          Match:  -14 (326+ 340- 334=)
 Yomi AI            vs Majikthise          Match:  -11 (331+ 342- 327=)
 Yomi AI            vs Vroomfondel         Match:  -11 (329+ 340- 331=)
 Yomi AI            vs Granite             Match:   57 (393+ 336- 271=)
 Yomi AI            vs Marble              Match:  121 (439+ 318- 243=)
 Yomi AI            vs ZQ Bot              Match:  127 (440+ 313- 247=)
 Yomi AI            vs Sweet Rocky         Match:   28 (356+ 328- 316=)
 Yomi AI            vs Piedra              Match:   41 (360+ 319- 321=)
 Yomi AI            vs Mixed Strategy      Match:   57 (390+ 333- 277=)
 Yomi AI            vs Multi-strategy      Match:  231 (499+ 268- 233=)
 Yomi AI            vs Inocencio           Match:   63 (380+ 317- 303=)
 Yomi AI            vs Peterbot            Match:   21 (364+ 343- 293=)
 Yomi AI            vs Bugbrain            Match:   30 (357+ 327- 316=)
 Yomi AI            vs Knucklehead         Match:  483 (654+ 171- 175=)
 Final results (draw value = 50):

 Tournament results: 

    Player Name          total     1    2    3    4    5    6    7    8    9   10   11   12   13   14   15   16   17   18   19   20   21   22   23   24   25   26   27   28   29   30   31   32   33   34   35   36   37   38   39   40   41   42
  1 Iocaine Powder       10804     0   95   30  -19   22  493   37  211   13   65   63   55   24  253  240  -16   45   75   54  299   51    4  211   17   -1  167  115  156  399  213  103  306  557   48  918  205  379  948  997  982  991  999
  2 Phasenbott            9922   -95    0   37   36   29  511   41  121   59   87    1   15   51  194  210   28   66   67   76  280   70    0  167   32  -33  190   94  105  379   33   77  319  400  103  930  230  155  902  984  995  993  983
  3 MegaHAL               9544   -30  -37    0   12    3   73   31   65   61   -8  -18   51   12  245  272  -10   35   43   45  238  -45  -72  229  -35   19  212   40  212   40  126  189  258  370  268  886  433  412  941  990  989  999 1000
  4 Simple Modeller       8906    19  -36  -12    0  -30  -46    5  250   30    1  -16   -1   63  101  100   -1   75   45   72  284  -16   10  218  -17   -1  727  219  225   10  113  155  100  267  275  308  458  382  595  991  993  996  995
  5 Biopic                8098   -22  -29   -3   30    0  -36  -13   43   29   16   -9   52   71   87  135    2    7   71   -8   86    6  -51  265  -52  -26  147   19  -46  387  152  150   71  511  163  727  335  335  510  996  995  998  997
  6 RussRocker4           7956  -493 -511  -73   46   36    0    2  103   71   20    5   37   34  117  188   -2   45   66   78  125   -2    6  275  -19  -12  131  134   99  179  101   55  359  505  160  932  251  333  593  992  991  999 1000
  7 Boom                  7777   -37  -41  -31   -5   13   -2    0  -30   16  -31  -38   49   31   25   34  -35   -8   53   37   77  -36  -56  253    2  -49  832   50   82   37    6  119   88  419   92  470  371  327  753  960  989  997  994
  8 Simple Predictor      7575  -211 -121  -65 -250  -43 -103   30    0  -38  -64   27   39   55   -3   -2    2   54   68  106  151  -33  -19  179  -73  -21  358  266  280  -25   51  166  123  252  227  932  355  367  592  984  990  996  996
  9 Robertot              7558   -13  -59  -61  -30  -29  -71  -16   38    0   16   12   66   21  -37   85   -1   35   45   54  121  -25   35  301   -6   -2   40   37   88   18   72  180   91  407   85  425  432  394  830  987 1000  999  994
 10 ACT-R Lag2            6928   -65  -87    8   -1  -16  -20   31   64  -16    0   18   33   73  102  127   14   10   20   71   84   14  -28  320  -53    5  112   24  -18  -16  141  104   87  469  122  989  214  380  576   41  999  998  998
 11 Shofar                6826   -63   -1   18   16    9   -5   38  -27  -12  -18    0   29   23   72   71   27   27   42   25   61  -13    5  128  -49   -9  744  113  -68  -18  -12  160   89  178  181   29  410  288  547  902  930  972  987
 12 Piedra                6515   -55  -15  -51    1  -52  -37  -49  -39  -66  -33  -29    0   14  -33  -53  -41  -55  -14   17  -25   11   -6  102   13    7   -8   45   62  -16  132  167  325  201  184  752  217  377  591  991  989  995  999
 13 Sweet Rocky           6395   -24  -51  -12  -63  -71  -34  -31  -55  -21  -73  -23  -14    0  -60  -65  -28  -62   12  -69  -31  -61  -39   64  -14    3  790   32   76  -15   98  164  283  253  129  278  192  368  590  994  999  995  991
 14 Granite               6179  -253 -194 -245 -101  -87 -117  -25    3   37 -102  -72   33   60    0   37  -57 -101   44  -19   26  -30   22  244  -56   -4   55  -57   -1   88  158  174   63  326  166  924  259  399  592  994  998  998 1000
 15 Marble                5982  -240 -210 -272 -100 -135 -188  -34    2  -85 -127  -71   53   65  -37    0 -121  -57   60   64   71  -61  -24  276  -86  -45   33   70   72   64  132  177  174  334  203  772  241  430  594  994  996  998 1000
 16 Yomi AI               5929    16  -28   10    1   -2    2   35   -2    1  -14  -27   41   28   57  121    0   30    3   57  127  -11  -11  231  -10  -43   63   -6   14  359   68   78   74  483  111   21  165  315  498   84  993  998  999
 17 Bugbrain              5715   -45  -66  -35  -75   -7  -45    8  -54  -35  -10  -27   55   62  101   57  -30    0   43   76  184  -56   57  122  -22  -10   11   53   82   -5   75   36  101  170   86  320  217  200  348  899  939  974  961
 18 * Anti-rotn           5456   -75  -67  -43  -45  -71  -66  -53  -68  -45  -20  -42   14  -12  -44  -60   -3  -43    0  -42  -85   -8   31  276  -39  -37  264   21  -33  -55  220   59   43    0  307  499  512  187  597  490  999  998  995
 19 Mixed Strategy        5386   -54  -76  -45  -72    8  -78  -37 -106  -54  -71  -25  -17   69   19  -64  -57  -76   42    0   15  -11  -23   -8  -70    4  276   25   14  -32  -11  176   78  206   98  277  230  351  528  985  994  978 1000
 20 ZQ Bot                4898  -299 -280 -238 -284  -86 -125  -77 -151 -121  -84  -61   25   31  -26  -71 -127 -184   85  -15    0  -80  -76  208  -31  -24  -48   13   29   21  144  140  152  320  130  902  229  398  592  988  989 1000  990
 21 Majikthise            4781   -51  -70   45   16   -6    2   36   33   25  -14   13  -11   61   30   61   11   56    8   11   80    0    8  179   -7  -11   45   10   38   12   31   12  -20  212   97   30  233  108  460   25  992  995  996
 22 Vroomfondel           4764    -4    0   72  -10   51   -6   56   19  -35   28   -5    6   39  -22   24   11  -57  -31   23   76   -8    0  200  -19  -12   72    8   -8   23  105   41   30  141   92   17  229  193  459   -8  991  993  990
 23 Multi-strategy        2185  -211 -167 -229 -218 -265 -275 -253 -179 -301 -320 -128 -102  -64 -244 -276 -231 -122 -276    8 -208 -179 -200    0  -50  -20  -90  274   16  -29  179  123   13   66  326  -57  481  403  999  997  997  999  998
 24 * De Bruijn            686   -17  -32   35   17   52   19   -2   73    6   53   49  -13   14   56   86   10   22   39   70   31    7   19   50    0   -1   22  -12  -35  -19   -4   23  -47   25   18   -3   43   -8  128   -1   21    0 -108
 25 * Pi                   263     1   33  -19    1   26   12   49   21    2   -5    9   -7   -3    4   45   43   10   37   -4   24   11   12   20    1    0   28  -16   -6  -11   -4  -81   -5  -29    4   14    1   29   30   22  -11  -11  -14
 26 Inocencio             -451  -167 -190 -212 -727 -147 -131 -832 -358  -40 -112 -744    8 -790  -55  -33  -63  -11 -264 -276   48  -45  -72   90  -22  -28    0   27   29  336  106  148  100  224   78   80  322  326  352 -342  981  980  975
 27 * Copy-drift         -1594  -115  -94  -40 -219  -19 -134  -50 -266  -37  -24 -113  -45  -32   57  -70    6  -53  -21  -25  -13  -10   -8 -274   12   16  -27    0   54   26   18   12  -52  -48   38  -11    8   27  -40  -42   -6    0   20
 28 * Add-drift          -1685  -156 -105 -212 -225   46  -99  -82 -280  -88   18   68  -62  -76    1  -72  -14  -82   33  -14  -29  -38    8  -16   35    6  -29  -54    0  -11   -7  -17  -53  -25   -6  -34  -32  -34    6   25   38   -2  -15
 29 * Foxtrot            -1989  -399 -379  -40  -10 -387 -179  -37   25  -18   16   18   16   15  -88  -64 -359    5   55   32  -21  -12  -23   29   19   11 -336  -26   11    0  -11   16  -12   43   70  -23    2  -52   35   -5   17   10   47
 30 * Flat               -2306  -213  -33 -126 -113 -152 -101   -6  -51  -72 -141   12 -132  -98 -158 -132  -68  -75 -220   11 -144  -31 -105 -179    4    4 -106  -18    7   11    0   30   40   32  -11 -134   43   13  244  236   67    1 -442
 31 * Text               -3183  -103  -77 -189 -155 -150  -55 -119 -166 -180 -104 -160 -167 -164 -174 -177  -78  -36  -59 -176 -140  -12  -41 -123  -23   81 -148  -12   17  -16  -30    0    3    2    4   43   12   33 -185  -74  -11 -185  111
 32 * Add-react          -3283  -306 -319 -258 -100  -71 -359  -88 -123  -91  -87  -89 -325 -283  -63 -174  -74 -101  -43  -78 -152   20  -30  -13   47    5 -100   52   53   12  -40   -3    0  -86   18  -74  -22    4    0   38   40  -11   -9
 33 Knucklehead          -3604  -557 -400 -370 -267 -511 -505 -419 -252 -407 -469 -178 -201 -253 -326 -334 -483 -170    0 -206 -320 -212 -141  -66  -25   29 -224   48   25  -43  -32   -2   86    0    0  -50    0   38   67  993  551  982 1000
 34 * Switch A Lot       -3789   -48 -103 -268 -275 -163 -160  -92 -227  -85 -122 -181 -184 -129 -166 -203 -111  -86 -307  -98 -130  -97  -92 -326  -18   -4  -78  -38    6  -70   11   -4  -18    0    0 -127  -57   -8   17  300  -38    7  -17
 35 Peterbot             -6892  -918 -930 -886 -308 -727 -932 -470 -932 -425 -989  -29 -752 -278 -924 -772  -21 -320 -499 -277 -902  -30  -17   57    3  -14  -80   11   34   23  134  -43   74   50  127    0  246  431  433  963  998  999 1000
 36 Always Switchin'     -7000  -205 -230 -433 -458 -335 -251 -371 -355 -432 -214 -410 -217 -192 -259 -241 -165 -217 -512 -230 -229 -233 -229 -481  -43   -1 -322   -8   32   -2  -43  -12   22    0   57 -246    0    3   -2  504   32    3  -75
 37 R-P-S 20-20-60       -8789  -379 -155 -412 -382 -335 -333 -327 -367 -394 -380 -288 -377 -368 -399 -430 -315 -200 -187 -351 -398 -108 -193 -403    8  -29 -326  -27   34   52  -13  -33   -4  -38    8 -431   -3    0 -380 -139  -10 -402  425
 38 Beat Frequent Pick  -13945  -948 -902 -941 -595 -510 -593 -753 -592 -830 -576 -547 -591 -590 -592 -594 -498 -348 -597 -528 -592 -460 -459 -999 -128  -30 -352   40   -6  -35 -244  185    0  -67  -17 -433    2  380    0 -600    0  999  996
 39 Beat The Last Move  -18137  -997 -984 -990 -991 -996 -992 -960 -984 -987  -41 -902 -991 -994 -994 -994  -84 -899 -490 -985 -988  -25    8 -997    1  -22  342   42  -25    5 -236   74  -38 -993 -300 -963 -504  139  600    0    1 1000  997
 40 Rotate R-P-S        -26059  -982 -995 -989 -993 -995 -991 -989 -990 -1000 -999 -930 -989 -999 -998 -996 -993 -939 -999 -994 -989 -992 -991 -997  -21   11 -981    6  -38  -17  -67   11  -40 -551   38 -998  -32   10    0   -1    0    0 -660
 41 Good Ole Rock       -26231  -991 -993 -999 -996 -998 -999 -997 -996 -999 -998 -972 -995 -995 -998 -998 -998 -974 -998 -978 -1000 -995 -993 -999    0   11 -980    0    2  -10   -1  185   11 -982   -7 -999   -3  402 -999 -1000    0    0  998
 42 * Anti-Flat         -28091  -999 -983 -1000 -995 -997 -1000 -994 -996 -994 -998 -987 -999 -991 -1000 -1000 -999 -961 -995 -1000 -990 -996 -990 -998  108   14 -975  -20   15  -47  442 -111    9 -1000   17 -1000   75 -425 -996 -997  660 -998    0

 Match results (draw <= 50): 

    Player Name           total  W  L  D   1  2  3  4  5  6  7  8  9 10 11 12 13 14 15 16 17 18 19 20 21 22 23 24 25 26 27 28 29 30 31 32 33 34 35 36 37 38 39 40 41 42
  1 Iocaine Powder          70  29  0 12   1  2  1  1  2  1  1  1  2  1  1  2  2  1  2  2  2  1  1  2  2  2  2  1  2  2  2  2  2  2  2  2  2  2  2  2  1  2  2  2  2  2
  2 Phasenbott              69  29  1 11   0  1  1  1  2  1  1  2  2  2  1  2  1  1  2  2  1  1  2  2  2  2  2  1  2  2  2  2  2  2  2  1  2  2  2  2  2  2  2  2  2  2
  3 Simple Modeller         65  24  0 17   1  1  1  1  1  1  1  2  1  1  1  2  1  1  1  2  1  1  2  2  1  2  2  1  2  1  2  2  2  2  2  2  2  2  2  2  2  2  2  2  2  2
  4 MegaHAL                 63  23  1 17   1  1  1  1  2  1  1  1  1  2  1  2  1  0  1  2  2  1  1  2  1  1  2  1  2  1  1  2  2  2  2  2  2  2  2  2  2  2  2  2  2  2
  5 RussRocker4             63  25  3 13   0  0  1  0  1  1  1  1  1  2  1  2  1  1  1  2  1  1  1  2  2  2  2  1  2  2  2  2  2  2  2  2  2  2  2  2  2  2  2  2  2  2
  6 Biopic                  61  22  2 17   1  1  1  1  1  1  1  1  1  1  1  1  1  0  1  2  2  0  2  2  2  1  2  1  2  2  1  2  2  1  2  2  2  2  2  2  2  2  2  2  2  2
  7 Yomi AI                 60  19  0 22   1  1  1  1  1  1  1  1  1  1  1  1  1  1  1  2  1  1  1  2  1  2  2  1  2  2  1  1  2  1  2  2  2  2  2  2  2  2  2  2  2  2
  8 Bugbrain                59  22  4 15   1  0  0  1  1  1  1  1  1  1  1  0  1  2  0  2  2  1  2  2  1  2  2  1  1  1  2  2  2  2  2  2  2  2  1  2  2  2  2  2  2  2
  9 ACT-R Lag2              58  20  3 18   0  0  1  1  1  1  1  1  1  1  1  2  1  1  1  2  1  0  2  2  1  2  2  1  2  1  1  2  2  1  2  2  1  2  2  2  2  2  2  2  2  2
 10 Robertot                57  19  3 19   1  0  1  0  0  1  1  1  1  1  1  1  1  1  1  2  2  1  1  1  1  2  2  1  1  1  1  2  2  2  2  2  2  2  2  2  2  2  2  2  2  2
 11 Boom                    57  17  1 23   1  1  1  1  1  1  1  1  1  1  1  1  1  0  1  1  1  1  1  1  2  1  2  1  2  1  1  2  2  2  2  1  2  2  2  2  2  2  2  2  2  2
 12 Simple Predictor        56  22  7 12   0  0  0  0  0  1  1  2  0  1  1  1  1  1  1  1  1  0  2  1  2  2  2  1  2  1  2  2  2  2  2  2  2  2  2  2  2  2  2  2  2  2
 13 Shofar                  56  17  2 22   0  1  1  1  1  1  1  1  1  1  1  1  1  1  1  2  1  1  1  2  1  1  2  1  2  1  2  1  2  0  2  1  2  2  2  2  2  2  2  2  2  2
 14 Vroomfondel             55  15  1 25   1  1  1  2  1  2  1  0  1  1  2  1  1  1  1  1  1  1  1  1  1  1  2  1  2  1  1  1  2  1  2  2  1  1  1  2  2  2  2  2  2  2
 15 Majikthise              52  13  2 26   0  0  1  1  1  1  1  2  1  1  1  1  1  1  1  2  1  1  2  1  1  1  2  1  1  1  1  1  2  1  2  1  1  1  1  2  2  2  2  2  2  2
 16 Marble                  50  22 13  6   0  0  0  0  0  0  0  0  0  0  1  1  0  1  0  1  2  0  2  1  2  2  2  1  1  2  2  2  2  2  2  2  2  2  2  2  2  2  2  2  2  2
 17 Piedra                  50  15  6 20   0  1  1  0  1  0  1  0  1  0  1  1  1  1  1  0  1  1  1  1  1  1  1  1  1  1  1  2  2  2  2  2  2  2  2  2  2  2  2  2  2  2
 18 * De Bruijn             47   7  1 33   1  1  1  1  1  2  1  1  2  1  1  2  1  1  1  2  1  1  1  2  1  2  1  1  1  1  1  1  1  1  1  1  1  1  1  1  1  1  2  1  0  1
 19 Sweet Rocky             47  16 10 15   1  0  0  1  1  0  1  0  0  1  1  0  1  1  0  0  1  1  1  0  1  0  1  1  2  1  1  2  2  2  2  2  2  2  2  2  2  2  2  2  2  2
 20 Granite                 46  17 12 12   0  0  0  0  0  0  0  0  0  1  1  1  0  1  1  1  1  0  2  1  1  1  1  1  2  2  0  2  2  1  2  2  2  2  2  2  2  2  2  2  2  2
 21 * Anti-rotn             45  13  9 19   0  0  1  1  0  0  1  1  1  1  0  0  1  1  1  0  1  1  1  1  1  1  0  1  2  0  1  2  2  1  1  2  2  1  2  2  2  2  2  2  2  2
 22 Mixed Strategy          44  14 11 16   0  0  0  1  0  1  0  0  0  0  1  0  1  1  1  0  1  0  2  1  1  1  1  1  2  1  1  2  1  1  2  1  2  2  2  2  2  2  2  2  2  2
 23 ZQ Bot                  40  15 16 10   0  0  0  0  0  0  0  0  0  0  0  0  0  0  0  0  1  1  1  1  2  1  1  1  1  1  1  2  2  1  2  2  2  2  2  2  2  2  2  2  2  2
 24 * Pi                    40   0  1 40   1  1  1  1  1  1  1  1  1  1  1  1  1  1  1  1  1  1  1  1  1  1  1  1  1  1  1  1  1  1  1  1  1  1  0  1  1  1  1  1  1  1
 25 Inocencio               38  14 17 10   0  0  0  0  0  0  0  1  0  1  0  0  0  0  1  1  1  1  0  0  0  0  1  1  1  2  1  2  2  1  2  2  0  2  2  2  2  2  2  2  2  2
 26 * Foxtrot               34   2  9 30   0  0  1  1  0  0  0  1  1  1  1  1  1  1  1  0  1  1  1  0  2  1  1  1  0  1  1  1  1  1  1  1  1  1  1  1  2  1  1  0  1  1
 27 * Copy-drift            33   2 10 29   0  0  0  1  0  1  1  0  1  1  1  0  0  1  1  0  1  1  1  2  1  1  1  1  1  1  1  1  0  2  1  1  1  0  1  1  1  1  1  1  1  1
 28 Peterbot                33  11 19 11   0  0  0  0  0  0  1  0  0  0  0  0  1  1  1  0  0  1  0  0  0  0  0  1  0  1  1  1  2  1  1  2  2  2  1  2  2  2  2  2  2  2
 29 Multi-strategy          30  12 23  6   0  0  0  0  0  0  0  0  0  0  0  0  0  0  0  0  0  1  0  0  0  1  0  1  0  1  2  0  1  1  2  2  2  1  2  2  2  2  2  2  2  2
 30 * Add-drift             28   1 14 26   0  0  0  0  0  1  1  0  1  0  0  0  2  1  1  0  0  1  0  1  1  1  1  1  1  1  0  1  1  1  1  1  1  0  1  1  1  1  1  1  1  1
 31 Knucklehead             24   6 23 12   0  0  0  0  0  0  0  0  0  0  0  0  0  0  0  0  0  1  0  0  1  0  0  1  0  1  1  1  0  1  1  1  2  2  1  1  1  2  2  1  2  2
 32 * Flat                  23   3 21 17   0  1  0  0  0  0  0  0  0  0  1  0  1  0  1  0  0  1  0  0  0  1  0  1  0  1  1  0  0  1  1  1  2  1  1  1  1  1  2  1  0  2
 33 Beat The Last Move      22   6 25 10   0  0  0  0  0  0  0  0  1  0  0  0  0  1  1  0  0  1  0  0  0  0  0  1  2  1  1  0  0  1  0  0  1  1  2  0  0  2  2  2  2  1
 34 * Add-react             21   2 22 17   0  0  0  0  0  0  0  0  0  0  0  0  0  1  1  0  0  1  0  0  1  0  0  1  0  1  2  0  1  2  0  1  1  1  1  1  1  1  1  1  1  1
 35 * Text                  19   2 24 15   0  0  0  0  0  0  0  1  0  0  0  0  0  1  1  0  0  1  0  0  0  0  0  2  0  1  1  1  0  1  1  1  0  1  1  1  1  0  0  1  2  1
 36 Always Switchin'        17   2 26 13   0  0  0  0  0  0  0  0  0  0  0  0  0  0  0  0  0  1  0  0  0  0  0  1  0  1  1  0  0  1  1  1  2  1  1  1  2  1  1  1  0  1
 37 * Switch A Lot          16   1 26 14   1  0  0  0  0  0  0  0  0  0  0  0  0  0  0  0  0  1  0  0  0  0  0  1  0  0  1  0  0  1  1  1  2  1  1  0  1  1  1  1  1  1
 38 Good Ole Rock           16   3 28 10   0  0  0  0  0  0  0  0  0  0  0  0  0  0  0  0  0  1  0  0  0  0  0  1  0  1  1  0  0  1  0  1  0  1  2  1  1  1  0  2  2  1
 39 Beat Frequent Pick      16   4 29  8   0  0  0  0  0  0  0  0  0  0  0  0  0  0  0  0  0  0  0  0  0  0  0  1  0  1  1  0  0  1  0  0  0  1  2  1  1  2  1  2  2  1
 40 R-P-S 20-20-60          15   2 28 11   0  0  0  0  0  0  0  0  0  0  0  0  0  0  0  0  0  1  0  0  0  0  0  1  0  2  1  0  0  1  1  1  0  1  1  1  1  0  0  1  2  1
 41 * Anti-Flat             14   4 31  6   0  0  0  0  0  0  0  0  0  0  0  0  0  0  0  0  0  2  0  0  0  0  0  1  0  1  1  0  0  1  0  2  0  1  0  2  1  0  0  0  1  2
 42 Rotate R-P-S            13   0 28 13   0  0  0  0  0  0  0  0  0  0  0  0  0  0  0  0  0  1  0  0  0  0  0  1  0  1  1  0  0  1  0  0  1  1  1  1  1  1  1  1  0  1


   Yomi AI is match ranked 7

 Tournament results:
    Player Name          total 
  1 Yomi AI               5929 
 19 Iocaine Powder       10804 
 20 Phasenbott            9922 
 21 MegaHAL               9544 
 22 RussRocker4           7956 
 23 Biopic                8098 
 24 Simple Modeller       8906 
 25 Simple Predictor      7575 
 26 Robertot              7558 
 27 Boom                  7777 
 28 Shofar                6826 
 29 ACT-R Lag2            6928 
 32 Granite               6179 
 33 Marble                5982 
 35 Sweet Rocky           6395 
 36 Piedra                6515 

   Yomi is tournament ranked 16

