 Playing 1 tournaments with 1000 trials per match...

 Yomi AI            vs Good Ole Rock       Match: 1000 (1000+   0-   0=)
 Yomi AI            vs R-P-S 20-20-60      Match:  346 (563+ 217- 220=)
 Yomi AI            vs Rotate R-P-S        Match:  995 (997+   2-   1=)
 Yomi AI            vs Beat The Last Move  Match:  241 (485+ 244- 271=)
 Yomi AI            vs Always Switchin'    Match:  247 (460+ 213- 327=)
 Yomi AI            vs Beat Frequent Pick  Match:  535 (701+ 166- 133=)
 Yomi AI            vs * Pi                Match:  -41 (317+ 358- 325=)
 Yomi AI            vs * Switch A Lot      Match:  140 (419+ 279- 302=)
 Yomi AI            vs * Flat              Match:  175 (454+ 279- 267=)
 Yomi AI            vs * Anti-Flat         Match:  999 (999+   0-   1=)
 Yomi AI            vs * Foxtrot           Match:  376 (580+ 204- 216=)
 Yomi AI            vs * De Bruijn         Match:  -11 (320+ 331- 349=)
 Yomi AI            vs * Text              Match:  135 (416+ 281- 303=)
 Yomi AI            vs * Anti-rotn         Match:   -9 (337+ 346- 317=)
 Yomi AI            vs * Copy-drift        Match:    1 (325+ 324- 351=)
 Yomi AI            vs * Add-react         Match:   21 (370+ 349- 281=)
 Yomi AI            vs * Add-drift         Match:   21 (362+ 341- 297=)
 Yomi AI            vs Iocaine Powder      Match:  -11 (340+ 351- 309=)
 Yomi AI            vs Phasenbott          Match:  -65 (295+ 360- 345=)
 Yomi AI            vs MegaHAL             Match:    0 (338+ 338- 324=)
 Yomi AI            vs RussRocker4         Match:  -57 (313+ 370- 317=)
 Yomi AI            vs Biopic              Match:    2 (355+ 353- 292=)
 Yomi AI            vs Simple Modeller     Match:  -34 (321+ 355- 324=)
 Yomi AI            vs Simple Predictor    Match:   39 (385+ 346- 269=)
 Yomi AI            vs Robertot            Match:  -18 (368+ 386- 246=)
 Yomi AI            vs Boom                Match:   35 (355+ 320- 325=)
 Yomi AI            vs Shofar              Match:  -12 (339+ 351- 310=)
 Yomi AI            vs ACT-R Lag2          Match:  -26 (333+ 359- 308=)
 Yomi AI            vs Majikthise          Match:   36 (357+ 321- 322=)
 Yomi AI            vs Vroomfondel         Match:    6 (334+ 328- 338=)
 Yomi AI            vs Granite             Match:  108 (430+ 322- 248=)
 Yomi AI            vs Marble              Match:   88 (426+ 338- 236=)
 Yomi AI            vs ZQ Bot              Match:   61 (409+ 348- 243=)
 Yomi AI            vs Sweet Rocky         Match:   62 (385+ 323- 292=)
 Yomi AI            vs Piedra              Match:   61 (382+ 321- 297=)
 Yomi AI            vs Mixed Strategy      Match:   65 (379+ 314- 307=)
 Yomi AI            vs Multi-strategy      Match:  263 (519+ 256- 225=)
 Yomi AI            vs Inocencio           Match:  112 (429+ 317- 254=)
 Yomi AI            vs Peterbot            Match:  160 (451+ 291- 258=)
 Yomi AI            vs Bugbrain            Match:  -33 (325+ 358- 317=)
 Yomi AI            vs Knucklehead         Match:  520 (681+ 161- 158=)
 Final results (draw value = 50):

 Tournament results: 

    Player Name          total     1    2    3    4    5    6    7    8    9   10   11   12   13   14   15   16   17   18   19   20   21   22   23   24   25   26   27   28   29   30   31   32   33   34   35   36   37   38   39   40   41   42
  1 Iocaine Powder       10803     0   83   88   38   37  -20  522   52   47  165   36   46  242  240   11   -4  -23  270   78    1   39    9  216   -3   -7  231  191  336  217  193  342  579  123   51  223  911  377  905  982  991  988 1000
  2 Phasenbott            9753   -83    0   28   28   28   54  518   31  -16  128   30   68  225  251   65    0   50  253   64   20   36    3  220   18  -34  155  142  321   82   75  303  392   63   51  229  891  152  954  988  995  991  984
  3 MegaHAL               9711   -88  -28    0   13   32   20  116   34   56   65   26  -10  233  262    0  -27   -4  269   50  -20   68   -6  213   12  -27  251  187   49   76   96  291  388  189  228  468  904  406  944  990  998  991  996
  4 Simple Modeller       8657   -38  -28  -13    0   35   -1  -12   10   40  231   63    8   49   76   34  -33   34  290   55   15   90  -21  135  -81   -9  271  257   -4  261   60  107  193  134  202  482  800  398  591  993  996  992  995
  5 Biopic                8229   -37  -28  -32  -35    0   41  -35   -4   33   53   55   31  124  124   -2  -14   18  118   44   -6  -27    6  204   -8   -7  124   50  431   98  172  -67  463  159  165  325  679  389  646  992  994  999  994
  6 Robertot              8023    20  -54  -20    1  -41    0  -32    9   46   -6   44    2   56   29   18   12  -26  122   53    3   66   42  244   23   22   40   36   49   50   17   30  425  173   71  447  789  392  925  963  996  996  991
  7 RussRocker4           7972  -522 -518 -116   12   35   32    0   37   54  128   35   13  162  164   57   20    3  171   54   22   67  -22  262  -20  -32  174  106  217   70  112  342  509   98  142  266  939  324  592  993 1000  994  996
  8 Boom                  7343   -52  -31  -34  -10    4   -9  -37    0   62   22   45  -30   27   44  -35  -47  -41   43   42  -24    6    0  274   -6  -10  106   33   25   79   93   84  391  142  252  365  407  438  753  991  997  990  994
  9 Piedra                7284   -47   16  -56  -40  -33  -46  -54  -62    0  -45    7  -49  -39  -35  -61  -25  -42  -55   40  -42   -3  -42  114   -6  -17  786   33  -27   19  130  239  157  168  197  268  999  368  595  996  994  992  992
 10 Simple Predictor      7272  -165 -128  -65 -231  -53    6 -128  -22   45    0   33  -16    9   26  -39   -2   35  170   65  -33   44   10  191  -79  -14  141  332  -84  262  112  105  219  149  181  411  841  390  592  985  993  990  994
 11 Sweet Rocky           7211   -36  -30  -26  -63  -55  -44  -35  -45   -7  -33    0  -47  -58  -45  -62  -35  -18  -46   64  -61   49  -34  110   11   39  788    2  -16  -37  138  222  129  139  193  272  959  381  588  993  998  986  983
 12 ACT-R Lag2            7167   -46  -68   10   -8  -31   -2  -13   30   49   16   47    0  123   87   26   28  -22   90   39  -25  122   36  287 -109  -25  669   38  -33   40   71   71  460   93  163  296  192  352  574  556  995  993  996
 13 Marble                6828  -242 -225 -233  -49 -124  -56 -162  -27   39   -9   58 -123    0    1  -88  -25  -58    8   44  -46   35  -15  415  -29  -30  647   45   47   52  157   80  394  181   78  215  915  380  594  992  999  993 1000
 14 Granite               6674  -240 -251 -262  -76 -124  -29 -164  -44   35  -26   45  -87   -1    0 -108  -75  -69   41   42  -33   70  -55  352  -55   -5  654  -17   88   12  192  184  258  175   64  281  922  416  592  990  999  991  992
 15 Yomi AI               6533   -11  -65    0  -34    2  -18  -57   35   61   39   62  -26   88  108    0  -12  -33   61   -9    6   65   36  263  -11  -41  112   21  376    1  175   21  520  135  140  247  160  346  535  241 1000  995  999
 16 Shofar                6254     4    0   27   33   14  -12  -20   47   25    2   35  -28   25   75   12    0    4   65   53   21   16  -18  109  -24  -13   21   44  -48   61   32  -19  149  124  204  431  137  323  556  899  969  943  976
 17 Bugbrain              5937    23  -50    4  -34  -18   26   -3   41   42  -35   18   22   58   69   33   -4    0  145   41    0   51   -6  111   16  -14  103   80  -30   59   68   98   75   66   84  250  213  176  405  897  974  933  950
 18 ZQ Bot                5823  -270 -253 -269 -290 -118 -122 -171  -43   55 -170   46  -90   -8  -41  -61  -65 -145    0   72  -63   36    2  249  -11    2  203   33   61   32  164  395  336  173  164  245  822  365  591  991  994  990  992
 19 * Anti-rotn           5369   -78  -64  -50  -55  -44  -53  -54  -42  -40  -65  -64  -39  -44  -42    9  -53  -41  -72    0   20   12  -30  227  -46  -42  656    7   -7   24  215   -2   18   55  326  488   66  184  597  496  999  998  999
 20 Vroomfondel           4863    -1  -20   20  -15    6   -3  -22   24   42   33   61   25   46   33   -6  -21    0   63  -20    0   60    3  130  -15    4   46   18   13   56   93  -22  145   48   97  259   66  163  478    3  992  990  991
 21 Mixed Strategy        4856   -39  -36  -68  -90   27  -66  -67   -6    3  -44  -49 -122  -35  -70  -65  -16  -51  -36  -12  -60    0  -29  108  -77  -26  -14    1    8   79   26   69  174  174  161   98  299  397  518  966  996  866  964
 22 Majikthise            4609    -9   -3    6   21   -6  -42   22    0   42  -10   34  -36   15   55  -36   18    6   -2   30   -3   29    0  107  -12   24  101  -26   24  -25   42    8  225   33  143  300   15  185  428  -66  996  989  987
 23 Multi-strategy        2638  -216 -220 -213 -135 -204 -244 -262 -274 -114 -191 -110 -287 -415 -352 -263 -109 -111 -249 -227 -130 -108 -107    0  -50  -20  -61   20    5  207  168   53   68  123  265  502  500  409  999  997  999  997  998
 24 * De Bruijn            741     3  -18  -12   81    8  -23   20    6    6   79  -11  109   29   55   11   24  -16   11   46   15   77   12   50    0   -1   17    7  -10   30   21   20   22   23  -17    1  -10   43  128   -1    0   21 -115
 25 * Pi                   181     7   34   27    9    7  -22   32   10   17   14  -39   25   30    5   41   13   14   -2   42   -4   26  -24   20    1    0   -1    4  -29   13  -17  -21  -10  -81   -2   10   27  -15   30   22  -11  -11  -10
 26 Inocencio             -178  -231 -155 -251 -271 -124  -40 -174 -106 -786 -141 -788 -669 -647 -654 -112  -21 -103 -203 -656  -46   14 -101   61  -17    1    0  -13  272  137  121   86  253  155  105  189   89  405  353  948  975  986  981
 27 * Add-drift          -1823  -191 -142 -187 -257  -50  -36 -106  -33  -33 -332   -2  -38  -45   17  -21  -44  -80  -33   -7  -18   -1   26  -20   -7   -4   13    0  -13   23  -75  -85  -24  -41   18  -23   -2   31   15   -4  -51   23   16
 28 * Foxtrot            -2023  -336 -321  -49    4 -431  -49 -217  -25   27   84   16   33  -47  -88 -376   48   30  -61    7  -13   -8  -24   -5   10   29 -272   13    0   24   26  -12   39   -8  -12   30  -43  -17   23  -22  -17  -14    1
 29 * Copy-drift         -2057  -217  -82  -76 -261  -98  -50  -70  -79  -19 -262   37  -40  -52  -12   -1  -61  -59  -32  -24  -56  -79   25 -207  -30  -13 -137  -23  -24    0   29  -11  -59   44   21   38  -44  -37  -10  -68  -15   29   28
 30 * Flat               -2870  -193  -75  -96  -60 -172  -17 -112  -93 -130 -112 -138  -71 -157 -192 -175  -32  -68 -164 -215  -93  -26  -42 -168  -21   17 -121   75  -26  -29    0    1   12  -28   15  -12 -205  -13  226  212   -1   34 -405
 31 * Add-react          -2898  -342 -303 -291 -107   67  -30 -342  -84 -239 -105 -222  -71  -80 -184  -21   19  -98 -395    2   22  -69   -8  -53  -20   21  -86   85   12   11   -1    0  -40  -19   -6   48  -40   30   11   -8    4  -49   83
 32 Knucklehead          -2982  -579 -392 -388 -193 -463 -425 -509 -391 -157 -219 -129 -460 -394 -258 -520 -149  -75 -336  -18 -145 -174 -225  -68  -22   10 -253   24  -39   59  -12   40    0  -13   15   14  -15   14  109  920  946  890  998
 33 * Text               -3300  -123  -63 -189 -134 -159 -173  -98 -142 -168 -149 -139  -93 -181 -175 -135 -124  -66 -173  -55  -48 -174  -33 -123  -23   81 -155   41    8  -44   28   19   13    0  -24  -15   17   13 -185  -74 -185  -11  113
 34 * Switch A Lot       -3507   -51  -51 -228 -202 -165  -71 -142 -252 -197 -181 -193 -163  -78  -64 -140 -204  -84 -164 -326  -97 -161 -143 -265   17    2 -105  -18   12  -21  -15    6  -15   24    0  -30 -118   30   58  289    5  -14    8
 35 Always Switchin'     -7407  -223 -229 -468 -482 -325 -447 -266 -365 -268 -411 -272 -296 -215 -281 -247 -431 -250 -245 -488 -259  -98 -300 -502   -1  -10 -189   23  -30  -38   12  -48  -14   15   30    0 -266   17   14  478    3  -29   -6
 36 Peterbot             -8010  -911 -891 -904 -800 -679 -789 -939 -407 -999 -841 -959 -192 -915 -922 -160 -137 -213 -822  -66  -66 -299  -15 -500   10  -27  -89    2   43   44  205   40   15  -17  118  266    0  400  435  981 1000  997  993
 37 R-P-S 20-20-60       -9270  -377 -152 -406 -398 -389 -392 -324 -438 -368 -390 -381 -352 -380 -416 -346 -323 -176 -365 -184 -163 -397 -185 -409  -43   15 -405  -31   17   37   13  -30  -14  -13  -30  -17 -400    0 -438 -126 -455   -9  370
 38 Beat Frequent Pick  -14325  -905 -954 -944 -591 -646 -925 -592 -753 -595 -592 -588 -574 -594 -592 -535 -556 -405 -591 -597 -478 -518 -428 -999 -128  -30 -353  -15  -23   10 -226  -11 -109  185  -58  -14 -435  438    0 -600  999    0  997
 39 Beat The Last Move  -19777  -982 -988 -990 -993 -992 -963 -993 -991 -996 -985 -993 -556 -992 -990 -241 -899 -897 -991 -496   -3 -966   66 -997    1  -22 -948    4   22   68 -212    8 -920   74 -289 -478 -981  126  600    0 1000    1  997
 40 Good Ole Rock       -26063  -991 -995 -998 -996 -994 -996 -1000 -997 -994 -993 -998 -995 -999 -999 -1000 -969 -974 -994 -999 -992 -996 -996 -999    0   11 -975   51   17   15    1   -4 -946  185   -5   -3 -1000  455 -999 -1000    0    0  998
 41 Rotate R-P-S        -26098  -988 -991 -991 -992 -999 -996 -994 -990 -992 -990 -986 -993 -993 -991 -995 -943 -933 -990 -998 -990 -866 -989 -997  -21   11 -986  -23   14  -29  -34   49 -890   11   14   29 -997    9    0   -1    0    0 -667
 42 * Anti-Flat         -28143  -1000 -984 -996 -995 -994 -991 -996 -994 -992 -994 -983 -996 -1000 -992 -999 -976 -950 -992 -999 -991 -964 -987 -998  115   10 -981  -16   -1  -28  405  -83 -998 -113   -8    6 -993 -370 -997 -997 -998  667    0

 Match results (draw <= 50): 

    Player Name           total  W  L  D   1  2  3  4  5  6  7  8  9 10 11 12 13 14 15 16 17 18 19 20 21 22 23 24 25 26 27 28 29 30 31 32 33 34 35 36 37 38 39 40 41 42
  1 Iocaine Powder          68  27  0 14   1  2  2  2  1  1  1  1  1  2  1  1  1  2  1  1  1  2  1  2  2  2  1  1  2  2  2  2  2  2  2  2  2  2  2  2  2  2  2  2  2  2
  2 Phasenbott              67  27  1 13   0  1  1  2  1  1  1  2  2  1  1  2  1  2  1  1  1  2  1  2  2  2  1  1  2  2  2  2  2  2  2  2  2  2  2  2  2  2  2  2  2  2
  3 MegaHAL                 64  24  1 16   0  1  1  2  1  1  1  1  1  1  1  1  1  2  1  1  2  2  1  2  2  1  2  1  2  1  2  2  2  2  2  2  2  2  2  2  2  2  2  2  2  2
  4 RussRocker4             64  26  3 12   0  0  0  1  1  1  1  2  1  1  1  1  1  2  1  1  2  2  1  2  2  2  2  1  2  2  2  2  2  2  2  2  2  2  2  2  2  2  2  2  2  2
  5 Simple Modeller         63  23  1 17   1  1  1  1  1  1  1  1  1  1  1  1  1  2  2  1  1  1  0  2  2  2  2  1  2  1  2  2  2  2  2  2  2  2  2  2  2  2  2  2  2  2
  6 Bugbrain                62  21  0 20   1  1  1  1  1  1  1  1  1  1  1  1  1  1  1  1  1  2  1  2  2  1  2  1  2  1  2  2  2  2  2  2  2  2  2  2  2  2  2  2  2  2
  7 Biopic                  61  21  1 19   1  1  1  1  1  1  1  1  1  1  1  1  1  2  2  1  1  2  1  2  2  1  1  1  2  2  2  1  0  2  2  2  2  2  2  2  2  2  2  2  2  2
  8 Yomi AI                 60  21  2 18   1  0  1  0  1  1  1  1  1  1  1  1  1  1  2  1  2  2  1  2  2  1  2  1  2  2  2  1  1  2  1  2  2  2  2  2  2  2  2  2  2  2
  9 ACT-R Lag2              58  19  2 20   1  0  1  1  1  1  1  1  1  1  1  1  1  1  1  1  1  2  0  2  2  1  2  1  2  1  2  1  2  2  1  2  2  2  2  2  2  2  2  2  2  2
 10 Boom                    57  17  1 23   0  1  1  1  1  1  1  1  1  1  1  1  1  1  1  1  2  1  1  1  1  1  1  1  2  1  2  1  2  2  2  2  2  2  2  2  2  2  2  2  2  2
 11 Shofar                  57  16  0 25   1  1  1  1  1  1  1  1  1  1  1  1  1  1  1  1  1  1  1  2  2  2  1  1  1  1  2  1  1  2  2  2  1  2  2  2  2  2  2  2  2  2
 12 Robertot                56  16  1 24   1  0  1  1  1  1  1  1  1  1  1  1  1  1  1  1  1  2  1  1  2  2  2  1  1  1  2  1  1  2  1  2  1  2  2  2  2  2  2  2  2  2
 13 Vroomfondel             56  15  0 26   1  1  1  1  1  1  1  1  1  1  1  1  1  1  2  1  1  1  1  1  2  1  2  1  1  1  2  1  1  2  2  2  2  1  2  1  2  2  2  2  2  2
 14 Simple Predictor        52  19  8 14   0  0  0  0  0  1  0  1  1  1  1  1  1  1  1  1  1  1  0  1  2  2  1  1  2  0  2  2  2  2  2  2  2  2  2  2  2  2  2  2  2  2
 15 Sweet Rocky             52  16  5 20   1  1  1  1  0  1  0  0  1  1  1  1  0  1  1  1  1  0  1  1  1  2  1  1  2  1  2  1  2  2  1  2  2  2  2  2  2  2  2  2  2  2
 16 Majikthise              51  11  1 29   1  1  1  1  1  1  1  1  1  1  1  1  1  1  1  1  1  1  1  2  1  1  1  1  2  1  2  1  1  1  1  2  1  0  2  1  2  2  2  2  2  2
 17 Piedra                  51  15  5 21   1  1  0  0  1  1  1  0  1  0  1  1  1  1  1  1  1  1  1  1  0  1  1  1  2  1  2  1  2  2  1  2  2  2  2  2  2  2  2  2  2  2
 18 Marble                  49  17  9 15   0  0  0  0  1  0  0  0  0  1  1  0  1  1  2  1  1  1  1  1  1  1  1  1  2  1  2  1  2  2  2  2  2  2  2  2  2  2  2  2  2  2
 19 * De Bruijn             46   6  1 34   1  1  1  1  2  1  1  1  2  1  1  1  1  2  1  1  1  1  1  2  1  1  2  1  1  1  1  1  1  1  1  1  1  1  1  1  1  1  2  1  1  0
 20 Granite                 46  17 12 12   0  0  0  0  0  0  0  0  0  1  0  1  1  1  1  0  1  1  0  1  1  1  2  1  2  2  2  1  2  2  1  2  2  2  2  2  2  2  2  2  2  2
 21 ZQ Bot                  46  18 13 10   0  0  0  0  0  0  0  0  0  1  0  0  0  0  1  1  2  1  1  1  1  2  1  1  2  2  2  1  2  2  1  2  2  2  2  2  2  2  2  2  2  2
 22 * Anti-rotn             45  13  9 19   0  0  1  0  0  1  1  1  1  1  0  0  1  0  0  1  1  1  1  1  0  1  1  1  2  1  2  1  1  2  1  1  2  2  2  2  2  2  2  2  2  2
 23 Mixed Strategy          45  14 10 17   1  1  0  0  0  0  1  0  0  1  1  0  0  1  1  1  1  1  0  0  1  1  1  1  1  1  2  1  2  2  2  2  1  2  2  2  2  2  2  2  2  2
 24 * Pi                    40   0  1 40   1  1  1  1  1  1  1  1  1  1  1  1  1  1  1  1  1  1  1  1  1  1  1  1  1  1  1  1  1  1  1  1  1  1  1  0  1  1  1  1  1  1
 25 Inocencio               39  16 18  7   0  0  0  0  0  0  0  0  0  0  1  1  1  0  0  0  0  0  1  0  0  0  1  1  1  2  2  1  2  2  2  2  2  2  2  2  2  2  2  2  2  2
 26 * Foxtrot               34   1  8 32   0  0  1  0  1  1  0  0  1  1  1  1  1  2  1  1  1  1  1  0  0  1  1  1  0  1  1  1  1  1  1  1  1  1  1  1  1  1  1  1  1  1
 27 Multi-strategy          32  14 23  4   0  0  0  0  0  0  0  0  0  0  0  0  0  0  0  0  0  0  1  0  0  0  0  1  0  1  1  1  2  2  2  2  2  2  2  2  2  2  2  2  2  2
 28 * Add-drift             31   0 10 31   0  0  0  0  0  0  1  1  1  1  1  1  1  0  1  1  1  1  1  1  1  1  1  1  1  1  1  1  0  1  1  1  0  1  1  1  1  0  1  1  1  1
 29 * Add-react             27   3 17 21   0  0  0  0  0  0  2  1  0  0  1  1  1  0  0  1  0  0  1  0  0  1  0  1  0  1  0  2  1  1  1  1  1  1  1  1  1  1  1  1  1  2
 30 Peterbot                27   9 23  9   0  0  0  0  0  0  0  0  0  0  0  0  0  0  0  1  0  0  1  0  0  0  0  1  0  1  0  1  1  1  1  1  2  2  2  1  2  2  2  2  2  2
 31 * Copy-drift            24   0 17 24   0  0  0  0  0  0  0  1  1  0  0  1  0  0  1  1  1  0  1  1  1  1  0  1  0  1  0  1  1  1  1  0  1  0  1  1  1  1  1  1  1  1
 32 Knucklehead             24   6 23 12   0  0  0  0  0  0  0  0  0  0  0  0  0  0  0  0  0  0  1  0  0  1  0  1  0  1  0  1  1  1  2  1  1  2  1  1  1  2  2  1  2  2
 33 * Flat                  22   3 22 16   0  0  0  0  0  0  0  0  0  0  1  1  0  0  0  1  0  0  1  0  0  0  1  1  0  1  0  2  1  0  1  1  1  2  1  1  1  1  2  1  1  0
 34 Beat The Last Move      21   7 27  7   0  0  0  0  0  0  0  0  0  0  0  0  1  0  0  2  0  0  1  0  0  0  0  1  0  1  0  1  1  0  2  0  0  1  0  2  0  2  2  2  1  2
 35 * Switch A Lot          18   2 25 14   0  0  0  0  0  0  0  0  0  0  0  0  0  0  0  0  0  0  1  0  0  0  0  1  0  1  0  1  1  0  1  1  1  2  1  1  1  1  2  1  1  1
 36 * Text                  18   2 25 14   0  0  0  0  0  0  0  0  0  0  0  0  1  0  0  1  0  0  1  0  0  0  0  2  0  1  0  1  1  1  1  1  1  0  1  1  1  0  0  1  1  2
 37 Always Switchin'        17   1 25 15   0  0  0  0  0  0  0  0  0  0  0  0  0  0  0  0  0  0  1  0  0  0  0  1  0  1  0  1  1  0  1  1  1  2  1  1  1  1  1  1  1  1
 38 Good Ole Rock           17   4 28  9   0  0  0  0  0  0  0  0  0  0  0  0  0  0  0  0  0  0  1  0  0  0  0  1  0  1  0  2  1  0  1  0  1  0  1  2  1  1  0  2  1  2
 39 Beat Frequent Pick      15   4 30  7   0  0  0  0  0  0  0  0  0  0  0  0  0  0  0  0  0  0  0  0  0  0  0  1  0  1  0  1  1  0  1  0  0  0  0  2  1  2  1  2  1  2
 40 R-P-S 20-20-60          14   1 28 12   0  0  0  0  0  0  0  0  0  0  0  0  0  0  0  0  0  0  1  0  0  0  0  1  0  1  0  1  1  0  1  1  1  0  1  1  1  0  0  1  1  2
 41 Rotate R-P-S            14   0 27 14   0  0  0  0  0  0  0  0  0  0  0  0  0  0  0  0  0  0  1  0  0  0  0  1  0  1  0  1  1  0  1  0  1  1  1  1  1  1  1  1  1  0
 42 * Anti-Flat             12   3 32  6   0  0  0  0  0  0  0  0  0  0  0  0  0  0  0  0  0  0  2  0  0  0  0  1  0  1  0  1  0  0  1  0  2  0  1  0  1  0  0  0  2  1


   Yomi AI is match ranked 8

 Tournament results:
    Player Name          total 
  1 Yomi AI               6533 
 19 Iocaine Powder       10803 
 20 Phasenbott            9753 
 21 MegaHAL               9711 
 22 RussRocker4           7972 
 23 Biopic                8229 
 24 Simple Modeller       8657 
 25 Simple Predictor      7272 
 26 Robertot              8023 
 27 Boom                  7343 
 29 ACT-R Lag2            7167 
 32 Granite               6674 
 33 Marble                6828 
 35 Sweet Rocky           7211 
 36 Piedra                7284 

   Yomi is tournament ranked 15

