 Playing 1 tournaments with 1000 trials per match...

 Yomi AI            vs Good Ole Rock       Match: 1000 (1000+   0-   0=)
 Yomi AI            vs R-P-S 20-20-60      Match:  274 (513+ 239- 248=)
 Yomi AI            vs Rotate R-P-S        Match:  650 (745+  95- 160=)
 Yomi AI            vs Beat The Last Move  Match:  107 (415+ 308- 277=)
 Yomi AI            vs Always Switchin'    Match:  184 (471+ 287- 242=)
 Yomi AI            vs Beat Frequent Pick  Match:  446 (651+ 205- 144=)
 Yomi AI            vs * Pi                Match:  -17 (327+ 344- 329=)
 Yomi AI            vs * Switch A Lot      Match:   88 (383+ 295- 322=)
 Yomi AI            vs * Flat              Match:  123 (418+ 295- 287=)
 Yomi AI            vs * Anti-Flat         Match:  999 (999+   0-   1=)
 Yomi AI            vs * Foxtrot           Match:  279 (514+ 235- 251=)
 Yomi AI            vs * De Bruijn         Match:    4 (327+ 323- 350=)
 Yomi AI            vs * Text              Match:  107 (397+ 290- 313=)
 Yomi AI            vs * Anti-rotn         Match:   29 (337+ 308- 355=)
 Yomi AI            vs * Copy-drift        Match:  -72 (296+ 368- 336=)
 Yomi AI            vs * Add-react         Match:   70 (371+ 301- 328=)
 Yomi AI            vs * Add-drift         Match:  -19 (309+ 328- 363=)
 Yomi AI            vs Iocaine Powder      Match:  -66 (313+ 379- 308=)
 Yomi AI            vs Phasenbott          Match:  -61 (305+ 366- 329=)
 Yomi AI            vs MegaHAL             Match:  -19 (333+ 352- 315=)
 Yomi AI            vs RussRocker4         Match:  -72 (335+ 407- 258=)
 Yomi AI            vs Biopic              Match:   -1 (353+ 354- 293=)
 Yomi AI            vs Simple Modeller     Match:  -14 (340+ 354- 306=)
 Yomi AI            vs Simple Predictor    Match:   50 (375+ 325- 300=)
 Yomi AI            vs Robertot            Match:   -3 (371+ 374- 255=)
 Yomi AI            vs Boom                Match:   12 (335+ 323- 342=)
 Yomi AI            vs Shofar              Match:  -15 (329+ 344- 327=)
 Yomi AI            vs ACT-R Lag2          Match:    9 (343+ 334- 323=)
 Yomi AI            vs Majikthise          Match:  -18 (345+ 363- 292=)
 Yomi AI            vs Vroomfondel         Match:   13 (338+ 325- 337=)
 Yomi AI            vs Granite             Match:   83 (439+ 356- 205=)
 Yomi AI            vs Marble              Match:  127 (440+ 313- 247=)
 Yomi AI            vs ZQ Bot              Match:   95 (423+ 328- 249=)
 Yomi AI            vs Sweet Rocky         Match:   43 (398+ 355- 247=)
 Yomi AI            vs Piedra              Match:   57 (386+ 329- 285=)
 Yomi AI            vs Mixed Strategy      Match:   74 (397+ 323- 280=)
 Yomi AI            vs Multi-strategy      Match:  214 (480+ 266- 254=)
 Yomi AI            vs Inocencio           Match:   55 (391+ 336- 273=)
 Yomi AI            vs Peterbot            Match:  148 (433+ 285- 282=)
 Yomi AI            vs Bugbrain            Match:   17 (338+ 321- 341=)
 Yomi AI            vs Knucklehead         Match:  421 (600+ 179- 221=)
Error: return value out of range.
Error: return value out of range.
Error: return value out of range.
Error: return value out of range.
Error: return value out of range.
Error: return value out of range.
Error: return value out of range.
Error: return value out of range.
Error: return value out of range.
 Final results (draw value = 50):

 Tournament results: 

    Player Name          total     1    2    3    4    5    6    7    8    9   10   11   12   13   14   15   16   17   18   19   20   21   22   23   24   25   26   27   28   29   30   31   32   33   34   35   36   37   38   39   40   41   42
  1 Iocaine Powder       10610     0   70   -5   42   26  504   31  184   34   66  233   18   -5   74  316  263  -27   66   38   49   -5   25  205   49  223  -11  149  147  380  238  252   98   25  546  227  930  289  917  991  979  993  986
  2 MegaHAL              10496   -70    0   -4   26   17   83   32   71   24   41  261   15   20   59  271  256  -32   19   85   90  -33  -46  181  -63  946   26  201   86   26  116  315  142  244  459  453  880  393  929  990  989  998 1000
  3 Phasenbott           10151     5    4    0   28   17  555   64  119   20   -1  257   37   14   92  289  226   42   61   27   79   30   58  191   18  224  -28   92  133  372   76  272  108   95  455  202  898  130  935  986  986  995  988
  4 Simple Modeller       9549   -42  -26  -28    0  -33   -8  -43  249   26   58   91   39    0   18  306  106   61   14   73   44  -14   -4  205  -32  741   -4  299  253    8  129  130  131  220  236  461  948  371  592  990  990  999  995
  5 Biopic                8634   -26  -17  -17   33    0   30   75   40  -10  -14  157   54  -26   27   89  141   14    1   27   45  -46   20  225  -31  143    3    0   92  423  170   60  150  111  493  317  775  381  741  996  996  998  994
  6 RussRocker4           8247  -504  -83 -555    8  -30    0   22   98   41   73  145    6   43   10  168  151  -21   72   39   57  -39  -12  291   -4  783  -51   95  174  191  105  372   63   98  427  227  936  282  591  988  991  999 1000
  7 Robertot              8096   -31  -32  -64   43  -75  -22    0   42   12   39   66    2   36   40   53   71   15    3   26   59   -2  -12  308   -1  368  -17  -23   22  -18   81   97  193  119  397  467  752  424  860  810  995  996  997
  8 Simple Predictor      7465  -184  -71 -119 -249  -40  -98  -42    0   18   57  -53  -35  -27   58  178   18   -8  -50   38   49  -21  -26  220  -62  341  -14  280  262  -21   42  145  149  196  285  402  894  401  592  985  986  995  994
  9 Boom                  6979   -34  -24  -20  -26   10  -41  -12  -18    0   21   39  -26  -40   34   68   41  -29  -12   21   55   -7  -42  264  -39   40    9   39   60   10  -38   84  120  124  379  405  450  383  753  991  990  997 1000
 10 Sweet Rocky           6684   -66  -41    1  -58   14  -73  -39  -57  -21    0  -29  -40  -38  -36  -19  -22  -54  -43   32  -51  -24   -7  136  -45  -69   20   46   24   38  134  333  146  105  227  280  998  413  596  993  996  994  990
 11 Marble                6627  -233 -261 -257  -91 -157 -145  -66   53  -39   29    0 -124  -58   31    9   -3  -66 -127  -32   72  -65  -33  377  -70  652  -26   26   26   72  177   74  175  142  335  292  983  383  591  992  997 1000  992
 12 ACT-R Lag2            6353   -18  -15  -37  -39  -54   -6   -2   35   26   40  124    0   22   57   77  182    2   -9  101   17   17   22  335 -115  116   -3  -42  -38  -17  144  -16   69   77  464  259  196  304  572  531  992  994  989
 13 Shofar                6109     5  -20  -14    0   26  -43  -36   27   40   38   58  -22    0   18   68   29    1   15   48   41  -18    7  101  -67   14  -19   -2   64    9  136  -13  131  138  204  426  109  267  555  907  929  967  985
 14 Piedra                6068   -74  -59  -92  -18  -27  -10  -40  -58  -34   36  -31  -57  -18    0  -54  -35  -62  -57   -9   65  -30  -18   24  -71  -54  -54   51   57   89  148  167  169  170  117  166  760  433  593  991  994 1000 1000
 15 ZQ Bot                5933  -316 -271 -289 -306  -89 -168  -53 -178  -68   19   -9  -77  -68   54    0  -52 -184  -95  -43   72  -77  -14  238  -49  745   -7   25   46   23  122  256  157  172  309  241  912  387  590  992  989 1000  997
 16 Granite               5874  -263 -256 -226 -106 -141 -151  -71  -18  -41   22    3 -182  -29   35   52    0  -85  -83   43   50  -46  -40  287  -67   17  -24   23   25   56  170   93  177  191  344  198  924  411  594  994  995  999 1000
 17 Bugbrain              5712    27   32  -42  -61  -14   21  -15    8   29   54   66   -2   -1   62  184   85    0  -17   17   30    6  -34  122   -9   18   17   38   52  -32   52   86   12  112   84  216  137  177  361  941  930  977  986
 18 Yomi AI               5401   -66  -19  -61  -14   -1  -72   -3   50   12   43  127    9  -15   57   95   83   17    0   74   29  -18   13  214    4   55  -17  -19  -72  279  123   70  107   88  421  184  148  274  446  107  650 1000  999
 19 Mixed Strategy        5139   -38  -85  -27  -73  -27  -39  -26  -38  -21  -32   32 -101  -48    9   43  -43  -17  -74    0   42  -29   -9   37  -37    1  -18   40   36  -61  -36   56  181  105  151  139  293  413  525  971  957  992  995
 20 * Anti-rotn           4913   -49  -90  -79  -44  -45  -57  -59  -49  -55   51  -72  -17  -41  -65  -72  -50  -30  -29  -42    0   -6  -31  202  -57  527  -50  -60   24  -38  188  -21   55  271   42  500   38  147  597  494  998  999  988
 21 Majikthise            4888     5   33  -30   14   46   39    2   21    7   24   65  -17   18   30   77   46   -6   18   29    6    0   -2  169  -35  118    1   31  -13   -5  104   26  -27  111  211  249    8  148  431  -36  992  993  987
 22 Vroomfondel           4847   -25   46  -58    4  -20   12   12   26   42    7   33  -22   -7   18   14   40   34  -13    9   31    2    0  151   -2   88   53   31   -3   13   79   33   26   87  202  277   17  178  468  -18  996  992  994
 23 Multi-strategy        2083  -205 -181 -191 -205 -225 -291 -308 -220 -264 -136 -377 -335 -101  -24 -238 -287 -122 -214  -37 -202 -169 -151    0  -50  -97  -20   14  269   -1  192    5  123  245  129  485  -98  381  999  997  997  999  997
 24 * De Bruijn            845   -49   63  -18   32   31    4    1   62   39   45   70  115   67   71   49   67    9   -4   37   57   35    2   50    0   12   -1  -68   -6   10   23  -10   23   41   -5  -42   -3    4  128   -1   21    0 -116
 25 Inocencio              406  -223 -946 -224 -741 -143 -783 -368 -341  -40   69 -652 -116  -14   54 -745  -17  -18  -55   -1 -527 -118  -88   97  -12    0  -14   -7  121  336  182   52  170  146  260  280  184  397  359  948  981  982  981
 26 * Pi                   301    11  -26   28    4   -3   51   17   14   -9  -20   26    3   19   54    7   24  -17   17   18   50   -1  -53   20    1   14    0    1   40   63  -14    4  -81  -11    0  -16   38   11   30   22  -11  -11  -13
 27 * Add-drift          -1380  -149 -201  -92 -299    0  -95   23 -280  -39  -46  -26   42    2  -51  -25  -23  -38   19  -40   60  -31  -31  -14   68    7   -1    0   11  -40  -18   13  -14   10  -58  -13   27   15   -3  -18   -8    4  -28
 28 * Copy-drift         -1912  -147  -86 -133 -253  -92 -174  -22 -262  -60  -24  -26   38  -64  -57  -46  -25  -52   72  -36  -24   13    3 -269    6 -121  -40  -11    0    7    1   -5   55  -21   -2  -20  -60    0  -16  -15   39    6   11
 29 * Foxtrot            -2224  -380  -26 -372   -8 -423 -191   18   21  -10  -38  -72   17   -9  -89  -23  -56   32 -279   61   38    5  -13    1  -10 -336  -63   40   -7    0  -29  -18   22    3  -47   52  -23  -38   38  -25    0    4    9
 30 * Flat               -2736  -238 -116  -76 -129 -170 -105  -81  -42   38 -134 -177 -144 -136 -148 -122 -170  -52 -123   36 -188 -104  -79 -192  -23 -182   14   18   -1   29    0   49   19   21   15   19 -189   12  227  223   82    1 -418
 31 * Add-react          -2800  -252 -315 -272 -130  -60 -372  -97 -145  -84 -333  -74   16   13 -167 -256  -93  -86  -70  -56   21  -26  -33   -5   10  -52   -4  -13    5   18  -49    0   -6  -53   26  -29  -22   16    8   78   61    1   81
 32 * Text               -3112   -98 -142 -108 -131 -150  -63 -193 -149 -120 -146 -175  -69 -131 -169 -157 -177  -12 -107 -181  -55   27  -26 -123  -23 -170   81   14  -55  -22  -19    6    0   -8   -3   24    9   52 -185  -74  -11 -185  112
 33 * Switch A Lot       -3135   -25 -244  -95 -220 -111  -98 -119 -196 -124 -105 -142  -77 -138 -170 -172 -191 -112  -88 -105 -271 -111  -87 -245  -41 -146   11  -10   21   -3  -21   53    8    0   17   16 -183   91  -14  346  -39  -14   19
 34 Knucklehead          -4542  -546 -459 -455 -236 -493 -427 -397 -285 -379 -227 -335 -464 -204 -117 -309 -344  -84 -421 -151  -42 -211 -202 -129    5 -260    0   58    2   47  -15  -26    3  -17    0  -14  -28   42   96  424  124  978  956
 35 Always Switchin'     -6914  -227 -453 -202 -461 -317 -227 -467 -402 -405 -280 -292 -259 -426 -166 -241 -198 -216 -184 -139 -500 -249 -277 -485   42 -280   16   13   20  -52  -19   29  -24  -16   14    0 -239   32   78  536  -28   15   22
 36 Peterbot             -7602  -930 -880 -898 -948 -775 -936 -752 -894 -450 -998 -983 -196 -109 -760 -912 -924 -137 -148 -293  -38   -8  -17   98    3 -184  -38  -27   60   23  189   22   -9  183   28  239    0  381  436  981  999 1000 1000
 37 R-P-S 20-20-60       -8991  -289 -393 -130 -371 -381 -282 -424 -401 -383 -413 -383 -304 -267 -433 -387 -411 -177 -274 -413 -147 -148 -178 -381   -4 -397  -11  -15    0   38  -12  -16  -52  -91  -42  -32 -381    0 -404 -143   24 -452  369
 38 Beat Frequent Pick  -14211  -917 -929 -935 -592 -741 -591 -860 -592 -753 -596 -591 -572 -555 -593 -590 -594 -361 -446 -525 -597 -431 -468 -999 -128 -359  -30    3   16  -38 -227   -8  185   14  -96  -78 -436  404    0 -600    0  999  996
 39 Beat The Last Move  -19268  -991 -990 -986 -990 -996 -988 -810 -985 -991 -993 -992 -531 -907 -991 -992 -994 -941 -107 -971 -494   36   18 -997    1 -948  -22   18   15   25 -223  -78   74 -346 -424 -536 -981  143  600    0    1 1000  996
 40 Rotate R-P-S        -25229  -979 -989 -986 -990 -996 -991 -995 -986 -990 -996 -997 -992 -929 -994 -989 -995 -930 -650 -957 -998 -992 -996 -997  -21 -981   11    8  -39    0  -82  -61   11   39 -124   28 -999  -24    0   -1    0    0 -680
 41 Good Ole Rock       -26204  -993 -998 -995 -999 -998 -999 -996 -995 -997 -994 -1000 -994 -967 -1000 -1000 -999 -977 -1000 -992 -999 -993 -992 -999    0 -982   11   -4   -6   -4   -1   -1  185   14 -978  -15 -1000  452 -999 -1000    0    0 1000
 42 * Anti-Flat         -28150  -986 -1000 -988 -995 -994 -1000 -997 -994 -1000 -990 -992 -989 -985 -1000 -997 -1000 -986 -999 -995 -988 -987 -994 -997  116 -981   13   28  -11   -9  418  -81 -112  -19 -956  -22 -1000 -369 -996 -996  680 -1000    0

 Match results (draw <= 50): 

    Player Name           total  W  L  D   1  2  3  4  5  6  7  8  9 10 11 12 13 14 15 16 17 18 19 20 21 22 23 24 25 26 27 28 29 30 31 32 33 34 35 36 37 38 39 40 41 42
  1 Phasenbott              69  28  0 13   1  1  1  1  1  2  1  2  2  1  1  1  1  2  2  1  1  1  2  2  2  2  2  2  1  2  2  2  2  2  2  2  2  2  2  2  2  2  2  2  2  2
  2 Iocaine Powder          67  26  0 15   1  1  1  2  1  2  1  2  1  1  1  1  1  2  1  1  2  1  2  2  2  1  2  2  1  2  2  2  2  2  2  2  2  1  2  2  2  2  2  2  2  2
  3 Simple Modeller         65  24  0 17   1  1  1  1  1  1  2  1  1  1  1  1  1  2  1  1  2  2  1  2  2  1  2  2  1  2  1  2  2  2  2  2  2  2  2  2  2  2  2  2  2  2
  4 MegaHAL                 64  25  2 14   1  0  1  1  1  2  1  1  1  1  1  1  1  2  1  0  1  2  2  2  2  2  2  2  1  2  1  2  2  2  2  2  2  2  2  2  2  2  2  2  2  2
  5 Biopic                  63  22  0 19   1  1  1  1  1  1  1  1  2  2  1  1  1  1  1  1  1  1  1  2  2  1  2  2  1  1  2  2  2  2  2  2  2  2  2  2  2  2  2  2  2  2
  6 RussRocker4             62  25  4 12   0  0  1  0  1  1  1  2  1  1  1  1  1  2  1  1  2  1  1  2  2  2  2  2  0  2  2  2  2  2  2  2  2  2  2  2  2  2  2  2  2  2
  7 Bugbrain                59  19  1 21   1  1  0  1  1  1  1  1  1  1  1  1  1  1  1  1  2  1  2  2  2  1  1  2  1  1  1  2  2  2  2  2  2  2  1  2  2  2  2  2  2  2
  8 Yomi AI                 58  21  4 16   0  0  1  1  1  0  1  1  1  1  1  1  1  1  1  1  1  2  2  2  2  1  2  2  1  1  2  2  2  0  2  2  2  2  2  2  2  2  2  2  2  2
  9 Robertot                58  19  2 20   0  1  1  1  0  1  1  1  1  1  1  1  1  1  1  1  1  1  1  2  2  2  2  2  1  1  1  2  2  1  2  2  2  2  2  2  2  2  2  2  2  2
 10 ACT-R Lag2              58  19  2 20   1  1  1  1  0  1  1  1  1  1  1  1  1  1  1  0  1  2  2  2  2  1  2  2  1  1  1  2  2  1  1  2  2  2  2  2  2  2  2  2  2  2
 11 Boom                    57  16  0 25   1  1  1  1  1  1  1  1  1  1  1  1  1  1  1  1  1  1  1  1  1  2  1  2  1  1  1  2  2  2  2  2  1  2  2  2  2  2  2  2  2  2
 12 Shofar                  56  16  1 24   1  1  1  1  1  1  1  1  1  1  1  1  1  1  1  0  1  1  1  1  2  1  1  2  1  1  1  2  2  2  1  2  2  2  2  2  2  2  2  2  2  2
 13 Majikthise              54  13  0 28   1  1  1  1  1  1  1  1  1  1  1  1  1  1  1  1  1  1  1  1  2  1  2  2  1  1  1  1  2  1  1  2  2  2  1  1  2  2  2  2  2  2
 14 Simple Predictor        53  19  7 15   0  0  0  0  1  0  1  1  1  1  1  1  1  1  1  0  2  1  2  1  0  1  2  2  1  2  1  2  2  2  2  2  1  2  2  2  2  2  2  2  2  2
 15 Vroomfondel             52  12  1 28   0  1  1  1  1  1  1  1  1  1  1  1  1  1  1  1  1  1  1  1  1  1  2  1  2  1  1  1  2  1  1  2  2  2  1  1  2  2  2  2  2  2
 16 * De Bruijn             48   9  2 30   1  1  1  2  1  1  1  1  1  2  1  2  1  2  1  1  1  1  2  2  2  2  1  1  1  0  1  1  1  1  1  1  1  1  1  1  1  1  2  0  1  1
 17 Sweet Rocky             48  14  7 20   1  0  0  1  1  0  0  1  1  1  1  1  1  0  1  1  1  1  1  1  1  0  0  1  1  1  1  2  2  1  2  2  2  2  2  2  2  2  2  2  2  2
 18 Mixed Strategy          48  12  5 24   1  1  0  0  1  1  1  0  1  0  1  1  1  1  1  1  1  1  1  1  1  1  1  1  1  1  0  2  1  1  2  2  1  2  2  2  2  2  2  2  2  2
 19 Piedra                  47  17 11 13   0  0  1  0  1  1  0  0  1  0  1  1  1  0  1  0  1  1  1  1  1  2  0  0  0  2  2  2  1  2  2  2  2  2  2  2  2  2  2  2  2  2
 20 Granite                 46  16 11 14   0  0  0  0  0  0  0  0  0  0  1  1  1  1  1  0  1  1  1  1  1  1  1  2  1  1  2  2  2  1  2  2  2  2  2  2  2  2  2  2  2  2
 21 Marble                  46  18 13 10   0  0  0  0  0  0  0  0  0  0  1  0  0  2  1  0  1  1  1  1  1  2  2  1  1  1  2  2  2  1  2  2  2  2  2  2  2  2  2  2  2  2
 22 * Anti-rotn             44  13 10 18   0  1  1  0  1  0  1  1  0  1  0  1  1  1  1  0  2  1  0  1  0  1  2  0  1  0  1  1  2  1  1  1  2  2  2  2  2  2  2  2  2  2
 23 Inocencio               44  18 15  8   0  0  0  0  0  0  1  0  0  0  1  1  0  0  0  1  2  1  2  1  0  0  1  0  1  1  2  2  2  2  2  2  2  2  2  2  2  2  2  2  2  2
 24 ZQ Bot                  43  17 15  9   0  0  0  0  0  0  0  0  0  0  0  0  0  0  1  1  1  1  2  0  1  2  2  1  1  1  1  2  2  1  2  2  2  2  2  2  2  2  2  2  2  2
 25 * Pi                    42   3  2 36   1  1  1  1  1  2  1  1  1  1  1  1  1  1  0  1  1  1  2  1  1  1  1  1  1  1  2  1  1  1  1  1  1  1  0  1  1  1  1  1  1  1
 26 * Add-drift             35   2  8 31   0  0  0  0  1  0  1  1  1  1  1  1  1  0  1  2  1  1  0  1  1  2  1  1  1  1  1  1  1  1  1  0  1  1  1  1  1  1  1  1  1  1
 27 * Foxtrot               33   2 10 29   0  0  1  1  0  0  1  0  1  1  1  1  1  1  1  1  1  2  0  0  0  1  0  1  0  1  1  1  1  1  1  1  1  1  1  1  2  1  1  1  1  1
 28 Peterbot                32  11 20 10   0  0  0  0  0  0  0  0  0  0  0  0  1  0  1  1  0  0  0  0  0  1  0  0  1  1  1  1  2  2  1  1  2  2  1  2  2  2  2  2  2  2
 29 Multi-strategy          31  12 22  7   0  0  0  0  0  0  0  0  0  0  0  0  0  0  0  1  0  1  1  0  0  0  0  0  1  1  1  0  1  2  1  2  2  2  2  2  2  2  2  2  2  2
 30 * Copy-drift            29   2 14 25   0  0  0  0  0  0  0  2  1  1  0  0  1  0  1  1  1  1  0  1  1  1  0  1  1  1  1  0  0  1  1  1  1  1  2  1  1  1  1  1  1  1
 31 * Add-react             25   3 19 19   0  0  0  0  0  0  0  0  0  1  0  1  1  0  1  1  0  0  0  0  0  1  0  0  1  1  1  1  1  1  1  1  1  0  1  2  1  1  1  2  2  1
 32 Knucklehead             24   6 23 12   0  0  0  0  0  0  0  0  0  0  0  0  0  0  0  1  0  0  0  0  0  1  0  0  1  2  1  1  0  1  1  1  1  1  1  2  1  2  2  2  2  1
 33 * Flat                  21   3 23 15   0  0  0  0  0  0  0  0  0  0  1  0  0  1  0  1  0  1  0  0  0  0  0  0  1  1  1  0  0  1  1  1  1  1  1  2  1  1  2  0  2  1
 34 * Switch A Lot          20   3 24 14   0  1  0  0  0  0  0  0  0  0  0  0  0  0  0  1  0  0  0  0  0  0  0  0  1  1  1  0  0  1  2  1  1  1  1  2  1  1  1  1  1  2
 35 * Text                  19   3 25 13   0  0  0  0  0  0  1  0  0  0  0  0  1  0  1  1  0  0  0  0  0  0  0  0  2  1  1  1  0  0  1  1  1  1  1  0  1  0  0  2  1  2
 36 Beat The Last Move      18   5 28  8   0  0  0  0  0  0  0  0  0  0  0  0  1  0  1  1  0  0  0  0  0  0  0  0  1  1  1  0  0  1  0  0  0  0  2  1  0  2  2  2  1  2
 37 Always Switchin'        17   2 26 13   0  0  0  0  0  0  0  0  0  0  0  0  0  0  0  1  0  0  0  0  0  0  0  0  1  1  0  0  0  1  1  1  1  1  1  2  1  1  2  1  1  1
 38 Good Ole Rock           16   3 28 10   0  0  0  0  0  0  0  0  0  0  0  0  0  0  0  1  0  0  0  0  0  0  0  0  1  1  1  0  0  1  1  0  1  1  2  0  1  1  0  2  1  2
 39 Beat Frequent Pick      15   4 30  7   0  0  0  0  0  0  0  0  0  0  0  0  0  0  0  0  0  0  0  0  0  0  0  0  1  1  1  0  0  1  1  0  0  1  2  0  0  2  1  2  1  2
 40 * Anti-Flat             12   3 32  6   0  0  0  0  0  0  0  0  0  0  0  0  0  0  0  2  0  0  0  0  0  0  0  0  1  1  1  0  0  1  0  0  2  1  0  0  1  0  0  1  2  0
 41 Rotate R-P-S            12   0 29 12   0  0  0  0  0  0  0  0  0  0  0  0  0  0  0  1  0  0  0  0  0  0  0  0  1  1  1  0  0  1  0  0  0  1  1  1  1  1  1  0  1  1
 42 R-P-S 20-20-60          12   1 30 10   0  0  0  0  0  0  0  0  0  0  0  0  0  0  0  1  0  0  0  0  0  0  0  0  1  1  1  0  0  1  1  1  1  0  0  0  1  0  0  2  1  1


   Yomi AI is match ranked 8

 Tournament results:
    Player Name          total 
  1 Yomi AI               5401 
 19 Iocaine Powder       10610 
 20 Phasenbott           10151 
 21 MegaHAL              10496 
 22 RussRocker4           8247 
 23 Biopic                8634 
 24 Simple Modeller       9549 
 25 Simple Predictor      7465 
 26 Robertot              8096 
 27 Boom                  6979 
 28 Shofar                6109 
 29 ACT-R Lag2            6353 
 32 Granite               5874 
 33 Marble                6627 
 34 ZQ Bot                5933 
 35 Sweet Rocky           6684 
 36 Piedra                6068 
 41 Bugbrain              5712 

   Yomi is tournament ranked 18

