 Playing 1 tournaments with 1000 trials per match...

 Yomi AI            vs Good Ole Rock       Match: 1000 (1000+   0-   0=)
 Yomi AI            vs R-P-S 20-20-60      Match:  341 (562+ 221- 217=)
 Yomi AI            vs Rotate R-P-S        Match:  993 (996+   3-   1=)
 Yomi AI            vs Beat The Last Move  Match:  512 (687+ 175- 138=)
 Yomi AI            vs Always Switchin'    Match:  254 (460+ 206- 334=)
 Yomi AI            vs Beat Frequent Pick  Match:  589 (747+ 158-  95=)
 Yomi AI            vs * Pi                Match:   -6 (332+ 338- 330=)
 Yomi AI            vs * Switch A Lot      Match:  146 (428+ 282- 290=)
 Yomi AI            vs * Flat              Match:  169 (448+ 279- 273=)
 Yomi AI            vs * Anti-Flat         Match:  992 (995+   3-   2=)
 Yomi AI            vs * Foxtrot           Match:  395 (590+ 195- 215=)
 Yomi AI            vs * De Bruijn         Match:  -10 (317+ 327- 356=)
 Yomi AI            vs * Text              Match:  125 (410+ 285- 305=)
 Yomi AI            vs * Anti-rotn         Match:   19 (354+ 335- 311=)
 Yomi AI            vs * Copy-drift        Match:   42 (344+ 302- 354=)
 Yomi AI            vs * Add-react         Match:   79 (401+ 322- 277=)
 Yomi AI            vs * Add-drift         Match:   -4 (331+ 335- 334=)
 Yomi AI            vs Iocaine Powder      Match:  -50 (316+ 366- 318=)
 Yomi AI            vs Phasenbott          Match:  -10 (330+ 340- 330=)
 Yomi AI            vs MegaHAL             Match:    0 (357+ 357- 286=)
 Yomi AI            vs RussRocker4         Match:  -33 (319+ 352- 329=)
 Yomi AI            vs Biopic              Match:    1 (355+ 354- 291=)
 Yomi AI            vs Simple Modeller     Match:    5 (346+ 341- 313=)
 Yomi AI            vs Simple Predictor    Match:   21 (381+ 360- 259=)
 Yomi AI            vs Robertot            Match:    5 (366+ 361- 273=)
 Yomi AI            vs Boom                Match:   22 (354+ 332- 314=)
 Yomi AI            vs Shofar              Match:    2 (352+ 350- 298=)
 Yomi AI            vs ACT-R Lag2          Match:  -19 (316+ 335- 349=)
 Yomi AI            vs Majikthise          Match:    0 (336+ 336- 328=)
 Yomi AI            vs Vroomfondel         Match:    7 (350+ 343- 307=)
 Yomi AI            vs Granite             Match:  121 (455+ 334- 211=)
 Yomi AI            vs Marble              Match:   77 (409+ 332- 259=)
 Yomi AI            vs ZQ Bot              Match:   94 (409+ 315- 276=)
 Yomi AI            vs Sweet Rocky         Match:   -1 (365+ 366- 269=)
 Yomi AI            vs Piedra              Match:   48 (373+ 325- 302=)
 Yomi AI            vs Mixed Strategy      Match:   78 (408+ 330- 262=)
 Yomi AI            vs Multi-strategy      Match:  248 (517+ 269- 214=)
 Yomi AI            vs Inocencio           Match:   84 (405+ 321- 274=)
 Yomi AI            vs Peterbot            Match:   64 (378+ 314- 308=)
 Yomi AI            vs Bugbrain            Match:  -24 (331+ 355- 314=)
 Yomi AI            vs Knucklehead         Match:  532 (689+ 157- 154=)
 Final results (draw value = 50):

 Tournament results: 

    Player Name          total     1    2    3    4    5    6    7    8    9   10   11   12   13   14   15   16   17   18   19   20   21   22   23   24   25   26   27   28   29   30   31   32   33   34   35   36   37   38   39   40   41   42
  1 Iocaine Powder       10928     0   70   37   71   29  208   29  491    4   69  206   50   16  258  -34   10    4  312    0  114   37   78  163   57    0  331  143  344  140  215  290  138  559  102  905  194  393  931  991  988  993  992
  2 Phasenbott           10076   -70    0  108   10   17  136   43  526   21   50  208   10   -3  272   -5  -13   38  300   24   98   17   87  219   52  -28  225   81  399   47  122  320   79  368   39  998  251  125  946  983  988  994  994
  3 MegaHAL               9283   -37 -108    0   -2   -5   28   48   64   46  -27  228    0   29  231   -6   -4   39  245    1   55  -19   40  205  -27  -27  181  178   76   47  166  268  133  406  226  841  460  376  952  992  988 1000  996
  4 Biopic                9180   -71  -10    2    0   -1   78   38  -41   58   26  122   -1   62  152  -16   -9   49   88   -4   10   11   69  328   -2   18  169   47  409   88  154   90  155  509  198  824  362  403  829  995  996  996 1000
  5 Simple Modeller       9018   -29  -17    5    1    0  279   14    8   65   19   74   -5  -32  101   -4   14   30  282   15   83   18   57  167  -38  -12  254  232    5  219  126  104  132  241  223  904  488  431  591  991  990  997  995
  6 Simple Predictor      8047  -208 -136  -28  -78 -279    0  -25  -85   27  -36   25  -21   58   27  -19   45   69  135  -49    8  -50   53  191  -79   19  791  320  -12  227   70  137  149  294  181  911  444  419  587  984  990  995  996
  7 Robertot              7831   -29  -43  -48  -38  -14   25    0  -19  -11  -36   49   -5   59   69    6  -20   39  109  -14   38   11   44  156   12   16   -3   27   20   96   76   48  157  344   87  993  470  380  830  963  996  995  996
  8 RussRocker4           7653  -491 -526  -64   41   -8   85   19    0   36  -15  165   33   50  140    0   26   38  129   -1   65  -12   57  240  -55  -35   93  163  163  109   56  365   94  486  148  928  239  319  589  994  991  999 1000
  9 Boom                  7307    -4  -21  -46  -58  -65  -27   11  -36    0  -15  -23  -22   48   43  -57  -16   46   52  -10   24   25   49  188  -15   45   41   68   26   71   59  106  105  488  238  396  487  375  753  991  990  997 1000
 10 ACT-R Lag2            7267   -69  -50   27  -26  -19   36   36   15   15    0   80   19   57  112  -19    0   35  127    1   41    8    3  234  -50  -20  777   23  -35   53   96   50   54  499  194  173  228  344  573  667  996  996  986
 11 Marble                6959  -206 -208 -228 -122  -74  -25  -49 -165   23  -80    0  -77   33   -7  -21  -37    6   -9  -26   14  -41   32  275  -29   16  652   27   28   86  202  124  181  261  237  907  239  451  591  992  993  998  995
 12 Yomi AI               6908   -50  -10    0    1    5   21    5  -33   22  -19   77    0   48  121    2  -24   -1   94    0   78    7   19  248  -10   -6   84   -4  395   42  169   79  125  532  146   64  254  341  589  512  993 1000  992
 13 Piedra                6501   -16    3  -29  -62   32  -58  -59  -50  -48  -57  -33  -48    0  -61  -37  -39  -49   18  -69  -20  -49   51  145  -21  -15  731   75   -5   47  138  177  157  304  150  138  200  394  592  990  995  994  995
 14 Granite               6431  -258 -272 -231 -152 -101  -27  -69 -140  -43 -112    7 -121   61    0  -49  -82   28   56  -12   19  -61   54  287  -47  -23  644   63   15  112  143   96  172  283  109  926  194  385  591  992  995  999 1000
 15 Shofar                6367    34    5    6   16    4   19   -6    0   57   19   21   -2   37   49    0    7   37   25  -30   71  -12   49  175  -29    6   67  -31   16   34   24    1   99  162  228  109  447  318  557  904  912  975  987
 16 Bugbrain              6113   -10   13    4    9  -14  -45   20  -26   16    0   37   24   39   82   -7    0   55  174    5   23   10   51  144  -68   36    6  159  -24   31   58  110   20  225   75  238  185  184  394  947  965  980  988
 17 Sweet Rocky           5779    -4  -38  -39  -49  -30  -69  -39  -38  -46  -35   -6    1   49  -28  -37  -55    0  -51  -42   24  -23   55  127  -28  -16  -24   14  -18   62  141  293  154  121  145  183  190  369  591  988  991  998  998
 18 ZQ Bot                5745  -312 -300 -245  -88 -282 -135 -109 -129  -52 -127    9  -94  -18  -56  -25 -174   51    0  -47    1   20   59  218  -42   29  246   55   63   67  124  319  154  255  197  902  262  378  595  989  991  996 1000
 19 Majikthise            4998     0  -24   -1    4  -15   49   14    1   10   -1   26    0   69   12   30   -5   42   47    0    1  -17   60  193   34   16   86  -20  -32    6  124   37   27  241  123   29  316  140  438  -39  990  993  994
 20 Mixed Strategy        4925  -114  -98  -55  -10  -83   -8  -38  -65  -24  -41  -14  -78   20  -19  -71  -23  -24   -1   -1    0  -43   19  -12 -102   -3  -23   29    8   80   16   58  180  194   89  222  145  400  479  974  972  999  991
 21 Vroomfondel           4895   -37  -17   19  -11  -18   50  -11   12  -25   -8   41   -7   49   61   12  -10   23  -20   17   43    0  -14  157    2   31  138   36   32   42  109   -9   53  210  110   72  228  128  436   -8  990  994  995
 22 * Anti-rotn           4515   -78  -87  -40  -69  -57  -53  -44  -57  -49   -3  -32  -19  -51  -54  -49  -51  -55  -59  -60  -19   14    0  253  -53  -37  -46  -30  -50   13  249   22   61   83  337   35  492  178  499  499  999  997  986
 23 Multi-strategy        2353  -163 -219 -205 -328 -167 -191 -156 -240 -188 -234 -275 -248 -145 -287 -175 -144 -127 -218 -193   12 -157 -253    0  -50  -20 -149   -7   29  259  186   45  123   49  292   35  462  409  999  997  997  999  999
 24 * De Bruijn            618   -57  -52   27    2   38   79  -12   55   15   50   29   10   21   47   29   68   28   42  -34  102   -2   53   50    0   -1    8   -9   13    2   47   -1   23  -40    0  -19  -29   -5  128   -1   21    0 -107
 25 * Pi                   -57     0   28   27  -18   12  -19  -16   35  -45   20  -16    6   15   23   -6  -36   16  -29  -16    3  -31   37   20    1    0    3   40   -2    4    0  -12  -81   -3   29   22  -16  -70   30   22  -11  -11  -12
 26 Inocencio             -667  -331 -225 -181 -169 -254 -791    3  -93  -41 -777 -652  -84 -731 -644  -67   -6   24 -246  -86   23 -138   46  149   -8   -3    0  -32  299  107   76   87  149  207  138  139  293  407  359 -556  987  984  971
 27 * Add-drift          -1519  -143  -81 -178  -47 -232 -320  -27 -163  -68  -23  -27    4  -75  -63   31 -159  -14  -55   20  -29  -36   30    7    9  -40   32    0    6   47  -24  -21   16   64   25  -38    8   32   10   19  -34    7   11
 28 * Foxtrot            -2059  -344 -399  -76 -409   -5   12  -20 -163  -26   35  -28 -395    5  -15  -16   24   18  -63   32   -8  -32   50  -29  -13    2 -299   -6    0    6   21   -2    9  -44   -6   -2   44   36   22   14   -6    6   11
 29 * Copy-drift         -2073  -140  -47  -47  -88 -219 -227  -96 -109  -71  -53  -86  -42  -47 -112  -34  -31  -62  -67   -6  -80  -42  -13 -259   -2   -4 -107  -47   -6    0    8   25   37  -13   67  -94   11  -24  -18   -5    1   45   31
 30 * Flat               -3140  -215 -122 -166 -154 -126  -70  -76  -56  -59  -96 -202 -169 -138 -143  -24  -58 -141 -124 -124  -16 -109 -249 -186  -47    0  -76   24  -21   -8    0  -24  -32    4   13 -204   15   -9  247  204   -1    1 -403
 31 * Add-react          -3176  -290 -320 -268  -90 -104 -137  -48 -365 -106  -50 -124  -79 -177  -96   -1 -110 -293 -319  -37  -58    9  -22  -45    1   12  -87   21    2  -25   24    0    7  -86   14    6   31   59  -26   14   -7   -7    1
 32 * Text               -3224  -138  -79 -133 -155 -132 -149 -157  -94 -105  -54 -181 -125 -157 -172  -99  -20 -154 -154  -27 -180  -53  -61 -123  -23   81 -149  -16   -9  -37   32   -7    0  -62   -6   32  -12   -4 -185  -74  -11 -185  113
 33 Knucklehead          -3431  -559 -368 -406 -509 -241 -294 -344 -486 -488 -499 -261 -532 -304 -283 -162 -225 -121 -255 -241 -194 -210  -83  -49   40    3 -207  -64   44   13   -4   86   62    0   22    2    5   98  144  657  783 1000  999
 34 * Switch A Lot       -4036  -102  -39 -226 -198 -223 -181  -87 -148 -238 -194 -237 -146 -150 -109 -228  -75 -145 -197 -123  -89 -110 -337 -292    0  -29 -138  -25    6  -67  -13  -14    6  -22    0 -106    1   13   16  292  -18  -11  -53
 35 Peterbot             -6417  -905 -998 -841 -824 -904 -911 -993 -928 -396 -173 -907  -64 -138 -926 -109 -238 -183 -902  -29 -222  -72  -35  -35   19  -22 -139   38    2   94  204   -6  -32   -2  106    0  256  398  433  981  999 1000  987
 36 Always Switchin'     -7293  -194 -251 -460 -362 -488 -444 -470 -239 -487 -228 -239 -254 -200 -194 -447 -185 -190 -262 -316 -145 -228 -492 -462   29   16 -293   -8  -44  -11  -15  -31   12   -5   -1 -256    0   41   30  489   -8   23  -24
 37 R-P-S 20-20-60       -9493  -393 -125 -376 -403 -431 -419 -380 -319 -375 -344 -451 -341 -394 -385 -318 -184 -369 -378 -140 -400 -128 -178 -409    5   70 -407  -32  -36   24    9  -59    4  -98  -13 -398  -41    0 -415 -176   17 -346   39
 38 Beat Frequent Pick  -14311  -931 -946 -952 -829 -591 -587 -830 -589 -753 -573 -591 -589 -592 -591 -557 -394 -591 -595 -438 -479 -436 -499 -999 -128  -30 -359  -10  -22   18 -247   26  185 -144  -16 -433  -30  415    0 -600    0  999  997
 39 Beat The Last Move  -18567  -991 -983 -992 -995 -991 -984 -963 -994 -991 -667 -992 -512 -990 -992 -904 -947 -988 -989   39 -974    8 -499 -997    1  -22  556  -19  -14    5 -204  -14   74 -657 -292 -981 -489  176  600    0    1 1000 1000
 40 Rotate R-P-S        -26072  -988 -988 -988 -996 -990 -990 -996 -991 -990 -996 -993 -993 -995 -995 -912 -965 -991 -991 -990 -972 -990 -999 -997  -21   11 -987   34    6   -1    1    7   11 -783   18 -999    8  -17    0   -1    0    0 -663
 41 Good Ole Rock       -26390  -993 -994 -1000 -996 -997 -995 -995 -999 -997 -996 -998 -1000 -994 -999 -975 -980 -998 -996 -993 -999 -994 -997 -999    0   11 -984   -7   -6  -45   -1    7  185 -1000   11 -1000  -23  346 -999 -1000    0    0  999
 42 * Anti-Flat         -27772  -992 -994 -996 -1000 -995 -996 -996 -1000 -1000 -986 -995 -992 -995 -1000 -987 -988 -998 -1000 -994 -991 -995 -986 -999  107   12 -971  -11  -11  -31  403   -1 -113 -999   53 -987   24  -39 -997 -1000  663 -999    0

 Match results (draw <= 50): 

    Player Name           total  W  L  D   1  2  3  4  5  6  7  8  9 10 11 12 13 14 15 16 17 18 19 20 21 22 23 24 25 26 27 28 29 30 31 32 33 34 35 36 37 38 39 40 41 42
  1 Iocaine Powder          70  29  0 12   1  2  1  2  1  1  2  2  1  1  2  1  1  1  1  1  1  2  2  2  2  2  2  1  2  2  2  2  2  2  2  2  2  2  2  2  2  2  2  2  2  2
  2 Phasenbott              65  25  1 15   0  1  1  1  2  1  2  1  1  1  2  1  1  1  1  1  1  2  2  2  2  2  2  1  2  2  2  2  2  1  2  2  2  2  2  2  1  2  2  2  2  2
  3 Simple Modeller         65  24  0 17   1  1  1  1  1  1  1  1  1  1  2  1  2  1  1  1  1  2  2  2  2  1  2  1  2  1  2  2  2  2  2  2  2  2  2  2  2  2  2  2  2  2
  4 Biopic                  64  24  1 16   0  1  1  1  1  1  1  1  1  1  2  1  2  1  1  1  2  2  2  2  1  1  2  1  2  2  1  2  2  2  2  2  2  2  2  2  2  2  2  2  2  2
  5 MegaHAL                 62  22  1 18   1  0  1  1  1  1  2  1  1  1  1  1  1  1  1  1  1  2  2  2  2  1  1  1  2  2  2  2  2  1  2  2  2  2  2  2  2  2  2  2  2  2
  6 Yomi AI                 61  20  0 21   1  1  1  1  1  1  1  1  1  1  1  1  1  1  1  1  1  2  2  2  2  1  1  1  2  2  1  2  2  1  2  2  2  2  2  2  2  2  2  2  2  2
  7 RussRocker4             61  24  4 13   0  0  1  1  0  1  1  1  1  1  2  1  1  1  1  1  1  2  2  2  2  0  2  1  2  2  2  2  2  2  2  2  2  2  2  2  2  2  2  2  2  2
  8 ACT-R Lag2              59  19  1 21   0  1  1  1  1  1  1  1  1  1  1  1  1  1  1  1  2  2  2  2  1  1  1  1  2  1  1  2  2  2  2  1  2  2  2  2  2  2  2  2  2  2
  9 Robertot                58  17  0 24   1  1  1  1  1  1  1  1  1  1  1  1  1  1  1  1  2  2  1  2  1  1  1  1  1  1  1  2  2  2  2  1  2  2  2  2  2  2  2  2  2  2
 10 Bugbrain                58  18  1 22   1  1  1  1  1  1  1  1  1  1  1  1  1  1  1  2  1  2  1  2  1  0  2  1  1  1  2  2  2  1  2  2  2  2  2  1  2  2  2  2  2  2
 11 Simple Predictor        56  21  6 14   0  0  0  0  1  1  0  1  1  1  1  1  1  1  1  2  2  1  1  2  1  0  2  1  2  1  2  2  2  2  2  2  2  2  2  2  2  2  2  2  2  2
 12 Shofar                  56  15  0 26   1  1  1  1  1  1  1  1  1  1  1  1  2  1  1  1  1  1  1  1  2  1  1  1  2  1  1  2  2  1  2  1  2  1  2  2  2  2  2  2  2  2
 13 Boom                    55  17  3 21   1  1  0  0  1  1  1  1  1  1  1  0  1  1  1  1  1  1  1  2  1  1  1  1  1  1  2  2  2  2  2  2  2  2  2  2  2  2  2  2  2  2
 14 Vroomfondel             55  14  0 27   1  1  1  1  1  1  1  1  1  1  1  1  1  1  1  1  1  2  1  1  1  1  1  1  2  1  1  2  2  1  2  1  1  2  2  2  2  2  2  2  2  2
 15 Majikthise              54  13  0 28   1  1  1  1  1  1  1  1  1  1  1  1  1  1  1  1  2  1  1  1  1  1  2  1  2  1  1  2  1  1  2  1  1  2  2  1  2  2  2  2  2  2
 16 Sweet Rocky             54  16  3 22   1  1  1  1  1  1  1  1  1  0  0  1  1  1  1  1  1  1  1  0  1  1  2  1  1  1  1  2  2  2  2  2  2  2  2  2  2  2  2  2  2  2
 17 Piedra                  52  17  6 18   1  1  1  0  1  1  1  0  0  1  0  1  1  1  0  1  1  0  1  1  1  1  2  1  2  1  2  2  2  1  2  2  2  2  2  2  2  2  2  2  2  2
 18 Granite                 50  20 11 10   0  0  0  0  0  0  0  0  0  0  1  1  1  0  1  1  2  1  1  2  1  1  2  1  2  1  2  2  2  2  2  2  2  2  2  2  2  2  2  2  2  2
 19 Marble                  49  16  8 17   0  0  0  0  0  0  0  0  1  1  1  1  1  1  1  1  1  1  1  1  1  1  1  1  2  1  1  2  2  2  2  2  2  2  2  2  2  2  2  2  2  2
 20 ZQ Bot                  48  20 13  8   0  0  0  0  0  0  0  0  0  0  0  1  0  1  1  2  1  0  1  1  1  1  2  1  2  2  2  2  2  2  2  2  2  2  2  2  2  2  2  2  2  2
 21 Mixed Strategy          46  13  8 20   0  0  0  1  0  0  0  1  1  1  1  0  1  1  1  1  1  1  1  1  1  0  1  1  1  1  1  1  2  2  2  2  2  1  2  2  2  2  2  2  2  2
 22 * De Bruijn             44   6  3 32   0  0  1  1  1  1  2  1  1  2  2  1  1  1  1  1  1  1  1  1  2  1  2  1  1  1  1  1  1  1  1  1  1  1  1  1  1  1  2  0  1  1
 23 * Anti-rotn             40  12 13 16   0  0  0  0  1  1  0  1  1  0  0  1  1  1  0  0  0  0  1  0  1  0  1  1  1  1  1  2  1  1  2  1  2  2  2  2  2  2  2  2  2  2
 24 * Pi                    39   0  2 39   1  1  1  1  1  1  1  1  1  1  1  1  1  1  1  1  1  1  1  1  1  1  1  1  1  1  1  1  1  1  1  1  1  1  1  0  1  1  1  1  1  0
 25 Inocencio               39  15 17  9   0  0  0  0  0  0  0  0  1  1  0  0  1  0  0  1  0  0  0  0  1  1  1  1  1  2  1  2  2  2  2  2  0  2  2  2  2  2  2  2  2  2
 26 * Foxtrot               33   0  8 33   0  0  1  0  0  0  0  1  1  1  1  1  1  1  1  1  1  1  1  0  1  1  1  1  0  1  1  1  1  1  1  1  1  1  1  1  1  1  1  1  1  1
 27 * Add-drift             31   1 11 29   0  0  0  1  0  1  0  1  1  0  0  1  0  1  1  1  0  0  1  0  1  1  1  1  1  1  1  1  1  1  2  1  1  1  1  1  1  1  1  1  1  1
 28 Multi-strategy          30  11 22  8   0  0  0  0  0  0  0  0  0  0  0  0  0  0  0  0  0  0  0  0  1  1  0  1  0  1  1  1  1  2  1  1  2  2  2  2  2  2  2  2  2  2
 29 Peterbot                30  10 21 10   0  0  0  0  0  0  0  0  0  0  0  0  0  0  1  0  0  0  0  0  0  1  1  1  0  1  1  1  1  2  1  1  2  2  2  1  2  2  2  2  2  2
 30 * Copy-drift            26   1 16 24   0  1  0  0  1  1  0  0  0  1  0  1  0  1  1  0  1  0  0  0  0  1  1  1  0  1  1  0  0  1  1  1  1  1  1  1  2  1  1  1  1  1
 31 Knucklehead             25   8 24  9   0  0  0  0  0  0  0  0  0  0  0  0  0  0  0  0  0  0  0  0  0  1  0  1  0  1  0  1  1  1  1  2  2  1  1  2  1  2  2  2  2  2
 32 * Add-react             24   1 18 22   0  0  0  0  0  0  0  1  1  0  0  1  0  1  1  0  0  0  0  0  0  1  1  1  0  1  1  1  1  1  0  1  1  1  1  1  1  1  1  1  1  2
 33 Beat The Last Move      21   6 26  9   0  0  0  0  0  0  0  0  0  0  0  0  0  1  1  0  0  0  0  0  0  1  0  1  2  1  1  0  0  1  0  1  1  0  0  2  0  2  2  2  1  2
 34 * Flat                  19   2 24 15   0  0  0  0  0  0  0  0  0  0  0  1  0  0  0  0  0  0  0  0  1  1  0  1  0  1  1  0  0  1  1  1  2  1  1  1  1  1  2  0  1  1
 35 Always Switchin'        17   1 25 15   0  0  0  0  0  0  0  0  0  0  0  0  0  0  0  0  0  0  0  0  0  1  0  1  0  1  1  0  0  1  1  1  2  1  1  1  1  1  1  1  1  1
 36 * Text                  17   2 26 13   0  0  0  0  0  0  0  0  0  1  0  0  0  0  1  0  0  0  0  0  0  1  0  2  0  1  1  0  1  1  0  1  0  1  1  1  1  0  0  2  1  1
 37 * Switch A Lot          16   1 26 14   0  1  0  0  0  0  0  0  0  0  0  0  0  0  0  0  0  0  0  0  0  1  0  1  0  1  1  0  0  0  1  1  2  1  1  1  1  1  1  0  1  1
 38 Good Ole Rock           16   3 28 10   0  0  0  0  0  0  0  0  0  0  0  0  0  0  0  0  0  0  0  0  0  1  0  1  0  1  1  0  0  1  0  1  0  1  1  2  1  1  0  2  1  2
 39 Beat Frequent Pick      16   4 29  8   0  0  0  0  0  0  0  0  0  0  0  0  0  0  0  0  0  0  0  0  0  0  0  1  0  1  1  0  0  1  0  1  0  0  1  2  1  2  1  2  1  2
 40 * Anti-Flat             15   4 30  7   0  0  0  0  0  0  0  0  0  0  0  0  0  0  0  0  0  0  0  0  0  2  0  1  0  1  1  0  0  1  0  1  0  2  1  0  2  0  0  1  2  1
 41 Rotate R-P-S            14   0 27 14   0  0  0  0  0  0  0  0  0  0  0  0  0  0  0  0  0  0  0  0  0  1  0  1  0  1  1  0  0  1  0  1  1  1  1  1  1  1  1  0  1  1
 42 R-P-S 20-20-60          12   1 30 10   0  0  0  0  0  0  0  0  0  0  0  0  0  0  0  0  0  0  0  0  0  1  0  2  0  1  1  0  0  1  0  0  0  1  1  1  1  0  0  1  1  1


   Yomi AI is match ranked 6

 Tournament results:
    Player Name          total 
  1 Yomi AI               6908 
 19 Iocaine Powder       10928 
 20 Phasenbott           10076 
 21 MegaHAL               9283 
 22 RussRocker4           7653 
 23 Biopic                9180 
 24 Simple Modeller       9018 
 25 Simple Predictor      8047 
 26 Robertot              7831 
 27 Boom                  7307 
 29 ACT-R Lag2            7267 
 33 Marble                6959 

   Yomi is tournament ranked 12

