 Playing 1 tournaments with 1000 trials per match...

 Yomi AI            vs Good Ole Rock       Match: 1000 (1000+   0-   0=)
 Yomi AI            vs R-P-S 20-20-60      Match:  347 (552+ 205- 243=)
 Yomi AI            vs Rotate R-P-S        Match:  952 (955+   3-  42=)
 Yomi AI            vs Beat The Last Move  Match:   35 (367+ 332- 301=)
 Yomi AI            vs Always Switchin'    Match:  162 (438+ 276- 286=)
 Yomi AI            vs Beat Frequent Pick  Match:  445 (636+ 191- 173=)
 Yomi AI            vs * Pi                Match:  -28 (324+ 352- 324=)
 Yomi AI            vs * Switch A Lot      Match:   62 (372+ 310- 318=)
 Yomi AI            vs * Flat              Match:  106 (384+ 278- 338=)
 Yomi AI            vs * Anti-Flat         Match:  954 (959+   5-  36=)
 Yomi AI            vs * Foxtrot           Match:  320 (532+ 212- 256=)
 Yomi AI            vs * De Bruijn         Match:  -15 (311+ 326- 363=)
 Yomi AI            vs * Text              Match:   89 (393+ 304- 303=)
 Yomi AI            vs * Anti-rotn         Match:    5 (338+ 333- 329=)
 Yomi AI            vs * Copy-drift        Match:  -36 (310+ 346- 344=)
 Yomi AI            vs * Add-react         Match:   18 (354+ 336- 310=)
 Yomi AI            vs * Add-drift         Match:    7 (343+ 336- 321=)
 Yomi AI            vs Iocaine Powder      Match:   -1 (326+ 327- 347=)
 Yomi AI            vs Phasenbott          Match:  -77 (322+ 399- 279=)
 Yomi AI            vs MegaHAL             Match:  -19 (334+ 353- 313=)
 Yomi AI            vs RussRocker4         Match:  -49 (337+ 386- 277=)
 Yomi AI            vs Biopic              Match:    3 (351+ 348- 301=)
 Yomi AI            vs Simple Modeller     Match:   34 (349+ 315- 336=)
 Yomi AI            vs Simple Predictor    Match:   17 (365+ 348- 287=)
 Yomi AI            vs Robertot            Match:   38 (358+ 320- 322=)
 Yomi AI            vs Boom                Match:   28 (354+ 326- 320=)
 Yomi AI            vs Shofar              Match:   35 (350+ 315- 335=)
 Yomi AI            vs ACT-R Lag2          Match:   41 (362+ 321- 317=)
 Yomi AI            vs Majikthise          Match:  -12 (336+ 348- 316=)
 Yomi AI            vs Vroomfondel         Match:  -28 (335+ 363- 302=)
 Yomi AI            vs Granite             Match:  102 (412+ 310- 278=)
 Yomi AI            vs Marble              Match:   81 (392+ 311- 297=)
 Yomi AI            vs ZQ Bot              Match:   96 (417+ 321- 262=)
 Yomi AI            vs Sweet Rocky         Match:   48 (359+ 311- 330=)
 Yomi AI            vs Piedra              Match:   21 (364+ 343- 293=)
 Yomi AI            vs Mixed Strategy      Match:    8 (363+ 355- 282=)
 Yomi AI            vs Multi-strategy      Match:  245 (493+ 248- 259=)
 Yomi AI            vs Inocencio           Match:  151 (453+ 302- 245=)
 Yomi AI            vs Peterbot            Match:   36 (355+ 319- 326=)
 Yomi AI            vs Bugbrain            Match:    6 (331+ 325- 344=)
 Yomi AI            vs Knucklehead         Match:  425 (598+ 173- 229=)
 Final results (draw value = 50):

 Tournament results: 

    Player Name          total     1    2    3    4    5    6    7    8    9   10   11   12   13   14   15   16   17   18   19   20   21   22   23   24   25   26   27   28   29   30   31   32   33   34   35   36   37   38   39   40   41   42
  1 Iocaine Powder       10969     0   54   82   29   21  520  191   12   56   30   56  238   10  233   71   28   63    1  317   21   41   17  279   25  401   24  226  354  197   81   89  597  -14  244  226  863  399  938 1000  991  987  971
  2 Phasenbott           10556   -54    0   95   21   28  543  147   85   34   53    9  214  -27  222   43   45  106   77  294   74   60   51  227   53  210   -1  102  396   91  122   80  417   68  361  281  969  192  916  984  994  994  980
  3 MegaHAL               9377   -82  -95    0   13  -35  112   61    4   62   34   60  244  -74  275    7  -16   41   19  252   55  -21    4  255  -49  154  -55  187   55   83  152  133  388  254  276  419  944  338  944  990 1000  992  997
  4 Biopic                8710   -29  -21  -13    0  -53  -12   82   44  -30   25   58  112    1  138   49   18   43   -3  106   32  -40    0  251   -7  120   39   -6  393   63  125  138  522  212   34  332  764  411  845  994  996  992  985
  5 Simple Modeller       8036   -21  -28   35   53    0  -13  269  -27   22   22   20   59  -24  107   17   55   47  -34  305   57  -12    1  179  -38   67   29  204  -28  220  139  120  240  178  103  429  338  379  593  988  998  995  993
  6 RussRocker4           7849  -520 -543 -112   12   13    0  115   11   39   43   53  173  -11  190   11  -22   41   49  190   51   16   16  252  -27  117   -2   50  211  161  122   26  524   91  373  266  946  348  595  994  998  992  997
  7 Simple Predictor      7792  -191 -147  -61  -82 -269 -115    0  -42  -37   62   48   18   16   14  -60   22   53  -17  176   74  -44    9  191  -73  679  -21  227    2  255   20  149  316  239  126  389  924  391  588  985  993  989  996
  8 Robertot              7742   -12  -85   -4  -44   27  -11   42    0   -2   56   28    2   -2   45  -24  -22   65  -38  141   98   -5   -8  250  -51  -28    1   66    3   12   91  175  431  121   90  454  711  407  840  938  996  992  996
  9 Boom                  7322   -56  -34  -62   30  -22  -39   37    2    0    7   21   68  -31   97  -35  -16   39  -28   76    2   -1  -57  165    7   84   17   38   37    1   55  122  475  162   93  458  528  356  753  991  997  989  996
 10 Piedra                7280   -30  -53  -34  -25  -22  -43  -62  -56   -7    0  -40  -47  -30   -6  -31  -76   45  -21  -12   40  -18  -24   95  -28  787   -6   29   15   33   73  181  120  195  212  281  864  415  591  992 1000  988  995
 11 Sweet Rocky           6978   -56   -9  -60  -58  -20  -53  -48  -28  -21   40    0  -58  -57  -27  -44  -41   59  -48  -61  -46  -13  -35  149   -4  776  -11   52   25   69  184  141  264  153  367  254  277  390  593  991  996  998  998
 12 Marble                6744  -238 -214 -244 -112  -59 -173  -18   -2  -68   47   58    0  -80  -12 -165  -81   51  -81   67   10  -33    0  254  -12  644  -12   30   44   42  157  183  308  150  142  243  967  372  593  994 1000  997  995
 13 Shofar                6507   -10   27   74   -1   24   11  -16    2   31   30   57   80    0   25  -39  -14   36  -35   22   88  -11    0   91  -16   52   45   61   21  136   48  144  175   87   97  446  118  269  552  871  981  953  995
 14 Granite               6465  -233 -222 -275 -138 -107 -190  -14  -45  -97    6   27   12  -25    0 -122 -121   57 -102   40   18  -26  -24  288  -51  655   -5   28   85   54  153  178  253  173  108  255  911  381  594  992  999  995 1000
 15 ACT-R Lag2            6419   -71  -43   -7  -49  -17  -11   60   24   35   31   44  165   39  122    0   33    1  -41   62   81   14  -15  266  -89   93   26   19   -9    6  192  108  469  120   50  260  197  317  579  378  996  994  990
 16 Bugbrain              6155   -28  -45   16  -18  -55   22  -22   22   16   76   41   81   14  121  -33    0   50   -6  188   65  -32  -11  119    0   62  -35  133   -1   57  -19   46  132  111   95  241  298  227  423  933  975  914  982
 17 * Anti-rotn           5737   -63 -106  -41  -43  -47  -41  -53  -65  -39  -45  -59  -51  -36  -57   -1  -50    0   -5  -64   27  -23   16  255  -82  590  -48   -4  -48   20  207   55   55  342    8  488  500  159  597  497  999  998  995
 18 Yomi AI               5652    -1  -77  -19    3   34  -49   17   38   28   21   48   81   35  102   41    6    5    0   96    8  -28  -12  245  -15  151  -28    7  320  -36  106   89  425   62   18  162   36  347  445   35 1000  952  954
 19 ZQ Bot                5173  -317 -294 -252 -106 -305 -190 -176 -141  -76   12   61  -67  -22  -40  -62 -188   64  -96    0   25  -27  -12  152  -40  -43  -24   63   24   55  131  136  183   99  436  252  984  400  592  994 1000  988 1000
 20 Mixed Strategy        4890   -21  -74  -55  -32  -57  -51  -74  -98   -2  -40   46  -10  -88  -18  -81  -65  -27   -8  -25    0    2  -90   90  -95   55  -61   34    0   97   24  142  119   83   88  106  241  393  557  953  994  954  984
 21 Vroomfondel           4711   -41  -60   21   40   12  -16   44    5    1   18   13   33   11   26  -14   32   23   28   27   -2    0   20  192    2   61  -10   30   -9  -16   63   26  248  125  -38  264  -16  162  457  -24  991  995  987
 22 Majikthise            4634   -17  -51   -4    0   -1  -16   -9    8   57   24   35    0    0   24   15   11  -16   12   12   90  -20    0  195  -28   73  -27  -23    0   44   82   18  217  112   11  268  -34  177  446  -37  992  995  999
 23 Multi-strategy        2541  -279 -227 -255 -251 -179 -252 -191 -250 -165  -95 -149 -254  -91 -288 -266 -119 -255 -245 -152  -90 -192 -195    0  -50 -121  -20  -19   -1  293  137  123   75  259   29  440  500  345  999  997  999  997  999
 24 * De Bruijn            753   -25  -53   49    7   38   27   73   51   -7   28    4   12   16   51   89    0   82   15   40   95   -2   28   50    0   19   -1   13   12    8  -10   23   44  -52    1  -27  -18   33  128   -1    0   21 -108
 25 Inocencio              559  -401 -210 -154 -120  -67 -117 -679   28  -84 -787 -776 -644  -52 -655  -93  -62 -590 -151   43  -55  -61  -73  121  -19    0   -6  -21  288  151  119  149  224  101   59  256  228  407  362  958  981  974  987
 26 * Pi                    71   -24    1   55  -39  -29    2   21   -1  -17    6   11   12  -45    5  -26   35   48   28   24   61   10   27   20    1    6    0    6  -10   -2    5  -81  -59    1    9   -5   12  -11   30   22  -11  -11  -16
 27 * Add-drift          -1608  -226 -102 -187    6 -204  -50 -227  -66  -38  -29  -52  -30  -61  -28  -19 -133    4   -7  -63  -34  -30   23   19  -13   21   -6    0  -17   25   14  -10  -21   -6   33  -19  -52   -4  -54    3    9  -25   48
 28 * Foxtrot            -2142  -354 -396  -55 -393   28 -211   -2   -3  -37  -15  -25  -44  -21  -85    9    1   48 -320  -24    0    9    0    1  -12 -288   10   17    0  -16   21  -75   38    5   36  -25  -25  -31   19  -36   29   60   20
 29 * Copy-drift         -2181  -197  -91  -83  -63 -220 -161 -255  -12   -1  -33  -69  -42 -136  -54   -6  -57  -20   36  -55  -97   16  -44 -293   -8 -151    2  -25   16    0  -25   31 -113   24    2   55  -36  -45   -6   15   -2  -16   38
 30 * Flat               -2758   -81 -122 -152 -125 -139 -122  -20  -91  -55  -73 -184 -157  -48 -153 -192   19 -207 -106 -131  -24  -63  -82 -137   10 -119   -5  -14  -21   25    0   22   12    5   23    2 -206  -18  265  168    0  -16 -446
 31 * Text               -2814   -89  -80 -133 -138 -120  -26 -149 -175 -122 -181 -141 -183 -144 -178 -108  -46  -55  -89 -136 -142  -26  -18 -123  -23 -149   81   10   75  -31  -22    0    4   28   48   47   14   48 -185  -74 -185  -11  113
 32 Knucklehead          -2931  -597 -417 -388 -522 -240 -524 -316 -431 -475 -120 -264 -308 -175 -253 -469 -132  -55 -425 -183 -119 -248 -217  -75  -44 -224   59   21  -38  113  -12   -4    0   56    2   14    5   79  186  900 1000  970  939
 33 * Switch A Lot       -3297    14  -68 -254 -212 -178  -91 -239 -121 -162 -195 -153 -150  -87 -173 -120 -111 -342  -62  -99  -83 -125 -112 -259   52 -101   -1    6   -5  -24   -5  -28  -56    0  -11  -16 -105   11    1  364  -21   25   -1
 34 * Add-react          -3586  -244 -361 -276  -34 -103 -373 -126  -90  -93 -212 -367 -142  -97 -108  -50  -95   -8  -18 -436  -88   38  -11  -29   -1  -59   -9  -33  -36   -2  -23  -48   -2   11    0  -13  -43   -3   -8  -34  -21   45   16
 35 Always Switchin'     -7171  -226 -281 -419 -332 -429 -266 -389 -454 -458 -281 -254 -243 -446 -255 -260 -241 -488 -162 -252 -106 -264 -268 -440   27 -256    5   19   25  -55   -2  -47  -14   16   13    0 -253   53   10  505    7   18  -28
 36 Peterbot             -7485  -863 -969 -944 -764 -338 -946 -924 -711 -528 -864 -277 -967 -118 -911 -197 -298 -500  -36 -984 -241   16   34 -500   18 -228  -12   52   25   36  206  -14   -5  105   43  253    0  468  437  963 1000  998 1000
 37 R-P-S 20-20-60       -9400  -399 -192 -338 -411 -379 -348 -391 -407 -356 -415 -390 -372 -269 -381 -317 -227 -159 -347 -400 -393 -162 -177 -345  -33 -407   11    4   31   45   18  -48  -79  -11    3  -53 -468    0 -358 -152 -376  -13   61
 38 Beat Frequent Pick  -14461  -938 -916 -944 -845 -593 -595 -588 -840 -753 -591 -593 -593 -552 -594 -579 -423 -597 -445 -592 -557 -457 -446 -999 -128 -362  -30   54  -19    6 -265  185 -186   -1    8  -10 -437  358    0 -600  999    0  997
 39 Beat The Last Move  -19430  -1000 -984 -990 -994 -988 -994 -985 -938 -991 -992 -991 -994 -871 -992 -378 -933 -497  -35 -994 -953   24   37 -997    1 -958  -22   -3   36  -15 -168   74 -900 -364   34 -505 -963  152  600    0 1000    1 1000
 40 Good Ole Rock       -26295  -991 -994 -1000 -996 -998 -998 -993 -996 -997 -1000 -996 -1000 -981 -999 -996 -975 -999 -1000 -1000 -994 -991 -992 -999    0 -981   11   -9  -29    2    0  185 -1000   21   21   -7 -1000  376 -999 -1000    0    0  999
 41 Rotate R-P-S        -26346  -987 -994 -992 -992 -995 -992 -989 -992 -989 -988 -998 -997 -953 -995 -994 -914 -998 -952 -988 -954 -995 -995 -997  -21 -974   11   25  -60   16   16   11 -970  -25  -45  -18 -998   13    0   -1    0    0 -686
 42 * Anti-Flat         -27717  -971 -980 -997 -985 -993 -997 -996 -996 -996 -995 -998 -995 -995 -1000 -990 -982 -995 -954 -1000 -984 -987 -999 -999  108 -987   16  -48  -20  -38  446 -113 -939    1  -16   28 -1000  -61 -997 -1000 -999  686    0

 Match results (draw <= 50): 

    Player Name           total  W  L  D   1  2  3  4  5  6  7  8  9 10 11 12 13 14 15 16 17 18 19 20 21 22 23 24 25 26 27 28 29 30 31 32 33 34 35 36 37 38 39 40 41 42
  1 Phasenbott              72  32  1  8   1  0  1  2  1  1  2  1  2  1  2  1  2  2  1  2  2  2  2  2  2  2  2  1  2  2  2  2  2  2  2  2  2  2  2  2  2  2  2  2  2  2
  2 Iocaine Powder          69  28  0 13   2  1  1  2  1  1  2  1  1  2  1  2  2  1  2  1  1  2  2  2  2  1  1  1  2  2  2  2  2  2  2  2  2  2  2  1  2  2  2  2  2  2
  3 Simple Modeller         65  24  0 17   1  1  1  1  2  1  1  2  1  1  1  1  2  1  1  1  1  2  2  2  1  1  2  1  2  1  2  2  2  2  2  2  2  2  2  2  2  2  2  2  2  2
  4 MegaHAL                 63  26  4 11   0  0  1  1  1  0  2  1  1  1  1  2  2  1  2  1  1  2  2  2  1  1  2  0  2  2  2  2  2  2  2  2  2  2  2  2  2  2  2  2  2  2
  5 Biopic                  61  21  1 19   1  1  0  1  1  1  1  1  1  1  1  1  2  1  2  1  1  2  2  2  1  1  1  1  2  2  2  2  1  2  2  1  2  2  2  2  2  2  2  2  2  2
  6 Shofar                  61  20  0 21   1  1  1  2  1  1  1  1  1  1  1  1  1  1  2  1  1  1  2  1  1  1  2  1  2  1  2  2  2  2  2  2  2  1  2  2  2  2  2  2  2  2
  7 RussRocker4             60  22  3 16   0  0  1  0  1  1  1  1  1  1  1  1  2  1  2  1  1  2  2  2  1  1  2  1  2  2  2  2  1  2  2  2  1  2  2  2  2  2  2  2  2  2
  8 Bugbrain                60  20  1 20   1  1  0  1  1  1  1  1  1  1  1  1  1  1  1  2  1  2  2  2  1  1  2  1  2  1  2  2  2  2  2  2  1  1  2  2  2  2  2  2  2  2
  9 Robertot                58  19  2 20   0  1  1  1  1  1  1  1  1  1  1  1  1  1  1  2  1  1  1  2  2  0  2  1  1  1  2  2  2  1  2  2  2  2  2  2  2  2  2  2  2  2
 10 ACT-R Lag2              58  19  2 20   1  0  1  1  1  1  1  1  1  1  1  1  2  1  1  1  1  2  2  2  1  0  2  1  2  1  2  2  1  1  2  1  2  2  2  2  2  2  2  2  2  2
 11 Yomi AI                 56  16  1 24   0  1  1  1  1  1  1  1  1  1  1  1  1  1  1  1  1  2  2  2  1  1  1  1  2  2  2  1  1  1  2  1  2  2  1  2  2  2  2  2  2  2
 12 Boom                    56  18  3 20   1  0  1  0  1  1  1  1  1  1  1  1  1  0  1  1  1  2  2  2  1  1  1  1  2  1  2  2  1  1  2  2  2  2  2  2  2  2  2  2  2  2
 13 Simple Predictor        53  20  8 13   0  0  0  0  0  1  0  1  1  0  1  1  1  1  1  2  1  1  1  2  2  0  2  1  2  1  2  2  2  2  2  2  2  1  2  2  2  2  2  2  2  2
 14 Majikthise              53  13  1 27   0  1  1  1  1  1  1  1  1  1  1  2  1  1  1  1  1  1  1  1  1  1  2  1  2  1  2  1  1  1  2  1  1  2  1  2  2  2  2  2  2  2
 15 Sweet Rocky             52  18  7 16   1  0  1  0  0  0  0  1  1  1  1  1  1  1  1  1  1  1  0  0  2  1  1  1  2  1  2  2  2  2  2  2  2  2  2  2  2  2  2  2  2  2
 16 Piedra                  52  15  4 22   0  1  1  1  1  1  1  0  0  1  1  1  0  1  1  1  1  1  1  1  1  1  1  1  2  1  2  2  1  1  2  2  2  2  2  2  2  2  2  2  2  2
 17 Vroomfondel             51  11  1 29   0  1  1  1  1  1  1  1  1  1  1  1  1  1  1  1  1  1  1  1  1  1  1  1  2  1  2  1  1  1  2  1  1  2  1  2  2  2  2  2  2  2
 18 Granite                 48  18 11 12   0  0  0  0  0  1  0  0  1  0  0  0  1  1  1  1  1  1  1  1  2  0  1  1  2  2  2  2  1  2  2  2  2  2  2  2  2  2  2  2  2  2
 19 Marble                  48  18 11 12   0  0  0  0  0  0  0  0  1  0  0  0  1  1  2  1  1  1  1  2  2  1  1  1  2  1  2  2  1  1  2  2  2  2  2  2  2  2  2  2  2  2
 20 ZQ Bot                  46  18 13 10   0  0  0  0  0  1  0  0  0  0  0  0  0  1  2  1  1  1  0  1  2  1  1  1  1  1  2  2  2  2  2  2  2  2  2  2  2  2  2  2  2  2
 21 * Anti-rotn             46  14  9 18   0  0  1  1  1  1  1  1  0  1  1  1  0  1  0  1  1  0  0  0  1  0  1  1  2  1  2  2  1  1  2  1  2  2  2  2  2  2  2  2  2  2
 22 * De Bruijn             45   7  3 31   0  1  1  1  1  1  1  1  2  2  1  1  2  1  1  1  1  2  1  1  2  1  2  1  1  1  1  1  1  1  1  1  1  1  1  0  2  1  1  1  0  1
 23 Mixed Strategy          44  15 12 14   0  1  0  0  1  0  0  0  0  0  1  1  0  0  1  1  1  1  1  1  1  0  1  0  2  1  2  2  1  2  2  2  2  1  2  2  2  2  2  2  2  2
 24 * Pi                    41   2  2 37   1  1  1  2  1  1  1  1  1  1  1  1  1  1  1  1  1  1  1  1  1  1  2  1  1  1  1  1  1  1  0  1  0  1  1  1  1  1  1  1  1  1
 25 Inocencio               37  16 20  5   0  0  0  0  0  0  0  0  1  0  0  0  0  0  0  0  0  0  0  1  0  1  0  1  1  2  2  2  1  2  2  2  2  2  2  2  2  2  2  2  2  2
 26 * Foxtrot               33   1  9 31   0  0  1  0  0  1  0  1  1  1  0  1  1  1  1  1  1  0  1  1  1  1  1  1  0  1  1  1  1  1  1  1  0  1  1  1  1  1  1  2  1  1
 27 Multi-strategy          31  13 23  5   0  0  0  0  0  0  0  0  0  0  0  0  0  0  0  0  0  0  0  0  0  1  0  1  0  1  1  2  1  2  2  1  2  2  2  2  2  2  2  2  2  2
 28 Peterbot                30  10 21 10   0  0  0  0  0  0  0  0  0  0  1  0  0  1  0  0  1  0  0  0  0  1  0  1  0  1  0  1  2  1  1  1  1  2  2  2  2  2  2  2  2  2
 29 * Add-drift             29   0 12 29   0  0  0  0  1  0  1  0  0  1  1  1  0  1  0  1  1  1  1  0  1  1  1  1  1  1  1  0  1  1  1  1  1  1  1  1  0  1  1  1  1  1
 30 * Copy-drift            26   1 16 24   0  0  0  0  0  0  0  0  1  1  1  1  0  1  0  1  1  0  1  0  1  1  0  1  0  1  0  1  1  1  0  1  1  1  1  1  1  2  1  1  1  1
 31 Knucklehead             26   9 24  8   0  0  0  0  0  0  0  0  0  0  0  0  0  0  0  0  0  0  0  0  0  1  0  2  0  1  0  1  1  2  1  1  1  1  2  2  2  1  2  2  2  2
 32 * Add-react             24   0 17 24   0  0  0  0  1  0  0  0  0  1  1  0  0  1  0  0  1  0  0  0  1  1  0  1  0  1  1  1  1  1  1  1  1  1  1  1  1  1  1  1  1  1
 33 * Text                  21   3 23 15   0  0  0  0  0  0  1  1  0  0  0  0  0  1  0  0  1  0  0  0  0  1  0  2  0  2  0  1  1  1  1  1  1  1  0  1  0  1  0  1  2  1
 34 * Flat                  21   2 22 17   0  0  0  0  0  1  0  1  0  0  0  0  1  0  0  0  0  0  0  0  0  1  1  1  0  1  0  0  1  1  1  1  1  1  2  1  2  1  1  1  0  1
 35 Beat The Last Move      20   5 26 10   0  0  0  0  0  0  0  0  0  0  1  0  0  1  0  0  1  0  0  0  0  1  0  1  0  1  0  0  1  1  0  1  2  0  1  0  2  0  2  1  2  2
 36 * Switch A Lot          18   2 25 14   0  1  0  0  0  0  0  0  0  0  0  0  0  0  0  0  0  0  0  0  0  2  0  1  0  1  0  0  1  1  0  1  1  1  2  1  1  1  1  1  1  1
 37 Beat Frequent Pick      17   5 29  7   0  0  0  0  0  0  0  0  0  0  0  0  0  0  0  0  0  0  0  0  0  0  0  1  0  1  0  0  2  1  0  1  2  0  0  1  1  1  2  1  2  2
 38 Always Switchin'        17   2 26 13   0  0  0  0  0  0  0  0  0  0  0  0  0  0  0  0  0  0  0  0  0  1  0  1  0  1  0  0  1  0  1  1  1  1  2  1  1  1  1  1  1  2
 39 Good Ole Rock           16   3 28 10   0  0  0  0  0  0  0  0  0  0  0  0  0  0  0  0  0  0  0  0  0  1  0  1  0  1  0  0  1  1  0  1  2  1  0  1  0  1  1  1  2  2
 40 Rotate R-P-S            13   0 28 13   0  0  0  0  0  0  0  0  0  0  0  0  0  0  0  0  0  0  0  0  0  1  0  1  0  0  0  0  1  1  0  1  1  1  1  1  1  1  1  1  0  1
 41 * Anti-Flat             13   3 31  7   0  0  0  0  0  0  0  0  0  0  0  0  0  0  0  0  0  0  0  0  0  2  0  1  0  1  0  0  1  1  0  1  0  2  0  1  0  1  0  2  1  0
 42 R-P-S 20-20-60          12   1 30 10   0  0  0  0  0  0  0  0  0  0  0  0  0  0  0  0  0  0  0  0  0  1  0  1  0  1  0  0  1  1  0  1  1  1  0  1  0  0  0  1  2  1


   Yomi AI is match ranked 11

 Tournament results:
    Player Name          total 
  1 Yomi AI               5652 
 15 * Anti-rotn           5737 
 19 Iocaine Powder       10969 
 20 Phasenbott           10556 
 21 MegaHAL               9377 
 22 RussRocker4           7849 
 23 Biopic                8710 
 24 Simple Modeller       8036 
 25 Simple Predictor      7792 
 26 Robertot              7742 
 27 Boom                  7322 
 28 Shofar                6507 
 29 ACT-R Lag2            6419 
 32 Granite               6465 
 33 Marble                6744 
 35 Sweet Rocky           6978 
 36 Piedra                7280 
 41 Bugbrain              6155 

   Yomi is tournament ranked 18

