 Playing 1 tournaments with 1000 trials per match...

 Yomi AI            vs Good Ole Rock       Match: 1000 (1000+   0-   0=)
 Yomi AI            vs R-P-S 20-20-60      Match:  353 (566+ 213- 221=)
 Yomi AI            vs Rotate R-P-S        Match:  891 (909+  18-  73=)
 Yomi AI            vs Beat The Last Move  Match:  145 (439+ 294- 267=)
 Yomi AI            vs Always Switchin'    Match:  169 (456+ 287- 257=)
 Yomi AI            vs Beat Frequent Pick  Match:  544 (716+ 172- 112=)
 Yomi AI            vs * Pi                Match:  -20 (324+ 344- 332=)
 Yomi AI            vs * Switch A Lot      Match:   98 (399+ 301- 300=)
 Yomi AI            vs * Flat              Match:  159 (445+ 286- 269=)
 Yomi AI            vs * Anti-Flat         Match:  999 (999+   0-   1=)
 Yomi AI            vs * Foxtrot           Match:  335 (548+ 213- 239=)
 Yomi AI            vs * De Bruijn         Match:  -41 (302+ 343- 355=)
 Yomi AI            vs * Text              Match:   86 (389+ 303- 308=)
 Yomi AI            vs * Anti-rotn         Match:   19 (364+ 345- 291=)
 Yomi AI            vs * Copy-drift        Match:   17 (350+ 333- 317=)
 Yomi AI            vs * Add-react         Match:   73 (374+ 301- 325=)
 Yomi AI            vs * Add-drift         Match:  -31 (322+ 353- 325=)
 Yomi AI            vs Iocaine Powder      Match:  -74 (311+ 385- 304=)
 Yomi AI            vs Phasenbott          Match:  -15 (324+ 339- 337=)
 Yomi AI            vs MegaHAL             Match:  -16 (354+ 370- 276=)
 Yomi AI            vs RussRocker4         Match:   21 (365+ 344- 291=)
 Yomi AI            vs Biopic              Match:  -51 (327+ 378- 295=)
 Yomi AI            vs Simple Modeller     Match:  -11 (325+ 336- 339=)
 Yomi AI            vs Simple Predictor    Match:   59 (371+ 312- 317=)
 Yomi AI            vs Robertot            Match:   63 (382+ 319- 299=)
 Yomi AI            vs Boom                Match:   12 (363+ 351- 286=)
 Yomi AI            vs Shofar              Match:    3 (343+ 340- 317=)
 Yomi AI            vs ACT-R Lag2          Match:   39 (361+ 322- 317=)
 Yomi AI            vs Majikthise          Match:    7 (339+ 332- 329=)
 Yomi AI            vs Vroomfondel         Match:  -30 (323+ 353- 324=)
 Yomi AI            vs Granite             Match:    2 (354+ 352- 294=)
 Yomi AI            vs Marble              Match:  103 (442+ 339- 219=)
 Yomi AI            vs ZQ Bot              Match:   97 (415+ 318- 267=)
 Yomi AI            vs Sweet Rocky         Match:   38 (386+ 348- 266=)
 Yomi AI            vs Piedra              Match:   43 (379+ 336- 285=)
 Yomi AI            vs Mixed Strategy      Match:  -16 (343+ 359- 298=)
 Yomi AI            vs Multi-strategy      Match:  244 (501+ 257- 242=)
 Yomi AI            vs Inocencio           Match:  112 (422+ 310- 268=)
 Yomi AI            vs Peterbot            Match:   74 (392+ 318- 290=)
 Yomi AI            vs Bugbrain            Match:   18 (355+ 337- 308=)
 Yomi AI            vs Knucklehead         Match:  427 (633+ 206- 161=)
 Final results (draw value = 50):

 Tournament results: 

    Player Name          total     1    2    3    4    5    6    7    8    9   10   11   12   13   14   15   16   17   18   19   20   21   22   23   24   25   26   27   28   29   30   31   32   33   34   35   36   37   38   39   40   41   42
  1 Iocaine Powder       11116     0  112   91   22   33   46   71  173  512  -14  254   36    6   76  251  -33   74  317   70  157   37   39  249   15  -49  175  152  234  392  176  124  371  108  583  162  881  372  889  985  988  993  986
  2 Phasenbott            9988  -112    0   62    3   48   46   44  127  499   61  240   56  -41   77  208   39   15  250   41   73   21   33  205   51   -2  207  135  137  389   66   68  277   94  400  226  908  147  946  982  986  995  981
  3 MegaHAL               9508   -91  -62    0   -1   14   39   61   75   88  -12  212   35   -8   -2  242   -6   16  257   52   73  -26  -23  307  -10   28  177  215   89   90  159  142  277  222  331  428  879  329  928  990  995  999 1000
  4 Simple Modeller       8811   -22   -3    1    0    2   45  -25  260   10   28   75   35  -17   54   86   55   11  287   52  144  -42  -17  202   12  -17  525  274  229  -28  112  149  104  218  257  471  319  397  594  992  991 1000  991
  5 Biopic                8478   -33  -48  -14   -2    0   51  -37   88   -4   55  134   17    8    3  122   -4   51   90   32   33  -35   15  236  -20    6  185   23   69  402  133  134   40  198  496  300  750  388  651  992  992 1000  981
  6 Boom                  7928   -46  -46  -39  -45  -51    0  -13  -28  -47   76   44   12   34  -32  -30  -38  -12   45   63   50   -6  -36  276    8   -7  878  120   73  -14   18  135  104  230  357  446  329  391  753  991  990  995 1000
  7 Robertot              7864   -71  -44  -61   25   37   13    0   51    6   64   55   34   25    7   70   -8  -63  113   40   32    8    6  234  -34  -23   -5   36   57   18   76  174  102   99  380  457  804  398  835  928  996  999  994
  8 Simple Predictor      7824  -173 -127  -75 -260  -88   28  -51    0  -93    6   19   56  -12  -22   29   32  -59  181   61   90  -49   -7  179  -79  -14  662  312  250  -31   41  154  125  240  233  407  896  418  588  984  986  993  994
  9 RussRocker4           7630  -512 -499  -88  -10    4   47   -6   93    0   42  179   31   21   36  112   -4  -21  161   42   37   33   10  231  -38    9  110   57  154  151  136   65  363  145  487  261  910  303  595  992  993  998 1000
 10 Piedra                7183    14  -61   12  -28  -55  -76  -64   -6  -42    0  -38   31  -33  -18  -36  -45  -43  -53   41  -53  -47  -38  100  -81  -50  785   98   81   23  178  192  180  103  104  234  920  392  592  992  990  993  995
 11 Granite               6846  -254 -240 -212  -75 -134  -44  -55  -19 -179   38    0   20  -12 -112   27  -35   -2   32   68  -12  -49  -43  321  -59  -14  651   60   34   46  192  178  173  129  300  222  924  404  592  994  993  998 1000
 12 Sweet Rocky           6761   -36  -56  -35  -35  -17  -12  -34  -56  -31  -31  -20    0  -10  -52   -7  -18  -38  -43   53  -22  -30  -37   90  -34  -32  691   53   71  -29  123  166  322  143  240  209  297  440  595  992  994  999  998
 13 Shofar                6741    -6   41    8   17   -8  -34  -25   12  -21   33   12   10    0   35   43  -34   -3  101   63   39   -3  -21  138  -12  -14  567   47   89  -18   67   67   31  151  175  430  132  267  556  906  945  991  967
 14 ACT-R Lag2            6674   -76  -77    2  -54   -3   32   -7   22  -36   18  112   52  -35    0  107    1  -39  115   10   53   12  -19  311  -67   14   98   18   19  -72  207  101   99  136  496  285  883  327  571   69  999  999  991
 15 Marble                6513  -251 -208 -242  -86 -122   30  -70  -29 -112   36  -27    7  -43 -107    0  -62 -103   14   60   43  -69  -48  355 -105  -43  551   33  100   41  144  177   98  169  233  297  902  378  591  994  995 1000  992
 16 Bugbrain              6038    33  -39    6  -55    4   38    8  -32    4   45   35   18   34   -1   62    0  -18  153   46   -2   -5   18   97  -38   31   74   96   17   -1   57   -8   94  175   85  215  276  174  382  982  984  999  995
 17 Yomi AI               5945   -74  -15  -16  -11  -51   12   63   59   21   43    2   38    3   39  103   18    0   97   19  -16    7  -30  244  -41  -20  112  -31   17  335  159   86   73   98  427  169   74  353  544  145  891 1000  999
 18 ZQ Bot                5761  -317 -250 -257 -287  -90  -45 -113 -181 -161   53  -32   43 -101 -115  -14 -153  -97    0   66  -42  -28  -41  209  -16  -12  516   12   33   37  112  155  319  158  282  307  845  400  593  990  992  997  994
 19 * Anti-rotn           5595   -70  -41  -52  -52  -32  -63  -40  -61  -42  -41  -68  -53  -63  -10  -60  -46  -19  -66    0  -37  -41  -37  246  -63  -37  488    4  -25  -47  262   52   16  320   86  479  499  220  598  497  999  999  996
 20 Mixed Strategy        5018  -157  -73  -73 -144  -33  -50  -32  -90  -37   53   12   22  -39  -53  -43    2   16   42   37    0  -22  -65   45  -25  -67   19  -20  -21   10    1  146   34   62  224  246  256  413  484  983  989  981  985
 21 Majikthise            4978   -37  -21   26   42   35    6   -8   49  -33   47   49   30    3  -12   69    5   -7   28   41   22    0  -12  207  -28   27   91    5  -15   77   50   32  -12   89  255  262   17  183  453  -14  991  995  991
 22 Vroomfondel           4872   -39  -33   23   17  -15   36   -6    7  -10   38   43   37   21   19   48  -18   30   41   37   65   12    0  136   27   19   96    3    6    1   71   16   -7   99  207  256   10  159  469   -8  991  994  974
 23 Multi-strategy        2531  -249 -205 -307 -202 -236 -276 -234 -179 -231 -100 -321  -90 -138 -311 -355  -97 -244 -209 -246  -45 -207 -136    0  -50  -20  -62  -32  237  -35  175  123   95  273   57  501  500  398  999  997  997  999  997
 24 * De Bruijn            680   -15  -51   10  -12   20   -8   34   79   38   81   59   34   12   67  105   38   41   16   63   25   28  -27   50    0   -1   19   14  -10  -14  -36   23   13  -40   -3  -15    4   -3  128   -1   21    0 -106
 25 * Pi                   316    49    2  -28   17   -6    7   23   14   -9   50   14   32   14  -14   43  -31   20   12   37   67  -27  -19   20    1    0   17  -28    9   12   62  -81   21   28  -26  -27   10   10   30   22  -11  -11   -9
 26 Inocencio            -1461  -175 -207 -177 -525 -185 -878    5 -662 -110 -785 -651 -691 -567  -98 -551  -74 -112 -516 -488  -19  -91  -96   62  -19  -17    0   65   74  291  183  148  115  165  244  190  148  359  359  887  973  980  985
 27 * Add-drift          -1708  -152 -135 -215 -274  -23 -120  -36 -312  -57  -98  -60  -53  -47  -18  -33  -96   31  -12   -4   20   -5   -3   32  -14   28  -65    0  -31  -28  -13  -24   19   46  -12   14  -34    5    2  -18   53   27    7
 28 * Copy-drift         -1998  -234 -137  -89 -229  -69  -73  -57 -250 -154  -81  -34  -71  -89  -19 -100  -17  -17  -33   25   21   15   -6 -237   10   -9  -74   31    0   17   25   22  -33   40  -36   -1    9  -41  -24  -18  -19   34    4
 29 * Foxtrot            -2071  -392 -389  -90   28 -402   14  -18   31 -151  -23  -46   29   18   72  -41    1 -335  -37   47  -10  -77   -1   35   14  -12 -291   28  -17    0  -26   48  -48    1  -56   -7   -3   -4    2   -7  -11   16   39
 30 * Flat               -2947  -176  -66 -159 -112 -133  -18  -76  -41 -136 -178 -192 -123  -67 -207 -144  -57 -159 -112 -262   -1  -50  -71 -175   36  -62 -183   13  -25   26    0    7   35   27    2  -20 -153   27  231  210   14    1 -418
 31 * Text               -3129  -124  -68 -142 -149 -134 -135 -174 -154  -65 -192 -178 -166  -67 -101 -177    8  -86 -155  -52 -146  -32  -16 -123  -23   81 -148   24  -22  -48   -7    0  -28  -19   37  -14   11   -3 -185  -74  -11 -185  113
 32 * Add-react          -3498  -371 -277 -277 -104  -40 -104 -102 -125 -363 -180 -173 -322  -31  -99  -98  -94  -73 -319  -16  -34   12    7  -95  -13  -21 -115  -19   33   48  -35   28    0  -21  -30  -58  -58    0   -7   66   -7  -11    0
 33 * Switch A Lot       -3818  -108  -94 -222 -218 -198 -230  -99 -240 -145 -103 -129 -143 -151 -136 -169 -175  -98 -158 -320  -62  -89  -99 -273   40  -28 -165  -46  -40   -1  -27   19   21    0  -33  -20 -143   45    6  307  -66  -25   -3
 34 Knucklehead          -4121  -583 -400 -331 -257 -496 -357 -380 -233 -487 -104 -300 -240 -175 -496 -233  -85 -427 -282  -86 -224 -255 -207  -57    3   26 -244   12   36   56   -2  -37   30   33    0    0   27   80  120  604  -37  975  892
 35 Always Switchin'     -6952  -162 -226 -428 -471 -300 -446 -457 -407 -261 -234 -222 -209 -430 -285 -297 -215 -169 -307 -479 -246 -262 -256 -501   15   27 -190  -14    1    7   20   14   58   20    0    0 -224   30   30  505   17    2    0
 36 Peterbot             -8022  -881 -908 -879 -319 -750 -329 -804 -896 -910 -920 -924 -297 -132 -883 -902 -276  -74 -845 -499 -256  -17  -10 -500   -4  -10 -148   34   -9    3  153  -11   58  143  -27  224    0  370  435  982  998  998 1000
 37 R-P-S 20-20-60       -9370  -372 -147 -329 -397 -388 -391 -398 -418 -303 -392 -404 -440 -267 -327 -378 -174 -353 -400 -220 -413 -183 -159 -398    3  -10 -359   -5   41    4  -27    3    0  -45  -80  -30 -370    0 -354 -163   -4 -451  128
 38 Beat Frequent Pick  -14176  -889 -946 -928 -594 -651 -753 -835 -588 -595 -592 -592 -595 -556 -571 -591 -382 -544 -593 -598 -484 -453 -469 -999 -128  -30 -359   -2   24   -2 -231  185    7   -6 -120  -30 -435  354    0 -600    0  999  996
 39 Beat The Last Move  -19059  -985 -982 -990 -992 -992 -991 -928 -984 -992 -992 -994 -992 -906  -69 -994 -982 -145 -990 -497 -983   14    8 -997    1  -22 -887   18   18    7 -210   74  -66 -307 -604 -505 -982  163  600    0    1 1000  997
 40 Rotate R-P-S        -25243  -988 -986 -995 -991 -992 -990 -996 -986 -993 -990 -993 -994 -945 -999 -995 -984 -891 -992 -999 -989 -991 -991 -997  -21   11 -973  -53   19   11  -14   11    7   66   37  -17 -998    4    0   -1    0    0 -665
 41 Good Ole Rock       -26265  -993 -995 -999 -1000 -1000 -995 -999 -993 -998 -993 -998 -999 -991 -999 -1000 -999 -1000 -997 -999 -981 -995 -994 -999    0   11 -980  -27  -34  -16   -1  185   11   25 -975   -2 -998  451 -999 -1000    0    0 1000
 42 * Anti-Flat         -27761  -986 -981 -1000 -991 -981 -1000 -994 -994 -1000 -995 -1000 -998 -967 -991 -992 -995 -999 -994 -996 -985 -991 -974 -997  106    9 -985   -7   -4  -39  418 -113    0    3 -892    0 -1000 -128 -996 -997  665 -1000    0

 Match results (draw <= 50): 

    Player Name           total  W  L  D   1  2  3  4  5  6  7  8  9 10 11 12 13 14 15 16 17 18 19 20 21 22 23 24 25 26 27 28 29 30 31 32 33 34 35 36 37 38 39 40 41 42
  1 Iocaine Powder          71  30  0 11   1  2  1  2  1  2  2  2  1  1  1  2  1  1  1  2  1  2  2  2  1  2  2  1  2  2  2  2  2  2  2  2  2  2  2  2  2  2  2  2  2  2
  2 Phasenbott              69  29  1 11   0  1  1  2  1  2  1  1  1  1  1  2  2  1  1  2  2  2  2  2  2  2  1  1  2  2  2  2  2  2  2  2  2  2  2  2  2  2  2  2  2  2
  3 Simple Modeller         66  25  0 16   1  1  1  1  1  1  1  1  1  1  2  2  1  1  1  2  1  2  2  2  1  2  2  1  2  1  2  2  2  2  2  2  2  2  2  2  2  2  2  2  2  2
  4 MegaHAL                 65  26  2 13   0  0  1  1  1  2  1  2  1  1  1  1  1  1  1  2  1  2  2  2  1  2  2  1  2  2  2  2  2  2  2  2  2  2  2  2  2  2  2  2  2  2
  5 Biopic                  64  23  0 18   1  1  1  1  1  1  2  1  2  1  1  1  1  1  1  2  2  2  2  2  1  1  1  1  2  2  2  1  2  2  2  1  2  2  2  2  2  2  2  2  2  2
  6 RussRocker4             60  22  3 16   0  0  1  0  1  1  1  1  1  1  1  1  1  1  1  2  1  2  2  2  1  1  1  1  2  2  2  2  2  2  2  2  2  2  2  2  2  2  2  2  2  2
  7 Yomi AI                 59  20  2 19   0  1  1  1  0  1  1  2  1  1  1  1  1  1  1  2  1  1  2  2  1  1  1  1  2  2  2  1  2  1  2  2  2  2  2  2  2  2  2  2  2  2
  8 Robertot                58  20  3 18   0  1  1  0  1  1  0  1  1  1  1  1  1  1  1  2  2  2  2  2  1  1  1  1  1  1  2  1  2  2  2  2  2  2  2  2  2  2  2  2  2  2
  9 Boom                    58  18  1 22   1  1  1  1  0  1  1  1  1  1  1  1  1  1  1  1  2  1  1  1  1  1  2  1  2  1  2  2  2  2  2  2  1  2  2  2  2  2  2  2  2  2
 10 Shofar                  58  17  0 24   1  1  1  1  1  1  1  1  1  1  1  1  1  1  1  1  1  1  1  2  1  1  2  1  2  1  2  1  2  2  2  1  2  2  2  2  2  2  2  2  2  2
 11 Bugbrain                57  17  1 23   1  1  0  1  1  1  1  1  1  1  1  1  1  1  1  1  1  1  2  2  1  1  1  1  2  1  2  2  2  1  2  2  2  1  2  2  2  2  2  2  2  2
 12 ACT-R Lag2              56  20  5 16   0  0  0  1  1  1  1  1  1  1  1  1  2  1  1  1  1  2  2  2  0  2  1  1  2  0  2  1  2  1  2  2  2  2  2  2  2  2  2  2  2  2
 13 Sweet Rocky             56  18  3 20   1  0  1  1  1  1  1  1  1  1  1  0  1  1  1  0  1  1  1  1  1  1  2  1  2  1  2  2  2  2  2  2  2  2  2  2  2  2  2  2  2  2
 14 Majikthise              53  12  0 29   1  1  1  1  1  1  1  1  1  1  1  1  1  1  1  1  1  1  2  1  1  1  1  1  2  2  2  1  1  1  2  1  1  1  2  1  2  2  2  2  2  2
 15 Vroomfondel             53  12  0 29   1  1  1  1  1  1  1  1  1  1  1  1  1  1  1  1  1  1  1  1  1  2  1  1  2  1  2  1  1  1  2  1  2  1  2  1  2  2  2  2  2  2
 16 Simple Predictor        52  20  9 12   0  0  0  0  0  0  0  0  1  1  1  1  2  1  1  1  1  1  1  2  0  2  2  1  2  1  2  2  2  2  2  2  1  2  2  2  2  2  2  2  2  2
 17 Piedra                  51  17  7 17   1  0  1  1  0  1  1  0  0  1  1  1  1  1  1  1  1  1  1  0  0  0  1  1  2  1  2  2  2  2  2  2  2  2  2  2  2  2  2  2  2  2
 18 Granite                 49  17  9 15   0  0  0  0  0  0  1  0  1  1  1  0  1  1  1  1  1  1  1  1  0  1  2  1  2  1  2  2  2  1  2  2  2  2  2  2  2  2  2  2  2  2
 19 Marble                  46  17 12 12   0  0  0  0  0  0  0  0  1  1  0  0  1  0  1  1  1  1  1  1  0  1  2  1  2  1  2  1  2  2  2  2  2  2  2  2  2  2  2  2  2  2
 20 ZQ Bot                  46  17 12 12   0  0  0  0  0  0  0  0  1  0  0  0  1  1  1  0  2  1  1  1  1  1  2  1  2  1  2  1  2  1  2  2  2  2  2  2  2  2  2  2  2  2
 21 * De Bruijn             46   7  2 32   1  0  1  1  1  1  1  1  1  1  1  2  1  1  1  2  2  2  2  1  1  1  2  1  1  1  1  1  1  1  1  1  1  1  1  1  1  1  2  1  0  1
 22 Mixed Strategy          45  12  8 21   0  0  0  0  1  1  1  1  1  1  1  0  1  1  0  0  2  1  1  1  1  1  1  0  1  1  1  1  2  1  2  1  1  2  2  2  2  2  2  2  2  2
 23 * Anti-rotn             44  14 11 16   0  1  0  0  1  1  1  1  0  0  1  1  0  1  1  0  1  0  0  0  0  1  1  1  2  1  2  1  2  1  2  1  2  2  2  2  2  2  2  2  2  2
 24 * Pi                    42   2  1 38   1  1  1  1  1  1  1  1  1  1  1  1  1  1  1  1  1  1  1  1  1  2  1  1  1  1  1  1  1  1  1  1  2  0  1  1  1  1  1  1  1  1
 25 Inocencio               38  17 20  4   0  0  0  0  0  0  0  1  0  0  0  0  0  0  0  0  0  0  0  0  1  1  0  1  1  2  2  2  2  2  2  2  2  2  2  2  2  2  2  2  2  2
 26 * Foxtrot               33   1  9 31   0  0  1  0  0  0  0  1  1  1  1  2  1  0  1  1  1  1  1  1  1  1  1  1  0  1  1  1  1  1  0  1  1  1  1  1  1  1  1  1  1  1
 27 Multi-strategy          33  14 22  5   0  0  0  0  0  0  0  0  0  0  0  0  0  0  0  0  0  0  0  0  1  1  0  1  0  1  1  1  2  2  2  2  2  2  2  2  2  2  2  2  2  2
 28 * Add-drift             30   1 12 28   0  0  0  0  1  0  1  1  0  1  0  1  0  1  1  0  0  0  1  1  1  1  1  1  0  1  1  1  1  1  1  1  1  1  1  1  1  1  1  2  1  1
 29 Peterbot                29  10 22  9   0  0  0  0  0  0  0  0  0  0  0  0  0  1  1  0  0  0  0  0  1  0  0  1  0  1  0  1  1  1  1  2  2  1  2  2  2  2  2  2  2  2
 30 * Copy-drift            26   0 15 26   0  0  0  0  0  0  1  0  0  0  1  1  0  1  1  0  0  1  0  1  1  1  1  1  0  1  0  1  1  1  1  1  1  1  1  1  1  1  1  1  1  1
 31 Knucklehead             23   6 24 11   0  0  0  0  0  0  0  0  0  0  0  0  0  0  0  0  0  0  0  0  1  0  0  1  0  2  0  1  1  1  1  1  1  1  1  2  1  2  2  1  2  2
 32 * Add-react             22   1 20 20   0  0  0  0  1  0  0  0  0  1  0  0  0  1  1  0  0  0  0  0  1  1  1  1  0  1  0  1  0  1  1  1  1  1  0  2  1  1  1  1  1  1
 33 * Flat                  20   2 23 16   0  0  0  0  0  0  0  0  1  0  0  0  0  1  0  1  0  0  0  0  1  1  0  0  0  1  0  1  0  1  1  1  1  1  1  2  1  1  2  1  0  1
 34 * Text                  19   2 24 15   0  0  0  0  0  0  0  0  0  0  1  0  0  1  1  0  0  0  0  0  1  0  0  2  0  1  0  1  1  1  1  1  1  1  1  0  1  0  0  1  2  1
 35 Always Switchin'        18   2 25 14   0  0  0  0  0  0  0  0  0  0  0  0  0  0  0  0  0  0  0  0  1  0  0  1  0  1  0  1  0  1  1  2  1  1  1  2  1  1  1  1  1  1
 36 Beat The Last Move      18   5 28  8   0  0  0  0  0  0  0  0  0  0  0  0  0  1  1  0  0  0  0  0  1  0  0  1  0  1  0  1  0  1  0  0  0  2  0  1  0  2  2  1  2  2
 37 * Switch A Lot          16   1 26 14   0  0  0  0  0  0  0  0  0  0  0  0  0  0  0  0  0  0  0  0  1  0  0  1  0  1  0  1  0  1  1  1  1  1  1  2  1  1  1  0  1  1
 38 Good Ole Rock           16   3 28 10   0  0  0  0  0  0  0  0  0  0  0  0  0  0  0  0  0  0  0  0  1  0  0  1  0  1  0  1  0  1  0  1  1  2  1  0  1  1  0  1  2  2
 39 Beat Frequent Pick      16   4 29  8   0  0  0  0  0  0  0  0  0  0  0  0  0  0  0  0  0  0  0  0  0  0  0  1  0  1  0  1  0  1  0  1  0  2  1  0  1  2  1  1  2  2
 40 Rotate R-P-S            15   1 27 13   0  0  0  0  0  0  0  0  0  0  0  0  0  0  0  0  0  0  0  0  1  0  0  1  0  1  0  0  0  1  1  1  1  1  1  1  2  1  1  1  0  1
 41 * Anti-Flat             13   3 31  7   0  0  0  0  0  0  0  0  0  0  0  0  0  0  0  0  0  0  0  0  2  0  0  1  0  1  0  1  0  1  0  1  2  0  1  0  1  0  0  2  1  0
 42 R-P-S 20-20-60          13   1 29 11   0  0  0  0  0  0  0  0  0  0  0  0  0  0  0  0  0  0  0  0  1  0  0  1  0  1  0  1  0  1  0  1  1  1  1  0  1  0  0  1  2  1


   Yomi AI is match ranked 7

 Tournament results:
    Player Name          total 
  1 Yomi AI               5945 
 19 Iocaine Powder       11116 
 20 Phasenbott            9988 
 21 MegaHAL               9508 
 22 RussRocker4           7630 
 23 Biopic                8478 
 24 Simple Modeller       8811 
 25 Simple Predictor      7824 
 26 Robertot              7864 
 27 Boom                  7928 
 28 Shofar                6741 
 29 ACT-R Lag2            6674 
 32 Granite               6846 
 33 Marble                6513 
 35 Sweet Rocky           6761 
 36 Piedra                7183 
 41 Bugbrain              6038 

   Yomi is tournament ranked 17

