 Playing 1 tournaments with 1000 trials per match...

 Yomi AI            vs Good Ole Rock       Match: 1000 (1000+   0-   0=)
 Yomi AI            vs R-P-S 20-20-60      Match:  328 (548+ 220- 232=)
 Yomi AI            vs Rotate R-P-S        Match:  996 (997+   1-   2=)
 Yomi AI            vs Beat The Last Move  Match:    2 (348+ 346- 306=)
 Yomi AI            vs Always Switchin'    Match:  143 (446+ 303- 251=)
 Yomi AI            vs Beat Frequent Pick  Match:  539 (710+ 171- 119=)
 Yomi AI            vs * Pi                Match:   -7 (325+ 332- 343=)
 Yomi AI            vs * Switch A Lot      Match:   77 (375+ 298- 327=)
 Yomi AI            vs * Flat              Match:   79 (400+ 321- 279=)
 Yomi AI            vs * Anti-Flat         Match:  995 (997+   2-   1=)
 Yomi AI            vs * Foxtrot           Match:  282 (518+ 236- 246=)
 Yomi AI            vs * De Bruijn         Match:  -38 (312+ 350- 338=)
 Yomi AI            vs * Text              Match:   90 (386+ 296- 318=)
 Yomi AI            vs * Anti-rotn         Match:   10 (350+ 340- 310=)
 Yomi AI            vs * Copy-drift        Match:    6 (327+ 321- 352=)
 Yomi AI            vs * Add-react         Match:   71 (373+ 302- 325=)
 Yomi AI            vs * Add-drift         Match:   14 (340+ 326- 334=)
 Yomi AI            vs Iocaine Powder      Match:  -73 (297+ 370- 333=)
 Yomi AI            vs Phasenbott          Match:  -63 (308+ 371- 321=)
 Yomi AI            vs MegaHAL             Match:    6 (346+ 340- 314=)
 Yomi AI            vs RussRocker4         Match:  -49 (325+ 374- 301=)
 Yomi AI            vs Biopic              Match:   24 (362+ 338- 300=)
 Yomi AI            vs Simple Modeller     Match:   13 (355+ 342- 303=)
 Yomi AI            vs Simple Predictor    Match:   16 (360+ 344- 296=)
 Yomi AI            vs Robertot            Match:  -13 (347+ 360- 293=)
 Yomi AI            vs Boom                Match:   18 (352+ 334- 314=)
 Yomi AI            vs Shofar              Match:  -19 (328+ 347- 325=)
 Yomi AI            vs ACT-R Lag2          Match:   17 (347+ 330- 323=)
 Yomi AI            vs Majikthise          Match:   -5 (332+ 337- 331=)
 Yomi AI            vs Vroomfondel         Match:   26 (343+ 317- 340=)
 Yomi AI            vs Granite             Match:   65 (417+ 352- 231=)
 Yomi AI            vs Marble              Match:   76 (429+ 353- 218=)
 Yomi AI            vs ZQ Bot              Match:   92 (434+ 342- 224=)
 Yomi AI            vs Sweet Rocky         Match:   19 (356+ 337- 307=)
 Yomi AI            vs Piedra              Match:   19 (358+ 339- 303=)
 Yomi AI            vs Mixed Strategy      Match:   88 (399+ 311- 290=)
 Yomi AI            vs Multi-strategy      Match:  224 (488+ 264- 248=)
 Yomi AI            vs Inocencio           Match:   45 (387+ 342- 271=)
 Yomi AI            vs Peterbot            Match:  104 (409+ 305- 286=)
 Yomi AI            vs Bugbrain            Match:    2 (341+ 339- 320=)
 Yomi AI            vs Knucklehead         Match:  472 (640+ 168- 192=)
 Final results (draw value = 50):

 Tournament results: 

    Player Name          total     1    2    3    4    5    6    7    8    9   10   11   12   13   14   15   16   17   18   19   20   21   22   23   24   25   26   27   28   29   30   31   32   33   34   35   36   37   38   39   40   41   42
  1 Iocaine Powder       11021     0   62   92   71   35   21  503   62  171  203   78   22   -6   71  293   37   73  305   66   35   -4  -19  200  296    8    6  170  363  219  151  138  595    9  325  208  891  388  923  980  989  992  999
  2 Phasenbott            9864   -62    0   -6    5   59   59  545   22  112  229   70   85   20   49  207  -37   63  285   54   56   32   20  151  193   47    9   59  372   72   47   78  389   85  325  247  890  166  923  984  991  993  976
  3 MegaHAL               9443   -92    6    0   24  -19   17  114   26   41  241   38   36  -20   14  274    0   -6  221   69   52   17  -23  207  158   -8  -30  177   82   83  106  133  410  241  306  383  907  349  934  990  990  999  996
  4 Simple Modeller       9368   -71   -5  -24    0    7   31  -24    3  328   60   27   81   -4   27   87   22  -13  293   42   70  -22  -27  183  790  -32  -52  266  -30  228  140  126  221  240  102  438  919  369  594  992  996  997  993
  5 Biopic                8266   -35  -59   19   -7    0   65  -43  -14   11   76   38   29    9   45  142   56  -24   64   41  108  -16  -26  261  154  -49  -32  -32  406   39  217  146  498  150   71  317  686  371  605  993  990 1000  996
  6 Robertot              7891   -21  -59  -17  -31  -65    0  -96   21    8   39  -63   40  -18   16   58   16   13   85   52   56  -10    2  273   39  -27  -24   24  -15  105   90  161  435  117   49  481  999  438  778  959  991  996  996
  7 RussRocker4           7840  -503 -545 -114   24   43   96    0   -5   73  190   13   82   -5   50  157  -20   49  160   48   18    7   18  288  129  -18   20  133  171  181  131   53  445  128  344  261  928  234  593  992  992  999 1000
  8 Boom                  7667   -62  -22  -26   -3   14  -21    5    0  -29   79  -58   66  -24   42   21  -16  -18   46   68   80  -31  -35  223   16    4   58   12  -10   43   49  142  439  165   56  410  873  384  753  991  990  997  996
  9 Simple Predictor      7056  -171 -112  -41 -328  -11   -8  -73   29    0  -34 -112   50  -38   -2  -23   25  -16  178   50   60  -17   10  191  530  -79  -21  256  -41  277   82  154  255  264  102  398  314  403  588  984  990  995  998
 10 Granite               6894  -203 -229 -241  -60  -76  -39 -190  -79   34    0  -83   59 -120   45   13  -83  -65   -5   36   66  -17  -45  264  648  -44   29   55   86   72  183  181  337  113   75  244  962  394  592  994  998 1000  993
 11 ACT-R Lag2            6663   -78  -70  -38  -27  -38   63  -13   58  112   83    0   48   20   59  116    8  -17   73   23   54    4   15  282   93   -2  -41   44  -20   54  168   76  451   94   45  251  179  273  574  708  987  999  993
 12 Piedra                6649   -22  -85  -36  -81  -29  -40  -82  -66  -50  -59  -48    0  -59  -17  -41   -8  -19   -5   32  -34  -39  -63  136  -46  -10  -22   69   73    6  108  160  166  209  340  326 1000  411  596  989  994  998  997
 13 Shofar                6623     6  -20   20    4   -9   18    5   24   38  120  -20   59    0   32   43   15   19   63   40   96    4  -43   57  535   -7  -19   46  -19  106   54  118  139   65   64  397   29  251  555  885  925  969  959
 14 Sweet Rocky           6543   -71  -49  -14  -27  -45  -16  -50  -42    2  -45  -59   17  -32    0  -46  -73  -19  -15   87  -40  -40  -27  102  -44  -27   18   36  -22   32   79  154  187  128  408  190  941  402  591  994  992  998  988
 15 Marble                6399  -293 -207 -274  -87 -142  -58 -157  -21   23  -13 -116   41  -43   46    0  -82  -76   57   50  -17  -14  -38  296  652  -73  -14  -22   27   62  175  174  303  100   96  228  873  367  591  994  996 1000  995
 16 Bugbrain              6119   -37   37    0  -22  -56  -16   20   16  -25   83   -8    8  -15   73   82    0   -2  172   35   38  -61   -1  104   31   10   -3  176   32   60   22   48  170  188   90  226  321  119  397  921  943  989  954
 17 Yomi AI               5691   -73  -63    6   13   24  -13  -49   18   16   65   17   19  -19   19   76    2    0   92   10   88   -5   26  224   45  -38   -7   14  282    6   79   90  472   77   71  143  104  328  539    2  996 1000  995
 18 ZQ Bot                5609  -305 -285 -221 -293  -64  -85 -160  -46 -178    5  -73    5  -63   15  -57 -172  -92    0   83  -43   13  -41  258  158   -5  -55   36  -24   22  197  160  343  184  275  303  801  444  596  989  987  998  999
 19 * Anti-rotn           5240   -66  -54  -69  -42  -41  -52  -48  -68  -50  -36  -23  -32  -40  -87  -50  -35  -10  -83    0  -40    8   32  269  470  -42  -41   -2  -37   17  241   55   58  311   56  489   48  149  598  497  996  997  997
 20 Mixed Strategy        5230   -35  -56  -52  -70 -108  -56  -18  -80  -60  -66  -54   34  -96   40   17  -38  -88   43   40    0  -10   -4   59  206   -4  -58   12   21   26   32  147  219  162   54   27  294  422  436  986  960  992  954
 21 Majikthise            4878     4  -32  -17   22   16   10   -7   31   17   17   -4   39   -4   40   14   61    5  -13   -8   10    0   25  155   44    4   69   34   22   27   74   87  232   59  -21  276    4  139  482  -16  991  993  997
 22 Vroomfondel           4561    19  -20   23   27   26   -2  -18   35  -10   45  -15   63   43   27   38    1  -26   41  -32    4  -25    0   81   43  -16  -34  -15   -7  -18  133   -5  212   96  -20  266    1  182  413   28  990  991  996
 23 Multi-strategy        2804  -200 -151 -207 -183 -261 -273 -288 -223 -191 -264 -282 -136  -57 -102 -296 -104 -224 -258 -269  -59 -155  -81    0 -176  -50  -20   34  -30  239  138  123   40  311   53  506  500  411  999  997  997  999  997
 24 Inocencio             1176  -296 -193 -158 -790 -154  -39 -129  -16 -530 -648  -93   46 -535   44 -652  -31  -45 -158 -470 -206  -44  -43  176    0   -4  -11   35  301  144  138  156  243  132   99  243   57  378  358  935  983  977  976
 25 * De Bruijn            489    -8  -47    8   32   49   27   18   -4   79   44    2   10    7   27   73  -10   38    5   42    4   -4   16   50    4    0   -1  -26    2   16    6   23    5   -4  -13  -37  -11   20  128   -1   21    0 -101
 26 * Pi                   424    -6   -9   30   52   32   24  -20  -58   21  -29   41   22   19  -18   14    3    7   55   41   58  -69   34   20   11    1    0   31  -11   12   45  -81   36    8   32   25  -25   56   30   22  -11  -11  -10
 27 * Add-drift          -1659  -170  -59 -177 -266   32  -24 -133  -12 -256  -55  -44  -69  -46  -36   22 -176  -14  -36    2  -12  -34   15  -34  -35   26  -31    0   38  -30   19  -16  -61  -49   19  -10  -19   25    7    8   10    4   18
 28 * Foxtrot            -1962  -363 -372  -82   30 -406   15 -171   10   41  -86   20  -73   19   22  -27  -32 -282   24   37  -21  -22    7   30 -301   -2   11  -38    0   30   41  -45   -9   38   19  -17  -50  -18   -5   16   10   18   22
 29 * Copy-drift         -2246  -219  -72  -83 -228  -39 -105 -181  -43 -277  -72  -54   -6 -106  -32  -62  -60   -6  -22  -17  -26  -27   18 -239 -144  -16  -12   30  -30    0  -10    6  -77   26  -16   16   -3  -23  -42  -21    9    5   14
 30 * Flat               -2978  -151  -47 -106 -140 -217  -90 -131  -49  -82 -183 -168 -108  -54  -79 -175  -22  -79 -197 -241  -32  -74 -133 -138 -138   -6  -45  -19  -41   10    0   10   -2  -13    9   41 -141   21  229  189    6    1 -393
 31 * Text               -3177  -138  -78 -133 -126 -146 -161  -53 -142 -154 -181  -76 -160 -118 -154 -174  -48  -90 -160  -55 -147  -87    5 -123 -156  -23   81   16   45   -6  -10    0  -27   14  -33  -37   39  -37 -185  -74  -11 -185  111
 32 Knucklehead          -3296  -595 -389 -410 -221 -498 -435 -445 -439 -255 -337 -451 -166 -139 -187 -303 -170 -472 -343  -58 -219 -232 -212  -40 -243   -5  -36   61    9   77    2   27    0  -10   42  -40  -14   59  138  841  833  980  999
 33 * Switch A Lot       -3320    -9  -85 -241 -240 -150 -117 -128 -165 -264 -113  -94 -209  -65 -128 -100 -188  -77 -184 -311 -162  -59  -96 -311 -132    4   -8   49  -38  -26   13  -14   10    0   25   33  -85   42   -7  349   -9    3  -33
 34 * Add-react          -3514  -325 -325 -306 -102  -71  -49 -344  -56 -102  -75  -45 -340  -64 -408  -96  -90  -71 -275  -56  -54   21   20  -53  -99   13  -32  -19  -19   16   -9   33  -42  -25    0  -41  -14  -61   29   40  -69   23   28
 35 Always Switchin'     -6892  -208 -247 -383 -438 -317 -481 -261 -410 -398 -244 -251 -326 -397 -190 -228 -226 -143 -303 -489  -27 -276 -266 -506 -243   37  -25   10   17  -16  -41   37   40  -33   41    0 -257   40    2  507  -21   14   14
 36 Peterbot             -8172  -891 -890 -907 -919 -686 -999 -928 -873 -314 -962 -179 -1000  -29 -941 -873 -321 -104 -801  -48 -294   -4   -1 -500  -57   11   25   19   50    3  141  -39   14   85   14  257    0  355  442  981  997  999  995
 37 R-P-S 20-20-60       -8757  -388 -166 -349 -369 -371 -438 -234 -384 -403 -394 -273 -411 -251 -402 -367 -119 -328 -444 -149 -422 -139 -182 -411 -378  -20  -56  -25   18   23  -21   37  -59  -42   61  -40 -355    0 -380 -134    5 -409  412
 38 Beat Frequent Pick  -13995  -923 -923 -934 -594 -605 -778 -593 -753 -588 -592 -574 -596 -555 -591 -591 -397 -539 -596 -598 -436 -482 -413 -999 -358 -128  -30   -7    5   42 -229  185 -138    7  -29   -2 -442  380    0 -600    0  999 1000
 39 Beat The Last Move  -19890  -980 -984 -990 -992 -993 -959 -992 -991 -984 -994 -708 -989 -885 -994 -994 -921   -2 -989 -497 -986   16  -28 -997 -935    1  -22   -8  -16   21 -189   74 -841 -349  -40 -507 -981  134  600    0    1 1000 1000
 40 Rotate R-P-S        -26085  -989 -991 -990 -996 -990 -991 -992 -990 -990 -998 -987 -994 -925 -992 -996 -943 -996 -987 -996 -960 -991 -990 -997 -983  -21   11  -10  -10   -9   -6   11 -833    9   69   21 -997   -5    0   -1    0    0 -660
 41 Good Ole Rock       -26309  -992 -993 -999 -997 -1000 -996 -999 -997 -995 -1000 -999 -998 -969 -998 -1000 -989 -1000 -998 -997 -992 -993 -991 -999 -977    0   11   -4  -18   -5   -1  185 -980   -3  -23  -14 -999  409 -999 -1000    0    0 1000
 42 * Anti-Flat         -28156  -999 -976 -996 -993 -996 -996 -1000 -996 -998 -993 -993 -997 -959 -988 -995 -954 -995 -999 -997 -954 -997 -996 -997 -976  101   10  -18  -22  -14  393 -111 -999   33  -28  -14 -995 -412 -1000 -1000  660 -1000    0

 Match results (draw <= 50): 

    Player Name           total  W  L  D   1  2  3  4  5  6  7  8  9 10 11 12 13 14 15 16 17 18 19 20 21 22 23 24 25 26 27 28 29 30 31 32 33 34 35 36 37 38 39 40 41 42
  1 Iocaine Powder          71  30  0 11   1  2  2  2  1  2  2  1  2  2  1  1  2  1  2  1  2  1  2  2  1  2  2  1  1  2  2  2  2  2  2  2  2  2  1  2  2  2  2  2  2  2
  2 Phasenbott              69  29  1 11   0  1  1  2  2  1  2  1  2  1  1  2  2  1  1  1  2  2  2  2  1  2  2  1  2  2  2  2  2  2  2  1  2  2  2  2  2  2  2  2  2  2
  3 MegaHAL                 64  24  1 16   0  1  1  2  1  1  1  1  1  1  1  1  1  1  1  1  2  1  2  2  1  2  2  1  2  2  2  2  2  2  2  2  2  2  2  2  2  2  2  2  2  2
  4 RussRocker4             62  24  3 14   0  0  0  1  1  1  1  1  1  1  1  2  2  1  1  1  2  2  1  2  1  2  2  1  1  2  2  2  2  2  2  2  2  2  2  2  2  2  2  2  2  2
  5 Biopic                  62  22  1 18   1  0  1  1  1  1  1  1  1  1  2  2  1  1  1  1  2  1  1  2  1  2  2  1  2  2  1  2  2  1  2  2  2  2  2  2  2  2  2  2  2  2
  6 Simple Modeller         62  23  2 16   0  1  1  1  1  1  1  1  1  1  1  1  2  1  1  1  2  2  1  2  1  2  2  0  2  1  2  2  2  2  2  2  2  2  2  2  2  2  2  2  2  2
  7 ACT-R Lag2              62  23  2 16   0  0  1  1  1  1  1  1  1  2  1  2  2  1  2  1  2  1  1  2  1  2  2  1  2  1  1  2  2  2  2  2  2  1  2  2  2  2  2  2  2  2
  8 Shofar                  60  19  0 22   1  1  1  1  1  1  1  1  1  1  1  1  1  1  1  1  2  2  1  1  1  2  2  1  2  1  1  2  1  2  2  2  2  2  2  2  2  2  2  2  2  2
  9 Yomi AI                 57  18  2 21   0  0  1  1  1  1  1  1  1  1  1  1  1  1  1  1  2  1  1  2  1  2  1  1  2  2  1  2  2  1  2  2  1  2  2  2  2  2  2  2  2  2
 10 Boom                    57  18  2 21   0  1  1  1  1  1  0  1  1  1  1  1  1  1  1  1  2  2  2  1  1  1  1  2  2  1  1  2  2  1  2  1  2  2  2  2  2  2  2  2  2  2
 11 Bugbrain                57  18  2 21   1  1  1  1  0  1  1  1  1  1  1  1  1  0  2  1  2  1  1  2  1  2  1  1  1  1  2  2  2  2  2  1  2  2  2  2  1  2  2  2  2  2
 12 Robertot                55  18  4 19   1  0  1  0  0  1  0  1  1  1  1  1  1  1  1  1  1  1  2  2  1  2  1  1  2  1  1  2  2  2  2  2  2  1  2  2  2  2  2  2  2  2
 13 Simple Predictor        54  19  6 16   0  0  1  0  1  0  0  1  1  1  1  1  1  1  1  1  1  1  1  1  0  2  2  1  2  1  2  2  2  2  2  2  2  2  2  2  2  2  2  2  2  2
 14 Majikthise              54  13  0 28   1  1  1  1  1  1  1  1  1  1  2  1  1  1  1  1  1  1  1  1  1  1  1  2  1  1  1  2  1  1  2  2  1  1  2  2  2  2  2  2  2  2
 15 Sweet Rocky             53  15  3 23   0  1  1  1  1  1  0  1  1  1  0  1  1  1  1  1  1  1  2  1  1  1  1  1  1  1  1  2  2  1  2  2  2  2  2  2  2  2  2  2  2  2
 16 Vroomfondel             52  11  0 30   1  1  1  1  1  1  1  1  1  1  1  1  1  1  1  1  1  2  1  1  1  1  1  1  1  1  1  2  1  1  2  2  1  1  2  2  1  2  2  2  2  2
 17 Granite                 50  20 11 10   0  0  0  0  0  0  0  0  0  0  0  1  1  1  1  1  1  2  1  1  1  1  2  1  2  2  2  2  2  2  2  2  2  2  2  2  2  2  2  2  2  2
 18 Piedra                  50  16  7 18   1  0  1  0  1  0  1  0  1  0  1  1  1  1  1  0  0  1  1  1  1  1  1  1  1  2  2  2  2  1  2  2  2  2  2  2  2  2  2  2  2  2
 19 * Anti-rotn             48  14  7 20   0  0  0  1  1  1  1  1  1  0  1  0  1  1  0  1  1  1  1  1  1  0  2  1  1  1  1  2  1  1  2  2  2  2  2  2  2  2  2  2  2  2
 20 Marble                  47  17 11 13   0  0  0  0  0  0  0  1  0  1  0  0  1  1  1  1  1  1  1  1  0  2  2  1  1  1  1  2  2  2  2  2  2  2  2  2  2  2  2  2  2  2
 21 * De Bruijn             43   3  1 37   1  1  1  1  1  1  1  1  1  1  1  1  2  1  1  1  1  1  1  2  1  1  1  1  1  1  1  1  1  1  1  1  1  1  1  1  1  1  2  1  0  1
 22 ZQ Bot                  43  16 14 11   0  0  0  0  0  0  0  0  0  1  0  0  0  1  1  1  1  1  2  0  1  1  2  0  1  1  1  2  2  1  2  2  2  2  2  2  2  2  2  2  2  2
 23 Inocencio               43  16 14 11   0  0  0  0  0  0  0  0  1  1  1  1  0  1  1  1  0  1  0  0  1  0  1  1  0  2  1  2  2  2  2  2  2  2  2  2  2  2  2  2  2  2
 24 * Pi                    42   4  3 34   1  1  1  1  1  2  1  1  1  0  1  1  1  0  1  1  1  1  1  1  1  2  1  1  2  1  1  1  1  1  1  1  1  1  1  1  0  1  1  1  1  2
 25 Mixed Strategy          42  13 12 16   1  0  0  1  0  0  0  0  0  0  1  0  0  1  1  1  0  1  1  1  1  1  2  0  1  1  1  2  2  1  2  1  2  2  2  1  2  2  2  2  2  2
 26 * Foxtrot               32   0  9 32   0  0  0  0  0  1  1  1  0  1  1  1  1  1  1  1  0  0  1  1  1  1  0  1  1  1  1  1  1  1  1  1  1  1  1  1  1  1  1  1  1  1
 27 * Add-drift             31   0 10 31   0  0  0  0  1  0  1  1  1  1  0  1  0  1  1  1  0  0  1  1  1  1  1  1  1  1  1  1  1  1  0  1  1  1  1  1  1  1  1  1  1  1
 28 Multi-strategy          31  13 23  5   0  0  0  0  0  0  0  0  0  0  0  0  0  0  0  0  0  0  0  0  1  0  0  1  0  1  1  1  2  2  1  2  2  2  2  2  2  2  2  2  2  2
 29 Peterbot                30   9 20 12   0  0  0  0  0  0  0  1  0  0  0  0  0  1  0  1  0  0  1  0  1  0  0  1  0  1  1  0  1  1  1  2  2  1  2  2  1  2  2  2  2  2
 30 * Copy-drift            26   0 15 26   0  0  0  0  1  0  0  0  1  1  0  0  0  1  1  1  0  1  1  0  1  1  0  1  1  1  1  0  1  1  0  1  1  1  1  1  1  1  1  1  1  1
 31 Knucklehead             26   8 23 10   0  0  0  0  0  0  0  0  0  0  0  0  0  0  0  0  0  0  0  0  1  0  0  1  0  1  2  1  1  2  1  1  2  1  1  1  1  2  2  2  2  2
 32 * Flat                  21   2 22 17   0  1  0  0  0  0  0  0  0  1  1  0  0  0  0  0  0  0  0  0  1  0  0  1  1  1  1  0  0  1  1  1  2  1  1  1  1  1  2  1  0  1
 33 Beat The Last Move      20   5 26 10   0  0  0  0  0  0  0  0  1  0  0  0  0  1  0  1  0  0  0  0  1  0  0  1  0  1  1  0  0  1  0  0  1  1  0  0  2  2  2  1  2  2
 34 * Add-react             19   0 22 19   0  0  0  0  0  0  1  0  0  0  0  1  0  1  0  1  0  0  0  0  1  0  0  1  0  1  1  0  1  1  1  1  1  1  1  1  1  1  1  0  1  0
 35 * Switch A Lot          18   1 24 16   1  0  0  0  0  0  0  0  0  0  0  0  0  0  0  0  0  0  0  0  1  0  0  1  0  1  1  0  0  1  1  1  2  1  1  1  1  1  1  1  1  1
 36 Always Switchin'        18   1 24 16   0  0  0  0  0  0  0  0  0  0  0  0  0  0  0  0  0  0  0  0  1  0  0  1  1  1  1  0  0  1  1  1  2  1  1  1  1  1  1  1  1  1
 37 * Text                  18   2 25 14   0  0  0  0  0  0  0  0  0  0  1  0  0  0  0  1  0  0  0  0  1  0  0  2  0  1  1  0  1  1  1  1  0  1  1  1  1  0  0  1  2  1
 38 Good Ole Rock           16   3 28 10   0  0  0  0  0  0  0  0  0  0  0  0  0  0  0  0  0  0  0  0  1  0  0  1  0  1  1  0  0  1  0  1  0  1  1  1  2  1  0  1  2  2
 39 Beat Frequent Pick      16   4 29  8   0  0  0  0  0  0  0  0  0  0  0  0  0  0  0  0  0  0  0  0  0  0  0  1  0  1  1  0  0  1  0  0  0  1  1  1  2  2  1  1  2  2
 40 Rotate R-P-S            15   1 27 13   0  0  0  0  0  0  0  0  0  0  0  0  0  0  0  0  0  0  0  0  1  0  0  1  0  1  1  0  0  1  0  1  1  2  1  1  1  1  1  1  0  1
 41 * Anti-Flat             13   3 31  7   0  0  0  0  0  0  0  0  0  0  0  0  0  0  0  0  0  0  0  0  2  0  0  1  0  1  1  0  0  1  0  2  0  1  1  1  0  0  0  2  1  0
 42 R-P-S 20-20-60          13   2 30  9   0  0  0  0  0  0  0  0  0  0  0  0  0  0  0  0  0  0  0  0  1  0  0  0  0  1  1  0  0  1  0  1  0  2  1  1  1  0  0  1  2  1


   Yomi AI is match ranked 9

 Tournament results:
    Player Name          total 
  1 Yomi AI               5691 
 19 Iocaine Powder       11021 
 20 Phasenbott            9864 
 21 MegaHAL               9443 
 22 RussRocker4           7840 
 23 Biopic                8266 
 24 Simple Modeller       9368 
 25 Simple Predictor      7056 
 26 Robertot              7891 
 27 Boom                  7667 
 28 Shofar                6623 
 29 ACT-R Lag2            6663 
 32 Granite               6894 
 33 Marble                6399 
 35 Sweet Rocky           6543 
 36 Piedra                6649 
 41 Bugbrain              6119 

   Yomi is tournament ranked 17

