 Playing 1 tournaments with 1000 trials per match...

 Yomi AI            vs Good Ole Rock       Match: 1000 (1000+   0-   0=)
 Yomi AI            vs R-P-S 20-20-60      Match:  376 (585+ 209- 206=)
 Yomi AI            vs Rotate R-P-S        Match:  993 (996+   3-   1=)
 Yomi AI            vs Beat The Last Move  Match:  217 (492+ 275- 233=)
 Yomi AI            vs Always Switchin'    Match:  301 (483+ 182- 335=)
 Yomi AI            vs Beat Frequent Pick  Match:  696 (820+ 124-  56=)
 Yomi AI            vs * Pi                Match:  -53 (310+ 363- 327=)
 Yomi AI            vs * Switch A Lot      Match:  177 (445+ 268- 287=)
 Yomi AI            vs * Flat              Match:  204 (477+ 273- 250=)
 Yomi AI            vs * Anti-Flat         Match:  992 (995+   3-   2=)
 Yomi AI            vs * Foxtrot           Match:  445 (630+ 185- 185=)
 Yomi AI            vs * De Bruijn         Match:   -5 (326+ 331- 343=)
 Yomi AI            vs * Text              Match:  149 (425+ 276- 299=)
 Yomi AI            vs * Anti-rotn         Match:    0 (329+ 329- 342=)
 Yomi AI            vs * Copy-drift        Match:   10 (345+ 335- 320=)
 Yomi AI            vs * Add-react         Match:  103 (406+ 303- 291=)
 Yomi AI            vs * Add-drift         Match:   35 (374+ 339- 287=)
 Yomi AI            vs Iocaine Powder      Match:  -43 (321+ 364- 315=)
 Yomi AI            vs Phasenbott          Match:  -29 (336+ 365- 299=)
 Yomi AI            vs MegaHAL             Match:   24 (365+ 341- 294=)
 Yomi AI            vs RussRocker4         Match:   33 (370+ 337- 293=)
 Yomi AI            vs Biopic              Match:    1 (346+ 345- 309=)
 Yomi AI            vs Simple Modeller     Match:   14 (349+ 335- 316=)
 Yomi AI            vs Simple Predictor    Match:   33 (378+ 345- 277=)
 Yomi AI            vs Robertot            Match:  -41 (330+ 371- 299=)
 Yomi AI            vs Boom                Match:   29 (356+ 327- 317=)
 Yomi AI            vs Shofar              Match:   13 (356+ 343- 301=)
 Yomi AI            vs ACT-R Lag2          Match:   54 (366+ 312- 322=)
 Yomi AI            vs Majikthise          Match:  -13 (328+ 341- 331=)
 Yomi AI            vs Vroomfondel         Match:   -5 (336+ 341- 323=)
 Yomi AI            vs Granite             Match:  156 (474+ 318- 208=)
 Yomi AI            vs Marble              Match:  102 (448+ 346- 206=)
 Yomi AI            vs ZQ Bot              Match:   81 (411+ 330- 259=)
 Yomi AI            vs Sweet Rocky         Match:   49 (383+ 334- 283=)
 Yomi AI            vs Piedra              Match:   67 (381+ 314- 305=)
 Yomi AI            vs Mixed Strategy      Match:   68 (385+ 317- 298=)
 Yomi AI            vs Multi-strategy      Match:  236 (509+ 273- 218=)
 Yomi AI            vs Inocencio           Match:  441 (657+ 216- 127=)
 Yomi AI            vs Peterbot            Match:  268 (510+ 242- 248=)
 Yomi AI            vs Bugbrain            Match:    4 (354+ 350- 296=)
 Yomi AI            vs Knucklehead         Match:  572 (710+ 138- 152=)
 Final results (draw value = 50):

 Tournament results: 

    Player Name          total     1    2    3    4    5    6    7    8    9   10   11   12   13   14   15   16   17   18   19   20   21   22   23   24   25   26   27   28   29   30   31   32   33   34   35   36   37   38   39   40   41   42
  1 Iocaine Powder       10839     0  165   60   59   24   43  145  550   50   84   38  229  230  -29   45  -15  285   26   66   62   30   35  248  219   -4  -69  163  343  134  216  325   62  148  548  891  238  320  910  994  988  993  990
  2 Phasenbott           10118  -165    0  100   73   23   29  102  542   69   92   73  228  263   20    2   74  251   41   63   58   16    8  194  211   53  -15  123  377   98   92  317  100   42  395  900  249  152  947  985  991  996  949
  3 MegaHAL               9552   -60 -100    0   -8  -17  -24   70   69   60   46   22  211  226  -68   38   36  287   15   47   -5   -4   -2  293  168  -26    2  176   89  169   98  320  142  221  396  917  444  384  941  990  989 1000 1000
  4 Simple Modeller       8774   -59  -73    8    0   41  -14  250   60    1  -12   31   58  102  -13   47   74  334   30   64  101  -17  -26  126  107  -62  -17  231   -8  254   37  104  139  217  239  958  476  406  594  995  993  998 1000
  5 Biopic                8695   -24  -23   17  -41    0   -1   54   -5   43   -1   19  159  126   -6   23  -23  103   21   51   36  -13   11  232  197   11   15    2  385  102   98   71  130  185  500  756  326  408  762  995  996  998 1000
  6 Yomi AI               7754   -43  -29   24   14    1    0   33   33  -41   54   29  102  156   13   49    4   81   67    0   68   -5  -13  236  441   -5  -53   35  445   10  204  103  149  177  572  268  301  376  696  217  993 1000  992
  7 Simple Predictor      7688  -145 -102  -70 -250  -54  -33    0 -115   10  -55   -8   31   -3  -38   13   44  136   17   20   35  -15    3  179  631  -62  -14  300  -15  271   64  156  166  206  304  672  436  412  592  986  990  993 1000
  8 RussRocker4           7408  -550 -542  -69  -60    5  -33  115    0   -6  -19  -16  154  183   -9   48   -2  176   90   55   27  -10   -4  257  110  -21  -44  139  176  113  152  322   55  112  530  942  189  275  591  988  993 1000  996
  9 Robertot              7259   -50  -69  -60   -1  -43   41  -10    6    0   -2   52   84   24   10   43   20  105   -8   49   75    1  -41  350   51    6  -17    4   11   72   73   92  141   82  408  387  463  367  727  828  994  998  996
 10 ACT-R Lag2            7189   -84  -92  -46   12    1  -54   55   19    2    0    2   74   82   19   28  -30   96   33   63   41   -3  -62  233  797  -82  -12   13  -98   -7  107   11   57  213  510  265  276  307  581  875  991  999  997
 11 Boom                  6907   -38  -73  -22  -31  -19  -29    8   16  -52   -2    0   49   39  -31   21  -48   50  -90   47   -6  -35  -22  216    3  -29  -25   58  -11  126   47  113  119  189  499  374  430  351  753  980  989  997  996
 12 Marble                6660  -229 -228 -211  -58 -159 -102  -31 -154  -84  -74  -49    0   -6  -40   44  -41   51   44   60   -4  -75  -89  376  649  -22  -14   48   41   13  152   84  174  128  313  928  280  373  594  990  993 1000  995
 13 Granite               6451  -230 -263 -226 -102 -126 -156    3 -183  -24  -82  -39    6    0  -18   51  -67   27   31   52   11  -65  -51  249  653  -40  -32    2    5   31  157   75  177  151  304  887  309  403  593  992  993  998  995
 14 Shofar                6410    29  -20   68   13    6  -13   38    9  -10  -19   31   40   18    0   42   12  103   23   32   80   15   53  101   59  -21  -17  -12  -20   74   52   81   65  239  110   48  438  335  560  900  924  974  970
 15 Sweet Rocky           5976   -45   -2  -38  -47  -23  -49  -13  -48  -43  -28  -21  -44  -51  -42    0  -34  -40   28   18    4  -25   30   95  -27  -27    2  154   12   45  151  175  158  151  182  117  336  396  595  991  990  993 1000
 16 Bugbrain              5674    15  -74  -36  -74   23   -4  -44    2  -20   30   48   41   67  -12   34    0  154   92   58   56  -50   23  173   87  -28   -1   72  -29    6    5   94   44   90   77  236  235  181  363  937  949  954  900
 17 ZQ Bot                5506  -285 -251 -287 -334 -103  -81 -136 -176 -105  -96  -50  -51  -27 -103   40 -154    0   23   65  -17   19  -30  285   -2  -44   26   51  -13   61  157  322  165  179  299  932  265  391  592  991  992  996 1000
 18 Piedra                5435   -26  -41  -15  -30  -21  -67  -17  -90    8  -33   90  -44  -31  -23  -28  -92  -23    0   35   -9  -44  -38   93  -83  -36  -40   48  -19   32  160  -27  172  163  110  281  183  362  592  998  998  996  991
 19 * Anti-rotn           5018   -66  -63  -47  -64  -51    0  -20  -55  -49  -63  -47  -60  -52  -32  -18  -58  -65  -35    0   34  -19    7  233  367  -60  -36  -12  -10   47  187   -5   57  316   49   33  463  132  598  491  998  998  995
 20 Mixed Strategy        4911   -62  -58    5 -101  -36  -68  -35  -27  -75  -41    6    4  -11  -80   -4  -56   17    9  -34    0  -29  -22   56    1  -39  -26   13   26   13  113   48  182   58  183  110   70  408  487  980  951  995  980
 21 Vroomfondel           4821   -30  -16    4   17   13    5   15   10   -1    3   35   75   65  -15   25   50  -19   44   19   29    0   51  248   13  -12  -22  -49   28    9   97   -5   40   94  241   -8  250  135  426  -17  990  994  990
 22 Majikthise            4738   -35   -8    2   26  -11   13   -3    4   41   62   22   89   51  -53  -30  -23   30   38   -7   22  -51    0  200   50   24   18   37  -10   16   60    9   46  112  180   18  252  133  435   -5  993  997  994
 23 Multi-strategy        2249  -248 -194 -293 -126 -232 -236 -179 -257 -350 -233 -216 -376 -249 -101  -95 -173 -285  -93 -233  -56 -248 -200    0  -87  -50  -20   27  -24  256  137   15  123  271  -39  500  438  386  999  997  997  999  997
 24 Inocencio             1298  -219 -211 -168 -107 -197 -441 -631 -110  -51 -797   -3 -649 -653  -59   27  -87    2   83 -367   -1  -13  -50   87    0  -24  -27   57  312   37  113   77  158   14  232   71  264  404  365  920  982  986  972
 25 * De Bruijn            580     4  -53   26   62  -11    5   62   21   -6   82   29   22   40   21   27   28   44   36   60   39   12  -24   50   24    0   -1   10   15    3  -40  -30   23  -20   -6  -14   -9    6  128   -1   21    0 -105
 26 * Pi                   490    69   15   -2   17  -15   53   14   44   17   12   25   14   32   17   -2    1  -26   40   36   26   22  -18   20   27    1    0  -23  -10   29   24   37  -81   46  -40   27   39  -15   30   22  -11  -11  -12
 27 * Add-drift          -1633  -163 -123 -176 -231   -2  -35 -300 -139   -4  -13  -58  -48   -2   12 -154  -72  -51  -48   12  -13   49  -37  -27  -57  -10   23    0   63   18   -3  -48  -11    2  -13  -36  -20   37    3    7   25   46  -36
 28 * Foxtrot            -2142  -343 -377  -89    8 -385 -445   15 -176  -11   98   11  -41   -5   20  -12   29   13   19   10  -26  -28   10   24 -312  -15   10  -63    0  -15   33   18  -38   16   41  -17  -14  -26   -7  -22  -41  -12    3
 29 * Copy-drift         -2178  -134  -98 -169 -254 -102  -10 -271 -113  -72    7 -126  -13  -31  -74  -45   -6  -61  -32  -47  -13   -9  -16 -256  -37   -3  -29  -18   15    0  -21    5  -17  -29  -60  -62  -34  -19   -7   40    6    8   29
 30 * Flat               -2810  -216  -92  -98  -37  -98 -204  -64 -152  -73 -107  -47 -152 -157  -52 -151   -5 -157 -160 -187 -113  -97  -60 -137 -113   40  -24    3  -33   21    0    2  -33    2    3 -107   -8  -22  251  210   27    1 -414
 31 * Add-react          -2933  -325 -317 -320 -104  -71 -103 -156 -322  -92  -11 -113  -84  -75  -81 -175  -94 -322   27    5  -48    5   -9  -15  -77   30  -37   48  -18   -5   -2    0   33  -18  -47  -16   11   -3   -1  -23   25  -80   47
 32 * Text               -3096   -62 -100 -142 -139 -130 -149 -166  -55 -141  -57 -119 -174 -177  -65 -158  -44 -165 -172  -57 -182  -40  -46 -123 -158  -23   81   11   38   17   33  -33    0  -56    9   23  -16  -16 -185  -74  -11 -185  112
 33 * Switch A Lot       -3439  -148  -42 -221 -217 -185 -177 -206 -112  -82 -213 -189 -128 -151 -239 -151  -90 -179 -163 -316  -58  -94 -112 -271  -14   20  -46   -2  -16   29   -2   18   56    0   -1 -177  -16   47   52  303   22   33   -1
 34 Knucklehead          -3956  -548 -395 -396 -239 -500 -572 -304 -530 -408 -510 -499 -313 -304 -110 -182  -77 -299 -110  -49 -183 -241 -180   39 -232    6   40   13  -41   60   -3   47   -9    1    0  -17   47   26   81  979  -41 1000  997
 35 Peterbot             -6050  -891 -900 -917 -958 -756 -268 -672 -942 -387 -265 -374 -928 -887  -48 -117 -236 -932 -281  -33 -110    8  -18 -500  -71   14  -27   36   17   62  107   16  -23  177   17    0  240  405  427  981  998 1000  986
 36 Always Switchin'     -7301  -238 -249 -444 -476 -326 -301 -436 -189 -463 -276 -430 -280 -309 -438 -336 -235 -265 -183 -463  -70 -250 -252 -438 -264    9  -39   20   14   34    8  -11   16   16  -47 -240    0    1   90  467   19    1  -48
 37 R-P-S 20-20-60       -8972  -320 -152 -384 -406 -408 -376 -412 -275 -367 -307 -351 -373 -403 -335 -396 -181 -391 -362 -132 -408 -135 -133 -386 -404   -6   15  -37   26   19   22    3   16  -47  -26 -405   -1    0 -432 -148    3 -383  206
 38 Beat Frequent Pick  -14324  -910 -947 -941 -594 -762 -696 -592 -591 -727 -581 -753 -594 -593 -560 -595 -363 -592 -592 -598 -487 -426 -435 -999 -365 -128  -30   -3    7    7 -251    1  185  -52  -81 -427  -90  432    0 -600    0  999 1000
 39 Beat The Last Move  -20141  -994 -985 -990 -995 -995 -217 -986 -988 -828 -875 -980 -990 -992 -900 -991 -937 -991 -998 -491 -980   17    5 -997 -920    1  -22   -7   22  -40 -210   23   74 -303 -979 -981 -467  148  600    0    1 1000  997
 40 Rotate R-P-S        -25380  -988 -991 -989 -993 -996 -993 -990 -993 -994 -991 -989 -993 -993 -924 -990 -949 -992 -998 -998 -951 -990 -993 -997 -982  -21   11  -25   41   -6  -27  -25   11  -22   41 -998  -19   -3    0   -1    0    0 -680
 41 Good Ole Rock       -26270  -993 -996 -1000 -998 -998 -1000 -993 -1000 -998 -999 -997 -1000 -998 -974 -993 -954 -996 -996 -998 -995 -994 -997 -999 -986    0   11  -46   12   -8   -1   80  185  -33 -1000 -1000   -1  383 -999 -1000    0    0  999
 42 * Anti-Flat         -27775  -990 -949 -1000 -1000 -1000 -992 -1000 -996 -996 -997 -996 -995 -995 -970 -1000 -900 -1000 -991 -995 -980 -990 -994 -997 -972  105   12   36   -3  -29  414  -47 -112    1 -997 -986   48 -206 -1000 -997  680 -999    0

 Match results (draw <= 50): 

    Player Name           total  W  L  D   1  2  3  4  5  6  7  8  9 10 11 12 13 14 15 16 17 18 19 20 21 22 23 24 25 26 27 28 29 30 31 32 33 34 35 36 37 38 39 40 41 42
  1 Phasenbott              71  31  1  9   1  0  1  1  2  2  2  1  2  2  1  2  1  2  1  2  1  2  2  2  2  2  1  2  2  2  2  2  2  2  2  2  1  2  2  2  2  2  2  2  2  2
  2 Iocaine Powder          69  29  1 11   2  1  1  1  2  2  2  1  1  1  1  2  1  1  1  2  1  2  2  2  2  1  0  2  2  2  2  2  2  2  2  2  2  2  2  2  2  2  2  2  2  2
  3 Biopic                  63  22  0 19   1  1  1  1  1  1  1  1  1  1  1  1  1  1  1  2  1  2  2  1  2  1  1  2  2  2  1  2  2  2  2  2  2  2  2  2  2  2  2  2  2  2
  4 Yomi AI                 62  22  1 18   1  1  1  1  1  1  1  1  1  1  1  2  1  1  1  1  2  2  2  2  2  1  0  1  2  2  1  2  2  1  2  2  2  2  2  2  2  2  2  2  2  2
  5 MegaHAL                 62  24  3 14   0  0  1  1  1  1  2  0  2  1  1  1  1  1  1  2  1  2  2  1  2  1  1  1  2  2  2  2  2  2  2  2  2  2  2  2  2  2  2  2  2  2
  6 Simple Modeller         62  24  3 14   0  0  1  1  1  1  2  1  1  2  1  1  1  1  1  2  1  2  2  2  2  0  1  2  2  1  2  2  2  2  2  2  2  1  2  2  2  2  2  2  2  2
  7 RussRocker4             61  24  4 13   0  0  1  1  0  0  1  1  1  1  1  1  1  1  1  2  2  2  2  1  2  1  1  2  2  2  2  2  2  2  2  2  2  2  2  2  2  2  2  2  2  2
  8 Shofar                  60  19  0 22   1  1  1  1  2  1  1  1  1  1  1  1  1  1  2  1  1  1  1  2  2  1  1  1  2  1  1  1  2  2  2  2  2  2  2  2  2  2  2  2  2  2
  9 Robertot                59  20  2 19   0  1  1  1  0  1  1  1  1  1  1  1  1  2  1  1  1  1  2  2  2  1  1  1  2  1  1  2  2  2  2  2  2  2  2  2  2  2  2  2  2  2
 10 Bugbrain                58  19  2 20   0  1  1  1  1  0  1  1  1  1  1  1  1  1  1  1  2  2  1  2  2  1  1  2  2  1  2  2  2  1  2  2  2  1  2  1  2  2  2  2  2  2
 11 Sweet Rocky             55  15  1 25   1  1  1  1  1  1  1  1  1  1  1  1  1  1  1  1  1  0  1  1  1  1  1  1  1  1  2  2  2  1  2  2  2  2  2  2  2  2  2  2  2  2
 12 ACT-R Lag2              54  19  6 16   0  0  1  0  1  1  1  1  1  1  1  1  1  1  0  2  1  2  2  1  2  0  1  2  2  0  1  2  2  1  2  1  2  2  2  2  2  2  2  2  2  2
 13 Vroomfondel             54  13  0 28   1  1  1  1  1  1  1  1  1  1  1  1  1  1  2  1  1  2  2  1  1  1  1  1  1  1  1  1  2  1  2  1  2  2  1  1  2  2  2  2  2  2
 14 Boom                    53  15  3 23   0  1  1  1  1  1  1  1  0  1  1  1  1  1  1  1  0  1  1  1  1  1  1  1  1  1  2  2  2  2  2  2  2  1  2  2  2  2  2  2  2  2
 15 Majikthise              52  13  2 26   1  1  1  1  1  1  1  0  1  1  1  2  0  1  1  1  1  2  2  1  1  1  1  1  1  1  1  1  2  1  2  1  2  2  1  1  2  2  2  2  2  2
 16 Simple Predictor        51  18  8 15   0  0  0  1  0  0  0  1  1  1  1  0  1  1  1  1  1  1  1  1  2  0  1  1  2  1  2  2  2  2  2  2  2  2  2  2  2  2  2  2  2  2
 17 Piedra                  51  14  4 23   1  1  1  0  1  1  0  1  1  0  1  1  1  2  1  1  1  1  1  1  1  1  1  1  0  1  1  2  2  1  2  1  2  2  2  2  2  2  2  2  2  2
 18 Granite                 47  17 11 13   0  0  0  0  0  0  0  1  1  0  2  0  0  1  0  1  1  1  1  1  1  1  1  2  2  1  1  2  2  1  2  2  2  2  2  2  2  2  2  2  2  2
 19 Marble                  47  17 11 13   0  0  0  0  0  0  0  1  0  1  1  0  0  1  0  1  1  1  1  1  2  1  1  2  2  1  1  2  2  1  2  2  2  2  2  2  2  2  2  2  2  2
 20 Mixed Strategy          47  13  7 21   0  0  1  0  1  0  1  0  0  0  1  1  1  1  1  1  1  1  1  1  1  1  1  1  1  1  1  2  2  1  2  1  2  2  2  2  2  2  2  2  2  2
 21 ZQ Bot                  45  17 13 11   0  0  0  0  0  0  0  0  0  0  1  0  1  1  1  0  1  1  0  1  1  1  1  2  1  1  2  2  2  2  2  2  2  2  2  2  2  2  2  2  2  2
 22 * De Bruijn             44   5  2 34   0  1  1  1  1  2  1  1  1  1  1  2  1  1  1  2  1  1  1  1  1  1  1  2  1  1  1  1  1  1  1  1  1  1  1  1  1  1  1  1  2  0
 23 * Pi                    42   2  1 38   1  2  1  2  1  1  1  1  1  1  1  1  1  1  1  1  1  1  1  1  1  1  1  1  1  1  1  1  1  1  1  1  1  1  1  0  1  1  1  1  1  1
 24 * Anti-rotn             42  12 11 18   0  0  0  1  1  0  0  1  1  0  1  0  1  1  1  1  1  0  0  1  0  0  1  1  2  1  1  1  2  1  1  1  2  2  2  2  2  2  2  2  2  2
 25 Inocencio               42  16 15 10   0  0  0  0  0  0  0  0  0  0  1  0  1  1  1  0  2  0  0  1  1  1  1  0  1  2  2  2  2  1  2  2  1  2  2  2  2  2  2  2  2  2
 26 * Foxtrot               34   1  8 32   0  0  0  0  0  1  0  1  1  1  1  2  1  1  1  1  1  1  1  1  1  1  1  1  0  1  0  1  1  1  1  1  1  1  1  1  1  1  1  1  1  1
 27 * Add-drift             31   1 11 29   0  0  1  1  0  0  0  1  1  0  0  1  1  0  1  0  1  1  1  1  0  1  1  1  0  2  1  1  1  1  1  1  1  1  1  1  1  1  1  1  1  1
 28 Peterbot                31  10 20 11   0  0  0  0  0  0  0  1  0  0  0  0  1  0  1  0  0  0  0  0  0  1  1  1  0  1  1  1  0  2  1  1  2  2  2  1  2  2  2  2  2  2
 29 Multi-strategy          30  12 23  6   0  0  0  0  0  0  0  0  0  0  0  0  0  0  0  0  0  0  0  0  0  1  1  0  0  1  1  2  1  2  1  1  2  2  2  2  2  2  2  2  2  2
 30 * Copy-drift            27   0 14 27   0  0  0  1  0  0  0  0  0  1  1  1  1  0  1  0  1  1  1  1  0  1  1  1  1  1  1  0  0  1  0  1  1  1  1  1  1  1  1  1  1  1
 31 Knucklehead             24   5 22 14   0  0  0  0  0  0  0  0  0  0  0  0  0  0  0  0  0  0  0  0  0  1  1  1  0  1  1  1  1  2  1  1  1  1  2  1  1  2  1  1  2  2
 32 * Add-react             23   0 18 23   0  0  0  0  0  0  0  0  0  0  0  1  1  0  1  0  1  0  0  1  0  1  1  1  0  1  1  1  1  1  1  1  1  1  1  1  1  0  1  1  1  1
 33 * Switch A Lot          21   3 23 15   1  0  0  0  0  0  0  0  0  0  0  0  0  0  0  0  0  0  0  0  0  1  1  0  1  1  1  0  0  1  1  1  1  1  2  2  1  1  1  1  2  1
 34 * Flat                  20   2 23 16   0  0  0  0  0  1  0  0  0  1  0  0  0  1  0  0  0  0  0  0  0  1  1  0  0  1  1  0  0  1  1  1  1  1  2  1  1  1  1  1  2  0
 35 Beat The Last Move      19   5 27  9   0  0  0  0  0  0  0  0  0  0  0  0  1  0  1  0  0  0  0  0  0  1  1  0  0  1  1  0  0  1  0  1  0  0  1  2  0  2  1  2  2  2
 36 * Text                  18   2 25 14   0  0  0  0  0  0  0  0  0  1  0  0  1  0  1  0  0  0  0  0  0  1  2  0  0  1  1  1  0  1  1  1  0  1  0  1  1  0  1  1  0  2
 37 Always Switchin'        18   2 25 14   0  0  0  0  0  0  0  0  0  0  0  0  0  0  0  0  0  0  0  0  0  1  1  0  0  1  1  0  0  1  1  1  1  1  2  1  1  1  1  1  2  1
 38 Good Ole Rock           17   4 28  9   0  0  0  0  0  0  0  0  0  0  0  0  0  0  0  0  0  0  0  0  0  1  1  0  0  1  1  0  0  1  0  2  1  1  0  2  1  1  1  2  0  2
 39 Rotate R-P-S            15   0 26 15   0  0  0  0  0  0  0  0  0  0  0  0  0  0  0  0  0  0  0  0  0  1  1  0  0  1  1  0  0  1  1  1  1  1  1  1  1  1  1  1  1  0
 40 R-P-S 20-20-60          14   1 28 12   0  0  0  0  0  0  0  0  0  0  0  0  0  0  0  0  0  0  0  0  0  1  1  0  0  1  1  0  0  1  1  1  1  1  0  1  1  0  1  1  0  2
 41 Beat Frequent Pick      14   4 31  6   0  0  0  0  0  0  0  0  0  0  0  0  0  0  0  0  0  0  0  0  0  0  1  0  0  1  1  0  0  1  0  1  0  0  0  2  0  2  1  2  1  2
 42 * Anti-Flat             13   3 31  7   0  0  0  0  0  0  0  0  0  0  0  0  0  0  0  0  0  0  0  0  0  2  1  0  0  1  1  0  0  1  0  1  1  2  0  0  1  0  2  0  0  1


   Yomi AI is match ranked 4

 Tournament results:
    Player Name          total 
  1 Yomi AI               7754 
 19 Iocaine Powder       10839 
 20 Phasenbott           10118 
 21 MegaHAL               9552 
 23 Biopic                8695 
 24 Simple Modeller       8774 

   Yomi is tournament ranked 6

