 Playing 1 tournaments with 1000 trials per match...

 Yomi AI            vs Good Ole Rock       Match: 1000 (1000+   0-   0=)
 Yomi AI            vs R-P-S 20-20-60      Match:  282 (538+ 256- 206=)
 Yomi AI            vs Rotate R-P-S        Match:  457 (689+ 232-  79=)
 Yomi AI            vs Beat The Last Move  Match:   10 (328+ 318- 354=)
 Yomi AI            vs Always Switchin'    Match:   96 (420+ 324- 256=)
 Yomi AI            vs Beat Frequent Pick  Match:  438 (688+ 250-  62=)
 Yomi AI            vs * Pi                Match:  -24 (326+ 350- 324=)
 Yomi AI            vs * Switch A Lot      Match:   46 (372+ 326- 302=)
 Yomi AI            vs * Flat              Match:   79 (375+ 296- 329=)
 Yomi AI            vs * Anti-Flat         Match:  999 (999+   0-   1=)
 Yomi AI            vs * Foxtrot           Match:  230 (517+ 287- 196=)
 Yomi AI            vs * De Bruijn         Match:    1 (331+ 330- 339=)
 Yomi AI            vs * Text              Match:   36 (374+ 338- 288=)
 Yomi AI            vs * Anti-rotn         Match:    2 (344+ 342- 314=)
 Yomi AI            vs * Copy-drift        Match:   -1 (320+ 321- 359=)
 Yomi AI            vs * Add-react         Match:   40 (373+ 333- 294=)
 Yomi AI            vs * Add-drift         Match:   34 (337+ 303- 360=)
 Yomi AI            vs Iocaine Powder      Match:  -11 (332+ 343- 325=)
 Yomi AI            vs Phasenbott          Match:  -53 (320+ 373- 307=)
 Yomi AI            vs MegaHAL             Match:  -50 (324+ 374- 302=)
 Yomi AI            vs RussRocker4         Match:  -65 (318+ 383- 299=)
 Yomi AI            vs Biopic              Match:  -47 (329+ 376- 295=)
 Yomi AI            vs Simple Modeller     Match:   18 (347+ 329- 324=)
 Yomi AI            vs Simple Predictor    Match:   63 (402+ 339- 259=)
 Yomi AI            vs Robertot            Match:  -10 (347+ 357- 296=)
 Yomi AI            vs Boom                Match:    0 (352+ 352- 296=)
 Yomi AI            vs Shofar              Match:    1 (354+ 353- 293=)
 Yomi AI            vs ACT-R Lag2          Match:   26 (346+ 320- 334=)
 Yomi AI            vs Majikthise          Match:  -16 (332+ 348- 320=)
 Yomi AI            vs Vroomfondel         Match:   17 (348+ 331- 321=)
 Yomi AI            vs Granite             Match:  129 (465+ 336- 199=)
 Yomi AI            vs Marble              Match:  101 (452+ 351- 197=)
 Yomi AI            vs ZQ Bot              Match:   78 (439+ 361- 200=)
 Yomi AI            vs Sweet Rocky         Match:   74 (393+ 319- 288=)
 Yomi AI            vs Piedra              Match:   25 (386+ 361- 253=)
 Yomi AI            vs Mixed Strategy      Match:   15 (368+ 353- 279=)
 Yomi AI            vs Multi-strategy      Match:  195 (474+ 279- 247=)
 Yomi AI            vs Inocencio           Match:  105 (405+ 300- 295=)
 Yomi AI            vs Peterbot            Match:   38 (357+ 319- 324=)
 Yomi AI            vs Bugbrain            Match:  -23 (330+ 353- 317=)
 Yomi AI            vs Knucklehead         Match:  373 (588+ 215- 197=)
 Final results (draw value = 50):

 Tournament results: 

    Player Name          total     1    2    3    4    5    6    7    8    9   10   11   12   13   14   15   16   17   18   19   20   21   22   23   24   25   26   27   28   29   30   31   32   33   34   35   36   37   38   39   40   41   42
  1 Iocaine Powder       11093     0   26   88   22   21  510  -66   25  187   68   42  244  198   36   29   45  299   -7   70  123   11  -13  173   -8  791   -1  160  131  353  125  300  118   74  579  900  159  424  901  990  982  999  985
  2 Phasenbott           10032   -26    0   42   27   38  527   59   23  106   60   68  236  183   36   37   42  280   42   21    9   53   21  186   13  171  -18  167   56  373  145  358  114  107  417  926  194   45  924  991  992  996  991
  3 MegaHAL               9374   -88  -42    0   18   18  127   -7  -39   58   76   43  220  219   17   96   73  258   -8  -10   40   50  -16  194  -45  205  -29  198   19   85   83  243  133  203  346  883  455  376  948  990  989  999  996
  4 Biopic                8742   -22  -27  -18    0  -11  -19  -29   -8   92  -15   68   73  125  -29   38   66   91    1    7   18   47   22  362    1  198   13  -16   43  351  173   78  147  199  513  693  295  349  893  989  998  996  997
  5 Simple Modeller       8203   -21  -38  -18   11    0   38   25    7  277    5    4  111   74   -2   91   41  272   62   -8  103  -18   11  173  -52  178  -47  245  236    3   87  105  123  235  187  293  449  389  591  990  996  998  997
  6 RussRocker4           7638  -510 -527 -127   19  -38    0   19   31  111   23  -63  180  135  -30   55   44  157   37  -30  151   65  -18  257  -71   92  -48  145  174  185  111  337   99  127  472  936  250  284  622  994  993 1000  995
  7 Robertot              7476    66  -59    7   29  -25  -19    0  -34    5    2  -16   52   47  -34   48   38   88   -6  -44   59   10  -10  204  -22    8   -1   36   89   -2   54  129  162   76  350  658  438  418  882  806  994  998  995
  8 Boom                  7301   -25  -23   39    8   -7  -31   34    0    4   61  -10   56   28  -42   17   46   16  -16  -35   13    0   15  229  -17   58   23   31   39   10  -13   90  131  179  437  351  503  377  753  991  990  997  994
  9 Simple Predictor      7238  -187 -106  -58  -92 -277 -111   -5   -4    0   69  -35    5   48  -13   42   56  141   29  -43   61  -63  -13  220  -62  604   19  260  253   -7  124  102  154  193  264  330  415  374  587  985  986  993 1000
 10 Sweet Rocky           7115   -68  -60  -76   15   -5  -23   -2  -61  -69    0  -48  -30  -58  -46  -31   73  -60  -18  -37  -41  -74  -54  127  -16  641  -30   29   35   35  128  279  160   94  277  999  139  419  594  999  987  998  994
 11 ACT-R Lag2            6654   -42  -68  -43  -68   -4   63   16   10   35   48    0  155   93    6   45   12   92   -9    9   46  -26    3  294  -77   75  -36   18   -4  -30  132   57  105  152  459  216  250  337  561  783  992  997 1000
 12 Marble                6641  -244 -236 -220  -73 -111 -180  -52  -56   -5   30 -155    0    6  -44   13   64   58 -119  -15   53 -101    6  271  -35  652  -11   47   70   55  165   82  175  142  277  937  203  419  594  991  995 1000  993
 13 Granite               6609  -198 -183 -219 -125  -74 -135  -47  -28  -48   58  -93   -6    0  -43   -8   72   -2  -95  -12  -20 -129  -11  288  -66  658  -18   17   -7   92  165   62  181  131  322  921  224  411  594  989  997 1000  994
 14 Shofar                6507   -36  -36  -17   29    2   30   34   42   13   46   -6   44   43    0   27   24   59  -23  -11   27   -1  -27   77    8  421  -41   61   63   71  102   11  125   78  165   10  433  320  558  893  936  982  971
 15 Piedra                6404   -29  -37  -96  -38  -91  -55  -48  -17  -42   31  -45  -13    8  -27    0   40  -15  -42  -11  -50  -25  -45  109  -46  -62  -36   12   10   29   90  298  179   89  282 1000  132  403  592  987  992 1000  991
 16 * Anti-rotn           5986   -45  -42  -73  -66  -41  -44  -38  -46  -56  -73  -12  -64  -72  -24  -40    0  -50  -54   53    6   -2   10  176  -52  715  -62    0    7  -29  242   83   53  330   50  495  510  158  598  497  998  999  991
 17 ZQ Bot                5873  -299 -280 -258  -91 -272 -157  -88  -16 -141   60  -92  -58    2  -59   15   50    0 -202  -22   -7  -78  -47  272  -34  115    5   45   39    9  153  379  182  193  329  956  318  380  594  993  996  997  992
 18 Bugbrain              5866     7  -42    8   -1  -62  -37    6   16  -29   18    9  119   95   23   42   54  202    0   -7   20   23   20  160  -19   18   49  126   59    1   50   90   35   17  105  177  222  149  366  890  941  976  970
 19 Vroomfondel           4791   -70  -21   10   -7    8   30   44   35   43   37   -9   15   12   11   11  -53   22    7    0   61  -17    4  130    5   41   41   48   48   39   27  -11   79  139  211  -28  289  134  441    8  992  995  990
 20 Mixed Strategy        4709  -123   -9  -40  -18 -103 -151  -59  -13  -61   41  -46  -53   20  -27   50   -6    7  -20  -61    0  -15  -54  -20  -76  -30  -38   85   22  -52   15   86  160  169  135  172   56  342  516  982  935  995  996
 21 Yomi AI               4708   -11  -53  -50  -47   18  -65  -10    0   63   74   26  101  129    1   25    2   78  -23   17   15    0  -16  195    1  105  -24   34   -1  230   79   40   36   46  373   38   96  282  438   10  457 1000  999
 22 Majikthise            4585    13  -21   16  -22  -11   18   10  -15   13   54   -3   -6   11   27   45  -10   47  -20   -4   54   16    0   84  -22   37  -15  -14    1   37  110   17   38  116  219  -13  241  103  462   -4  992  994  990
 23 Multi-strategy        2250  -173 -186 -194 -362 -173 -257 -204 -229 -220 -127 -294 -271 -288  -77 -109 -176 -272 -160 -130   20 -195  -84    0  -50 -153  -20  -13  258   19  138   -2  123  308   17  -85  457  424  999  997  997  999  998
 24 * De Bruijn            851     8  -13   45   -1   52   71   22   17   62   16   77   35   66   -8   46   52   34   19   -5   76   -1   22   50    0   41   -1  -14   34   12    8  -17   23  -35   22  -25    2   16  128   -1   21    0 -105
 25 Inocencio              489  -791 -171 -205 -198 -178  -92   -8  -58 -604 -641  -75 -652 -658 -421   62 -715 -115  -18  -41   30 -105  -37  153  -41    0  -26    9   93  290   97   96  162   84  204  123  233  447  347  961  983  979  986
 26 * Pi                   314     1   18   29  -13   47   48    1  -23  -19   30   36   11   18   41   36   62   -5  -49  -41   38   24   15   20    1   26    0    4  -17   -6   -9   -7  -81   12   25   41   -6  -12   30   22  -11  -11  -12
 27 * Add-drift          -1910  -160 -167 -198   16 -245 -145  -36  -31 -260  -29  -18  -47  -17  -61  -12    0  -45 -126  -48  -85  -34   14   13   14   -9   -4    0  -12  -29   29  -97  -19    3  -20  -34   -3   16  -12    3   18  -34    1
 28 * Copy-drift         -1932  -131  -56  -19  -43 -236 -174  -89  -39 -253  -35    4  -70    7  -63  -10   -7  -39  -59  -48  -22    1   -1 -258  -34  -93   17   12    0    0   -2  -25   -8  -23  -68  -29   -4  -52   23   15  -23   -7    9
 29 * Foxtrot            -2238  -353 -373  -85 -351   -3 -185    2  -10    7  -35   30  -55  -92  -71  -29   29   -9   -1  -39   52 -230  -37  -19  -12 -290    6   29    0    0    4  -29   12    9   37  -22   17   -8  -68  -20  -25  -16   -5
 30 * Flat               -2622  -125 -145  -83 -173  -87 -111  -54   13 -124 -128 -132 -165 -165 -102  -90 -242 -153  -50  -27  -15  -79 -110 -138   -8  -97    9  -29    2   -4    0   11  -20   34    9 -126    8   10  259  202   24    0 -421
 31 * Add-react          -3149  -300 -358 -243  -78 -105 -337 -129  -90 -102 -279  -57  -82  -62  -11 -298  -83 -379  -90   11  -86  -40  -17    2   17  -96    7   97   25   29  -11    0   12    6  -20  -50  -11   -2   -6   11   47   -7   16
 32 * Text               -3204  -118 -114 -133 -147 -123  -99 -162 -131 -154 -160 -105 -175 -181 -125 -179  -53 -182  -35  -79 -160  -36  -38 -123  -23 -162   81   19    8  -12   20  -12    0    3   -9   26  -15   26 -185  -74  -11 -185  113
 33 * Switch A Lot       -3392   -74 -107 -203 -199 -235 -127  -76 -179 -193  -94 -152 -142 -131  -78  -89 -330 -193  -17 -139 -169  -46 -116 -308   35  -84  -12   -3   23   -9  -34   -6   -3    0   -2 -200  -16  -27   25  344  -14   25  -37
 34 Knucklehead          -3438  -579 -417 -346 -513 -187 -472 -350 -437 -264 -277 -459 -277 -322 -165 -282  -50 -329 -105 -211 -135 -373 -219  -17  -22 -204  -25   20   68  -37   -9   20    9    2    0   19   42   77  140  990  317  966  975
 35 Peterbot             -6398  -900 -926 -883 -693 -293 -936 -658 -351 -330 -999 -216 -937 -921  -10 -1000 -495 -956 -177   28 -172  -38   13   85   25 -123  -41   34   29   22  126   50  -26  200  -19    0  239  432  441  982  998  998 1000
 36 Always Switchin'     -6746  -159 -194 -455 -295 -449 -250 -438 -503 -415 -139 -250 -203 -224 -433 -132 -510 -318 -222 -289  -56  -96 -241 -457   -2 -233    6    3    4  -17   -8   11   15   16  -42 -239    0  -21   14  513  -41   -2    5
 37 R-P-S 20-20-60       -8855  -424  -45 -376 -349 -389 -284 -418 -377 -374 -419 -337 -419 -411 -320 -403 -158 -380 -149 -134 -342 -282 -103 -424  -16 -447   12  -16   52    8  -10    2  -26   27  -77 -432   21    0 -390 -131   18 -362  229
 38 Beat Frequent Pick  -14355  -901 -924 -948 -893 -591 -622 -882 -753 -587 -594 -561 -594 -594 -558 -592 -598 -594 -366 -441 -516 -438 -462 -999 -128 -347  -30   12  -23   68 -259    6  185  -25 -140 -441  -14  390    0 -600    0  999 1000
 39 Beat The Last Move  -19960  -990 -991 -990 -989 -990 -994 -806 -991 -985 -999 -783 -991 -989 -893 -987 -497 -993 -890   -8 -982  -10    4 -997    1 -961  -22   -3  -15   20 -202  -11   74 -344 -990 -982 -513  131  600    0    1 1000  997
 40 Rotate R-P-S        -25085  -982 -992 -989 -998 -996 -993 -994 -990 -986 -987 -992 -995 -997 -936 -992 -998 -996 -941 -992 -935 -457 -992 -997  -21 -983   11  -18   23   25  -24  -47   11   14 -317 -998   41  -18    0   -1    0    0 -656
 41 Good Ole Rock       -26252  -999 -996 -999 -996 -998 -1000 -998 -997 -993 -998 -997 -1000 -1000 -982 -1000 -999 -997 -976 -995 -995 -1000 -994 -999    0 -979   11   34    7   16    0    7  185  -25 -966 -998    2  362 -999 -1000    0    0  999
 42 * Anti-Flat         -27913  -985 -991 -996 -997 -997 -995 -995 -994 -1000 -994 -1000 -993 -994 -971 -991 -991 -992 -970 -990 -996 -999 -990 -998  105 -986   12   -1   -9    5  421  -16 -113   37 -975 -1000   -5 -229 -1000 -997  656 -999    0

 Match results (draw <= 50): 

    Player Name           total  W  L  D   1  2  3  4  5  6  7  8  9 10 11 12 13 14 15 16 17 18 19 20 21 22 23 24 25 26 27 28 29 30 31 32 33 34 35 36 37 38 39 40 41 42
  1 Iocaine Powder          67  27  1 13   1  1  2  1  1  2  0  1  1  1  1  1  2  1  1  2  2  2  1  2  1  2  2  2  1  2  2  2  2  2  2  2  2  2  2  2  2  2  2  2  2  2
  2 Phasenbott              67  26  0 15   1  1  1  1  1  2  2  1  1  2  1  2  2  1  1  1  2  2  1  2  1  2  1  2  1  2  2  2  2  2  2  2  2  2  2  2  2  2  2  1  2  2
  3 MegaHAL                 65  25  1 15   0  1  1  1  1  2  1  1  1  1  1  1  2  1  2  1  2  2  1  2  2  2  1  2  1  2  2  2  2  1  2  2  2  2  2  2  2  2  2  2  2  2
  4 Simple Modeller         64  24  1 16   1  1  1  1  1  1  1  1  1  1  2  1  2  1  2  1  2  2  0  1  1  2  2  2  1  2  1  2  2  2  2  2  2  2  2  2  2  2  2  2  2  2
  5 Biopic                  63  22  0 19   1  1  1  1  1  1  1  1  1  2  1  1  2  1  1  1  2  2  1  1  2  2  1  2  1  2  2  1  2  1  2  2  2  2  2  2  2  2  2  2  2  2
  6 RussRocker4             61  25  5 11   0  0  0  1  1  1  1  1  1  0  1  2  2  1  2  1  2  2  0  1  1  2  2  2  1  2  2  2  2  2  2  2  2  2  2  2  2  2  2  2  2  2
  7 Robertot                59  19  1 21   2  0  1  1  1  1  1  1  1  1  1  1  1  1  1  1  2  1  1  1  1  2  2  1  1  2  1  1  2  2  2  2  2  2  2  2  2  2  2  2  2  2
  8 Shofar                  58  17  0 24   1  1  1  1  1  1  1  1  1  1  1  1  1  1  1  1  1  1  1  1  1  2  1  2  1  1  2  2  2  2  2  1  2  2  2  2  2  2  2  2  2  2
  9 Boom                    57  16  0 25   1  1  1  1  1  1  1  1  1  1  1  1  1  1  1  1  2  1  1  2  1  1  1  2  1  2  1  1  2  1  2  2  1  2  2  2  2  2  2  2  2  2
 10 ACT-R Lag2              57  19  3 19   1  0  1  1  0  2  1  1  1  1  1  1  1  1  1  1  2  2  0  1  1  2  1  2  1  2  1  1  2  1  2  2  2  2  2  2  2  2  2  2  2  2
 11 Bugbrain                57  17  1 23   1  1  1  0  1  1  1  1  1  1  1  1  1  1  1  1  2  2  1  1  2  2  1  1  1  2  1  2  2  2  2  2  1  2  1  1  2  2  2  2  2  2
 12 Yomi AI                 55  16  2 23   1  0  1  1  1  0  1  1  1  1  1  1  2  1  1  1  2  2  1  2  1  2  1  2  1  1  2  1  2  1  2  1  2  1  1  1  2  2  2  2  2  2
 13 Simple Predictor        54  21  8 12   0  0  0  0  0  0  1  1  1  1  1  0  1  1  1  1  1  1  0  2  2  2  2  2  1  2  1  2  2  2  2  2  2  2  2  2  2  2  2  2  2  2
 14 Majikthise              53  12  0 29   1  1  1  1  1  1  1  1  1  1  1  1  1  1  1  1  1  1  1  2  1  1  2  1  1  1  1  1  2  1  2  1  2  1  2  1  2  2  2  2  2  2
 15 Piedra                  51  14  4 23   1  1  0  0  1  0  1  1  1  1  1  1  1  1  1  1  1  1  1  1  1  1  1  0  1  2  1  1  2  1  2  2  2  2  2  2  2  2  2  2  2  2
 16 Vroomfondel             50  11  2 28   0  1  1  1  1  1  1  1  1  1  1  1  1  1  1  1  1  1  1  1  0  1  2  1  1  1  1  1  2  1  2  1  1  1  2  2  2  2  2  2  2  2
 17 Marble                  50  20 11 10   0  0  0  0  0  0  0  1  0  0  0  0  1  1  1  1  1  1  1  1  2  2  2  2  1  2  2  1  2  2  2  2  2  2  2  2  2  2  2  2  2  2
 18 Granite                 49  18 10 13   0  0  0  0  0  0  1  1  1  0  0  0  1  1  1  1  1  1  0  2  2  1  1  2  1  2  2  1  2  1  2  2  2  2  2  2  2  2  2  2  2  2
 19 * De Bruijn             48   8  1 32   1  1  1  2  1  2  1  1  1  2  1  1  2  1  1  1  1  2  1  1  2  1  2  1  1  1  1  1  1  1  1  1  1  1  1  1  1  2  1  1  1  0
 20 Sweet Rocky             48  16  9 16   0  0  0  1  1  1  1  1  0  1  1  0  0  0  1  1  1  0  1  1  2  0  1  2  1  2  1  1  2  1  2  2  2  2  2  2  2  2  2  2  2  2
 21 * Anti-rotn             47  15  9 17   1  1  0  1  0  1  1  1  1  1  0  1  0  1  1  2  0  0  0  0  1  1  1  2  0  2  1  1  2  1  1  2  2  2  2  2  2  2  2  2  2  2
 22 ZQ Bot                  44  16 13 12   0  0  0  0  0  0  0  0  1  0  0  0  0  1  1  1  0  1  1  2  1  1  1  2  1  2  1  1  2  1  2  2  2  2  2  2  2  2  2  2  2  2
 23 Mixed Strategy          44  13 10 18   0  1  1  0  1  0  0  1  1  1  1  1  0  0  1  0  0  1  0  1  1  1  1  1  1  2  0  2  1  1  2  2  1  2  2  2  2  2  2  2  2  2
 24 Inocencio               42  17 16  8   0  0  0  0  0  0  1  0  0  0  1  0  0  1  2  1  0  0  1  0  0  0  1  1  1  2  2  1  2  2  2  2  2  2  2  2  2  2  2  2  2  2
 25 * Pi                    41   1  1 39   1  1  1  1  1  1  1  1  1  1  1  1  1  1  1  1  1  1  1  1  2  1  1  1  1  1  1  1  1  1  1  1  1  1  1  0  1  1  1  1  1  1
 26 Peterbot                32  10 19 12   0  0  0  0  0  0  0  1  0  0  0  1  0  1  0  1  0  0  1  0  0  0  0  0  1  1  1  1  2  1  1  1  2  2  2  1  2  2  2  2  2  2
 27 * Foxtrot               31   1 11 29   0  0  0  1  0  0  1  0  1  1  1  0  1  1  1  1  0  0  1  1  1  1  2  0  1  1  1  1  1  1  1  1  1  1  1  1  1  0  1  1  1  1
 28 * Add-drift             31   0 10 31   0  0  0  0  1  0  1  0  1  1  0  1  0  1  1  1  1  1  1  1  1  1  0  1  1  1  1  1  1  1  1  0  1  1  1  1  1  1  1  1  1  1
 29 Multi-strategy          29  11 23  7   0  0  0  0  0  0  0  0  0  0  0  0  0  0  0  0  0  0  1  0  0  0  1  0  1  0  1  1  1  2  1  1  2  2  2  2  2  2  2  2  2  2
 30 * Copy-drift            28   0 13 28   0  0  1  0  1  0  0  0  1  1  0  1  0  1  1  1  0  1  1  1  1  1  1  0  1  1  1  1  0  1  0  1  1  1  1  1  1  1  1  0  1  1
 31 Knucklehead             26   7 22 12   0  0  0  0  0  0  0  0  0  0  0  0  0  0  0  0  0  0  1  0  1  0  0  0  1  1  1  1  1  2  1  1  1  2  1  1  1  2  2  2  2  2
 32 * Add-react             23   1 19 21   0  0  0  0  0  0  0  1  0  0  0  1  0  1  0  1  0  0  1  0  0  0  0  0  1  1  1  2  1  1  1  1  1  1  1  1  1  1  1  1  1  1
 33 * Flat                  21   2 22 17   0  0  0  0  0  0  0  0  1  0  1  0  0  0  0  1  0  0  1  0  0  0  1  0  1  0  1  1  0  1  1  1  1  2  1  1  1  2  1  1  1  0
 34 Beat The Last Move      20   5 26 10   0  0  0  0  0  0  0  0  0  0  0  1  0  1  0  1  0  0  1  0  0  0  0  0  1  0  1  1  0  1  0  1  0  1  0  2  0  2  2  2  1  2
 35 * Switch A Lot          19   1 23 17   0  0  0  0  0  0  0  0  0  0  1  1  0  0  0  0  0  0  1  0  0  0  0  0  1  0  1  1  0  1  1  1  1  2  1  1  1  1  1  1  1  1
 36 * Text                  19   2 24 15   0  0  0  0  0  0  0  0  0  0  1  1  0  1  0  0  0  0  1  0  0  0  0  0  2  1  1  1  0  1  1  1  1  0  1  1  1  0  0  1  1  2
 37 Always Switchin'        17   1 25 15   0  0  0  0  0  0  0  0  0  0  0  0  0  0  0  0  0  0  1  0  0  0  0  0  1  0  1  1  0  1  1  1  1  2  1  1  1  1  1  1  1  1
 38 Beat Frequent Pick      17   5 29  7   0  0  0  0  0  0  0  0  0  0  0  0  0  0  0  0  0  0  0  0  0  0  0  0  1  0  2  1  0  1  0  1  0  0  1  2  1  1  2  2  1  2
 39 Good Ole Rock           16   3 28 10   0  0  0  0  0  0  0  0  0  0  0  0  0  0  0  0  0  0  1  0  0  0  0  0  1  0  1  1  0  1  0  1  1  0  1  2  1  0  1  2  1  2
 40 R-P-S 20-20-60          15   2 28 11   0  1  0  0  0  0  0  0  0  0  0  0  0  0  0  0  0  0  1  0  0  0  0  0  1  0  1  1  0  2  0  1  1  0  1  1  1  0  0  1  1  2
 41 Rotate R-P-S            14   0 27 14   0  0  0  0  0  0  0  0  0  0  0  0  0  0  0  0  0  0  1  0  0  0  0  0  1  0  1  1  0  1  0  1  1  1  1  1  1  1  1  1  1  0
 42 * Anti-Flat             13   3 31  7   0  0  0  0  0  0  0  0  0  0  0  0  0  0  0  0  0  0  2  0  0  0  0  0  1  0  1  1  0  1  0  1  2  0  1  0  1  0  0  0  2  1


   Yomi AI is match ranked 12

 Tournament results:
    Player Name          total 
  1 Yomi AI               4708 
 15 * Anti-rotn           5986 
 19 Iocaine Powder       11093 
 20 Phasenbott           10032 
 21 MegaHAL               9374 
 22 RussRocker4           7638 
 23 Biopic                8742 
 24 Simple Modeller       8203 
 25 Simple Predictor      7238 
 26 Robertot              7476 
 27 Boom                  7301 
 28 Shofar                6507 
 29 ACT-R Lag2            6654 
 31 Vroomfondel           4791 
 32 Granite               6609 
 33 Marble                6641 
 34 ZQ Bot                5873 
 35 Sweet Rocky           7115 
 36 Piedra                6404 
 37 Mixed Strategy        4709 
 41 Bugbrain              5866 

   Yomi is tournament ranked 21

