 Playing 1 tournaments with 1000 trials per match...

 Yomi AI            vs Good Ole Rock       Match: 1000 (1000+   0-   0=)
 Yomi AI            vs R-P-S 20-20-60      Match:  305 (541+ 236- 223=)
 Yomi AI            vs Rotate R-P-S        Match:  975 (978+   3-  19=)
 Yomi AI            vs Beat The Last Move  Match:   37 (355+ 318- 327=)
 Yomi AI            vs Always Switchin'    Match:  256 (446+ 190- 364=)
 Yomi AI            vs Beat Frequent Pick  Match:  434 (626+ 192- 182=)
 Yomi AI            vs * Pi                Match:    8 (344+ 336- 320=)
 Yomi AI            vs * Switch A Lot      Match:  104 (405+ 301- 294=)
 Yomi AI            vs * Flat              Match:  191 (461+ 270- 269=)
 Yomi AI            vs * Anti-Flat         Match:  975 (981+   6-  13=)
 Yomi AI            vs * Foxtrot           Match:  337 (544+ 207- 249=)
 Yomi AI            vs * De Bruijn         Match:    0 (328+ 328- 344=)
 Yomi AI            vs * Text              Match:   82 (390+ 308- 302=)
 Yomi AI            vs * Anti-rotn         Match:   53 (350+ 297- 353=)
 Yomi AI            vs * Copy-drift        Match:  -35 (323+ 358- 319=)
 Yomi AI            vs * Add-react         Match:   17 (351+ 334- 315=)
 Yomi AI            vs * Add-drift         Match:  -20 (329+ 349- 322=)
 Yomi AI            vs Iocaine Powder      Match:  -28 (324+ 352- 324=)
 Yomi AI            vs Phasenbott          Match:  -37 (326+ 363- 311=)
 Yomi AI            vs MegaHAL             Match:    4 (341+ 337- 322=)
 Yomi AI            vs RussRocker4         Match:   52 (357+ 305- 338=)
 Yomi AI            vs Biopic              Match:   -8 (345+ 353- 302=)
 Yomi AI            vs Simple Modeller     Match:    6 (341+ 335- 324=)
 Yomi AI            vs Simple Predictor    Match:   -2 (349+ 351- 300=)
 Yomi AI            vs Robertot            Match:   34 (369+ 335- 296=)
 Yomi AI            vs Boom                Match:   37 (351+ 314- 335=)
 Yomi AI            vs Shofar              Match:    9 (340+ 331- 329=)
 Yomi AI            vs ACT-R Lag2          Match:  -36 (330+ 366- 304=)
 Yomi AI            vs Majikthise          Match:  -10 (328+ 338- 334=)
 Yomi AI            vs Vroomfondel         Match:   12 (352+ 340- 308=)
 Yomi AI            vs Granite             Match:   93 (413+ 320- 267=)
 Yomi AI            vs Marble              Match:   21 (349+ 328- 323=)
 Yomi AI            vs ZQ Bot              Match:   60 (389+ 329- 282=)
 Yomi AI            vs Sweet Rocky         Match:    4 (347+ 343- 310=)
 Yomi AI            vs Piedra              Match:   25 (369+ 344- 287=)
 Yomi AI            vs Mixed Strategy      Match:   34 (366+ 332- 302=)
 Yomi AI            vs Multi-strategy      Match:  266 (500+ 234- 266=)
 Yomi AI            vs Inocencio           Match:   65 (404+ 339- 257=)
 Yomi AI            vs Peterbot            Match:    1 (348+ 347- 305=)
 Yomi AI            vs Bugbrain            Match:  -55 (315+ 370- 315=)
 Yomi AI            vs Knucklehead         Match:  464 (634+ 170- 196=)
 Final results (draw value = 50):

 Tournament results: 

    Player Name          total     1    2    3    4    5    6    7    8    9   10   11   12   13   14   15   16   17   18   19   20   21   22   23   24   25   26   27   28   29   30   31   32   33   34   35   36   37   38   39   40   41   42
  1 Iocaine Powder       11632     0   53   64   36   24  165   49   25  515   -8  299  -14   37  231   26   28   39  356   42   19   12    1  370   49    0  906  139  157  356  261  109  215  523  102  893  271  384  931  983 1000  992  992
  2 Phasenbott            9827   -53    0   -4   25   30  156   75   32  528   31  248   51   -6  211   37   37   40  289   43   58   70  -30  183   32  -28  222   82   93  314  316   86  122  359   39  880  243  106  946  984  992  994  994
  3 Simple Modeller       9711   -64    4    0   -3   33  243   30    8   -1   -1  114   51   21   84   20   -6   49  298   46  -54   38   18  211  -68  -12  762  338  274   13   87  123  126  339  223  904  475  420  591  990  992 1000  995
  4 MegaHAL               9595   -36  -25    3    0    9   71   29   24   98  -22  242   31   12  206   -7   -4   43  252   50   -7    7   38  152  -37  -27  198  -22  200  116  261  189  166  429  226  936  469  397  952  990  992  998  996
  5 Biopic                8877   -24  -30  -33   -9    0   34   47  -20  -28  -23   95   36   -2   88    4    8    9   52   45   -8   38   11  295   15   18  105   55   54  411   68  142  154  492  198 1000  377  385  829  996  993 1000 1000
  6 Simple Predictor      7917  -165 -156 -243  -71  -34    0   -6   11  -73  -57   41   27  -57   12   16    2   93  163   57  -60   41  -51  191  -62   19  742  257  227   34  106  154   70  282  181  796  458  418  587  986  989  996  996
  7 Robertot              7752   -49  -75  -30  -29  -47    6    0    2  -22   16   67    8   -8   26   31  -34   38   71   45  -32   39   37  175   12   16   51   80   93   24   28  174   76  434   87  816  477  387  830  940  996 1000  996
  8 Boom                  7550   -25  -32   -8  -24   20  -11   -2    0  -33  -25   50   53  -52   66  -22  -37   41   48   42  -28   96  -40  238   61   45   23   53   75  -30   84  115   59  409  238  540  474  378  753  974  989  995 1000
  9 RussRocker4           7080  -515 -528    1  -98   28   73   22   33    0  -15  122   15  -12  152   -6  -52   33  172   58  -33   32  -40  164  -66  -35  150   64  107  138  349   37   56  443  148  932  262  314  589  994  994  998 1000
 10 Shofar                6663     8  -31    1   22   23   57  -16   25   15    0   35   61  -19   39   35   -9   52   56   55   15   39  -38   62  -16  -42  455   80  -13   -2   47   81   16  173  237   24  453  321  556  908  930  981  987
 11 Marble                6594  -299 -248 -114 -242  -95  -41  -67  -50 -122  -35    0   42 -167  -10  -86  -21   23   34   77  -42   47  -29  284  -88   16  641   53   32   32   78  176  202  253  237  915  239  399  591  990  995  998  996
 12 Sweet Rocky           6587    14  -51  -51  -31  -36  -27   -8  -53  -15  -61  -42    0  -58  -12  -28   -4   42  -35   63  -54  -33  -15  139  -46  -16    8   33   96  -22  223  159  141  188  145  921  190  354  591  992  996  997  993
 13 ACT-R Lag2            6539   -37    6  -21  -12    2   57    8   52   12   19  167   58    0  113   29   36   43   70    5    9   13   11  205  -79  -20   92   -1   -7  -19   75   82   96  503  194  212  228  318  573  472  993  993  989
 14 Granite               6328  -231 -211  -84 -206  -88  -12  -26  -66 -152  -39   10   12 -113    0 -113  -93   18   36   66   -6   -9  -33  205  -53  -23  644   40   32   12   70  177  143  358  109  778  194  404  591  996  992  999 1000
 15 Bugbrain              6098   -26  -37  -20    7   -4  -16  -31   22    6  -35   86   28  -29  113    0   55   33  160   43   -4   -5  -21  173  -12   36   53   69  111  -19   85   77   58  203   75  264  185  150  394  951  953  983  984
 16 Yomi AI               5730   -28  -37    6    4   -8   -2   34   37   52    9   21    4  -36   93  -55    0   25   60   53  -10   34   12  266    0    8   65  -35  -20  337   17   82  191  464  104    1  256  305  434   37  975 1000  975
 17 Piedra                5656   -39  -40  -49  -43   -9  -93  -38  -41  -33  -52  -23  -42  -43  -18  -33  -25    0  -45   50   -9   16  -37   61  -37  -15  -12   40   64   -6  158  177  138  167  150  261  200  400  592  987  989  997  991
 18 ZQ Bot                5466  -356 -289 -298 -252  -52 -163  -71  -48 -172  -56  -34   35  -70  -36 -160  -60   45    0   45   -3   17  -20  199  -71   29  -38   17   65   12  320  153  124  369  197  884  262  372  595  992  993  996  994
 19 * Anti-rotn           5038   -42  -43  -46  -50  -45  -57  -45  -42  -58  -55  -77  -63   -5  -66  -43  -53  -50  -45    0  -45  -36    9  207  -71  -37  474   11  -12   -9    1   57  249   95  337   47  493  181  499  491  998  998  986
 20 Majikthise            4935   -19  -58   54    7    8   60   32   28   33  -15   42   54   -9    6    4   10    9    3   45    0  -18  -28  170   65   16   46  -33  -32  -10   25   71  124  227  123    2  316  175  438  -20  994  994  996
 21 Mixed Strategy        4918   -12  -70  -38   -7  -38  -41  -39  -96  -32  -39  -47   33  -13    9    5  -34  -16  -17   36   18    0  -48   13  -53   -3   15  -13  -37  -51   81  174   16  255   89    2  145  366  479  981  957  996  992
 22 Vroomfondel           4772    -1   30  -18  -38  -11   51  -37   40   40   38   29   15  -11   33   21  -12   37   20   -9   28   48    0  221  -11   31   64    5    7   43  -23   -7  109  201  110    5  228  120  436  -37  995  996  986
 23 Multi-strategy        2857  -370 -183 -211 -152 -295 -191 -175 -238 -164  -62 -284 -139 -205 -205 -173 -266  -61 -199 -207 -170  -13 -221    0  -50  -20  -85  244  -53  -44   34  123  186   36  292  500  462  426  999  997  997  999  998
 24 * De Bruijn            590   -49  -32   68   37  -15   62  -12  -61   66   16   88   46   79   53   12    0   37   71   71  -65   53   11   50    0   -1   30  -40  -20  -20  -21   23   47  -23    0    6    5  -23  128   -1   21    0 -107
 25 * Pi                     0     0   28   12   27  -18  -19  -16  -45   35   42  -16   16   20   23  -36   -8   15  -29   37  -16    3  -31   20    1    0    3    4   40   -2  -12  -81    0   -3   29   22  -54   -9   30   22  -11  -11  -12
 26 Inocencio            -1084  -906 -222 -762 -198 -105 -742  -51  -23 -150 -455 -641   -8  -92 -644  -53  -65   12   38 -474  -46  -15  -64   85  -30   -3    0  111   -5  252   69  155   76  174  138  105  293  388  359 -530  983  976  986
 27 * Copy-drift         -1660  -139  -82 -338   22  -55 -257  -80  -53  -64  -80  -53  -33    1  -40  -69   35  -40  -17  -11   33   13   -5 -244   40   -4 -111    0   54  -13   -2   27    8  -93   67  -48    8   20  -18  -10  -52   -8   31
 28 * Add-drift          -1667  -157  -93 -274 -200  -54 -227  -93  -75 -107   13  -32  -96    7  -32 -111   20  -64  -65   12   32   37   -7   53   20  -40    5  -54    0  -24   -2  -30  -24    7   25  -59    1  -21   10   17   -6   10   11
 29 * Foxtrot            -1707  -356 -314  -13 -116 -411  -34  -24   30 -138    2  -32   22   19  -12   19 -337    6  -12    9   10   51  -43   44   20    2 -252   13   24    0  -30  -15   21   64   -6  -19   46   33   22    5  -12   -4   11
 30 * Add-react          -2789  -261 -316  -87 -261  -68 -106  -28  -84 -349  -47  -78 -223  -75  -70  -85  -17 -158 -320   -1  -25  -81   23  -34   21   12  -69    2    2   30    0  -42   24  -49   14  -77   21   75  -26    3   32  -12    1
 31 * Text               -2977  -109  -86 -123 -189 -142 -154 -174 -115  -37  -81 -176 -159  -82 -177  -77  -82 -177 -153  -57  -71 -174    7 -123  -23   81 -155  -27   30   15   42    0   32   24   -6   25    4   34 -185  -74  -11 -185  113
 32 * Flat               -3147  -215 -122 -126 -166 -154  -70  -76  -59  -56  -16 -202 -141  -96 -143  -58 -191 -138 -124 -249 -124  -16 -109 -186  -47    0  -76   -8   24  -21  -24  -32    0    4   13 -204   -1    6  247  209    2    1 -403
 33 Knucklehead          -3910  -523 -359 -339 -429 -492 -282 -434 -409 -443 -173 -253 -188 -503 -358 -203 -464 -167 -369  -95 -227 -255 -201  -36   23    3 -174   93   -7  -64   49  -24   -4    0   22    7    5  105  144  687  483  994  950
 34 * Switch A Lot       -4027  -102  -39 -223 -226 -198 -181  -87 -238 -148 -237 -237 -145 -194 -109  -75 -104 -150 -197 -337 -123  -89 -110 -292    0  -29 -138  -67  -25    6  -14    6  -13  -22    0 -106  -37   10   16  295   -8   -7  -53
 35 Peterbot             -7118  -893 -880 -904 -936 -1000 -796 -816 -540 -932  -24 -915 -921 -212 -778 -264   -1 -261 -884  -47   -2   -2   -5 -500   -6  -22 -105   48   59   19   77  -25  204   -7  106    0  256  403  433  963  999 1000  993
 36 Always Switchin'     -7301  -271 -243 -475 -469 -377 -458 -477 -474 -262 -453 -239 -190 -228 -194 -185 -256 -200 -262 -493 -316 -145 -228 -462   -5   54 -293   -8   -1  -46  -21   -4    1   -5   37 -256    0   49   65  490    3   17  -21
 37 R-P-S 20-20-60       -9451  -384 -106 -420 -397 -385 -418 -387 -378 -314 -321 -399 -354 -318 -404 -150 -305 -400 -372 -181 -175 -366 -120 -426   23    9 -388  -20   21  -33  -75  -34   -6 -105  -10 -403  -49    0 -443 -178   -5 -337   62
 38 Beat Frequent Pick  -14162  -931 -946 -591 -952 -829 -587 -830 -753 -589 -556 -591 -591 -573 -591 -394 -434 -592 -595 -499 -438 -479 -436 -999 -128  -30 -359   18  -10  -22   26  185 -247 -144  -16 -433  -65  443    0 -600    0  999  997
 39 Beat The Last Move  -17871  -983 -984 -990 -990 -996 -986 -940 -974 -994 -908 -990 -992 -472 -996 -951  -37 -987 -992 -491   20 -981   37 -997    1  -22  530   10  -17   -5   -3   74 -209 -687 -295 -963 -490  178  600    0    1 1000 1000
 40 Rotate R-P-S        -25766  -1000 -992 -992 -992 -993 -989 -996 -989 -994 -930 -995 -996 -993 -992 -953 -975 -989 -993 -998 -994 -957 -995 -997  -21   11 -983   52    6   12  -32   11   -2 -483    8 -999   -3    5    0   -1    0    0 -653
 41 Good Ole Rock       -26334  -992 -994 -1000 -998 -1000 -996 -1000 -995 -998 -981 -998 -997 -993 -999 -983 -1000 -997 -996 -998 -994 -996 -996 -999    0   11 -976    8  -10    4   12  185   -1 -994    7 -1000  -17  337 -999 -1000    0    0  999
 42 * Anti-Flat         -27741  -992 -994 -995 -996 -1000 -996 -996 -1000 -1000 -987 -996 -993 -989 -1000 -984 -975 -991 -994 -986 -996 -992 -986 -998  107   12 -986  -31  -11  -11   -1 -113  403 -950   53 -993   21  -62 -997 -1000  653 -999    0

 Match results (draw <= 50): 

    Player Name           total  W  L  D   1  2  3  4  5  6  7  8  9 10 11 12 13 14 15 16 17 18 19 20 21 22 23 24 25 26 27 28 29 30 31 32 33 34 35 36 37 38 39 40 41 42
  1 Iocaine Powder          66  25  0 16   1  2  1  1  1  1  2  1  1  2  1  1  1  1  1  2  1  1  2  1  1  2  2  1  2  2  2  2  2  2  2  2  2  2  2  2  2  2  2  2  2  2
  2 Phasenbott              66  26  1 14   0  1  1  1  1  1  1  1  1  2  2  1  2  1  1  2  2  1  2  2  1  2  2  1  2  2  2  2  2  2  2  2  2  2  2  2  2  1  2  2  2  2
  3 MegaHAL                 63  22  0 19   1  1  1  1  1  1  1  1  1  2  1  1  1  1  1  2  1  1  2  1  1  2  2  1  2  2  2  2  1  2  2  2  2  2  2  2  2  2  2  2  2  2
  4 Biopic                  62  21  0 20   1  1  1  1  1  1  1  1  1  1  1  1  1  1  1  1  1  1  2  1  1  2  2  1  2  2  2  2  2  2  2  2  2  2  2  2  2  2  2  2  2  2
  5 Bugbrain                62  21  0 20   1  1  1  1  1  1  1  1  1  1  1  2  1  1  1  1  1  1  2  1  1  2  2  1  2  1  2  2  2  2  2  2  2  2  2  2  2  2  2  2  2  2
  6 ACT-R Lag2              61  21  1 19   1  1  1  1  1  1  1  2  1  1  1  1  1  1  1  2  2  0  2  1  1  2  2  1  2  1  2  2  1  1  2  2  2  2  2  2  2  2  2  2  2  2
  7 Simple Modeller         60  22  3 16   0  1  1  1  1  1  1  1  1  1  1  1  0  1  1  2  2  0  2  1  1  2  2  1  2  1  2  2  2  2  2  2  2  2  2  2  2  2  2  2  2  2
  8 Boom                    60  20  1 20   1  1  1  1  1  0  1  1  1  1  1  1  1  1  1  1  2  2  1  2  1  2  1  1  1  1  2  2  2  2  2  2  2  2  2  2  2  2  2  2  2  2
  9 Shofar                  59  18  0 23   1  1  1  1  1  1  1  1  1  1  1  1  1  2  1  2  2  1  1  1  2  1  2  1  2  1  1  2  2  1  1  2  2  2  1  2  2  2  2  2  2  2
 10 RussRocker4             58  22  5 14   0  0  0  1  1  1  1  1  1  1  1  0  1  1  1  2  1  0  2  1  2  2  2  1  2  2  2  2  2  2  2  2  2  2  2  1  2  2  2  2  2  2
 11 Robertot                58  18  1 22   1  0  1  1  1  1  1  1  1  1  1  1  1  1  1  1  1  1  2  1  1  1  2  1  2  1  2  2  2  2  1  2  2  2  2  2  2  2  2  2  2  2
 12 Yomi AI                 57  17  1 23   1  1  1  1  0  1  1  1  1  2  1  1  1  1  1  1  1  1  1  1  2  2  2  1  2  2  1  2  1  1  1  2  1  2  2  2  2  2  2  2  2  2
 13 Majikthise              55  15  1 25   1  0  1  1  1  1  2  1  1  1  1  1  1  1  1  2  2  2  1  1  1  1  1  1  1  1  1  2  1  1  1  2  1  2  2  2  2  2  2  2  2  2
 14 Piedra                  54  15  2 24   1  1  1  1  1  1  1  1  0  1  1  1  1  1  1  0  1  1  1  1  1  1  1  1  1  1  2  2  1  2  2  2  2  2  2  2  2  2  2  2  2  2
 15 Vroomfondel             53  12  0 29   1  1  1  1  1  1  1  1  1  1  1  1  1  1  1  2  1  1  1  1  1  1  1  1  2  1  1  2  1  1  1  2  1  2  2  1  2  2  2  2  2  2
 16 Simple Predictor        51  20 10 11   0  0  0  1  1  0  0  1  0  0  1  1  0  2  0  1  1  0  1  1  2  1  2  1  2  1  2  2  2  2  2  2  2  2  2  2  2  2  2  2  2  2
 17 Sweet Rocky             51  16  6 19   1  0  1  1  1  0  0  0  0  1  1  1  0  1  1  1  1  1  1  1  2  1  1  1  1  1  2  2  1  2  2  2  2  2  2  2  2  2  2  2  2  2
 18 * De Bruijn             48  10  3 28   1  1  1  1  1  2  2  0  1  2  1  1  0  1  1  2  1  1  2  2  2  2  2  1  1  1  1  1  1  1  1  1  1  1  1  1  1  1  1  2  0  1
 19 Marble                  48  17 10 14   0  0  0  0  0  0  0  1  1  0  0  1  1  1  1  1  1  0  1  1  2  1  1  1  2  1  2  2  2  1  2  2  2  2  2  2  2  2  2  2  2  2
 20 Mixed Strategy          48  11  4 26   1  0  1  1  1  1  1  0  1  1  1  1  1  1  1  1  1  0  1  1  1  1  1  1  1  0  1  1  1  1  2  2  2  2  1  2  2  2  2  2  2  2
 21 * Anti-rotn             46  13  8 20   1  1  1  1  1  1  1  1  0  0  1  0  1  1  1  0  0  0  0  1  1  0  1  1  2  1  1  2  1  1  1  2  2  2  2  2  2  2  2  2  2  2
 22 Granite                 46  16 11 14   0  0  0  0  0  0  0  0  1  0  1  0  1  1  1  1  1  0  1  1  2  1  1  1  2  1  2  2  1  1  2  2  2  2  2  2  2  2  2  2  2  2
 23 ZQ Bot                  43  15 13 13   0  0  0  0  0  0  0  1  0  0  0  0  1  1  1  0  1  0  1  1  1  1  1  1  1  1  2  2  1  2  2  2  2  2  2  2  2  2  2  2  2  2
 24 * Pi                    39   0  2 39   1  1  1  1  1  1  1  1  1  1  1  1  1  1  1  1  1  1  1  1  1  1  1  1  1  1  1  1  1  1  1  1  1  0  1  0  1  1  1  1  1  1
 25 Inocencio               39  15 17  9   0  0  0  0  0  0  0  1  0  0  0  0  1  1  0  0  1  1  0  1  0  0  1  1  1  2  2  2  2  1  2  2  0  2  2  2  2  2  2  2  2  2
 26 * Foxtrot               36   2  7 32   0  0  0  0  1  1  1  1  1  0  1  0  1  1  1  1  1  1  1  2  1  1  1  1  0  1  1  1  1  1  1  2  1  1  1  1  1  1  1  1  1  1
 27 Peterbot                34  11 18 12   0  0  0  0  0  0  0  0  1  0  0  1  1  0  1  0  0  1  0  1  1  0  0  1  0  1  1  0  1  2  2  1  2  2  2  1  2  2  2  2  2  2
 28 Multi-strategy          30  12 23  6   0  0  0  0  0  0  0  0  0  0  0  0  0  0  0  0  0  1  0  1  0  0  0  1  0  1  2  1  2  0  1  1  2  2  2  2  2  2  2  2  2  2
 29 * Copy-drift            28   2 15 24   0  0  1  0  0  1  0  0  0  0  0  1  1  1  1  0  1  1  0  1  1  1  1  1  0  1  1  0  1  2  1  0  1  1  1  1  1  2  0  1  1  1
 30 * Add-drift             27   1 15 25   0  0  0  0  0  1  0  0  1  0  0  1  1  0  1  0  0  1  1  1  1  1  0  1  1  1  0  2  0  1  1  1  1  1  1  1  1  1  1  1  1  1
 31 * Add-react             24   1 18 22   0  0  0  0  0  0  0  0  1  0  1  1  1  0  1  0  0  1  0  0  1  0  0  1  0  1  0  1  1  1  1  1  1  1  1  1  1  1  1  1  1  2
 32 Knucklehead             24   7 24 10   0  0  0  0  0  0  0  0  0  0  0  0  0  0  0  0  0  1  0  0  0  0  0  1  0  0  1  1  2  1  1  1  2  1  1  1  2  1  2  2  2  2
 33 Beat The Last Move      22   6 25 10   0  0  0  0  0  0  0  0  0  0  0  1  1  0  1  0  0  1  0  0  0  0  0  1  2  1  0  0  1  1  1  0  1  0  0  2  2  0  1  2  2  2
 34 Always Switchin'        19   3 25 13   0  0  0  0  0  0  0  0  0  0  0  0  0  0  0  0  0  1  0  0  0  0  0  2  0  1  0  0  1  1  1  1  2  1  1  1  1  1  1  2  1  1
 35 * Flat                  19   2 24 15   0  0  0  0  0  0  0  0  1  0  0  0  0  0  0  0  0  1  0  1  0  0  0  1  0  1  0  0  1  1  1  1  2  1  1  1  1  1  1  2  0  1
 36 * Text                  18   2 25 14   0  0  0  0  0  0  0  0  0  1  0  0  0  0  1  0  0  1  0  0  0  0  0  2  0  1  1  0  1  1  1  1  0  1  1  1  0  1  1  0  2  1
 37 Good Ole Rock           16   3 28 10   0  0  0  0  0  0  0  0  0  0  0  0  0  0  0  0  0  1  0  0  0  0  0  1  0  1  0  0  1  1  1  0  0  1  1  2  1  1  1  0  2  2
 38 * Switch A Lot          16   1 26 14   0  1  0  0  0  0  0  0  0  0  0  0  0  0  0  0  0  1  0  0  0  0  0  1  0  1  0  0  0  1  1  1  2  1  1  1  1  1  1  1  0  1
 39 Rotate R-P-S            15   1 27 13   0  0  0  0  0  0  0  0  0  0  0  0  0  0  0  0  0  1  0  0  0  0  0  1  0  1  0  0  2  1  1  0  1  1  1  1  1  1  1  1  0  1
 40 Beat Frequent Pick      15   4 30  7   0  0  0  0  0  0  0  0  0  0  0  0  0  0  0  0  0  0  0  0  0  0  0  1  0  1  0  0  1  1  1  0  0  0  0  2  2  1  1  1  2  2
 41 * Anti-Flat             14   4 31  6   0  0  0  0  0  0  0  0  0  0  0  0  0  0  0  0  0  2  0  0  0  0  0  1  0  1  0  0  1  1  1  0  0  1  2  0  0  2  2  0  1  0
 42 R-P-S 20-20-60          12   1 30 10   0  0  0  0  0  0  0  0  0  0  0  0  0  0  0  0  0  1  0  0  0  0  0  1  0  1  0  0  1  1  0  0  0  1  1  1  0  1  1  0  2  1


   Yomi AI is match ranked 12

 Tournament results:
    Player Name          total 
  1 Yomi AI               5730 
 19 Iocaine Powder       11632 
 20 Phasenbott            9827 
 21 MegaHAL               9595 
 22 RussRocker4           7080 
 23 Biopic                8877 
 24 Simple Modeller       9711 
 25 Simple Predictor      7917 
 26 Robertot              7752 
 27 Boom                  7550 
 28 Shofar                6663 
 29 ACT-R Lag2            6539 
 32 Granite               6328 
 33 Marble                6594 
 35 Sweet Rocky           6587 
 41 Bugbrain              6098 

   Yomi is tournament ranked 16

