 Playing 1 tournaments with 1000 trials per match...

 Yomi AI            vs Good Ole Rock       Match: 1000 (1000+   0-   0=)
 Yomi AI            vs R-P-S 20-20-60      Match:  279 (510+ 231- 259=)
 Yomi AI            vs Rotate R-P-S        Match:  674 (749+  75- 176=)
 Yomi AI            vs Beat The Last Move  Match:   74 (382+ 308- 310=)
 Yomi AI            vs Always Switchin'    Match:  219 (492+ 273- 235=)
 Yomi AI            vs Beat Frequent Pick  Match:  449 (659+ 210- 131=)
 Yomi AI            vs * Pi                Match:  -19 (333+ 352- 315=)
 Yomi AI            vs * Switch A Lot      Match:  119 (409+ 290- 301=)
 Yomi AI            vs * Flat              Match:  140 (426+ 286- 288=)
 Yomi AI            vs * Anti-Flat         Match:  701 (763+  62- 175=)
 Yomi AI            vs * Foxtrot           Match:  265 (495+ 230- 275=)
 Yomi AI            vs * De Bruijn         Match:   14 (351+ 337- 312=)
 Yomi AI            vs * Text              Match:   73 (377+ 304- 319=)
 Yomi AI            vs * Anti-rotn         Match:   25 (351+ 326- 323=)
 Yomi AI            vs * Copy-drift        Match:  -11 (312+ 323- 365=)
 Yomi AI            vs * Add-react         Match:   42 (390+ 348- 262=)
 Yomi AI            vs * Add-drift         Match:  -23 (315+ 338- 347=)
 Yomi AI            vs Iocaine Powder      Match:  -23 (337+ 360- 303=)
 Yomi AI            vs Phasenbott          Match:  -27 (321+ 348- 331=)
 Yomi AI            vs MegaHAL             Match:   -3 (354+ 357- 289=)
 Yomi AI            vs RussRocker4         Match:  -50 (310+ 360- 330=)
 Yomi AI            vs Biopic              Match:   -4 (351+ 355- 294=)
 Yomi AI            vs Simple Modeller     Match:  -37 (315+ 352- 333=)
 Yomi AI            vs Simple Predictor    Match:   30 (366+ 336- 298=)
 Yomi AI            vs Robertot            Match:  -33 (327+ 360- 313=)
 Yomi AI            vs Boom                Match:   -4 (335+ 339- 326=)
 Yomi AI            vs Shofar              Match:  -28 (330+ 358- 312=)
 Yomi AI            vs ACT-R Lag2          Match:   19 (356+ 337- 307=)
 Yomi AI            vs Majikthise          Match:  -38 (309+ 347- 344=)
 Yomi AI            vs Vroomfondel         Match:   10 (335+ 325- 340=)
 Yomi AI            vs Granite             Match:  135 (462+ 327- 211=)
 Yomi AI            vs Marble              Match:   99 (431+ 332- 237=)
 Yomi AI            vs ZQ Bot              Match:   81 (420+ 339- 241=)
 Yomi AI            vs Sweet Rocky         Match:   51 (374+ 323- 303=)
 Yomi AI            vs Piedra              Match:   70 (386+ 316- 298=)
 Yomi AI            vs Mixed Strategy      Match:   62 (381+ 319- 300=)
 Yomi AI            vs Multi-strategy      Match:  266 (519+ 253- 228=)
 Yomi AI            vs Inocencio           Match:   61 (385+ 324- 291=)
 Yomi AI            vs Peterbot            Match:   77 (396+ 319- 285=)
 Yomi AI            vs Bugbrain            Match:   27 (359+ 332- 309=)
 Yomi AI            vs Knucklehead         Match:  394 (571+ 177- 252=)
Error: return value out of range.
Error: return value out of range.
Error: return value out of range.
Error: return value out of range.
Error: return value out of range.
Error: return value out of range.
Error: return value out of range.
 Final results (draw value = 50):

 Tournament results: 

    Player Name          total     1    2    3    4    5    6    7    8    9   10   11   12   13   14   15   16   17   18   19   20   21   22   23   24   25   26   27   28   29   30   31   32   33   34   35   36   37   38   39   40   41   42
  1 Iocaine Powder       11625     0  192   33   20  532   57  173   79    4   69   62  246  265    1   28   49  290   36   23   21   -5   64  403   69   -3  692   96  151  340  202  129  260  562   70  862  203  426  954  990  985  996  999
  2 Phasenbott           10017  -192    0   74  -14  545   30  150   24   25   52  102  236  216   24  -12   41  258   24   27   33   81   53  169   39  -20  213  108   44  367   99   63  328  381   87  881  211  369  932  987  995  997  990
  3 MegaHAL               9773   -33  -74    0   17  140   61   71   32   16   67   26  233  244  -18  -33   73  264   24    3  -18  -48   64  216   -6  -11  229  202   84   84  198  142  249  349  290  897  455  374  934  996  985  999  996
  4 Simple Modeller       8633   -20   14  -17    0  -36   46  265   34   10   28  -17  130   36   33  -38  113  337   18   37   10   -3   96  181   -5   18  301  251  278   -4   63  129  104  259  266  318  428  406  592  991  993  997  991
  5 RussRocker4           8434  -532 -545 -140   36    0   30  106   12   47   24   -6  150  149   -4   13   41  172   27   50   75   -7   89  264  -15  -23  785  157  163  158  177   57  359  478   96  921  228  275  587  994  992  998  996
  6 Biopic                8106   -57  -30  -61  -46  -30    0   41   14   18   40    4   99  150   -9  -11   46  103    2    4  -29  -20   42  220   10  -29  185   40   72  376  141  131   86  513  106  757  289  352  606  994  996  999  992
  7 Simple Predictor      7811  -173 -150  -71 -265 -106  -41    0  -47   13   14  -56   27   43   83  -33   22  123   20  -30  -15    9   44  220  -62   19  635  227  306  -55   50  149  160  269  213  919  419  379  587  985  986  996  998
  8 Robertot              7626   -79  -24  -32  -34  -12  -14   47    0   -7   48    1   80   61  -45  -14   51  110   91   33  -10   -4   57  283    4   -4   67   61   41  -10   82  162   79  404  118  383  460  410  818  985  992  996  991
  9 Boom                  7130    -4  -25  -16  -10  -47  -18  -13    7    0   45  -40   78  -15  -39   12   40   49   88    4  -19  -17   37  230    0  -13   31   37   16   16   27  126  105  510  177  254  435  358  753  991  990  997  993
 10 Sweet Rocky           6685   -69  -52  -67  -28  -24  -40  -14  -48  -45    0  -11  -17  -16  -44  -65   41  -14  -25  -51  -15  -27   40  131  -83  -61  792  113  -51    0   97  162  263  208  123  297  310  421  590  995  987  996  986
 11 ACT-R Lag2            6633   -62 -102  -26   17    6   -4   56   -1   40   11    0  128  101   26   24   31   99   26  -19   16    3   44  245  -94  -29  807   11    3  -75   88   63   27  457  142  198  238  308  579  263  994  997  997
 12 Marble                6612  -246 -236 -233 -130 -150  -99  -27  -80  -78   17 -128    0   11  -42  -17   38   29   50  -99  -20  -47   64  300  -46    4  643    1   16   18  215  180  162  288  129  937  219  392  594  994  997  998  994
 13 Granite               6070  -265 -216 -244  -36 -149 -150  -43  -61   15   16 -101  -11    0  -83  -58   37   38   18 -135    3  -64   58  291  -36  -24   43   78   49   90  135  178   84  314  187  888  262  392  594  987  990  999 1000
 14 Bugbrain              6062    -1  -24   18  -33    4    9  -83   45   39   44  -26   42   83    0   48   31  143   24  -27  -19  -39   51  107  -24    8   72  115   40   43  -41   54   99  186  114  309  263  163  374  936  954  965  996
 15 Shofar                6003   -28   12   33   38  -13   11   33   14  -12   65  -24   17   58  -48    0   42   -3   42   28    4    4   46   64   -4  -42   43  -32   69   19   44   94   47  113   76  100  432  321  547  903  932  981  977
 16 Piedra                5461   -49  -41  -73 -113  -41  -46  -22  -51  -40  -41  -31  -38  -37  -31  -42    0  -60  -34  -70   -8  -69   52  123  -14  -32  -21   28  -24   -7   97  154  228  233  174  192  264  390  590  989  989 1000  993
 17 ZQ Bot                5291  -290 -258 -264 -337 -172 -103 -123 -110  -49   14  -99  -29  -38 -143    3   60    0  -21  -81  -66   15   47  160  -28  -13  -27    2   75   45  143  137  370  320  174  752  267  394  590  995  989  997  993
 18 Mixed Strategy        5163   -36  -24  -24  -18  -27   -2  -20  -91  -88   25  -26  -50  -18  -24  -42   34   21    0  -62  -15  -29   49  -29  -38  -21  229   -6    6  -13   62  151   74   80   28  275  115  341  474  941  985  987  989
 19 Yomi AI               5156   -23  -27   -3  -37  -50   -4   30  -33   -4   51   19   99  135   27  -28   70   81   62    0   10  -38   25  266   14  -19   61  -23  -11  265  140   73   42  394  119   77  219  279  449   74  674 1000  701
 20 Vroomfondel           4654   -21  -33   18  -10  -75   29   15   10   19   15  -16   20   -3   19   -4    8   66   15  -10    0   -8    1  205    6    4   56   -7  -24   14  122    9    5  214  114   37  265  149  426   26  990  995  993
 21 Majikthise            4576     5  -81   48    3    7   20   -9    4   17   27   -3   47   64   39   -4   69  -15   29   38    8    0   14  165   15  -11   65   -8    2  -25    9   46   -5  185  128  -57  249   83  455  -24  991  992  994
 22 * Anti-rotn           4470   -64  -53  -64  -96  -89  -42  -44  -57  -37  -40  -44  -64  -58  -51  -46  -52  -47  -49  -25   -1  -14    0  225  -62  -48  -50   39  -17  -29  212   52   15   35  337   71  512  136  598  495  996  999  991
 23 Multi-strategy        2020  -403 -169 -216 -181 -264 -220 -220 -283 -230 -131 -245 -300 -291 -107  -64 -123 -160   29 -266 -205 -165 -225    0  -50  -20 -132  -22  235   34  139  123    4   32  290  -55  468  423  999  997  997  999  998
 24 * De Bruijn            448   -69  -39    6    5   15  -10   62   -4    0   83   94   46   36   24    4   14   28   38  -14   -6  -15   62   50    0   -1   20   20    6  -25  -20   23   17   -9  -24  -18   17  -10  128   -1   21    0 -106
 25 * Pi                   323     3   20   11  -18   23   29  -19    4   13   61   29   -4   24   -8   42   32   13   21   19   -4   11   48   20    1    0   18  -24   33  -32  -18  -81   14  -11   22   28  -42   24   30   22  -11  -11   -9
 26 Inocencio              223  -692 -213 -229 -301 -785 -185 -635  -67  -31 -792 -807 -643  -43  -72  -43   21   27 -229  -61  -56  -65   50  132  -20  -18    0   15   69  327  136  151  107  176   66   92  206  444  364  883  986  980  978
 27 * Add-drift          -1595   -96 -108 -202 -251 -157  -40 -227  -61  -37 -113  -11   -1  -78 -115   32  -28   -2    6   23    7    8  -39   22  -20   24  -15    0   26   24   19  -37 -122  -55   -6  -46   15   23    2   -6    9  -21   59
 28 * Copy-drift         -1723  -151  -44  -84 -278 -163  -72 -306  -41  -16   51   -3  -16  -49  -40  -69   24  -75   -6   11   24   -2   17 -235   -6  -33  -69  -26    0    9  -15   50   10 -113    4   38   -1   10  -23  -17   -6  -24   12
 29 * Foxtrot            -2047  -340 -367  -84    4 -158 -376   55   10  -16    0   75  -18  -90  -43  -19    7  -45   13 -265  -14   25   29  -34   25   32 -327  -24   -9    0   51   -5    9  -23  -41  -18   -7   -1   -2  -24  -33    2   -1
 30 * Flat               -2815  -202  -99 -198  -63 -177 -141  -50  -82  -27  -97  -88 -215 -135   41  -44  -97 -143  -62 -140 -122   -9 -212 -139   20   18 -136  -19   15  -51    0  -19   24   21   32 -162   52  -20  201  208  -45    0 -453
 31 * Text               -3000  -129  -63 -142 -129  -57 -131 -149 -162 -126 -162  -63 -180 -178  -54  -94 -154 -137 -151  -73   -9  -46  -52 -123  -23   81 -151   37  -50    5   19    0  -25   -6  -31   29   30   -9 -185  -74  -11 -185  113
 32 * Add-react          -3231  -260 -328 -249 -104 -359  -86 -160  -79 -105 -263  -27 -162  -84  -99  -47 -228 -370  -74  -42   -5    5  -15   -4  -17  -14 -107  122  -10   -9  -24   25    0  -77    3  -38    7   -1    1    1   27   -9   34
 33 Knucklehead          -3297  -562 -381 -349 -259 -478 -513 -269 -404 -510 -208 -457 -288 -314 -186 -113 -233 -320  -80 -394 -214 -185  -35  -32    9   11 -176   55  113   23  -21    6   77    0   13  -35   61   79  149  792  407  925  999
 34 * Switch A Lot       -3326   -70  -87 -290 -266  -96 -106 -213 -118 -177 -123 -142 -129 -187 -114  -76 -174 -174  -28 -119 -114 -128 -337 -290   24  -22  -66    6   -4   41  -32   31   -3  -13    0 -113  -15   -6   41  346   -7   29   -5
 35 Peterbot             -4948  -862 -881 -897 -318 -921 -757 -919 -383 -254 -297 -198 -937 -888 -309 -100 -192 -752 -275  -77  -37   57  -71   55   18  -28  -92   46  -38   18  162  -29   38   35  113    0  199  435  432  963  999  999  995
 36 Always Switchin'     -7248  -203 -211 -455 -428 -228 -289 -419 -460 -435 -310 -238 -219 -262 -263 -432 -264 -267 -115 -219 -265 -249 -512 -468  -17   42 -206  -15    1    7  -52  -30   -7  -61   15 -199    0   41   -2  511   -7   -4  -54
 37 R-P-S 20-20-60       -9271  -426 -369 -374 -406 -275 -352 -379 -410 -358 -421 -308 -392 -392 -163 -321 -390 -394 -341 -279 -149  -83 -136 -423   10  -24 -444  -23  -10    1   20    9    1  -79    6 -435  -41    0 -395 -128  -23 -367  192
 38 Beat Frequent Pick  -13968  -954 -932 -934 -592 -587 -606 -587 -818 -753 -590 -579 -594 -594 -374 -547 -590 -590 -474 -449 -426 -455 -598 -999 -128  -30 -364   -2   23    2 -201  185   -1 -149  -41 -432    2  395    0 -600    0  999  996
 39 Beat The Last Move  -19359  -990 -987 -996 -991 -994 -994 -985 -985 -991 -995 -263 -994 -987 -936 -903 -989 -995 -941  -74  -26   24 -495 -997    1  -22 -883    6   17   24 -208   74   -1 -792 -346 -963 -511  128  600    0    1 1000 1000
 40 Rotate R-P-S        -25322  -985 -995 -985 -993 -992 -996 -986 -992 -990 -987 -994 -997 -990 -954 -932 -989 -989 -985 -674 -990 -991 -996 -997  -21   11 -986   -9    6   33   45   11  -27 -407    7 -999    7   23    0   -1    0    0 -636
 41 Good Ole Rock       -26195  -996 -997 -999 -997 -998 -999 -996 -996 -997 -996 -997 -998 -999 -965 -981 -1000 -997 -987 -1000 -995 -992 -999 -999    0   11 -980   21   24   -2    0  185    9 -925  -29 -999    4  367 -999 -1000    0    0  998
 42 * Anti-Flat         -27660  -999 -990 -996 -991 -996 -992 -998 -991 -993 -986 -997 -994 -1000 -996 -977 -993 -993 -989 -701 -993 -994 -991 -998  106    9 -978  -59  -12    1  453 -113  -34 -999    5 -995   54 -192 -996 -1000  636 -998    0

 Match results (draw <= 50): 

    Player Name           total  W  L  D   1  2  3  4  5  6  7  8  9 10 11 12 13 14 15 16 17 18 19 20 21 22 23 24 25 26 27 28 29 30 31 32 33 34 35 36 37 38 39 40 41 42
  1 Iocaine Powder          71  30  0 11   1  2  1  1  1  2  2  2  1  1  1  2  1  2  1  1  1  2  2  2  2  2  2  1  2  2  2  2  2  2  2  2  2  2  2  2  2  2  2  2  2  2
  2 Phasenbott              67  27  1 13   0  1  2  1  1  2  1  1  1  1  1  2  1  2  2  1  1  2  2  2  2  1  2  1  2  2  1  2  2  2  2  2  2  2  2  2  2  2  2  2  2  2
  3 MegaHAL                 67  27  1 13   1  0  1  1  1  2  1  2  1  1  1  1  1  2  1  1  2  2  2  2  2  1  2  1  2  2  2  2  2  2  2  2  2  2  2  2  2  2  2  2  2  2
  4 Simple Modeller         63  22  0 19   1  1  1  1  1  1  1  1  1  1  1  1  1  2  1  1  2  1  1  2  2  1  2  1  2  1  2  2  2  2  2  2  2  2  2  2  2  2  2  2  2  2
  5 Yomi AI                 62  21  0 20   1  1  1  1  1  1  1  1  1  1  1  1  1  1  1  2  2  2  2  2  2  1  1  1  2  2  1  2  1  2  2  1  2  2  2  2  2  2  2  2  2  2
  6 RussRocker4             62  24  3 14   0  0  0  1  1  1  1  1  1  1  1  1  2  2  1  1  1  1  2  2  2  1  2  1  2  2  2  2  2  2  2  2  2  2  2  2  2  2  2  2  2  2
  7 Robertot                62  22  1 18   0  1  1  1  1  1  1  1  1  1  1  1  1  1  1  2  2  1  2  2  2  1  2  1  2  1  1  2  2  2  2  2  2  2  2  2  2  2  2  2  2  2
  8 Biopic                  59  20  2 19   0  1  0  1  1  1  1  1  1  1  1  1  1  1  1  1  1  1  2  2  2  1  1  1  2  2  2  2  1  2  2  2  2  2  2  2  2  2  2  2  2  2
  9 Bugbrain                58  18  1 22   1  1  1  1  1  1  1  1  1  1  1  1  1  0  1  1  1  1  2  1  2  1  2  1  2  1  1  2  2  2  2  2  1  2  2  2  2  2  2  2  2  2
 10 Boom                    56  15  0 26   1  1  1  1  1  1  1  1  1  1  1  1  1  1  1  2  1  1  1  2  1  1  1  1  1  1  1  2  1  2  2  2  1  2  2  2  2  2  2  2  2  2
 11 Shofar                  56  15  0 26   1  1  1  1  1  1  1  1  1  1  1  1  1  1  1  1  1  2  2  1  1  1  1  1  1  1  2  2  1  2  2  1  1  2  2  2  2  2  2  2  2  2
 12 ACT-R Lag2              55  18  4 19   0  0  1  1  1  1  1  1  1  1  1  1  1  2  1  1  1  1  2  2  2  0  1  1  2  0  1  2  1  2  2  1  2  2  2  2  2  2  2  2  2  2
 13 Vroomfondel             52  12  1 28   1  1  1  1  1  0  1  1  1  1  1  1  1  1  1  1  1  1  1  1  2  1  1  1  2  1  1  1  1  2  2  1  2  1  1  2  2  2  2  2  2  2
 14 Simple Predictor        51  18  8 15   0  0  0  0  1  0  1  1  2  1  1  0  1  1  1  1  1  1  1  1  2  0  1  1  2  0  2  2  2  2  2  2  1  2  2  2  2  2  2  2  2  2
 15 Majikthise              51  12  2 27   1  0  1  1  1  1  1  1  1  1  1  1  1  1  1  1  2  1  2  1  1  1  1  1  2  1  1  0  1  2  2  1  1  1  1  2  2  2  2  2  2  2
 16 Mixed Strategy          51  13  3 25   1  1  1  1  0  1  0  1  1  0  1  1  1  1  1  1  1  1  1  1  1  1  1  1  2  1  1  2  1  1  2  2  2  2  2  1  2  2  2  2  2  2
 17 Piedra                  50  15  6 20   1  1  0  0  0  1  0  1  1  1  1  1  1  1  0  1  1  1  1  1  0  1  2  1  1  1  1  2  1  2  2  2  2  2  2  2  2  2  2  2  2  2
 18 Sweet Rocky             49  16  8 17   0  0  0  1  0  1  1  1  1  1  0  1  1  1  1  1  1  1  1  1  1  0  1  0  2  1  0  2  2  2  2  2  2  2  2  2  2  2  2  2  2  2
 19 Granite                 47  17 11 13   0  0  0  1  0  0  0  0  0  1  0  0  1  1  0  1  1  1  1  1  1  1  2  1  1  2  1  2  2  2  2  2  2  2  2  2  2  2  2  2  2  2
 20 Marble                  47  16 10 15   0  0  0  0  0  0  0  0  1  0  1  0  1  1  1  1  1  1  1  1  1  1  2  1  2  1  1  2  1  2  2  2  2  2  2  2  2  2  2  2  2  2
 21 ZQ Bot                  45  16 12 13   0  0  0  0  0  0  0  0  0  1  1  0  0  0  1  1  2  1  1  1  1  1  1  1  1  1  2  2  1  2  2  2  2  2  2  2  2  2  2  2  2  2
 22 * De Bruijn             44   5  2 34   0  1  1  1  1  1  1  1  1  1  1  2  1  2  1  1  1  2  1  1  1  1  2  1  1  1  1  1  1  1  1  1  1  1  1  1  1  2  1  1  1  0
 23 * Anti-rotn             42  12 11 18   0  0  0  0  1  0  0  1  0  1  1  1  1  1  1  1  0  1  0  0  1  0  1  1  1  1  1  2  1  2  1  1  2  2  2  2  2  2  2  2  2  2
 24 * Pi                    41   1  1 39   1  1  1  1  1  1  1  1  1  1  1  1  1  1  1  1  1  2  1  1  1  1  1  1  1  1  1  1  1  1  1  1  1  1  0  1  1  1  1  1  1  1
 25 Inocencio               41  16 16  9   0  0  0  0  0  0  0  0  0  1  1  0  0  0  0  0  1  0  1  0  1  1  1  1  1  2  2  2  1  2  2  2  2  2  2  2  2  2  2  2  2  2
 26 * Foxtrot               36   3  8 30   0  0  0  1  0  0  1  0  1  1  1  2  1  2  1  1  1  1  0  1  1  1  1  1  0  1  1  1  1  1  1  1  2  1  1  1  1  1  1  1  1  1
 27 * Copy-drift            31   1 11 29   0  1  0  0  1  0  1  0  1  1  0  1  1  0  1  1  1  2  1  1  0  1  1  1  0  1  1  1  1  0  0  1  1  1  1  1  1  1  1  1  1  1
 28 Peterbot                31  11 21  9   0  0  0  0  0  0  0  0  0  0  0  0  1  0  2  0  0  0  0  0  0  1  0  1  0  1  1  1  1  2  1  1  2  2  1  2  2  2  2  2  2  2
 29 * Add-drift             30   1 12 28   0  0  0  0  1  0  0  1  0  1  1  1  1  0  1  1  1  0  0  1  1  1  1  1  1  1  1  1  1  1  0  0  1  1  1  1  1  1  1  1  1  2
 30 Multi-strategy          29  11 23  7   0  0  0  0  0  0  0  0  0  0  0  0  0  0  0  1  0  0  0  0  0  1  0  1  0  1  2  0  1  1  1  1  2  2  2  2  2  2  2  2  2  2
 31 Knucklehead             29  10 22  9   0  0  0  0  0  0  0  0  0  0  0  0  0  0  0  0  0  0  0  0  0  1  1  1  0  1  2  1  2  1  1  2  1  2  1  1  2  2  2  2  2  2
 32 * Add-react             24   1 18 22   0  0  0  0  1  0  0  0  0  0  1  1  1  0  1  0  0  0  0  0  0  1  1  1  0  1  1  1  2  1  0  1  1  1  1  1  1  1  1  1  1  1
 33 * Flat                  22   3 22 16   0  0  0  0  0  0  0  0  1  1  1  0  0  1  1  0  0  0  0  0  0  1  0  1  0  0  1  0  1  0  1  1  1  2  1  1  1  2  1  2  1  0
 34 Beat The Last Move      19   5 27  9   0  0  0  0  0  0  0  0  0  0  0  0  1  0  1  0  0  0  0  0  0  1  0  1  0  1  1  0  1  0  0  1  0  1  2  0  2  2  1  0  2  2
 35 * Text                  18   2 25 14   0  0  0  0  0  0  0  0  0  0  0  0  1  0  1  0  0  0  0  0  0  1  0  2  0  1  1  1  1  0  1  1  1  0  1  1  0  0  1  1  1  2
 36 * Switch A Lot          18   1 24 16   0  0  0  0  0  0  0  0  0  0  0  0  0  0  0  1  0  0  0  0  0  1  0  1  0  1  1  0  1  0  1  1  1  2  1  1  1  1  1  1  1  1
 37 Good Ole Rock           16   3 28 10   0  0  0  0  0  0  0  0  0  0  0  0  0  0  0  0  0  0  0  0  0  1  0  1  0  1  1  0  1  0  0  1  1  0  2  1  1  0  1  1  2  2
 38 Beat Frequent Pick      16   4 29  8   0  0  0  0  0  0  0  0  0  0  0  0  0  0  0  0  0  0  0  0  0  0  0  1  0  1  1  0  1  0  0  1  0  0  2  1  2  1  1  1  2  2
 39 Rotate R-P-S            14   0 27 14   0  0  0  0  0  0  0  0  0  0  0  0  0  0  0  0  0  0  0  0  0  1  0  1  0  1  1  0  1  0  0  1  1  1  1  1  1  1  1  1  1  0
 40 Always Switchin'        14   1 28 12   0  0  0  0  0  0  0  0  0  0  0  0  0  0  0  0  0  0  0  0  0  1  0  1  0  1  1  0  1  0  0  1  0  2  1  1  1  1  1  1  1  0
 41 R-P-S 20-20-60          13   1 29 11   0  0  0  0  0  0  0  0  0  0  0  0  0  0  0  0  0  0  0  0  0  1  0  1  0  1  1  0  1  0  0  1  1  0  1  1  0  0  1  1  1  2
 42 * Anti-Flat             13   4 32  5   0  0  0  0  0  0  0  0  0  0  0  0  0  0  0  0  0  0  0  0  0  2  0  1  0  1  1  0  0  0  0  1  2  0  0  1  0  0  2  2  0  1


   Yomi AI is match ranked 5

 Tournament results:
    Player Name          total 
  1 Yomi AI               5156 
 19 Iocaine Powder       11625 
 20 Phasenbott           10017 
 21 MegaHAL               9773 
 22 RussRocker4           8434 
 23 Biopic                8106 
 24 Simple Modeller       8633 
 25 Simple Predictor      7811 
 26 Robertot              7626 
 27 Boom                  7130 
 28 Shofar                6003 
 29 ACT-R Lag2            6633 
 32 Granite               6070 
 33 Marble                6612 
 34 ZQ Bot                5291 
 35 Sweet Rocky           6685 
 36 Piedra                5461 
 37 Mixed Strategy        5163 
 41 Bugbrain              6062 

   Yomi is tournament ranked 19

