 Playing 1 tournaments with 1000 trials per match...

 Yomi AI            vs Good Ole Rock       Match: 1000 (1000+   0-   0=)
 Yomi AI            vs R-P-S 20-20-60      Match:  247 (485+ 238- 277=)
 Yomi AI            vs Rotate R-P-S        Match:  978 (980+   2-  18=)
 Yomi AI            vs Beat The Last Move  Match:    3 (351+ 348- 301=)
 Yomi AI            vs Always Switchin'    Match:   98 (410+ 312- 278=)
 Yomi AI            vs Beat Frequent Pick  Match:  419 (620+ 201- 179=)
 Yomi AI            vs * Pi                Match:   11 (338+ 327- 335=)
 Yomi AI            vs * Switch A Lot      Match:   46 (361+ 315- 324=)
 Yomi AI            vs * Flat              Match:  121 (405+ 284- 311=)
 Yomi AI            vs * Anti-Flat         Match:  999 (999+   0-   1=)
 Yomi AI            vs * Foxtrot           Match:  240 (485+ 245- 270=)
 Yomi AI            vs * De Bruijn         Match:  -47 (315+ 362- 323=)
 Yomi AI            vs * Text              Match:   91 (377+ 286- 337=)
 Yomi AI            vs * Anti-rotn         Match:    4 (334+ 330- 336=)
 Yomi AI            vs * Copy-drift        Match:   17 (335+ 318- 347=)
 Yomi AI            vs * Add-react         Match:   11 (345+ 334- 321=)
 Yomi AI            vs * Add-drift         Match:    6 (336+ 330- 334=)
 Yomi AI            vs Iocaine Powder      Match:  -59 (298+ 357- 345=)
 Yomi AI            vs Phasenbott          Match:  -18 (319+ 337- 344=)
 Yomi AI            vs MegaHAL             Match:   60 (368+ 308- 324=)
 Yomi AI            vs RussRocker4         Match:   22 (344+ 322- 334=)
 Yomi AI            vs Biopic              Match:   27 (353+ 326- 321=)
 Yomi AI            vs Simple Modeller     Match:   37 (372+ 335- 293=)
 Yomi AI            vs Simple Predictor    Match:   64 (370+ 306- 324=)
 Yomi AI            vs Robertot            Match:   11 (334+ 323- 343=)
 Yomi AI            vs Boom                Match:   19 (344+ 325- 331=)
 Yomi AI            vs Shofar              Match:   -6 (341+ 347- 312=)
 Yomi AI            vs ACT-R Lag2          Match:   30 (337+ 307- 356=)
 Yomi AI            vs Majikthise          Match:   12 (343+ 331- 326=)
 Yomi AI            vs Vroomfondel         Match:    8 (341+ 333- 326=)
 Yomi AI            vs Granite             Match:   78 (402+ 324- 274=)
 Yomi AI            vs Marble              Match:   58 (391+ 333- 276=)
 Yomi AI            vs ZQ Bot              Match:   64 (388+ 324- 288=)
 Yomi AI            vs Sweet Rocky         Match:   40 (358+ 318- 324=)
 Yomi AI            vs Piedra              Match:   26 (367+ 341- 292=)
 Yomi AI            vs Mixed Strategy      Match:   11 (350+ 339- 311=)
 Yomi AI            vs Multi-strategy      Match:  154 (442+ 288- 270=)
 Yomi AI            vs Inocencio           Match:   81 (404+ 323- 273=)
 Yomi AI            vs Peterbot            Match:    3 (360+ 357- 283=)
 Yomi AI            vs Bugbrain            Match:   12 (337+ 325- 338=)
 Yomi AI            vs Knucklehead         Match:  409 (598+ 189- 213=)
 Final results (draw value = 50):

 Tournament results: 

    Player Name          total     1    2    3    4    5    6    7    8    9   10   11   12   13   14   15   16   17   18   19   20   21   22   23   24   25   26   27   28   29   30   31   32   33   34   35   36   37   38   39   40   41   42
  1 Iocaine Powder       10726     0   23   29   53   13  541   11   27  158  222  250   22  -37  257   66  108   93   59   48   42   14   12  246  188    1  -13  147  216  333  317  576  217  111   34  212  871  356  944  988  988  991  992
  2 Phasenbott           10386   -23    0   78   33   14  527   84   25  144  206  268   90   -5  275   62   38   46   18   76  120   35   72  200  197   48    5  190   72  383  327  347   92   45  114  271  890  120  951  980  993  992  986
  3 MegaHAL               9312   -29  -78    0   16    3  100   15   44   17  255  223   43  -35  229   38   22   34  -60   55   67  -85   -1  208  173  -26  -17  168   95   65  272  351  148  133  243  417  919  391  929  990  987  999  994
  4 Simple Modeller       9225   -53  -33  -16    0   25   -5   26  -10  293   51  120   28  -30  319   59   31   32  -37   56  104  -12   -3  179  782  -32    2  224  243    8  103  304   48  142  252  431  621  402  593  993  990  998  997
  5 Biopic                8966   -13  -14   -3  -25    0   31   36   24   75  123  117  -15  -13  117   66    9   22  -27   42   66  -28  -19  273  127  -23   20   59   31  389   20  514  200  136  170  333  994  373  805  994  992  996  992
  6 RussRocker4           8200  -541 -527 -100    5  -31    0   16   35  103  157  107   -7   35  181   62   34   46  -22   72   73   63    2  326  126  -48   -2  247   96  201  323  431  123   57  164  261  945  307  898  994  994  999  995
  7 Robertot              8179   -11  -84  -15  -26  -36  -16    0   42   52   59   51  -35    5   89   30   27   41  -11   61  101   -2   -3  204   39   15  -19   55   51    5   43  463   88  172   53  472 1000  417  822  988  997  996  999
  8 Boom                  7129   -27  -25  -44   10  -24  -35  -42    0  -61   40   41   11  -54   39   36   13   61  -19   51   45  -19  -52  182  -48  -11   38   46  108   -2   74  383   80  140  161  377  535  394  753  991  990  997  996
  9 Simple Predictor      6988  -158 -144  -17 -293  -75 -103  -52   61    0   30   67    2   27  134   46   56   50  -64   43   44  -67  -45  220  247  -79   19  287  279  -46   94  308   80  154  193  397  328  410  588  985  990  995  997
 10 Granite               6782  -222 -206 -255  -51 -123 -157  -59  -40  -30    0  -20  -90  -75   23   52  -72   52  -78   52    7  -20    8  360  643  -55  -11   18   39   54   98  278  142  173  187  269  922  392  594  994  995  998  996
 11 Marble                6579  -250 -268 -223 -120 -117 -107  -51  -41  -67   20    0  -77  -74   45   22  -86   24  -58   70   10  -53   13  330  648  -40   -9  -11   40   15   91  321  166  178  151  199  928  390  594  989  993  998  996
 12 ACT-R Lag2            6454   -22  -90  -43  -28   15    7   35  -11   -2   90   77    0   29  150   33  -17   52  -30   77   11  -10   13  245   44  -39  -52  -17   34   38   62  472  172   81  114  230  215  298  574  665  992  997  993
 13 Shofar                6387    37    5   35   30   13  -35   -5   54  -27   75   74  -29    0   65   83   -9   49    6   53   75   -6   30  123   78  -72  -38   28   59    8   31   90  152  132  122  409  102  258  556  863  950  984  979
 14 ZQ Bot                6303  -257 -275 -229 -319 -117 -181  -89  -39 -134  -23  -45 -150  -65    0   49 -160   59  -64   42   -9  -46  -38  250  786   30  -68   95   68   67  264  240  156  165  130  304  915  420  595  989  991  996 1000
 15 Sweet Rocky           6209   -66  -62  -38  -59  -66  -62  -30  -36  -46  -52  -22  -33  -83  -49    0  -24   63  -40   50  -36  -23  -39   84  -68  -41   20   72  -33  -19   49  190  120  159  230  232  997  403  592  994  988  997  996
 16 Bugbrain              5582  -108  -38  -22  -31   -9  -34  -27  -13  -56   72   86   17    9  160   24    0   72  -12   48   -9   16    1  108   34  -39   30   60   32   -2   90  121   32   37  111  171  267  145  380  969  943  970  977
 17 Piedra                5470   -93  -46  -34  -32  -22  -46  -41  -61  -50  -52  -24  -52  -49  -59  -63  -72    0  -26   40  -12  -31  -50   75   -2  -21  -48  122   12  -42   71  185  105  183  211  188  308  429  596  993  993  994  993
 18 Yomi AI               5387   -59  -18   60   37   27   22   11   19   64   78   58   30   -6   64   40   12   26    0    4   11    8   12  154   81  -47   11    6   17  240   11  409  121   91   46   98    3  247  419    3  978 1000  999
 19 * Anti-rotn           5148   -48  -76  -55  -56  -42  -72  -61  -51  -43  -52  -70  -77  -53  -42  -50  -48  -40   -4    0   31   -7  -27  251  551  -62  -42   24   12   -3   14   38  163   62  288  511   35  165  597  500  998  998  991
 20 Mixed Strategy        4866   -42 -120  -67 -104  -66  -73 -101  -45  -44   -7  -10  -11  -75    9   36    9   12  -11  -31    0   -7  -56   19  -18  -64  -50   26   78  -25   41  169   -4  174  111  107  253  425  520  976  947  996  989
 21 Vroomfondel           4706   -14  -35   85   12   28  -63    2   19   67   20   53   10    6   46   23  -16   31   -8    7    7    0  -20  143  103   21  -40  -37   16   37   15  160   82   27   76  258   -9  154  471    7  988  991  983
 22 Majikthise            4672   -12  -72    1    3   19   -2    3   52   45   -8  -13  -13  -30   38   39   -1   50  -12   27   56   20    0  151   37  -19   39    5    7   19   33  185  121   31   84  228  -13  153  424   19  994  995  989
 23 Multi-strategy        2741  -246 -200 -208 -179 -273 -326 -204 -182 -220 -360 -330 -245 -123 -250  -84 -108  -75 -154 -251  -19 -143 -151    0 -159  -50  -20   18  259    1  -31   91  179  123  241  508  500  421  999  997  997  999  999
 24 Inocencio             1542  -188 -197 -173 -782 -127 -126  -39   48 -247 -643 -648  -44  -78 -786   68  -34    2  -81 -551   18 -103  -37  159    0  -31  -40    4  155  315   99  236  163  162   67  262   97  389  355  969  977  975  977
 25 * De Bruijn            733    -1  -48   26   32   23   48  -15   11   79   55   40   39   72  -30   41   39   21   47   62   64  -21   19   50   31    0   -1   14  -13    1   -4   -2   15   23   28    5   -9  -41  128   -1   21    0 -115
 26 * Pi                   262    13   -5   17   -2  -20    2   19  -38  -19   11    9   52   38   68  -20  -30   48  -11   42   50   40  -39   20   40    1    0  -14   -2   10   -8  -16   33  -81   37   -7   31  -26   30   22  -11  -11  -11
 27 * Add-drift          -1906  -147 -190 -168 -224  -59 -247  -55  -46 -287  -18   11   17  -28  -95  -72  -60 -122   -6  -24  -26   37   -5  -18   -4  -14   14    0  -29   19   18  -54   -7   10   -3   -3  -21  -22  -13   36   -1  -19   19
 28 * Copy-drift         -2058  -216  -72  -95 -243  -31  -96  -51 -108 -279  -39  -40  -34  -59  -68   33  -32  -12  -17  -12  -78  -16   -7 -259 -155   13    2   29    0  -15  -42 -114   18   39   20    9  -37   14   13  -35   53  -27  -12
 29 * Foxtrot            -2129  -333 -383  -65   -8 -389 -201   -5    2   46  -54  -15  -38   -8  -67   19    2   42 -240    3   25  -37  -19   -1 -315   -1  -10  -19   15    0   33  -26    3    8   -4   -2  -41  -17    6  -26   32  -30  -11
 30 * Add-react          -2307  -317 -327 -272 -103  -20 -323  -43  -74  -94  -98  -91  -62  -31 -264  -49  -90  -71  -11  -14  -41  -15  -33   31  -99    4    8  -18   42  -33    0   50   58   34  -36  -25   25   11    9   38   57  -15   -5
 31 Knucklehead          -3059  -576 -347 -351 -304 -514 -431 -463 -383 -308 -278 -321 -472  -90 -240 -190 -121 -185 -409  -38 -169 -160 -185  -91 -236    2   16   54  114   26  -50    0   -5   14  -20  -46   45   62  113  956  560  963  999
 32 * Flat               -3153  -217  -92 -148  -48 -200 -123  -88  -80  -80 -142 -166 -172 -152 -156 -120  -32 -105 -121 -163    4  -82 -121 -179 -163  -15  -33    7  -18   -3  -58    5    0  -15   15   22 -188   13  236  245    1    0 -421
 33 * Text               -3264  -111  -45 -133 -142 -136  -57 -172 -140 -154 -173 -178  -81 -132 -165 -159  -37 -183  -91  -62 -174  -27  -31 -123 -162  -23   81  -10  -39   -8  -34  -14   15    0    4  -47   10   11 -185  -74  -11 -185  113
 34 * Switch A Lot       -3366   -34 -114 -243 -252 -170 -164  -53 -161 -193 -187 -151 -114 -122 -130 -230 -111 -211  -46 -288 -111  -76  -84 -241  -67  -28  -37    3  -20    4   36   20  -15   -4    0   24 -178  -15   13  356    5   18    5
 35 Always Switchin'     -6779  -212 -271 -417 -431 -333 -261 -472 -377 -397 -269 -199 -230 -409 -304 -232 -171 -188  -98 -511 -107 -258 -228 -508 -262   -5    7    3   -9    2   25   46  -22   47  -24    0 -242   12   30  520  -29   -7   12
 36 Peterbot             -7236  -871 -890 -919 -621 -994 -945 -1000 -535 -328 -922 -928 -215 -102 -915 -997 -267 -308   -3  -35 -253    9   13 -500  -97    9  -31   21   37   41  -25  -45  188  -10  178  242    0  378  430  982  997 1000  995
 37 R-P-S 20-20-60       -8912  -356 -120 -391 -402 -373 -307 -417 -394 -410 -392 -390 -298 -258 -420 -403 -145 -429 -247 -165 -425 -154 -153 -421 -389   41   26   22  -14   17  -11  -62  -13  -11   15  -12 -378    0 -393 -155   30 -419  264
 38 Beat Frequent Pick  -14570  -944 -951 -929 -593 -805 -898 -822 -753 -588 -594 -594 -574 -556 -595 -592 -380 -596 -419 -597 -520 -471 -424 -999 -355 -128  -30   13  -13   -6   -9 -113 -236  185  -13  -30 -430  393    0 -600    0  999  997
 39 Beat The Last Move  -20096  -988 -980 -990 -993 -994 -994 -988 -991 -985 -994 -989 -665 -863 -989 -994 -969 -993   -3 -500 -976   -7  -19 -997 -969    1  -22  -36   35   26  -38 -956 -245   74 -356 -520 -982  155  600    0    1 1000  997
 40 Rotate R-P-S        -26032  -988 -993 -987 -990 -992 -994 -997 -990 -990 -995 -993 -992 -950 -991 -988 -943 -993 -978 -998 -947 -988 -994 -997 -977  -21   11    1  -53  -32  -57 -560   -1   11   -5   29 -997  -30    0   -1    0    0 -682
 41 Good Ole Rock       -26120  -991 -992 -999 -998 -996 -999 -996 -997 -995 -998 -998 -997 -984 -996 -997 -970 -994 -1000 -998 -996 -991 -995 -999 -975    0   11   19   27   30   15 -963    0  185  -18    7 -1000  419 -999 -1000    0    0  998
 42 * Anti-Flat         -27947  -992 -986 -994 -997 -992 -995 -999 -996 -997 -996 -996 -993 -979 -1000 -996 -977 -993 -999 -991 -989 -983 -989 -999 -977  115   11  -19   12   11    5 -999  421 -113   -5  -12 -995 -264 -997 -997  682 -998    0

 Match results (draw <= 50): 

    Player Name           total  W  L  D   1  2  3  4  5  6  7  8  9 10 11 12 13 14 15 16 17 18 19 20 21 22 23 24 25 26 27 28 29 30 31 32 33 34 35 36 37 38 39 40 41 42
  1 Phasenbott              70  29  0 12   1  1  2  1  1  2  1  2  2  1  1  1  1  2  2  1  2  2  2  1  2  2  2  1  2  2  2  2  2  2  2  2  1  2  2  2  2  2  2  2  2  2
  2 Iocaine Powder          68  27  0 14   1  1  2  1  2  1  1  1  1  2  2  1  1  2  1  2  2  2  2  1  2  1  2  1  1  2  2  2  2  2  2  2  2  2  2  1  2  2  2  2  2  2
  3 RussRocker4             64  26  3 12   0  0  1  1  1  0  1  1  1  1  1  1  2  2  1  1  2  2  2  1  2  2  2  1  2  2  2  2  2  2  2  2  2  2  2  2  2  2  2  2  2  2
  4 Biopic                  63  22  0 19   1  1  1  1  1  1  1  1  1  1  1  1  1  2  1  1  2  2  2  1  2  2  2  1  1  2  2  2  1  2  1  2  2  2  2  2  2  2  2  2  2  2
  5 Simple Modeller         63  23  1 17   1  0  1  1  1  1  1  1  1  1  1  1  1  2  1  1  2  2  2  1  2  2  2  1  2  1  2  2  2  2  2  2  2  2  1  2  2  2  2  2  2  2
  6 MegaHAL                 62  24  3 14   0  1  2  1  1  1  1  1  1  0  1  1  0  1  1  1  2  1  2  1  2  2  2  1  2  2  2  2  2  2  2  2  2  2  2  2  2  2  2  2  2  2
  7 Shofar                  62  22  1 18   1  1  1  1  1  1  1  1  1  1  1  2  1  1  1  1  2  2  2  0  2  2  2  1  2  1  2  2  1  1  2  2  2  2  2  2  2  2  2  2  2  2
  8 Robertot                61  21  1 19   0  1  1  1  1  1  1  1  1  1  1  1  1  2  1  1  2  1  2  1  2  2  1  1  2  1  2  2  1  2  2  2  2  2  2  2  2  2  2  2  2  2
  9 ACT-R Lag2              58  19  2 20   0  1  1  1  1  1  1  1  1  1  1  1  1  1  1  2  2  1  2  1  2  1  1  0  2  1  2  2  2  1  1  2  2  2  2  2  2  2  2  2  2  2
 10 Yomi AI                 57  17  1 23   1  0  1  1  1  2  1  1  1  1  1  1  1  2  1  1  2  1  2  1  2  1  2  1  1  2  2  1  1  1  1  2  2  1  2  1  2  2  2  2  2  2
 11 Bugbrain                56  17  2 22   1  0  1  1  1  1  1  1  1  1  1  1  1  0  1  2  2  1  2  1  2  1  1  1  1  1  2  2  2  2  1  2  1  2  1  2  2  2  2  2  2  2
 12 Boom                    55  17  3 21   1  1  1  1  1  1  0  1  1  1  1  1  1  0  0  2  1  1  1  1  1  1  1  1  2  1  2  2  2  1  2  2  2  2  2  2  2  2  2  2  2  2
 13 Vroomfondel             54  14  1 26   1  1  0  1  1  2  1  1  1  1  1  1  1  2  1  1  1  1  1  1  2  1  2  1  1  1  2  1  1  1  1  2  1  1  2  2  2  2  2  2  2  2
 14 Simple Predictor        53  21  9 11   0  0  0  0  0  1  1  0  1  0  2  2  0  1  1  1  1  1  2  0  2  1  2  1  1  1  2  2  2  2  2  2  2  2  2  2  2  2  2  2  2  2
 15 Majikthise              52  12  1 28   0  1  1  1  1  1  1  1  1  1  1  2  1  1  1  1  1  1  1  1  1  2  1  1  1  1  2  1  1  1  1  2  1  1  2  2  2  2  2  2  2  2
 16 Piedra                  49  15  7 19   1  0  1  1  1  1  1  1  0  1  0  0  1  1  1  1  0  0  0  1  1  1  1  1  1  1  2  2  2  2  1  2  2  2  2  2  2  2  2  2  2  2
 17 Granite                 48  19 12 10   0  0  0  0  0  0  0  0  0  0  0  1  1  1  1  2  1  2  1  0  1  1  2  1  2  2  2  2  2  1  1  2  2  2  2  2  2  2  2  2  2  2
 18 Sweet Rocky             48  15  8 18   0  0  0  0  0  1  0  1  1  1  1  1  1  1  1  2  0  1  1  1  1  1  0  1  1  1  2  2  1  2  1  2  2  2  2  2  2  2  2  2  2  2
 19 ZQ Bot                  47  19 13  9   0  0  0  0  0  0  0  0  0  0  0  1  1  0  1  2  1  1  1  1  1  1  2  0  1  2  2  2  2  2  2  2  2  2  2  2  2  2  2  2  2  2
 20 * De Bruijn             46   6  1 34   1  1  1  1  1  1  2  1  1  1  1  1  1  2  1  1  2  1  1  1  1  2  1  1  2  1  1  1  1  1  1  1  1  1  1  1  1  1  2  0  1  1
 21 Marble                  44  16 13 12   0  0  0  0  0  0  0  0  0  0  0  1  0  0  1  1  1  1  1  1  1  1  2  1  2  1  2  2  2  1  1  2  2  2  2  2  2  2  2  2  2  2
 22 Mixed Strategy          44  12  9 20   0  1  0  0  0  0  0  0  1  1  1  1  1  1  0  1  1  1  1  0  1  1  1  1  1  1  1  2  1  1  2  2  2  2  1  2  2  2  2  2  2  2
 23 Inocencio               44  17 14 10   0  0  0  0  0  0  0  1  1  0  1  1  0  0  1  1  0  2  0  1  0  1  1  1  0  2  2  2  2  1  2  2  2  2  2  2  2  2  2  2  2  2
 24 * Pi                    42   2  1 38   1  1  1  1  1  1  1  1  2  1  1  1  1  1  1  1  1  1  2  1  1  1  1  1  1  1  1  1  1  1  1  1  0  1  1  1  1  1  1  1  1  1
 25 * Anti-rotn             42  12 11 18   0  1  0  1  0  0  0  0  0  1  1  0  1  1  1  1  0  1  1  0  0  1  2  1  1  1  2  1  1  1  1  1  2  2  2  2  2  2  2  2  2  2
 26 * Foxtrot               32   0  9 32   0  0  0  0  1  0  1  1  1  0  1  1  1  1  1  1  0  1  0  1  1  1  0  1  1  1  1  1  1  1  1  1  1  1  1  1  1  1  1  1  1  1
 27 Multi-strategy          32  13 22  6   0  0  0  0  0  0  0  0  0  0  0  0  0  0  0  0  0  0  0  1  0  1  0  1  0  1  1  2  1  1  2  2  2  2  2  2  2  2  2  2  2  2
 28 Peterbot                30   9 20 12   0  0  0  0  0  0  0  0  0  1  0  0  1  0  1  0  0  0  0  1  0  0  0  1  1  1  0  1  1  1  1  1  1  2  2  2  2  2  2  2  2  2
 29 * Add-react             29   2 14 25   0  0  0  1  0  0  1  1  0  1  0  0  1  0  1  0  0  1  0  1  0  1  0  1  1  1  1  1  1  1  1  1  1  1  2  1  1  1  1  1  1  2
 30 * Add-drift             28   0 13 28   0  0  0  0  0  0  1  0  1  1  0  1  1  0  1  0  1  0  0  1  1  1  1  1  1  1  1  1  1  1  1  0  1  1  1  1  1  1  1  1  1  1
 31 * Copy-drift            28   1 14 26   0  0  0  1  0  0  0  0  1  1  1  0  1  0  1  1  1  1  0  1  1  0  0  1  1  1  0  1  1  1  1  0  1  1  1  1  1  1  1  1  1  2
 32 Knucklehead             26   8 23 10   0  0  0  0  0  0  0  0  0  0  0  0  0  0  0  0  0  0  0  1  0  0  0  1  1  1  0  1  1  2  2  1  1  2  1  1  1  2  2  2  2  2
 33 * Text                  20   2 23 16   1  0  0  0  0  0  0  0  0  0  1  0  1  0  1  0  0  0  0  1  0  0  0  2  0  1  0  1  1  1  1  1  1  0  1  1  1  0  0  2  1  1
 34 Beat The Last Move      20   5 26 10   0  0  0  0  0  0  0  0  0  1  0  0  1  0  1  0  0  0  0  1  0  0  0  1  0  1  0  0  1  1  1  0  2  1  0  0  0  2  2  2  2  1
 35 * Flat                  19   2 24 15   0  0  0  0  1  0  0  0  0  0  1  0  0  0  0  0  0  0  0  1  0  1  0  1  0  1  0  0  0  1  1  1  1  2  1  1  1  1  2  0  1  1
 36 * Switch A Lot          19   1 23 17   0  1  0  0  0  0  0  0  0  1  0  0  0  0  0  0  0  0  0  1  0  0  0  1  0  1  0  0  1  1  1  1  1  2  1  1  1  1  1  1  1  1
 37 Always Switchin'        17   1 25 15   0  0  0  0  0  0  0  0  0  0  0  0  0  0  0  0  0  0  0  1  0  0  0  1  0  1  0  0  1  1  1  1  1  2  1  1  1  1  1  1  1  1
 38 Good Ole Rock           16   3 28 10   0  0  0  0  0  0  0  0  0  0  0  0  0  0  0  0  0  0  0  1  0  0  0  1  0  1  0  0  1  1  1  0  2  0  1  1  1  1  0  2  2  1
 39 Beat Frequent Pick      16   4 29  8   0  0  0  0  0  0  0  0  0  0  0  0  0  0  0  0  0  0  0  0  0  0  0  1  0  1  0  0  1  1  1  0  2  0  0  1  1  2  1  2  2  1
 40 * Anti-Flat             13   3 31  7   0  0  0  0  0  0  0  0  0  0  0  0  0  0  0  0  0  0  0  2  0  0  0  1  0  1  0  0  1  1  1  0  0  0  2  1  1  0  0  1  0  2
 41 R-P-S 20-20-60          13   1 29 11   0  0  0  0  0  0  0  0  0  0  0  0  0  0  0  0  0  0  0  1  0  0  0  1  0  1  0  0  1  1  1  0  1  0  1  1  1  0  0  2  1  1
 42 Rotate R-P-S            12   0 29 12   0  0  0  0  0  0  0  0  0  0  0  0  0  0  0  0  0  0  0  1  0  0  0  1  0  1  0  0  0  1  0  0  1  1  1  1  1  1  1  0  1  1


   Yomi AI is match ranked 10

 Tournament results:
    Player Name          total 
  1 Yomi AI               5387 
 19 Iocaine Powder       10726 
 20 Phasenbott           10386 
 21 MegaHAL               9312 
 22 RussRocker4           8200 
 23 Biopic                8966 
 24 Simple Modeller       9225 
 25 Simple Predictor      6988 
 26 Robertot              8179 
 27 Boom                  7129 
 28 Shofar                6387 
 29 ACT-R Lag2            6454 
 32 Granite               6782 
 33 Marble                6579 
 34 ZQ Bot                6303 
 35 Sweet Rocky           6209 
 36 Piedra                5470 
 41 Bugbrain              5582 

   Yomi is tournament ranked 18

