 Playing 1 tournaments with 1000 trials per match...

 Yomi AI            vs Good Ole Rock       Match: 1000 (1000+   0-   0=)
 Yomi AI            vs R-P-S 20-20-60      Match:  150 (427+ 277- 296=)
 Yomi AI            vs Rotate R-P-S        Match:  782 (890+ 108-   2=)
 Yomi AI            vs Beat The Last Move  Match:   19 (357+ 338- 305=)
 Yomi AI            vs Always Switchin'    Match:   41 (358+ 317- 325=)
 Yomi AI            vs Beat Frequent Pick  Match:  449 (676+ 227-  97=)
 Yomi AI            vs * Pi                Match:   -1 (339+ 340- 321=)
 Yomi AI            vs * Switch A Lot      Match:   39 (363+ 324- 313=)
 Yomi AI            vs * Flat              Match:   98 (398+ 300- 302=)
 Yomi AI            vs * Anti-Flat         Match:  999 (999+   0-   1=)
 Yomi AI            vs * Foxtrot           Match:  133 (425+ 292- 283=)
 Yomi AI            vs * De Bruijn         Match:  -38 (311+ 349- 340=)
 Yomi AI            vs * Text              Match:   34 (358+ 324- 318=)
 Yomi AI            vs * Anti-rotn         Match:   17 (349+ 332- 319=)
 Yomi AI            vs * Copy-drift        Match:  -10 (341+ 351- 308=)
 Yomi AI            vs * Add-react         Match:   41 (342+ 301- 357=)
 Yomi AI            vs * Add-drift         Match:  -25 (328+ 353- 319=)
 Yomi AI            vs Iocaine Powder      Match:  -19 (317+ 336- 347=)
 Yomi AI            vs Phasenbott          Match:   24 (349+ 325- 326=)
 Yomi AI            vs MegaHAL             Match:   52 (363+ 311- 326=)
 Yomi AI            vs RussRocker4         Match:  -49 (308+ 357- 335=)
 Yomi AI            vs Biopic              Match:   -7 (341+ 348- 311=)
 Yomi AI            vs Simple Modeller     Match:  -16 (339+ 355- 306=)
 Yomi AI            vs Simple Predictor    Match:   15 (348+ 333- 319=)
 Yomi AI            vs Robertot            Match:   34 (346+ 312- 342=)
 Yomi AI            vs Boom                Match:   17 (340+ 323- 337=)
 Yomi AI            vs Shofar              Match:   -8 (332+ 340- 328=)
 Yomi AI            vs ACT-R Lag2          Match:   -8 (338+ 346- 316=)
 Yomi AI            vs Majikthise          Match:    8 (328+ 320- 352=)
 Yomi AI            vs Vroomfondel         Match:    9 (347+ 338- 315=)
 Yomi AI            vs Granite             Match:   36 (383+ 347- 270=)
 Yomi AI            vs Marble              Match:   30 (373+ 343- 284=)
 Yomi AI            vs ZQ Bot              Match:   11 (351+ 340- 309=)
 Yomi AI            vs Sweet Rocky         Match:   20 (352+ 332- 316=)
 Yomi AI            vs Piedra              Match:   25 (379+ 354- 267=)
 Yomi AI            vs Mixed Strategy      Match:   27 (343+ 316- 341=)
 Yomi AI            vs Multi-strategy      Match:  112 (431+ 319- 250=)
 Yomi AI            vs Inocencio           Match:   60 (377+ 317- 306=)
 Yomi AI            vs Peterbot            Match:  -11 (330+ 341- 329=)
 Yomi AI            vs Bugbrain            Match:  -40 (315+ 355- 330=)
 Yomi AI            vs Knucklehead         Match:  300 (546+ 246- 208=)
 Final results (draw value = 50):

 Tournament results: 

    Player Name          total     1    2    3    4    5    6    7    8    9   10   11   12   13   14   15   16   17   18   19   20   21   22   23   24   25   26   27   28   29   30   31   32   33   34   35   36   37   38   39   40   41   42
  1 Iocaine Powder       10854     0   71   27   41   35  502   16  140   30   29  252  244   83   44  324   81   65   48   11   38   -3   19  272   58   -3  250  149  334  176  593  198  100   23  355  868  225  292  914  988  988  991  986
  2 MegaHAL              10491   -71    0  -41  -13   26  116   63   70    1   69  248  221   66   44  248   10    8   55   52  -15   25  -52  200  -21   18  949  228   52  156  328  121  189  213  279  911  424  402  934  990  989  999 1000
  3 Phasenbott            9835   -27   41    0   62   23  511   16   81   48  109  197  224   10   23  274   24   42   76   32   15    5  -24  269   25  -14  202  104  354   34  364   66  111   86  369  902  213  109  920  991  991  993  984
  4 Simple Modeller       9437   -41   13  -62    0   18   12   17  289   64    2   65   71   44   23  262   46   -8   56   26   12   21   16  179  -85  -21  769  253  -53  271  213  110  161  232  109  930  471  392  591  990  993  998  988
  5 Biopic                8354   -35  -26  -23  -18    0  -26   36   27   79   53  124   79   39  -24   77  -22   59   42   92   18   -9    7  255  -32   14  142   -5  433  113  494  139  142  133   66  738  283  371  539  991  992  998  999
  6 RussRocker4           7579  -502 -116 -511  -12   26    0  -25   60   14   38  155  148    6   -6  161   -1    4   72   68   -3    1   49  270  -44    0  164   98  189  143  442  132   86  108  350  926  199  309  600  988  993 1000 1000
  7 Boom                  7481   -16  -63  -16  -17  -36   25    0   44   39   17   25   67   47  -26   51  -28  -39   51   -9  -19  -18  -17  225    2  -20   19   76   52   29  479   -7  107  197   99  582  459  400  753  980  990  997 1000
  8 Simple Predictor      7304  -140  -70  -81 -289  -27  -60  -44    0   59  -53   61    5   38   -6  169   49  -33   43    2  -19  -12  -15  179  -79  -21  557  295   22  292  205  114  154  209  155  318  385  392  588  986  986  996  994
  9 Sweet Rocky           7269   -30   -1  -48  -64  -79  -14  -39  -59    0  -39  -18  -23  -21  -37  -29  -35  -20   51    1   -8   -4  -20  107  -32  -15  798   75   38   83  158  160  184  135  223  678  226  404  592  996 1000  997  998
 10 Robertot              7209   -29  -69 -109   -2  -53  -38  -17   53   39    0   16   47   89   32   46   26   59   61   16   -4  -10  -34  296  -21  -16   33   37  -27    4  373   88  174  105   81  488  454  411  818  805  997  996  994
 11 Granite               6864  -252 -248 -197  -65 -124 -155  -25  -61   18  -16    0    3   64  -79  -73  -74 -127   50   43  -51  -42  -36  423  -44  -18  649   69   44   99  329  154  180  189  102  918  261  379  593  996  993  999  996
 12 Marble                6709  -244 -221 -224  -71  -79 -148  -67   -5   23  -47   -3    0   19  -45   34  -57 -109   46   -7  -51  -63  -30  368  -44  -14  642   44  100  -35  249  148  176  134   67  921  306  419  594  994  995  999  995
 13 Piedra                6560   -83  -66  -10  -44  -39   -6  -47  -38   21  -89  -64  -19    0  -34  -34  -30  -13   56   22  -47  -41  -25  131  -38  -38  515   78    3   37  195  134  175  156  266  311  243  446  595  990  997  998  996
 14 Shofar                6369   -44  -44  -23  -23   24    6   26    6   37  -32   79   45   34    0   63  -32    4   50   22   19  -13    8  104  -11  -21   57   13  -21   93   62  155   94  144   77  373  421  281  552  901  928  986  969
 15 ZQ Bot                5891  -324 -248 -274 -262  -77 -161  -51 -169   29  -46   73  -34   34  -63    0 -162 -144   72   71  -43  -35  -11  230  -47  -12  -43  118   -2   85  380  155  144  205  350  993  207  386  591  990  994  996  996
 16 Bugbrain              5830   -81  -10  -24  -46   22    1   28  -49   35  -26   74   57   30   32  162    0  -15   41   67   13   17   40  144  -63  -18   33  130  -28   12   63   35   27  113   95  231  254  156  384  969  976  950  999
 17 ACT-R Lag2            5641   -65   -8  -42    8  -59   -4   39   33   20  -59  127  109   13   -4  144   15    0   30   73  -33   -3    8  245  -86  -58   66   26  -47   -4  473   70   86  148   58  116  233  308  576  101  993  996  999
 18 * Anti-rotn           5081   -48  -55  -76  -56  -42  -72  -51  -43  -51  -61  -50  -46  -56  -50  -72  -41  -30    0  -34   -7  -23  -17  241  -60  -45  459   24  -31   12   92  206   58  290   14   49  524  149  598  490  998  998  996
 19 Mixed Strategy        4982   -11  -52  -32  -26  -92  -68    9   -2   -1  -16  -43    7  -22  -22  -71  -67  -73   34    0   10  -42  -27   26  -93  -21  -10   -3   -1   26  115   80  160  100   70  265  111  409  455  952  972  989  987
 20 Majikthise            4775   -38   15  -15  -12  -18    3   19   19    8    4   51   51   47  -19   43  -13   33    7  -10    0   26   -8  154    0   37   94  -12   12    0  214   90   16   97  -18   23  302  139  461   -4  989  996  992
 21 Vroomfondel           4722     3  -25   -5  -21    9   -1   18   12    4   10   42   63   41   13   35  -17    3   23   42  -26    0   -9  199   -2  -38   60    6   16   22  194  108   -1   35   12  -10  266  185  471    2  995  992  996
 22 Yomi AI               4350   -19   52   24  -16   -7  -49   17   15   20   34   36   30   25   -8   11  -40   -8   17   27    8    9    0  112  -38   -1   60  -25  133  -10  300   98   34   39   41  -11   41  150  449   19  782 1000  999
 23 Multi-strategy        2553  -272 -200 -269 -179 -255 -270 -225 -179 -107 -296 -423 -368 -131 -104 -230 -144 -245 -241  -26 -154 -199 -112    0  -50  -20  -89    8  -18  245   98  216  123  280   37  500  482  380  999  997  997  999  998
 24 * De Bruijn            837   -58   21  -25   85   32   44   -2   79   32   21   44   44   38   11   47   63   86   60   93    0    2   38   50    0   -1   21   16  -11    4  -10   19   23    6   11  -17  -58   -5  128   -1   21    0 -114
 25 * Pi                   387     3  -18   14   21  -14    0   20   21   15   16   18   14   38   21   12   18   58   45   21  -37   38    1   20    1    0   19  -27   15   -1    6  -13  -81   16  -15   16   45   42   30   22  -11  -11  -11
 26 Inocencio             -313  -250 -949 -202 -769 -142 -164  -19 -557 -798  -33 -649 -642 -515  -57   43  -33  -66 -459   10  -94  -60  -60   89  -21  -19    0   -8  331   95  274  177  156   -7   92   94  260  401  366  934  987  977  974
 27 * Add-drift          -1719  -149 -228 -104 -253    5  -98  -76 -295  -75  -37  -69  -44  -78  -13 -118 -130  -26  -24    3   12   -6   25   -8  -16   27    8    0   18    7   -2   29  -11   25   27  -27  -36    9   16    4   15    8  -34
 28 * Foxtrot            -1887  -334  -52 -354   53 -433 -189  -52  -22  -38   27  -44 -100   -3   21    2   28   47   31    1  -12  -16 -133   18   11  -15 -331  -18    0  -11  -22   26   45   -4   33  -32    2  -13    2    1  -24    7   10
 29 * Copy-drift         -1962  -176 -156  -34 -271 -113 -143  -29 -292  -83   -4  -99   35  -37  -93  -85  -12    4  -12  -26    0  -22   10 -245   -4    1  -95   -7   11    0  -48   14   44  -23   41   -1  -20  -13  -38    7   44   -6   14
 30 Knucklehead          -2782  -593 -328 -364 -213 -494 -442 -479 -205 -158 -373 -329 -249 -195  -62 -380  -63 -473  -92 -115 -214 -194 -300  -98   10   -6 -274    2   22   48    0    4  -17  -11   18   42  -36   43  179  789  853  968  997
 31 * Flat               -3053  -198 -121  -66 -110 -139 -132    7 -114 -160  -88 -154 -148 -134 -155 -155  -35  -70 -206  -80  -90 -108  -98 -216  -19   13 -177  -29  -26  -14   -4    0   -3   32   65 -163    4   20  209  216    0    0 -407
 32 * Text               -3160  -100 -189 -111 -161 -142  -86 -107 -154 -184 -174 -180 -176 -175  -94 -144  -27  -86  -58 -160  -16    1  -34 -123  -23   81 -156   11  -45  -44   17    3    0  -51   48   24   -2    0 -185  -74  -11 -185  112
 33 * Switch A Lot       -3178   -23 -213  -86 -232 -133 -108 -197 -209 -135 -105 -189 -134 -156 -144 -205 -113 -148 -290 -100  -97  -35  -39 -280   -6  -16    7  -25    4   23   11  -32   51    0   49 -179   -6  -13  -16  345   14  -25    7
 34 * Add-react          -3582  -355 -279 -369 -109  -66 -350  -99 -155 -223  -81 -102  -67 -266  -77 -350  -95  -58  -14  -70   18  -12  -41  -37  -11   15  -92  -27  -33  -41  -18  -65  -48  -49    0  -41    5  -36   -6   45   56    7   14
 35 Peterbot             -6731  -868 -911 -902 -930 -738 -926 -582 -318 -678 -488 -918 -921 -311 -373 -993 -231 -116  -49 -265  -23   10   11 -500   17  -16  -94   27   32    1  -42  163  -24  179   41    0  217  382  441  981  998  999  987
 36 Always Switchin'     -6824  -225 -424 -213 -471 -283 -199 -459 -385 -226 -454 -261 -306 -243 -421 -207 -254 -233 -524 -111 -302 -266  -41 -482   58  -45 -260   36   -2   20   36   -4    2    6   -5 -217    0    8   11  523    7    7  -15
 37 R-P-S 20-20-60       -8732  -292 -402 -109 -392 -371 -309 -400 -392 -404 -411 -379 -419 -446 -281 -386 -156 -308 -149 -409 -139 -185 -150 -380    5  -42 -401   -9   13   13  -43  -20    0   13   36 -382   -8    0 -421 -135  -32 -437  387
 38 Beat Frequent Pick  -13887  -914 -934 -920 -591 -539 -600 -753 -588 -592 -818 -593 -594 -595 -552 -591 -384 -576 -598 -455 -461 -471 -449 -999 -128  -30 -366  -16   -2   38 -179 -209  185   16    6 -441  -11  421    0 -600    0  999  997
 39 Beat The Last Move  -19158  -988 -990 -991 -990 -991 -988 -980 -986 -996 -805 -996 -994 -990 -901 -990 -969 -101 -490 -952    4   -2  -19 -997    1  -22 -934   -4   -1   -7 -789 -216   74 -345  -45 -981 -523  135  600    0    1 1000 1000
 40 Rotate R-P-S        -26122  -988 -989 -991 -993 -992 -993 -990 -986 -1000 -997 -993 -995 -997 -928 -994 -976 -993 -998 -972 -989 -995 -782 -997  -21   11 -987  -15   24  -44 -853    0   11  -14  -56 -998   -7   32    0   -1    0    0 -676
 41 Good Ole Rock       -26171  -991 -999 -993 -998 -998 -1000 -997 -996 -997 -996 -999 -999 -998 -986 -996 -950 -996 -998 -989 -996 -992 -1000 -999    0   11 -977   -8   -7    6 -968    0  185   25   -7 -999   -7  437 -999 -1000    0    0 1000
 42 * Anti-Flat         -28103  -986 -1000 -984 -988 -999 -1000 -1000 -994 -998 -994 -996 -995 -996 -969 -996 -999 -999 -996 -987 -992 -996 -999 -998  114   11 -974   34  -10  -14 -997  407 -112   -7  -14 -987   15 -387 -997 -1000  676 -1000    0

 Match results (draw <= 50): 

    Player Name           total  W  L  D   1  2  3  4  5  6  7  8  9 10 11 12 13 14 15 16 17 18 19 20 21 22 23 24 25 26 27 28 29 30 31 32 33 34 35 36 37 38 39 40 41 42
  1 Iocaine Powder          68  27  0 14   1  2  1  1  2  1  1  1  1  1  2  2  2  1  2  1  1  2  2  1  2  2  1  1  2  2  2  2  2  2  2  1  2  2  2  2  2  2  2  2  2  2
  2 MegaHAL                 67  28  2 11   0  1  1  1  2  1  1  2  2  1  1  1  2  1  2  0  1  2  2  2  2  1  2  1  2  2  2  2  2  2  2  2  2  2  2  2  2  2  2  2  2  2
  3 Phasenbott              66  25  0 16   1  1  1  1  2  2  1  1  2  1  1  1  2  1  1  1  1  2  2  1  2  1  2  1  2  2  2  2  1  2  2  2  2  2  2  2  2  2  2  2  2  2
  4 Biopic                  65  24  0 17   1  1  1  1  1  1  1  1  2  2  1  2  1  1  1  1  1  2  2  2  2  1  1  1  2  2  2  2  2  1  2  2  2  2  2  2  2  2  2  2  2  2
  5 RussRocker4             62  24  3 14   0  0  0  1  1  1  1  1  1  1  1  1  2  1  1  1  1  2  2  2  2  1  2  1  2  2  2  2  2  2  2  2  2  2  2  2  2  2  2  2  2  2
  6 Simple Modeller         61  23  3 15   1  1  0  1  1  1  1  1  1  2  1  1  2  1  1  1  1  2  2  1  2  0  2  1  2  0  2  2  2  2  2  2  2  2  2  2  2  2  2  2  2  2
  7 Shofar                  59  18  0 23   1  1  1  1  1  1  1  1  1  1  1  1  1  1  1  1  1  2  2  1  1  1  1  1  2  1  2  2  2  1  2  2  2  2  2  2  2  2  2  2  2  2
  8 Boom                    58  18  1 22   1  0  1  1  1  1  1  1  1  1  1  1  1  1  1  1  1  2  1  1  2  1  2  1  1  2  2  2  1  2  2  2  2  1  2  2  2  2  2  2  2  2
  9 Robertot                56  18  3 20   1  0  0  0  1  1  1  1  1  1  1  2  2  1  2  1  1  1  1  1  1  1  2  1  1  1  2  2  1  1  2  2  2  2  2  2  2  2  2  2  2  2
 10 Sweet Rocky             56  18  3 20   1  1  1  0  1  0  1  1  1  1  1  1  0  1  1  1  1  1  1  1  1  1  2  1  2  1  2  2  2  2  2  2  2  2  2  2  2  2  2  2  2  2
 11 Bugbrain                56  17  2 22   0  1  1  1  1  1  1  1  1  1  1  1  1  1  1  1  1  2  2  2  2  0  1  1  1  1  2  2  1  2  2  2  2  1  2  2  1  2  2  2  2  2
 12 ACT-R Lag2              55  19  5 17   0  1  1  0  1  1  1  1  0  1  1  1  1  1  1  1  1  2  2  2  2  0  1  0  2  1  2  2  1  1  2  2  2  2  2  2  2  2  2  2  2  2
 13 Simple Predictor        54  20  7 14   0  0  0  1  0  0  1  1  0  2  1  1  1  1  1  1  1  2  2  1  1  0  1  1  2  1  2  2  2  2  2  2  2  2  2  2  2  2  2  2  2  2
 14 Majikthise              54  13  0 28   1  1  1  1  1  1  1  1  1  1  1  1  1  1  1  1  1  1  2  1  2  1  1  1  2  1  2  1  1  1  1  2  2  2  1  2  1  2  2  2  2  2
 15 Piedra                  54  17  4 20   0  0  1  1  1  1  1  1  0  1  1  1  1  1  1  1  1  1  0  1  1  1  2  1  2  1  2  2  1  2  2  2  2  2  2  2  2  2  2  2  2  2
 16 Yomi AI                 52  11  0 30   1  2  1  1  1  1  1  1  1  1  1  1  1  1  1  1  1  1  1  1  1  1  1  1  2  2  2  1  1  1  1  1  2  2  1  1  1  2  2  2  2  2
 17 Vroomfondel             52  11  0 30   1  1  1  1  1  1  1  1  1  1  1  1  1  1  1  1  1  1  1  1  2  1  1  1  2  1  2  1  1  1  1  1  2  2  1  2  1  2  2  2  2  2
 18 ZQ Bot                  49  19 11 11   0  0  0  0  0  0  0  0  1  1  0  0  0  1  1  1  1  1  2  2  1  1  2  1  1  1  2  2  2  2  2  2  2  2  2  2  2  2  2  2  2  2
 19 Granite                 47  18 12 11   0  0  0  0  0  0  0  1  1  1  0  0  0  0  2  1  1  0  1  1  1  1  1  1  2  1  2  2  2  2  2  2  2  2  2  2  2  2  2  2  2  2
 20 Mixed Strategy          47  13  7 21   1  0  1  0  0  1  1  1  1  1  0  0  1  1  1  1  1  0  1  1  1  0  1  1  1  1  1  2  1  1  2  2  2  2  2  2  2  2  2  2  2  2
 21 Marble                  46  16 11 14   0  0  0  0  0  0  1  0  1  1  0  0  1  0  1  1  0  1  1  1  1  1  1  1  2  2  2  2  1  1  2  2  2  2  2  2  2  2  2  2  2  2
 22 * De Bruijn             45   7  3 31   0  1  1  1  1  2  1  1  1  1  2  2  2  1  1  1  1  1  1  2  1  1  2  1  1  1  1  1  1  1  1  1  1  1  1  0  1  2  1  1  0  1
 23 * Anti-rotn             44  13 10 18   1  0  0  1  0  0  1  0  0  0  1  1  1  1  0  1  1  0  1  1  1  0  1  1  2  1  2  1  1  1  1  2  2  2  2  2  2  2  2  2  2  2
 24 * Pi                    41   1  1 39   1  1  1  1  1  1  1  1  1  1  1  2  1  1  1  1  1  1  1  1  1  1  1  1  1  1  1  1  1  1  1  1  1  1  1  1  0  1  1  1  1  1
 25 Inocencio               39  15 17  9   0  0  0  0  0  0  0  1  1  0  1  0  0  0  0  0  0  1  0  1  0  1  0  1  1  2  2  2  2  1  2  1  2  2  2  2  2  2  2  2  2  2
 26 * Foxtrot               33   1  9 31   0  0  0  0  0  2  1  0  1  1  1  1  1  1  1  0  1  1  1  1  0  1  1  1  0  1  1  1  1  1  1  1  1  1  1  1  1  1  1  1  1  1
 27 Multi-strategy          32  13 22  6   0  0  0  0  0  0  0  0  0  0  0  0  0  0  0  0  0  0  0  1  0  1  0  1  0  1  1  2  2  1  1  2  2  2  2  2  2  2  2  2  2  2
 28 Peterbot                30   9 20 12   0  0  0  0  0  0  0  0  0  0  0  0  0  1  0  1  1  0  0  0  0  1  1  1  0  1  0  1  1  1  1  2  1  2  2  2  1  2  2  2  2  2
 29 * Copy-drift            29   0 12 29   0  0  1  0  0  0  0  1  1  0  1  1  0  1  1  1  1  0  0  1  1  1  1  1  0  1  0  1  1  1  1  1  1  1  1  1  1  1  1  1  1  1
 30 * Add-drift             29   0 12 29   0  0  0  1  0  0  1  0  1  0  0  1  0  1  0  1  1  0  0  1  1  1  1  1  1  1  1  1  1  1  1  1  1  1  1  1  1  1  1  1  1  1
 31 * Add-react             22   1 20 20   0  0  0  0  0  0  0  0  0  0  0  0  0  1  0  1  1  0  0  0  0  1  1  1  0  1  1  1  1  1  1  1  1  0  1  1  1  1  1  1  1  2
 32 * Switch A Lot          22   2 21 18   1  0  0  0  0  0  0  0  0  0  0  0  0  0  0  1  1  0  0  0  0  1  0  1  1  1  0  0  1  1  1  1  1  1  2  1  2  1  1  1  1  1
 33 Knucklehead             22   5 24 12   0  0  0  0  0  0  0  0  0  0  0  0  0  0  0  0  0  0  0  0  0  1  0  1  0  1  0  1  1  1  1  1  1  1  2  1  1  2  2  1  2  2
 34 * Flat                  20   3 24 14   0  0  0  0  0  0  0  1  0  0  1  0  0  0  0  0  0  0  0  0  0  1  0  1  0  1  0  0  1  1  2  1  1  1  2  1  1  2  1  1  0  1
 35 Beat The Last Move      20   5 26 10   0  0  0  0  0  0  0  0  0  0  0  0  0  1  0  1  1  0  0  0  0  1  0  1  0  1  0  0  1  1  1  0  0  0  1  0  2  2  2  2  2  1
 36 Always Switchin'        19   2 24 15   0  0  0  0  0  0  0  0  0  0  0  0  0  0  0  1  0  0  0  0  0  2  0  1  0  1  0  0  1  1  1  1  1  1  2  1  1  1  1  1  1  1
 37 * Text                  19   2 24 15   0  0  0  0  0  0  0  0  0  0  1  0  0  1  0  1  1  0  0  0  0  1  0  2  0  1  0  1  1  1  1  0  1  1  0  1  1  0  0  1  2  1
 38 Beat Frequent Pick      16   4 29  8   0  0  0  0  0  0  0  0  0  0  0  0  0  0  0  0  0  0  0  0  0  0  0  1  0  1  0  0  1  1  1  1  0  0  0  1  2  1  2  2  2  1
 39 Good Ole Rock           16   3 28 10   0  0  0  0  0  0  0  0  0  0  0  0  0  0  0  0  0  0  0  0  0  1  0  1  0  1  0  0  1  1  1  1  0  1  0  1  2  0  1  2  2  1
 40 R-P-S 20-20-60          14   1 28 12   0  0  0  0  0  0  0  0  0  0  0  0  0  0  0  0  0  0  0  0  0  1  0  1  0  1  0  0  1  1  1  1  1  1  0  1  1  0  0  1  2  1
 41 * Anti-Flat             13   3 31  7   0  0  0  0  0  0  0  0  0  0  0  0  0  0  0  0  0  0  0  0  0  2  0  1  0  1  0  0  1  1  1  1  0  2  0  1  0  0  0  0  1  2
 42 Rotate R-P-S            13   0 28 13   0  0  0  0  0  0  0  0  0  0  0  0  0  0  0  0  0  0  0  0  0  1  0  1  0  1  0  0  1  1  0  1  0  1  1  1  1  1  1  1  0  1


   Yomi AI is match ranked 16

 Tournament results:
    Player Name          total 
  1 Yomi AI               4350 
 15 * Anti-rotn           5081 
 19 Iocaine Powder       10854 
 20 Phasenbott            9835 
 21 MegaHAL              10491 
 22 RussRocker4           7579 
 23 Biopic                8354 
 24 Simple Modeller       9437 
 25 Simple Predictor      7304 
 26 Robertot              7209 
 27 Boom                  7481 
 28 Shofar                6369 
 29 ACT-R Lag2            5641 
 30 Majikthise            4775 
 31 Vroomfondel           4722 
 32 Granite               6864 
 33 Marble                6709 
 34 ZQ Bot                5891 
 35 Sweet Rocky           7269 
 36 Piedra                6560 
 37 Mixed Strategy        4982 
 41 Bugbrain              5830 

   Yomi is tournament ranked 22

