 Playing 1 tournaments with 1000 trials per match...

 Yomi AI            vs Good Ole Rock       Match: 1000 (1000+   0-   0=)
 Yomi AI            vs R-P-S 20-20-60      Match:  253 (497+ 244- 259=)
 Yomi AI            vs Rotate R-P-S        Match:  366 (554+ 188- 258=)
 Yomi AI            vs Beat The Last Move  Match:   23 (343+ 320- 337=)
 Yomi AI            vs Always Switchin'    Match:  138 (436+ 298- 266=)
 Yomi AI            vs Beat Frequent Pick  Match:  350 (576+ 226- 198=)
 Yomi AI            vs * Pi                Match:  -14 (344+ 358- 298=)
 Yomi AI            vs * Switch A Lot      Match:  114 (402+ 288- 310=)
 Yomi AI            vs * Flat              Match:  120 (417+ 297- 286=)
 Yomi AI            vs * Anti-Flat         Match:  999 (999+   0-   1=)
 Yomi AI            vs * Foxtrot           Match:  238 (474+ 236- 290=)
 Yomi AI            vs * De Bruijn         Match:  -24 (316+ 340- 344=)
 Yomi AI            vs * Text              Match:   87 (383+ 296- 321=)
 Yomi AI            vs * Anti-rotn         Match:   25 (337+ 312- 351=)
 Yomi AI            vs * Copy-drift        Match:  -41 (318+ 359- 323=)
 Yomi AI            vs * Add-react         Match:   43 (362+ 319- 319=)
 Yomi AI            vs * Add-drift         Match:   -1 (343+ 344- 313=)
 Yomi AI            vs Iocaine Powder      Match:  -14 (330+ 344- 326=)
 Yomi AI            vs Phasenbott          Match:  -69 (304+ 373- 323=)
 Yomi AI            vs MegaHAL             Match:   10 (341+ 331- 328=)
 Yomi AI            vs RussRocker4         Match:  -28 (330+ 358- 312=)
 Yomi AI            vs Biopic              Match:  -12 (336+ 348- 316=)
 Yomi AI            vs Simple Modeller     Match:    9 (343+ 334- 323=)
 Yomi AI            vs Simple Predictor    Match:   -4 (344+ 348- 308=)
 Yomi AI            vs Robertot            Match:    8 (347+ 339- 314=)
 Yomi AI            vs Boom                Match:    9 (338+ 329- 333=)
 Yomi AI            vs Shofar              Match:   18 (349+ 331- 320=)
 Yomi AI            vs ACT-R Lag2          Match:  -12 (322+ 334- 344=)
 Yomi AI            vs Majikthise          Match:  -13 (330+ 343- 327=)
 Yomi AI            vs Vroomfondel         Match:  -47 (323+ 370- 307=)
 Yomi AI            vs Granite             Match:   86 (444+ 358- 198=)
 Yomi AI            vs Marble              Match:   88 (436+ 348- 216=)
 Yomi AI            vs ZQ Bot              Match:   84 (421+ 337- 242=)
 Yomi AI            vs Sweet Rocky         Match:   25 (354+ 329- 317=)
 Yomi AI            vs Piedra              Match:   29 (362+ 333- 305=)
 Yomi AI            vs Mixed Strategy      Match:   37 (373+ 336- 291=)
 Yomi AI            vs Multi-strategy      Match:  164 (458+ 294- 248=)
 Yomi AI            vs Inocencio           Match:   42 (380+ 338- 282=)
 Yomi AI            vs Peterbot            Match:    8 (321+ 313- 366=)
 Yomi AI            vs Bugbrain            Match:   -9 (327+ 336- 337=)
 Yomi AI            vs Knucklehead         Match:  350 (555+ 205- 240=)
 Final results (draw value = 50):

 Tournament results: 

    Player Name          total     1    2    3    4    5    6    7    8    9   10   11   12   13   14   15   16   17   18   19   20   21   22   23   24   25   26   27   28   29   30   31   32   33   34   35   36   37   38   39   40   41   42
  1 Iocaine Powder       11363     0    2   16   22   52  215  522    6  -11   22   33  214  245   53  -32    8   22  313   12   70   30   14  293   15  -22  829  182  208  379  185  124  335  596   71  909  253  313  911  985  991  993  985
  2 MegaHAL              10371    -2    0  -57    8   -1   24  144  -16   57  -32   19  243  227   29  -17  -18   57  239   -2   52   -3  -10  204  -10   65  944  176  106   39  158  142  311  379  223  918  470  386  944  990  986  999 1000
  3 Phasenbott           10074   -16   57    0   13   31   89  511   48   35   39   42  260  161   38    7   16   70  289   13   41   47   69  208   51  -14  221   96   43  344  103   68  400  315   99  927  286  176  941  980  987  994  989
  4 Biopic                8594   -22   -8  -13    0    0   37  -69   28   23  -23   60  120  134   52  -12   -3   39  127  -38   32  -26   12  214  -20   37  195  -54   93  394  130  134   75  466  163  748  290  382  911  994  995  998  999
  5 Simple Modeller       8194   -52    1  -31    0    0  260  -32   19   11  -16   26   63   69   73   -5   82   28  283  -57   52  -23   -9  270   12    4  101  253  265  -32   74  149  121  293  248  276  448  397  591  996  991  998  997
  6 Simple Predictor      7820  -215  -24  -89  -37 -260    0  -55  -62  -49  -40    5    2   13   32    2    5   45  166  -36   61  -29    4  179  -79  -14  669  304  279  -18  107  154  126  179  225  876  418  422  592  984  990  995  993
  7 RussRocker4           7717  -522 -144 -511   69   32   55    0   21   22    8   48  108  172   26  -15   -4   41  149  -25   42    0   28  270  -38   18  159  177  122  186  145   65  338  513  121  924  231  318  589  992  993  998  996
  8 Robertot              7662    -6   16  -48  -28  -19   62  -21    0  -49   -1   44   47   60   29   63   21  108   75  -52   40    6   -8  252  -34  -26   -5  -11   90    8   59  174   35  407   77  643  453  399  830  981  995 1000  996
  9 Boom                  7268    11  -57  -35  -23  -11   49  -22   49    0  -17   22   88   25   52  -37  -29   41   59   -3   63  -11   -9  250    8  -34   49   51   47  -16   53  135   99  461  168  247  448  388  753  991  974  997  994
 10 ACT-R Lag2            6769   -22   32  -39   23   16   40   -8    1   17    0   42  135  143   36    4  -29   -6  141   14   62   41   12  213  -67   10  794   18   14  -25  193  101   35  490  144  100  257  264  575   20  992  996  990
 11 Piedra                6707   -33  -19  -42  -60  -26   -5  -48  -44  -22  -42    0  -44  -82    4  -21  -23  -35  -23  -66   71  -25  -29  136  -81    3  781   63   28   60  158  192   85  189  211  223  288  409  593  995  990  998 1000
 12 Marble                6538  -214 -243 -260 -120  -63   -2 -108  -47  -88 -135   44    0   15   12  -63  -52    8  -42  -36   45  -18  -88  271 -105    6  654   31   72   57  164  177   80  260  151  925  253  423  594  996  994  999  991
 13 Granite               6413  -245 -227 -161 -134  -69  -13 -172  -60  -25 -143   82  -15    0   33  -40  -61  -20  -23   -5   29  -57  -86  240  -59  -24  649   65   27    5  141  178  101  331  112  814  277  398  591  989  995 1000  995
 14 Sweet Rocky           6380   -53  -29  -38  -52  -73  -32  -26  -29  -52  -36   -4  -12  -33    0  -10   -7   -5  -34  -24   47  -22  -25   47  -34  -50  -32   36   63  -25   65  166  300  206  168  789  220  441  594  990  996 1000  989
 15 Shofar                6159    32   17   -7   12    5   -2   15  -63   37   -4   21   63   40   10    0  -12   21   32   33   36    2  -18  118  -33  -13  -38  -20   88  -37   97  142   87  106  143  185  424  264  556  906  948  987  979
 16 Bugbrain              5978    -8   18  -16    3  -82   -5    4  -21   29   29   23   52   61    7   12    0   60  143   28   40  -23    9  124  -38   17  107  121   32    0   41   -8   99   74  132  333  247  197  393  906  917  953  968
 17 Mixed Strategy        5802   -22  -57  -70  -39  -28  -45  -41 -108  -41    6   35   -8   20    5  -21  -60    0    3  -34   18    9  -37   11  -25   20  504   14   32    8   44  146   71  181   -1  236  218  402  532  965  976  998  985
 18 ZQ Bot                5421  -313 -239 -289 -127 -283 -166 -149  -75  -59 -141   23   42   23   34  -32 -143   -3    0  -62   46  -29  -84  207  -16  -13  -53    5   42   44  177  155  336  253  184  869  282  394  597  996  995  996  997
 19 Majikthise            4968   -12    2  -13   38   57   36   25   52    3  -14   66   36    5   24  -33  -28   34   62    0   -5   16   13  201  -28   23   36  -24   19   19  101   32   30  230   95    3  276  172  451    8  995  993  972
 20 * Anti-rotn           4959   -70  -52  -41  -32  -52  -61  -42  -40  -63  -62  -71  -45  -29  -47  -36  -40  -18  -46    5    0  -10  -25  280  -63  -52  262    4  -25  -16  260   52   16  107  306   52  498  178  499  492 1000  997  989
 21 Vroomfondel           4690   -30    3  -47   26   23   29    0   -6   11  -41   25   18   57   22   -2   23   -9   29  -16   10    0   47  170   27    3   41  -20    2   63   74   16   75  214   66  -21  280  157  458  -51  992  996  976
 22 Yomi AI               4435   -14   10  -69  -12    9   -4  -28    8    9  -12   29   88   86   25   18   -9   37   84  -13   25  -47    0  164  -24  -14   42   -1  -41  238  120   87   43  350  114    8  138  253  350   23  366 1000  999
 23 Multi-strategy        2175  -293 -204 -208 -214 -270 -179 -270 -252 -250 -213 -136 -271 -240  -47 -118 -124  -11 -207 -201 -280 -170 -164    0  -50  -20 -125   19  236   -6  108  123   13   37  271   14  492  395  999  997  997  999  998
 24 * De Bruijn            829   -15   10  -51   20  -12   79   38   34   -8   67   81  105   59   34   33   38   25   16   28   63  -27   24   50    0   -1   19   14  -10   22  -13   23   13   -3   16    4   32  -11  128   -1   21    0 -115
 25 * Pi                    13    22  -65   14  -37   -4   14  -18   26   34  -10   -3   -6   24   50   13  -17  -20   13  -23   52   -3   14   20    1    0    8  -12   -7   38   52  -81    8   15  -40   -7  -28  -44   30   22  -11  -11  -10
 26 Inocencio             -668  -829 -944 -221 -195 -101 -669 -159    5  -49 -794 -781 -654 -649   32   38 -107 -504   53  -36 -262  -41  -42  125  -19   -8    0   46  100  316  153  148   99  195  103  128  252  363  355  944  981  979  981
 27 * Add-drift          -1496  -182 -176  -96   54 -253 -304 -177   11  -51  -18  -63  -31  -65  -36   20 -121  -14   -5   24   -4   20    1  -19  -14   12  -46    0    9   26  -64  -24   31   15    8  -14  -27    0   18   -2   11   20   30
 28 * Copy-drift         -1971  -208 -106  -43  -93 -265 -279 -122  -90  -47  -14  -28  -72  -27  -63  -88  -32  -32  -42  -19   25   -2   41 -236   10    7 -100   -9    0   21   30   22    3 -101  -26  -38  -26  -29    9   -6   36   41   27
 29 * Foxtrot            -2206  -379  -39 -344 -394   32   18 -186   -8   16   25  -60  -57   -5   25   37    0   -8  -44  -19   16  -63 -238    6  -22  -38 -316  -26  -21    0    1  -61  -12  -55   15  -44    8   -8  -17    2   16   31   10
 30 * Flat               -2980  -185 -158 -103 -130  -74 -107 -145  -59  -53 -193 -158 -164 -141  -65  -97  -41  -44 -177 -101 -260  -74 -120 -108   13  -52 -153   64  -30   -1    0   37   40    1   17 -154  -11  -71  240  188   54   -1 -404
 31 * Text               -3084  -124 -142  -68 -134 -149 -154  -65 -174 -135 -101 -192 -177 -178 -166 -142    8 -146 -155  -32  -52  -16  -87 -123  -23   81 -148   24  -22   61  -37    0  -28   37  -20   11   22    6 -185  -74  -11 -185  111
 32 * Add-react          -3261  -335 -311 -400  -75 -121 -126 -338  -35  -99  -35  -85  -80 -101 -300  -87  -99  -71 -336  -30  -16  -75  -43  -13  -13   -8  -99  -31   -3   12  -40   28    0  -15  -18  -46  -46  -33    3   70  121  -13   81
 33 Knucklehead          -3304  -596 -379 -315 -466 -293 -179 -513 -407 -461 -490 -189 -260 -331 -206 -106  -74 -181 -253 -230 -107 -214 -350  -37    3  -15 -195  -15  101   55   -1  -37   15    0   23 -110   -9   79  180  744  515 1000 1000
 34 * Switch A Lot       -3399   -71 -223  -99 -163 -248 -225 -121  -77 -168 -144 -211 -151 -112 -168 -143 -132    1 -184  -95 -306  -66 -114 -271  -16   40 -103   -8   26  -15  -17   20   18  -23    0 -148  -31   48   50  344  -47  -25  -21
 35 Peterbot             -5562  -909 -918 -927 -748 -276 -876 -924 -643 -247 -100 -223 -925 -814 -789 -185 -333 -236 -869   -3  -52   21   -8  -14   -4    7 -128   14   38   44  154  -11   46  110  148    0  223  402  437  963  998 1000  995
 36 Always Switchin'     -7216  -253 -470 -286 -290 -448 -418 -231 -453 -448 -257 -288 -253 -277 -220 -424 -247 -218 -282 -276 -498 -280 -138 -492  -32   28 -252   27   26   -8   11  -22   46    9   31 -223    0   27   20  537   19    1  -14
 37 R-P-S 20-20-60       -9110  -313 -386 -176 -382 -397 -422 -318 -399 -388 -264 -409 -423 -398 -441 -264 -197 -402 -394 -172 -178 -157 -253 -395   11   44 -363    0   29    8   71   -6   33  -79  -48 -402  -27    0 -366 -170  -15 -449  147
 38 Beat Frequent Pick  -14351  -911 -944 -941 -911 -591 -592 -589 -830 -753 -575 -593 -594 -591 -594 -556 -393 -532 -597 -451 -499 -458 -350 -999 -128  -30 -355  -18   -9   17 -240  185   -3 -180  -50 -437  -20  366    0 -600    0  999  996
 39 Beat The Last Move  -19085  -985 -990 -980 -994 -996 -984 -992 -981 -991  -20 -995 -996 -989 -990 -906 -906 -965 -996   -8 -492   51  -23 -997    1  -22 -944    2    6   -2 -188   74  -70 -744 -344 -963 -537  170  600    0    1 1000 1000
 40 Rotate R-P-S        -25422  -991 -986 -987 -995 -991 -990 -993 -995 -974 -992 -990 -994 -995 -996 -948 -917 -976 -995 -995 -1000 -992 -366 -997  -21   11 -981  -11  -36  -16  -54   11 -121 -515   47 -998  -19   15    0   -1    0    0 -678
 41 Good Ole Rock       -26271  -993 -999 -994 -998 -998 -995 -998 -1000 -997 -996 -998 -999 -1000 -1000 -987 -953 -998 -996 -993 -997 -996 -1000 -999    0   11 -979  -20  -41  -31    1  185   13 -1000   25 -1000   -1  449 -999 -1000    0    0 1000
 42 * Anti-Flat         -27913  -985 -1000 -989 -999 -997 -993 -996 -996 -994 -990 -1000 -991 -995 -989 -979 -968 -985 -997 -972 -989 -976 -999 -998  115   10 -981  -30  -27  -10  404 -111  -81 -1000   21 -995   14 -147 -996 -1000  678 -1000    0

 Match results (draw <= 50): 

    Player Name           total  W  L  D   1  2  3  4  5  6  7  8  9 10 11 12 13 14 15 16 17 18 19 20 21 22 23 24 25 26 27 28 29 30 31 32 33 34 35 36 37 38 39 40 41 42
  1 Iocaine Powder          67  26  0 15   1  1  1  2  2  1  1  1  1  1  1  1  1  1  2  1  2  1  2  1  2  2  2  1  2  2  2  2  2  2  2  2  2  2  2  2  2  2  2  2  2  2
  2 Phasenbott              67  26  0 15   1  1  2  1  2  1  1  1  1  1  1  2  1  1  2  1  1  2  1  2  2  2  2  1  2  2  2  2  2  1  2  2  2  2  2  2  2  2  2  2  2  2
  3 MegaHAL                 65  25  1 15   1  0  1  1  2  1  1  2  1  1  1  1  1  1  1  1  1  2  2  1  2  2  2  2  2  2  2  2  1  2  2  2  2  2  2  2  2  2  2  2  2  2
  4 Simple Modeller         63  24  2 15   0  1  1  1  1  1  1  1  2  1  1  1  0  1  2  1  2  1  2  1  2  2  2  1  2  2  2  2  1  2  2  2  2  2  2  2  2  2  2  2  2  2
  5 RussRocker4             61  23  3 15   0  0  0  1  1  2  1  1  1  1  1  1  1  1  2  1  1  1  1  1  2  2  2  1  2  2  2  2  2  2  2  2  2  2  2  2  2  2  2  2  2  2
  6 Biopic                  61  22  2 17   1  1  1  1  0  1  1  1  1  1  1  1  1  2  1  1  2  1  1  1  2  2  2  1  2  0  2  2  2  2  2  2  2  2  2  2  2  2  2  2  2  2
  7 Robertot                59  19  1 21   1  1  1  1  1  1  1  1  1  1  2  1  0  1  2  1  1  2  1  1  2  1  1  1  2  1  2  2  1  2  1  2  2  2  2  2  2  2  2  2  2  2
  8 Boom                    59  19  1 21   1  1  0  1  1  1  1  1  1  1  1  1  1  1  1  1  2  1  2  1  1  2  1  1  2  2  2  2  1  1  2  2  2  2  2  2  2  2  2  2  2  2
  9 Bugbrain                58  18  1 22   1  1  1  0  1  1  1  1  1  1  1  1  1  1  1  1  1  2  1  1  2  2  2  1  2  2  2  2  1  1  2  2  2  1  1  2  2  2  2  2  2  2
 10 ACT-R Lag2              57  17  1 23   1  1  1  1  1  1  1  1  1  1  1  1  1  1  1  1  1  1  2  0  2  2  2  1  2  1  2  2  1  1  1  2  1  2  2  2  2  2  2  2  2  2
 11 Shofar                  56  16  1 24   1  1  1  1  1  1  0  1  1  1  1  1  1  1  1  1  1  1  1  1  1  2  1  1  1  1  2  2  1  2  2  2  2  2  2  2  2  2  2  2  2  2
 12 Yomi AI                 55  15  1 25   1  0  1  1  1  1  1  1  1  1  1  1  1  1  1  1  1  1  1  1  2  2  1  1  2  1  2  1  2  1  1  2  1  2  2  2  2  2  2  2  2  2
 13 Majikthise              55  14  0 27   1  1  1  2  1  1  2  1  1  1  1  1  1  2  1  1  1  1  1  1  1  1  1  1  2  1  2  1  1  1  1  2  1  1  2  2  2  2  2  2  2  2
 14 Piedra                  55  18  4 19   1  1  1  1  1  0  1  1  1  1  1  1  0  1  1  1  1  1  2  0  0  1  2  1  1  2  2  2  2  1  2  2  2  2  2  2  2  2  2  2  2  2
 15 Simple Predictor        54  19  6 16   0  0  1  0  0  1  0  1  1  1  1  1  1  1  1  1  1  1  2  0  1  1  2  1  2  2  2  2  1  2  2  2  2  2  2  2  2  2  2  2  2  2
 16 Vroomfondel             53  13  1 27   1  1  1  1  1  1  1  1  1  1  1  1  1  1  1  1  1  1  1  1  2  1  1  1  1  1  2  1  2  1  2  2  0  1  2  2  2  2  2  2  2  2
 17 Sweet Rocky             51  14  4 23   0  1  1  0  1  0  1  0  1  1  1  1  1  1  1  1  1  1  1  1  1  1  1  1  1  1  1  2  1  2  2  2  2  2  2  2  2  2  2  2  2  2
 18 Mixed Strategy          49  12  4 25   1  0  0  1  1  1  0  1  0  1  1  1  1  1  1  1  1  1  1  1  1  1  2  1  1  1  1  2  1  1  2  2  2  2  1  1  2  2  2  2  2  2
 19 * Anti-rotn             46  14  9 18   0  1  0  0  1  1  1  0  1  0  1  1  1  0  0  1  1  1  1  0  1  1  2  0  1  1  2  2  1  1  1  2  2  2  2  2  2  2  2  2  2  2
 20 * De Bruijn             46   7  2 32   1  0  1  1  1  1  1  1  1  2  1  1  1  2  2  1  1  1  2  1  2  2  1  1  1  1  1  1  1  1  1  1  1  1  1  1  1  2  1  1  1  0
 21 Granite                 46  17 12 12   0  0  0  0  0  0  0  1  0  0  1  0  1  2  1  0  1  1  1  0  1  1  2  1  1  2  2  2  1  1  2  2  2  2  2  2  2  2  2  2  2  2
 22 Marble                  46  17 12 12   0  0  0  0  0  0  1  0  0  0  0  0  1  1  1  1  1  1  1  0  1  1  2  1  1  1  2  2  2  2  2  2  2  2  2  2  2  2  2  2  2  2
 23 Inocencio               44  17 14 10   0  0  0  0  0  0  1  1  0  0  1  1  1  0  0  1  1  0  0  1  0  0  1  1  2  1  2  2  2  2  2  2  2  2  2  2  2  2  2  2  2  2
 24 * Pi                    41   2  2 37   1  1  0  1  1  1  1  1  1  1  1  1  1  1  1  1  1  1  2  1  1  1  1  1  1  1  1  1  1  1  1  1  1  0  2  1  1  1  1  1  1  1
 25 ZQ Bot                  41  14 14 13   0  0  0  0  0  0  0  0  0  0  1  0  0  1  0  1  1  1  1  1  1  1  0  1  1  1  2  2  1  1  2  2  2  2  2  2  2  2  2  2  2  2
 26 * Add-drift             31   1 11 29   0  0  0  0  0  2  1  0  0  1  1  1  1  0  0  1  1  1  1  1  0  1  1  1  1  1  1  1  1  1  1  1  1  1  0  1  1  1  1  1  1  1
 27 Multi-strategy          31  11 21  9   0  0  0  0  0  0  0  0  0  0  0  0  0  0  0  0  1  1  0  1  0  0  0  1  0  1  1  1  1  2  1  1  2  2  2  2  2  2  2  2  2  2
 28 Peterbot                31  10 20 11   0  0  0  0  0  0  0  0  0  0  0  1  1  0  0  1  0  0  0  1  0  0  0  1  0  1  1  1  1  1  1  2  2  1  2  2  2  2  2  2  2  2
 29 * Foxtrot               30   0 11 30   0  0  1  1  0  0  1  1  1  1  1  0  1  0  1  0  1  1  1  1  1  0  0  1  1  1  1  1  1  1  1  0  1  0  1  1  1  1  1  1  1  1
 30 * Copy-drift            28   0 13 28   0  1  0  0  0  0  0  1  1  1  0  1  1  1  0  1  0  1  1  1  1  0  0  1  1  1  0  1  1  1  1  0  1  1  1  1  1  1  1  1  1  1
 31 * Add-react             26   3 18 20   0  0  0  0  0  0  1  0  0  1  0  1  1  0  0  0  0  0  1  1  0  0  0  1  0  1  1  1  1  1  1  1  2  1  1  1  1  1  1  1  2  2
 32 Knucklehead             25   8 24  9   0  0  0  0  0  0  0  0  0  0  0  0  0  0  0  0  0  0  0  1  0  0  0  1  0  1  1  0  2  2  1  1  2  1  1  1  1  2  2  2  2  2
 33 Beat The Last Move      21   6 26  9   0  0  0  0  0  0  0  0  0  1  0  1  1  0  0  2  0  0  0  1  0  0  0  1  0  1  0  0  1  1  0  0  1  2  0  0  0  2  2  2  1  2
 34 * Text                  20   3 24 14   0  0  0  0  0  0  0  0  1  0  0  0  1  0  0  1  0  0  0  1  0  0  0  2  0  1  0  1  2  1  1  1  0  1  1  1  1  0  0  1  1  2
 35 * Flat                  19   4 26 11   0  0  0  0  0  0  0  0  1  0  0  0  0  0  0  0  0  1  0  1  0  0  0  0  0  2  0  0  1  1  1  1  2  1  1  1  1  2  1  0  2  0
 36 * Switch A Lot          18   1 24 16   0  0  0  0  0  0  0  0  0  0  0  0  0  0  0  0  0  1  0  1  0  0  0  1  0  1  0  0  1  1  1  1  2  1  1  1  1  1  1  1  1  1
 37 Always Switchin'        17   1 25 15   0  0  0  0  0  0  0  0  0  0  0  0  0  0  0  0  0  0  0  1  0  0  0  1  0  1  0  0  1  1  1  1  2  1  1  1  1  1  1  1  1  1
 38 Beat Frequent Pick      16   4 29  8   0  0  0  0  0  0  0  0  0  0  0  0  0  0  0  0  0  0  0  0  0  0  0  1  0  1  0  0  1  1  1  0  0  2  0  1  1  1  2  2  1  2
 39 Good Ole Rock           16   3 28 10   0  0  0  0  0  0  0  0  0  0  0  0  0  0  0  0  0  0  0  1  0  0  0  1  0  1  0  0  1  1  1  0  0  2  1  1  1  0  1  2  1  2
 40 R-P-S 20-20-60          14   2 29 10   0  0  0  0  0  0  0  0  0  0  0  0  0  0  0  0  0  0  0  1  0  0  0  1  0  1  0  0  1  1  1  0  0  1  2  1  1  0  0  1  1  2
 41 Rotate R-P-S            12   0 29 12   0  0  0  0  0  0  0  0  0  0  0  0  0  0  0  0  0  0  0  1  0  0  0  1  0  1  0  0  1  1  0  0  1  1  0  1  1  1  1  1  1  0
 42 * Anti-Flat             12   3 32  6   0  0  0  0  0  0  0  0  0  0  0  0  0  0  0  0  0  0  0  2  0  0  0  1  0  1  0  0  1  1  0  0  0  0  2  1  1  0  0  0  2  1


   Yomi AI is match ranked 12

 Tournament results:
    Player Name          total 
  1 Yomi AI               4435 
 15 * Anti-rotn           4959 
 19 Iocaine Powder       11363 
 20 Phasenbott           10074 
 21 MegaHAL              10371 
 22 RussRocker4           7717 
 23 Biopic                8594 
 24 Simple Modeller       8194 
 25 Simple Predictor      7820 
 26 Robertot              7662 
 27 Boom                  7268 
 28 Shofar                6159 
 29 ACT-R Lag2            6769 
 30 Majikthise            4968 
 31 Vroomfondel           4690 
 32 Granite               6413 
 33 Marble                6538 
 34 ZQ Bot                5421 
 35 Sweet Rocky           6380 
 36 Piedra                6707 
 37 Mixed Strategy        5802 
 41 Bugbrain              5978 

   Yomi is tournament ranked 22

