 Playing 1 tournaments with 1000 trials per match...

 Yomi AI            vs Good Ole Rock       Match: 1000 (1000+   0-   0=)
 Yomi AI            vs R-P-S 20-20-60      Match:  348 (564+ 216- 220=)
 Yomi AI            vs Rotate R-P-S        Match:  978 (982+   4-  14=)
 Yomi AI            vs Beat The Last Move  Match:  148 (439+ 291- 270=)
 Yomi AI            vs Always Switchin'    Match:  159 (446+ 287- 267=)
 Yomi AI            vs Beat Frequent Pick  Match:  449 (639+ 190- 171=)
 Yomi AI            vs * Pi                Match:   -3 (333+ 336- 331=)
 Yomi AI            vs * Switch A Lot      Match:  108 (403+ 295- 302=)
 Yomi AI            vs * Flat              Match:  154 (428+ 274- 298=)
 Yomi AI            vs * Anti-Flat         Match:  992 (994+   2-   4=)
 Yomi AI            vs * Foxtrot           Match:  306 (531+ 225- 244=)
 Yomi AI            vs * De Bruijn         Match:  -21 (303+ 324- 373=)
 Yomi AI            vs * Text              Match:  133 (415+ 282- 303=)
 Yomi AI            vs * Anti-rotn         Match:   22 (343+ 321- 336=)
 Yomi AI            vs * Copy-drift        Match:    8 (341+ 333- 326=)
 Yomi AI            vs * Add-react         Match:    4 (347+ 343- 310=)
 Yomi AI            vs * Add-drift         Match:   16 (344+ 328- 328=)
 Yomi AI            vs Iocaine Powder      Match:  -70 (312+ 382- 306=)
 Yomi AI            vs Phasenbott          Match:  -32 (315+ 347- 338=)
 Yomi AI            vs MegaHAL             Match:   23 (358+ 335- 307=)
 Yomi AI            vs RussRocker4         Match:   -4 (337+ 341- 322=)
 Yomi AI            vs Biopic              Match:  -33 (340+ 373- 287=)
 Yomi AI            vs Simple Modeller     Match:   17 (344+ 327- 329=)
 Yomi AI            vs Simple Predictor    Match:   44 (380+ 336- 284=)
 Yomi AI            vs Robertot            Match:   20 (351+ 331- 318=)
 Yomi AI            vs Boom                Match:   35 (355+ 320- 325=)
 Yomi AI            vs Shofar              Match:   -7 (348+ 355- 297=)
 Yomi AI            vs ACT-R Lag2          Match:   15 (351+ 336- 313=)
 Yomi AI            vs Majikthise          Match:   -2 (346+ 348- 306=)
 Yomi AI            vs Vroomfondel         Match:   41 (359+ 318- 323=)
 Yomi AI            vs Granite             Match:   42 (383+ 341- 276=)
 Yomi AI            vs Marble              Match:   78 (406+ 328- 266=)
 Yomi AI            vs ZQ Bot              Match:   95 (415+ 320- 265=)
 Yomi AI            vs Sweet Rocky         Match:   59 (375+ 316- 309=)
 Yomi AI            vs Piedra              Match:   60 (386+ 326- 288=)
 Yomi AI            vs Mixed Strategy      Match:    7 (364+ 357- 279=)
 Yomi AI            vs Multi-strategy      Match:  331 (545+ 214- 241=)
 Yomi AI            vs Inocencio           Match:   15 (357+ 342- 301=)
 Yomi AI            vs Peterbot            Match:   74 (379+ 305- 316=)
 Yomi AI            vs Bugbrain            Match:  -16 (329+ 345- 326=)
 Yomi AI            vs Knucklehead         Match:  475 (649+ 174- 177=)
 Final results (draw value = 50):

 Tournament results: 

    Player Name          total     1    2    3    4    5    6    7    8    9   10   11   12   13   14   15   16   17   18   19   20   21   22   23   24   25   26   27   28   29   30   31   32   33   34   35   36   37   38   39   40   41   42
  1 Iocaine Powder       11106     0  135   70   22   41   13  169  535   24  229   21   70   32  291   60  256   70   68   79   94   36  -32  231   23   14  317  164  349  190  323  126  127   42  588  205  902  381  888  985  980  994  994
  2 Phasenbott            9977  -135    0   44   68   50   49  107  560   -6  171   18   61   -6  273    7  211   32   57   52   72   54  -27  311   23   25  198  142  366  125  283  150   82   71  393  245  889   99  894  992  989  995  993
  3 MegaHAL               9610   -70  -44    0  -27   21   31   41  110   14  282   36   -1  -53  249   10  213  -23   76   62   78   -1  -11  193   27  -21  172  161  123   61  304  177  142  263  388  454  875  366  963  987  986 1000  996
  4 Simple Modeller       9223   -22  -68   27    0    6   22  257   25   42  121   60   53   37  306    6  105  -17   29   50  218  -23  -66  166  -41   26  784  274  -41  275  104   52  144  271  290  431  322  433  587  989  996  999  994
  5 Biopic                8193   -41  -50  -21   -6    0   45   53    2   16  116  -36   -5    3  108   58  149   33   50   49  -61  -31  -29  220  -26  -38  200  -12  405   92   78   93  138  168  518  312  703  386  577  995  994  996  992
  6 Robertot              7991   -13  -49  -31  -22  -45    0   28  -73   -7   69   -2  -30   -4   96   49   72  -20   73   41   45   -2   22  203    1   -8   51   -6  -23  117   85   67  172   65  398  470  937  402  910  968  994  995  996
  7 Simple Predictor      7623  -169 -107  -41 -257  -53  -28    0  -56  -45   12    7  -18  -27  140   77  -23  -44   44   59   41  -22  -32  191  -79  -14  395  332  -66  272  155   44  149  224  300  363  941  409  587  984  986  993  999
  8 RussRocker4           7380  -535 -560 -110  -25   -2   73   56    0   10  131   13   22  -20  154   25  164    4   67   58   16    0  -30  207  -46  -26   86   97  190  205  348   90   85  148  438  229  925  316  594  992  991 1000 1000
  9 Boom                  7236   -24    6  -14  -42  -16    7   45  -10    0   30  -24  -31  -14   61   53   69  -35   47   60  -18  -36   -3  269  -23  -35   47   17  -19   72   97   22  153  120  416  435  479  364  753  973  989  997  999
 10 Marble                6593  -229 -171 -282 -121 -116  -69  -12 -131  -30    0  -78  -94  -83   49   59   -9  -78   40   86    4  -49  -29  267  -88  -43  641   56   25   78   67  181  180  148  281  214  922  433  594  991  995 1000  994
 11 Bugbrain              6433   -21  -18  -36  -60   36    2   -7  -13   24   78    0   -8   15  177   56  119   16   47   37   63  -12    5  120  -27   31   57  137   55   44  110   68   32  111  166  258  287  205  365  960  985  971  998
 12 ACT-R Lag2            6410   -70  -61    1  -53    5   30   18  -22   31   94    8    0   13   91   47   95  -15   69   28   73  -33  -18  338  -69   -8  209    9  -21  -20   50  112   98  112  484  281  244  285  577  414  992  996  996
 13 Shofar                6316   -32    6   53  -37   -3    4   27   20   14   83  -15  -13    0   49   38   61    7   93   62   24   -9  -31  107    2   -3   65  -26  -48   22   67   83  104  189  158  416  156  277  555  871  959  976  985
 14 ZQ Bot                6316  -291 -273 -249 -306 -108  -96 -140 -154  -61  -49 -177  -91  -49    0   76  -22  -95   38   51   -2  -37   15  223  -52  -27  793  106   56   29  320  148  148  121  320  189  976  409  597  996  990  998  996
 15 Sweet Rocky           6257   -60   -7  -10   -6  -58  -49  -77  -25  -53  -59  -56  -47  -38  -76    0  -31  -59  -38   40   18  -42  -39   84  -52  -37  699   26   29   60   83  150  175  226  209  176  220  418  595  987  991  994  996
 16 Granite               6239  -256 -211 -213 -105 -149  -72   23 -164  -69    9 -119  -95  -61   22   31    0  -42   36   40   52  -33  -55  197  -77   -9  504   50   59  103  109   93  181  132  279  195  906  366  593  992  998  999 1000
 17 Yomi AI               6068   -70  -32   23   17  -33   20   44   -4   35   78  -16   15   -7   95   59   42    0   60   22    7   41   -2  331  -21   -3   15   16  306    8    4  154  133  108  475  159   74  348  449  148  978 1000  992
 18 Piedra                5817   -68  -57  -76  -29  -50  -73  -44  -67  -47  -40  -47  -69  -93  -38   38  -36  -60    0   26   18  -16  -41  130  -11  -44  -51   56    0   29  122   70  169   89  262  200  690  398  591  995  997  998  996
 19 * Anti-rotn           5458   -79  -52  -62  -50  -49  -41  -59  -58  -60  -86  -37  -28  -62  -51  -40  -40  -22  -26    0   42   -5  -24  238  -44  -37  792   -9   -5   27   12  203   56  333   30  507   17  157  597  486  996  996  995
 20 Mixed Strategy        5405   -94  -72  -78 -218   61  -45  -41  -16   18   -4  -63  -73  -24    2  -18  -52   -7  -18  -42    0  -45   -3   29  -50  -47  576  -28   14   53    5  109  163   92  130   64  252  431  535  965  961  988  995
 21 Vroomfondel           4884   -36  -54    1   23   31    2   22    0   36   49   12   33    9   37   42   33  -41   16    5   45    0   18  222   -8   42   73    7  -32   58   17   77    0  104  236  232   42  121  457  -23  990  995  991
 22 Majikthise            4811    32   27   11   66   29  -22   32   30    3   29   -5   18   31  -15   39   55    2   41   24    3  -18    0  167   26   -9   68  -28  -15  -35    0   81  -21   95  219  266  -16  176  458  -12  992  998  989
 23 Multi-strategy        2556  -231 -311 -193 -166 -220 -203 -191 -207 -269 -267 -120 -338 -107 -223  -84 -197 -331 -130 -238  -29 -222 -167    0  -50  -20 -162   12   49  267  -10  106  123  302   50  473  500  370  999  997  997  999  998
 24 * De Bruijn            771   -23  -23  -27   41   26   -1   79   46   23   88   27   69   -2   52   52   77   21   11   44   50    8  -26   50    0   -1   39  -27   17  -31    8   32   23   21  -23   23  -18    1  128   -1   21    0 -103
 25 * Pi                   354   -14  -25   21  -26   38    8   14   26   35   43  -31    8    3   27   37    9    3   44   37   47  -42    9   20    1    0   34  -10    7   39  -42   22  -81    7   34   14    8    9   30   22  -11  -11   -9
 26 Inocencio             -461  -317 -198 -172 -784 -200  -51 -395  -86  -47 -641  -57 -209  -65 -793 -699 -504  -15   51 -792 -576  -73  -68  162  -39  -34    0   63  299  146  102  100  160   63  174  248  159  402  359  936  974  975  981
 27 * Add-drift          -1613  -164 -142 -161 -274   12    6 -332  -97  -17  -56 -137   -9   26 -106  -26  -50  -16  -56    9   28   -7   28  -12   27   10  -63    0   30   13  -83  -29  -16   35   30   29  -19   16   49  -18  -11    1  -61
 28 * Foxtrot            -2059  -349 -366 -123   41 -405   23   66 -190   19  -25  -55   21   48  -56  -29  -59 -306    0    5  -14   32   15  -49  -17   -7 -299  -30    0   37   16  -18   -3  -22  -22   46  -35  -23   40  -19  -16   43   26
 29 * Copy-drift         -2417  -190 -125  -61 -275  -92 -117 -272 -205  -72  -78  -44   20  -22  -29  -60 -103   -8  -29  -27  -53  -58   35 -267   31  -39 -146  -13  -37    0    5  -20   -1   32  -67    3  -26  -55   12  -16    2   -2   52
 30 * Add-react          -2561  -323 -283 -304 -104  -78  -85 -155 -348  -97  -67 -110  -50  -67 -320  -83 -109   -4 -122  -12   -5  -17    0   10   -8   42 -102   83  -16   -5    0   14   44  -10   55  -41  -32   -7    4   34   11    2  104
 31 * Flat               -2754  -126 -150 -177  -52  -93  -67  -44  -90  -22 -181  -68 -112  -83 -148 -150  -93 -154  -70 -203 -109  -77  -81 -106  -32  -22 -100   29   18   20  -14    0    0  -35    2   -8 -175  -72  233  249   31   -1 -421
 32 * Text               -3037  -127  -82 -142 -144 -138 -172 -149  -85 -153 -180  -32  -98 -104 -148 -175 -181 -133 -169  -56 -163    0   21 -123  -23   81 -160   16    3    1  -44    0    0   23   31   61   19   31 -185  -74  -11 -185  112
 33 * Switch A Lot       -3571   -42  -71 -263 -271 -168  -65 -224 -148 -120 -148 -111 -112 -189 -121 -226 -132 -108  -89 -333  -92 -104  -95 -302  -21   -7  -63  -35   22  -32   10   35  -23    0  -37    4 -128   17  -21  306  -21    7  -50
 34 Knucklehead          -4135  -588 -393 -388 -290 -518 -398 -300 -438 -416 -281 -166 -484 -158 -320 -209 -279 -475 -262  -30 -130 -236 -219  -50   23  -34 -174  -30   22   67  -55   -2  -31   37    0    0    3   69  168  932  -32  944  986
 35 Always Switchin'     -6907  -205 -245 -454 -431 -312 -470 -363 -229 -435 -214 -258 -281 -416 -189 -176 -195 -159 -200 -507  -64 -232 -266 -473  -23  -14 -248  -29  -46   -3   41    8  -61   -4    0    0 -257   21   45  481  -10  -46   12
 36 Peterbot             -6944  -902 -889 -875 -322 -703 -937 -941 -925 -479 -922 -287 -244 -156 -976 -220 -906  -74 -690  -17 -252  -42   16 -500   18   -8 -159   19   35   26   32  175  -19  128   -3  257    0  404  434  963  997 1000 1000
 37 R-P-S 20-20-60       -8935  -381  -99 -366 -433 -386 -402 -409 -316 -364 -433 -205 -285 -277 -409 -418 -366 -348 -398 -157 -431 -121 -176 -370   -1   -9 -402  -16   23   55    7   72  -31  -17  -69  -21 -404    0 -382 -143   27 -417  343
 38 Beat Frequent Pick  -14234  -888 -894 -963 -587 -577 -910 -587 -594 -753 -594 -365 -577 -555 -597 -595 -593 -449 -591 -597 -535 -457 -458 -999 -128  -30 -359  -49  -40  -12   -4 -233  185   21 -168  -45 -434  382    0 -600    0  999  996
 39 Beat The Last Move  -19683  -985 -992 -987 -989 -995 -968 -984 -992 -973 -991 -960 -414 -871 -996 -987 -992 -148 -995 -486 -965   23   12 -997    1  -22 -936   18   19   16  -34 -249   74 -306 -932 -481 -963  143  600    0    1 1000 1000
 40 Rotate R-P-S        -25341  -980 -989 -986 -996 -994 -994 -986 -991 -989 -995 -985 -992 -959 -990 -991 -998 -978 -997 -996 -961 -990 -992 -997  -21   11 -974   11   16   -2  -11  -31   11   21   32   10 -997  -27    0   -1    0    0 -663
 41 Good Ole Rock       -26186  -994 -995 -1000 -999 -996 -995 -993 -1000 -997 -1000 -971 -996 -976 -998 -994 -999 -1000 -998 -996 -988 -995 -998 -999    0   11 -975   -1  -43    2   -2    1  185   -7 -944   46 -1000  417 -999 -1000    0    0 1000
 42 * Anti-Flat         -28189  -994 -993 -996 -994 -992 -996 -999 -1000 -999 -994 -998 -996 -985 -996 -996 -1000 -992 -996 -995 -995 -991 -989 -998  103    9 -981   61  -26  -52 -104  421 -112   50 -986  -12 -1000 -343 -996 -1000  663 -1000    0

 Match results (draw <= 50): 

    Player Name           total  W  L  D   1  2  3  4  5  6  7  8  9 10 11 12 13 14 15 16 17 18 19 20 21 22 23 24 25 26 27 28 29 30 31 32 33 34 35 36 37 38 39 40 41 42
  1 Iocaine Powder          71  30  0 11   1  2  2  2  1  1  1  1  1  1  2  2  1  2  1  2  2  2  1  2  2  2  2  2  1  2  2  2  2  2  2  2  2  2  1  2  2  2  2  2  2  2
  2 Phasenbott              69  29  1 11   0  1  1  2  2  1  1  1  1  1  1  2  1  2  2  2  2  1  1  2  2  2  2  2  1  2  2  2  2  2  2  2  2  2  2  2  2  2  2  2  2  2
  3 MegaHAL                 64  25  2 14   0  1  1  2  1  1  0  1  1  1  1  1  1  1  1  2  2  1  1  2  2  2  2  2  1  2  2  2  2  2  2  2  2  2  2  2  2  2  2  2  2  2
  4 RussRocker4             63  25  3 13   0  0  0  1  1  1  1  1  2  1  1  1  1  2  1  1  2  1  1  2  2  2  2  2  1  2  2  2  2  2  2  2  2  2  2  2  2  2  2  2  2  2
  5 Simple Modeller         63  24  2 15   1  0  1  1  1  1  1  2  1  1  1  2  0  2  1  2  2  1  1  2  1  2  1  2  1  1  2  2  2  2  2  2  2  2  2  2  2  2  2  2  2  2
  6 Biopic                  62  22  1 18   1  1  1  1  1  1  1  1  1  1  1  1  1  2  1  0  2  2  1  2  1  2  1  2  1  2  2  2  1  2  2  2  2  2  2  2  2  2  2  2  2  2
  7 Shofar                  61  20  0 21   1  1  2  1  1  1  1  1  1  1  1  1  1  1  1  1  2  1  1  1  2  2  2  2  1  1  2  2  1  2  1  2  2  2  2  2  2  2  2  2  2  2
  8 Bugbrain                61  21  1 19   1  1  1  1  0  1  1  1  1  1  1  1  1  1  1  2  2  2  1  2  1  2  1  2  1  2  2  2  2  2  1  2  1  2  2  2  2  2  2  2  2  2
  9 Robertot                60  20  1 20   1  1  1  0  1  1  1  1  1  1  1  1  1  1  1  1  2  1  1  2  2  2  1  2  1  1  2  2  1  2  2  2  2  2  2  2  2  2  2  2  2  2
 10 Boom                    59  18  0 23   1  1  1  1  1  1  1  1  1  1  1  1  1  1  1  1  1  2  1  2  1  2  2  1  1  1  2  2  1  2  2  2  2  2  2  1  2  2  2  2  2  2
 11 Yomi AI                 58  18  1 22   0  1  1  1  1  1  1  1  1  1  1  1  1  1  1  1  2  2  1  2  2  1  1  1  1  2  2  2  1  1  1  2  2  2  2  2  2  2  2  2  2  2
 12 ACT-R Lag2              56  19  4 18   0  0  1  1  0  1  1  1  1  1  1  1  1  1  1  2  2  1  0  2  2  2  1  2  1  1  2  2  1  1  1  2  2  2  2  2  2  2  2  2  2  2
 13 Majikthise              54  13  0 28   1  1  1  1  2  1  1  1  1  1  1  1  1  1  1  1  1  1  1  1  1  2  1  2  1  1  2  1  1  1  1  2  1  1  2  2  2  2  2  2  2  2
 14 Simple Predictor        53  19  7 15   0  0  1  0  0  0  1  1  1  1  1  1  1  1  1  1  1  2  0  2  1  1  2  2  1  0  2  2  2  2  2  2  2  2  2  1  2  2  2  2  2  2
 15 Vroomfondel             52  12  1 28   1  0  1  1  1  1  1  1  1  1  1  1  1  1  1  1  1  1  1  1  1  1  1  2  1  1  2  1  1  1  2  2  1  1  2  2  2  2  2  2  2  2
 16 Mixed Strategy          49  15  7 19   0  0  0  1  0  2  1  0  1  1  1  0  1  1  1  1  1  1  1  1  1  0  1  2  1  1  1  2  1  1  2  2  2  2  2  2  2  2  2  2  2  2
 17 Marble                  48  19 12 10   0  0  0  0  0  0  0  0  0  1  0  0  1  1  1  1  1  2  0  1  1  1  2  2  1  1  2  2  2  2  2  2  2  2  2  2  2  2  2  2  2  2
 18 Sweet Rocky             48  16  9 16   0  1  1  1  1  0  1  0  1  0  0  1  1  0  1  1  0  1  0  0  1  1  1  2  1  1  2  2  1  2  2  2  2  2  2  2  2  2  2  2  2  2
 19 * De Bruijn             47   7  1 33   1  1  1  1  1  1  1  1  1  1  1  2  1  2  1  1  2  2  1  2  1  2  1  1  1  1  1  1  1  1  1  1  1  1  1  1  1  1  2  1  1  0
 20 ZQ Bot                  47  19 13  9   0  0  0  0  0  0  1  0  0  0  0  0  1  0  1  1  1  2  0  1  1  1  2  2  1  2  2  2  2  2  1  2  2  2  2  2  2  2  2  2  2  2
 21 Piedra                  47  15  9 17   0  0  0  0  1  1  0  1  0  1  0  0  1  1  1  1  1  1  1  1  1  1  1  0  1  1  2  2  2  2  1  2  2  2  2  2  2  2  2  2  2  2
 22 Granite                 46  18 13 10   0  0  0  0  0  0  0  0  0  0  1  0  0  1  1  2  1  1  0  1  1  1  1  2  1  2  2  2  1  2  2  2  2  2  2  2  2  2  2  2  2  2
 23 * Anti-rotn             44  12  9 20   0  0  0  0  1  1  0  1  1  0  1  1  1  0  1  1  0  1  1  0  1  1  1  2  1  1  2  1  1  1  1  1  2  2  2  2  2  2  2  2  2  2
 24 Inocencio               40  18 19  4   0  0  0  0  0  0  0  0  0  1  1  0  0  0  0  0  0  0  1  0  2  0  0  1  1  2  2  2  2  2  2  2  2  2  2  2  2  2  2  2  2  2
 25 * Pi                    40   0  1 40   1  1  1  1  1  1  1  1  1  1  1  1  1  1  1  1  1  1  1  1  1  1  1  1  1  1  1  1  1  1  1  1  0  1  1  1  1  1  1  1  1  1
 26 * Foxtrot               32   1 10 30   0  0  0  0  1  0  1  0  1  1  0  1  1  2  1  1  1  1  1  0  1  0  1  0  1  1  1  1  1  1  1  1  1  1  1  1  1  1  1  1  1  1
 27 Multi-strategy          31  12 22  7   0  0  0  0  0  0  0  0  0  0  0  0  0  0  0  1  0  0  1  0  0  0  0  0  1  1  1  2  1  1  2  1  2  2  2  2  2  2  2  2  2  2
 28 Peterbot                29   9 21 11   0  0  0  0  0  0  0  0  0  0  0  0  1  0  1  0  0  0  1  0  0  0  1  0  1  1  0  1  1  1  1  1  1  2  2  2  2  2  2  2  2  2
 29 * Add-drift             28   0 13 28   0  0  0  0  0  1  1  0  1  1  1  1  1  0  1  1  0  1  1  0  0  1  1  0  1  1  1  1  1  0  1  1  1  1  1  1  1  1  1  1  1  0
 30 * Add-react             27   3 17 21   0  0  0  0  0  0  0  0  0  0  1  1  1  0  1  1  0  0  1  0  0  0  1  0  1  1  1  1  2  1  1  2  1  1  1  1  1  1  1  1  1  2
 31 * Copy-drift            24   1 18 22   0  0  0  0  0  0  1  1  0  0  1  1  1  0  0  0  0  0  1  1  1  0  1  0  1  1  0  1  1  1  1  0  1  1  1  1  1  1  1  0  1  2
 32 Knucklehead             24   6 23 12   0  0  0  0  0  0  0  0  0  0  0  0  0  0  0  0  0  0  1  0  0  0  1  0  1  1  1  1  1  0  2  1  1  2  1  1  1  2  2  2  1  2
 33 * Text                  20   3 24 14   0  0  0  0  0  0  0  1  0  0  0  0  1  0  1  0  0  0  1  0  0  0  0  0  2  1  0  1  1  1  1  1  1  0  1  1  2  0  0  1  1  2
 34 Beat The Last Move      19   5 27  9   0  0  0  0  0  0  0  0  0  0  0  0  1  0  1  0  0  0  1  0  0  0  0  0  1  1  0  0  1  1  1  0  2  1  0  0  0  2  2  2  1  2
 35 * Switch A Lot          18   1 24 16   1  0  0  0  0  0  0  0  0  0  0  0  0  0  0  0  0  0  1  0  0  0  0  0  1  1  0  0  1  1  1  1  1  2  1  1  1  1  1  1  1  1
 36 * Flat                  18   2 25 14   0  0  0  0  0  0  0  0  0  1  0  0  0  1  0  0  0  0  1  0  0  0  0  0  1  1  0  0  1  1  1  1  1  2  1  1  1  1  2  0  1  0
 37 Always Switchin'        16   1 26 14   0  0  0  0  0  0  0  0  0  0  0  0  0  0  0  0  0  0  1  0  0  0  0  0  1  1  0  0  1  1  1  1  0  2  1  1  1  1  1  1  1  1
 38 Good Ole Rock           16   3 28 10   0  0  0  0  0  0  0  0  0  0  0  0  0  0  0  0  0  0  1  0  0  0  0  0  1  1  0  0  1  1  1  0  2  0  1  1  1  1  0  2  1  2
 39 Beat Frequent Pick      16   4 29  8   0  0  0  0  0  0  0  0  0  0  0  0  0  0  0  0  0  0  0  0  0  0  0  0  1  1  0  0  1  1  1  0  2  0  1  0  1  2  1  2  1  2
 40 R-P-S 20-20-60          15   3 29  9   0  0  0  0  0  0  0  0  0  0  0  0  0  0  0  0  0  0  1  0  0  0  0  0  1  1  0  0  1  1  2  0  1  0  1  2  1  0  0  1  1  2
 41 Rotate R-P-S            15   0 26 15   0  0  0  0  0  0  0  0  0  0  0  0  0  0  0  0  0  0  1  0  0  0  0  0  1  1  0  0  1  1  1  1  1  1  1  1  1  1  1  1  1  0
 42 * Anti-Flat             12   4 33  4   0  0  0  0  0  0  0  0  0  0  0  0  0  0  0  0  0  0  2  0  0  0  0  0  1  1  0  0  2  0  0  0  0  0  1  2  1  0  0  0  2  1


   Yomi AI is match ranked 11

 Tournament results:
    Player Name          total 
  1 Yomi AI               6068 
 19 Iocaine Powder       11106 
 20 Phasenbott            9977 
 21 MegaHAL               9610 
 22 RussRocker4           7380 
 23 Biopic                8193 
 24 Simple Modeller       9223 
 25 Simple Predictor      7623 
 26 Robertot              7991 
 27 Boom                  7236 
 28 Shofar                6316 
 29 ACT-R Lag2            6410 
 32 Granite               6239 
 33 Marble                6593 
 34 ZQ Bot                6316 
 35 Sweet Rocky           6257 
 41 Bugbrain              6433 

   Yomi is tournament ranked 17

