 Playing 1 tournaments with 1000 trials per match...

 Yomi AI            vs Good Ole Rock       Match: 1000 (1000+   0-   0=)
 Yomi AI            vs R-P-S 20-20-60      Match:  283 (493+ 210- 297=)
 Yomi AI            vs Rotate R-P-S        Match:  768 (771+   3- 226=)
 Yomi AI            vs Beat The Last Move  Match:   24 (349+ 325- 326=)
 Yomi AI            vs Always Switchin'    Match:  190 (422+ 232- 346=)
 Yomi AI            vs Beat Frequent Pick  Match:  376 (553+ 177- 270=)
 Yomi AI            vs * Pi                Match:  -11 (342+ 353- 305=)
 Yomi AI            vs * Switch A Lot      Match:   93 (396+ 303- 301=)
 Yomi AI            vs * Flat              Match:   76 (374+ 298- 328=)
 Yomi AI            vs * Anti-Flat         Match:  999 (999+   0-   1=)
 Yomi AI            vs * Foxtrot           Match:  294 (490+ 196- 314=)
 Yomi AI            vs * De Bruijn         Match:  -54 (311+ 365- 324=)
 Yomi AI            vs * Text              Match:   81 (381+ 300- 319=)
 Yomi AI            vs * Anti-rotn         Match:   41 (348+ 307- 345=)
 Yomi AI            vs * Copy-drift        Match:    4 (323+ 319- 358=)
 Yomi AI            vs * Add-react         Match:   34 (346+ 312- 342=)
 Yomi AI            vs * Add-drift         Match:   -9 (331+ 340- 329=)
 Yomi AI            vs Iocaine Powder      Match:  -60 (304+ 364- 332=)
 Yomi AI            vs Phasenbott          Match:  -40 (315+ 355- 330=)
 Yomi AI            vs MegaHAL             Match:   27 (346+ 319- 335=)
 Yomi AI            vs RussRocker4         Match:   62 (380+ 318- 302=)
 Yomi AI            vs Biopic              Match:   -2 (345+ 347- 308=)
 Yomi AI            vs Simple Modeller     Match:    6 (341+ 335- 324=)
 Yomi AI            vs Simple Predictor    Match:   36 (345+ 309- 346=)
 Yomi AI            vs Robertot            Match:  -19 (333+ 352- 315=)
 Yomi AI            vs Boom                Match:   29 (351+ 322- 327=)
 Yomi AI            vs Shofar              Match:   12 (318+ 306- 376=)
 Yomi AI            vs ACT-R Lag2          Match:   31 (372+ 341- 287=)
 Yomi AI            vs Majikthise          Match:   -9 (337+ 346- 317=)
 Yomi AI            vs Vroomfondel         Match:  -40 (310+ 350- 340=)
 Yomi AI            vs Granite             Match:   89 (411+ 322- 267=)
 Yomi AI            vs Marble              Match:   73 (399+ 326- 275=)
 Yomi AI            vs ZQ Bot              Match:   22 (372+ 350- 278=)
 Yomi AI            vs Sweet Rocky         Match:   46 (377+ 331- 292=)
 Yomi AI            vs Piedra              Match:   71 (371+ 300- 329=)
 Yomi AI            vs Mixed Strategy      Match:   78 (393+ 315- 292=)
 Yomi AI            vs Multi-strategy      Match:  190 (443+ 253- 304=)
 Yomi AI            vs Inocencio           Match:   28 (354+ 326- 320=)
 Yomi AI            vs Peterbot            Match:   89 (389+ 300- 311=)
 Yomi AI            vs Bugbrain            Match:  -11 (337+ 348- 315=)
 Yomi AI            vs Knucklehead         Match:  389 (541+ 152- 307=)
 Final results (draw value = 50):

 Tournament results: 

    Player Name          total     1    2    3    4    5    6    7    8    9   10   11   12   13   14   15   16   17   18   19   20   21   22   23   24   25   26   27   28   29   30   31   32   33   34   35   36   37   38   39   40   41   42
  1 Iocaine Powder       10794     0   66  117    0   45   42  552   35   19  171  241  -32   87  234  323   41   23   31   60   66   26  -12  221   -3   -7  195   83  336  219  193  555  120  360   51  871  223  374  905  982  988  993 1000
  2 MegaHAL              10182   -66    0  -27  -20    4   28   91   39   32   28  244  -41   16  260  274   38    7   40  -27   68   21    4  144   12  -27  938  176   49  119   96  362  189  232  228  868  468  396  944  990  991  998  996
  3 Phasenbott            9631  -117   27    0    8   30   61  541   40   24  131  208   12   53  206  283   13   70    2   40   45   10   36  211   18  -34  175   61  321  113   75  371   61  329   51  890  229  121  954  988  991  999  984
  4 Simple Modeller       9090     0   20   -8    0   12    9  -29   12   45  250   56  -10   31   95  287   72  110   83   -6   49  -19   38  246  -81   -9  438  247   -4  322   60  199  137  104  202  686  482  393  591  993  992 1000  995
  5 Biopic                8526   -45   -4  -30  -12    0   65  -30  -20   24   41   97  -16   68  114   92   53   30    9    2   41  -38   62  244   -8   -7  144   -8  431   80  172  494  138   49  165  763  325  411  646  992  999  999  994
  6 Robertot              8110   -42  -28  -61   -9  -65    0  -68   18   32   59   81  -55  -43   88  101   59   48   48   19   61   37   -5  257   23   22   62    1   49   69   17  403  171  106   71  870  447  393  925  963  996  999  991
  7 RussRocker4           8017  -552  -91 -541   29   30   68    0   45   -2   86  162  -30  -24  151  116   67   27   53  -62   72  -32   61  121  -20  -32  798  137  217  116  112  473   42  310  142  923  266  205  592  993  994  999  996
  8 Boom                  7933   -35  -39  -40  -12   20  -18  -45    0   43  -27   43  -17  -44   28  -44   34   52  -20  -29   43  -24  -27  210   -6  -10  848   17   25   37   93  522  130   98  252  427  365  358  753  991  990  997  994
  9 Piedra                7376   -19  -32  -24  -45  -24  -32    2  -43    0  -52  -21  -62  -40  -44  -41   29   40  -49  -71   42  -49  -40   79   -6  -17  745   76  -27  -20  130  161  180  242  197 1000  268  368  595  996  992 1000  992
 10 Simple Predictor      7232  -171  -28 -131 -250  -41  -59  -86   27   52    0   66  -25  -42   27  186   63   36   38  -36   52  -78  -25  191  -79  -14  561  263  -84  279  112  311  149  124  181  295  411  403  592  985  990  993  994
 11 Granite               6692  -241 -244 -208  -56  -97  -81 -162  -43   21  -66    0  -26 -120  -21   47   14   33  -84  -89   51  -12   31  291  -55   -5  645   20   88  136  192  291  179   70   64  867  281  416  592  990  991 1000  992
 12 Shofar                6521    32   41  -12   10   16   55   30   17   62   25   26    0  -77    8   69   36   35   31  -12   10    8  -38   76  -54  -32  544   41  -11   14   24   60   99   70  204   -9  425  335  561  903  935  981  983
 13 ACT-R Lag2            6483   -87  -16  -53  -31  -68   43   24   44   40   42  120   77    0  111   93   14   88   -3  -31   47  -30   25  334 -109  -25   94   26  -33   67   71  505  107   52  163   19  296  352  574  556  993  996  996
 14 Marble                5985  -234 -260 -206  -95 -114  -88 -151  -28   44  -27   21   -8 -111    0   45  -13    4  -61  -73   40  -34  -13  330  -29  -30   26   41   47   57  157  377  178   77   78  864  215  380  594  992  993 1000 1000
 15 ZQ Bot                5897  -323 -274 -283 -287  -92 -101 -116   44   41 -186  -47  -69  -93  -45    0  -18    7 -161  -22   57  -51  -56  292  -11    2  386   15   61   40  164  229  150  366  164  944  245  365  591  991  990  996  992
 16 Sweet Rocky           5732   -41  -38  -13  -72  -53  -59  -67  -34  -29  -63  -14  -36  -14   13   18    0   18  -27  -46   47  -39  -24   76   11   39  -22    7  -16  -22  138  181  160   70  193  293  272  381  588  993  986  994  983
 17 Mixed Strategy        5525   -23   -7  -70 -110  -30  -48  -27  -52  -40  -36  -33  -35  -88   -4   -7  -18    0  -47  -78   52    2  -31  -42  -77  -26  744   13    8   44   26  214  144   58  161  186   98  397  518  966  866  993  964
 18 Bugbrain              5492   -31  -40   -2  -83   -9  -48  -53   20   49  -38   84  -31    3   61  161   27   47    0   11   47    6   -2  135  -24  -14   54   77  -30   38   68  129   73   78   84   58  250  176  405  897  933  976  950
 19 Yomi AI               5286   -60   27  -40    6   -2  -19   62   29   71   36   89   12   31   73   22   46   78  -11    0   41   -9  -40  190  -54  -11   28   -9  294    4   76  389   81   34   93   89  190  283  376   24  768 1000  999
 20 * Anti-rotn           5184   -66  -68  -45  -49  -41  -61  -72  -43  -42  -52  -51  -10  -47  -40  -57  -47  -52  -47  -41    0   -9    4  259  -46  -42  -59    7   -7   16  215  115   58   31  326  499  488  172  597  496  998  998  999
 21 Majikthise            4876   -26  -21  -10   19   38  -37   32   24   49   78   12   -8   30   34   51   39   -2   -6    9    9    0    9  206  -12   24   45   18   24  -28   42  251  -14   10  143   28  300  185  428  -66  989  993  987
 22 Vroomfondel           4563    12   -4  -36  -38  -62    5  -61   27   40   25  -31   38  -25   13   56   24   31    2   40   -4   -9    0  109  -15    4   65    3   13  -24   93  161   47   27   97   61  259  163  478    3  990  995  991
 23 Multi-strategy        3141  -221 -144 -211 -246 -244 -257 -121 -210  -79 -191 -291  -76 -334 -330 -292  -76   42 -135 -190 -259 -206 -109    0  -50  -20  -57   42    5  309  168   64  123   71  265  500  502  409  999  997  997  999  998
 24 * De Bruijn            780     3  -12  -18   81    8  -23   20    6    6   79   55   54  109   29   11  -11   77   24   54   46   12   15   50    0   -1   14    7  -10   30   21  -17   23   20  -17   -2    1    3  128   -1   21    0 -115
 25 * Pi                   210     7   27   34    9    7  -22   32   10   17   14    5   32   25   30   -2  -39   26   14   11   42  -24   -4   20    1    0   -1    4  -29   13  -17  -10  -81  -21   -2   27   10   25   30   22  -11  -11  -10
 26 Inocencio            -1366  -195 -938 -175 -438 -144  -62 -798 -848 -745 -561 -645 -544  -94  -26 -386   22 -744  -54  -28   59  -45  -65   57  -14    1    0   25  272   69  121  231  155   99  105  126  189  405  353  948  986  979  981
 27 * Add-drift          -1471   -83 -176  -61 -247    8   -1 -137  -17  -76 -263  -20  -41  -26  -41  -15   -7  -13  -77    9   -7  -18   -3  -42   -7   -4  -25    0  -13   19  -75   28  -46    2   18  -13  -23   13   15   -4   23  -41   16
 28 * Foxtrot            -1968  -336  -49 -321    4 -431  -49 -217  -25   27   84  -88   11   33  -47  -61   16   -8   30 -294    7  -24  -13   -5   10   29 -272   13    0   24   26   39   -8  -12  -12  -43   30    9   23  -22  -14  -33    1
 29 * Copy-drift         -2208  -219 -119 -113 -322  -80  -69 -116  -37   20 -279 -136  -14  -67  -57  -40   22  -44  -38   -4  -16   28   24 -309  -30  -13  -69  -19  -24    0   29 -124   19   17   21    0   38  -33  -10  -68   29  -14   28
 30 * Flat               -2778  -193  -96  -75  -60 -172  -17 -112  -93 -130 -112 -192  -24  -71 -157 -164 -138  -26  -68  -76 -215  -42  -93 -168  -21   17 -121   75  -26  -29    0   12  -28    1   15 -205  -12  -29  226  212   34    0 -405
 31 Knucklehead          -2982  -555 -362 -371 -199 -494 -403 -473 -522 -161 -311 -291  -60 -505 -377 -229 -181 -214 -129 -389 -115 -251 -161  -64   17   10 -231  -28  -39  124  -12    0    6  102   15  -70   14   14  109  920  890  996  998
 32 * Text               -3055  -120 -189  -61 -137 -138 -171  -42 -130 -180 -149 -179  -99 -107 -178 -150 -160 -144  -73  -81  -58   14  -47 -123  -23   81 -155   46    8  -19   28   -6    0   49  -24   22  -15   -3 -185  -74  -11 -185  113
 33 * Add-react          -3147  -360 -232 -329 -104  -49 -106 -310  -98 -242 -124  -70  -70  -52  -77 -366  -70  -58  -78  -34  -31  -10  -27  -71  -20   21  -99   -2   12  -17   -1 -102  -49    0   -6   11   48  -18   11   -8  -49    6   83
 34 * Switch A Lot       -3498   -51 -228  -51 -202 -165  -71 -142 -252 -197 -181  -64 -204 -163  -78 -164 -193 -161  -84  -93 -326 -143  -97 -265   17    2 -105  -18   12  -21  -15  -15   24    6    0 -118  -30    2   58  289  -14   -5    8
 35 Peterbot             -6655  -871 -868 -890 -686 -763 -870 -923 -427 -1000 -295 -867    9  -19 -864 -944 -293 -186  -58  -89 -499  -28  -61 -500    2  -27 -126   13   43    0  205   70  -22  -11  118    0  266  400  435  981  997 1000  993
 36 Always Switchin'     -7364  -223 -468 -229 -482 -325 -447 -266 -365 -268 -411 -281 -425 -296 -215 -245 -272  -98 -250 -190 -488 -300 -259 -502   -1  -10 -189   23  -30  -38   12  -14   15  -48   30 -266    0    0   14  478  -29    0   -6
 37 R-P-S 20-20-60       -9189  -374 -396 -121 -393 -411 -393 -205 -358 -368 -403 -416 -335 -352 -380 -365 -381 -397 -176 -283 -172 -185 -163 -409   -3  -25 -405  -13   -9   33   29  -14    3   18   -2 -400    0    0 -431 -110   25 -457    8
 38 Beat Frequent Pick  -14178  -905 -944 -954 -591 -646 -925 -592 -753 -595 -592 -592 -561 -574 -594 -591 -588 -518 -405 -376 -597 -428 -478 -999 -128  -30 -353  -15  -23   10 -226 -109  185  -11  -58 -435  -14  431    0 -600    0  999  997
 39 Beat The Last Move  -19580  -982 -990 -988 -993 -992 -963 -993 -991 -996 -985 -990 -903 -556 -992 -991 -993 -966 -897  -24 -496   66   -3 -997    1  -22 -948    4   22   68 -212 -920   74    8 -289 -981 -478  110  600    0    1 1000  997
 40 Rotate R-P-S        -25897  -988 -991 -991 -992 -999 -996 -994 -990 -992 -990 -991 -935 -993 -993 -990 -986 -866 -933 -768 -998 -989 -990 -997  -21   11 -986  -23   14  -29  -34 -890   11   49   14 -997   29  -25    0   -1    0    0 -667
 41 Good Ole Rock       -26133  -993 -998 -999 -1000 -999 -999 -999 -997 -1000 -993 -1000 -981 -996 -1000 -996 -994 -993 -976 -1000 -998 -993 -995 -999    0   11 -979   41   33   14    0 -996  185   -6    5 -1000    0  457 -999 -1000    0    0  999
 42 * Anti-Flat         -27789  -1000 -996 -984 -995 -994 -991 -996 -994 -992 -994 -992 -983 -996 -1000 -992 -983 -964 -950 -999 -999 -987 -991 -998  115   10 -981  -16   -1  -28  405 -998 -113  -83   -8 -993    6   -8 -997 -997  667 -999    0

 Match results (draw <= 50): 

    Player Name           total  W  L  D   1  2  3  4  5  6  7  8  9 10 11 12 13 14 15 16 17 18 19 20 21 22 23 24 25 26 27 28 29 30 31 32 33 34 35 36 37 38 39 40 41 42
  1 Iocaine Powder          69  28  0 13   1  2  1  1  2  2  1  1  2  1  2  2  1  1  1  1  1  1  1  2  2  2  2  2  1  2  2  2  2  2  2  2  2  2  2  2  2  2  2  2  2  2
  2 Phasenbott              66  26  1 14   0  1  1  1  2  1  2  1  1  1  2  2  1  1  1  1  1  2  1  2  2  1  2  2  1  2  2  2  2  2  2  2  2  2  2  2  2  2  2  2  2  2
  3 Biopic                  64  23  0 18   1  1  1  1  1  1  2  1  1  1  2  1  1  1  2  1  2  1  1  2  2  1  2  2  1  2  2  1  2  2  2  1  2  2  2  2  2  2  2  2  2  2
  4 Simple Modeller         64  24  1 16   1  1  1  1  1  1  1  2  1  1  1  2  1  1  1  1  2  2  0  2  2  1  2  2  1  1  2  2  2  2  2  2  2  2  2  2  2  2  2  2  2  2
  5 RussRocker4             63  26  4 11   0  0  1  1  1  0  2  2  0  1  1  2  1  1  2  1  2  1  1  2  2  2  2  2  1  2  2  2  2  2  2  2  2  2  1  2  2  2  2  2  2  2
  6 MegaHAL                 62  22  1 18   0  1  1  1  2  1  1  1  1  1  1  1  1  1  1  1  1  1  1  2  2  2  2  2  1  1  2  2  2  2  2  2  2  2  2  2  2  2  2  2  2  2
  7 Robertot                58  21  4 16   1  0  0  1  0  1  1  1  1  1  1  2  0  1  1  1  2  1  1  2  2  2  2  2  1  1  2  1  2  2  2  2  1  2  2  2  2  2  2  2  2  2
  8 Bugbrain                58  19  2 20   1  1  1  0  0  1  1  1  1  1  1  1  1  1  1  1  1  1  1  2  2  1  2  2  1  1  2  2  2  1  2  2  2  2  2  2  2  2  2  2  2  2
  9 Yomi AI                 57  18  2 21   0  1  1  1  2  1  1  1  1  1  1  1  1  2  1  1  1  2  0  2  2  1  1  1  1  2  2  1  2  1  2  1  2  1  2  2  2  2  2  2  2  2
 10 Boom                    57  16  0 25   1  1  1  1  1  1  1  1  1  1  1  1  1  1  1  1  1  2  1  1  1  1  1  2  1  1  2  1  2  1  2  2  2  2  2  2  2  2  2  2  2  2
 11 ACT-R Lag2              57  20  4 17   0  0  0  1  1  1  1  1  1  1  1  1  2  1  1  1  1  2  0  2  2  1  2  2  1  1  2  1  1  2  2  2  2  2  2  2  2  2  2  2  2  2
 12 Simple Predictor        55  22  8 11   0  0  1  0  0  1  0  1  1  1  1  1  1  2  1  0  2  1  0  2  1  2  2  2  1  0  2  2  2  2  2  2  2  2  2  2  2  2  2  2  2  2
 13 Shofar                  55  16  2 23   1  1  1  1  1  1  2  1  1  1  0  1  1  2  1  1  1  1  0  1  1  1  2  2  1  1  2  1  1  1  2  2  1  2  2  2  2  2  2  2  2  2
 14 Piedra                  54  16  3 22   1  1  1  1  1  1  1  1  0  1  1  0  0  1  1  1  1  1  1  1  1  1  1  2  1  1  2  2  2  1  2  2  2  2  2  2  2  2  2  2  2  2
 15 Vroomfondel             52  13  2 26   1  1  0  1  0  1  1  1  1  1  1  1  1  1  1  1  1  1  1  1  1  1  2  2  1  1  2  1  2  1  2  1  2  1  1  2  2  2  2  2  2  2
 16 Majikthise              51  11  1 29   1  1  1  1  1  1  1  1  1  1  1  2  1  1  1  1  1  1  1  1  1  1  2  1  1  1  2  1  1  1  2  1  1  0  1  2  2  2  2  2  2  2
 17 Sweet Rocky             50  14  5 22   1  1  0  0  0  1  0  1  1  1  1  0  1  1  1  1  1  1  1  1  1  1  1  1  1  1  2  1  2  1  2  2  2  2  2  2  2  2  2  2  2  2
 18 Mixed Strategy          49  14  6 21   1  0  1  0  1  1  1  1  0  0  0  1  1  1  1  1  1  1  0  1  1  2  1  2  1  1  1  1  2  1  2  2  1  2  2  2  2  2  2  2  2  2
 19 * De Bruijn             48   8  1 32   1  1  1  2  1  1  1  1  2  1  2  2  2  1  1  1  1  2  1  2  1  1  1  1  1  1  1  1  1  1  1  1  1  1  1  1  1  1  2  1  0  1
 20 Granite                 47  18 12 11   0  0  0  0  0  0  0  0  0  1  0  0  1  1  1  1  1  1  0  1  1  2  1  2  1  2  2  1  2  2  2  2  2  2  2  2  2  2  2  2  2  2
 21 Marble                  46  15 10 16   0  0  0  0  0  0  0  0  0  1  0  1  1  1  1  1  1  1  1  1  1  1  1  1  1  1  2  1  2  2  2  2  2  2  2  2  2  2  2  2  2  2
 22 * Anti-rotn             45  13  9 19   0  1  1  1  0  0  0  1  1  1  1  0  1  1  1  1  1  0  1  0  1  1  0  0  1  1  2  1  2  1  2  1  2  2  2  2  2  2  2  2  2  2
 23 ZQ Bot                  45  17 13 11   0  0  0  0  0  0  0  0  1  1  0  0  0  1  0  0  1  1  1  1  1  2  1  2  1  2  2  1  2  1  2  2  2  2  2  2  2  2  2  2  2  2
 24 Inocencio               41  17 17  7   0  0  0  0  0  0  0  0  1  0  0  0  0  0  0  1  1  0  1  0  1  2  0  1  1  2  2  1  2  2  2  2  2  2  2  2  2  2  2  2  2  2
 25 * Pi                    40   0  1 40   1  1  1  1  1  1  1  1  1  1  1  1  1  1  1  1  1  1  1  1  1  1  1  1  1  1  1  1  1  1  1  1  1  1  0  1  1  1  1  1  1  1
 26 * Foxtrot               34   1  8 32   0  0  0  1  0  1  1  1  0  1  1  2  1  1  1  1  1  1  1  0  1  1  0  0  1  1  1  1  1  1  1  1  1  1  1  1  1  1  1  1  1  1
 27 Multi-strategy          33  14 22  5   0  0  0  0  0  0  0  0  0  0  0  0  0  0  0  0  0  1  1  0  0  0  0  0  1  1  1  1  2  2  2  2  2  2  2  2  2  2  2  2  2  2
 28 * Add-drift             32   0  9 32   0  0  1  0  0  0  1  0  1  1  1  0  1  0  1  1  1  1  1  1  1  1  1  1  1  1  1  1  1  1  1  1  0  1  1  1  1  1  1  1  1  1
 29 Peterbot                30  10 21 10   0  0  0  0  0  0  0  0  0  0  1  0  1  0  0  1  0  0  1  0  0  0  0  0  1  1  0  1  1  1  2  1  2  2  1  2  2  2  2  2  2  2
 30 * Copy-drift            26   0 15 26   0  0  0  0  0  0  0  1  1  1  0  0  1  1  1  1  1  1  1  0  0  1  1  0  1  1  0  1  1  1  0  1  1  0  1  1  1  1  1  1  1  1
 31 Knucklehead             23   7 25  9   0  0  0  0  0  0  0  0  0  0  0  0  0  0  0  0  0  0  1  0  0  0  0  0  1  1  0  1  0  2  1  2  1  2  1  1  1  2  2  2  2  1
 32 * Add-react             22   1 20 20   0  0  1  0  0  0  0  0  1  0  0  0  0  0  1  1  0  0  1  0  0  1  0  0  1  1  0  1  1  1  0  1  1  1  1  1  1  1  1  1  2  1
 33 * Flat                  22   3 22 16   0  0  0  0  0  0  1  0  0  0  0  0  1  0  0  1  0  1  1  0  0  0  0  0  1  1  0  2  0  1  1  1  1  2  1  1  1  1  2  1  0  1
 34 Beat The Last Move      22   7 26  8   0  0  0  0  0  0  0  0  1  0  0  0  0  0  1  2  0  0  1  0  0  0  0  0  1  1  0  1  0  2  0  1  0  1  2  0  0  2  2  1  2  2
 35 * Text                  19   2 24 15   0  0  0  0  1  0  0  0  0  0  0  0  0  0  1  1  0  0  1  0  0  0  0  0  2  1  0  1  1  1  1  1  1  0  1  1  1  0  0  1  2  1
 36 * Switch A Lot          18   2 25 14   0  0  0  0  0  0  0  0  0  0  0  0  0  0  0  0  0  0  1  0  0  0  0  0  1  1  0  1  0  1  1  1  1  2  1  1  1  1  2  1  1  1
 37 Always Switchin'        17   1 25 15   0  0  0  0  0  0  0  0  0  0  0  0  0  0  0  0  0  0  1  0  0  0  0  0  1  1  0  1  0  1  1  1  1  2  1  1  1  1  1  1  1  1
 38 Good Ole Rock           16   3 28 10   0  0  0  0  0  0  0  0  0  0  0  0  0  0  0  0  0  0  1  0  0  0  0  0  1  1  0  1  0  1  0  1  1  0  2  1  1  1  0  1  2  2
 39 Beat Frequent Pick      15   4 30  7   0  0  0  0  0  0  0  0  0  0  0  0  0  0  0  0  0  0  0  0  0  0  0  0  1  1  0  1  0  1  0  1  0  0  2  0  1  2  1  1  2  2
 40 Rotate R-P-S            14   0 27 14   0  0  0  0  0  0  0  0  0  0  0  0  0  0  0  0  0  0  1  0  0  0  0  0  1  1  0  1  0  1  0  1  1  1  1  1  1  1  1  1  0  1
 41 * Anti-Flat             13   3 31  7   0  0  0  0  0  0  0  0  0  0  0  0  0  0  0  0  0  0  2  0  0  0  0  0  1  1  0  1  0  1  0  0  2  0  0  1  1  0  0  2  1  1
 42 R-P-S 20-20-60          13   0 28 13   0  0  0  0  0  0  0  0  0  0  0  0  0  0  0  0  0  0  1  0  0  0  0  0  1  1  0  1  0  1  1  1  1  0  1  1  1  0  0  1  1  1


   Yomi AI is match ranked 9

 Tournament results:
    Player Name          total 
  1 Yomi AI               5286 
 19 Iocaine Powder       10794 
 20 Phasenbott            9631 
 21 MegaHAL              10182 
 22 RussRocker4           8017 
 23 Biopic                8526 
 24 Simple Modeller       9090 
 25 Simple Predictor      7232 
 26 Robertot              8110 
 27 Boom                  7933 
 28 Shofar                6521 
 29 ACT-R Lag2            6483 
 32 Granite               6692 
 33 Marble                5985 
 34 ZQ Bot                5897 
 35 Sweet Rocky           5732 
 36 Piedra                7376 
 37 Mixed Strategy        5525 
 41 Bugbrain              5492 

   Yomi is tournament ranked 19

