 Playing 1 tournaments with 1000 trials per match...

 Yomi AI            vs Good Ole Rock       Match: 1000 (1000+   0-   0=)
 Yomi AI            vs R-P-S 20-20-60      Match:  273 (496+ 223- 281=)
 Yomi AI            vs Rotate R-P-S        Match:  758 (775+  17- 208=)
 Yomi AI            vs Beat The Last Move  Match:   40 (354+ 314- 332=)
 Yomi AI            vs Always Switchin'    Match:  101 (416+ 315- 269=)
 Yomi AI            vs Beat Frequent Pick  Match:  400 (598+ 198- 204=)
 Yomi AI            vs * Pi                Match:    2 (332+ 330- 338=)
 Yomi AI            vs * Switch A Lot      Match:   99 (379+ 280- 341=)
 Yomi AI            vs * Flat              Match:   95 (378+ 283- 339=)
 Yomi AI            vs * Anti-Flat         Match:  759 (786+  27- 187=)
 Yomi AI            vs * Foxtrot           Match:  263 (481+ 218- 301=)
 Yomi AI            vs * De Bruijn         Match:  -36 (314+ 350- 336=)
 Yomi AI            vs * Text              Match:   95 (382+ 287- 331=)
 Yomi AI            vs * Anti-rotn         Match:   -2 (321+ 323- 356=)
 Yomi AI            vs * Copy-drift        Match:  -22 (315+ 337- 348=)
 Yomi AI            vs * Add-react         Match:   16 (344+ 328- 328=)
 Yomi AI            vs * Add-drift         Match:   13 (346+ 333- 321=)
 Yomi AI            vs Iocaine Powder      Match:  -56 (301+ 357- 342=)
 Yomi AI            vs Phasenbott          Match:  -78 (299+ 377- 324=)
 Yomi AI            vs MegaHAL             Match:   -6 (332+ 338- 330=)
 Yomi AI            vs RussRocker4         Match:    4 (343+ 339- 318=)
 Yomi AI            vs Biopic              Match:   25 (352+ 327- 321=)
 Yomi AI            vs Simple Modeller     Match:  -10 (347+ 357- 296=)
 Yomi AI            vs Simple Predictor    Match:   15 (347+ 332- 321=)
 Yomi AI            vs Robertot            Match:   40 (360+ 320- 320=)
 Yomi AI            vs Boom                Match:   22 (358+ 336- 306=)
 Yomi AI            vs Shofar              Match:   44 (356+ 312- 332=)
 Yomi AI            vs ACT-R Lag2          Match:  -10 (331+ 341- 328=)
 Yomi AI            vs Majikthise          Match:  -22 (313+ 335- 352=)
 Yomi AI            vs Vroomfondel         Match:   27 (363+ 336- 301=)
 Yomi AI            vs Granite             Match:   67 (397+ 330- 273=)
 Yomi AI            vs Marble              Match:   96 (398+ 302- 300=)
 Yomi AI            vs ZQ Bot              Match:   51 (390+ 339- 271=)
 Yomi AI            vs Sweet Rocky         Match:   27 (347+ 320- 333=)
 Yomi AI            vs Piedra              Match:   37 (371+ 334- 295=)
 Yomi AI            vs Mixed Strategy      Match:   17 (358+ 341- 301=)
 Yomi AI            vs Multi-strategy      Match:  206 (456+ 250- 294=)
 Yomi AI            vs Inocencio           Match:   11 (345+ 334- 321=)
 Yomi AI            vs Peterbot            Match:  -27 (327+ 354- 319=)
 Yomi AI            vs Bugbrain            Match:  -13 (333+ 346- 321=)
 Yomi AI            vs Knucklehead         Match:  435 (601+ 166- 233=)
 Final results (draw value = 50):

 Tournament results: 

    Player Name          total     1    2    3    4    5    6    7    8    9   10   11   12   13   14   15   16   17   18   19   20   21   22   23   24   25   26   27   28   29   30   31   32   33   34   35   36   37   38   39   40   41   42
  1 Iocaine Powder       10639     0   80   58   18   32  174  518   -9  -36   33  255  -54  271   23   37   56  273   42  -29   56   80   17  214   23  179  -45  213   91  362  210  124  353   62  574  898  221  400  901  997  989 1000  978
  2 Phasenbott            9945   -80    0   17   21   69  152  507   70   17   25  228  -23  214   39   44   71  254   43    4   78   54   23  239   11  181   -5  131  104  396   99  107  283   55  401  905  209  119  929  982  987  995  990
  3 MegaHAL               9860   -58  -17    0    0   19   34   83   73   34   52  271  -34  242    5   62   15  256   43  -57    6   75   35  235  -39  260  -11  171   77  114  165  189  268  235  419  897  405  417  944  990  990  998  997
  4 Biopic                8932   -18  -21    0    0    5   64   20   17    4   33  130    5   92   -3   28   64  131   54   10  -25   28    2  137  -19  105   14   41  107  405  155  155   55  142  544  990  294  318  890  995  996  997  991
  5 Simple Modeller       8764   -32  -69  -19   -5    0  238    0  -12   24   58  102    1   84    3   61   38  306   55  -36   10   66  -17  202  -19  736  -17  227  308  -13   70  159  118  276  178  253  459  406  594  992  989  999  991
  6 Simple Predictor      7837  -174 -152  -34  -64 -238    0 -102  -43  -19   40   -6    5  -20   17   22   -4  131   52  -24  -15   69  -57  220  -62  645  -14  270  305   51   60  154  143  229  247  890  377  380  592  985  989  996  996
  7 RussRocker4           7819  -518 -507  -83  -20    0  102    0   29   -4   30  157    6  181   31   56   52  158   52    5   -4   30   34  284  -38  111   -1  187   88  195   90   51  340  172  490  922  231  343  590  992  990  998  997
  8 Robertot              7744     9  -70  -73  -17   12   43  -29    0   57   30   43   23   49  -23   44  -37   83   57  -12  -40   50    6  276   49    3  -23   33   75    1   67  150   83   92  460  613  458  413  835  968  993  996  997
  9 Boom                  7644    36  -17  -34   -4  -24   19    4  -57    0   65   25  -55   20   -1   49  -32   30   45  -60  -22   61  -40  151   11   33  -35  -12   14   41   72  141  113  146  582  860  416  374  753  991  989  997  999
 10 Sweet Rocky           6737   -33  -25  -52  -33  -58  -40  -30  -30  -65    0  -23  -53  -36  -61  -42  -58  -40   19  -38  -27  -36  -58   99    1  777   13    4   58   39  145  161  288  201  306  292  199  409  589  992  993  998  992
 11 Marble                6557  -255 -228 -271 -130 -102    6 -157  -43  -25   23    0  -65    1 -105   91 -134  -15   46  -48  -96   19  -13  221  -73  650   -8   40   79   58  155  174  120  164  339  972  208  386  592  992  995  998  996
 12 Shofar                6521    54   23   34   -5   -1   -5   -6  -23   55   53   65    0   94  -30   31    8   32   63   38  -44   42    7   71  -15  338  -38   -9   80  -35   55  137   19   80  172  132  435  266  552  871  944  992  989
 13 Granite               6500  -271 -214 -242  -92  -84   20 -181  -49  -20   36   -1  -94    0  -93   16 -114  -13   45  -47  -67   31   -1  321  -45  648  -40  -24   92   25  189  176   86  134  268  873  249  421  591  990  995 1000  986
 14 Bugbrain              6126   -23  -39   -5    3   -3  -17  -31   23    1   61  105   30   93    0  -13   21  170   41    1   13   74  -10  112   14   78    1  119   28    7   46   81   93   68   77  201  187  245  369  972  953  988  992
 15 Piedra                5839   -37  -44  -62  -28  -61  -22  -56  -44  -49   42  -91  -31  -16   13    0  -50  -69   49   -5  -37    4  -40   80  -62  -36  -69   31  -15  -53  121  171  376  150  156  320  301  438  591  996  988 1000  989
 16 ACT-R Lag2            5673   -56  -71  -15  -64  -38    4  -52   37   32   58  134   -8  114  -21   50    0  116   36   24   10   62  -12  185  -65   91  -12  -28   14  -71  129   78   63  106  503  174  240  340  570   30  994  997  995
 17 ZQ Bot                5542  -273 -254 -256 -131 -306 -131 -158  -83  -30   40   15  -32   13 -170   69 -116    0   65  -55  -51   -6  -65  231   -6  -30   12   96   42   34  159  160  262  136  320  861  226  383  591  995  992  999  994
 18 * Anti-rotn           5450   -42  -43  -43  -54  -55  -52  -52  -57  -45  -19  -46  -63  -45  -41  -49  -36  -65    0    0    2  -19   12  237  -34  692  -43   41  -10   17  189   53    6  303   43   45  485  153  596  495  997  998  999
 19 Majikthise            4943    29   -4   57  -10   36   24   -5   12   60   38   48  -38   47   -1    5  -24   55    0    0   22   27  -27  206  -42   -8   -1   55  -10   23   48   38   32   96  259    3  282  171  458    4  993  991  994
 20 Yomi AI               4756   -56  -78   -6   25  -10   15    4   40   22   27   96   44   67  -13   37  -10   51   -2  -22    0   17   27  206  -36   11    2   13  -22  263   95   95   16   99  435  -27  101  273  400   40  758 1000  759
 21 Mixed Strategy        4721   -80  -54  -75  -28  -66  -69  -30  -50  -61   36  -19  -42  -31  -74   -4  -62    6   19  -27  -17    0  -12   54 -128  -33  -51   32   96  -20  -18  125   98   29  191  185   84  378  510  974  965  997  993
 22 Vroomfondel           4690   -17  -23  -35   -2   17   57  -34   -6   40   58   13   -7    1   10   40   12   65  -12   27  -27   12    0  143   15   55  -19   25    8   10  119   23  -12   99  213   -7  254  159  454  -18  992  994  994
 23 Multi-strategy        2353  -214 -239 -235 -137 -202 -220 -284 -276 -151  -99 -221  -71 -321 -112  -80 -185 -231 -237 -206 -206  -54 -143    0  -50  -99  -20   25  262   40  163  123    8  273    4  -58  442  373  999  997  997  999  999
 24 * De Bruijn            648   -23  -11   39   19   19   62   38  -49  -11   -1   73   15   45  -14   62   65    6   34   42   36  128  -15   50    0   13   -1  -31  -17    2   -9   23   -1   23   -8   -1   -4    9  128   -1   21    0 -107
 25 Inocencio              572  -179 -181 -260 -105 -736 -645 -111   -3  -33 -777 -650 -338 -648  -78   36  -91   30 -692    8  -11   33  -55   99  -13    0  -50  -16  -27  347  128  154   94  118  209  142  252  408  345  932  983  974  979
 26 * Pi                   344    45    5   11  -14   17   14    1   23   35  -13    8   38   40   -1   69   12  -12   43    1   -2   51   19   20    1   50    0  -24  -10   -8   -6  -81   22  -15  -23   24  -11   -7   30   22  -11  -11   -8
 27 * Add-drift          -1782  -213 -131 -171  -41 -227 -270 -187  -33   12   -4  -40    9   24 -119  -31   28  -96  -41  -55  -13  -32  -25  -25   31   16   24    0  -12    3  -15  -39  -70  -26   11  -15   24  -26  -46    7   11    9   12
 28 * Copy-drift         -1881   -91 -104  -77 -107 -308 -305  -88  -75  -14  -58  -79  -80  -92  -28   15  -14  -42   10   10   22  -96   -8 -262   17   27   10   12    0  -17  -10  -11   17   32 -104    3  -11  -22   -9   26   20   22  -12
 29 * Foxtrot            -2275  -362 -396 -114 -405   13  -51 -195   -1  -41  -39  -58   35  -25   -7   53   71  -34  -17  -23 -263   20  -10  -40   -2 -347    8   -3   17    0    7    7   -6  -43   -2  -31  -51  -12   47  -14   64   -5  -20
 30 * Flat               -2874  -210  -99 -165 -155  -70  -60  -90  -67  -72 -145 -155  -55 -189  -46 -121 -129 -159 -189  -48  -95   18 -119 -163    9 -128    6   15   10   -7    0  -12  -21   52   30 -191   -4  -13  232  204  -12    1 -462
 31 * Text               -3219  -124 -107 -189 -155 -159 -154  -51 -150 -141 -161 -174 -137 -176  -81 -171  -78 -160  -53  -38  -95 -125  -23 -123  -23 -154   81   39   11   -7   12    0  -10    7  -13   21  -24   10 -185  -74  -11 -185  111
 32 * Add-react          -3344  -353 -283 -268  -55 -118 -143 -340  -83 -113 -288 -120  -19  -86  -93 -376  -63 -262   -6  -32  -16  -98   12   -8    1  -94  -22   70  -17    6   21   10    0   13  -58  -33  -25   -1   -9   -2   27  -12   -8
 33 * Switch A Lot       -3420   -62  -55 -235 -142 -276 -229 -172  -92 -146 -201 -164  -80 -134  -68 -150 -106 -136 -303  -96  -99  -29  -99 -273  -23 -118   15   26  -32   43  -52   -7  -13    0  -23 -145    0    1   19  323   30  -16 -101
 34 Knucklehead          -4192  -574 -401 -419 -544 -178 -247 -490 -460 -582 -306 -339 -172 -268  -77 -156 -503 -320  -43 -259 -435 -191 -213   -4    8 -209   23  -11  104    2  -30   13   58   23    0  -27    9   84  117  865  -37  997 1000
 35 Peterbot             -5812  -898 -905 -897 -990 -253 -890 -922 -613 -860 -292 -972 -132 -873 -201 -320 -174 -861  -45   -3   27 -185    7   58    1 -142  -24   15   -3   31  191  -21   33  145   27    0  271  448  432  981  999  998 1000
 36 Always Switchin'     -6745  -221 -209 -405 -294 -459 -377 -231 -458 -416 -199 -208 -435 -249 -187 -301 -240 -226 -485 -282 -101  -84 -254 -442    4 -252   11  -24   11   51    4   24   25    0   -9 -271    0  -41    4  518   19    3  -59
 37 R-P-S 20-20-60       -9252  -400 -119 -417 -318 -406 -380 -343 -413 -374 -409 -386 -266 -421 -245 -438 -340 -383 -153 -171 -273 -378 -159 -373   -9 -408    7   26   22   12   13  -10    1   -1  -84 -448   41    0 -358 -149   15 -380   23
 38 Beat Frequent Pick  -14242  -901 -929 -944 -890 -594 -592 -590 -835 -753 -589 -592 -552 -591 -369 -591 -570 -591 -596 -458 -400 -510 -454 -999 -128 -345  -30   46    9  -47 -232  185    9  -19 -117 -432   -4  358    0 -600    0  999  996
 39 Beat The Last Move  -19259  -997 -982 -990 -995 -992 -985 -992 -968 -991 -992 -992 -871 -990 -972 -996  -30 -995 -495   -4  -40 -974   18 -997    1 -932  -22   -7  -26   14 -204   74    2 -323 -865 -981 -518  149  600    0    1 1000 1000
 40 Rotate R-P-S        -25271  -989 -987 -990 -996 -989 -989 -990 -993 -989 -993 -995 -944 -995 -953 -988 -994 -992 -997 -993 -758 -965 -992 -997  -21 -983   11  -11  -20  -64   12   11  -27  -30   37 -999  -19  -15    0   -1    0    0 -684
 41 Good Ole Rock       -26322  -1000 -995 -998 -997 -999 -996 -998 -996 -997 -998 -998 -992 -1000 -988 -1000 -997 -999 -998 -991 -1000 -997 -994 -999    0 -974   11   -9  -22    5   -1  185   12   16 -997 -998   -3  380 -999 -1000    0    0  999
 42 * Anti-Flat         -27266  -978 -990 -997 -991 -991 -996 -997 -997 -999 -992 -996 -989 -986 -992 -989 -995 -994 -999 -994 -759 -993 -994 -999  107 -979    8  -12   12   20  462 -111    8  101 -1000 -1000   59  -23 -996 -1000  684 -999    0

 Match results (draw <= 50): 

    Player Name           total  W  L  D   1  2  3  4  5  6  7  8  9 10 11 12 13 14 15 16 17 18 19 20 21 22 23 24 25 26 27 28 29 30 31 32 33 34 35 36 37 38 39 40 41 42
  1 Iocaine Powder          68  28  1 12   1  2  2  1  1  2  0  1  1  2  1  2  1  2  1  1  2  2  1  1  1  2  2  1  2  2  2  2  2  2  2  2  2  2  2  2  2  2  2  2  2  2
  2 Phasenbott              68  28  1 12   0  1  1  2  1  2  1  1  2  2  1  2  1  2  1  1  2  2  1  1  1  2  2  1  2  2  2  2  2  2  2  2  2  2  2  2  2  2  2  2  2  2
  3 MegaHAL                 65  26  2 13   0  1  1  1  1  2  1  1  2  1  1  1  1  1  0  2  2  2  2  1  1  2  2  1  2  2  2  2  2  2  2  2  2  2  2  2  2  2  2  2  2  2
  4 Simple Modeller         65  25  1 15   1  0  1  1  1  1  1  1  1  2  1  1  1  1  1  2  2  2  2  1  2  2  2  1  2  1  2  2  2  2  2  2  2  2  2  2  2  2  2  2  2  2
  5 Biopic                  64  23  0 18   1  1  1  1  1  1  1  1  1  2  1  1  1  2  1  1  2  2  1  1  2  2  1  1  2  2  2  1  2  2  2  2  2  2  2  2  2  2  2  2  2  2
  6 RussRocker4             63  25  3 13   0  0  0  1  1  1  1  1  1  2  1  1  1  2  1  1  2  2  2  1  2  2  1  1  2  2  2  2  2  2  2  2  2  2  2  2  2  2  2  2  2  2
  7 Shofar                  62  21  0 20   2  1  1  1  1  1  1  1  1  1  1  1  2  1  1  2  2  2  1  1  2  1  1  1  2  1  2  1  2  2  2  1  2  2  2  2  2  2  2  2  2  2
  8 Bugbrain                61  20  0 21   1  1  1  1  1  1  1  1  1  1  1  1  1  1  1  2  2  2  1  1  1  2  2  1  2  1  2  2  2  1  2  2  2  1  2  2  2  2  2  2  2  2
  9 Robertot                57  18  2 21   1  0  0  1  1  1  1  1  1  1  1  1  2  1  1  1  1  1  1  1  2  2  1  1  1  1  2  1  2  2  2  2  2  2  2  2  2  2  2  2  2  2
 10 Simple Predictor        55  21  7 13   0  0  1  0  0  0  1  1  1  1  0  1  1  1  1  1  1  1  1  0  2  2  2  1  2  2  2  2  2  2  2  2  2  2  2  2  2  2  2  2  2  2
 11 Vroomfondel             55  14  0 27   1  1  1  1  1  1  1  1  1  2  1  1  1  1  1  2  1  1  1  1  1  2  1  1  2  1  1  1  2  1  2  1  1  2  1  2  2  2  2  2  2  2
 12 Yomi AI                 54  15  2 24   0  0  1  1  1  1  1  1  1  1  1  1  1  1  1  1  2  2  1  1  1  2  1  1  1  2  1  1  2  1  2  1  1  2  2  2  2  2  2  2  2  2
 13 Boom                    54  16  3 22   1  1  1  1  1  1  0  1  0  1  1  1  1  1  0  2  1  1  1  1  1  1  2  1  1  1  2  1  2  1  2  2  2  2  2  2  2  2  2  2  2  2
 14 ACT-R Lag2              54  19  6 16   0  0  1  1  0  0  1  1  1  1  1  1  1  1  1  2  2  2  1  0  1  2  2  1  2  0  2  1  2  1  2  2  1  2  2  2  2  2  2  2  2  2
 15 Majikthise              54  13  0 28   1  1  2  1  1  1  1  1  1  1  1  1  2  1  1  1  1  1  1  1  1  2  1  1  1  1  1  2  2  1  2  1  1  1  1  2  2  2  2  2  2  2
 16 Sweet Rocky             50  16  7 18   1  1  0  0  1  1  0  0  1  1  0  1  0  0  1  1  1  1  1  1  1  1  1  1  2  1  2  1  2  2  2  2  2  2  2  2  2  2  2  2  2  2
 17 Marble                  48  18 11 12   0  0  0  0  0  0  0  0  1  1  1  0  1  0  1  1  1  1  2  0  1  1  1  1  2  2  2  1  2  2  2  2  2  2  2  2  2  2  2  2  2  2
 18 Granite                 47  16 10 15   0  0  0  0  0  0  0  0  1  1  1  0  1  0  1  1  1  1  1  1  1  1  1  1  2  1  2  1  2  2  2  2  2  2  2  2  2  2  2  2  2  2
 19 Piedra                  47  14  8 19   1  1  0  0  1  0  1  1  1  1  1  1  1  1  1  1  0  1  1  0  1  0  1  0  1  0  2  1  2  1  2  2  2  2  2  2  2  2  2  2  2  2
 20 * De Bruijn             46   6  1 34   1  1  1  1  1  1  1  1  1  2  1  1  1  2  1  1  2  1  2  1  1  1  2  1  1  1  1  1  1  1  1  1  1  1  1  1  2  1  1  0  1  1
 21 * Anti-rotn             46  12  7 22   1  1  1  0  0  0  0  1  0  0  1  1  1  1  1  1  1  1  1  1  1  0  1  1  2  1  1  1  2  1  1  1  2  2  2  2  2  2  2  2  2  2
 22 ZQ Bot                  45  17 13 11   0  0  0  0  0  0  1  0  0  0  0  0  1  0  0  1  1  1  2  1  2  1  1  1  1  1  2  2  2  1  2  2  2  2  2  2  2  2  2  2  2  2
 23 Mixed Strategy          44  13 10 18   0  0  0  0  1  1  1  0  1  0  1  1  0  0  1  1  1  1  1  0  1  1  1  0  1  1  2  1  2  2  2  2  2  1  2  2  2  1  2  2  2  2
 24 * Pi                    42   2  1 38   1  1  1  1  1  1  1  1  1  1  1  1  1  1  1  1  1  1  2  1  1  1  2  1  1  1  1  1  1  1  1  1  1  1  0  1  1  1  1  1  1  1
 25 Inocencio               41  15 15 11   0  0  0  0  0  0  0  0  1  0  0  1  1  0  1  0  0  0  1  1  0  1  1  1  1  2  2  1  2  1  2  2  2  2  2  2  2  2  2  2  2  2
 26 * Foxtrot               34   3 10 28   0  0  0  1  0  0  1  1  1  0  1  0  1  2  1  1  0  1  2  1  1  1  1  1  0  1  1  1  1  1  1  1  1  1  1  0  1  1  1  1  2  1
 27 Peterbot                32  10 19 12   0  0  0  0  0  0  0  0  0  0  1  1  0  0  1  0  0  0  0  1  1  0  0  1  0  1  1  1  2  1  1  1  2  2  1  2  2  2  2  2  2  2
 28 * Add-drift             31   0 10 31   0  0  0  0  1  0  1  0  1  0  1  1  1  1  0  1  1  1  1  1  1  0  1  1  1  1  1  1  1  1  1  0  1  1  1  1  1  1  1  1  1  1
 29 Multi-strategy          28  11 24  6   0  0  0  0  0  0  0  0  0  0  0  0  0  0  0  0  0  0  0  1  0  0  0  1  0  1  0  1  1  2  1  1  2  2  2  2  2  2  2  2  2  2
 30 * Copy-drift            26   0 15 26   0  0  0  0  0  0  0  1  0  0  1  1  1  1  1  0  0  0  1  1  1  1  0  1  1  1  1  1  0  1  0  1  1  1  1  1  1  1  1  1  1  1
 31 Knucklehead             26   7 22 12   0  0  0  0  0  0  0  0  0  0  0  0  0  0  0  0  0  0  0  1  1  0  0  1  0  1  1  1  1  2  1  2  2  1  1  1  2  1  2  2  1  2
 32 * Add-react             23   1 19 21   0  0  0  0  0  0  1  0  0  0  1  1  0  0  1  0  0  0  0  1  1  0  0  1  0  1  1  2  1  1  0  1  1  1  1  1  1  1  1  1  1  1
 33 Beat The Last Move      21   5 25 11   0  0  0  0  0  0  0  0  0  0  1  1  0  1  1  0  0  0  0  1  0  0  0  1  0  1  0  1  0  1  0  1  1  0  2  0  2  0  2  2  1  2
 34 * Flat                  21   3 23 15   0  0  0  0  0  0  0  1  0  0  0  0  0  0  1  0  0  0  0  1  0  0  1  1  0  1  0  1  0  1  1  1  2  1  1  1  2  2  1  0  1  1
 35 * Text                  18   2 25 14   0  0  0  0  0  0  0  0  0  0  1  0  0  0  1  0  0  0  0  1  0  0  0  2  0  1  1  1  0  1  1  1  0  1  1  1  0  1  0  2  1  1
 36 Always Switchin'        17   2 26 13   0  0  0  0  0  0  0  0  0  0  0  0  0  0  0  0  0  0  0  1  0  0  0  1  0  2  0  1  0  1  1  1  2  1  1  1  1  1  1  0  1  1
 37 Beat Frequent Pick      16   4 29  8   0  0  0  0  0  0  0  0  0  0  0  0  0  0  0  0  0  0  0  0  0  0  0  1  0  1  0  1  0  1  0  1  0  0  2  1  1  1  2  2  1  2
 38 * Switch A Lot          16   1 26 14   0  0  0  0  0  0  0  0  0  0  0  0  0  0  0  0  0  0  0  1  0  0  1  1  0  1  0  1  0  1  1  1  2  0  1  1  1  1  1  0  1  1
 39 Good Ole Rock           16   3 28 10   0  0  0  0  0  0  0  0  0  0  0  0  0  0  0  0  0  0  0  1  0  0  0  1  0  1  0  1  0  1  0  1  0  1  2  1  0  1  1  2  1  2
 40 * Anti-Flat             16   5 30  6   0  0  0  0  0  0  0  0  0  0  0  0  0  0  0  0  0  0  0  2  0  0  0  1  0  1  0  1  0  1  0  1  0  2  0  2  0  2  0  1  2  1
 41 Rotate R-P-S            14   0 27 14   0  0  0  0  0  0  0  0  0  0  0  0  0  0  0  0  0  0  0  1  0  0  0  1  0  0  0  1  0  1  1  1  1  1  1  1  1  1  1  0  1  1
 42 R-P-S 20-20-60          12   0 29 12   0  0  0  0  0  0  0  0  0  0  0  0  0  0  0  0  0  0  0  1  0  0  0  1  0  1  0  1  0  1  0  1  0  1  1  1  0  1  0  1  1  1


   Yomi AI is match ranked 12

 Tournament results:
    Player Name          total 
  1 Yomi AI               4756 
 15 * Anti-rotn           5450 
 19 Iocaine Powder       10639 
 20 Phasenbott            9945 
 21 MegaHAL               9860 
 22 RussRocker4           7819 
 23 Biopic                8932 
 24 Simple Modeller       8764 
 25 Simple Predictor      7837 
 26 Robertot              7744 
 27 Boom                  7644 
 28 Shofar                6521 
 29 ACT-R Lag2            5673 
 30 Majikthise            4943 
 32 Granite               6500 
 33 Marble                6557 
 34 ZQ Bot                5542 
 35 Sweet Rocky           6737 
 36 Piedra                5839 
 41 Bugbrain              6126 

   Yomi is tournament ranked 20

