 Playing 1 tournaments with 1000 trials per match...

 Yomi AI            vs Good Ole Rock       Match: 1000 (1000+   0-   0=)
 Yomi AI            vs R-P-S 20-20-60      Match:  296 (533+ 237- 230=)
 Yomi AI            vs Rotate R-P-S        Match:  992 (994+   2-   4=)
 Yomi AI            vs Beat The Last Move  Match:   49 (378+ 329- 293=)
 Yomi AI            vs Always Switchin'    Match:  242 (450+ 208- 342=)
 Yomi AI            vs Beat Frequent Pick  Match:  513 (684+ 171- 145=)
 Yomi AI            vs * Pi                Match:  -47 (322+ 369- 309=)
 Yomi AI            vs * Switch A Lot      Match:  123 (408+ 285- 307=)
 Yomi AI            vs * Flat              Match:  160 (430+ 270- 300=)
 Yomi AI            vs * Anti-Flat         Match:  999 (999+   0-   1=)
 Yomi AI            vs * Foxtrot           Match:  319 (546+ 227- 227=)
 Yomi AI            vs * De Bruijn         Match:  -20 (310+ 330- 360=)
 Yomi AI            vs * Text              Match:  114 (405+ 291- 304=)
 Yomi AI            vs * Anti-rotn         Match:  -16 (339+ 355- 306=)
 Yomi AI            vs * Copy-drift        Match:   12 (344+ 332- 324=)
 Yomi AI            vs * Add-react         Match:   47 (364+ 317- 319=)
 Yomi AI            vs * Add-drift         Match:   -9 (341+ 350- 309=)
 Yomi AI            vs Iocaine Powder      Match:  -16 (319+ 335- 346=)
 Yomi AI            vs Phasenbott          Match:   -9 (330+ 339- 331=)
 Yomi AI            vs MegaHAL             Match:   11 (346+ 335- 319=)
 Yomi AI            vs RussRocker4         Match:   68 (364+ 296- 340=)
 Yomi AI            vs Biopic              Match:  -31 (344+ 375- 281=)
 Yomi AI            vs Simple Modeller     Match:   14 (337+ 323- 340=)
 Yomi AI            vs Simple Predictor    Match:   35 (371+ 336- 293=)
 Yomi AI            vs Robertot            Match:   51 (370+ 319- 311=)
 Yomi AI            vs Boom                Match:   35 (350+ 315- 335=)
 Yomi AI            vs Shofar              Match:   35 (343+ 308- 349=)
 Yomi AI            vs ACT-R Lag2          Match:   36 (368+ 332- 300=)
 Yomi AI            vs Majikthise          Match:  -11 (321+ 332- 347=)
 Yomi AI            vs Vroomfondel         Match:  -37 (311+ 348- 341=)
 Yomi AI            vs Granite             Match:   81 (416+ 335- 249=)
 Yomi AI            vs Marble              Match:   96 (432+ 336- 232=)
 Yomi AI            vs ZQ Bot              Match:    2 (351+ 349- 300=)
 Yomi AI            vs Sweet Rocky         Match:   73 (388+ 315- 297=)
 Yomi AI            vs Piedra              Match:   14 (361+ 347- 292=)
 Yomi AI            vs Mixed Strategy      Match:   94 (402+ 308- 290=)
 Yomi AI            vs Multi-strategy      Match:  226 (489+ 263- 248=)
 Yomi AI            vs Inocencio           Match:  171 (461+ 290- 249=)
 Yomi AI            vs Peterbot            Match:   36 (365+ 329- 306=)
 Yomi AI            vs Bugbrain            Match:  -28 (327+ 355- 318=)
 Yomi AI            vs Knucklehead         Match:  512 (674+ 162- 164=)
 Final results (draw value = 50):

 Tournament results: 

    Player Name          total     1    2    3    4    5    6    7    8    9   10   11   12   13   14   15   16   17   18   19   20   21   22   23   24   25   26   27   28   29   30   31   32   33   34   35   36   37   38   39   40   41   42
  1 Iocaine Powder       10650     0  130   93   26   30   35  511   12  138   53  250  -85  339   62   16  214   33   50    8   57   29   70  241  202   -3   -7   67  200  336  567  193  284  120   51  223  887  354  905  988  990  981 1000
  2 Phasenbott            9810  -130    0   33   16   64  122  523   26  148    1  228   -5  272    5    9  216   75   39   18   52    9   44  214  216   18  -34   71   93  321  418   75  332   61   51  229  884  186  954  983  992  997  984
  3 MegaHAL               9381   -93  -33    0   12   11   20   83   22   69   -4  274  -26  258   -7  -11  216   -1   -4   21   58  -15  102  133  209   12  -27  173   40   49  389   96  257  189  228  468  919  386  944  985  998  985  996
  4 Simple Modeller       9329   -26  -16  -12    0   -5  -41   -9   48  243   62  103  -19  276   73  -14   93   65   -8   13   43  -17  101  181  794  -81   -9  217  264   -4  278   60  105  137  202  482  764  418  591  991  997  994  995
  5 Biopic                8482   -30  -64  -11    5    0   30  -60   43   63   54  113  -21  100   14   31  113  -16   -9  -30   48   -2   28  229  116   -8   -7   39   52  431  536  172   74  138  165  325  812  380  646  996  997  996  994
  6 Robertot              7621   -35 -122  -20   41  -30    0  -48    7   32   65   31  -32   57   10  -51    2   -7    8  -41   46  -15   91  342  -30   23   22   -3    7   49  468   17   99  171   71  447  672  395  925  971  998  997  991
  7 RussRocker4           7582  -511 -523  -83    9   60   48    0   17   71   30  165  -40  162   28  -68  134   -5   -1  -42   52   17   86  170  137  -20  -32  152  138  217  487  112  335   42  142  266  929  328  592  994  998  993  996
  8 Boom                  7267   -12  -26  -22  -48  -43   -7  -17    0    4   14   77  -20  -12   42  -35   35  -58  -45    3   45    3   50  228   52   -6  -10   36   74   25  437   93   97  130  252  365  519  324  753  991  995  990  994
  9 Simple Predictor      7037  -138 -148  -69 -243  -63  -32  -71   -4    0   26   47    2  177   90  -35   29   16 -100   10   52  -11   48  191  397  -79  -14  240  273  -84  292  112  124  149  181  411  316  387  592  986  996  990  994
 10 Sweet Rocky           6733   -53   -1    4  -62  -54  -65  -30  -14  -26    0  -28  -16  -33   48  -73    1  -54  -27  -80   75  -33   28   80  -84   11   39   76   50  -16  281  138  248  160  193  272  834  384  588  998  998  993  983
 11 Granite               6627  -250 -228 -274 -103 -113  -31 -165  -77  -47   28    0  -40   30   51  -81  -11  -84 -140  -13   45   11    8  374  538  -55   -5   52   84   88  328  192   85  179   64  281  926  407  592  996  998  995  992
 12 Shofar                6620    85    5   26   19   21   32   40   20   -2   16   40    0   58   11  -35   41   -1  -19  -39   37   27   78   64   56   -2  -12   23  140   -9  169    3   51  181  218  430  173  331  556  904  972  930  982
 13 ZQ Bot                6362  -339 -272 -258 -276 -100  -57 -162   12 -177   33  -30  -58    0   68   -2  -54 -196  -52  -63   86  -57  -27  286  798  -11    2   55   16   61  348  164  290  150  164  245  822  396  591  994  994  986  992
 14 Piedra                6317   -62   -5    7  -73  -14  -10  -28  -42  -90  -48  -51  -11  -68    0  -14  -52  -39  -13  -20   71  -40    8  123  -46   -6  -17   42   14  -27  198  130  304  180  197  268  632  356  595  987  998  991  992
 15 Yomi AI               6232   -16   -9   11   14  -31   51   68   35   35   73   81   35    2   14    0   96  -28   36  -37  -16  -11   94  226  171  -20  -47   -9   12  319  512  160   47  114  123  242   36  296  513   49 1000  992  999
 16 Marble                6163  -214 -216 -216  -93 -113   -2 -134  -35  -29   -1   11  -41   54   52  -96    0  -93  -94  -42   48  -19   13  289  319  -29  -30   14  -22   47  271  157   65  178   78  215  921  373  594  991 1000  992 1000
 17 Bugbrain              5960   -33  -75    1  -65   16    7    5   58  -16   54   84    1  196   39   28   93    0   38   -2   33  -41   51  135   93  -24  -14   90   89  -30   77   68  113  -16   84  250  272  138  405  919  979  910  950
 18 ACT-R Lag2            5887   -50  -39    4    8    9   -8    1   45  100   27  140   19   52   13  -36   94  -38    0  -32  -19   10   47  293   68 -109  -25    7    2  -33  522   71   40  107  163  296  229  335  574   13  995  996  996
 19 Vroomfondel           5192    -8  -18  -21  -13   30   41   42   -3  -10   80   13   39   63   20   37   42    2   32    0    3    5   68  249  103  -15    4   21   15   13  229   93   11   47   97  259   27  158  478  -18  992  994  991
 20 * Anti-rotn           4962   -57  -52  -58  -43  -48  -46  -52  -45  -52  -75  -45  -37  -86  -71   16  -48  -33   19   -3    0   -6   24  211  219  -46  -42  -19   17   -7   26  215   23   58  326  488   39  169  597  492  997  998  999
 21 Majikthise            4734   -29   -9   15   17    2   15  -17   -3   11   33  -11  -27   57   40   11   19   41  -10   -5    6    0   19  163   43  -12   24   33  -38   24  247   42   39  -14  143  300   57  152  428  -48  994  995  987
 22 Mixed Strategy        4731   -70  -44 -102 -101  -28  -91  -86  -50  -48  -28   -8  -78   27   -8  -94  -13  -51  -47  -68  -24  -19    0   51   -6  -77  -26    9   39    8  138   26   75  144  161   98  329  396  518  961  988  966  964
 23 Multi-strategy        2611  -241 -214 -133 -181 -229 -342 -170 -228 -191  -80 -374  -64 -286 -123 -226 -289 -135 -293 -249 -211 -163  -51    0 -142  -50  -20   33  224    5   86  168  -14  123  265  502  500  414  999  997  999  997  998
 24 Inocencio             1700  -202 -216 -209 -794 -116   30 -137  -52 -397   84 -538  -56 -798   46 -171 -319  -93  -68 -103 -219  -43    6  142    0  -14    1   25   74  272  173  121   55  152  105  189  118  408  353  951  977  982  981
 25 * De Bruijn            722     3  -18  -12   81    8  -23   20    6   79  -11   55    2   11    6   20   29   24  109   15   46   12   77   50   14    0   -1    7   30  -10  -17   21   20   23  -17    1   -2   31  128   -1    0   21 -115
 26 * Pi                   195     7   34   27    9    7  -22   32   10   14  -39    5   12   -2   17   47   30   14   25   -4   42  -24   26   20   -1    1    0    4   13  -29  -10  -17  -21  -81   -2    7   27   -3   30   22  -11  -11  -10
 27 * Add-drift          -1606   -67  -71 -173 -217  -39    3 -152  -36 -240  -76  -52  -23  -55  -42    9  -14  -90   -7  -21   19  -33   -9  -33  -25   -7   -4    0   25  -13   25  -75  -84  -46   18  -23  -23   14   15    0  -34   34   16
 28 * Copy-drift         -1971  -200  -93  -40 -264  -52   -7 -138  -74 -273  -50  -84 -140  -16  -14  -12   22  -89   -2  -15  -17   38  -39 -224  -74  -30  -13  -25    0  -24  -25   29  -13   19   21   38  -83   -2  -10  -57   24    9   28
 29 * Foxtrot            -2027  -336 -321  -49    4 -431  -49 -217  -25   84   16  -88    9  -61   27 -319  -47   30   33  -13    7  -24   -8   -5 -272   10   29   13   24    0   39   26  -12   -8  -12   30  -43  -41   23    6  -32  -25    1
 30 Knucklehead          -2410  -567 -418 -389 -278 -536 -468 -487 -437 -292 -281 -328 -169 -348 -198 -512 -271  -77 -522 -229  -26 -247 -138  -86 -173   17   10  -25   25  -39    0  -12   36   21   15   14 1000   22  109  921  955 1000  998
 31 * Flat               -2836  -193  -75  -96  -60 -172  -17 -112  -93 -112 -138 -192   -3 -164 -130 -160 -157  -68  -71  -93 -215  -42  -26 -168 -121  -21   17   75  -29  -26   12    0    1  -28   15   24 -205  -56  226  229    0   13 -405
 32 * Add-react          -2962  -284 -332 -257 -105  -74  -99 -335  -97 -124 -248  -85  -51 -290 -304  -47  -65 -113  -40  -11  -23  -39  -75   14  -55  -20   21   84   13   12  -36   -1    0  -49   -6   48  -31   28   11    0   -3   23   83
 33 * Text               -3044  -120  -61 -189 -137 -138 -171  -42 -130 -149 -160 -179 -181 -150 -180 -114 -178   16 -107  -47  -58   14 -144 -123 -152  -23   81   46  -19    8  -21   28   49    0  -24  -15   23   45 -185  -74 -185  -11  113
 34 * Switch A Lot       -3448   -51  -51 -228 -202 -165  -71 -142 -252 -181 -193  -64 -218 -164 -197 -123  -78  -84 -163  -97 -326 -143 -161 -265 -105   17    2  -18  -21   12  -15  -15    6   24    0  -16 -118   34   58  285   10   23    8
 35 Always Switchin'     -7434  -223 -229 -468 -482 -325 -447 -266 -365 -411 -272 -281 -430 -245 -268 -242 -215 -250 -296 -259 -488 -300  -98 -502 -189   -1   -7   23  -38  -30  -14  -24  -48   15   16    0 -266    1   10  481   -2    9   -8
 36 Peterbot             -8080  -887 -884 -919 -764 -812 -672 -929 -519 -316 -834 -926 -173 -822 -632  -36 -921 -272 -229  -27  -39  -57 -329 -500 -118    2  -27   23   83   43 -1000  205   31  -23  118  266    0  408  435  982 1000  998  993
 37 R-P-S 20-20-60       -9009  -354 -186 -386 -418 -380 -395 -328 -324 -387 -384 -407 -331 -396 -356 -296 -373 -138 -335 -158 -169 -152 -396 -414 -408  -31    3  -14    2   41  -22   56  -28  -45  -34   -1 -408    0 -422 -153 -439  -30  387
 38 Beat Frequent Pick  -14315  -905 -954 -944 -591 -646 -925 -592 -753 -592 -588 -592 -556 -591 -595 -513 -594 -405 -574 -478 -597 -428 -518 -999 -353 -128  -30  -15   10  -23 -109 -226  -11  185  -58  -10 -435  422    0 -600  999    0  997
 39 Beat The Last Move  -19115  -988 -983 -985 -991 -996 -971 -994 -991 -986 -998 -996 -904 -994 -987  -49 -991 -919  -13   18 -492   48 -961 -997 -951    1  -22    0   57   -6 -921 -229    0   74 -285 -481 -982  153  600    0 1000    1  996
 40 Good Ole Rock       -26124  -990 -992 -998 -997 -997 -998 -998 -995 -996 -998 -998 -972 -994 -998 -1000 -1000 -979 -995 -992 -997 -994 -988 -999 -977    0   11   34  -24   32 -955    0    3  185  -10    2 -1000  439 -999 -1000    0    0 1000
 41 Rotate R-P-S        -26394  -981 -997 -985 -994 -996 -997 -993 -990 -990 -993 -995 -930 -986 -991 -992 -992 -910 -996 -994 -998 -995 -966 -997 -982  -21   11  -34   -9   25 -1000  -13  -23   11  -23   -9 -998   30    0   -1    0    0 -700
 42 * Anti-Flat         -28132  -1000 -984 -996 -995 -994 -991 -996 -994 -994 -983 -992 -982 -992 -992 -999 -1000 -950 -996 -991 -999 -987 -964 -998 -981  115   10  -16  -28   -1 -998  405  -83 -113   -8    8 -993 -387 -997 -996 -1000  700    0

 Match results (draw <= 50): 

    Player Name           total  W  L  D   1  2  3  4  5  6  7  8  9 10 11 12 13 14 15 16 17 18 19 20 21 22 23 24 25 26 27 28 29 30 31 32 33 34 35 36 37 38 39 40 41 42
  1 Iocaine Powder          69  29  1 11   1  2  1  2  2  1  1  1  0  1  1  1  1  2  1  2  2  2  2  1  2  2  2  2  1  2  2  2  2  2  2  2  2  2  2  2  2  2  2  2  2  2
  2 Phasenbott              67  27  1 13   0  1  1  1  2  2  2  1  1  1  1  2  1  2  1  1  2  2  1  1  2  2  1  2  1  2  2  2  2  2  2  2  2  2  2  2  2  2  2  2  2  2
  3 Simple Modeller         65  25  1 15   1  1  1  1  1  1  2  1  1  1  1  1  1  2  1  2  2  2  2  0  2  1  2  2  1  1  2  2  2  2  2  2  2  2  2  2  2  2  2  2  2  2
  4 MegaHAL                 63  23  1 17   0  1  1  1  2  1  1  1  1  1  1  1  1  2  1  1  2  2  1  1  2  2  2  2  1  1  2  2  2  1  2  2  2  2  2  2  2  2  2  2  2  2
  5 RussRocker4             61  24  4 13   0  0  1  0  1  2  1  0  1  1  1  1  1  2  1  1  2  2  1  1  2  2  2  2  1  2  2  2  2  2  2  2  2  2  1  2  2  2  2  2  2  2
  6 Biopic                  61  22  2 17   1  0  1  1  0  1  1  1  1  1  1  1  1  2  1  1  2  2  2  1  2  1  1  2  1  2  2  1  2  2  2  2  2  2  2  2  2  2  2  2  2  2
  7 Bugbrain                61  22  2 17   1  0  0  1  1  1  1  1  1  2  1  1  1  1  1  1  2  2  2  1  2  1  2  2  1  1  2  2  2  2  2  2  2  2  1  2  2  2  2  2  2  2
  8 Yomi AI                 60  19  0 22   1  1  1  1  2  1  1  1  1  1  1  2  1  1  1  1  2  2  2  1  1  1  2  2  1  2  2  1  1  1  1  2  1  2  2  2  2  2  2  2  2  2
  9 Shofar                  59  18  0 23   2  1  1  1  1  1  1  1  1  1  1  1  1  1  1  1  1  1  1  1  2  1  2  2  1  1  2  1  2  2  2  2  2  1  2  2  2  2  2  2  2  2
 10 Boom                    57  17  1 23   1  1  1  1  1  1  0  1  1  1  1  1  1  1  1  1  2  1  1  1  1  1  1  2  1  1  2  1  2  2  2  2  2  2  2  2  2  2  2  2  2  2
 11 ACT-R Lag2              57  17  1 23   1  1  1  1  1  1  1  1  1  1  1  1  1  2  1  1  2  2  1  0  2  1  1  2  1  1  2  1  2  1  1  2  1  2  2  2  2  2  2  2  2  2
 12 Robertot                55  16  2 23   1  0  1  1  1  1  1  0  1  1  1  1  1  1  1  1  1  1  2  1  2  1  2  1  1  1  2  1  2  1  2  2  2  1  2  2  2  2  2  2  2  2
 13 Vroomfondel             55  14  0 27   1  1  1  1  1  1  1  1  1  1  1  1  1  1  1  1  1  1  2  1  2  1  2  2  1  1  2  1  1  1  1  2  1  2  1  2  2  2  2  2  2  2
 14 Simple Predictor        52  20  9 12   0  0  0  0  0  0  1  1  1  1  0  1  1  1  1  2  1  1  1  0  2  2  1  2  1  0  2  2  2  2  2  2  2  2  2  2  2  2  2  2  2  2
 15 Majikthise              52  11  0 30   1  1  1  1  1  1  1  1  1  1  1  1  1  1  1  1  1  1  1  1  2  1  1  1  1  1  2  1  2  1  1  2  1  1  1  2  2  2  2  2  2  2
 16 Piedra                  50  15  6 20   0  1  0  1  1  1  1  1  1  1  1  1  1  0  1  1  0  0  1  1  0  2  1  1  1  1  2  1  2  1  2  2  2  2  2  2  2  2  2  2  2  2
 17 Granite                 49  19 11 11   0  0  0  0  0  0  0  0  1  0  0  1  1  1  1  2  1  1  1  0  1  1  1  2  1  2  2  2  2  2  2  2  2  2  2  2  2  2  2  2  2  2
 18 Marble                  49  17  9 15   0  0  0  0  0  0  0  0  1  1  0  1  1  1  1  2  1  1  1  1  2  1  1  2  1  1  2  1  2  1  2  2  2  2  2  2  2  2  2  2  2  2
 19 Sweet Rocky             49  16  8 17   0  1  0  1  1  0  0  0  1  1  1  0  0  1  1  1  1  1  1  1  1  2  1  0  1  1  2  2  2  1  2  2  2  2  2  2  2  2  2  2  2  2
 20 * De Bruijn             46   6  1 34   1  1  2  1  1  1  1  1  1  1  2  1  1  2  1  1  2  1  1  1  1  1  2  1  1  1  1  1  1  1  1  1  1  1  1  1  1  1  1  2  1  0
 21 ZQ Bot                  46  19 14  8   0  0  0  0  0  0  0  1  0  1  0  0  0  0  0  2  1  0  1  1  1  2  1  2  1  2  2  2  2  1  2  2  2  2  2  2  2  2  2  2  2  2
 22 * Anti-rotn             45  12  8 21   0  0  1  0  0  1  1  1  1  1  1  1  1  0  1  0  1  1  0  1  0  1  1  2  1  1  2  1  1  1  1  1  2  2  2  2  2  2  2  2  2  2
 23 Mixed Strategy          44  13 10 18   0  1  0  0  0  1  0  0  0  1  1  0  0  1  1  1  1  1  1  0  1  1  1  1  1  1  2  1  2  1  2  2  2  1  2  2  2  2  2  2  2  2
 24 Inocencio               41  17 17  7   0  0  0  0  0  0  0  0  0  0  0  1  0  0  1  1  0  0  2  1  0  0  1  1  1  2  2  1  2  2  2  2  2  2  2  2  2  2  2  2  2  2
 25 * Pi                    40   0  1 40   1  1  1  1  1  1  1  1  1  1  1  1  1  1  1  1  1  1  1  1  1  1  1  1  1  1  1  1  1  1  1  1  1  1  0  1  1  1  1  1  1  1
 26 * Foxtrot               34   1  8 32   0  0  1  1  0  0  1  0  1  1  1  1  1  2  1  1  0  1  1  1  0  1  1  0  1  1  1  1  1  1  1  1  1  1  1  1  1  1  1  1  1  1
 27 Multi-strategy          31  13 23  5   0  0  0  0  0  0  0  0  0  0  0  0  0  0  0  0  0  0  0  1  0  0  0  0  1  1  1  1  2  2  1  2  2  2  2  2  2  2  2  2  2  2
 28 * Add-drift             29   0 12 29   0  0  0  0  0  1  0  1  1  1  1  1  1  0  1  1  0  1  0  1  0  1  1  1  1  1  1  1  1  1  0  1  1  0  1  1  1  1  1  1  1  1
 29 Peterbot                29  10 22  9   0  0  0  0  0  0  0  1  0  0  0  0  1  0  0  0  0  0  0  1  0  1  0  0  1  1  0  1  1  2  1  0  2  2  1  2  2  2  2  2  2  2
 30 * Copy-drift            27   0 14 27   0  0  0  1  0  0  0  1  0  0  1  1  1  0  1  1  0  1  1  1  1  1  1  0  1  1  0  1  0  1  1  1  0  1  1  1  1  1  1  1  1  1
 31 * Add-react             25   2 18 21   0  0  0  0  0  0  0  1  0  0  1  0  1  0  1  0  0  0  0  1  0  1  0  0  1  1  1  2  1  1  1  1  1  1  1  1  1  1  1  1  1  2
 32 Knucklehead             24   6 23 12   0  0  0  0  0  0  0  0  0  0  0  0  0  0  0  0  0  0  0  1  0  1  0  0  1  1  0  1  2  1  1  1  2  1  1  1  1  2  1  2  2  2
 33 Beat The Last Move      22   6 25 10   0  0  0  0  0  0  0  1  0  0  1  0  1  0  1  0  0  0  0  1  0  0  0  0  1  1  0  1  0  2  1  0  1  0  2  0  0  2  2  2  1  2
 34 * Flat                  21   3 23 15   0  0  0  0  0  0  0  0  1  0  0  1  0  0  1  0  0  0  0  1  0  0  1  0  1  1  0  2  0  1  1  1  2  1  1  1  1  1  0  2  1  0
 35 * Text                  20   2 23 16   0  0  0  0  1  0  1  0  0  0  0  0  1  0  1  0  0  0  0  1  0  0  0  0  2  1  0  1  1  1  1  1  0  1  1  1  1  0  1  0  1  2
 36 * Switch A Lot          18   2 25 14   0  0  0  0  0  0  0  0  0  0  0  0  0  0  0  0  0  0  0  1  0  0  0  0  1  1  0  1  0  1  1  1  2  1  1  1  1  1  1  2  1  1
 37 Always Switchin'        17   1 25 15   0  0  0  0  0  0  0  0  0  0  0  0  0  0  0  0  0  0  0  1  0  0  0  0  1  1  0  1  0  1  1  1  2  1  1  1  1  1  1  1  1  1
 38 Good Ole Rock           16   3 28 10   0  0  0  0  0  0  0  0  0  0  0  0  0  0  0  0  0  0  0  1  0  0  0  0  1  1  0  1  0  1  1  0  0  1  2  1  1  1  2  0  1  2
 39 R-P-S 20-20-60          15   2 28 11   0  0  0  0  0  0  0  0  0  0  0  0  0  0  0  0  0  0  0  1  0  0  0  0  1  1  0  1  0  1  1  1  0  2  1  1  1  0  1  0  1  2
 40 Beat Frequent Pick      15   4 30  7   0  0  0  0  0  0  0  0  0  0  0  0  0  0  0  0  0  0  0  0  0  0  0  0  1  1  0  1  0  1  1  0  0  0  2  0  1  2  2  1  1  2
 41 Rotate R-P-S            14   0 27 14   0  0  0  0  0  0  0  0  0  0  0  0  0  0  0  0  0  0  0  1  0  0  0  0  1  1  0  1  0  1  1  0  1  1  1  1  1  1  1  1  1  0
 42 * Anti-Flat             12   3 32  6   0  0  0  0  0  0  0  0  0  0  0  0  0  0  0  0  0  0  0  2  0  0  0  0  1  1  0  1  0  1  0  0  0  2  0  1  1  0  0  0  2  1


   Yomi AI is match ranked 8

 Tournament results:
    Player Name          total 
  1 Yomi AI               6232 
 19 Iocaine Powder       10650 
 20 Phasenbott            9810 
 21 MegaHAL               9381 
 22 RussRocker4           7582 
 23 Biopic                8482 
 24 Simple Modeller       9329 
 25 Simple Predictor      7037 
 26 Robertot              7621 
 27 Boom                  7267 
 28 Shofar                6620 
 32 Granite               6627 
 34 ZQ Bot                6362 
 35 Sweet Rocky           6733 
 36 Piedra                6317 

   Yomi is tournament ranked 15

