 Playing 1 tournaments with 1000 trials per match...

 Yomi AI            vs Good Ole Rock       Match: 1000 (1000+   0-   0=)
 Yomi AI            vs R-P-S 20-20-60      Match:  294 (532+ 238- 230=)
 Yomi AI            vs Rotate R-P-S        Match:  992 (994+   2-   4=)
 Yomi AI            vs Beat The Last Move  Match:  112 (428+ 316- 256=)
 Yomi AI            vs Always Switchin'    Match:  199 (433+ 234- 333=)
 Yomi AI            vs Beat Frequent Pick  Match:  504 (679+ 175- 146=)
 Yomi AI            vs * Pi                Match:   -7 (337+ 344- 319=)
 Yomi AI            vs * Switch A Lot      Match:  118 (412+ 294- 294=)
 Yomi AI            vs * Flat              Match:  104 (408+ 304- 288=)
 Yomi AI            vs * Anti-Flat         Match:  992 (995+   3-   2=)
 Yomi AI            vs * Foxtrot           Match:  367 (574+ 207- 219=)
 Yomi AI            vs * De Bruijn         Match:  -28 (318+ 346- 336=)
 Yomi AI            vs * Text              Match:  127 (413+ 286- 301=)
 Yomi AI            vs * Anti-rotn         Match:  -26 (323+ 349- 328=)
 Yomi AI            vs * Copy-drift        Match:   63 (368+ 305- 327=)
 Yomi AI            vs * Add-react         Match:   72 (367+ 295- 338=)
 Yomi AI            vs * Add-drift         Match:   24 (348+ 324- 328=)
 Yomi AI            vs Iocaine Powder      Match:  -64 (309+ 373- 318=)
 Yomi AI            vs Phasenbott          Match:    2 (339+ 337- 324=)
 Yomi AI            vs MegaHAL             Match:  -33 (328+ 361- 311=)
 Yomi AI            vs RussRocker4         Match:  -46 (324+ 370- 306=)
 Yomi AI            vs Biopic              Match:    6 (366+ 360- 274=)
 Yomi AI            vs Simple Modeller     Match:    7 (357+ 350- 293=)
 Yomi AI            vs Simple Predictor    Match:   57 (388+ 331- 281=)
 Yomi AI            vs Robertot            Match:   43 (365+ 322- 313=)
 Yomi AI            vs Boom                Match:   30 (357+ 327- 316=)
 Yomi AI            vs Shofar              Match:    3 (332+ 329- 339=)
 Yomi AI            vs ACT-R Lag2          Match:  -15 (343+ 358- 299=)
 Yomi AI            vs Majikthise          Match:    1 (334+ 333- 333=)
 Yomi AI            vs Vroomfondel         Match:   36 (366+ 330- 304=)
 Yomi AI            vs Granite             Match:   76 (415+ 339- 246=)
 Yomi AI            vs Marble              Match:   64 (399+ 335- 266=)
 Yomi AI            vs ZQ Bot              Match:  121 (426+ 305- 269=)
 Yomi AI            vs Sweet Rocky         Match:   33 (380+ 347- 273=)
 Yomi AI            vs Piedra              Match:   36 (362+ 326- 312=)
 Yomi AI            vs Mixed Strategy      Match:   -4 (345+ 349- 306=)
 Yomi AI            vs Multi-strategy      Match:  329 (564+ 235- 201=)
 Yomi AI            vs Inocencio           Match:   84 (424+ 340- 236=)
 Yomi AI            vs Peterbot            Match:  130 (428+ 298- 274=)
 Yomi AI            vs Bugbrain            Match:   20 (354+ 334- 312=)
 Yomi AI            vs Knucklehead         Match:  469 (643+ 174- 183=)
 Final results (draw value = 50):

 Tournament results: 

    Player Name          total     1    2    3    4    5    6    7    8    9   10   11   12   13   14   15   16   17   18   19   20   21   22   23   24   25   26   27   28   29   30   31   32   33   34   35   36   37   38   39   40   41   42
  1 Iocaine Powder       11003     0  190   15   38   65  534  -19   -9   23   42  193   25  285  248   64  -27   40   50  294  -15    5   22  247  258   28   36  213  345  166  596  188   90  265  140  229  882  368  927  984  989 1000  989
  2 Phasenbott            9832  -190    0   20   -8   33  513   84   30   -9   25  134    1  214  236   -2   25   78   61  287   23    0   -1  188  190   45  -13  152  345  124  384   12   90  365   46  246  998  186  973  985  994  993  975
  3 MegaHAL               9716   -15  -20    0  -28   42  121   17   45   45   29   52   20  243  220   33  -27  -11   92  279  115   10    3  169  214  -25  -13   63  108  185  352  129  133  283  235  460  886  370  930  986  988  998 1000
  4 Simple Modeller       8970   -38    8   28    0    8  -34   20   21   48   67  275   -1  143   70   -7   31    8   54  307   89  -53   20  224  751  -54  -46  210    1  302  214  103  128  101  200  452  309  448  585  994  991  998  995
  5 Biopic                8299   -65  -33  -42   -8    0   14   62  -38   65   24   57   24  135  112   -6   -1   27   39  137   25    5   21  266  168  -18   -5   64  392   30  516   97  -56   37  124  316  789  390  648  996  996  997  998
  6 RussRocker4           8018  -534 -513 -121   34  -14    0   56   43   29   42  131  -13  191  146   46   13   30   55  189   69  -18    7  263  149  -17  -10  113  184  172  525  142   87  364  114  234  939  323  592  988  993 1000  995
  7 Robertot              7691    19  -84  -17  -20  -62  -56    0   48   30   73   26    0   57   77  -43  -28    0   43   75   78  -32  -14  309   32  -17   -5   11   14   37  395   88  174   86   80  451  863  388  818  812  996  998  991
  8 Boom                  7071     9  -30  -45  -21   38  -43  -48    0   30   23   28  -24   17   27  -30  -26  -31   57   47   20  -37  -27  288  -11   24   -2   34  -20   16  378   52  106  128  242  359  452  366  753  991  990  997  994
  9 Sweet Rocky           6971   -23    9  -45  -48  -65  -29  -30  -30    0  -16  -32  -29  -64   17  -33  -31  -43   44  -33  -28  -52  -26  131  785  -32    9    3   50   32  201  140  163  262  129  151  556  402  594  995  993  997  997
 10 Piedra                6661   -42  -25  -29  -67  -24  -42  -73  -23   16    0  -18  -36  -37  -15  -36  -45  -55   50  -35  -33  -26  -11  107  -42  -28  -31   37  -15   73  198  186  183  326  112  225  961  401  593  996  990  995 1000
 11 Simple Predictor      6632  -193 -134  -52 -275  -57 -131  -26  -28   32   18    0  -11   13   26  -57   39  -52   54  167   29   12    6  191   48  -73   19  268  -58  265  344   66  149  133  209  414  320  408  588  984  989  995  993
 12 Shofar                6568   -25   -1  -20    1  -24   13    0   24   29   36   11    0   65   25   -3    6   11   44   52   81   30  -34   69   80   15   24   96   22   62  163   18  145   98  211  443  131  329  561  886  942  983  969
 13 Marble                6498  -285 -214 -243 -143 -135 -191  -57  -17   64   37  -13  -65    0   17  -64  -71 -116   43   68   11  -70  -40  299  646  -53  -25   36   66   83  270  165  177   84  104  242  869  443  591  994  995 1000  996
 14 Granite               6386  -248 -236 -220  -70 -112 -146  -77  -27  -17   15  -26  -25  -17    0  -76  -35 -127   53   27   66  -15  -67  275  654  -51  -43   47   39   30  288  166  177   89  203  224  716  378  592  994  995  998  995
 15 Yomi AI               6292   -64    2  -33    7    6  -46   43   30   33   36   57    3   64   76    0   20  -15  -26  121   -4    1   36  329   84  -28   -7   63  367   24  469  104  127   72  118  199  130  294  504  112  992 1000  992
 16 Bugbrain              6138    27  -25   27  -31    1  -13   28   26   31   45  -39   -6   71   35  -20    0    7   66  137   51   29   -5  135   93  -27  -17    1   -8  159   77   42   95   94  100  223  272  181  423  935  937  992  989
 17 ACT-R Lag2            5896   -40  -78   11   -8  -27  -30    0   31   43   55   52  -11  116  127   15   -7    0   41  116   39   35    5  202   52  -86    5   35  -31  -13  506  125   66   47  193  282  157  294  580   22  995  994  986
 18 * Anti-rotn           5600   -50  -61  -92  -54  -39  -55  -43  -57  -44  -50  -54  -44  -43  -53   26  -66  -41    0  -66  -44  -49   30  245  537  -52  -36   18  -39  -15   48  197   57  -22  330  502  495  205  598  499  997  998  987
 19 ZQ Bot                5107  -294 -287 -279 -307 -137 -189  -75  -47   33   35 -167  -52  -68  -27 -121 -137 -116   66    0   -7  -11  -51  193  -49  -19  -24   68   18   55  262  145  159  307  173  239  938  326  593  987  990  996  988
 20 Mixed Strategy        5065    15  -23 -115  -89  -25  -69  -78  -20   28   33  -29  -81  -11  -66    4  -51  -39   44    7    0   -5  -41   51   -6  -50  -66   -5   19   28  138   53  181    0  114  203  329  312  457  977  952  994  995
 21 Majikthise            4888    -5    0  -10   53   -5   18   32   37   52   26  -12  -30   70   15   -1  -29  -35   49   11    5    0   14  231   23  -31   46   33   28  -13  268   97  -12  -32  172  232   26  147  460  -15  991  993  989
 22 Vroomfondel           4766   -22    1   -3  -20  -21   -7   14   27   26   11   -6   34   40   67  -36    5   -5  -30   51   41  -14    0  278   42    5   13   28   34  -58  178  101   53   38   87  233  -15  174  444    0  990  995  993
 23 Multi-strategy        2435  -247 -188 -169 -224 -266 -263 -309 -288 -131 -107 -191  -69 -299 -275 -329 -135 -202 -245 -193  -51 -231 -278    0 -142  -50  -20  247  -26   47   86  125  123   40  282  496  500  428  999  997  997  999  997
 24 Inocencio             1013  -258 -190 -214 -751 -168 -149  -32   11 -785   42  -48  -80 -646 -654  -84  -93  -52 -537   49    6  -23  -42  142    0   -5  -19   91  324   80  173  122  155   85  102  195  118  397  360  438  979  986  988
 25 * De Bruijn            648   -28  -45   25   54   18   17   17  -24   32   28   73  -15   53   51   28   27   86   52   19   50   31   -5   50    5    0   -1   13  -27  -46   -4    9   23   -9   19   49   -9    0  128   -1   21    0 -116
 26 * Pi                   369   -36   13   13   46    5   10    5    2   -9   31  -19  -24   25   43    7   17   -5   36   24   66  -46  -13   20   19    1    0   10    1   -4   11   23  -81   58   48   -2   25   31   30   22  -11  -11  -12
 27 * Copy-drift         -1947  -213 -152  -63 -210  -64 -113  -11  -34   -3  -37 -268  -96  -36  -47  -63   -1  -35  -18  -68    5  -33  -28 -247  -91  -13  -10    0   -6  -22  -43   72   14   17   27    9  -38   20  -30  -28   23  -15    2
 28 * Foxtrot            -2011  -345 -345 -108   -1 -392 -184  -14   20  -50   15   58  -22  -66  -39 -367    8   31   39  -18  -19  -28  -34   26 -324   27   -1    6    0   36   -1   17   48  -20  -19   22  -31  -13   50   21  -17   49  -26
 29 * Add-drift          -2026  -166 -124 -185 -302  -30 -172  -37  -16  -32  -73 -265  -62  -83  -30  -24 -159   13   15  -55  -28   13   58  -47  -80   46    4   22  -36    0  -60  -49  -78  -85    0    7  -18    4    0   18   53   14    3
 30 Knucklehead          -2400  -596 -384 -352 -214 -516 -525 -395 -378 -201 -198 -344 -163 -270 -288 -469  -77 -506  -48 -262 -138 -268 -178  -86 -173    4  -11   43    1   60    0   -8   31   21   13   16 1000   80   94  906  405  974 1000
 31 * Flat               -2709  -188  -12 -129 -103  -97 -142  -88  -52 -140 -186  -66  -18 -165 -166 -104  -42 -125 -197 -145  -53  -97 -101 -125 -122   -9  -23  -72  -17   49    8    0   30    8   -4   38 -179   16  235  224   49    0 -399
 32 * Text               -3030   -90  -90 -133 -128   56  -87 -174 -106 -163 -183 -149 -145 -177 -177 -127  -95  -66  -57 -159 -181   12  -53 -123 -155  -23   81  -14  -48   78  -31  -30    0   -6    5   11    3   37 -185  -74  -11 -185  112
 33 * Add-react          -3170  -265 -365 -283 -101  -37 -364  -86 -128 -262 -326 -133  -98  -84  -89  -72  -94  -47   22 -307    0   32  -38  -40  -85    9  -58  -17   20   85  -21   -8    6    0   43   42  -46   53    9  -31    8    3  -17
 34 * Switch A Lot       -3844  -140  -46 -235 -200 -124 -114  -80 -242 -129 -112 -209 -211 -104 -203 -118 -100 -193 -330 -173 -114 -172  -87 -282 -102  -19  -48  -27   19    0  -13    4   -5  -43    0   -4 -113   30  -10  288  -31   -5  -47
 35 Always Switchin'     -7164  -229 -246 -460 -452 -316 -234 -451 -359 -151 -225 -414 -443 -242 -224 -199 -223 -282 -502 -239 -203 -232 -233 -496 -195  -49    2   -9  -22   -7  -16  -38  -11  -42    4    0 -260   33    9  488   -1   15  -10
 36 Peterbot             -8124  -882 -998 -886 -309 -789 -939 -863 -452 -556 -961 -320 -131 -869 -716 -130 -272 -157 -495 -938 -329  -26   15 -500 -118    9  -25   38   31   18 -1000  179   -3   46  113  260    0  418  443  982  997  998  993
 37 R-P-S 20-20-60       -9558  -368 -186 -370 -448 -390 -323 -388 -366 -402 -401 -408 -329 -443 -378 -294 -181 -294 -205 -326 -312 -147 -174 -428 -397    0  -31  -20   13   -4  -80  -16  -37  -53  -30  -33 -418    0 -403 -154   14 -388   40
 38 Beat Frequent Pick  -14134  -927 -973 -930 -585 -648 -592 -818 -753 -594 -593 -588 -561 -591 -592 -504 -423 -580 -598 -593 -457 -460 -444 -999 -360 -128  -30   30  -50    0  -94 -235  185   -9   10   -9 -443  403    0 -600    0  999 1000
 39 Beat The Last Move  -18600  -984 -985 -986 -994 -996 -988 -812 -991 -995 -996 -984 -886 -994 -994 -112 -935  -22 -499 -987 -977   15    0 -997 -438    1  -22   28  -21  -18 -906 -224   74   31 -288 -488 -982  154  600    0    1 1000  997
 40 Rotate R-P-S        -25849  -989 -994 -988 -991 -996 -993 -996 -990 -993 -990 -989 -942 -995 -995 -992 -937 -995 -997 -990 -952 -991 -990 -997 -979  -21   11  -23   17  -53 -405  -49   11   -8   31    1 -997  -14    0   -1    0    0 -688
 41 Good Ole Rock       -26346  -1000 -993 -998 -998 -997 -1000 -998 -997 -997 -995 -995 -983 -1000 -998 -1000 -992 -994 -998 -996 -994 -993 -995 -999 -986    0   11   15  -49  -14 -974    0  185   -3    5  -15 -998  388 -999 -1000    0    0  998
 42 * Anti-Flat         -27621  -989 -975 -1000 -995 -998 -995 -991 -994 -997 -1000 -993 -969 -996 -995 -992 -989 -986 -987 -988 -995 -989 -993 -997 -988  116   12   -2   26   -3 -1000  399 -112   17   47   10 -993  -40 -1000 -997  688 -998    0

 Match results (draw <= 50): 

    Player Name           total  W  L  D   1  2  3  4  5  6  7  8  9 10 11 12 13 14 15 16 17 18 19 20 21 22 23 24 25 26 27 28 29 30 31 32 33 34 35 36 37 38 39 40 41 42
  1 Iocaine Powder          67  26  0 15   1  1  2  2  1  2  2  1  1  1  1  1  1  1  1  1  2  1  2  2  1  2  1  2  1  2  2  2  2  2  2  2  2  2  2  2  2  2  2  2  2  2
  2 MegaHAL                 66  25  0 16   1  1  1  2  1  1  1  1  1  1  1  1  1  1  1  1  2  1  2  2  2  2  2  2  1  2  2  2  2  2  2  2  2  2  2  2  2  2  2  2  2  2
  3 Phasenbott              64  24  1 16   0  1  1  2  1  1  1  1  1  2  2  1  1  1  1  1  2  1  2  2  1  2  2  2  1  2  2  2  2  2  2  2  2  2  1  1  2  2  2  2  2  2
  4 RussRocker4             63  25  3 13   0  0  0  1  1  1  1  1  1  2  1  1  1  1  1  1  2  1  2  2  2  2  2  2  1  2  2  2  2  2  2  2  2  2  2  2  2  2  2  2  2  2
  5 Simple Modeller         63  24  2 15   1  1  1  1  1  1  1  1  1  1  1  1  0  1  1  2  2  0  2  2  2  2  2  2  1  1  2  2  2  2  2  2  2  2  2  2  2  2  2  2  2  2
  6 Yomi AI                 61  21  1 19   0  1  1  1  1  1  1  1  1  1  1  1  1  1  1  1  2  1  2  2  1  2  1  2  1  2  2  2  1  2  2  2  2  2  2  2  2  2  2  2  2  2
  7 Biopic                  60  21  2 18   0  1  1  1  1  1  1  1  1  2  1  1  1  1  2  1  2  1  2  2  1  2  1  2  1  2  2  2  1  2  2  1  2  0  2  2  2  2  2  2  2  2
  8 Shofar                  60  19  0 22   1  1  1  1  1  1  1  1  1  1  1  1  1  1  1  1  1  1  1  2  2  2  1  2  1  1  2  2  2  2  2  2  2  2  1  2  2  2  2  2  2  2
  9 Bugbrain                60  19  0 22   1  1  1  1  1  1  1  1  1  1  1  1  1  1  1  1  1  1  1  2  2  2  2  2  1  1  2  1  2  2  2  2  2  2  1  2  2  2  2  2  2  2
 10 Robertot                57  19  3 19   1  1  0  0  1  1  0  1  1  1  1  1  1  1  1  2  1  1  2  2  2  2  1  1  1  1  2  1  1  2  2  2  2  2  2  2  2  2  2  2  2  2
 11 ACT-R Lag2              57  18  2 21   1  1  0  1  1  1  1  1  1  1  1  1  1  1  1  2  2  0  2  2  1  2  1  2  1  1  2  1  1  2  2  1  1  2  2  2  2  2  2  2  2  2
 12 Boom                    56  15  0 26   1  1  1  1  1  1  1  1  1  1  1  1  1  1  1  1  1  1  1  1  1  1  2  1  1  1  2  1  1  2  2  2  2  2  2  2  2  2  2  2  2  2
 13 Majikthise              54  13  0 28   1  1  1  1  2  1  1  1  1  1  1  1  1  1  2  1  1  1  1  2  1  1  1  1  1  1  2  1  1  1  2  1  1  1  2  2  2  2  2  2  2  2
 14 Vroomfondel             53  13  1 27   1  1  1  1  1  1  1  1  1  1  1  1  1  1  1  1  1  1  2  1  1  2  1  1  1  1  2  1  0  1  2  1  1  2  2  2  2  2  2  2  2  2
 15 Sweet Rocky             53  15  3 23   1  1  1  1  1  1  0  1  1  1  1  1  0  1  1  1  1  1  1  0  1  1  1  2  1  1  2  1  1  2  2  2  2  2  2  2  2  2  2  2  2  2
 16 Piedra                  53  15  3 23   1  1  1  1  0  1  1  1  1  0  0  1  1  1  1  1  1  1  1  1  1  1  1  1  1  1  2  1  2  2  2  2  2  2  2  2  2  2  2  2  2  2
 17 Simple Predictor        49  18 10 13   0  0  0  0  0  0  0  1  1  1  0  1  1  1  1  1  1  0  1  1  1  2  2  1  1  0  2  2  2  2  2  2  2  2  2  2  2  2  2  2  2  2
 18 * De Bruijn             47   7  1 33   1  1  1  1  2  1  1  1  1  1  2  1  1  1  1  1  2  1  2  2  1  1  2  1  1  1  1  1  1  1  1  1  1  1  1  1  1  2  1  0  1  1
 19 Granite                 47  17 11 13   0  0  0  0  0  0  0  1  1  0  0  1  1  0  1  1  1  0  1  1  2  1  2  2  1  1  2  1  1  2  2  2  2  2  2  2  2  2  2  2  2  2
 20 Marble                  47  19 13  9   0  0  0  0  0  0  0  0  0  0  0  1  0  1  2  1  1  0  1  1  1  2  1  2  1  2  2  1  2  2  2  2  2  2  2  2  2  2  2  2  2  2
 21 Mixed Strategy          46  13  8 20   1  0  1  0  0  1  1  0  0  0  1  1  1  1  1  1  1  1  0  1  1  1  1  1  0  1  2  1  1  2  2  1  2  2  2  2  2  2  2  2  2  2
 22 ZQ Bot                  44  17 14 10   0  0  0  0  0  0  0  0  0  0  0  1  1  0  1  1  0  1  1  0  1  1  2  1  1  1  2  2  2  2  2  2  2  2  2  2  2  2  2  2  2  2
 23 * Anti-rotn             44  13 10 18   1  0  0  0  0  1  1  1  0  1  1  0  1  1  1  1  0  0  0  1  1  0  1  2  1  1  2  1  1  2  1  1  2  2  2  2  2  2  2  2  2  2
 24 Inocencio               44  17 14 10   0  0  0  0  0  0  0  0  0  1  0  1  1  1  0  1  1  1  0  0  1  1  0  1  1  2  2  2  2  2  2  2  2  2  2  2  2  2  2  2  2  2
 25 * Pi                    42   2  1 38   1  1  1  1  1  1  1  1  1  1  1  1  1  1  1  1  1  1  1  1  2  1  1  1  1  1  1  1  1  1  1  2  1  0  1  1  1  1  1  1  1  1
 26 * Foxtrot               34   1  8 32   0  0  0  0  1  0  0  1  1  1  1  1  1  1  1  1  2  1  1  0  1  1  1  0  1  1  1  1  1  1  1  1  1  1  1  1  1  1  1  1  1  1
 27 Multi-strategy          31  13 23  5   0  0  0  0  0  0  0  0  0  0  0  0  0  0  0  0  0  1  0  0  0  0  0  0  1  1  1  2  1  2  2  1  2  2  2  2  2  2  2  2  2  2
 28 * Copy-drift            30   1 12 28   0  0  0  0  0  0  0  0  1  1  1  1  1  1  1  1  0  1  1  1  1  0  1  0  1  1  0  1  1  1  1  1  1  1  2  1  1  1  1  1  1  1
 29 * Add-drift             28   2 15 24   0  0  0  0  0  1  1  0  0  1  1  1  1  2  1  0  0  1  1  0  1  0  1  0  1  1  1  1  1  1  0  0  1  0  1  1  1  1  1  1  2  1
 30 Peterbot                27   9 23  9   0  0  0  0  0  0  0  0  0  0  0  0  1  1  0  0  0  1  0  0  0  0  0  0  1  1  0  1  1  1  0  1  2  1  2  2  2  2  2  2  2  2
 31 Knucklehead             26   8 23 10   0  0  0  0  0  0  0  0  0  0  0  0  0  0  0  0  0  1  0  0  0  0  1  0  1  1  0  1  2  2  1  1  2  1  1  1  1  2  2  2  2  2
 32 * Add-react             25   2 18 21   0  0  0  0  0  0  1  0  0  0  1  0  1  1  0  0  0  1  0  0  1  0  1  0  0  1  1  1  2  1  1  1  1  1  1  1  1  1  1  1  1  2
 33 Beat The Last Move      20   5 26 10   0  0  0  0  0  0  0  0  0  0  1  0  1  1  0  0  0  1  0  0  0  0  0  0  1  1  0  1  1  0  0  1  1  2  0  0  0  2  2  2  1  2
 34 * Text                  20   4 25 12   0  0  0  0  0  0  2  0  0  0  0  0  1  0  0  0  0  1  0  0  0  0  0  0  2  1  0  1  2  1  1  1  0  1  1  1  1  0  0  2  1  1
 35 * Flat                  19   2 24 15   0  0  1  0  0  0  0  1  1  0  0  0  0  0  0  0  0  1  0  0  0  0  0  0  1  1  0  0  1  0  1  1  2  1  1  1  1  2  1  0  1  1
 36 * Switch A Lot          18   1 24 16   0  0  1  0  0  0  0  0  0  0  0  0  0  0  0  0  0  1  0  0  0  0  0  0  1  1  0  1  1  0  1  1  2  1  1  1  1  1  1  1  1  1
 37 Always Switchin'        17   1 25 15   0  0  0  0  0  0  0  0  0  0  0  0  0  0  0  0  0  1  0  0  0  0  0  0  1  1  0  1  1  0  1  1  2  1  1  1  1  1  1  1  1  1
 38 Beat Frequent Pick      16   4 29  8   0  0  0  0  0  0  0  0  0  0  0  0  0  0  0  0  0  0  0  0  0  0  0  0  1  1  0  1  1  0  0  1  0  2  0  1  1  1  2  2  1  2
 39 Good Ole Rock           16   3 28 10   0  0  0  0  0  0  0  0  0  0  0  0  0  0  0  0  0  1  0  0  0  0  0  0  1  1  0  1  1  0  0  1  0  2  1  1  1  0  1  2  1  2
 40 * Anti-Flat             14   3 30  8   0  0  0  0  0  0  0  0  0  0  0  0  0  0  0  0  0  2  0  0  0  0  0  0  1  1  0  1  1  0  0  1  0  0  2  1  1  0  0  1  2  1
 41 Rotate R-P-S            13   0 28 13   0  0  0  0  0  0  0  0  0  0  0  0  0  0  0  0  0  1  0  0  0  0  0  0  1  1  0  1  0  0  0  1  1  1  1  1  1  1  1  0  1  1
 42 R-P-S 20-20-60          11   0 30 11   0  0  0  0  0  0  0  0  0  0  0  0  0  0  0  0  0  1  0  0  0  0  0  0  1  1  0  1  1  0  0  0  0  1  1  1  1  0  0  1  1  1


   Yomi AI is match ranked 6

 Tournament results:
    Player Name          total 
  1 Yomi AI               6292 
 19 Iocaine Powder       11003 
 20 Phasenbott            9832 
 21 MegaHAL               9716 
 22 RussRocker4           8018 
 23 Biopic                8299 
 24 Simple Modeller       8970 
 25 Simple Predictor      6632 
 26 Robertot              7691 
 27 Boom                  7071 
 28 Shofar                6568 
 32 Granite               6386 
 33 Marble                6498 
 35 Sweet Rocky           6971 
 36 Piedra                6661 

   Yomi is tournament ranked 15

