 Playing 1 tournaments with 1000 trials per match...

 Yomi AI            vs Good Ole Rock       Match: 1000 (1000+   0-   0=)
 Yomi AI            vs R-P-S 20-20-60      Match:  360 (573+ 213- 214=)
 Yomi AI            vs Rotate R-P-S        Match:  993 (996+   3-   1=)
 Yomi AI            vs Beat The Last Move  Match:  602 (746+ 144- 110=)
 Yomi AI            vs Always Switchin'    Match:  272 (475+ 203- 322=)
 Yomi AI            vs Beat Frequent Pick  Match:  552 (722+ 170- 108=)
 Yomi AI            vs * Pi                Match:  -10 (337+ 347- 316=)
 Yomi AI            vs * Switch A Lot      Match:  158 (431+ 273- 296=)
 Yomi AI            vs * Flat              Match:  175 (459+ 284- 257=)
 Yomi AI            vs * Anti-Flat         Match:  999 (999+   0-   1=)
 Yomi AI            vs * Foxtrot           Match:  390 (592+ 202- 206=)
 Yomi AI            vs * De Bruijn         Match:   -3 (325+ 328- 347=)
 Yomi AI            vs * Text              Match:  145 (425+ 280- 295=)
 Yomi AI            vs * Anti-rotn         Match:   18 (342+ 324- 334=)
 Yomi AI            vs * Copy-drift        Match:   63 (391+ 328- 281=)
 Yomi AI            vs * Add-react         Match:   86 (386+ 300- 314=)
 Yomi AI            vs * Add-drift         Match:   55 (388+ 333- 279=)
 Yomi AI            vs Iocaine Powder      Match:  -70 (320+ 390- 290=)
 Yomi AI            vs Phasenbott          Match:   39 (353+ 314- 333=)
 Yomi AI            vs MegaHAL             Match:    9 (352+ 343- 305=)
 Yomi AI            vs RussRocker4         Match:   -9 (339+ 348- 313=)
 Yomi AI            vs Biopic              Match:  -47 (338+ 385- 277=)
 Yomi AI            vs Simple Modeller     Match:  -34 (336+ 370- 294=)
 Yomi AI            vs Simple Predictor    Match:   62 (382+ 320- 298=)
 Yomi AI            vs Robertot            Match:    6 (368+ 362- 270=)
 Yomi AI            vs Boom                Match:   35 (350+ 315- 335=)
 Yomi AI            vs Shofar              Match:  -12 (336+ 348- 316=)
 Yomi AI            vs ACT-R Lag2          Match:   20 (352+ 332- 316=)
 Yomi AI            vs Majikthise          Match:  -44 (329+ 373- 298=)
 Yomi AI            vs Vroomfondel         Match:   32 (351+ 319- 330=)
 Yomi AI            vs Granite             Match:   62 (406+ 344- 250=)
 Yomi AI            vs Marble              Match:  136 (467+ 331- 202=)
 Yomi AI            vs ZQ Bot              Match:  106 (449+ 343- 208=)
 Yomi AI            vs Sweet Rocky         Match:   38 (363+ 325- 312=)
 Yomi AI            vs Piedra              Match:   66 (375+ 309- 316=)
 Yomi AI            vs Mixed Strategy      Match:   93 (405+ 312- 283=)
 Yomi AI            vs Multi-strategy      Match:  175 (451+ 276- 273=)
 Yomi AI            vs Inocencio           Match:   90 (429+ 339- 232=)
 Yomi AI            vs Peterbot            Match:  166 (457+ 291- 252=)
 Yomi AI            vs Bugbrain            Match:  -27 (333+ 360- 307=)
 Yomi AI            vs Knucklehead         Match:  478 (653+ 175- 172=)
 Final results (draw value = 50):

 Tournament results: 

    Player Name          total     1    2    3    4    5    6    7    8    9   10   11   12   13   14   15   16   17   18   19   20   21   22   23   24   25   26   27   28   29   30   31   32   33   34   35   36   37   38   39   40   41   42
  1 Iocaine Powder       11076     0  179   44   74   54   24  514  214   70   39  230  217   77  -24   -9   23   58  281   -9   38   78   46  354  177   -3  -49  161  218  336  336  571  193  123   70  215  909  371  905  985  999  987 1000
  2 Phasenbott            9909  -179    0   22   65   28   47  504   91  -39   95  239  244   54   21   47   35   70  248  -37  137   64   35  203  229   18    6  162   98  321  336  362   75   63   57  212  902  184  930  989  993  994  984
  3 Simple Modeller       9432   -44  -22    0  -36   36   20   12  230   34   22  104   84   23   -9   55    5   32  295  -30   95   55  -12  181  801  -81  -20  233  304   -4   91  276   60  134  210  478  828  422  593  992  998  992  995
  4 MegaHAL               9425   -74  -65   36    0   15   27  105   42   -9   39  226  231   37  -14    9    4   -7  261   -8   20   50  -63  290  176   12   -2   76  229   49  257  385   96  189  214  444  853  394  925  990 1000  990  996
  5 Biopic                8350   -54  -28  -36  -15    0  -30   -8   54   47   61  115  110   22  -25  -26   37    9   90  -13  -17   44  -17  163  177   -8  -11   -8  -21  431  -13  493  172  159  213  318  761  413  809  994  999  995  994
  6 Boom                  8198   -24  -47  -20  -27   30    0  -35   -7  -35   37   28   -4   12   15    7   22  -57   44   24   15   42   11  249  807   -6   11  -18   61   25   85  332   93  142  289  439  508  425  753  991  997  990  994
  7 RussRocker4           7684  -514 -504  -12 -105    8   35    0  127    9   43  166  168   49  -12   16  -20   44  158  -36   42   54  -31  207  114  -20   18   94   99  217  334  500  112   98  154  240  948  318  585  994 1000  991  996
  8 Simple Predictor      7595  -214  -91 -230  -42  -54    7 -127    0  -62  -53   11   13   52   -2   32   38  -77  169  -10   77   65  -15  179  590  -79  -21  286  268  -84  125  224  112  149  174  424  819  386  592  985  996  989  994
  9 Yomi AI               7225   -70   39  -34    9  -47   35   -9   62    0    6   62  136   38  -12  -27   66   20  106  -44   93   18   32  175   90   -3  -10   63   55  390   86  478  175  145  158  272  166  360  552  602 1000  993  999
 10 Robertot              7013   -39  -95  -22  -39  -61  -37  -43   53   -6    0   74   45   58  -18  -31   56  -18   53   21  -11   53   40  251   24   23  -39   77   69   49   50  358   17  173   71  456  451  415  744  813  998  989  991
 11 Granite               6738  -230 -239 -104 -226 -115  -28 -166  -11  -62  -74    0  -28   22  -32  -78   55  -65   84  -17   26   31  -53  277  644  -55  -45   49   79   88   86  275  192  175  179  224  918  390  593  994  998  995  992
 12 Marble                6636  -217 -244  -84 -231 -110    4 -168  -13 -136  -45   28    0    0  -13  -31   36 -107   45  -31   33   41    0  221  647  -29  -27   36   43   47   88  242  157  181  138  226  924  410  594  991 1000  990 1000
 13 Sweet Rocky           6284   -77  -54  -23  -37  -22  -12  -49  -52  -38  -58  -22    0    0  -34  -59   35  -54  -26  -34   11   13  -28  108  -49   11   22   21  -43  -16   88  215  138  139   72  252 1000  388  594  991  996  994  983
 14 Shofar                6198    24  -21    9   14   25  -15   12    2   12   18   32   13   34    0  -27   32   -1   81   22  -32   42  -29  108   11   -6   -3  134   47   20    8   79  -10  161  181  440   85  340  565  888  970  947  986
 15 Bugbrain              6094     9  -47  -55   -9   26   -7  -16  -32   27   31   78   31   59   27    0   39  -16  168   -2   39   40   40   86    8   16  -32   74  125  -30  106  164   68   66   83  233  255  191  433  939  985  944  950
 16 Piedra                6042   -23  -35   -5   -4  -37  -22   20  -38  -66  -56  -55  -36  -35  -32  -39    0  -75  -38  -24  -42   58  -35  101  -67   -6  -17   30   63  -27  -21   65  130  168  163  197  961  356  593  990  994  996  992
 17 ACT-R Lag2            5853   -58  -70  -32    7   -9   57  -44   77  -20   18   65  107   54    1   16   75    0   94  -26   79   12   48  222   50 -109    8   12   35  -33    4  496   71   93  144  293  208  339  577    3  998  995  996
 18 ZQ Bot                5233  -281 -248 -295 -261  -90  -44 -158 -169 -106  -53  -84  -45   26  -81 -168   38  -94    0  -35    4   42  -70  184   44  -11   -6   41   31   61  257  267  164  173  236  166  864  365  593  992  995  997  992
 19 Majikthise            4825     9   37   30    8   13  -24   36   10   44  -21   17   31   34  -22    2   24   26   35    0   49    1  -13  172   94  -12   45  -29    5   24   20  217   42   33  114  242   33  131  422  -29  996  992  987
 20 Mixed Strategy        4813   -38 -137  -95  -20   17  -15  -42  -77  -93   11  -26  -33  -11   32  -39   42  -79   -4  -49    0  -24  -27    7   15  -77  -15   38  -25    8   50  178   26  174   72   75  121  426  548  963  995  977  964
 21 * Anti-rotn           4767   -78  -64  -55  -50  -44  -42  -54  -65  -18  -53  -31  -41  -13  -42  -40  -58  -12  -42   -1   24    0    5  262  -59  -46  -38   24    7   -7   -2   22  215   55  335  487   24  177  596  494  998  998  999
 22 Vroomfondel           4697   -46  -35   12   63   17  -11   31   15  -32  -40   53    0   28   29  -40   35  -48   70   13   27   -5    0  255   18  -15   36  -22    0   13  -21  208   93   48  125  219    0  197  445  -13  992  992  991
 23 Multi-strategy        2787  -354 -203 -181 -290 -163 -249 -207 -179 -175 -251 -277 -221 -108 -108  -86 -101 -222 -184 -172   -7 -262 -255    0  -65  -50  -20  215    6    5   29  -14  168  123  269  473  500  413  999  997  999  997  998
 24 Inocencio             1526  -177 -229 -801 -176 -177 -807 -114 -590  -90  -24 -644 -647   49  -11   -8   67  -50  -44  -94  -15   59  -18   65    0  -17  -21  109   42  272   68  173  121  155   79  208  139  421  364  948  981  979  981
 25 * De Bruijn            713     3  -18   81  -12    8    6   20   79    3  -23   55   29  -11    6  -16    6  109   11   12   77   46   15   50   17    0   -1   30    7  -10   20   22   21   23   20   -8  -10   13  128   -1    0   21 -115
 26 * Pi                    90    49   -6   20    2   11  -11  -18   21   10   39   45   27  -22    3   32   17   -8    6  -45   15   38  -36   20   21    1    0  -22   34  -41  -45  -18   -9  -81  -21   -8   25   25   30   22  -11  -11  -10
 27 * Copy-drift         -1864  -161 -162 -233  -76    8   18  -94 -286  -63  -77  -49  -36  -21 -134  -74  -30  -12  -41   29  -38  -24   22 -215 -109  -30   22    0  -34  -24   16  -32   29   44  -26  -16   -8   14  -17   -4    4   28   28
 28 * Add-drift          -2035  -218  -98 -304 -229   21  -61  -99 -268  -55  -69  -79  -43   43  -47 -125  -63  -35  -31   -5   25   -7    0   -6  -42   -7  -34   34    0  -13  -53  -58  -75  -41   -4    1    1   25   -7   11  -49   13   16
 29 * Foxtrot            -2062  -336 -321    4  -49 -431  -25 -217   84 -390  -49  -88  -47   16  -20   30   27   33  -61  -24   -8    7  -13   -5 -272   10   41   24   13    0  -12   39   26   -8   -6   41  -43   31   -2  -14  -25  -23    1
 30 * Add-react          -2502  -336 -336  -91 -257   13  -85 -334 -125  -86  -50  -86  -88  -88   -8 -106   21   -4 -257  -20  -50    2   21  -29  -68  -20   45  -16   53   12    0  -53   -1  -19   -8   15  -53  -29   13  -20    2  -59   83
 31 Knucklehead          -2585  -571 -362 -276 -385 -493 -332 -500 -224 -478 -358 -275 -242 -215  -79 -164  -65 -496 -267 -217 -178  -22 -208   14 -173  -22   18   32   58  -39   53    0   -2  -13   15   24  -39   26  143  937  907  885  998
 32 * Flat               -2862  -193  -75  -60  -96 -172  -93 -112 -112 -175  -17 -192 -157 -138   10  -68 -130  -71 -164  -42  -26 -215  -93 -168 -121  -21    9  -29   75  -26    1    2    0  -28   -4    2 -205    3  252  189   -1    5 -406
 33 * Text               -3357  -123  -63 -134 -189 -159 -142  -98 -149 -145 -173 -175 -181 -139 -161  -66 -168  -93 -173  -33 -174  -55  -48 -123 -155  -23   81  -44   41    8   19   13   28    0  -32  -29   17   25 -185  -74 -185  -11  113
 34 * Switch A Lot       -3594   -70  -57 -210 -214 -213 -289 -154 -174 -158  -71 -179 -138  -72 -181  -83 -163 -144 -236 -114  -72 -335 -125 -269  -79  -20   21   26    4    6    8  -15    4   32    0  -26 -120    3   11  285  -12    0   -1
 35 Always Switchin'     -6931  -215 -212 -478 -444 -318 -439 -240 -424 -272 -456 -224 -226 -252 -440 -233 -197 -293 -166 -242  -75 -487 -219 -473 -208    8    8   16   -1  -41  -15  -24   -2   29   26    0 -251    8   14  488   11   16   12
 36 Peterbot             -7675  -909 -902 -828 -853 -761 -508 -948 -819 -166 -451 -918 -924 -1000  -85 -255 -961 -208 -864  -33 -121  -24    0 -500 -139   10  -25    8   -1   43   53   39  205  -17  120  251    0  407  438  981  998  999  993
 37 R-P-S 20-20-60       -9749  -371 -184 -422 -394 -413 -425 -318 -386 -360 -415 -390 -410 -388 -340 -191 -356 -339 -365 -131 -426 -177 -197 -413 -421  -13  -25  -14  -25  -31   29  -26   -3  -25   -3   -8 -407    0 -414 -143 -435   10   16
 38 Beat Frequent Pick  -14312  -905 -930 -593 -925 -809 -753 -585 -592 -552 -744 -593 -594 -594 -565 -433 -593 -577 -593 -422 -548 -596 -445 -999 -364 -128  -30   17    7    2  -13 -143 -252  185  -11  -14 -438  414    0 -600  999    0  997
 39 Beat The Last Move  -19542  -985 -989 -992 -990 -994 -991 -994 -985 -602 -813 -994 -991 -991 -888 -939 -990   -3 -992   29 -963 -494   13 -997 -948    1  -22    4  -11   14   20 -937 -189   74 -285 -488 -981  143  600    0 1000    1  997
 40 Good Ole Rock       -26080  -999 -993 -998 -1000 -999 -997 -1000 -996 -1000 -998 -998 -1000 -996 -970 -985 -994 -998 -995 -996 -995 -998 -992 -999 -981    0   11   -4   49   25   -2 -907    1  185   12  -11 -998  435 -999 -1000    0    0 1000
 41 Rotate R-P-S        -26235  -987 -994 -992 -990 -995 -990 -991 -989 -993 -989 -995 -990 -994 -947 -944 -996 -995 -997 -992 -977 -998 -992 -997 -979  -21   11  -28  -13   23   59 -885   -5   11    0  -16 -999  -10    0   -1    0    0 -658
 42 * Anti-Flat         -27818  -1000 -984 -995 -996 -994 -994 -996 -994 -999 -991 -992 -1000 -983 -986 -950 -992 -996 -992 -987 -964 -999 -991 -998 -981  115   10  -28  -16   -1  -83 -998  406 -113    1  -12 -993  -16 -997 -997 -1000  658    0

 Match results (draw <= 50): 

    Player Name           total  W  L  D   1  2  3  4  5  6  7  8  9 10 11 12 13 14 15 16 17 18 19 20 21 22 23 24 25 26 27 28 29 30 31 32 33 34 35 36 37 38 39 40 41 42
  1 Iocaine Powder          71  30  0 11   1  2  2  1  2  2  2  1  1  2  1  1  1  2  1  1  2  2  2  2  1  1  2  2  1  2  2  2  2  2  2  2  2  2  2  2  2  2  2  2  2  2
  2 Phasenbott              69  29  1 11   0  1  1  1  2  1  2  2  1  2  1  1  1  2  1  1  2  2  2  2  1  2  2  2  1  2  2  2  2  2  2  2  2  2  2  2  2  2  2  2  2  2
  3 Yomi AI                 64  24  1 16   0  1  1  1  1  1  1  1  1  1  1  1  1  2  1  2  1  2  2  2  1  2  1  2  1  2  2  2  2  2  2  2  2  2  2  2  2  2  2  2  2  2
  4 Simple Modeller         64  24  1 16   1  1  1  1  1  1  1  1  2  1  1  1  1  2  1  1  1  2  2  2  0  2  2  2  1  1  2  2  2  2  2  2  2  2  2  2  2  2  2  2  2  2
  5 RussRocker4             61  23  3 15   0  0  1  1  1  1  0  1  1  1  1  1  1  2  1  1  1  2  2  2  1  1  2  2  1  2  2  2  2  2  2  2  2  2  2  2  2  2  2  2  2  2
  6 Biopic                  60  20  1 20   0  1  1  1  1  1  1  2  1  1  1  1  1  2  1  1  1  2  2  2  1  1  1  2  1  2  2  2  1  1  1  2  2  2  2  2  2  2  2  2  2  2
  7 MegaHAL                 59  21  3 17   0  0  1  1  2  1  1  1  1  1  1  1  0  1  1  1  1  2  2  2  1  1  1  2  1  1  2  2  2  2  2  2  2  2  2  2  2  2  2  2  2  2
  8 Robertot                59  20  2 19   1  0  1  1  1  0  1  1  1  1  1  1  1  2  1  2  2  2  1  1  1  1  2  2  1  1  2  2  2  2  1  2  1  2  2  2  2  2  2  2  2  2
  9 Bugbrain                59  19  1 21   1  1  1  0  1  1  1  1  1  1  1  1  1  1  1  1  2  2  1  1  1  1  1  2  1  1  2  2  2  2  2  2  2  2  2  2  2  2  2  2  2  2
 10 ACT-R Lag2              58  20  3 18   0  0  1  1  1  1  1  1  1  1  2  1  1  2  1  2  2  2  2  1  0  2  1  2  1  1  2  2  1  1  1  2  2  1  2  2  2  2  2  2  2  2
 11 Boom                    56  16  1 24   1  1  1  1  1  1  1  1  1  0  1  1  1  1  1  1  1  1  1  2  1  1  1  1  1  1  2  2  1  2  2  2  2  2  2  2  2  2  2  2  2  2
 12 Shofar                  55  14  0 27   1  1  1  1  1  1  1  1  1  1  1  1  1  1  1  1  1  1  1  1  1  1  1  2  1  1  2  2  2  1  1  2  1  2  2  2  2  2  2  2  2  2
 13 Vroomfondel             54  13  0 28   1  1  1  1  1  1  2  1  1  1  1  1  1  1  1  1  1  2  1  1  1  1  1  2  1  1  2  1  1  1  1  2  2  1  1  2  2  2  2  2  2  2
 14 Simple Predictor        52  21 10 10   0  0  0  0  0  0  1  0  1  0  1  1  1  1  1  1  2  1  1  2  0  2  2  2  1  0  2  2  2  2  2  2  2  2  2  2  2  2  2  2  2  2
 15 Majikthise              51  10  0 31   1  1  1  1  1  1  1  1  1  1  1  1  1  1  1  1  1  1  1  2  1  1  1  1  1  1  2  1  1  1  1  2  1  1  1  2  2  2  2  2  2  2
 16 Piedra                  51  15  5 21   1  1  0  1  1  1  1  0  1  0  1  1  1  1  1  1  1  0  1  0  1  1  2  1  1  1  2  2  1  2  1  2  2  2  2  2  2  2  2  2  2  2
 17 Sweet Rocky             49  14  6 21   0  0  1  1  1  1  1  0  0  0  1  1  1  0  1  1  1  1  1  1  1  1  1  1  1  1  2  2  1  1  2  2  2  2  2  2  2  2  2  2  2  2
 18 Granite                 48  19 12 10   0  0  0  0  0  0  0  0  0  0  1  1  0  1  1  2  1  1  1  2  0  1  1  2  1  2  2  2  1  2  2  2  2  2  2  2  2  2  2  2  2  2
 19 Marble                  48  15  8 18   0  0  0  0  0  0  0  1  1  0  1  1  1  1  1  1  1  1  1  2  1  1  1  1  1  1  2  2  1  1  2  2  2  2  2  2  2  2  2  2  2  2
 20 Inocencio               47  18 12 11   0  0  0  0  0  0  0  1  1  1  0  1  1  0  0  2  1  0  0  1  1  1  2  1  1  2  2  2  2  1  2  2  2  2  2  2  2  2  2  2  2  2
 21 * De Bruijn             46   6  1 34   1  1  1  2  1  1  1  1  1  2  1  1  1  2  1  1  1  2  1  1  1  2  1  1  1  1  1  1  1  1  1  1  1  1  1  1  1  1  2  1  1  0
 22 Mixed Strategy          46  11  6 24   1  0  0  0  1  1  1  1  1  0  1  1  1  0  1  1  1  1  1  1  0  1  1  1  1  1  1  2  1  1  1  2  1  2  2  2  2  2  2  2  2  2
 23 * Anti-rotn             44  11  8 22   0  0  1  0  0  1  1  0  1  1  1  1  1  0  1  0  1  1  1  0  1  1  1  1  1  1  2  1  1  1  1  1  2  2  2  2  2  2  2  2  2  2
 24 ZQ Bot                  42  15 14 12   0  0  0  0  0  0  0  0  0  0  1  0  0  0  1  1  1  0  1  1  1  1  1  1  1  2  2  2  1  1  2  2  2  2  2  2  2  2  2  2  2  2
 25 * Pi                    40   0  1 40   1  1  1  1  1  1  1  1  1  1  1  1  1  1  1  1  1  1  1  1  1  1  1  1  1  1  1  1  1  1  1  1  1  1  0  1  1  1  1  1  1  1
 26 * Foxtrot               34   1  8 32   0  0  0  1  0  0  1  1  1  1  1  1  1  2  1  1  1  0  1  0  1  1  1  0  1  1  1  1  1  1  1  1  1  1  1  1  1  1  1  1  1  1
 27 Multi-strategy          31  12 22  7   0  0  0  0  0  0  0  0  0  0  0  0  0  0  0  0  0  0  0  0  1  1  0  0  1  1  1  2  2  1  1  1  2  2  2  2  2  2  2  2  2  2
 28 Peterbot                30  10 21 10   0  0  0  0  0  0  0  0  0  0  0  0  1  0  1  0  0  0  0  0  1  0  1  0  1  1  0  1  1  1  2  1  2  2  1  2  2  2  2  2  2  2
 29 * Copy-drift            29   0 12 29   0  0  0  0  0  1  0  0  0  1  1  0  1  0  1  1  1  1  1  0  1  1  1  1  1  1  0  1  1  1  1  1  1  1  1  1  1  1  1  1  1  1
 30 * Add-drift             26   0 15 26   0  0  0  0  0  1  0  0  0  1  0  1  1  0  1  0  1  0  1  1  1  1  1  1  1  1  1  1  1  1  0  0  0  1  1  1  1  1  1  1  1  1
 31 * Add-react             26   2 17 22   0  0  0  0  0  1  0  1  0  1  0  1  1  0  1  1  0  0  0  0  1  1  1  0  1  1  1  0  1  2  1  0  1  1  1  1  1  1  1  0  1  2
 32 Knucklehead             26   7 22 12   0  0  0  0  0  0  0  0  0  0  0  0  0  0  0  0  0  0  0  0  1  0  1  0  1  1  1  1  1  2  2  1  1  2  1  1  1  2  2  2  1  2
 33 * Flat                  22   3 22 16   0  0  0  0  0  0  0  1  0  0  0  1  0  0  1  0  0  0  0  0  1  1  0  0  1  1  0  0  1  2  1  1  1  2  1  1  1  1  2  1  1  0
 34 Beat The Last Move      20   5 26 10   0  0  0  0  0  0  0  0  0  1  0  0  1  0  1  0  0  0  0  0  1  0  0  0  1  1  0  0  1  1  1  0  0  1  2  0  0  2  2  1  2  2
 35 * Text                  18   2 25 14   0  0  0  0  0  0  0  0  0  0  0  0  1  0  1  0  0  0  0  0  1  0  0  0  2  1  0  1  1  1  1  1  1  0  1  1  1  0  0  1  1  2
 36 * Switch A Lot          17   1 25 15   0  0  0  0  0  0  0  0  0  0  0  0  0  0  0  0  0  0  0  0  1  0  0  0  1  1  0  0  1  1  1  1  1  2  1  1  1  1  1  1  1  1
 37 Always Switchin'        17   1 25 15   0  0  0  0  0  0  0  0  0  0  0  0  0  0  0  0  0  0  0  0  1  0  0  0  1  1  0  0  1  1  1  1  1  2  1  1  1  1  1  1  1  1
 38 Good Ole Rock           16   3 28 10   0  0  0  0  0  0  0  0  0  0  0  0  0  0  0  0  0  0  0  0  1  0  0  0  1  1  0  0  1  1  1  0  1  0  2  1  1  1  0  1  2  2
 39 Beat Frequent Pick      16   4 29  8   0  0  0  0  0  0  0  0  0  0  0  0  0  0  0  0  0  0  0  0  0  0  0  0  1  1  0  0  1  1  1  0  0  0  2  1  1  2  1  1  2  2
 40 Rotate R-P-S            15   1 27 13   0  0  0  0  0  0  0  0  0  0  0  0  0  0  0  0  0  0  0  0  1  0  0  0  1  1  0  0  1  1  2  0  1  1  1  1  1  1  1  1  1  0
 41 R-P-S 20-20-60          13   0 28 13   0  0  0  0  0  0  0  0  0  0  0  0  0  0  0  0  0  0  0  0  1  0  0  0  1  1  0  0  1  1  1  1  1  0  1  1  1  0  0  1  1  1
 42 * Anti-Flat             13   3 31  7   0  0  0  0  0  0  0  0  0  0  0  0  0  0  0  0  0  0  0  0  2  0  0  0  1  1  0  0  1  1  0  0  2  0  0  1  1  0  0  2  1  1


   Yomi AI is match ranked 3

 Tournament results:
    Player Name          total 
  1 Yomi AI               7225 
 19 Iocaine Powder       11076 
 20 Phasenbott            9909 
 21 MegaHAL               9425 
 22 RussRocker4           7684 
 23 Biopic                8350 
 24 Simple Modeller       9432 
 25 Simple Predictor      7595 
 27 Boom                  8198 

   Yomi is tournament ranked 9

