 Playing 1 tournaments with 1000 trials per match...

 Yomi AI            vs Good Ole Rock       Match: 1000 (1000+   0-   0=)
 Yomi AI            vs R-P-S 20-20-60      Match:  376 (585+ 209- 206=)
 Yomi AI            vs Rotate R-P-S        Match:  993 (996+   3-   1=)
 Yomi AI            vs Beat The Last Move  Match:  217 (492+ 275- 233=)
 Yomi AI            vs Always Switchin'    Match:  300 (482+ 182- 336=)
 Yomi AI            vs Beat Frequent Pick  Match:  641 (787+ 146-  67=)
 Yomi AI            vs * Pi                Match:  -11 (330+ 341- 329=)
 Yomi AI            vs * Switch A Lot      Match:  173 (443+ 270- 287=)
 Yomi AI            vs * Flat              Match:  203 (476+ 273- 251=)
 Yomi AI            vs * Anti-Flat         Match:  999 (999+   0-   1=)
 Yomi AI            vs * Foxtrot           Match:  445 (631+ 186- 183=)
 Yomi AI            vs * De Bruijn         Match:    7 (331+ 324- 345=)
 Yomi AI            vs * Text              Match:  162 (434+ 272- 294=)
 Yomi AI            vs * Anti-rotn         Match:   35 (351+ 316- 333=)
 Yomi AI            vs * Copy-drift        Match:   50 (384+ 334- 282=)
 Yomi AI            vs * Add-react         Match:   73 (393+ 320- 287=)
 Yomi AI            vs * Add-drift         Match:   19 (351+ 332- 317=)
 Yomi AI            vs Iocaine Powder      Match:  -20 (334+ 354- 312=)
 Yomi AI            vs Phasenbott          Match:    7 (347+ 340- 313=)
 Yomi AI            vs MegaHAL             Match:  -15 (344+ 359- 297=)
 Yomi AI            vs RussRocker4         Match:  -21 (354+ 375- 271=)
 Yomi AI            vs Biopic              Match:  -42 (341+ 383- 276=)
 Yomi AI            vs Simple Modeller     Match:  -23 (333+ 356- 311=)
 Yomi AI            vs Simple Predictor    Match:   13 (367+ 354- 279=)
 Yomi AI            vs Robertot            Match:   32 (378+ 346- 276=)
 Yomi AI            vs Boom                Match:  -11 (350+ 361- 289=)
 Yomi AI            vs Shofar              Match:   36 (356+ 320- 324=)
 Yomi AI            vs ACT-R Lag2          Match:  -28 (340+ 368- 292=)
 Yomi AI            vs Majikthise          Match:   58 (358+ 300- 342=)
 Yomi AI            vs Vroomfondel         Match:   21 (355+ 334- 311=)
 Yomi AI            vs Granite             Match:   85 (436+ 351- 213=)
 Yomi AI            vs Marble              Match:   91 (441+ 350- 209=)
 Yomi AI            vs ZQ Bot              Match:   96 (443+ 347- 210=)
 Yomi AI            vs Sweet Rocky         Match:   53 (358+ 305- 337=)
 Yomi AI            vs Piedra              Match:   57 (402+ 345- 253=)
 Yomi AI            vs Mixed Strategy      Match:  131 (432+ 301- 267=)
 Yomi AI            vs Multi-strategy      Match:  241 (504+ 263- 233=)
 Yomi AI            vs Inocencio           Match:  694 (816+ 122-  62=)
 Yomi AI            vs Peterbot            Match:  150 (440+ 290- 270=)
 Yomi AI            vs Bugbrain            Match:  -10 (345+ 355- 300=)
 Yomi AI            vs Knucklehead         Match:  564 (705+ 141- 154=)
 Final results (draw value = 50):

 Tournament results: 

    Player Name          total     1    2    3    4    5    6    7    8    9   10   11   12   13   14   15   16   17   18   19   20   21   22   23   24   25   26   27   28   29   30   31   32   33   34   35   36   37   38   39   40   41   42
  1 Iocaine Powder       10992     0  130   75   22   36   20  -32  507   27  168   44  280   43  233   21   39  318   48   49   86   25  -34  258  257  -25   32  174  227  332  188  100  352  576   63  875  230  371  915  991  989  991  991
  2 Phasenbott            9753  -130    0   33   15   36   -7   67  474    9  145   65  182   55  207   52   38  278   31   47   17   15   14  196  200   38  -36   61   55  387   77   84  351  380  111  925  209  186  934  984  993  994  981
  3 MegaHAL               9387   -75  -33    0   -9    7   15   34   54   21   96   12  243  -44  245   13  -10  261   62   52  155  -15   -5  202  163  -46  -32  174   52   47  126  133  277  315  190  930  442  416  944  993  988  998  996
  4 Simple Modeller       9068   -22  -15    9    0   21   23  -19  -51   52  238   22   51   22   67   43   -7  275   57   45  113  -17  -39  173  580  -18   -3  239  236  -37   77  123   97  281  150  834  481  415  592  991  997  998  994
  5 Biopic                8962   -36  -36   -7  -21    0   42  -26   -9    3   64   39  119  -16  143    1   53  128   42   40   96    1    9  251  160  -27   18   21  100  388   76  152   88  488  153  864  338  414  863  996  995  996  999
  6 Yomi AI               7841   -20    7  -15  -23  -42    0   32  -21  -11   13  -28   91   36   85  -10   57   96   53   35  131   21   58  241  694    7  -11   19   50  445  203  162   73  564  173  150  300  376  641  217  993 1000  999
  7 Robertot              7809    32  -67  -34   19   26  -32    0   20  -26   28  -37   47  -44   55  -30   38   17   40   27   -1   19  -12  284   58  -36   -6   43  100  -19   85  171   72  410   95  918  465  418  855  816 1000  995 1000
  8 RussRocker4           7735  -507 -474  -54   51    9   21  -20    0   59   96    5  114   61  176  -13   45  159   38   65   61  -34  -11  256  173  -61  -61  117   81  151  139   70  349  462  102  944  274  315  593  995  993  999  997
  9 Boom                  7129   -27   -9  -21  -52   -3   11   26  -59    0  -48  -12   26  -20   34   -5   36  109   33   51  -20  -26    3  212   27   33  -14   29   91  -14   39  118   91  382  263  467  347  346  753  991  990  995  956
 10 Simple Predictor      6775  -168 -145  -96 -238  -64  -13  -28  -96   48    0  -61   -3  -36  -39   33   53  136   39   54   71  -48  -30  179  169  -62   19  276  242  -23  104  166  117  311  242  319  404  387  592  984  986  996  998
 11 ACT-R Lag2            6752   -44  -65  -12  -22  -39   28   37   -5   12   61    0  181  -29  117   50   19   59   20   28   38   45   38  228   81  -83  -12   -3   29  -51  135   65  103  476  177  214  294  241  569  791  992 1000  989
 12 Marble                6393  -280 -182 -243  -51 -119  -91  -47 -114  -26    3 -181    0  -62    1  -77   49   35   54   42   29   -1  -24  256  209  -72  -48   51  105   92  165  181   90  261  193  921  302  393  591  991  998  999 1000
 13 Shofar                6237   -43  -55   44  -22   16  -36   44  -61   20   36   29   62    0   44   19   36   30   37   29   19  -18  -16  151   69  -58   26   15   70   -6  101   75   -6  170  255   53  430  347  559  904  917  973  978
 14 Granite               6123  -233 -207 -245  -67 -143  -85  -55 -176  -34   39 -117   -1  -44    0 -112   -7  -13   20   51  -11  -35  -40  268   24  -87    8   42   25  120  160  183  119  327  230  920  327  400  591  991  996  998  996
 15 Bugbrain              6047   -21  -52  -13  -43   -1   10   30   13    5  -33  -50   77  -19  112    0   57  195   63   48   87   10   39   97  -10  -20    1  122   47   34   32   70  114  149   63  239  225  187  405  921  929  963  965
 16 Piedra                5929   -39  -38   10    7  -53  -57  -38  -45  -36  -53  -19  -49  -36    7  -57    0  -57   34    6   84  -49  -41   74  -59  -58   -4   46   44   -1  183  181  171  138  174  323  292  374  592  990  994  996  998
 17 ZQ Bot                5716  -318 -278 -261 -275 -128  -96  -17 -159 -109 -136  -59  -35  -30   13 -195   57    0   39  101   -9  -25   15  261   -5  -44   28   77   49  -31  194  148  316  293  213  935  255  355  593  989  995 1000 1000
 18 Sweet Rocky           5640   -48  -31  -62  -57  -42  -53  -40  -38  -33  -39  -20  -54  -37  -20  -63  -34  -39    0   53    5  -74  -45   99  -44   -9  -49   66   42   49  115  149  295  230  175  118  233  384  590  993  989  994  992
 19 * Anti-rotn           5504   -49  -47  -52  -45  -40  -35  -27  -65  -51  -54  -28  -42  -29  -51  -48   -6 -101  -53    0   32   10    8  260  748  -36  -36   53  -32    3  178   60   -4   50  297   52  493  198  500  496  998  999 1000
 20 Mixed Strategy        4999   -86  -17 -155 -113  -96 -131    1  -61   20  -71  -38  -29  -19   11  -87  -84    9   -5  -32    0  -28  -83   20  737  -45  -44    8   89  -29  -30  126   27  218  134  205   38  329  467  952  916  997  978
 21 Vroomfondel           4935   -25  -15   15   17   -1  -21  -19   34   26   48  -45    1   18   35  -10   49   25   74  -10   28    0   14  222   82    0    7   13   45   24   77   57  -14  256  103   20  255  163  447  -29  993  993  983
 22 Majikthise            4921    34  -14    5   39   -9  -58   12   11   -3   30  -38   24   16   40  -39   41  -15   45   -8   83  -14    0  209   95  -10   36   52   44   50  107   -8  -35  202  130    2  282  184  460  -36  992  996  987
 23 Multi-strategy        2593  -258 -196 -202 -173 -251 -241 -284 -256 -212 -179 -228 -256 -151 -268  -97  -74 -261  -99 -260  -20 -222 -209    0 -104  -50  -20    5  234  -34   93  123   28   48  291  500  484  403  999  997  997  999  997
 24 Inocencio             1897  -257 -200 -163 -580 -160 -694  -58 -173  -27 -169  -81 -209  -69  -24   10   59    5   44 -748 -737  -82  -95  104    0   20  -28  101  203  273  161  152   48  197  103   55  261  418  348  949  984  980  976
 25 * De Bruijn            687    25  -38   46   18   27   -7   36   61  -33   62   83   72   58   87   20   58   44    9   36   45    0   10   50  -20    0   -1   10  -48   -5  -13   23    5  -69   -6   -5   24  -14  128   -1   21    0 -111
 26 * Pi                    28   -32   36   32    3  -18   11    6   61   14  -19   12   48  -26   -8   -1    4  -28   49   36   44   -7  -36   20   28    1    0   -6  -41  -15  -44  -81   12  -13   -5   -1    0  -25   30   22  -11  -11  -13
 27 * Add-drift          -1808  -174  -61 -174 -239  -21  -19  -43 -117  -29 -276    3  -51  -15  -42 -122  -46  -77  -66  -53   -8  -13  -52   -5 -101  -10    6    0  -39   -3  -47   12    4    5   11   14    8    8   49    9  -42  -32   40
 28 * Copy-drift         -2154  -227  -55  -52 -236 -100  -50 -100  -81  -91 -242  -29 -105  -70  -25  -47  -44  -49  -42   32  -89  -45  -44 -234 -203   48   41   39    0   11  -45   20   32  -87  -33  -24    6   14   -5   43  -13   12   15
 29 * Foxtrot            -2187  -332 -387  -47   37 -388 -445   19 -151   14   23   51  -92    6 -120  -34    1   31  -49   -3   29  -24  -50   34 -273    5   15    3  -11    0   44   -3   -1   25  -30  -19   31  -44   13  -14  -62    1   10
 30 * Flat               -2795  -188  -77 -126  -77  -76 -203  -85 -139  -39 -104 -135 -165 -101 -160  -32 -183 -194 -115 -178   30  -77 -107  -93 -161   13   44   47   45  -44    0  -22   54   25  -73 -187  -15   18  244  197   58    0 -414
 31 * Text               -3080  -100  -84 -133 -123 -152 -162 -171  -70 -118 -166  -65 -181  -75 -183  -70 -181 -148 -149  -60 -126  -57    8 -123 -152  -23   81  -12  -20    3   22    0   -8  -44   -9   21   59   34 -185  -74  -11 -185  112
 32 * Add-react          -3082  -352 -351 -277  -97  -88  -73  -72 -349  -91 -117 -103  -90    6 -119 -114 -171 -316 -295    4  -27   14   35  -28  -48   -5  -12   -4  -32    1  -54    8    0  -53   12  -41   55   40    2   22   87    6    5
 33 Knucklehead          -3484  -576 -380 -315 -281 -488 -564 -410 -462 -382 -311 -476 -261 -170 -327 -149 -138 -293 -230  -50 -218 -256 -202  -48 -197   69   13   -5   87  -25  -25   44   53    0    1  -28   35   34   50  768  709  978  942
 34 * Switch A Lot       -3813   -63 -111 -190 -150 -153 -173  -95 -102 -263 -242 -177 -193 -255 -230  -63 -174 -213 -175 -297 -134 -103 -130 -291 -103    6    5  -11   33   30   73    9  -12   -1    0 -138  -40   39   34  294  -18   -6  -30
 35 Peterbot             -6317  -875 -925 -930 -834 -864 -150 -918 -944 -467 -319 -214 -921  -53 -920 -239 -323 -935 -118  -52 -205  -20   -2 -500  -55    5    1  -14   24   19  187  -21   41   28  138    0  270  405  436  963  999  998  987
 36 Always Switchin'     -7577  -230 -209 -442 -481 -338 -300 -465 -274 -347 -404 -294 -302 -430 -327 -225 -292 -255 -233 -493  -38 -255 -282 -484 -261  -24    0   -8   -6  -31   15  -59  -55  -35   40 -270    0   20  -19  495    0   14    7
 37 R-P-S 20-20-60       -9448  -371 -186 -416 -415 -414 -376 -418 -315 -346 -387 -241 -393 -347 -400 -187 -374 -355 -384 -198 -329 -163 -184 -403 -418   14   25   -8  -14   44  -18  -34  -40  -34  -39 -405  -20    0 -408 -144   22 -419   50
 38 Beat Frequent Pick  -14363  -915 -934 -944 -592 -863 -641 -855 -593 -753 -592 -569 -591 -559 -591 -405 -592 -593 -590 -500 -467 -447 -460 -999 -348 -128  -30  -49    5  -13 -244  185   -2  -50  -34 -436   19  408    0 -600    0  999 1000
 39 Beat The Last Move  -19836  -991 -984 -993 -991 -996 -217 -816 -995 -991 -984 -791 -991 -904 -991 -921 -990 -989 -993 -496 -952   29   36 -997 -949    1  -22   -9  -43   14 -197   74  -22 -768 -294 -963 -495  144  600    0    1 1000 1000
 40 Rotate R-P-S        -26009  -989 -993 -988 -997 -995 -993 -1000 -993 -990 -986 -992 -998 -917 -996 -929 -994 -995 -989 -998 -916 -993 -992 -997 -984  -21   11   42   13   62  -58   11  -87 -709   18 -999    0  -22    0   -1    0    0 -655
 41 Good Ole Rock       -26205  -991 -994 -998 -998 -996 -1000 -995 -999 -995 -996 -1000 -999 -973 -998 -963 -996 -1000 -994 -999 -997 -993 -996 -999 -980    0   11   32  -12   -1    0  185   -6 -978    6 -998  -14  419 -999 -1000    0    0  999
 42 * Anti-Flat         -27694  -991 -981 -996 -994 -999 -999 -1000 -997 -956 -998 -989 -1000 -978 -996 -965 -998 -1000 -992 -1000 -978 -983 -987 -997 -976  111   13  -40  -15  -10  414 -112   -5 -942   30 -987   -7  -50 -1000 -1000  655 -999    0

 Match results (draw <= 50): 

    Player Name           total  W  L  D   1  2  3  4  5  6  7  8  9 10 11 12 13 14 15 16 17 18 19 20 21 22 23 24 25 26 27 28 29 30 31 32 33 34 35 36 37 38 39 40 41 42
  1 Iocaine Powder          67  26  0 15   1  2  2  1  1  1  2  1  1  1  1  2  1  1  1  1  2  1  1  1  2  2  2  2  1  2  2  2  2  2  2  2  2  2  2  2  2  2  2  2  2  2
  2 Phasenbott              67  27  1 13   0  1  1  1  1  1  2  2  2  2  1  2  2  1  1  1  2  1  1  1  2  2  1  2  1  2  2  2  2  2  2  2  2  2  2  2  2  2  2  2  2  2
  3 MegaHAL                 65  25  1 15   0  1  1  1  1  1  2  1  1  1  1  2  1  1  1  2  2  1  2  1  2  2  2  2  1  1  2  2  2  2  2  2  2  2  2  2  2  2  2  2  2  2
  4 Yomi AI                 64  23  0 18   1  1  1  1  1  1  1  1  1  1  1  1  1  1  2  2  2  2  1  1  2  2  2  2  1  2  2  1  2  1  2  2  2  2  2  2  2  2  2  2  2  2
  5 Biopic                  64  23  0 18   1  1  1  1  1  1  1  1  1  1  1  2  1  1  1  1  2  2  1  1  2  2  2  2  1  2  2  1  2  2  2  2  2  2  2  2  2  2  2  2  2  2
  6 Simple Modeller         64  24  1 16   1  1  1  1  1  1  0  1  1  1  2  2  1  1  1  2  2  1  1  1  2  2  2  2  1  1  2  2  2  2  2  2  2  2  2  2  2  2  2  2  2  2
  7 RussRocker4             63  27  5  9   0  0  0  1  1  2  1  1  1  1  2  2  2  1  1  1  2  1  2  0  2  2  2  2  0  2  2  2  2  2  2  2  2  2  2  2  2  2  2  2  2  2
  8 Bugbrain                60  20  1 20   1  0  1  1  1  1  1  1  1  1  1  1  1  1  1  2  2  2  1  1  2  2  2  1  1  1  2  2  2  1  2  2  1  2  2  2  2  2  2  2  2  2
  9 Robertot                57  17  1 23   1  0  1  1  1  1  1  1  1  1  1  1  1  1  1  1  1  1  1  1  1  2  1  2  1  1  2  1  2  2  2  2  2  2  2  2  2  2  2  2  2  2
 10 ACT-R Lag2              57  19  3 19   1  0  1  1  1  1  1  1  1  1  1  2  1  1  1  1  2  1  1  0  2  2  1  2  1  0  2  1  2  1  2  2  2  2  2  2  2  2  2  2  2  2
 11 Boom                    55  16  2 23   1  1  1  1  1  0  0  1  1  1  1  1  1  1  1  1  1  1  2  1  2  1  1  1  1  1  2  1  2  2  2  2  1  2  2  2  2  2  2  2  2  2
 12 Simple Predictor        54  21  8 12   0  0  0  1  0  0  0  1  1  0  1  1  1  1  1  1  1  2  2  0  2  1  2  2  1  1  2  2  2  2  2  2  2  2  2  2  2  2  2  2  2  2
 13 Shofar                  54  16  3 22   1  0  1  1  1  1  0  1  1  1  1  1  1  1  1  1  2  1  1  0  1  1  1  2  1  1  2  1  2  2  2  1  2  2  2  2  2  2  2  2  2  2
 14 Vroomfondel             54  13  0 28   1  1  1  1  1  1  1  1  1  1  1  1  1  1  1  2  1  1  1  1  1  1  1  2  1  1  2  1  1  1  2  1  2  1  2  2  2  2  2  2  2  2
 15 Majikthise              53  13  1 27   1  1  1  0  1  1  1  1  1  1  1  1  1  1  1  1  1  1  1  1  1  1  2  2  1  1  2  2  1  1  2  1  2  1  2  1  2  2  2  2  2  2
 16 Sweet Rocky             51  16  6 19   1  1  0  0  1  0  1  0  1  1  1  1  1  0  1  1  0  1  2  1  1  1  1  1  1  1  2  2  2  1  2  2  2  2  2  2  2  2  2  2  2  2
 17 Marble                  49  19 11 11   0  0  0  0  0  0  0  0  1  0  1  1  0  1  1  2  1  1  1  0  1  1  1  2  1  2  2  2  2  2  2  2  2  2  2  2  2  2  2  2  2  2
 18 Piedra                  49  15  7 19   1  1  1  0  0  1  1  0  1  1  1  0  1  1  1  1  1  1  1  0  0  1  2  0  1  1  2  1  2  1  2  2  2  2  2  2  2  2  2  2  2  2
 19 * Anti-rotn             48  14  7 20   1  1  0  1  1  1  0  1  1  1  0  0  1  1  1  0  1  1  1  1  0  0  1  2  1  1  2  2  2  1  1  1  2  2  2  2  2  2  2  2  2  2
 20 * De Bruijn             47   8  2 31   1  1  1  1  1  1  2  1  1  2  1  2  2  1  1  1  2  2  1  1  1  2  1  1  1  1  1  1  1  1  0  1  1  1  1  1  2  1  1  0  1  1
 21 ZQ Bot                  47  17 11 13   0  0  0  0  0  0  0  0  1  0  0  0  1  1  1  1  1  2  2  1  1  1  1  1  1  1  2  2  2  1  2  2  2  2  2  2  2  2  2  2  2  2
 22 Granite                 46  16 11 14   0  0  0  0  0  0  0  0  0  0  1  1  1  1  1  1  1  1  2  0  1  1  1  1  1  2  2  1  2  1  2  2  2  2  2  2  2  2  2  2  2  2
 23 Mixed Strategy          43  12 10 19   0  1  0  0  0  0  0  0  1  1  1  0  1  1  0  1  1  0  1  1  1  1  1  2  1  1  1  1  2  2  2  1  1  2  2  2  2  1  2  2  2  2
 24 Inocencio               42  17 16  8   0  0  0  0  0  0  0  1  0  0  1  0  0  0  0  1  0  2  0  1  1  1  0  1  1  2  2  2  2  2  2  1  2  2  2  2  2  2  2  2  2  2
 25 * Pi                    41   1  1 39   1  1  1  1  1  1  2  1  1  1  1  1  1  1  1  1  1  1  1  1  1  1  1  1  1  1  1  1  1  1  1  1  1  1  1  0  1  1  1  1  1  1
 26 * Foxtrot               33   1  9 31   0  0  1  0  0  1  0  1  1  2  1  1  1  1  1  1  0  1  1  1  1  0  1  0  1  1  1  1  1  1  1  1  1  1  1  1  1  1  1  1  0  1
 27 Multi-strategy          31  12 22  7   0  0  0  0  0  0  0  0  0  0  0  0  0  0  0  0  0  0  0  1  0  0  1  0  1  1  1  1  2  2  1  1  2  2  2  2  2  2  2  2  2  2
 28 * Add-drift             28   0 13 28   0  0  0  1  1  0  0  0  1  1  1  0  1  1  0  0  0  1  0  1  0  1  1  0  1  1  1  1  1  1  1  1  1  1  1  1  1  1  1  1  1  1
 29 Peterbot                28   9 22 10   0  0  0  0  0  0  0  0  0  0  0  0  0  1  1  0  0  0  0  1  0  0  0  0  1  1  0  1  1  1  1  1  2  2  2  1  2  2  2  2  2  2
 30 * Copy-drift            26   0 15 26   0  0  0  1  0  0  0  1  0  1  0  0  0  1  1  1  0  1  1  1  1  1  0  0  1  1  0  1  1  1  0  1  1  1  1  1  1  1  1  1  1  1
 31 Knucklehead             26   7 22 12   0  0  0  0  0  0  0  0  0  0  0  0  0  0  0  0  0  0  1  2  0  0  0  0  1  1  1  1  1  2  1  2  1  2  1  1  1  1  2  2  2  1
 32 * Add-react             24   2 19 20   0  0  0  0  0  0  0  0  0  0  0  0  1  1  1  0  0  0  1  1  0  0  1  1  1  1  1  1  1  1  0  1  0  1  1  1  1  2  1  1  2  1
 33 * Flat                  21   4 24 13   0  0  0  0  0  0  0  1  0  0  1  0  0  0  0  0  0  0  0  1  0  0  1  0  1  1  0  1  0  1  1  2  1  2  0  1  2  1  1  0  2  1
 34 Beat The Last Move      19   5 27  9   0  0  0  0  0  0  0  0  0  0  0  0  0  1  1  0  0  0  0  1  0  0  0  0  1  1  0  1  0  1  0  1  0  1  0  2  2  0  2  2  1  2
 35 * Switch A Lot          18   2 25 14   0  0  0  0  0  0  0  0  0  0  0  0  0  0  0  0  0  0  0  1  0  0  0  0  1  1  0  1  0  1  1  1  2  2  1  1  1  1  1  1  1  1
 36 * Text                  18   3 26 12   0  0  0  0  0  0  0  0  0  0  0  0  0  0  1  0  0  0  0  1  0  0  0  0  2  1  0  1  1  1  1  1  1  0  1  1  0  2  0  2  1  1
 37 Beat Frequent Pick      17   4 28  9   0  0  0  0  0  0  0  0  0  0  0  0  0  0  0  0  0  0  0  0  0  0  0  0  1  1  0  1  0  1  1  1  0  0  1  2  1  1  2  2  1  2
 38 Always Switchin'        16   1 26 14   0  0  0  0  0  0  0  0  0  0  0  0  0  0  0  0  0  0  0  1  0  0  1  0  1  1  0  1  0  1  1  0  1  2  1  0  1  1  1  1  1  1
 39 Good Ole Rock           16   3 28 10   0  0  0  0  0  0  0  0  0  0  0  0  0  0  0  0  0  0  0  1  0  0  0  0  1  1  0  1  0  1  0  1  1  0  1  2  0  1  1  2  1  2
 40 * Anti-Flat             14   3 30  8   0  0  0  0  0  0  0  0  0  0  0  0  0  0  0  0  0  0  0  2  0  0  0  0  1  1  0  1  0  1  0  1  2  0  1  0  0  1  0  1  2  1
 41 Rotate R-P-S            13   1 29 11   0  0  0  0  0  0  0  0  0  0  0  0  0  0  0  0  0  0  0  1  0  0  0  0  1  2  0  1  0  1  0  0  0  1  1  1  1  1  1  0  1  1
 42 R-P-S 20-20-60          13   0 28 13   0  0  0  0  0  0  0  0  0  0  0  0  0  0  0  0  0  0  0  1  0  0  0  0  1  1  0  1  0  1  1  1  1  0  1  1  0  1  0  1  1  1


   Yomi AI is match ranked 4

 Tournament results:
    Player Name          total 
  1 Yomi AI               7841 
 19 Iocaine Powder       10992 
 20 Phasenbott            9753 
 21 MegaHAL               9387 
 23 Biopic                8962 
 24 Simple Modeller       9068 

   Yomi is tournament ranked 6

