 Playing 1 tournaments with 1000 trials per match...

 Yomi AI            vs Good Ole Rock       Match: 1000 (1000+   0-   0=)
 Yomi AI            vs R-P-S 20-20-60      Match:  287 (519+ 232- 249=)
 Yomi AI            vs Rotate R-P-S        Match:  576 (683+ 107- 210=)
 Yomi AI            vs Beat The Last Move  Match:   29 (354+ 325- 321=)
 Yomi AI            vs Always Switchin'    Match:  170 (458+ 288- 254=)
 Yomi AI            vs Beat Frequent Pick  Match:  451 (662+ 211- 127=)
 Yomi AI            vs * Pi                Match:   -9 (323+ 332- 345=)
 Yomi AI            vs * Switch A Lot      Match:   75 (395+ 320- 285=)
 Yomi AI            vs * Flat              Match:  134 (431+ 297- 272=)
 Yomi AI            vs * Anti-Flat         Match:  660 (739+  79- 182=)
 Yomi AI            vs * Foxtrot           Match:  287 (515+ 228- 257=)
 Yomi AI            vs * De Bruijn         Match:  -25 (316+ 341- 343=)
 Yomi AI            vs * Text              Match:   79 (397+ 318- 285=)
 Yomi AI            vs * Anti-rotn         Match:   17 (354+ 337- 309=)
 Yomi AI            vs * Copy-drift        Match:   30 (351+ 321- 328=)
 Yomi AI            vs * Add-react         Match:   11 (340+ 329- 331=)
 Yomi AI            vs * Add-drift         Match:  -25 (331+ 356- 313=)
 Yomi AI            vs Iocaine Powder      Match:  -25 (321+ 346- 333=)
 Yomi AI            vs Phasenbott          Match:  -52 (320+ 372- 308=)
 Yomi AI            vs MegaHAL             Match:    1 (342+ 341- 317=)
 Yomi AI            vs RussRocker4         Match:  -62 (316+ 378- 306=)
 Yomi AI            vs Biopic              Match:  -18 (336+ 354- 310=)
 Yomi AI            vs Simple Modeller     Match:   20 (343+ 323- 334=)
 Yomi AI            vs Simple Predictor    Match:   43 (373+ 330- 297=)
 Yomi AI            vs Robertot            Match:  -26 (335+ 361- 304=)
 Yomi AI            vs Boom                Match:   14 (353+ 339- 308=)
 Yomi AI            vs Shofar              Match:    6 (335+ 329- 336=)
 Yomi AI            vs ACT-R Lag2          Match:  -45 (324+ 369- 307=)
 Yomi AI            vs Majikthise          Match:    4 (340+ 336- 324=)
 Yomi AI            vs Vroomfondel         Match:  -26 (325+ 351- 324=)
 Yomi AI            vs Granite             Match:   23 (376+ 353- 271=)
 Yomi AI            vs Marble              Match:   25 (405+ 380- 215=)
 Yomi AI            vs ZQ Bot              Match:   64 (394+ 330- 276=)
 Yomi AI            vs Sweet Rocky         Match:   42 (361+ 319- 320=)
 Yomi AI            vs Piedra              Match:   55 (385+ 330- 285=)
 Yomi AI            vs Mixed Strategy      Match:   45 (383+ 338- 279=)
 Yomi AI            vs Multi-strategy      Match:  159 (430+ 271- 299=)
 Yomi AI            vs Inocencio           Match:   45 (387+ 342- 271=)
 Yomi AI            vs Peterbot            Match:   10 (351+ 341- 308=)
 Yomi AI            vs Bugbrain            Match:  -10 (335+ 345- 320=)
 Yomi AI            vs Knucklehead         Match:  357 (561+ 204- 235=)
 Final results (draw value = 50):

 Tournament results: 

    Player Name          total     1    2    3    4    5    6    7    8    9   10   11   12   13   14   15   16   17   18   19   20   21   22   23   24   25   26   27   28   29   30   31   32   33   34   35   36   37   38   39   40   41   42
  1 Iocaine Powder       11093     0   91   41   10   54  530   69  221    5  218  249   38   40   34   24  291   70   42   64   18   80   25  284  262   35   39  143  177  350  580  176  132  289  108  872  240  325  921  986  982  992  986
  2 Phasenbott            9746   -91    0   51   31   24  539   19  132   28  216  200  -33   30   85   39  251  -25   48   26  -28  -27   52  306  147   48    6   81  141  333  424   66   88  310   94  907  258   85  931  989  990  994  981
  3 MegaHAL               9708   -41  -51    0    2   16   54   65   65  -40  237  238  -13   37  -38   68  244   35   57   59   47  -35   -1  224  177   -8   -9  214   57   93  415  159  189  287  222  895  472  381  952  990  994  999 1000
  4 Simple Modeller       8986   -10  -31   -2    0  -29   14   24  263   59   83   99   -9   -3   22   51  314   41   47  113  -25   -2  -20  218  803  -20   -6  230  241    0  219  112  129  115  218  322  472  376  587  992  991  997  991
  5 Biopic                8788   -54  -24  -16   29    0  -28   -6   37   17  122  106    0    2  104  -19   73   40   42   50  -29  -64   18  251  142    5   11   -5  123  419  521  133  116  148  198  849  286  428  802  991  992  997  981
  6 RussRocker4           7609  -530 -539  -54  -14   28    0   39   70   44  143  166    4   22   37    6  164   37   42   26  -19   15   62  218  107  -28   27   84  114  163  406  136   60  345  145  927  260  318  591  994  993 1000 1000
  7 Robertot              7501   -69  -19  -65  -24    6  -39    0   12   15   28   -1    8   42  -14  -36  122   60   42   39   23  -27   26  216  -16   -7  -49   69   93  -32  426   76  174   75   99  585  476  394  830  979  994  996  994
  8 Simple Predictor      7326  -221 -132  -65 -263  -37  -70  -12    0    1  -14   40   13   28  -74   65  179   54   78   43   -5  -30  -43  220  596  -62  -14  263  249  -14  285   41  149  146  240  327  403  412  588  986  986  996  994
  9 Boom                  6941    -5  -28   40  -59  -17  -44  -15   -1    0   23   43  -32   42  -40  -26  -23   51   55   50  -53  -10  -14  231   23   12  -12   46  -24   14  474   18   77  111  230  255  410  411  753  991  989  995 1000
 10 Marble                6877  -218 -216 -237  -83 -122 -143  -28   14  -23    0   30  -63   20 -143  -73   45   75   43  -15  -20  -14  -25  285  651    8  -43   37   14   67  232  144  177  114  169  912  303  429  594  992  995  998  995
 11 Granite               6661  -249 -200 -238  -99 -106 -166    1  -40  -43  -30    0  -55   44 -127 -128   74   48   48  -22  -39  -49  -23  344  651  -69  -14  -37   82   54  262  192  181   67  129  972  253  417  594  992  996  998  996
 12 Shofar                6501   -38   33   13    9    0   -4   -8  -13   32   63   55    0   24   17   16   80   50   45   65   20  -31   -6  135   74  -35  -17   56   73  -30  174   77  142   89  133  203  437  259  554  897  931  989  938
 13 Piedra                6405   -40  -30  -37    3   -2  -22  -42  -28  -42  -20  -44  -24    0  -74  -47  -20   36   22  -15  -33  -42  -55   88  -19  -41  -50   13   68   33  203  178  174  125  103  944  196  377  594  995  992  998  990
 14 ACT-R Lag2            6176   -34  -85   38  -22 -104  -37   14   74   40  143  127  -17   74    0   -8   73   55   50  140  -39   33   45  302   12 -106   14   -2  -49  -31  477  207   78   72  136  181  279  306  572  190  994  998  986
 15 Bugbrain              6079   -24  -39  -68  -51   19   -6   36  -65   26   73  128  -16   47    8    0  172   35   41   50    4   34   10   88   93   30   31   84   46  -13   86   57   70  101  175  126  218  216  371  936  978  980  992
 16 ZQ Bot                5545  -291 -251 -244 -314  -73 -164 -122 -179   23  -45  -74  -80   20  -73 -172    0   46   46   23  -48  -67  -64  247   -7  -16  -12   61   55  -15  280  112  157  390  158  931  328  416  590  992  994  999  988
 17 Sweet Rocky           5472   -70   25  -35  -41  -40  -37  -60  -54  -51  -75  -48  -50  -36  -55  -35  -46    0   48  -26  -31  -54  -42   78  -56  -45  -32   54  -56   24  182  123  149  248  143  254  202  454  589  986  995  999  994
 18 * Anti-rotn           5347   -42  -48  -57  -47  -42  -42  -42  -78  -55  -43  -48  -45  -22  -50  -41  -46  -48    0  -61  -23    3  -17  254  646  -47  -35   12  -42  -64   39  262   59    1  320   41  479  228  597  497 1000  998  996
 19 Mixed Strategy        5026   -64  -26  -59 -113  -50  -26  -39  -43  -50   15   22  -65   15 -140  -50  -23   26   61    0  -34  -32  -45   28  252  -80  -67   25   -3  -10  273    1  162   13   62  209   72  402  514  969  946  991  987
 20 Vroomfondel           4916   -18   28  -47   25   29   19  -23    5   53   20   39  -20   33   39   -4   48   31   23   34    0    0   26  137   96  -32   19   -6   77   41  213   71   50   28   99   17  273  132  438  -60  993  996  994
 21 Majikthise            4723   -80   27   35    2   64  -15   27   30   10   14   49   31   42  -33  -34   67   54   -3   32    0    0   -4  195   34  -34   27  -30    7  -12  218   50  -39   10   89   13  282  183  460   -9  990  994  980
 22 Yomi AI               4396   -25  -52    1   20  -18  -62  -26   43   14   25   23    6   55  -45  -10   64   42   17   45  -26    4    0  159   45  -25   -9  -25   30  287  357  134   79   11   75   10  170  287  451   29  576 1000  660
 23 Multi-strategy        2634  -284 -306 -224 -218 -251 -218 -216 -220 -231 -285 -344 -135  -88 -302  -88 -247  -78 -254  -28 -137 -195 -159    0  -80  -50  -20   45  244  -11   40  175  123   32  273  500  477  403  999  997  997  999  999
 24 Inocencio             1484  -262 -147 -177 -803 -142 -107   16 -596  -23 -651 -651  -74   19  -12  -93    7   56 -646 -252  -96  -34  -45   80    0  -39  -17  -26   71  313  233  183  162   94  165  155  226  363  363  926  981  981  983
 25 * De Bruijn            702   -35  -48    8   20   -5   28    7   62  -12   -8   69   35   41  106  -30   16   45   47   80   32   34   25   50   39    0   -1    8  -19   14   26  -36   23   27  -40  -23   10   65  128   -1   21    0 -106
 26 * Pi                   200   -39   -6    9    6  -11  -27   49   14   12   43   14   17   50  -14  -31   12   32   35   67  -19  -27    9   20   17    1    0   15   21   10  -26   20  -81   36    5   10  -49  -11   30   22  -11  -11  -13
 27 * Add-drift          -1389  -143  -81 -214 -230    5  -84  -69 -263  -46  -37   37  -56  -13    2  -84  -61  -54  -12  -25    6   30   25  -45   26   -8  -15    0  -64   -1  -41  -13   27   29   46  -18   18   13   -7   16  -17   25    7
 28 * Copy-drift         -1810  -177 -141  -57 -241 -123 -114  -93 -249   24  -14  -82  -73  -68   49  -46  -55   56   42    3  -77   -7  -30 -244  -71   19  -21   64    0   38  -59   25   24  -20   40  -56   -9  -26  -14  -15  -23    7    4
 29 * Foxtrot            -2088  -350 -333  -93    0 -419 -163   32   14  -14  -67  -54   30  -33   31   13   15  -24   64   10  -41   12 -287   11 -313  -14  -10    1  -38    0  -18  -26  -14  -28    1   16   31  -33  -20   -6    2  -12   39
 30 Knucklehead          -2803  -580 -424 -415 -219 -521 -406 -426 -285 -474 -232 -262 -174 -203 -477  -86 -280 -182  -39 -273 -213 -218 -357  -40 -233  -26   26   41   59   18    0   -2  -58    6   33  980  -15   69  135  986  -32  998  998
 31 * Flat               -2953  -176  -66 -159 -112 -133 -136  -76  -41  -18 -144 -192  -77 -178 -207  -57 -112 -123 -262   -1  -71  -50 -134 -175 -183   36  -20   13  -25   26    2    0    7   35   27 -153   10  -73  235  206   22    0 -418
 32 * Text               -3084  -132  -88 -189 -129 -116  -60 -174 -149  -77 -177 -181 -142 -174  -78  -70 -157 -149  -59 -162  -50   39  -79 -123 -162  -23   81  -27  -24   14   58   -7    0   40  -19   18  -32   17 -185  -74  -11 -185  113
 33 * Add-react          -3313  -289 -310 -287 -115 -148 -345  -75 -146 -111 -114  -67  -89 -125  -72 -101 -390 -248   -1  -13  -28  -10  -11  -32  -94  -27  -36  -29   20   28   -6  -35  -40    0  -21  -28  -59  -41   11   66  118  -13    0
 34 * Switch A Lot       -3667  -108  -94 -222 -218 -198 -145  -99 -240 -230 -169 -129 -133 -103 -136 -175 -158 -143 -320  -62  -99  -89  -75 -273 -165   40   -5  -46  -40   -1  -33  -27   19   21    0 -143   76   44  -15  301  -54  -18   -3
 35 Peterbot             -6969  -872 -907 -895 -322 -849 -927 -585 -327 -255 -912 -972 -203 -944 -181 -126 -931 -254  -41 -209  -17  -13  -10 -500 -155   23  -10   18   56  -16 -980  153  -18   28  143    0  237  411  432  963  998 1000 1000
 36 Always Switchin'     -7145  -240 -258 -472 -472 -286 -260 -476 -403 -410 -303 -253 -437 -196 -279 -218 -328 -202 -479  -72 -273 -282 -170 -477 -226  -10   49  -18    9  -31   15  -10   32   59  -76 -237    0   13   38  510   22  -22  -16
 37 R-P-S 20-20-60       -9385  -325  -85 -381 -376 -428 -318 -394 -412 -411 -429 -417 -259 -377 -306 -216 -416 -454 -228 -402 -132 -183 -287 -403 -363  -65   11  -13   26   33  -69   73  -17   41  -44 -411  -13    0 -373 -182   -5 -430   55
 38 Beat Frequent Pick  -14231  -921 -931 -952 -587 -802 -591 -830 -588 -753 -594 -594 -554 -594 -572 -371 -590 -589 -597 -514 -438 -460 -451 -999 -363 -128  -30    7   14   20 -135 -235  185  -11   15 -432  -38  373    0 -600    0  999 1000
 39 Beat The Last Move  -19422  -986 -989 -990 -992 -991 -994 -979 -986 -991 -992 -992 -897 -995 -190 -936 -992 -986 -497 -969   60    9  -29 -997 -926    1  -22  -16   15    6 -986 -206   74  -66 -301 -963 -510  182  600    0    1 1000  996
 40 Rotate R-P-S        -24962  -982 -990 -994 -991 -992 -993 -994 -986 -989 -995 -996 -931 -992 -994 -978 -994 -995 -1000 -946 -993 -990 -576 -997 -981  -21   11   17   23   -2   32  -22   11 -118   54 -998  -22    5    0   -1    0    0 -662
 41 Good Ole Rock       -26224  -992 -994 -999 -997 -997 -1000 -996 -996 -995 -998 -998 -989 -998 -998 -980 -999 -999 -998 -991 -996 -994 -1000 -999 -981    0   11  -25   -7   12 -998    0  185   13   18 -1000   22  430 -999 -1000    0    0  998
 42 * Anti-Flat         -27397  -986 -981 -1000 -991 -981 -1000 -994 -994 -1000 -995 -996 -938 -990 -986 -992 -988 -994 -996 -987 -994 -980 -660 -999 -983  106   13   -7   -4  -39 -998  418 -113    0    3 -1000   16  -55 -1000 -996  662 -998    0

 Match results (draw <= 50): 

    Player Name           total  W  L  D   1  2  3  4  5  6  7  8  9 10 11 12 13 14 15 16 17 18 19 20 21 22 23 24 25 26 27 28 29 30 31 32 33 34 35 36 37 38 39 40 41 42
  1 Iocaine Powder          70  29  0 12   1  1  2  1  1  2  2  1  2  1  2  1  1  1  1  2  2  2  1  2  2  1  2  2  1  2  2  2  2  2  2  2  2  2  2  2  2  2  2  2  2  2
  2 MegaHAL                 67  27  1 13   1  1  0  1  1  2  1  1  2  2  2  1  1  1  1  1  2  2  2  1  2  1  2  2  1  2  2  2  2  2  2  2  2  2  2  2  2  2  2  2  2  2
  3 Phasenbott              66  26  1 14   0  2  1  1  1  2  1  2  1  1  2  1  1  2  1  1  2  2  1  1  1  1  2  2  1  2  2  2  2  2  2  2  2  2  2  2  2  2  2  2  2  2
  4 Simple Modeller         65  24  0 17   1  1  1  1  1  1  1  1  1  2  2  2  1  1  1  1  2  2  1  1  2  1  2  2  1  1  2  2  2  2  2  2  2  2  2  2  2  2  2  2  2  2
  5 Shofar                  62  21  0 20   1  1  1  1  1  1  1  1  1  1  1  1  1  1  1  1  2  2  1  1  2  1  2  2  1  1  2  2  2  2  2  2  2  2  2  2  2  2  2  2  2  2
  6 RussRocker4             61  23  3 15   0  0  0  1  1  1  1  1  1  1  2  1  1  2  1  1  2  2  1  1  1  1  2  2  1  2  2  2  2  2  2  2  2  2  2  2  2  2  2  2  2  2
  7 Biopic                  60  21  2 18   0  1  1  1  1  1  1  2  1  1  1  1  1  1  1  0  2  2  1  1  1  1  2  2  1  2  2  2  1  2  2  2  2  2  2  2  2  2  2  2  2  2
  8 ACT-R Lag2              59  21  3 17   1  1  0  1  1  1  0  1  1  1  2  1  2  1  1  1  2  2  1  2  2  0  1  2  1  1  2  2  1  1  2  2  2  2  2  2  2  2  2  2  2  2
  9 Robertot                57  18  2 21   0  0  1  1  1  1  1  1  1  1  1  1  1  1  1  1  1  1  1  2  1  1  1  2  1  1  2  2  2  2  2  2  2  2  2  2  2  2  2  2  2  2
 10 Bugbrain                57  19  3 19   1  0  1  0  1  1  1  1  1  1  0  1  1  1  1  1  2  2  1  1  1  1  2  2  1  1  2  2  2  1  2  2  2  2  2  2  2  2  2  2  2  2
 11 Simple Predictor        54  20  7 14   0  0  0  0  1  0  1  0  1  2  1  1  1  1  1  1  1  1  2  2  1  0  2  2  1  1  2  2  2  2  2  2  2  1  2  2  2  2  2  2  2  2
 12 Boom                    54  15  2 24   1  1  1  0  1  1  1  1  1  1  1  1  1  1  0  1  1  1  2  2  1  1  1  1  1  1  2  2  1  1  2  2  2  1  2  2  2  2  2  2  2  2
 13 Piedra                  54  15  2 24   1  1  1  1  1  1  1  0  1  1  1  1  1  0  1  1  1  1  1  1  1  1  1  1  1  1  2  2  1  2  2  2  2  2  2  2  2  2  2  2  2  2
 14 Yomi AI                 53  14  2 25   1  1  0  1  1  0  1  1  1  1  1  1  2  1  1  1  1  1  1  1  1  1  1  2  1  2  2  1  1  1  2  1  1  2  2  2  2  2  2  2  2  2
 15 Vroomfondel             53  13  1 27   1  1  1  1  1  1  1  1  1  1  1  2  1  1  1  1  1  1  1  1  1  1  2  1  1  1  2  1  1  2  2  1  0  2  1  2  2  2  2  2  2  2
 16 Majikthise              52  12  1 28   0  1  1  1  1  1  2  1  1  1  1  1  1  1  1  1  1  1  1  2  1  1  1  2  1  1  2  1  1  1  2  1  1  1  1  2  2  2  2  2  2  2
 17 Granite                 49  18 10 13   0  0  0  0  0  0  0  0  1  0  1  1  1  1  1  1  1  1  1  1  1  0  2  2  1  2  2  2  1  2  2  2  2  2  2  2  2  2  2  2  2  2
 18 Marble                  49  17  9 15   0  0  0  0  0  0  0  0  1  0  1  1  1  1  1  1  1  1  1  2  1  1  2  1  1  2  2  2  1  1  2  2  2  2  2  2  2  2  2  2  2  2
 19 * Anti-rotn             48  12  5 24   1  0  1  1  1  1  1  1  1  1  0  0  1  1  1  1  1  1  1  1  0  1  2  1  1  0  2  1  1  1  1  1  2  2  2  2  2  2  2  2  2  2
 20 Sweet Rocky             47  15  9 17   0  1  1  1  1  1  1  0  0  1  0  0  1  1  1  0  1  0  1  1  1  1  0  1  1  1  2  2  2  0  2  2  2  2  2  2  2  2  2  2  2  2
 21 Mixed Strategy          47  13  7 21   0  0  1  0  0  1  1  0  1  1  1  1  1  1  1  1  1  1  2  1  1  0  2  1  0  1  1  2  1  1  2  1  2  1  2  2  2  2  2  2  2  2
 22 * De Bruijn             46   6  1 34   1  1  1  1  1  1  1  2  1  1  2  1  1  1  1  1  2  1  1  1  2  1  1  1  1  1  1  1  1  1  1  1  1  1  1  1  1  1  2  1  0  2
 23 Inocencio               44  17 14 10   0  0  0  0  0  0  0  1  1  0  0  1  1  1  0  1  0  0  0  2  0  1  1  1  1  2  2  2  1  2  2  2  2  2  2  2  2  2  2  2  2  2
 24 ZQ Bot                  43  16 14 11   0  0  0  0  0  0  0  0  0  0  0  1  1  0  1  0  0  1  1  1  1  1  1  1  1  1  2  2  2  2  2  2  2  2  2  2  2  2  2  2  2  2
 25 * Pi                    41   1  1 39   1  1  1  1  1  1  1  1  1  1  1  1  1  1  1  1  1  1  1  1  2  1  1  1  1  1  1  1  1  1  1  1  1  1  0  1  1  1  1  1  1  1
 26 * Foxtrot               33   1  9 31   0  0  0  1  1  0  0  1  1  1  1  1  1  0  1  1  0  0  2  1  1  1  0  1  1  1  1  1  1  1  1  1  1  1  1  1  1  1  1  1  1  1
 27 Multi-strategy          31  12 22  7   0  0  0  0  0  0  0  0  0  0  0  0  0  0  0  0  0  0  0  0  1  1  0  0  1  1  1  2  1  2  1  1  2  2  2  2  2  2  2  2  2  2
 28 Peterbot                30  10 21 10   0  0  0  0  0  0  0  0  0  0  0  0  0  1  1  1  0  0  1  0  0  1  0  0  1  1  0  1  1  2  0  1  2  2  1  2  2  2  2  2  2  2
 29 * Add-drift             29   0 12 29   0  0  0  0  0  0  1  1  0  0  0  1  1  1  1  1  1  1  1  0  1  1  1  0  1  1  1  1  1  0  1  1  1  1  1  1  1  1  1  1  1  1
 30 * Copy-drift            26   2 17 22   0  0  0  0  0  0  0  1  0  1  0  1  0  1  0  1  0  1  1  2  1  1  0  0  1  1  0  0  2  1  0  1  1  1  1  1  1  1  1  1  1  1
 31 Knucklehead             25   7 23 11   0  0  0  0  0  0  0  0  0  0  0  0  0  0  0  0  0  0  1  0  0  1  0  0  1  1  1  2  1  2  1  1  2  1  0  1  1  2  2  1  2  2
 32 * Add-react             24   2 19 20   0  0  0  0  0  0  0  0  0  0  0  0  0  1  1  1  0  0  1  0  1  1  0  0  1  1  1  1  1  1  1  1  2  1  1  0  1  1  1  2  1  1
 33 Beat The Last Move      20   6 27  8   0  0  0  0  0  0  0  0  0  0  0  0  0  1  2  1  0  0  0  0  0  1  0  0  1  1  0  0  1  1  0  0  1  0  2  0  0  2  2  1  2  2
 34 * Flat                  20   2 23 16   0  0  0  0  0  0  0  0  0  0  1  1  0  0  0  1  0  0  0  0  1  1  0  0  1  1  0  0  1  1  1  1  2  1  1  1  1  1  2  1  0  0
 35 * Text                  19   3 25 13   0  0  0  0  0  0  0  0  0  0  0  0  0  0  1  1  0  0  0  0  0  1  0  0  2  1  0  1  1  1  2  1  0  1  1  1  1  0  0  1  2  1
 36 Always Switchin'        17   2 26 13   0  0  0  0  0  0  0  0  0  0  0  0  0  0  0  0  0  0  0  0  0  1  0  0  1  1  0  0  1  1  1  2  2  1  1  1  0  1  1  1  1  1
 37 * Switch A Lot          17   2 26 13   0  0  0  0  0  0  0  0  0  0  0  0  0  0  0  0  0  0  0  0  0  1  0  0  1  1  0  0  1  1  1  1  2  1  1  2  1  1  1  0  1  1
 38 Good Ole Rock           16   3 28 10   0  0  0  0  0  0  0  0  0  0  0  0  0  0  0  0  0  0  0  0  0  1  0  0  1  1  0  0  1  1  0  1  0  1  2  1  1  1  0  1  2  2
 39 Beat Frequent Pick      16   4 29  8   0  0  0  0  0  0  0  0  0  0  0  0  0  0  0  0  0  0  0  0  0  0  0  0  1  1  0  0  1  1  0  1  0  0  2  1  1  2  1  1  2  2
 40 Rotate R-P-S            15   1 27 13   0  0  0  0  0  0  0  0  0  0  0  0  0  0  0  0  0  0  0  0  0  1  0  0  1  1  0  0  1  1  1  0  1  1  1  1  2  1  1  1  0  1
 41 * Anti-Flat             13   3 31  7   0  0  0  0  0  0  0  0  0  0  0  0  0  0  0  0  0  0  0  0  0  2  0  0  1  1  0  0  1  1  0  1  0  2  0  1  1  0  0  2  1  0
 42 R-P-S 20-20-60          13   2 30  9   0  0  0  0  0  0  0  0  0  0  0  0  0  0  0  0  0  0  0  0  0  0  0  0  1  1  0  0  1  1  0  1  0  2  1  1  1  0  0  1  2  1


   Yomi AI is match ranked 14

 Tournament results:
    Player Name          total 
  1 Yomi AI               4396 
 15 * Anti-rotn           5347 
 19 Iocaine Powder       11093 
 20 Phasenbott            9746 
 21 MegaHAL               9708 
 22 RussRocker4           7609 
 23 Biopic                8788 
 24 Simple Modeller       8986 
 25 Simple Predictor      7326 
 26 Robertot              7501 
 27 Boom                  6941 
 28 Shofar                6501 
 29 ACT-R Lag2            6176 
 30 Majikthise            4723 
 31 Vroomfondel           4916 
 32 Granite               6661 
 33 Marble                6877 
 34 ZQ Bot                5545 
 35 Sweet Rocky           5472 
 36 Piedra                6405 
 37 Mixed Strategy        5026 
 41 Bugbrain              6079 

   Yomi is tournament ranked 22

