 Playing 1 tournaments with 1000 trials per match...

 Yomi AI            vs Good Ole Rock       Match: 1000 (1000+   0-   0=)
 Yomi AI            vs R-P-S 20-20-60      Match:  224 (497+ 273- 230=)
 Yomi AI            vs Rotate R-P-S        Match:  473 (698+ 225-  77=)
 Yomi AI            vs Beat The Last Move  Match:   20 (353+ 333- 314=)
 Yomi AI            vs Always Switchin'    Match:  113 (427+ 314- 259=)
 Yomi AI            vs Beat Frequent Pick  Match:  428 (678+ 250-  72=)
 Yomi AI            vs * Pi                Match:   -4 (326+ 330- 344=)
 Yomi AI            vs * Switch A Lot      Match:   64 (386+ 322- 292=)
 Yomi AI            vs * Flat              Match:   43 (349+ 306- 345=)
 Yomi AI            vs * Anti-Flat         Match:  531 (730+ 199-  71=)
 Yomi AI            vs * Foxtrot           Match:  266 (537+ 271- 192=)
 Yomi AI            vs * De Bruijn         Match:   17 (338+ 321- 341=)
 Yomi AI            vs * Text              Match:   64 (392+ 328- 280=)
 Yomi AI            vs * Anti-rotn         Match:   31 (348+ 317- 335=)
 Yomi AI            vs * Copy-drift        Match:   53 (361+ 308- 331=)
 Yomi AI            vs * Add-react         Match:   48 (360+ 312- 328=)
 Yomi AI            vs * Add-drift         Match:  -44 (309+ 353- 338=)
 Yomi AI            vs Iocaine Powder      Match:  -47 (318+ 365- 317=)
 Yomi AI            vs Phasenbott          Match:   28 (357+ 329- 314=)
 Yomi AI            vs MegaHAL             Match:  -12 (342+ 354- 304=)
 Yomi AI            vs RussRocker4         Match:   13 (352+ 339- 309=)
 Yomi AI            vs Biopic              Match:  -21 (354+ 375- 271=)
 Yomi AI            vs Simple Modeller     Match:  -18 (341+ 359- 300=)
 Yomi AI            vs Simple Predictor    Match:    9 (358+ 349- 293=)
 Yomi AI            vs Robertot            Match:   19 (366+ 347- 287=)
 Yomi AI            vs Boom                Match:  -11 (335+ 346- 319=)
 Yomi AI            vs Shofar              Match:  -40 (326+ 366- 308=)
 Yomi AI            vs ACT-R Lag2          Match:   -5 (346+ 351- 303=)
 Yomi AI            vs Majikthise          Match:  -27 (332+ 359- 309=)
 Yomi AI            vs Vroomfondel         Match:  -24 (326+ 350- 324=)
 Yomi AI            vs Granite             Match:  122 (454+ 332- 214=)
 Yomi AI            vs Marble              Match:    0 (376+ 376- 248=)
 Yomi AI            vs ZQ Bot              Match:   35 (381+ 346- 273=)
 Yomi AI            vs Sweet Rocky         Match:   33 (387+ 354- 259=)
 Yomi AI            vs Piedra              Match:   59 (403+ 344- 253=)
 Yomi AI            vs Mixed Strategy      Match:   11 (350+ 339- 311=)
 Yomi AI            vs Multi-strategy      Match:  164 (466+ 302- 232=)
 Yomi AI            vs Inocencio           Match:   81 (397+ 316- 287=)
 Yomi AI            vs Peterbot            Match:  -27 (328+ 355- 317=)
 Yomi AI            vs Bugbrain            Match:   -2 (337+ 339- 324=)
 Yomi AI            vs Knucklehead         Match:  398 (614+ 216- 170=)
 Final results (draw value = 50):

 Tournament results: 

    Player Name          total     1    2    3    4    5    6    7    8    9   10   11   12   13   14   15   16   17   18   19   20   21   22   23   24   25   26   27   28   29   30   31   32   33   34   35   36   37   38   39   40   41   42
  1 Iocaine Powder       10742     0  149   27   45   51  -15  517   31   25  136   46  200  202  -43   89   57  310   42  -10   48   18   47  315  191   23   29  118   81  362  210  334  124  603   28  889  186  399  931  983  987  999  978
  2 Phasenbott           10249  -149    0   70   54   75    6  545   38   52  137   58  222  213   19   91   58  276   43   39   43  105  -28  225  202   11   26  116   73  396   99  352  107  377   98  883  270  182  905  981  994  995  990
  3 MegaHAL               9890   -27  -70    0   26   15   58  121   31   -2   81   57  245  236  -60   -8   26  261   43  -26   12   98   12  221  301  -39   31  211  125  114  165  290  189  352  191  900  425  366  941  990  993  998  997
  4 Simple Modeller       8972   -45  -54  -26    0   14  -15    9   45   38  289   61  102   62  -12  -29   69  297   55  -38   20  124   18  173  765  -19   -7  221  218  -13   70  143  159  287  283  280  461  404  593  990  992  997  991
  5 Biopic                8700   -51  -75  -15  -14    0   26   15   59   60   53   50  153  121  -11   25  -32  117   54   -2    0   56   21  251  200  -19   11   17  107  405  155   22  155  517  191  789  345  364  603  995  993  998  991
  6 Robertot              7806    15   -6  -58   15  -26    0  -93   56   -5   72   12   46   96  -33    2   12  110   57   13   -3   23  -19  252   51   49  -17   -7   88    1   67   58  150  299  103  736  453  426  860  960  998  996  997
  7 RussRocker4           7475  -517 -545 -121   -9  -15   93    0   38   15   90   17  145  161   -9    3  -25  178   52    3  -28   42  -13  242  146  -38  -16  127  102  195   90  366   51  502  119  947  225  287  590  994  995  999  997
  8 Sweet Rocky           7438   -31  -38  -31  -45  -59  -56  -38    0  -20  -51    3  -40  -42  -12  -69  -28  -19   35  -34  -33  -20  -33  127  442    1    7   14   49   39  145  409  161  225  201  998  311  402  592  987  997 1000  992
  9 Boom                  7058   -25  -52    2  -38  -60    5  -15   20    0   39   48   40   -6    7  -24   -1   10   45  -35  -44  -71   11  363   32   11  -21   18   78   41   72   99  141  482   74  299  433  350  753  991  990  997  999
 10 Simple Predictor      6942  -136 -137  -81 -289  -53  -72  -90   51  -39    0   43   35  -28  -26  -42   73  171   52  -15   -2   42   -9  220  327  -62  -14  240  266   51   60  103  154  285  231  284  407  384  592  984  990  996  996
 11 Piedra                6938   -46  -58  -57  -61  -50  -12  -17   -3  -48  -43    0  -62  -83  -38  -69  -39  -51   53  -41  -10   51  -59   46  783  -62   26   39  -17  -53  121  354  171  196  150  805  161  399  592  995  991  995  989
 12 Granite               6745  -200 -222 -245 -102 -153  -46 -145   40  -40  -35   62    0   -8  -69 -108  -48   54   66    8    0   33 -122  386  652  -45    1   94  -19   25  189   45  176  292  134  909  241  379  592  994  995  999  986
 13 Marble                6578  -202 -213 -236  -62 -121  -96 -161   42    6   28   83    8    0  -85 -139  -59   20   47   11  -30   -9    0  270  463  -73  -38   -6   80   58  155   99  174  307  164  834  266  420  594  990  995  998  996
 14 Shofar                6201    43  -19   60   12   11   33    9   12   -7   26   38   69   85    0    1   -9   48   40   -1  -11   27   40  110   49  -18  -23   50   31   -7   12  -94  122  100   68  236  408  311  551  898  922  978  990
 15 ACT-R Lag2            5890   -89  -91    8   29  -25   -2   -3   69   24   42   69  108  139   -1    0  -16  104   44  -40    4   77    5  283   60  -65  -33  -63  -45  -71  129   24   78  485  106  159  258  311  576  254  998  996  995
 16 Bugbrain              5704   -57  -58  -26  -69   32  -12   25   28    1  -73   39   48   59    9   16    0  134   42  -45    0   12    2  156  -15   14   22  101   53    7   46   84   81  182   68  229  188  181  379  925  963  941  992
 17 ZQ Bot                5249  -310 -276 -261 -297 -117 -110 -178   19  -10 -171   51  -54  -20  -48 -104 -134    0   60  -62  -63    7  -35  259  -15   -6  -20   61   30   34  159  181  160  286  136  913  205  406  592  994  993 1000  994
 18 * Anti-rotn           5178   -42  -43  -43  -55  -54  -57  -52  -35  -45  -52  -53  -66  -47  -40  -44  -42  -60    0   -2   -5  -27  -31  281  390  -34  -44   41  -10   17  189    6   53   56  319   56  511  155  597  495  999  997  999
 19 Majikthise            4778    10  -39   26   38    2  -13   -3   34   35   15   41   -8  -11    1   40   45   62    2    0    6   53   27  206   89  -42   19   31  -25   23   48  -20   38  211   96   21  218  100  457  -36  994  993  994
 20 Vroomfondel           4663   -48  -43  -12  -20    0    3   28   33   44    2   10    0   30   11   -4    0   63    5   -6    0   20   24  171   67   15    9   28  -41   10  119  -62   23  186   99   26  285  144  455    6  997  992  994
 21 Mixed Strategy        4640   -18 -105  -98 -124  -56  -23  -42   20   71  -42  -51  -33    9  -27  -77  -12   -7   27  -53  -20    0  -11   58  -12 -128  -52   -3   65  -20  -18   87  125  204   29   90   96  352  538  975  957  976  993
 22 Yomi AI               4065   -47   28  -12  -18  -21   19   13   33  -11    9   59  122    0  -40   -5   -2   35   31  -27  -24   11    0  164   81   17   -4  -44   53  266   43   48   64  398   64  -27  113  224  428   20  473 1000  531
 23 Multi-strategy        1803  -315 -225 -221 -173 -251 -252 -242 -127 -363 -220  -46 -386 -270 -110 -283 -156 -259 -281 -206 -171  -58 -164    0  -82  -50  -20   -8  223   40  163   58  123   71  273  -64  459  405  999  997  997  999  999
 24 Inocencio              919  -191 -202 -301 -765 -200  -51 -146 -442  -32 -327 -783 -652 -463  -49  -60   15   15 -390  -89  -67   12  -81   82    0  -13  -27  -14  104  347  128   92  154  203  118   95  226  437  357  940  977  983  979
 25 * De Bruijn            593   -23  -11   39   19   19  -49   38   -1  -11   62   62   45   73   18   65  -14    6   34   42  -15  128  -17   50   13    0   -1  -31  -17    2   -9   -1   23   -8   26   -1   -8    5  128   -1   21    0 -107
 26 * Pi                    14   -29  -26  -31    7  -11   17   16   -7   21   14  -26   -1   38   23   33  -22   20   44  -19   -9   52    4   20   27    1    0  -26  -12   16  -13    8  -81  -31  -19   16   20  -39   30   22  -11  -11  -11
 27 * Add-drift          -1393  -118 -116 -211 -221  -17    7 -127  -14  -18 -240  -39  -94    6  -50   63 -101  -61  -41  -31  -28    3   44    8   14   31   26    0  -17    3  -15   33  -39   -6  -25  -68   16   -9   10   59    4  -26   12
 28 * Copy-drift         -1844   -81  -73 -125 -218 -107  -88 -102  -49  -78 -266   17   19  -80  -31   45  -53  -30   10   25   41  -65  -53 -223 -104   17   12   17    0  -17  -10   27  -11 -104   -2  -49   55  -32    0  -47  -44   25  -12
 29 * Foxtrot            -2397  -362 -396 -114   13 -405   -1 -195  -39  -41  -51   53  -25  -58    7   71   -7  -34  -17  -23  -10   20 -266  -40 -347   -2  -16   -3   17    0    7   -6    7   -2  -44  -31   47  -20  -34   -1    3  -32  -20
 30 * Flat               -2786  -210  -99 -165  -70 -155  -67  -90 -145  -72  -60 -121 -189 -155  -12 -129  -46 -159 -189  -48 -119   18  -43 -163 -128    9   13   15   10   -7    0  -21  -12   30  -33 -191   38  -24  217  225   23    0 -462
 31 * Add-react          -3059  -334 -352 -290 -143  -22  -58 -366 -409  -99 -103 -354  -45  -99   94  -24  -84 -181   -6   20   62  -87  -48  -58  -92    1   -8  -33  -27    6   21    0   10   21   19  -37    5  -23    5   32  -26   61   -8
 32 * Text               -3091  -124 -107 -189 -159 -155 -150  -51 -161 -141 -154 -171 -176 -174 -122  -78  -81 -160  -53  -38  -23 -125  -64 -123 -154  -23   81   39   11   -7   12  -10    0  -13   54   21    9   12 -185  -74  -11 -185  111
 33 Knucklehead          -3219  -603 -377 -352 -287 -517 -299 -502 -225 -482 -285 -196 -292 -307 -100 -485 -182 -286  -56 -211 -186 -204 -398  -71 -203    8   31    6  104    2  -30  -21   13    0   21   21   31   76   67  955  733  870 1000
 34 * Switch A Lot       -3225   -28  -98 -191 -283 -191 -103 -119 -201  -74 -231 -150 -134 -164  -68 -106  -68 -136 -319  -96  -99  -29  -64 -273 -118  -26   19   25    2   44   33  -19  -54  -21    0 -145  -12   -9    2  324  -29   11  -27
 35 Peterbot             -5715  -889 -883 -900 -280 -789 -736 -947 -998 -299 -284 -805 -909 -834 -236 -159 -229 -913  -56  -21  -26  -90   27   64  -95    1  -16   68   49   31  191   37  -21  -21  145    0  262  438  428  981  999 1000 1000
 36 Always Switchin'     -7121  -186 -270 -425 -461 -345 -453 -225 -311 -433 -407 -161 -241 -266 -408 -258 -188 -205 -511 -218 -285  -96 -113 -459 -226    8  -20  -16  -55  -47  -38   -5   -9  -31   12 -262    0   49    0  506  -60   15  -17
 37 R-P-S 20-20-60       -8865  -399 -182 -366 -404 -364 -426 -287 -402 -350 -384 -399 -379 -420 -311 -311 -181 -406 -155 -100 -144 -352 -224 -405 -437   -5   39    9   32   20   24   23  -12  -76    9 -438  -49    0 -379 -116   11 -371  202
 38 Beat Frequent Pick  -13957  -931 -905 -941 -593 -603 -860 -590 -592 -753 -592 -592 -592 -594 -551 -576 -379 -592 -597 -457 -455 -538 -428 -999 -357 -128  -30  -10    0   34 -217   -5  185  -67   -2 -428    0  379    0 -600    0  999 1000
 39 Beat The Last Move  -19569  -983 -981 -990 -990 -995 -960 -994 -987 -991 -984 -995 -994 -990 -898 -254 -925 -994 -495   36   -6 -975  -20 -997 -940    1  -22  -59   47    1 -225  -32   74 -955 -324 -981 -506  116  600    0    1 1000  997
 40 Rotate R-P-S        -25462  -987 -994 -993 -992 -993 -998 -995 -997 -990 -990 -991 -995 -995 -922 -998 -963 -993 -999 -994 -997 -957 -473 -997 -977  -21   11   -4   44   -3  -23   26   11 -733   29 -999   60  -11    0   -1    0    0 -668
 41 Good Ole Rock       -26179  -999 -995 -998 -997 -998 -996 -999 -1000 -997 -996 -995 -999 -998 -978 -996 -941 -1000 -997 -993 -992 -976 -1000 -999 -983    0   11   26  -25   32    0  -61  185 -870  -11 -1000  -15  371 -999 -1000    0    0  999
 42 * Anti-Flat         -27348  -978 -990 -997 -991 -991 -997 -997 -992 -999 -996 -989 -986 -996 -990 -995 -992 -994 -999 -994 -994 -993 -531 -999 -979  107   11  -12   12   20  462    8 -111 -1000   27 -1000   17 -202 -1000 -997  668 -999    0

 Match results (draw <= 50): 

    Player Name           total  W  L  D   1  2  3  4  5  6  7  8  9 10 11 12 13 14 15 16 17 18 19 20 21 22 23 24 25 26 27 28 29 30 31 32 33 34 35 36 37 38 39 40 41 42
  1 Phasenbott              71  31  1  9   1  0  2  2  2  2  1  1  2  2  1  2  2  1  1  1  2  2  1  2  1  2  2  1  2  2  2  2  2  2  2  2  2  2  2  2  2  2  2  2  2  2
  2 Iocaine Powder          67  26  0 15   2  1  1  1  2  2  1  1  2  2  1  2  1  1  1  1  2  2  1  1  1  1  2  1  2  2  2  2  2  2  2  2  2  2  2  1  2  2  2  2  2  2
  3 MegaHAL                 65  26  2 13   0  1  1  1  1  2  2  1  1  2  0  1  1  1  1  1  2  2  1  2  1  2  2  1  2  2  2  2  2  2  2  2  2  2  2  2  2  2  2  2  2  2
  4 Simple Modeller         65  25  1 15   0  1  1  1  1  1  1  1  1  2  1  2  1  1  1  1  2  2  2  2  1  2  2  1  2  1  2  2  2  2  2  2  2  2  2  2  2  2  2  2  2  2
  5 Biopic                  63  24  2 15   0  0  1  1  1  1  1  1  1  2  1  1  2  1  1  2  2  2  2  1  1  2  2  1  2  2  1  2  2  1  2  2  2  2  2  2  2  2  2  2  2  2
  6 RussRocker4             62  24  3 14   0  0  0  1  1  1  2  1  1  2  1  1  1  1  1  1  2  2  2  1  1  1  2  1  2  2  2  2  2  2  2  2  2  2  2  2  2  2  2  2  2  2
  7 Robertot                60  21  2 18   1  1  0  1  1  0  1  1  1  2  1  1  1  1  1  2  1  2  2  1  1  1  2  1  2  1  1  2  2  2  2  2  2  2  2  2  2  2  2  2  2  2
  8 Yomi AI                 56  15  0 26   1  1  1  1  1  1  1  1  1  1  1  1  1  1  1  1  2  1  1  2  1  1  1  1  2  2  1  1  2  1  2  2  1  1  2  2  2  2  2  2  2  2
  9 ACT-R Lag2              56  20  5 16   0  0  1  1  1  1  1  1  1  1  1  1  1  1  1  2  2  2  1  2  0  2  2  1  2  0  0  2  2  1  1  2  2  2  2  2  2  2  2  2  2  2
 10 Simple Predictor        55  22  8 11   0  0  0  0  0  0  0  1  1  1  1  2  1  1  1  2  1  1  2  1  0  1  2  1  2  2  2  2  2  2  2  2  2  2  2  2  2  2  2  2  2  2
 11 Shofar                  55  15  1 25   1  1  2  1  1  1  1  1  1  1  1  1  1  1  1  1  2  2  1  1  1  1  1  1  1  1  1  2  2  0  1  2  1  2  2  2  2  2  2  2  2  2
 12 Bugbrain                54  17  4 20   0  0  1  0  1  1  1  1  1  0  1  1  1  1  1  1  1  2  1  1  1  1  2  1  1  1  2  2  2  2  2  2  1  2  2  2  2  2  2  2  2  2
 13 Boom                    53  15  3 23   0  1  1  1  0  1  1  1  1  1  1  1  1  1  1  1  1  1  1  1  1  0  1  1  1  1  1  2  2  2  2  2  2  2  2  2  2  2  2  2  2  2
 14 Majikthise              53  12  0 29   1  1  1  1  1  1  1  1  1  1  1  1  1  1  1  1  1  1  1  1  1  2  2  1  2  1  1  1  2  1  1  2  1  1  1  2  2  2  2  2  2  2
 15 Vroomfondel             52  12  1 28   1  1  1  1  1  1  1  1  1  1  1  1  1  1  1  1  1  1  1  1  1  1  2  1  2  1  1  1  2  0  1  2  2  1  1  2  2  2  2  2  2  2
 16 Sweet Rocky             52  15  4 22   1  1  1  1  0  1  0  1  0  0  1  1  1  1  1  1  1  1  1  1  1  1  1  1  2  1  1  2  2  2  1  2  2  2  2  2  2  2  2  2  2  2
 17 Granite                 50  18  9 14   0  0  0  0  0  0  1  0  0  1  0  1  1  1  1  1  1  1  2  2  1  1  2  1  2  1  2  2  2  1  1  2  2  2  2  2  2  2  2  2  2  2
 18 Marble                  48  18 11 12   0  0  0  0  0  0  0  1  0  1  0  0  1  1  1  1  1  1  1  2  0  1  1  1  2  2  1  2  2  2  2  2  2  2  2  2  2  2  2  2  2  2
 19 * Anti-rotn             47  14  8 19   1  1  1  0  0  0  0  1  1  0  1  1  1  1  1  1  0  1  1  0  1  1  0  1  2  1  1  2  2  1  1  2  2  2  2  2  2  2  2  2  2  2
 20 Piedra                  47  16 10 15   0  1  0  0  1  1  1  0  0  1  1  1  1  1  1  1  0  0  2  1  0  2  0  1  2  0  1  2  1  2  1  2  2  2  2  2  2  2  2  2  2  2
 21 * De Bruijn             46   6  1 34   1  1  1  1  1  1  1  1  2  2  1  1  1  1  1  1  1  2  1  2  1  2  1  1  1  1  1  1  1  1  1  1  1  1  1  1  2  1  1  1  1  0
 22 Mixed Strategy          46  14  9 18   0  1  0  0  0  1  1  1  0  1  1  1  2  0  1  1  1  1  1  0  0  1  1  0  1  1  1  2  2  2  2  2  1  2  2  1  2  2  2  2  2  2
 23 ZQ Bot                  45  17 13 11   0  0  0  0  0  0  0  1  0  0  1  0  1  0  0  1  0  1  2  2  1  1  1  1  1  1  2  2  2  2  1  2  2  2  2  2  2  2  2  2  2  2
 24 * Pi                    41   1  1 39   1  1  1  1  1  1  1  1  1  1  1  1  1  1  1  1  1  1  1  1  1  2  1  1  1  1  1  1  1  1  1  1  1  1  0  1  1  1  1  1  1  1
 25 Inocencio               40  16 17  8   0  0  0  0  0  0  0  0  0  0  1  1  1  0  0  0  0  0  0  0  1  1  1  1  1  2  1  2  2  2  2  2  2  2  2  2  2  2  2  2  2  2
 26 * Foxtrot               34   2  9 30   0  0  0  1  0  0  1  0  2  0  1  1  1  1  1  1  1  0  1  2  1  1  1  1  0  1  1  1  1  1  1  1  1  1  1  1  1  1  1  1  1  1
 27 * Add-drift             33   2 10 29   0  0  0  0  1  0  1  1  2  0  1  0  1  1  1  1  0  1  1  1  1  1  0  1  1  1  1  0  1  1  1  1  1  2  1  1  1  1  1  1  1  1
 28 Peterbot                32  11 20 10   0  0  0  0  0  0  0  1  0  0  0  0  0  1  1  0  0  0  0  0  1  0  0  1  0  1  2  1  2  1  1  1  2  2  1  2  2  2  2  2  2  2
 29 Multi-strategy          31  13 23  5   0  0  0  0  0  0  0  0  0  0  0  0  0  0  0  0  0  0  0  1  1  0  0  1  0  1  1  0  1  2  2  2  2  2  2  2  2  2  2  2  2  2
 30 * Add-react             28   3 16 22   0  0  0  0  1  0  0  1  1  0  2  0  0  1  2  0  1  0  1  0  1  0  0  1  0  1  1  1  0  1  1  1  1  1  1  1  1  1  1  2  1  1
 31 * Copy-drift            26   1 16 24   0  0  0  0  0  0  0  0  1  0  1  0  0  1  1  1  1  0  1  1  1  0  1  1  0  1  1  1  0  1  1  0  1  1  1  1  1  1  2  1  1  1
 32 Knucklehead             24   7 24 10   0  0  0  0  0  0  0  0  0  0  0  0  0  0  0  0  0  0  0  0  1  0  0  1  0  1  1  1  0  1  2  1  1  2  1  1  2  2  1  2  2  2
 33 * Flat                  22   2 21 18   0  0  0  0  0  0  0  1  0  0  1  1  0  1  0  0  0  0  0  0  1  1  0  1  0  1  1  0  0  1  1  1  1  2  1  1  2  1  1  1  1  0
 34 Beat The Last Move      19   5 27  9   0  0  0  0  0  0  0  1  0  0  0  0  0  1  1  0  0  0  0  0  1  0  0  1  0  1  0  0  0  1  1  0  0  1  2  0  2  1  0  2  2  2
 35 * Text                  19   3 25 13   0  0  0  0  0  0  0  0  0  0  0  0  0  1  1  0  0  0  0  0  1  0  0  2  0  1  1  1  0  1  1  1  1  0  1  2  0  1  1  0  1  2
 36 * Switch A Lot          18   1 24 16   0  1  0  0  0  0  0  0  0  0  0  0  0  0  0  0  0  0  0  0  1  1  0  1  0  1  1  0  0  1  1  1  1  2  0  1  1  1  1  1  1  1
 37 Beat Frequent Pick      16   4 29  8   0  0  0  0  0  0  0  0  0  0  0  0  0  0  0  0  0  0  0  0  0  0  0  1  0  1  1  0  0  1  1  0  0  0  2  1  1  1  1  2  2  2
 38 Rotate R-P-S            15   1 27 13   0  0  0  0  0  0  0  0  0  0  0  0  0  0  0  0  0  0  0  0  1  0  0  1  0  1  1  0  0  1  1  0  1  1  1  1  1  1  2  1  1  0
 39 Always Switchin'        15   1 27 13   0  0  0  0  0  0  0  0  0  0  0  0  0  0  0  0  0  0  0  0  1  0  0  1  0  1  1  0  0  1  0  1  1  2  1  1  1  0  1  1  1  1
 40 Good Ole Rock           15   3 29  9   0  0  0  0  0  0  0  0  0  0  0  0  0  0  0  0  0  0  0  0  1  0  0  1  0  1  1  0  0  0  1  0  1  0  2  1  0  1  1  1  2  2
 41 R-P-S 20-20-60          13   1 29 11   0  0  0  0  0  0  0  0  0  0  0  0  0  0  0  0  0  0  0  0  1  0  0  1  0  1  1  0  0  1  1  0  1  0  1  1  0  1  1  0  1  2
 42 * Anti-Flat             13   3 31  7   0  0  0  0  0  0  0  0  0  0  0  0  0  0  0  0  0  0  0  0  2  0  0  1  0  1  1  0  0  1  1  0  2  0  0  1  0  2  1  0  0  1


   Yomi AI is match ranked 8

 Tournament results:
    Player Name          total 
  1 Yomi AI               4065 
 15 * Anti-rotn           5178 
 19 Iocaine Powder       10742 
 20 Phasenbott           10249 
 21 MegaHAL               9890 
 22 RussRocker4           7475 
 23 Biopic                8700 
 24 Simple Modeller       8972 
 25 Simple Predictor      6942 
 26 Robertot              7806 
 27 Boom                  7058 
 28 Shofar                6201 
 29 ACT-R Lag2            5890 
 30 Majikthise            4778 
 31 Vroomfondel           4663 
 32 Granite               6745 
 33 Marble                6578 
 34 ZQ Bot                5249 
 35 Sweet Rocky           7438 
 36 Piedra                6938 
 37 Mixed Strategy        4640 
 41 Bugbrain              5704 

   Yomi is tournament ranked 22

