 Playing 1 tournaments with 1000 trials per match...

 Yomi AI            vs Good Ole Rock       Match: 1000 (1000+   0-   0=)
 Yomi AI            vs R-P-S 20-20-60      Match:  190 (451+ 261- 288=)
 Yomi AI            vs Rotate R-P-S        Match:  656 (753+  97- 150=)
 Yomi AI            vs Beat The Last Move  Match:   18 (343+ 325- 332=)
 Yomi AI            vs Always Switchin'    Match:  109 (407+ 298- 295=)
 Yomi AI            vs Beat Frequent Pick  Match:  400 (610+ 210- 180=)
 Yomi AI            vs * Pi                Match:   13 (339+ 326- 335=)
 Yomi AI            vs * Switch A Lot      Match:   63 (366+ 303- 331=)
 Yomi AI            vs * Flat              Match:   46 (361+ 315- 324=)
 Yomi AI            vs * Anti-Flat         Match:  643 (746+ 103- 151=)
 Yomi AI            vs * Foxtrot           Match:  250 (487+ 237- 276=)
 Yomi AI            vs * De Bruijn         Match:  -12 (326+ 338- 336=)
 Yomi AI            vs * Text              Match:   40 (359+ 319- 322=)
 Yomi AI            vs * Anti-rotn         Match:   57 (366+ 309- 325=)
 Yomi AI            vs * Copy-drift        Match:   14 (356+ 342- 302=)
 Yomi AI            vs * Add-react         Match:   51 (369+ 318- 313=)
 Yomi AI            vs * Add-drift         Match:   -8 (320+ 328- 352=)
 Yomi AI            vs Iocaine Powder      Match:  -36 (322+ 358- 320=)
 Yomi AI            vs Phasenbott          Match:   16 (338+ 322- 340=)
 Yomi AI            vs MegaHAL             Match:   19 (356+ 337- 307=)
 Yomi AI            vs RussRocker4         Match:    7 (345+ 338- 317=)
 Yomi AI            vs Biopic              Match:    6 (370+ 364- 266=)
 Yomi AI            vs Simple Modeller     Match:  -27 (318+ 345- 337=)
 Yomi AI            vs Simple Predictor    Match:   83 (396+ 313- 291=)
 Yomi AI            vs Robertot            Match:   29 (356+ 327- 317=)
 Yomi AI            vs Boom                Match:   -2 (337+ 339- 324=)
 Yomi AI            vs Shofar              Match:   -6 (318+ 324- 358=)
 Yomi AI            vs ACT-R Lag2          Match:  -17 (334+ 351- 315=)
 Yomi AI            vs Majikthise          Match:  -10 (339+ 349- 312=)
 Yomi AI            vs Vroomfondel         Match:   26 (350+ 324- 326=)
 Yomi AI            vs Granite             Match:   42 (368+ 326- 306=)
 Yomi AI            vs Marble              Match:   12 (353+ 341- 306=)
 Yomi AI            vs ZQ Bot              Match:   82 (395+ 313- 292=)
 Yomi AI            vs Sweet Rocky         Match:   21 (372+ 351- 277=)
 Yomi AI            vs Piedra              Match:   42 (372+ 330- 298=)
 Yomi AI            vs Mixed Strategy      Match:   58 (371+ 313- 316=)
 Yomi AI            vs Multi-strategy      Match:  202 (461+ 259- 280=)
 Yomi AI            vs Inocencio           Match:   41 (364+ 323- 313=)
 Yomi AI            vs Peterbot            Match:   31 (352+ 321- 327=)
 Yomi AI            vs Bugbrain            Match:    0 (340+ 340- 320=)
 Yomi AI            vs Knucklehead         Match:  328 (541+ 213- 246=)
 Final results (draw value = 50):

 Tournament results: 

    Player Name          total     1    2    3    4    5    6    7    8    9   10   11   12   13   14   15   16   17   18   19   20   21   22   23   24   25   26   27   28   29   30   31   32   33   34   35   36   37   38   39   40   41   42
  1 Iocaine Powder       11053     0   13  189   43  519   19   46   77  191  231  256   65   42   32    9  316   35   56   25   56   59   36  219   36  230    3  172  137  346  157  359   96   -3  584  920  226  392  897  988  990  994  995
  2 MegaHAL              10025   -13    0  -21  -25  117    6   13   17  117  245  263   49   40   68   -3  248  -18   39   -3  -16   41  -19  239  -13  237   25  109  167   79  180  305  189  242  423  887  474  389  975  990  985  998 1000
  3 Phasenbott            9910  -189   21    0   20  533   42   53   38  171  207  164   53   71   76    7  262   35   69  -25  -25   80  -16  255   35  177   57   95  172  393   55  280   66  101  413  862  266  174  908  983  990  995  986
  4 Simple Modeller       8687   -43   25  -20    0  -20  -23   -1   25  279   75   77   23   27   -7   18  279   76   43   35  -50   74   27  181  -76  107  -16  240  286   -6   85  108  138  203  261  865  448  376  595  990  990  997  996
  5 RussRocker4           8369  -519 -117 -533   20    0   13   53   63   93  151  138   44   26   14   29  146   13   82   22   35   68   -7  280  -51  784   -6  104  143  205  113  331   78   42  438  897  328  277  589  993  995  999  996
  6 Biopic                8204   -19   -6  -42   23  -13    0   56  -12   51  105  160   37   10   13   -8   80   -6   45    6  -17   76   -6  187  -37  157   13   34  -24  443  123   40  134  155  485  729  342  363  546  995  995  999  992
  7 Robertot              7860   -46  -13  -53    1  -53  -56    0    4   23   33  103   38   43  -22   50  136  -26   46    8    0   48  -29  185  -25  -37  -17  181   73   19   53   86  166  119  459  857  495  420  778  828  995 1000  990
  8 Boom                  7397   -77  -17  -38  -25  -63   12   -4    0   45   50   39    9   19  -32   -2   40  -28   54  -47  -36  -33    2  344   -8  122   35    5   62   15   26  105  141  169  528  446  434  393  753  976  990  997  996
  9 Simple Predictor      7099  -191 -117 -171 -279  -93  -51  -23  -45    0   54    5   53    7  -58  -33  149   34   43  -11   16   81  -83  220  -73  133   19  282  298  -27   66  107  154  229  277  791  408  379  588  984  986  993  998
 10 Granite               6940  -231 -245 -207  -75 -151 -105  -33  -50  -54    0    1   46   30 -102  -27   40  -53   66  -20   -4   42  -42  337  -71  647  -14   61   88   65  196   72  176  166  271  952  198  394  592  994  996  999  995
 11 Marble                6730  -256 -263 -164  -77 -138 -160 -103  -39   -5   -1    0   41   54  -87  -51   68  -74   92  -54   -6    8  -12  243  -96  645  -30   80   38   56  167  106  176  179  306  908  215  387  594  994  996  999  994
 12 Piedra                6703   -65  -49  -53  -23  -44  -37  -38   -9  -53  -46  -41    0  -41  -27  -57  -25  -19   55 -104  -15  -66  -42   96    4  789  -10  -12  104  -47  167  -50  167  201  171  625  345  386  591  994  994  996  991
 13 Sweet Rocky           6338   -42  -40  -71  -27  -26  -10  -43  -19   -7  -30  -54   41    0  -14  -60  -41   -2   43  -79  -38   36  -21  113  -36  -45  -44   15   15  -47  159  236  177  248  155  650  255  424  592  992  987  998  998
 14 ACT-R Lag2            6272   -32  -68  -76    7  -14  -13   22   32   58  102   87   27   14    0  -21   79   25    7   13  -18   20   17  215  -36  752   -6  -24   52    3   84   15   78  145  478   58  253  340  580   36  997 1000  984
 15 Shofar                6081    -9    3   -7  -18  -29    8  -50    2   33   27   51   57   60   21    0   10  -42   26  -32   18   32    6   82   -9   23  -17   72   18   18   29  -23  106  228  202  130  430  289  557  906  920  984  969
 16 ZQ Bot                5978  -316 -248 -262 -279 -146  -80 -136  -40 -149  -40  -68   25   41  -79  -10    0 -173   68  -17  -35   23  -82  179  -58  297  -12   90   70   50  162  333  179  209  305  947  300  368  594  993  989  994  992
 17 Bugbrain              5839   -35   18  -35  -76  -13    6   26   28  -34   53   74   19    2  -25   42  173    0   19  -37  -26   -3    0   95    6   42  -18    0  114  -28   31  108  107  133  141  298  256  153  401  930  966  953  975
 18 * Anti-rotn           5709   -56  -39  -69  -43  -82  -45  -46  -54  -43  -66  -92  -55  -43   -7  -26  -68  -19    0  -10  -13   15  -57  201  -71  730  -44   -3   28    3  123   26   54  290   46   37  486  137  597 1000 1000 1000  987
 19 Majikthise            4986   -25    3   25  -35  -22   -6   -8   47   11   20   54  104   79  -13   32   17   37   10    0  -36   47   10  190   12   45   18   24   12   -9   73   -5   48  136  235    5  254  171  468  -23  993  996  992
 20 Vroomfondel           4823   -56   16   25   50  -35   17    0   36  -16    4    6   15   38   18  -18   35   26   13   36    0  -30  -26  188   -8   86   41  -38   -6   18  107    2   31  127  200   46  271  136  466   16  994  996  996
 21 Mixed Strategy        4815   -59  -41  -80  -74  -68  -76  -48   33  -81  -42   -8   66  -36  -20  -32  -23    3  -15  -47   30    0  -58  -40  -67   13  -12  -10  -42    5  121   31  122   53  231  258   58  354  475  969  981  994  997
 22 Yomi AI               4477   -36   19   16  -27    7    6   29   -2   83   42   12   42   21  -17   -6   82    0   57  -10   26   58    0  202  -12   41   13   14   -8  250   46   51   40   63  328   31  109  190  400   18  656 1000  643
 23 Multi-strategy        2149  -219 -239 -255 -181 -280 -187 -185 -344 -220 -337 -243  -96 -113 -215  -82 -179  -95 -201 -190 -188   40 -202    0  -50  -77  -20  216   18  -11   85   29  123  290   -8  -14  453  337  999  997  997  999  997
 24 * De Bruijn            808   -36   13  -35   76   51   37   25    8   73   71   96   -4   36   36    9   58   -6   71  -12    8   67   12   50    0   30   -1   15   -4  -25   41   14   23    1   -5  -17   -6   -2  128   -1   21    0 -108
 25 Inocencio              440  -230 -237 -177 -107 -784 -157   37 -122 -133 -647 -645 -789   45 -752  -23 -297  -42 -730  -45  -86  -13  -41   77  -30    0  -17  135   42  363  132  110  161  129  250  175  281  404  362  912  978  977  974
 26 * Pi                  -106    -3  -25  -57   16    6  -13   17  -35  -19   14   30   10   44    6   17   12   18   44  -18  -41   12  -13   20    1   17    0  -19    4  -19    6  -36  -81  -61    0   21    5   -6   30   22  -11  -11  -10
 27 * Copy-drift         -1749  -172 -109  -95 -240 -104  -34 -181   -5 -282  -61  -80   12  -15   24  -72  -90    0    3  -24   38   10  -14 -216  -15 -135   19    0    5   24  -19    5   31   63  -56   15    2   24  -18  -23  -10   61  -15
 28 * Add-drift          -1844  -137 -167 -172 -286 -143   24  -73  -62 -298  -88  -38 -104  -15  -52  -18  -70 -114  -28  -12    6   42    8  -18    4  -42   -4   -5    0   30  -20  -11    3   -4   -5  -52   10  -17   51   55   21  -26  -17
 29 * Foxtrot            -2166  -346  -79 -393    6 -205 -443  -19  -15   27  -65  -56   47   47   -3  -18  -50   28   -3    9  -18   -5 -250   11   25 -363   19  -24  -30    0  -12   11   18   21    4  -34  -11   12    3    7   -6    3  -16
 30 * Flat               -2766  -157 -180  -55  -85 -113 -123  -53  -26  -66 -196 -167 -167 -159  -84  -29 -162  -31 -123  -73 -107 -121  -46  -85  -41 -132   -6   19   20   12    0   28  -24   -3   10 -203   -6  -34  229  218  -17    0 -428
 31 * Add-react          -2784  -359 -305 -280 -108 -331  -40  -86 -105 -107  -72 -106   50 -236  -15   23 -333 -108  -26    5   -2  -31  -51  -29  -14 -110   36   -5   11  -11  -28    0   22    2  -80  -50  -11   27   -6   48   29   -1    9
 32 * Text               -3205   -96 -189  -66 -138  -78 -134 -166 -141 -154 -176 -176 -167 -177  -78 -106 -179 -107  -54  -48  -31 -122  -40 -123  -23 -161   81  -31   -3  -18   24  -22    0   14    4   17  -11   13 -185  -74  -11 -185  112
 33 * Switch A Lot       -3698     3 -242 -101 -203  -42 -155 -119 -169 -229 -166 -179 -201 -248 -145 -228 -209 -133 -290 -136 -127  -53  -63 -290   -1 -129   61  -63    4  -21    3   -2  -14    0   -5 -133   -5  -11  -19  312   75  -32    7
 34 Knucklehead          -4088  -584 -423 -413 -261 -438 -485 -459 -528 -277 -271 -306 -171 -155 -478 -202 -305 -141  -46 -235 -200 -231 -328    8    5 -250    0   56    5   -4  -10   80   -4    5    0   -8   -8   53  154  299  567  943  958
 35 Peterbot             -6961  -920 -887 -862 -865 -897 -729 -857 -446 -791 -952 -908 -625 -650  -58 -130 -947 -298  -37   -5  -46 -258  -31   14   17 -175  -21  -15   52   34  203   50  -17  133    8    0  220  332  429  982  997 1000  995
 36 Always Switchin'     -7308  -226 -474 -266 -448 -328 -342 -495 -434 -408 -198 -215 -345 -255 -253 -430 -300 -256 -486 -254 -271  -58 -109 -453    6 -281   -5   -2  -10   11    6   11   11    5    8 -220    0  -20   27  504   12   22  -89
 37 R-P-S 20-20-60       -8895  -392 -389 -174 -376 -277 -363 -420 -393 -379 -394 -387 -386 -424 -340 -289 -368 -153 -137 -171 -136 -354 -190 -337    2 -404    6  -24   17  -12   34  -27  -13   11  -53 -332   20    0 -382 -140   -7 -435   73
 38 Beat Frequent Pick  -13943  -897 -975 -908 -595 -589 -546 -778 -753 -588 -592 -594 -591 -592 -580 -557 -594 -401 -597 -468 -466 -475 -400 -999 -128 -362  -30   18  -51   -3 -229    6  185   19 -154 -429  -27  382    0 -600    0  999  996
 39 Beat The Last Move  -19066  -988 -990 -983 -990 -993 -995 -828 -976 -984 -994 -994 -994 -992  -36 -906 -993 -930 -1000   23  -16 -969  -18 -997    1 -912  -22   23  -55   -7 -218  -48   74 -312 -299 -982 -504  140  600    0    1 1000  997
 40 Rotate R-P-S        -25700  -990 -985 -990 -990 -995 -995 -995 -990 -986 -996 -996 -994 -987 -997 -920 -989 -966 -1000 -993 -994 -981 -656 -997  -21 -978   11   10  -21    6   17  -29   11  -75 -567 -997  -12    7    0   -1    0    0 -679
 41 Good Ole Rock       -26195  -994 -998 -995 -997 -999 -999 -1000 -997 -993 -999 -999 -996 -998 -1000 -984 -994 -953 -1000 -996 -996 -994 -1000 -999    0 -977   11  -61   26   -3    0    1  185   32 -943 -1000  -22  435 -999 -1000    0    0 1000
 42 * Anti-Flat         -27218  -995 -1000 -986 -996 -996 -992 -990 -996 -998 -995 -994 -991 -998 -984 -969 -992 -975 -987 -992 -996 -997 -643 -997  108 -974   10   15   17   16  428   -9 -112   -7 -958 -995   89  -73 -996 -997  679 -1000    0

 Match results (draw <= 50): 

    Player Name           total  W  L  D   1  2  3  4  5  6  7  8  9 10 11 12 13 14 15 16 17 18 19 20 21 22 23 24 25 26 27 28 29 30 31 32 33 34 35 36 37 38 39 40 41 42
  1 Phasenbott              70  30  1 10   1  0  1  1  2  1  1  2  1  1  2  1  1  2  1  2  2  2  1  2  2  2  2  2  2  2  2  2  2  2  2  2  2  2  2  2  2  2  2  2  2  2
  2 Iocaine Powder          69  28  0 13   2  1  1  1  2  1  1  1  1  1  1  2  1  2  2  1  2  2  1  2  2  2  2  2  1  2  2  2  2  2  2  2  2  2  1  2  2  2  2  2  2  2
  3 MegaHAL                 65  24  0 17   1  1  1  1  2  1  1  2  1  1  1  1  1  2  1  1  1  2  1  2  2  1  1  2  1  2  2  2  2  2  2  2  2  2  2  2  2  2  2  2  2  2
  4 Simple Modeller         63  23  1 17   1  1  1  1  1  1  1  1  2  1  1  1  1  2  1  1  1  2  0  2  2  2  1  2  1  1  2  2  2  2  2  2  2  2  2  2  2  2  2  2  2  2
  5 RussRocker4             62  25  4 12   0  0  0  1  1  1  1  1  1  1  2  2  1  2  1  1  1  2  0  2  2  2  2  2  1  2  2  2  2  2  2  2  2  2  1  2  2  2  2  2  2  2
  6 Biopic                  62  21  0 20   1  1  1  1  1  1  1  1  1  1  2  1  1  2  1  1  1  2  1  2  2  2  1  2  1  2  2  2  1  1  2  1  2  2  2  2  2  2  2  2  2  2
  7 Shofar                  57  16  0 25   1  1  1  1  1  1  1  1  1  1  1  1  1  1  1  2  2  1  1  2  1  1  1  1  1  1  2  2  1  2  2  1  1  2  2  2  2  2  2  2  2  2
  8 ACT-R Lag2              57  18  2 21   0  1  0  1  1  1  1  1  1  1  1  1  1  2  1  1  1  2  1  2  2  1  1  2  1  1  2  2  2  1  2  1  2  1  2  2  2  2  2  2  2  2
  9 Bugbrain                57  17  1 23   1  1  1  0  1  1  1  1  1  1  1  1  1  1  1  1  1  2  1  2  2  1  1  1  1  1  2  2  2  1  2  2  1  2  2  2  2  2  2  2  2  2
 10 Yomi AI                 56  15  0 26   1  1  1  1  1  1  1  1  1  1  1  1  1  2  1  1  1  1  1  1  2  2  2  1  1  2  1  2  1  1  2  2  1  1  2  1  2  2  2  2  2  2
 11 Robertot                56  18  3 20   0  1  1  1  0  0  1  1  1  1  1  1  1  1  1  1  1  1  1  2  2  1  1  1  1  1  2  2  2  2  2  2  2  2  2  2  2  2  2  2  2  2
 12 Boom                    55  16  2 23   1  0  1  1  0  1  1  1  1  1  1  1  1  1  1  1  1  1  1  1  1  1  2  2  1  1  2  2  2  1  2  2  1  2  2  2  2  2  2  2  2  2
 13 Majikthise              54  13  0 28   1  1  1  1  1  1  1  1  1  1  1  1  1  1  1  2  2  1  1  2  1  1  1  1  1  1  1  2  1  1  2  1  2  1  2  1  2  2  2  2  2  2
 14 Simple Predictor        53  21  9 11   0  0  0  0  0  0  1  0  1  0  1  1  1  1  1  1  2  2  0  1  2  2  1  2  1  1  2  2  2  2  2  2  2  2  2  2  2  2  2  2  2  2
 15 Vroomfondel             51  11  1 29   1  0  1  1  1  1  1  1  1  1  1  1  1  1  1  1  1  1  1  1  1  1  1  2  1  1  1  2  1  1  2  1  2  1  2  1  2  2  2  2  2  2
 16 Sweet Rocky             51  14  4 23   0  1  1  1  1  1  0  1  1  1  1  1  0  1  1  1  1  1  1  0  1  1  1  1  1  1  2  2  1  1  2  2  2  2  2  2  2  2  2  2  2  2
 17 Piedra                  51  16  6 19   0  0  1  1  1  1  0  1  1  1  1  1  0  0  1  1  1  1  1  1  1  0  2  2  1  1  2  2  2  1  2  1  2  2  2  2  2  2  2  2  2  2
 18 Granite                 50  19 10 12   0  0  0  0  0  0  1  0  0  1  1  1  1  0  1  1  1  1  0  1  1  1  2  2  1  2  2  2  2  2  2  2  2  2  2  2  2  2  2  2  2  2
 19 * De Bruijn             49   9  1 31   1  1  1  2  2  1  1  1  1  1  1  1  1  2  1  1  1  2  1  2  2  2  2  1  1  1  1  1  1  1  1  1  1  1  1  1  1  2  1  0  1  1
 20 Marble                  49  20 12  9   0  0  0  0  0  0  0  0  0  1  0  1  0  1  1  2  1  1  0  1  2  1  2  2  1  2  2  2  1  2  2  2  2  2  2  2  2  2  2  2  2  2
 21 ZQ Bot                  46  18 13 10   0  0  0  0  0  0  1  0  0  0  0  1  1  0  1  1  1  1  0  0  1  1  2  2  1  1  2  2  2  2  2  2  2  2  2  2  2  2  2  2  2  2
 22 Mixed Strategy          46  13  8 20   0  0  1  0  0  0  1  1  1  0  1  1  1  0  1  1  2  1  0  1  1  1  1  1  1  1  2  1  1  1  2  1  2  2  2  2  2  2  2  2  2  2
 23 * Anti-rotn             43  12 10 19   0  0  1  1  0  1  1  1  1  0  1  0  1  1  1  1  0  0  0  0  0  1  1  2  1  1  1  2  1  1  1  1  2  2  2  2  2  2  2  2  2  2
 24 Inocencio               42  16 15 10   0  0  0  0  0  0  1  0  1  1  1  0  1  0  0  1  0  0  1  0  0  1  0  1  1  2  2  2  1  2  2  2  2  2  2  2  2  2  2  2  2  2
 25 * Pi                    38   0  3 38   0  1  1  1  1  1  1  1  1  1  1  1  1  1  1  1  1  1  1  1  1  1  1  1  1  1  1  1  1  1  1  1  1  1  0  0  1  1  1  1  1  1
 26 * Foxtrot               32   0  9 32   0  0  0  1  0  0  1  1  1  0  1  1  1  1  1  1  1  0  1  0  1  1  1  0  1  1  1  1  1  1  1  1  1  1  1  1  1  1  1  1  1  1
 27 Peterbot                32  10 19 12   0  0  0  0  0  0  0  0  0  1  0  0  1  0  1  0  0  0  1  0  0  0  1  0  1  1  1  1  2  1  1  1  2  2  2  1  2  2  2  2  2  2
 28 Multi-strategy          30  11 22  8   0  0  0  0  0  0  0  0  0  0  0  0  0  0  0  0  0  0  1  0  0  1  0  0  1  1  1  1  1  2  1  1  2  2  2  2  2  2  2  2  2  2
 29 * Add-drift             29   2 14 25   0  0  0  0  0  1  1  0  0  1  0  0  1  0  1  1  0  0  1  1  0  1  1  1  1  1  0  1  1  1  1  1  1  2  1  1  1  2  1  1  1  1
 30 * Copy-drift            29   2 14 25   0  0  0  0  0  1  0  1  1  1  0  1  1  0  1  1  1  0  1  0  0  1  1  0  1  1  1  0  1  1  0  1  1  1  2  1  1  1  2  1  1  1
 31 Knucklehead             27   8 22 11   0  0  0  0  0  0  0  0  0  0  0  0  0  0  0  0  0  0  1  0  0  0  1  0  1  1  1  1  1  2  1  2  1  2  1  1  1  2  2  2  2  2
 32 * Add-react             25   0 16 25   0  0  0  0  0  1  1  1  0  0  0  0  1  0  1  0  1  0  1  0  0  1  1  0  1  1  1  1  1  1  0  1  1  1  1  1  1  1  1  1  1  1
 33 * Flat                  21   2 22 17   0  0  0  0  0  0  1  0  1  1  0  1  0  0  0  0  0  0  1  0  0  0  0  0  1  1  0  0  1  1  1  1  1  2  1  1  1  2  1  0  1  1
 34 Beat The Last Move      20   5 26 10   0  0  0  0  0  0  0  1  0  1  0  0  1  0  1  0  0  0  1  0  0  0  0  0  1  1  0  0  0  1  0  1  0  1  0  2  0  2  2  2  1  2
 35 * Switch A Lot          20   3 24 14   0  1  0  0  1  0  0  0  0  0  0  0  0  0  0  0  0  0  1  0  0  0  0  0  2  1  0  0  1  0  1  1  1  2  1  1  1  1  1  1  2  1
 36 * Text                  19   2 24 15   0  0  0  0  0  0  0  0  0  1  0  0  1  0  1  0  0  0  1  0  0  0  0  0  2  1  1  0  1  1  1  1  1  0  1  1  1  0  0  2  1  1
 37 Always Switchin'        16   1 26 14   0  0  0  0  0  0  0  0  0  0  0  0  0  0  0  0  0  0  1  0  0  0  0  0  1  1  0  0  1  1  1  1  1  2  1  1  1  1  1  0  1  1
 38 Beat Frequent Pick      15   4 30  7   0  0  0  0  0  0  0  0  0  0  0  0  0  0  0  0  0  0  0  0  0  0  0  0  1  1  0  0  0  1  0  1  0  0  1  2  1  1  2  2  1  2
 39 Good Ole Rock           15   3 29  9   0  0  0  0  0  0  0  0  0  0  0  0  0  0  0  0  0  0  1  0  0  0  0  0  1  1  0  0  1  0  0  1  1  0  1  2  1  0  1  2  1  2
 40 * Anti-Flat             14   4 31  6   0  0  0  0  0  0  0  0  0  0  0  0  0  0  0  0  0  0  2  0  0  0  0  0  1  1  0  0  1  1  0  1  2  0  1  0  2  0  0  1  2  0
 41 Rotate R-P-S            13   0 28 13   0  0  0  0  0  0  0  0  0  0  0  0  0  0  0  0  0  0  1  0  0  0  0  0  1  1  0  0  1  1  0  1  1  1  0  1  1  1  1  0  1  1
 42 R-P-S 20-20-60          13   1 29 11   0  0  0  0  0  0  0  0  0  0  0  0  0  0  0  0  0  0  1  0  0  0  0  0  1  1  0  0  1  1  0  1  1  0  1  1  1  0  0  2  1  1


   Yomi AI is match ranked 10

 Tournament results:
    Player Name          total 
  1 Yomi AI               4477 
 15 * Anti-rotn           5709 
 19 Iocaine Powder       11053 
 20 Phasenbott            9910 
 21 MegaHAL              10025 
 22 RussRocker4           8369 
 23 Biopic                8204 
 24 Simple Modeller       8687 
 25 Simple Predictor      7099 
 26 Robertot              7860 
 27 Boom                  7397 
 28 Shofar                6081 
 29 ACT-R Lag2            6272 
 30 Majikthise            4986 
 31 Vroomfondel           4823 
 32 Granite               6940 
 33 Marble                6730 
 34 ZQ Bot                5978 
 35 Sweet Rocky           6338 
 36 Piedra                6703 
 37 Mixed Strategy        4815 
 41 Bugbrain              5839 

   Yomi is tournament ranked 22

