 Playing 1 tournaments with 1000 trials per match...

 Yomi AI            vs Good Ole Rock       Match:  998 (999+   1-   0=)
 Yomi AI            vs R-P-S 20-20-60      Match:  145 (425+ 280- 295=)
 Yomi AI            vs Rotate R-P-S        Match:  -39 (299+ 338- 363=)
 Yomi AI            vs Beat The Last Move  Match:   -9 (328+ 337- 335=)
 Yomi AI            vs Always Switchin'    Match:   26 (350+ 324- 326=)
 Yomi AI            vs Beat Frequent Pick  Match:   71 (431+ 360- 209=)
 Yomi AI            vs * Pi                Match:   14 (344+ 330- 326=)
 Yomi AI            vs * Switch A Lot      Match:   58 (371+ 313- 316=)
 Yomi AI            vs * Flat              Match:   23 (345+ 322- 333=)
 Yomi AI            vs * Anti-Flat         Match:  752 (808+  56- 136=)
 Yomi AI            vs * Foxtrot           Match:   24 (334+ 310- 356=)
 Yomi AI            vs * De Bruijn         Match:  -30 (306+ 336- 358=)
 Yomi AI            vs * Text              Match:   56 (364+ 308- 328=)
 Yomi AI            vs * Anti-rotn         Match:   -1 (327+ 328- 345=)
 Yomi AI            vs * Copy-drift        Match:    8 (353+ 345- 302=)
 Yomi AI            vs * Add-react         Match:    5 (349+ 344- 307=)
 Yomi AI            vs * Add-drift         Match:   15 (333+ 318- 349=)
 Yomi AI            vs Iocaine Powder      Match:   47 (347+ 300- 353=)
 Yomi AI            vs Phasenbott          Match:    3 (336+ 333- 331=)
 Yomi AI            vs MegaHAL             Match:    8 (330+ 322- 348=)
 Yomi AI            vs RussRocker4         Match:   35 (344+ 309- 347=)
 Yomi AI            vs Biopic              Match:   69 (379+ 310- 311=)
 Yomi AI            vs Simple Modeller     Match:   -1 (342+ 343- 315=)
 Yomi AI            vs Simple Predictor    Match:   56 (364+ 308- 328=)
 Yomi AI            vs Robertot            Match:   33 (349+ 316- 335=)
 Yomi AI            vs Boom                Match:   38 (343+ 305- 352=)
 Yomi AI            vs Shofar              Match:  -51 (298+ 349- 353=)
 Yomi AI            vs ACT-R Lag2          Match:  -36 (312+ 348- 340=)
 Yomi AI            vs Majikthise          Match:  -23 (334+ 357- 309=)
 Yomi AI            vs Vroomfondel         Match:  -31 (321+ 352- 327=)
 Yomi AI            vs Granite             Match:    9 (377+ 368- 255=)
 Yomi AI            vs Marble              Match:  -16 (371+ 387- 242=)
 Yomi AI            vs ZQ Bot              Match:   58 (374+ 316- 310=)
 Yomi AI            vs Sweet Rocky         Match:   20 (344+ 324- 332=)
 Yomi AI            vs Piedra              Match:  -12 (347+ 359- 294=)
 Yomi AI            vs Mixed Strategy      Match:   25 (359+ 334- 307=)
 Yomi AI            vs Multi-strategy      Match:   -8 (341+ 349- 310=)
 Yomi AI            vs Inocencio           Match:   68 (370+ 302- 328=)
 Yomi AI            vs Peterbot            Match:   19 (351+ 332- 317=)
 Yomi AI            vs Bugbrain            Match:   25 (350+ 325- 325=)
 Yomi AI            vs Knucklehead         Match:    2 (333+ 331- 336=)
 Final results (draw value = 50):

 Tournament results: 

    Player Name          total     1    2    3    4    5    6    7    8    9   10   11   12   13   14   15   16   17   18   19   20   21   22   23   24   25   26   27   28   29   30   31   32   33   34   35   36   37   38   39   40   41   42
  1 Iocaine Powder       10754     0   98   53    9   29   59  536  232   10  197  254   86   10   73   80   33  293   43   -2    9   86  142  -47  182    6   11  125  350  248  179  359  555  110   60  784  251  364  921  990  990  992  994
  2 Phasenbott           10548   -98    0   43   24   58   28  549  134   43  235  266   15   49    9   42   76  261   67    5   43   69  231   -3  536   48  -12   76  397  106  108  345  412   81   53  934  274  133  945  988  993  994  991
  3 MegaHAL               9546   -53  -43    0   23   -8   16   91   77  -36  227  214   31   51    4   81   18  251   55    4  -18   56  259   -8  181  -25  -19  183   75   60  105  292  326  142  289  903  464  357  944  992  991 1000  994
  4 Biopic                8857    -9  -24  -23    0    3   69   -5   73   23  110  145   38    9  -37   58   56  113   49    6  -27   17  229  -69  159   22    2   15  412   78  155   58  548  143  206  722  306  387  854  995  994 1000  997
  5 Simple Modeller       8125   -29  -58    8   -3    0    5  -32  218    6   55   73   35   -9   65   58   67  297   43   -9   34   58  173    1   48  -47  -11  257  -22  256   89  103  252  137  260  325  417  429  595  993  992  999  997
  6 Robertot              8025   -59  -28  -16  -69   -5    0  -39   22   34   40   30    7   -8   -8   22  -16   74   70  -22    1  131  259  -33   22  -40    4   40   -3   44   89  127  465  184  136  881  454  403  885  964  993  996  994
  7 RussRocker4           7785  -536 -549  -91    5   32   39    0   60   29  136  134   51  -32   36   39   55  161   58   25   33  139  258  -35  141  -42    7  100  171  144  124  371  465  103  106  898  223  365  586  988  995  998  995
  8 Simple Predictor      7174  -232 -134  -77  -73 -218  -22  -60    0  -69   30    9  -53  -24   28   31   64  205   78   20   10   38  220  -56  119  -79  -14  292  -10  285   86   98  355  149  182  661  396  389  592  985  986  993  994
  9 Boom                  7135   -10  -43   36  -23   -6  -34  -29   69    0  -54   63  -47  -32  -23   -2   49   52   61  -43  -34  114   90  -38  -31   -8   -3   74   23  104    7  113  498  133  121  451  423  383  753  991  990  997 1000
 10 Granite               6834  -197 -235 -227 -110  -55  -40 -136  -30   54    0   -1 -149  -40  -95   11   23   81   59  -53  -27   50  346   -9  643  -63  -43   11   -1   12  193   91  338  181  105  937  232  406  593  992  993  998  996
 11 Marble                6720  -254 -266 -214 -145  -73  -30 -134   -9  -63    1    0 -125  -54 -116   -9   47   24   70   35  -88   23  286   16  654  -77  -33   14   53   53  187   72  309  174  187  954  307  373  591  992  995  998  995
 12 ACT-R Lag2            6700   -86  -15  -31  -38  -35   -7  -51   53   47  149  125    0   19  -10   69   45  119   50    9   41   38  172   36  771  -86   51   39  -27   70   48   82  507   50  128  208  281  279  573   37  994  997  999
 13 Shofar                6130   -10  -49  -51   -9    9    8   32   24   32   40   54  -19    0    1   59   42   33   27   -3   13   -9  118   51   36  -16  -12    2   -3   20   10   23  122  142  222   92  441  313  558  887  948  971  981
 14 Bugbrain              5897   -73   -9   -4   37  -65    8  -36  -28   23   95  116   10   -1    0   34   57  153   48   18  -23   26   87  -25   73  -51  -19   72   18   67    1   93  112   25   82  297  235  210  389  937  942  972  994
 15 Piedra                5722   -80  -42  -81  -58  -58  -22  -39  -31    2  -11    9  -69  -59  -34    0    6  -57   41  -30  -34  -24   92   12  -40    6    8    4   -9   12  163  172  149  153  120  298  269  416  588  993  995  996  996
 16 Sweet Rocky           5532   -33  -76  -18  -56  -67   16  -55  -64  -49  -23  -47  -45  -42  -57   -6    0  -34   30  -55  -43  -10   54  -20    8   -3   14   45   -7    5  114  147   70  172  190  426   86  391  588  995  994  997 1000
 17 ZQ Bot                5492  -293 -261 -251 -113 -297  -74 -161 -205  -52  -81  -24 -119  -33 -153   57   34    0   52  -77    5  -56  220  -58  113   -8   24  108   38   46  137  343  277  142  154  915  181  392  590  995  991  995  999
 18 * Anti-rotn           5226   -43  -67  -55  -49  -43  -70  -58  -78  -61  -59  -70  -50  -27  -48  -41  -30  -52    0    8   30   -4  250    1  627  -64  -36    7  -35  -10  210  -10   61   60  353   29  511  170  499  499  998  998  975
 19 Vroomfondel           4860     2   -5   -4   -6    9   22  -25  -20   43   53  -35   -9    3  -18   30   55   77   -8    0    1   78  172   31  101  -40   32   -2   55   -5   53   14  194    8  120  -21  284  167  468   11  990  997  988
 20 Majikthise            4826    -9  -43   18   27  -34   -1  -33  -10   34   27   88  -41  -13   23   34   43   -5  -30   -1    0   13  184   23   52  -10   46  -22   49  -14   90    0  223   27  168   28  229  204  464   18  992  996  992
 21 Mixed Strategy        4538   -86  -69  -56  -17  -58 -131 -139  -38 -114  -50  -23  -38    9  -26   24   10   56    4  -78  -13    0   79  -25  -32  -88   20    9   34   -2   -3   56  208  182   75   62   14  369  523  979  974  997  940
 22 Multi-strategy        3058  -142 -231 -259 -229 -173 -259 -258 -220  -90 -346 -286 -172 -118  -87  -92  -54 -220 -250 -172 -184  -79    0    8  -71  -50  -20  -47  -38  292  119   18   20  123  283  500  460  393  999  997  997  999  997
 23 Yomi AI               2453    47    3    8   69   -1   33   35   56   38    9  -16  -36  -51   25  -12   20   58   -1  -31  -23   25   -8    0   68  -30   14   15   24    8   23    5    2   56   58   19   26  145   71   -9  -39  998  752
 24 Inocencio             1773  -182 -536 -181 -159  -48  -22 -141 -119   31 -643 -654 -771  -36  -73   40   -8 -113 -627 -101  -52   32   71  -68    0  -29    2   47  346  166  153   72  220  158   71   87  234  364  353  938  982  981  988
 25 * De Bruijn            910    -6  -48   25  -22   47   40   42   79    8   63   77   86   16   51   -6    3    8   64   40   10   88   50   30   29    0   -1  -40   -6   42   29  -10    6   23   54  -12    7    2  128   -1   21    0 -106
 26 * Pi                   -44   -11   12   19   -2   11   -4   -7   14    3   43   33  -51   12   19   -8  -14  -24   36  -32  -46  -20   20  -14   -2    1    0   25   -9  -18    6  -12   32  -81  -20   21   16   -8   30   22  -11  -11  -14
 27 * Add-drift          -1405  -125  -76 -183  -15 -257  -40 -100 -292  -74  -11  -14  -39   -2  -72   -4  -45 -108   -7    2   22   -9   47  -15  -47   40  -25    0   -1   -4    0  -20   22   12    5    7   -3  -17   14  -18   35   -7   19
 28 * Foxtrot            -2076  -350 -397  -75 -412   22    3 -171   10  -23    1  -53   27    3  -18    9    7  -38   35  -55  -49  -34   38  -24 -346    6    9    1    0   12  -18  -16   -1   -5    1  -38  -34  -19  -23   -4  -11  -18  -28
 29 * Copy-drift         -2095  -248 -106  -60  -78 -256  -44 -144 -285 -104  -12  -53  -70  -20  -67  -12   -5  -46   10    5   14    2 -292   -8 -166  -42   18    4  -12    0   16   15  -19  -12   -9 -104    3    0  -19   14   62  -26   61
 30 * Flat               -2709  -179 -108 -105 -155  -89  -89 -124  -86   -7 -193 -187  -48  -10   -1 -163 -114 -137 -210  -53  -90    3 -119  -23 -153  -29   -6    0   18  -16    0    7  -22  -16  -16 -175   21  -40  221  217  -25   -1 -407
 31 * Add-react          -3054  -359 -345 -292  -58 -103 -127 -371  -98 -113  -91  -72  -82  -23  -93 -172 -147 -343   10  -14    0  -56  -18   -5  -72   10   12   20   16  -15   -7    0  -84   45   10  -22    6  -14   -1  -15   53  -21   -3
 32 Knucklehead          -3054  -555 -412 -326 -548 -252 -465 -465 -355 -498 -338 -309 -507 -122 -112 -149  -70 -277  -61 -194 -223 -208  -20   -2 -220   -6  -32  -22    1   19   22   84    0   23  -14   12   -6    8   62  801  703  981  998
 33 * Text               -3101  -110  -81 -142 -143 -137 -184 -103 -149 -133 -181 -174  -50 -142  -25 -153 -172 -142  -60   -8  -27 -182 -123  -56 -158  -23   81  -12    5   12   16  -45  -23    0   19   20    4   23 -185  -74  -11 -185  112
 34 * Switch A Lot       -3644   -60  -53 -289 -206 -260 -136 -106 -182 -121 -105 -187 -128 -222  -82 -120 -190 -154 -353 -120 -168  -75 -283  -58  -71  -54   20   -5   -1    9   16  -10   14  -19    0 -137   47  -14   14  323  -89  -23   -6
 35 Peterbot             -5944  -784 -934 -903 -722 -325 -881 -898 -661 -451 -937 -954 -208  -92 -297 -298 -426 -915  -29   21  -28  -62 -500  -19  -87   12  -21   -7   38  104  175   22  -12  -20  137    0  216  407  439  981  999  998  978
 36 Always Switchin'     -6749  -251 -274 -464 -306 -417 -454 -223 -396 -423 -232 -307 -281 -441 -235 -269  -86 -181 -511 -284 -229  -14 -460  -26 -234   -7  -16    3   34   -3  -21   -6    6   -4  -47 -216    0   -9   21  485   32   -2   -1
 37 R-P-S 20-20-60       -9112  -364 -133 -357 -387 -429 -403 -365 -389 -383 -406 -373 -279 -313 -210 -416 -391 -392 -170 -167 -204 -369 -393 -145 -364   -2    8   17   19    0   40   14   -8  -23   14 -407    9    0 -370 -170    0 -483   32
 38 Beat Frequent Pick  -13858  -921 -945 -944 -854 -595 -885 -586 -592 -753 -593 -591 -573 -558 -389 -588 -588 -590 -499 -468 -464 -523 -999  -71 -353 -128  -30  -14   23   19 -221    1  -62  185  -14 -439  -21  370    0 -600    0  999  996
 39 Beat The Last Move  -19107  -990 -988 -992 -995 -993 -964 -988 -985 -991 -992 -992  -37 -887 -937 -993 -995 -995 -499  -11  -18 -979 -997    9 -938    1  -22   18    4  -14 -217   15 -801   74 -323 -981 -485  170  600    0    1 1000 1000
 40 Rotate R-P-S        -25106  -990 -993 -991 -994 -992 -993 -995 -986 -990 -993 -995 -994 -948 -942 -995 -994 -991 -998 -990 -992 -974 -997   39 -982  -21   11  -35   11  -62   25  -53 -703   11   89 -999  -32    0    0   -1    0    0 -677
 41 Good Ole Rock       -26060  -992 -994 -1000 -1000 -999 -996 -998 -993 -997 -998 -998 -997 -971 -972 -996 -997 -995 -998 -997 -996 -997 -999 -998 -981    0   11    7   18   26    1   21 -981  185   23 -998    2  483 -999 -1000    0    0 1000
 42 * Anti-Flat         -27502  -994 -991 -994 -997 -997 -994 -995 -994 -1000 -996 -995 -999 -981 -994 -996 -1000 -999 -975 -988 -992 -940 -997 -752 -988  106   14  -19   28  -61  407    3 -998 -112    6 -978    1  -32 -996 -1000  677 -1000    0

 Match results (draw <= 50): 

    Player Name           total  W  L  D   1  2  3  4  5  6  7  8  9 10 11 12 13 14 15 16 17 18 19 20 21 22 23 24 25 26 27 28 29 30 31 32 33 34 35 36 37 38 39 40 41 42
  1 Iocaine Powder          71  30  0 11   1  2  2  2  1  1  1  2  1  2  2  1  1  2  1  1  2  1  2  2  2  2  1  2  1  2  2  2  2  2  2  2  2  2  2  2  2  2  2  2  2  2
  2 Phasenbott              67  27  1 13   0  1  1  2  1  2  1  1  1  1  1  1  1  2  1  1  2  2  1  2  2  2  2  2  1  2  2  2  2  2  2  2  2  2  2  2  2  2  2  2  2  2
  3 MegaHAL                 67  27  1 13   0  1  1  2  1  1  1  1  1  1  1  2  1  2  1  1  2  1  2  2  2  2  2  2  1  2  2  2  2  2  2  2  2  2  2  2  2  2  2  2  2  2
  4 RussRocker4             64  26  3 12   0  0  0  1  1  1  1  2  1  1  1  1  1  2  1  1  2  2  1  2  2  2  2  2  1  2  2  2  2  2  2  2  2  2  2  2  2  2  2  2  2  2
  5 Biopic                  64  24  1 16   1  1  1  1  1  1  1  1  1  1  2  1  1  2  0  1  2  2  2  2  1  2  1  2  1  2  1  2  2  2  2  2  2  2  2  2  2  2  2  2  2  2
  6 Simple Modeller         64  24  1 16   1  0  1  1  1  1  1  1  1  2  1  1  1  2  1  1  2  2  2  2  2  2  1  1  1  1  2  2  2  2  2  2  2  2  2  2  2  2  2  2  2  2
  7 Boom                    60  20  1 20   1  1  1  1  1  1  1  1  1  1  1  1  1  2  1  1  0  1  1  2  2  2  2  1  1  1  2  2  2  2  2  2  1  2  2  2  2  2  2  2  2  2
  8 ACT-R Lag2              57  19  3 19   0  1  1  0  1  1  1  1  1  1  1  1  1  2  1  0  2  1  2  2  1  2  1  2  2  1  1  2  2  2  2  2  1  1  1  2  2  2  2  2  2  2
  9 Vroomfondel             57  16  0 25   1  1  1  1  1  1  1  1  1  1  1  1  1  1  1  1  2  2  1  1  2  2  1  2  1  2  1  2  1  1  2  1  2  1  1  2  2  2  2  2  2  2
 10 Bugbrain                57  19  3 19   0  1  1  1  1  0  1  1  1  1  1  1  1  1  1  0  2  2  1  2  1  2  1  2  1  1  2  2  2  2  2  2  1  2  1  2  2  2  2  2  2  2
 11 Robertot                56  17  2 22   0  1  1  1  0  1  1  1  1  1  1  1  1  1  1  1  1  1  1  1  2  2  2  1  1  1  1  2  2  1  2  2  2  2  2  2  2  2  2  2  2  2
 12 Shofar                  55  15  1 25   1  1  0  1  1  1  1  1  1  1  1  1  1  1  2  1  1  1  2  2  1  1  1  1  1  1  1  2  2  1  2  1  1  2  2  2  2  2  2  2  2  2
 13 Majikthise              53  12  0 29   1  1  1  1  1  1  1  1  1  1  1  1  1  1  1  1  1  1  1  2  1  1  1  2  1  1  1  2  1  1  2  1  2  1  1  2  2  2  2  2  2  2
 14 Simple Predictor        51  20 10 11   0  0  0  0  0  0  0  0  1  1  1  1  1  1  0  0  1  2  1  1  1  2  2  2  1  1  2  2  2  2  2  2  2  2  2  2  2  2  2  2  2  2
 15 Yomi AI                 50  10  1 30   1  1  1  1  2  1  1  1  1  1  1  0  1  2  1  1  1  1  1  1  1  2  1  2  1  1  1  1  1  1  1  1  1  1  2  1  2  2  2  1  2  2
 16 * De Bruijn             49   9  1 31   1  1  1  1  1  1  1  2  1  2  1  1  1  2  1  1  2  1  1  2  2  1  2  1  1  1  1  1  1  1  1  1  1  1  1  1  2  1  2  1  0  1
 17 Granite                 49  18 10 13   0  0  0  0  0  0  2  0  0  0  1  1  1  1  1  0  1  1  1  1  1  2  2  2  1  1  1  2  2  1  2  2  2  2  2  2  2  2  2  2  2  2
 18 Sweet Rocky             48  14  7 20   1  0  1  0  0  0  1  1  0  0  1  1  1  0  1  1  1  1  1  1  1  1  1  1  1  1  1  2  2  1  2  2  2  2  2  2  2  2  2  2  2  2
 19 Piedra                  48  14  7 20   0  1  0  1  0  0  1  0  1  1  1  0  1  1  1  1  1  1  1  1  1  0  1  1  1  1  1  2  2  1  2  2  2  2  2  2  2  2  2  2  2  2
 20 Marble                  47  18 12 11   0  0  0  0  0  0  0  0  1  0  1  0  0  1  1  0  1  1  1  1  1  1  2  2  1  2  1  2  2  2  2  2  2  2  2  2  2  2  2  2  2  2
 21 Mixed Strategy          45  13  9 19   0  0  0  0  1  0  0  1  0  1  0  1  1  1  1  0  1  1  1  1  1  2  1  1  1  1  1  2  2  1  2  2  1  2  2  1  2  2  2  2  2  2
 22 ZQ Bot                  44  18 15  8   0  0  0  0  0  0  0  0  0  0  0  1  1  0  0  1  0  1  2  1  0  1  2  2  1  1  2  2  2  1  2  2  2  2  2  2  2  2  2  2  2  2
 23 * Anti-rotn             44  13 10 18   1  0  0  0  1  1  0  1  1  1  0  1  1  0  1  0  0  1  1  0  1  0  1  2  1  1  1  2  1  1  2  1  2  2  2  2  2  2  2  2  2  2
 24 Inocencio               42  16 15 10   0  0  0  0  0  1  1  0  0  0  1  1  0  0  0  1  0  1  1  0  1  0  0  1  1  2  1  2  2  2  2  2  2  2  2  2  2  2  2  2  2  2
 25 * Pi                    39   0  2 39   1  1  1  1  1  1  1  0  1  1  1  1  1  1  1  1  1  1  1  1  1  1  1  1  1  1  1  1  1  1  1  1  1  1  0  1  1  1  1  1  1  1
 26 * Foxtrot               33   0  8 33   0  0  0  0  0  1  1  1  0  1  1  1  1  1  1  1  1  1  1  0  1  1  1  0  1  1  1  1  1  1  1  1  1  1  1  1  1  1  1  1  1  1
 27 * Add-drift             32   0  9 32   0  0  0  0  1  0  0  1  1  0  1  1  1  0  1  1  1  1  1  1  1  0  1  1  1  1  1  1  1  1  1  1  1  1  1  1  1  1  1  1  1  1
 28 Multi-strategy          31  12 22  7   0  0  0  0  0  0  0  0  0  0  0  0  0  0  1  1  0  0  0  0  0  0  0  0  1  1  1  1  2  2  1  1  2  2  2  2  2  2  2  2  2  2
 29 Peterbot                31  10 20 11   0  0  0  0  0  0  0  0  1  0  0  0  1  0  1  1  0  0  0  0  0  0  1  0  1  1  1  0  1  2  1  1  2  2  1  2  2  2  2  2  2  2
 30 * Copy-drift            29   2 14 25   0  0  0  0  0  0  0  0  1  0  1  1  1  0  1  1  1  1  1  0  1  1  1  0  1  1  1  0  0  1  1  1  1  1  1  1  1  1  1  2  2  1
 31 Knucklehead             25   6 22 13   0  0  0  0  0  0  0  0  0  0  0  0  0  0  1  1  0  0  0  0  0  0  0  0  1  1  1  1  1  1  1  2  1  2  1  1  2  2  1  2  2  1
 32 * Add-react             23   1 19 21   0  0  0  0  0  0  0  0  1  0  0  1  1  0  1  1  0  0  0  0  0  0  1  0  1  1  1  1  1  1  0  1  1  1  1  1  1  1  1  2  1  1
 33 * Flat                  23   2 20 19   0  0  0  0  0  0  1  1  0  1  0  1  0  0  1  1  0  0  0  0  1  0  0  0  1  1  1  0  0  1  1  1  1  2  1  1  2  1  1  1  0  1
 34 Beat The Last Move      21   5 25 11   0  0  0  0  0  0  0  1  1  0  0  0  1  0  1  1  0  0  0  0  0  0  0  0  1  1  1  0  0  1  0  1  0  1  2  0  2  2  0  1  2  2
 35 * Text                  20   2 23 16   0  0  0  0  0  0  0  1  1  1  0  0  1  0  0  1  0  0  0  0  0  0  0  0  2  1  1  0  1  1  1  1  1  0  1  1  0  0  1  1  2  1
 36 Always Switchin'        19   1 23 17   0  0  0  0  0  0  0  0  0  0  0  0  0  0  1  1  0  0  0  0  1  0  0  0  1  1  1  0  0  1  1  1  1  2  1  1  1  1  1  1  1  1
 37 Beat Frequent Pick      16   4 29  8   0  0  0  0  0  0  0  0  0  0  0  0  0  0  0  0  0  0  0  0  0  0  0  0  1  1  1  0  0  1  0  1  0  0  2  1  1  2  1  1  2  2
 38 Good Ole Rock           16   3 28 10   0  0  0  0  0  0  0  0  0  0  0  0  0  0  0  1  0  0  0  0  0  0  0  0  1  1  1  0  0  1  0  1  1  0  2  1  0  1  1  1  2  2
 39 * Switch A Lot          15   1 27 13   0  0  0  0  0  0  0  0  0  0  0  0  0  0  0  0  0  0  0  0  0  0  0  0  1  1  1  0  0  1  1  1  1  2  1  1  1  1  1  0  1  1
 40 Rotate R-P-S            14   1 28 12   0  0  0  0  0  0  0  0  0  0  0  0  0  0  1  1  0  0  0  0  0  0  0  0  1  1  1  0  0  0  0  0  1  1  1  1  1  1  2  1  0  1
 41 * Anti-Flat             13   3 31  7   0  0  0  0  0  0  0  0  0  0  0  0  0  0  0  2  0  0  0  0  0  0  0  0  1  1  1  0  0  0  0  1  2  0  0  1  0  0  1  2  1  1
 42 R-P-S 20-20-60          13   0 28 13   0  0  0  0  0  0  0  0  0  0  0  0  0  0  0  1  0  0  0  0  0  0  0  0  1  1  1  0  0  1  1  1  1  0  1  1  0  0  1  1  1  1


   Yomi AI is match ranked 15

 Tournament results:
    Player Name          total 
  1 Yomi AI               2453 
 15 * Anti-rotn           5226 
 19 Iocaine Powder       10754 
 20 Phasenbott           10548 
 21 MegaHAL               9546 
 22 RussRocker4           7785 
 23 Biopic                8857 
 24 Simple Modeller       8125 
 25 Simple Predictor      7174 
 26 Robertot              8025 
 27 Boom                  7135 
 28 Shofar                6130 
 29 ACT-R Lag2            6700 
 30 Majikthise            4826 
 31 Vroomfondel           4860 
 32 Granite               6834 
 33 Marble                6720 
 34 ZQ Bot                5492 
 35 Sweet Rocky           5532 
 36 Piedra                5722 
 37 Mixed Strategy        4538 
 38 Multi-strategy        3058 
 41 Bugbrain              5897 

   Yomi is tournament ranked 23

