 Playing 1 tournaments with 1000 trials per match...

 Yomi AI            vs Good Ole Rock       Match:  998 (999+   1-   0=)
 Yomi AI            vs R-P-S 20-20-60      Match:  124 (425+ 301- 274=)
 Yomi AI            vs Rotate R-P-S        Match:  -88 (305+ 393- 302=)
 Yomi AI            vs Beat The Last Move  Match:  -29 (322+ 351- 327=)
 Yomi AI            vs Always Switchin'    Match:  -47 (316+ 363- 321=)
 Yomi AI            vs Beat Frequent Pick  Match:   39 (418+ 379- 203=)
 Yomi AI            vs * Pi                Match:  -19 (333+ 352- 315=)
 Yomi AI            vs * Switch A Lot      Match:   -3 (327+ 330- 343=)
 Yomi AI            vs * Flat              Match:  -30 (333+ 363- 304=)
 Yomi AI            vs * Anti-Flat         Match:  913 (936+  23-  41=)
 Yomi AI            vs * Foxtrot           Match:  -32 (310+ 342- 348=)
 Yomi AI            vs * De Bruijn         Match:   13 (344+ 331- 325=)
 Yomi AI            vs * Text              Match:   39 (346+ 307- 347=)
 Yomi AI            vs * Anti-rotn         Match:  -58 (314+ 372- 314=)
 Yomi AI            vs * Copy-drift        Match:  -48 (309+ 357- 334=)
 Yomi AI            vs * Add-react         Match:  -22 (321+ 343- 336=)
 Yomi AI            vs * Add-drift         Match:   -4 (325+ 329- 346=)
 Yomi AI            vs Iocaine Powder      Match:   36 (341+ 305- 354=)
 Yomi AI            vs Phasenbott          Match:    6 (339+ 333- 328=)
 Yomi AI            vs MegaHAL             Match:   -2 (324+ 326- 350=)
 Yomi AI            vs RussRocker4         Match:   20 (337+ 317- 346=)
 Yomi AI            vs Biopic              Match:  -40 (343+ 383- 274=)
 Yomi AI            vs Simple Modeller     Match:   25 (350+ 325- 325=)
 Yomi AI            vs Simple Predictor    Match:   -3 (351+ 354- 295=)
 Yomi AI            vs Robertot            Match:  -10 (326+ 336- 338=)
 Yomi AI            vs Boom                Match:  -10 (334+ 344- 322=)
 Yomi AI            vs Shofar              Match:   13 (341+ 328- 331=)
 Yomi AI            vs ACT-R Lag2          Match:  -45 (336+ 381- 283=)
 Yomi AI            vs Majikthise          Match:   41 (353+ 312- 335=)
 Yomi AI            vs Vroomfondel         Match:  -33 (332+ 365- 303=)
 Yomi AI            vs Granite             Match:   -6 (405+ 411- 184=)
 Yomi AI            vs Marble              Match:  -16 (354+ 370- 276=)
 Yomi AI            vs ZQ Bot              Match:  -56 (323+ 379- 298=)
 Yomi AI            vs Sweet Rocky         Match:  -38 (340+ 378- 282=)
 Yomi AI            vs Piedra              Match:   36 (352+ 316- 332=)
 Yomi AI            vs Mixed Strategy      Match:   39 (355+ 316- 329=)
 Yomi AI            vs Multi-strategy      Match:   53 (357+ 304- 339=)
 Yomi AI            vs Inocencio           Match:   -2 (342+ 344- 314=)
 Yomi AI            vs Peterbot            Match:   14 (346+ 332- 322=)
 Yomi AI            vs Bugbrain            Match:  -62 (307+ 369- 324=)
 Yomi AI            vs Knucklehead         Match:   22 (354+ 332- 314=)
 Final results (draw value = 50):

 Tournament results: 

    Player Name          total     1    2    3    4    5    6    7    8    9   10   11   12   13   14   15   16   17   18   19   20   21   22   23   24   25   26   27   28   29   30   31   32   33   34   35   36   37   38   39   40   41   42
  1 Iocaine Powder       11453     0   37  127   53   50  526  141  -25  -17  218  254   48   89  -10   58   83  298   49   44   14   28  276  -36   20   27   86  366  117  372  180  875   86  585   93  216  914  355  907  988  980  993  988
  2 Phasenbott           10141   -37    0   88   55   19  537  146   46   36  242  216   64   68   18   19  -14  289   27   83  -19   58  186   -6   42  -35  118  395   64  305   76  199   65  453   68  244  998  108  955  989  987  996  993
  3 MegaHAL               9534  -127  -88    0  -13   15  117   89   92   37  215  202   68  -16   16   32   76  235   15   47  -34  -11  259    2  -10  -39  171    0   84  297  113  242  142  367  282  416  892  411  955  990  994  999 1000
  4 Simple Modeller       8906   -53  -55   13    0   15   -8  307  -49   25   67   53   45   29    0   55  133  295   19   40    8   42  167  -25   13  -47  225    7  262  106  168  794  139  199  229  430  284  398  595  992  992 1000  997
  5 Biopic                8557   -50  -19  -15  -15    0   -4   67   69  -15  139   82   22   28  -46   36   28   63  -11   47  -24  -52  228   40   -5  -13  -45  403   44   50  187  120  118  512  225  342  999  410  624  995  999  995  999
  6 RussRocker4           8415  -526 -537 -117    8    4    0  124    9    7  155  129   10    0   -6   20   31  162   22   40  -16   11  267  -20   -6   23  114  179  119  370  101  713   87  459  106  280  934  292  883  994  995  998  997
  7 Simple Predictor      7995  -141 -146  -89 -307  -67 -124    0  -13    1   21   38   46  -89  -23   30   57  192   46   45  -16   19  191    3  -79  -14  321  -25  252  151   91  745  154  266  216  391  931  371  592  985  986  993  994
  8 Robertot              7980    25  -46  -92   49  -69   -9   13    0   12    5   66   46   26   -8   59   16   51  -36   31    6   17  204   10  -63   -8    5   46  140   90   71    5  167  410  117  424 1000  374  849  987  994  996 1000
  9 Boom                  7245    17  -36  -37  -25   15   -7   -1  -12    0   51   59  -27  -37  -24   52   44   47    0   42  -27   31  252   10    7  -36   20  -34   47   94   72   31  134  484  130  402  451  332  753  991  990  996  994
 10 Granite               6718  -218 -242 -215  -67 -139 -155  -21   -5  -51    0  -19   59 -117  -51   88   -9    3  -90   58  -64   -2  244    6  -71    2   23   95   61  121  159  597  183  295  182  184  935  394  594  994  992  999  986
 11 Marble                6550  -254 -216 -202  -53  -82 -129  -38  -66  -59   19    0   72 -111  -44    1  -26   -8 -114   60  -33  -35  234   16   26  -20   14   14   75   89  177  650  177  269   77  245  834  415  594  994  994  999  995
 12 Piedra                6439   -48  -64  -68  -45  -22  -10  -46  -46   27  -59  -72    0  -23  -14  -46  -33  -38  -34   59  -36  -64  120  -36  -33   22  -21  -11   14  146  115  797  149  171  261  209  280  365  587  992  999  995 1000
 13 ACT-R Lag2            6355   -89  -68   16  -29  -28    0   89  -26   37  117  111   23    0  -16   28   14   73   48    0  -31  -35  276   45  -69    0   42  -29  -14   12   82  773   92  513  122  230   76  331  577   71  994  998  999
 14 Shofar                6336    10  -18  -16    0   46    6   23    8   24   51   44   14   16    0   62   28   11   18   49   23   13  171  -13    2   -5  -14   -9   50   87  -18   88  145  117  201  427   65  260  556  900  949  981  984
 15 Sweet Rocky           6311   -58  -19  -32  -55  -36  -20  -30  -59  -52  -88   -1   46  -28  -62    0    1  -77  -21   40  -39  -45   29   38  -19   11   54  -14   51  106  111  406  160  280  146  345  307  371  590  998  989  997  990
 16 Mixed Strategy        6198   -83   14  -76 -133  -28  -31  -57  -16  -44    9   26   33  -14  -28   -1    0   19  -23  -33  -30   28   57  -39  -53  -79   15  -17   18    7  117  768  177  151  150  170  346  400  538  962  988  990 1000
 17 ZQ Bot                6180  -298 -289 -235 -295  -63 -162 -192  -51  -47   -3    8   38  -73  -11   77  -19    0 -177   57  -59  -83  217   56  -33  -38   61   54   82  257  131  792  157  214  127  153  881  373  594  997  989  997  996
 18 Bugbrain              5897   -49  -27  -15  -19   11  -22  -46   36    0   90  114   34  -48  -18   21   23  177    0   38  -16  -29  106   62  -35   13   80  -24   17   99   58   72   65  173   88  244  166  216  400  958  946  979  959
 19 * Anti-rotn           5642   -44  -83  -47  -40  -47  -40  -45  -31  -42  -58  -60  -59    0  -49  -40   33  -57  -38    0   25   -6  262   58  -71  -71  -34  -56   28  -26  241  383   52   79  333  465  499  154  598  492  999 1000  985
 20 Vroomfondel           4926   -14   19   34   -8   24   16   16   -6   27   64   33   36   31  -23   39   30   59   16  -25    0  -36  155   33   24   -2    0   64   16  -58   88  106   13  240  106  267   24  140  437  -43  993  997  994
 21 Majikthise            4585   -28  -58   11  -42   52  -11  -19  -17  -31    2   35   64   35  -13   45  -28   83   29    6   36    0  121  -41  -24   21   -4   42   11   -9   64   66   35  219   94  210   45  163  455   -5  992  992  987
 22 Multi-strategy        2782  -276 -186 -259 -167 -228 -267 -191 -204 -252 -244 -234 -120 -276 -171  -29  -57 -217 -106 -262 -155 -121    0  -53  -50  -20   -9   15  253  -41   41 -171  123   37  292  522  500  374  999  997  997  999  999
 23 Yomi AI               1728    36    6   -2   25  -40   20   -3  -10  -10   -6  -16   36  -45   13  -38   39  -56  -62  -58  -33   41   53    0   13  -19   -4  -32  -48  -22  -30   -2   39   22   -3  -47   14  124   39  -29  -88  998  913
 24 * De Bruijn            582   -20  -42   10  -13    5    6   79   63   -7   71  -26   33   69   -2   19   53   33   35   71  -24   24   50  -13    0   -1   43  -58   10  -18    9   13   23    9   -2   52   -6    2  128   -1   21    0 -116
 25 * Pi                   289   -27   35   39   47   13  -23   14    8   36   -2   20  -22    0    5  -11   79   38  -13   71    2  -21   20   19    1    0   -5   12  -24  -18   11   15  -81   13  -20   -9   25   26   30   22  -11  -11  -14
 26 * Add-drift          -1256   -86 -118 -171 -225   45 -114 -321   -5  -20  -23  -14   21  -42   14  -54  -15  -61  -80   34    0    4    9    4  -43    5    0  -27  -25   53   -1   -1   -1  -13   24  -14    7  -28  -33   23   29   -2    9
 27 * Foxtrot            -1650  -366 -395    0   -7 -403 -179   25  -46   34  -95  -14   11   29    9   14   17  -54   24   56  -64  -42  -15   32   58  -12   27    0  -30    1  -23 -310    3    1   74    0   -8   26  -53    7    6   25  -13
 28 * Copy-drift         -1707  -117  -64  -84 -262  -44 -119 -252 -140  -47  -61  -75  -14   14  -50  -51  -18  -82  -17  -28  -16  -11 -253   48  -10   24   25   30    0   -2    8  -40   41   43    1   37  -62  -25  -44   -9  -18   27   10
 29 * Add-react          -2650  -372 -305 -297 -106  -50 -370 -151  -90  -94 -121  -89 -146  -12  -87 -106   -7 -257  -99   26   58    9   41   22   18   18  -53   -1    2    0   32 -101   65  -68    3  -22  -61   26   -2   47   46    2    2
 30 * Flat               -2683  -180  -76 -113 -168 -187 -101  -91  -71  -72 -159 -177 -115  -82   18 -111 -117 -131  -58 -241  -88  -64  -41   30   -9  -11    1   23   -8  -32    0 -109   19   10  -32  -15 -159   14  244  191  -16    0 -399
 31 Inocencio            -3273  -875 -199 -242 -794 -120 -713 -745   -5  -31 -597 -650 -797 -773  -88 -406 -768 -792  -72 -383 -106  -66  171    2  -13  -15    1  310   40  101  109    0  157  199   94  206  113  378  354  808  980  980  974
 32 * Text               -3320   -86  -65 -142 -139 -118  -87 -154 -167 -134 -183 -177 -149  -92 -145 -160 -177 -157  -65  -52  -13  -35 -123  -39  -23   81    1   -3  -41  -65  -19 -157    0  -99  -16  -10   28    5 -185  -74  -11 -185  112
 33 Knucklehead          -3353  -585 -453 -367 -199 -512 -459 -266 -410 -484 -295 -269 -171 -513 -117 -280 -151 -214 -173  -79 -240 -219  -37  -22   -9  -13   13   -1  -43   68  -10 -199   99    0   19   12  -27   39  171  929  135  990  989
 34 * Switch A Lot       -3485   -93  -68 -282 -229 -225 -106 -216 -117 -130 -182  -77 -261 -122 -201 -146 -150 -127  -88 -333 -106  -94 -292    3    2   20  -24  -74   -1   -3   32  -94   16  -19    0   -6  -95    2    3  347    4   10   37
 35 Always Switchin'     -6832  -216 -244 -416 -430 -342 -280 -391 -424 -402 -184 -245 -209 -230 -427 -345 -170 -153 -244 -465 -267 -210 -522   47  -52    9   14    0  -37   22   15 -206   10  -12    6    0 -253   -7   29  491  -14   -5  -73
 36 Peterbot             -7029  -914 -998 -892 -284 -999 -934 -931 -1000 -451 -935 -834 -280  -76  -65 -307 -346 -881 -166 -499  -24  -45 -500  -14    6  -25   -7    8   62   61  159 -113  -28   27   95  253    0  431  445  982  999  998  993
 37 R-P-S 20-20-60       -8725  -355 -108 -411 -398 -410 -292 -371 -374 -332 -394 -415 -365 -331 -260 -371 -400 -373 -216 -154 -140 -163 -374 -124   -2  -26   28  -26   25  -26  -14 -378   -5  -39   -2    7 -431    0 -391 -181   -3 -402  272
 38 Beat Frequent Pick  -13972  -907 -955 -955 -595 -624 -883 -592 -849 -753 -594 -594 -587 -577 -556 -590 -538 -594 -400 -598 -437 -455 -999  -39 -128  -30   33   53   44    2 -244 -354  185 -171   -3  -29 -445  391    0 -600    0  999  996
 39 Beat The Last Move  -19174  -988 -989 -990 -992 -995 -994 -985 -987 -991 -994 -994 -992  -71 -900 -998 -962 -997 -958 -492   43    5 -997   29    1  -22  -23   -7    9  -47 -191 -808   74 -929 -347 -491 -982  181  600    0    1 1000  996
 40 Rotate R-P-S        -24452  -980 -987 -994 -992 -999 -995 -986 -994 -990 -992 -994 -999 -994 -949 -989 -988 -989 -946 -999 -993 -992 -997   88  -21   11  -29   -6   18  -46   16 -980   11 -135   -4   14 -999    3    0   -1    0    0 -654
 41 Good Ole Rock       -26315  -993 -996 -999 -1000 -995 -998 -993 -996 -996 -999 -999 -995 -998 -981 -997 -990 -997 -979 -1000 -997 -992 -999 -998    0   11    2  -25  -27   -2    0 -980  185 -990  -10    5 -998  402 -999 -1000    0    0  998
 42 * Anti-Flat         -27868  -988 -993 -1000 -997 -999 -997 -994 -1000 -994 -986 -995 -1000 -999 -984 -990 -1000 -996 -959 -985 -994 -987 -999 -913  116   14   -9   13  -10   -2  399 -974 -112 -989  -37   73 -993 -272 -996 -996  654 -998    0

 Match results (draw <= 50): 

    Player Name           total  W  L  D   1  2  3  4  5  6  7  8  9 10 11 12 13 14 15 16 17 18 19 20 21 22 23 24 25 26 27 28 29 30 31 32 33 34 35 36 37 38 39 40 41 42
  1 Phasenbott              70  29  0 12   1  1  2  2  1  2  1  1  1  1  2  2  1  2  2  2  1  2  2  1  2  1  1  1  2  2  2  2  2  2  2  2  2  2  2  2  2  2  2  2  2  2
  2 Iocaine Powder          69  28  0 13   1  1  2  2  1  2  1  1  1  1  2  1  1  2  1  2  2  2  2  2  1  1  1  1  2  2  2  2  2  2  2  2  2  2  2  2  2  2  2  2  2  2
  3 MegaHAL                 64  25  2 14   0  0  1  1  1  2  1  1  1  2  1  1  1  2  2  2  1  2  2  2  1  1  1  1  2  1  2  2  2  2  2  2  2  2  2  2  2  2  2  2  2  2
  4 Simple Modeller         62  23  2 16   0  0  1  1  1  1  1  1  1  1  1  1  1  2  1  2  2  2  2  2  1  1  1  1  2  1  2  2  2  2  2  2  2  2  2  2  2  2  2  2  2  2
  5 Bugbrain                61  20  0 21   1  1  1  1  1  1  1  1  1  1  1  1  1  1  1  2  1  2  2  1  1  1  1  2  2  1  2  2  2  1  2  2  2  2  2  2  2  2  2  2  2  2
  6 RussRocker4             60  22  3 16   0  0  0  1  1  1  1  1  1  1  1  1  1  2  1  2  1  2  2  1  1  1  1  1  2  2  2  2  2  2  2  2  2  2  2  2  2  2  2  2  2  2
  7 Biopic                  60  20  1 20   1  1  1  1  1  1  1  1  1  2  1  0  1  2  1  2  1  2  2  1  1  1  1  1  2  2  1  2  2  1  2  1  2  2  2  2  2  2  2  2  2  2
  8 Boom                    58  17  0 24   1  1  1  1  1  1  1  1  1  1  1  1  1  1  1  1  2  2  2  1  1  1  1  1  1  1  1  2  2  1  2  2  2  2  2  2  2  2  2  2  2  2
  9 Shofar                  57  16  0 25   1  1  1  1  1  1  1  1  1  1  1  1  1  1  1  1  2  2  1  1  1  1  1  1  2  1  1  2  2  1  2  2  1  2  2  2  2  2  2  2  2  2
 10 Robertot                56  18  3 20   1  1  0  1  1  1  0  1  1  1  1  1  1  1  1  2  2  1  2  1  1  0  1  1  1  1  1  2  2  2  2  2  2  2  2  2  2  2  2  2  2  2
 11 ACT-R Lag2              56  18  3 20   0  0  1  1  1  1  1  1  1  1  1  1  1  2  1  2  1  2  2  1  1  0  1  1  2  1  1  2  2  1  2  1  2  2  2  2  2  2  2  2  2  2
 12 Majikthise              54  14  1 26   0  1  1  1  1  1  2  1  1  1  1  1  1  1  2  2  1  1  1  1  1  1  1  1  2  1  1  1  2  1  2  1  2  1  2  1  2  2  2  2  2  2
 13 Vroomfondel             54  14  1 26   1  1  1  1  1  1  1  1  1  1  1  1  1  1  1  2  1  2  1  1  1  1  1  1  2  2  1  1  2  1  2  0  2  1  2  1  2  2  2  2  2  2
 14 Simple Predictor        52  19  8 14   0  0  0  0  1  0  0  1  1  1  0  1  1  1  1  2  1  1  1  2  1  0  1  1  2  1  2  2  2  2  2  2  2  2  2  2  2  2  2  2  2  2
 15 Piedra                  52  16  5 20   0  1  0  1  1  1  1  1  1  1  1  0  1  1  1  1  1  0  0  1  2  1  1  1  2  1  1  2  2  1  2  2  2  2  2  2  2  2  2  2  2  2
 16 ZQ Bot                  50  21 12  8   0  0  0  0  0  0  0  1  1  0  0  0  0  0  1  1  2  1  1  1  2  1  1  2  2  2  2  2  2  2  2  2  2  2  2  2  2  2  2  2  2  2
 17 Sweet Rocky             50  16  7 18   1  0  1  0  1  1  1  0  0  0  1  1  1  1  1  0  1  0  1  1  1  1  1  1  2  1  2  2  1  2  2  2  2  2  2  2  2  2  2  2  2  2
 18 Granite                 49  20 12  9   0  0  0  0  0  0  0  0  0  1  0  1  0  1  2  1  2  1  1  1  2  0  1  1  2  2  1  2  2  2  2  2  2  2  2  2  2  2  2  2  2  2
 19 Marble                  49  18 10 13   0  0  0  0  0  0  0  0  1  0  0  1  1  1  2  1  1  1  1  1  2  1  1  1  2  1  1  2  2  2  2  2  2  2  2  2  2  2  2  2  2  2
 20 Mixed Strategy          49  14  6 21   1  0  0  0  1  1  1  1  1  1  1  1  1  0  1  1  1  1  1  1  1  0  0  1  2  1  1  2  2  1  2  1  2  2  2  2  2  2  2  2  2  2
 21 * Anti-rotn             48  15  8 18   0  1  1  1  1  1  1  1  1  1  1  1  1  1  0  0  1  0  0  1  1  0  0  2  2  0  1  2  2  1  2  1  2  2  2  2  2  2  2  2  2  2
 22 * De Bruijn             47   8  2 31   1  1  1  1  1  1  1  1  1  2  2  1  1  2  1  1  1  2  1  2  2  1  1  1  1  0  1  1  1  1  1  1  1  1  2  1  1  1  1  2  1  0
 23 * Pi                    42   2  1 38   1  1  1  1  1  1  1  1  1  1  1  1  1  1  1  1  1  1  1  2  2  1  1  1  1  1  1  1  1  1  1  1  1  1  1  0  1  1  1  1  1  1
 24 Yomi AI                 41   4  4 33   1  1  1  1  0  1  1  1  1  1  1  1  1  1  1  0  1  1  1  1  0  1  1  1  1  1  1  1  2  1  1  1  1  1  1  1  1  0  2  1  2  2
 25 Inocencio               37  15 19  7   0  0  0  0  0  0  0  1  0  1  0  0  0  0  0  0  0  0  0  0  0  1  1  1  1  2  1  2  2  1  2  2  2  2  2  2  2  2  2  2  2  2
 26 * Foxtrot               35   3  9 29   0  0  1  1  1  0  0  1  1  1  1  1  0  1  1  0  1  0  1  1  2  2  1  1  0  1  1  1  1  1  1  1  1  1  0  1  2  1  1  1  1  1
 27 * Add-drift             33   1  9 31   0  0  0  0  0  0  1  1  1  1  1  1  1  0  1  0  0  1  1  1  1  1  1  1  1  1  1  1  1  1  1  2  1  1  1  1  1  1  1  1  1  1
 28 Peterbot                31  11 21  9   0  0  0  0  0  0  0  0  0  0  0  1  1  0  0  0  0  0  0  0  0  1  1  1  0  1  1  1  0  2  1  2  2  2  2  1  2  2  2  2  2  2
 29 Multi-strategy          30  11 22  8   0  0  0  0  0  0  0  0  0  0  0  0  0  0  0  0  1  0  0  0  0  1  1  0  0  1  1  2  1  2  1  1  1  2  2  2  2  2  2  2  2  2
 30 * Copy-drift            28   0 13 28   0  0  0  0  1  0  1  1  1  0  1  1  1  0  1  0  0  0  0  1  1  1  1  1  1  1  1  0  0  1  1  1  1  1  1  1  1  1  1  1  1  1
 31 Knucklehead             26   7 22 12   0  0  0  0  0  0  0  0  0  0  0  0  0  0  0  0  0  0  0  0  0  1  1  1  0  1  1  1  1  1  1  2  1  2  2  2  1  2  2  1  1  2
 32 * Add-react             24   2 19 20   0  0  0  0  0  0  1  0  0  0  1  1  2  0  0  0  0  0  0  1  1  1  1  1  0  1  0  0  1  1  0  1  1  1  1  2  1  1  1  1  1  1
 33 * Flat                  20   2 23 16   0  0  0  0  0  0  0  0  1  0  0  0  0  0  0  0  0  0  0  0  0  1  1  1  0  1  1  0  1  1  1  1  1  2  2  1  1  1  1  1  1  0
 34 Beat The Last Move      20   5 26 10   0  0  0  0  0  0  0  0  0  0  0  1  1  0  0  0  0  0  0  0  0  1  1  1  0  1  1  0  0  1  0  1  0  1  2  2  0  1  2  0  2  2
 35 Beat Frequent Pick      18   5 28  8   0  0  0  0  0  0  0  0  0  0  0  0  0  0  0  0  0  0  0  0  0  0  1  1  0  2  1  0  0  1  0  1  0  0  1  2  1  1  2  1  2  2
 36 * Text                  17   2 26 13   0  0  0  0  0  0  0  0  0  0  0  1  1  0  0  0  0  0  0  0  0  1  2  1  0  1  1  1  0  1  0  0  1  0  0  1  1  1  0  1  1  2
 37 * Switch A Lot          17   1 25 15   0  0  0  0  0  0  0  0  0  0  0  0  0  0  0  0  0  0  0  0  0  1  1  1  0  0  1  0  0  1  1  1  1  2  1  1  1  1  1  1  1  1
 38 Rotate R-P-S            16   1 26 14   0  0  0  0  0  0  0  0  0  0  0  0  0  0  0  0  0  0  0  0  0  1  1  2  0  1  1  0  0  1  0  1  1  1  1  1  1  1  1  1  1  0
 39 Good Ole Rock           16   3 28 10   0  0  0  0  0  0  0  0  0  0  0  0  0  0  0  0  0  0  0  0  0  1  1  0  0  1  1  0  0  1  0  1  1  0  0  2  1  1  1  1  2  2
 40 Always Switchin'        16   1 26 14   0  0  0  0  0  0  0  0  0  0  0  0  0  0  0  0  0  0  0  0  0  0  1  1  0  1  1  0  0  1  1  1  1  2  1  1  1  1  1  1  1  0
 41 R-P-S 20-20-60          14   1 28 12   0  0  0  0  0  0  0  0  0  0  0  0  0  0  0  0  0  0  0  0  0  1  1  0  0  1  1  0  0  1  1  1  1  0  0  1  1  1  0  1  1  2
 42 * Anti-Flat             14   4 31  6   0  0  0  0  0  0  0  0  0  0  0  0  0  0  0  0  0  0  0  0  0  2  1  0  0  1  1  0  0  1  0  1  2  0  0  0  1  2  0  2  0  1


   Yomi AI is match ranked 24

 Tournament results:
    Player Name          total 
  1 Yomi AI               1728 
 15 * Anti-rotn           5642 
 19 Iocaine Powder       11453 
 20 Phasenbott           10141 
 21 MegaHAL               9534 
 22 RussRocker4           8415 
 23 Biopic                8557 
 24 Simple Modeller       8906 
 25 Simple Predictor      7995 
 26 Robertot              7980 
 27 Boom                  7245 
 28 Shofar                6336 
 29 ACT-R Lag2            6355 
 30 Majikthise            4585 
 31 Vroomfondel           4926 
 32 Granite               6718 
 33 Marble                6550 
 34 ZQ Bot                6180 
 35 Sweet Rocky           6311 
 36 Piedra                6439 
 37 Mixed Strategy        6198 
 38 Multi-strategy        2782 
 41 Bugbrain              5897 

   Yomi is tournament ranked 23

