 Playing 1 tournaments with 1000 trials per match...

 Yomi AI            vs Good Ole Rock       Match:  998 (999+   1-   0=)
 Yomi AI            vs R-P-S 20-20-60      Match: -117 (324+ 441- 235=)
 Yomi AI            vs Rotate R-P-S        Match:   11 (337+ 326- 337=)
 Yomi AI            vs Beat The Last Move  Match: -167 (283+ 450- 267=)
 Yomi AI            vs Always Switchin'    Match:   -1 (327+ 328- 345=)
 Yomi AI            vs Beat Frequent Pick  Match:  -59 (414+ 473- 113=)
 Yomi AI            vs * Pi                Match:   21 (344+ 323- 333=)
 Yomi AI            vs * Switch A Lot      Match:  -26 (328+ 354- 318=)
 Yomi AI            vs * Flat              Match:    3 (338+ 335- 327=)
 Yomi AI            vs * Anti-Flat         Match:  973 (980+   7-  13=)
 Yomi AI            vs * Foxtrot           Match:    9 (333+ 324- 343=)
 Yomi AI            vs * De Bruijn         Match:  -13 (331+ 344- 325=)
 Yomi AI            vs * Text              Match:  -46 (340+ 386- 274=)
 Yomi AI            vs * Anti-rotn         Match: -229 (254+ 483- 263=)
 Yomi AI            vs * Copy-drift        Match:   21 (341+ 320- 339=)
 Yomi AI            vs * Add-react         Match:   24 (344+ 320- 336=)
 Yomi AI            vs * Add-drift         Match:    1 (338+ 337- 325=)
 Yomi AI            vs Iocaine Powder      Match: -179 (257+ 436- 307=)
 Yomi AI            vs Phasenbott          Match: -204 (270+ 474- 256=)
 Yomi AI            vs MegaHAL             Match: -201 (247+ 448- 305=)
 Yomi AI            vs RussRocker4         Match: -188 (318+ 506- 176=)
 Yomi AI            vs Biopic              Match: -239 (252+ 491- 257=)
 Yomi AI            vs Simple Modeller     Match: -228 (249+ 477- 274=)
 Yomi AI            vs Simple Predictor    Match: -225 (235+ 460- 305=)
 Yomi AI            vs Robertot            Match: -233 (303+ 536- 161=)
 Yomi AI            vs Boom                Match: -184 (264+ 448- 288=)
 Yomi AI            vs Shofar              Match: -189 (260+ 449- 291=)
 Yomi AI            vs ACT-R Lag2          Match: -214 (293+ 507- 200=)
 Yomi AI            vs Majikthise          Match: -205 (271+ 476- 253=)
 Yomi AI            vs Vroomfondel         Match: -153 (292+ 445- 263=)
 Yomi AI            vs Granite             Match:  -57 (431+ 488-  81=)
 Yomi AI            vs Marble              Match:  -50 (454+ 504-  42=)
 Yomi AI            vs ZQ Bot              Match: -224 (307+ 531- 162=)
 Yomi AI            vs Sweet Rocky         Match: -193 (326+ 519- 155=)
 Yomi AI            vs Piedra              Match: -187 (305+ 492- 203=)
 Yomi AI            vs Mixed Strategy      Match: -194 (335+ 529- 136=)
 Yomi AI            vs Multi-strategy      Match: -213 (231+ 444- 325=)
 Yomi AI            vs Inocencio           Match: -188 (301+ 489- 210=)
 Yomi AI            vs Peterbot            Match:  -38 (430+ 468- 102=)
 Yomi AI            vs Bugbrain            Match: -168 (285+ 453- 262=)
 Yomi AI            vs Knucklehead         Match:  -76 (317+ 393- 290=)
 Final results (draw value = 50):

 Tournament results: 

    Player Name          total     1    2    3    4    5    6    7    8    9   10   11   12   13   14   15   16   17   18   19   20   21   22   23   24   25   26   27   28   29   30   31   32   33   34   35   36   37   38   39   40   41   42
  1 Iocaine Powder       10665     0   57   45   -8   39   12  478  151   46  -11   32  233  269   32  -22   70   40  -34  328   15  -36  273  208   25    8  296   70  563  240  175  313  179   97   22  238  900  433  911  997  990  999  992
  2 Phasenbott           10031   -57    0   30   66   31   33  523  135    2   22   25  219  168   22   43   57   74   89  249   12   26  186  148   47   -9  374  153  381   -3  109  287  204   96  105  195  917  186  925  977  995  996  993
  3 MegaHAL               9619   -45  -30    0  -24   28   44   63   85   19   36   37  176  231  -52    6   37   69   40  246   -1  -16  226  163   -1  -61   33  184  382   44   87  245  201  189  278  449  911  421  944  993  987  999  996
  4 Simple Modeller       8805     8  -66   24    0   -9   31   19  257   38   -2   22   93   82  -17   47   12   52   57  288   24    2  181  432  -52  -21    3  277  273  273   31  111  228  132  234  458  324  388  595  990  990  999  997
  5 Biopic                8528   -39  -31  -28    9    0   -6  -37   66   61  -28   25  142  118  -14  -13  -31   52   85  108  -34   -9  247  146  -27  -22  393  -13  488   57  111   41  239  138  118  341 1000  357  550  993  995  996  984
  6 Robertot              7981   -12  -33  -44  -31    6    0  -68   61   34   -1  -14   80   46  -31   11   27   57   32   84   -4    7  283   75   -5   -8   16   40  408  -19   45   93  233  171  135  489  811  395  818  807  995  998  994
  7 RussRocker4           7962  -478 -523  -63  -19   37   68    0   93   64   33   37  151  158   19   -8   32   43   60  154  -33   23  234  135    9    6  138  124  429  104   77  337  188   47  173  264  918  353  594  994  993 1000  997
  8 Simple Predictor      7501  -151 -135  -85 -257  -66  -61  -93    0   20  -20   78   -4   46  -29   30  -63   46   60  150   14    1  191  153  -73  -21  -57  280  271  241  135  149  225  149  230  402  781  403  592  986  989  996  998
  9 Sweet Rocky           7501   -46   -2  -19  -38  -61  -34  -64  -20    0  -43   55  -26  -48  -45  -24  -38   43   15  -13  -30  -34  136  529  -32  -41   40   35   75   25  192  309  193  172  135  261 1000  375  591  995  991  995  997
 10 Boom                  7430    11  -22  -36    2   28    1  -33   20   43    0   50   67   -2  -65   -7  -35   48   93   83  -25   -6  186   50  -50   41  -47   61  417   61   56   62  184  135  213  399  332  398  753  985  990  995  994
 11 Piedra                7035   -32  -25  -37  -22  -25   14  -37  -78  -55  -50    0  -26  -55  -13  -13  -87   42  -31  -52  -67  -55  158  733  -14   14   17   75  327   94  113  289  187  168  168  153  281  401  593  992  993  998  999
 12 Marble                6991  -233 -219 -176  -93 -142  -80 -151    4   26  -67   26    0   28  -66  -86  -65   44  -12   28  -23  -30  284  641  -41  -11  123   62  318   82  202   40   50  181  169  300  908  391  594  996  995  998  996
 13 Granite               6785  -269 -168 -231  -82 -118  -46 -158  -46   48    2   55  -28    0  -71 -116  -76   52  -17   85  -42  -41  327  657  -39  -43   46   -9  321   54  174   76   57  173  179  199  917  386  591  991  995 1000 1000
 14 Shofar                6459   -32  -22   52   17   14   31  -19   29   45   65   13   66   71    0  -31  -24   13   10   74   57   -2  169   40    3   -5  -26   10   78  118   94  -20  189   91  201  403   96  266  560  910  935  987  933
 15 Bugbrain              6223    22  -43   -6  -47   13  -11    8  -30   24    7   13   86  116   31    0    3   58  -21  153   32   33  119   66    0  -30  -42   99  163   17   25   84  168   47   93  270  236  210  392  930  944  991 1000
 16 ACT-R Lag2            6128   -70  -57  -37  -12   31  -27  -32   63   38   35   87   65   76   24   -3    0    8  102   81   -9   42  268   85  -59  -16  -60  -23  578   21   18    9  214   70  155  241  247  363  578   57  993  994  990
 17 * Anti-rotn           5972   -40  -74  -69  -52  -52  -57  -43  -46  -43  -48  -42  -44  -52  -13  -58   -8    0   -2  -64  -27   29  243  553  -64  -50   -7   16   71    6  178    9  229   62  320  499   13  214  499 1000  998  997  991
 18 Mixed Strategy        5943    34  -89  -40  -57  -85  -32  -60  -60  -15  -93   31   12   17  -10   21 -102    2    0   77  -35  -26   12  743  -36  -13   10  -10  119  -10    8   74  194  151   55  191  172  381  536  967  924  991  994
 19 ZQ Bot                5471  -328 -249 -246 -288 -108  -84 -154 -150   13  -83   52  -28  -85  -74 -153  -81   64  -77    0  -62  -37  241  -45  -91  -51   38   46  254   82  133  318  224  146  224  212  949  378  593  996  994  994  994
 20 Majikthise            5018   -15  -12    1  -24   34    4   33  -14   30   25   67   23   42  -57  -32    9   27   35   62    0   44  111  130   -5   23  -50  -12  236    4   61   33  205   30  109  262    9  180  460  -31  990  994  997
 21 Vroomfondel           4731    36  -26   16   -2    9   -7  -23   -1   34    6   55   30   41    2  -33  -42  -29   26   37  -44    0  197   52  -31   26    5   11  259   25   65   27  153   11   57  229   -2  116  474    5  990  995  982
 22 Multi-strategy        2899  -273 -186 -226 -181 -247 -283 -234 -191 -136 -186 -158 -284 -327 -169 -119 -268 -243  -12 -241 -111 -197    0 -163  -50  -20   16   -1  -19  232  132   56  213  123  273  500  500  389  999  997  997  999  998
 23 Inocencio              754  -208 -148 -163 -432 -146  -75 -135 -153 -529  -50 -733 -641 -657  -40  -66  -85 -553 -743   45 -130  -52  163    0   -3  -13  285   28  142  132  153   74  188  151   50  271  158  384  361  984  978  982  980
 24 * De Bruijn            534   -25  -47    1   52   27    5   -9   73   32   50   14   41   39   -3    0   59   64   36   91    5   31   50    3    0   -1  -33  -20  -32    2   33  -24   13   23    7   -8  -21  -31  128   -1   21    0 -111
 25 * Pi                   284    -8    9   61   21   22    8   -6   21   41  -41  -14   11   43    5   30   16   50   13   51  -23  -26   20   13    1    0   64   23    4   -3    7  -18  -21  -81   17  -34   -1  -10   30   22  -11  -11  -11
 26 * Foxtrot            -1502  -296 -374  -33   -3 -393  -16 -138   57  -40   47  -17 -123  -46   26   42   60    7  -10  -38   50   -5  -16 -285   33  -64    0   -4  -14    6  -27  -37   -9   39   17   28   -8   -7   25   -5   28   26   15
 27 * Add-drift          -1734   -70 -153 -184 -277   13  -40 -124 -280  -35  -61  -75  -62    9  -10  -99   23  -16   10  -46   12  -11    1  -28   20  -23    4    0    9   17   18 -128   -1    2   19  -12  -52  -12   24  -43  -26  -45   -2
 28 Knucklehead          -1926  -563 -381 -382 -273 -488 -408 -429 -271  -75 -417 -327 -318 -321  -78 -163 -578  -71 -119 -254 -236 -259   19 -142   32   -4   14   -9    0   74   -3  -17   76   23  -22   11 1000  113  181  657  496  988  998
 29 * Copy-drift         -2062  -240    3  -44 -273  -57   19 -104 -241  -25  -61  -94  -82  -54 -118  -17  -21   -6   10  -82   -4  -25 -232 -132   -2    3   -6  -17  -74    0  -16   10  -21    0  -18   -8  -46  -35   10   -5   13   18   12
 30 * Flat               -2618  -175 -109  -87  -31 -111  -45  -77 -135 -192  -56 -113 -202 -174  -94  -25  -18 -178   -8 -133  -61  -65 -132 -153  -33   -7   27  -18    3   16    0   29   -3  -15   32  -43 -154  -33  186  197   -5    1 -424
 31 * Add-react          -2779  -313 -287 -245 -111  -41  -93 -337 -149 -309  -62 -289  -40  -76   20  -84   -9   -9  -74 -318  -33  -27  -56  -74   24   18   37  128   17  -10  -29    0  -24   26   16    0  -25   37    4  -29  -27   -9   83
 32 Yomi AI              -2827  -179 -204 -201 -228 -239 -233 -188 -225 -193 -184 -187  -50  -57 -189 -168 -214 -229 -194 -224 -205 -153 -213 -188  -13   21    9    1  -76   21    3   24    0  -46  -26   -1  -38 -117  -59 -167   11  998  973
 33 * Text               -2971   -97  -96 -189 -132 -138 -171  -47 -149 -172 -135 -168 -181 -173  -91  -47  -70  -62 -151 -146  -30  -11 -123 -151  -23   81  -39   -2  -23    0   15  -26   46    0   41  -13   17   29 -185  -74  -11 -185  111
 34 * Switch A Lot       -3431   -22 -105 -278 -234 -118 -135 -173 -230 -135 -213 -168 -169 -179 -201  -93 -155 -320  -55 -224 -109  -57 -273  -50   -7  -17  -17  -19   22   18  -32  -16   26  -41    0   26 -109   45   -3  357   13    3   16
 35 Always Switchin'     -6967  -238 -195 -449 -458 -341 -489 -264 -402 -261 -399 -153 -300 -199 -403 -270 -241 -499 -191 -212 -262 -229 -500 -271    8   34  -28   12  -11    8   43    0    1   13  -26    0 -236    8   24  488  -52   10  -37
 36 Peterbot             -7911  -900 -917 -911 -324 -1000 -811 -918 -781 -1000 -332 -281 -908 -917  -96 -236 -247  -13 -172 -949   -9    2 -500 -158   21    1    8   52 -1000   46  154   25   38  -17  109  236    0  377  437  981  999 1000 1000
 37 R-P-S 20-20-60       -8958  -433 -186 -421 -388 -357 -395 -353 -403 -375 -398 -401 -391 -386 -266 -210 -363 -214 -381 -378 -180 -116 -389 -384   31   10    7   12 -113   35   33  -37  117  -29  -45   -8 -377    0 -333 -182  -16 -409  114
 38 Beat Frequent Pick  -13573  -911 -925 -944 -595 -550 -818 -594 -592 -591 -753 -593 -594 -591 -560 -392 -578 -499 -536 -593 -460 -474 -999 -361 -128  -30  -25  -24 -181  -10 -186   -4   59  185    3  -24 -437  333    0 -600    0  999 1000
 39 Beat The Last Move  -19106  -997 -977 -993 -990 -993 -807 -994 -986 -995 -985 -992 -996 -991 -910 -930  -57 -1000 -967 -996   31   -5 -997 -984    1  -22    5   43 -657    5 -197   29  167   74 -357 -488 -981  182  600    0    1 1000 1000
 40 Rotate R-P-S        -24750  -990 -995 -987 -990 -995 -995 -993 -989 -991 -990 -993 -995 -995 -935 -944 -993 -998 -924 -994 -990 -990 -997 -978  -21   11  -28   26 -496  -13    5   27  -11   11  -13   52 -999   16    0   -1    0    0 -675
 41 Good Ole Rock       -26277  -999 -996 -999 -999 -996 -998 -1000 -996 -995 -995 -998 -998 -1000 -987 -991 -994 -997 -991 -994 -994 -995 -999 -982    0   11  -26   45 -988  -18   -1    9 -998  185   -3  -10 -1000  409 -999 -1000    0    0 1000
 42 * Anti-Flat         -27858  -992 -993 -996 -997 -984 -994 -997 -998 -997 -994 -999 -996 -1000 -933 -1000 -990 -991 -994 -994 -997 -982 -998 -980  111   11  -15    2 -998  -12  424  -83 -973 -111  -16   37 -1000 -114 -1000 -1000  675 -1000    0

 Match results (draw <= 50): 

    Player Name           total  W  L  D   1  2  3  4  5  6  7  8  9 10 11 12 13 14 15 16 17 18 19 20 21 22 23 24 25 26 27 28 29 30 31 32 33 34 35 36 37 38 39 40 41 42
  1 Phasenbott              67  27  1 13   1  0  1  2  1  2  1  1  1  1  2  1  1  1  2  2  1  2  2  2  1  1  2  2  2  2  2  2  2  1  2  2  2  2  2  2  2  2  2  2  2  2
  2 Iocaine Powder          66  25  0 16   2  1  1  2  1  1  1  1  1  1  2  1  1  1  2  2  1  1  2  1  1  1  2  2  2  2  2  2  2  2  2  2  2  2  1  2  2  2  2  2  2  2
  3 Biopic                  65  24  0 17   1  1  1  1  1  1  1  1  1  1  1  2  1  1  2  2  1  2  2  2  1  1  2  2  2  2  2  1  2  2  1  2  2  2  2  2  2  2  2  2  2  2
  4 RussRocker4             63  25  3 13   0  0  1  1  0  1  1  1  1  2  1  2  1  1  2  2  1  2  2  1  1  1  2  2  2  2  2  2  2  2  2  2  1  2  2  2  2  2  2  2  2  2
  5 MegaHAL                 62  23  2 16   1  1  1  2  1  1  0  1  1  1  1  1  1  1  2  2  1  1  2  2  1  0  2  2  1  2  2  2  2  1  2  2  2  2  2  2  2  2  2  2  2  2
  6 Simple Modeller         62  23  2 16   0  1  1  1  1  1  1  1  1  1  1  1  1  1  2  2  1  2  2  2  0  1  2  2  1  2  2  2  2  2  2  1  2  2  2  2  2  2  2  2  2  2
  7 Shofar                  62  21  0 20   1  1  1  1  2  1  1  2  1  1  1  1  2  1  1  2  1  1  2  1  1  1  2  1  1  2  2  1  2  2  1  2  2  2  2  2  2  2  2  2  2  2
  8 Boom                    60  20  1 20   1  1  1  1  1  1  0  1  1  1  1  1  1  1  1  1  1  2  2  1  1  1  2  1  1  2  2  2  2  2  2  2  2  2  2  2  2  2  2  2  2  2
  9 Bugbrain                60  19  0 22   1  1  1  1  1  1  1  1  1  1  1  1  1  1  1  2  1  1  2  2  1  1  2  2  1  2  2  2  2  1  2  1  1  2  2  2  2  2  2  2  2  2
 10 Robertot                59  19  1 21   1  1  1  0  1  1  1  1  1  1  1  1  1  1  2  1  1  1  2  2  1  1  2  2  1  2  2  1  2  1  2  1  2  2  2  2  2  2  2  2  2  2
 11 ACT-R Lag2              57  20  4 17   0  0  1  1  1  1  1  1  1  1  1  1  1  1  2  2  2  2  2  1  0  1  2  2  0  2  2  1  2  1  1  1  2  2  2  2  2  2  2  2  2  2
 12 Sweet Rocky             56  17  2 22   1  1  0  0  1  1  1  1  1  1  1  1  1  1  1  1  2  1  1  1  1  1  1  2  1  2  2  1  2  1  2  2  2  2  2  2  2  2  2  2  2  2
 13 Majikthise              54  14  1 26   1  1  1  1  1  1  0  1  1  1  1  1  1  1  1  1  2  1  1  1  1  1  2  2  1  2  1  1  2  1  1  2  1  1  2  2  2  2  2  2  2  2
 14 Vroomfondel             54  13  0 28   1  1  1  1  1  1  1  1  1  1  1  1  1  1  1  1  2  1  1  1  1  1  1  2  1  2  1  1  2  1  1  2  1  1  2  2  2  2  2  2  2  2
 15 Simple Predictor        52  21 10 10   0  0  0  0  0  0  1  1  1  0  0  1  1  1  1  1  2  2  1  1  0  1  2  2  0  2  2  2  2  2  2  2  2  2  2  2  2  2  2  2  2  2
 16 Granite                 52  20  9 12   0  0  0  0  0  0  0  1  0  1  0  1  1  1  1  1  2  1  1  2  1  1  2  2  1  2  2  1  2  2  2  2  2  2  2  2  2  2  2  2  2  2
 17 Piedra                  52  18  7 16   1  1  1  1  1  1  1  1  1  1  0  0  0  0  0  0  1  1  1  1  1  1  0  2  1  2  2  2  2  2  2  2  2  2  2  2  2  2  2  2  2  2
 18 Mixed Strategy          49  15  7 19   0  1  0  0  1  0  1  0  1  1  0  1  1  1  0  1  1  1  1  1  1  1  2  2  1  1  2  1  2  1  2  1  2  2  2  2  2  2  2  2  2  2
 19 Marble                  47  17 11 13   0  0  0  0  0  0  0  0  0  0  0  1  1  1  1  1  1  1  1  1  1  1  1  2  2  2  2  2  2  2  1  2  2  2  2  2  2  1  2  2  2  2
 20 * Anti-rotn             46  14  9 18   0  1  0  1  0  0  1  1  0  0  1  1  1  1  1  0  1  1  1  1  0  1  0  2  1  2  1  1  2  1  1  2  2  2  2  2  2  2  2  2  2  2
 21 * De Bruijn             46   6  1 34   1  1  1  1  1  2  1  1  1  1  2  1  1  1  2  1  1  1  1  2  1  1  2  1  1  1  1  1  1  1  1  1  1  1  1  2  1  1  1  1  1  0
 22 * Pi                    43   3  1 37   1  1  1  1  2  1  1  1  1  1  1  1  1  1  1  1  1  1  1  1  1  1  2  1  2  1  1  1  1  1  1  1  0  1  1  1  1  1  1  1  1  1
 23 ZQ Bot                  42  18 17  6   0  0  0  0  0  0  0  0  0  0  0  1  0  1  0  0  2  0  1  2  0  0  1  1  1  2  2  1  2  2  2  2  2  2  2  2  2  2  2  2  2  2
 24 Inocencio               39  16 18  7   0  0  0  0  0  0  1  1  0  0  0  0  0  0  0  0  0  0  0  0  1  1  1  1  2  2  2  1  2  2  2  2  2  2  1  2  2  2  2  2  2  2
 25 * Foxtrot               36   2  7 32   0  0  0  0  1  1  1  1  1  1  2  1  1  1  2  1  1  1  0  1  1  0  1  0  1  1  1  1  1  1  1  1  1  1  1  1  1  1  1  1  1  1
 26 Multi-strategy          34  14 21  6   0  0  0  0  0  0  0  0  0  0  0  0  0  0  0  0  0  1  0  0  1  1  0  0  1  1  2  1  1  2  2  2  2  2  2  2  2  2  2  2  2  2
 27 Peterbot                30  10 21 10   0  0  0  0  0  0  0  0  0  0  0  0  1  1  0  0  0  0  0  1  1  1  0  0  1  0  1  2  0  1  1  2  1  2  2  2  2  1  2  2  2  2
 28 * Add-drift             29   0 12 29   0  0  1  0  0  0  1  0  0  1  1  1  1  1  0  1  0  1  0  1  1  1  1  1  1  1  0  1  1  1  0  1  1  1  1  1  1  1  1  1  1  1
 29 Knucklehead             28   9 22 10   0  0  0  0  0  0  0  0  0  0  0  0  0  0  0  0  0  0  0  0  1  1  0  0  1  1  2  1  1  2  1  1  1  2  1  2  1  2  2  2  2  2
 30 * Copy-drift            27   0 14 27   1  0  0  0  1  0  0  0  1  1  1  1  1  1  0  0  0  1  0  1  1  1  0  0  1  0  1  1  0  1  1  1  1  1  1  1  1  1  1  1  1  1
 31 * Add-react             27   2 16 23   0  0  1  0  0  0  1  0  0  0  1  0  1  1  0  0  0  0  1  1  1  1  0  0  1  0  1  2  1  1  1  1  1  1  1  1  1  1  1  1  1  2
 32 * Flat                  23   2 20 19   0  0  0  0  0  1  0  0  1  1  1  0  0  0  0  0  0  1  0  0  1  1  0  0  1  0  0  1  1  1  1  1  1  2  1  2  1  1  1  1  1  0
 33 * Text                  21   2 22 17   0  0  0  1  0  0  0  0  1  0  0  0  1  1  0  0  0  0  0  0  1  2  0  0  1  0  1  1  1  1  1  1  1  0  1  0  1  1  0  1  1  2
 34 Beat The Last Move      21   6 26  9   0  0  0  0  0  0  0  0  0  0  0  0  1  1  0  0  0  0  0  0  1  1  0  0  1  0  0  1  0  1  1  0  2  1  0  2  0  2  2  1  2  2
 35 * Switch A Lot          20   1 22 18   0  1  0  0  0  0  0  0  0  0  0  0  0  0  0  0  0  0  0  0  1  1  0  1  1  0  0  1  1  1  1  1  1  2  1  1  1  1  1  1  1  1
 36 Beat Frequent Pick      18   5 28  8   0  0  0  0  0  0  0  0  0  0  0  0  0  0  0  0  0  0  0  0  0  1  0  0  1  0  0  1  0  1  1  0  2  0  1  1  1  2  2  1  2  2
 37 Always Switchin'        17   1 25 15   0  0  0  0  0  0  0  0  0  0  0  0  0  0  0  0  0  0  0  0  1  1  0  0  1  0  0  1  1  1  1  1  1  2  1  1  1  1  1  0  1  1
 38 Yomi AI                 17   2 26 13   0  0  0  0  0  0  0  0  0  0  0  0  0  0  0  0  0  0  1  0  1  1  0  0  1  0  1  1  0  1  1  1  1  0  1  0  1  1  2  1  0  2
 39 Good Ole Rock           16   3 28 10   0  0  0  0  0  0  0  0  0  0  0  0  0  0  0  0  0  0  0  0  1  1  0  0  1  0  0  1  0  1  1  1  2  0  1  0  1  0  1  1  2  2
 40 Rotate R-P-S            16   1 26 14   0  0  0  0  0  0  0  0  0  0  0  0  0  0  0  0  0  0  0  0  1  1  0  0  1  0  0  1  0  1  1  1  1  1  1  1  2  1  1  1  1  0
 41 R-P-S 20-20-60          15   2 28 11   0  0  0  0  0  0  0  0  0  0  0  0  0  0  0  0  0  0  0  0  1  1  0  0  1  0  0  1  0  1  1  1  1  0  1  0  1  2  0  1  1  2
 42 * Anti-Flat             12   3 32  6   0  0  0  0  0  0  0  0  0  0  0  0  0  0  0  0  0  0  0  0  2  1  0  0  1  0  0  1  0  1  0  2  0  0  1  0  1  0  0  2  0  1


   Yomi AI is match ranked 38

 Tournament results:
    Player Name          total 
  1 Yomi AI              -2827 
  8 * Pi                   284 
 10 * Flat               -2618 
 12 * Foxtrot            -1502 
 13 * De Bruijn            534 
 15 * Anti-rotn           5972 
 16 * Copy-drift         -2062 
 17 * Add-react          -2779 
 18 * Add-drift          -1734 
 19 Iocaine Powder       10665 
 20 Phasenbott           10031 
 21 MegaHAL               9619 
 22 RussRocker4           7962 
 23 Biopic                8528 
 24 Simple Modeller       8805 
 25 Simple Predictor      7501 
 26 Robertot              7981 
 27 Boom                  7430 
 28 Shofar                6459 
 29 ACT-R Lag2            6128 
 30 Majikthise            5018 
 31 Vroomfondel           4731 
 32 Granite               6785 
 33 Marble                6991 
 34 ZQ Bot                5471 
 35 Sweet Rocky           7501 
 36 Piedra                7035 
 37 Mixed Strategy        5943 
 38 Multi-strategy        2899 
 39 Inocencio              754 
 41 Bugbrain              6223 
 42 Knucklehead          -1926 

   Yomi is tournament ranked 32

