 Playing 1 tournaments with 1000 trials per match...

 Yomi AI            vs Good Ole Rock       Match:  998 (999+   1-   0=)
 Yomi AI            vs R-P-S 20-20-60      Match:  200 (460+ 260- 280=)
 Yomi AI            vs Rotate R-P-S        Match:  992 (994+   2-   4=)
 Yomi AI            vs Beat The Last Move  Match:   22 (367+ 345- 288=)
 Yomi AI            vs Always Switchin'    Match:  178 (452+ 274- 274=)
 Yomi AI            vs Beat Frequent Pick  Match:  429 (628+ 199- 173=)
 Yomi AI            vs * Pi                Match:    9 (348+ 339- 313=)
 Yomi AI            vs * Switch A Lot      Match:  116 (403+ 287- 310=)
 Yomi AI            vs * Flat              Match:   67 (385+ 318- 297=)
 Yomi AI            vs * Anti-Flat         Match:  999 (999+   0-   1=)
 Yomi AI            vs * Foxtrot           Match:  329 (543+ 214- 243=)
 Yomi AI            vs * De Bruijn         Match:  -34 (326+ 360- 314=)
 Yomi AI            vs * Text              Match:  108 (403+ 295- 302=)
 Yomi AI            vs * Anti-rotn         Match:    0 (336+ 336- 328=)
 Yomi AI            vs * Copy-drift        Match:  -12 (329+ 341- 330=)
 Yomi AI            vs * Add-react         Match:   66 (385+ 319- 296=)
 Yomi AI            vs * Add-drift         Match:   66 (384+ 318- 298=)
 Yomi AI            vs Iocaine Powder      Match:  -62 (323+ 385- 292=)
 Yomi AI            vs Phasenbott          Match:  -59 (332+ 391- 277=)
 Yomi AI            vs MegaHAL             Match:   -4 (348+ 352- 300=)
 Yomi AI            vs RussRocker4         Match:    8 (358+ 350- 292=)
 Yomi AI            vs Biopic              Match:    4 (343+ 339- 318=)
 Yomi AI            vs Simple Modeller     Match:   32 (365+ 333- 302=)
 Yomi AI            vs Simple Predictor    Match:   37 (362+ 325- 313=)
 Yomi AI            vs Robertot            Match:   25 (356+ 331- 313=)
 Yomi AI            vs Boom                Match:  -19 (326+ 345- 329=)
 Yomi AI            vs Shofar              Match:  -29 (332+ 361- 307=)
 Yomi AI            vs ACT-R Lag2          Match:   18 (331+ 313- 356=)
 Yomi AI            vs Majikthise          Match:  -36 (328+ 364- 308=)
 Yomi AI            vs Vroomfondel         Match:  -11 (344+ 355- 301=)
 Yomi AI            vs Granite             Match:    8 (364+ 356- 280=)
 Yomi AI            vs Marble              Match:  100 (425+ 325- 250=)
 Yomi AI            vs ZQ Bot              Match:   91 (407+ 316- 277=)
 Yomi AI            vs Sweet Rocky         Match:   25 (376+ 351- 273=)
 Yomi AI            vs Piedra              Match:   20 (370+ 350- 280=)
 Yomi AI            vs Mixed Strategy      Match:   19 (358+ 339- 303=)
 Yomi AI            vs Multi-strategy      Match:  269 (512+ 243- 245=)
 Yomi AI            vs Inocencio           Match:   34 (361+ 327- 312=)
 Yomi AI            vs Peterbot            Match:   83 (386+ 303- 311=)
 Yomi AI            vs Bugbrain            Match:    4 (344+ 340- 316=)
 Yomi AI            vs Knucklehead         Match:  414 (604+ 190- 206=)
 Final results (draw value = 50):

 Tournament results: 

    Player Name          total     1    2    3    4    5    6    7    8    9   10   11   12   13   14   15   16   17   18   19   20   21   22   23   24   25   26   27   28   29   30   31   32   33   34   35   36   37   38   39   40   41   42
  1 Iocaine Powder       10939     0  114   51   44   14  512   20  -15  132  166  216   13  268   12  338    0   21   62   75   69    7  -25  191  208   54  -15  189  214  358  201  348   65  138  537  878  202  435  891  987  993  992  979
  2 Phasenbott            9876  -114    0   10   36   34  525   53   22   90  131  225  -16  245    1  254   56   39   59   90   -2   37   15  250  180   43  -29  105   61  400  117  343   41   77  383  886  207  143  931  980  991  994  983
  3 Simple Modeller       9438   -51  -10    0   -9   -3  -18   -7   27  -29  294   75   51  100   21  300   42   54  -32   51    8  120  -30  202  794  -32    2  280  231  -33   61  120  226  158  262  849  487  318  593  994  992  996  984
  4 MegaHAL               9437   -44  -36    9    0   -4  115   53   -6    5   98  247   -1  232  -47  244   29   35    4   70   -4   50   32  221  139  -77  -17  183   68   35  133  259  289  133  401  883  421  361  948  991  989 1000  996
  5 Biopic                8555   -14  -34    3    4    0   12   77   -7   49   75  101   47  177  -35   89   43    4   -4   55  -21   92    1  270  125   14   22  -14   51  417  187   59  160  123  512  726  313  369  536  994  995  994  988
  6 RussRocker4           7763  -512 -525   18 -115  -12    0   26   28   32   85  126   60  191   22  157    0   59   -8   41  -22   38    2  323  167  -56  -20  100  109  140  156  339  145   77  500  929  266  324  593  994  991 1000  995
  7 Robertot              7329   -20  -53    7  -53  -77  -26    0  -25  -10  -19  101   55   73   29   86   -4   58  -25   63  -36   67  -35  204   -9    4  -33   -9   79   -8   27   87   95  165  345  707  456  391  730  968  992  996  986
  8 Boom                  7306    15  -22  -27    6    7  -28   25    0  -35  -27   22   50   29  -39   64    0   22   19   57  -20   24  -48  231    4   12   13   63   43   18   77   93   90  114  465  513  373  379  753  991  983  997 1000
  9 ACT-R Lag2            7049  -132  -90   29   -5  -49  -32   10   35    0   54  141   72  169  -17  127   12   25  -18   25  -32   53  -26  315  109  -44    6  -12  -13  -24  107  -30  112   87  486  736  251  336  578  717  992  995  994
 10 Simple Predictor      6946  -166 -131 -294  -98  -75  -85   19   27  -54    0   91   47   42   11  172   43   64  -37   44  -18   68  -25  220   92  -79  -21  236  298   -9  129  122  170  154  288  347  391  411  587  986  986  995  998
 11 Granite               6598  -216 -225  -75 -247 -101 -126 -101  -22 -141  -91    0   61  -13  -12   45  -73   36   -8   65   -8   27  -20  230  649 -103  -34   17   37   32  120  106  126  178  320  941  250  399  591  994  995 1000  995
 12 Sweet Rocky           6514   -13   16  -51    1  -47  -60  -55  -50  -72  -47  -61    0  -41  -26  -24  -11  -23  -25   41  -27   -7  -36  157  -28  -22    7  122   22    8  149  349  137  134  218  776  128  408  590  988  994 1000  995
 13 Marble                6335  -268 -245 -100 -232 -177 -191  -73  -29 -169  -42   13   41    0  -70   63  -85   54 -100   58  -42   41  -43  209  647  -48  -20   25   52   98  213   85  166  182  273  802  241  423  592  996  995 1000 1000
 14 Shofar                6305   -12   -1  -21   47   35  -22  -29   39   17  -11   12   26   70    0   60    3   72   29   41    3   16   25  104   60  -30  -12    2   86    7    3   65  146  172  133  130  421  254  561  874  953  985  992
 15 ZQ Bot                5832  -338 -254 -300 -244  -89 -157  -86  -64 -127 -172  -45   24  -63  -60    0 -158   73  -91   43  -20  -48  -53  246  708  -61   -7   25   52    5  154  297   76  181  238  937  269  369  596  993  991  998  994
 16 Bugbrain              5800     0  -56  -42  -29  -43    0    4    0  -12  -43   73   11   85   -3  158    0   56   -4   59   49   24   -6  148   48  -26   38   61   42  -37   57   92  109   63   34  153  252  216  374  973  972  963  987
 17 Piedra                5745   -21  -39  -54  -35   -4  -59  -58  -22  -25  -64  -36   23  -54  -72  -73  -56    0  -20   67  -20   12    8   99  -38  -34  -16   32   14   -3  152   89  164  165  196  267  311  372  595  993  993  998  998
 18 Yomi AI               5504   -62  -59   32   -4    4    8   25  -19   18   37    8   25  100  -29   91    4   20    0    0  -36   19  -11  269   34  -34    9   66  -12  329   67   66  116  108  414   83  178  200  429   22  992  998  999
 19 * Anti-rotn           5169   -75  -90  -51  -70  -55  -41  -63  -57  -25  -44  -65  -41  -58  -41  -43  -59  -67    0    0   23  -41  -25  250  644  -42  -45  -34  -31  -24  173  -10  326   55   73   74  521  143  596  492  999  998  999
 20 Majikthise            5048   -69    2   -8    4   21   22   36   20   32   18    8   27   42   -3   20  -49   20   36  -23    0  158   -4  176   74   -7   17   25   -5   25  143   21  154   52  194   35  244  159  475  -32  997  992  999
 21 Mixed Strategy        4963    -7  -37 -120  -50  -92  -38  -67  -24  -53  -68  -27    7  -41  -16   48  -24  -12  -19   41 -158    0  -63    6  430  -55  -64   11   41  -18   19   77   87  132  227  135    1  378  451  971  964  992  998
 22 Vroomfondel           4834    25  -15   30  -32   -1   -2   35   48   26   25   20   36   43  -25   53    6   -8   11   25    4   63    0  113   82   -8  -15   39  -10    3   99   16  108   53  210  -43  279  154  424  -19  990  996  996
 23 Multi-strategy        2160  -191 -250 -202 -221 -270 -323 -204 -231 -315 -220 -230 -157 -209 -104 -246 -148  -99 -269 -250 -176   -6 -113    0  -41  -50  -20   26  244    7  167    4  265  123   80  -62  464  397  999  997  997  999  998
 24 Inocencio              928  -208 -180 -794 -139 -125 -167    9   -4 -109  -92 -649   28 -647  -60 -708  -48   38  -34 -644  -74 -430  -82   41    0   -2  -10   17  126  308  133   66   74  156  203  130  232  393  351  904  976  978  971
 25 * De Bruijn            861   -54  -43   32   77  -14   56   -4  -12   44   79  103   22   48   30   61   26   34   34   42    7   55    8   50    2    0   -1   18   41  -25   22  -15   23   23   19   -1   20   18  128   -1   21    0 -112
 26 * Pi                   175    15   29   -2   17  -22   20   33  -13   -6   21   34   -7   20   12    7  -38   16   -9   45  -17   64   15   20   10    1    0  -36    7    5   26    7  -18  -81  -22   19   -2  -12   30   22  -11  -11  -13
 27 * Add-drift          -1557  -189 -105 -280 -183   14 -100    9  -63   12 -236  -17 -122  -25   -2  -25  -61  -32  -66   34  -25  -11  -39  -26  -17  -18   36    0    1   -3   27   10  -30    3    7  -72   14  -15    5  -27   -7   40   27
 28 * Copy-drift         -1871  -214  -61 -231  -68  -51 -109  -79  -43   13 -298  -37  -22  -52  -86  -52  -42  -14   12   31    5  -41   10 -244 -126  -41   -7   -1    0   12  -18   -9  -41   25   35  -39    8   14  -37  -36   30   14   19
 29 * Foxtrot            -2092  -358 -400   33  -35 -417 -140    8  -18   24    9  -32   -8  -98   -7   -5   37    3 -329   24  -25   18   -3   -7 -308   25   -5    3  -12    0  -13    4   10  -24  -33  -23   17   50  -33   15  -18   -2  -19
 30 * Flat               -2977  -201 -117  -61 -133 -187 -156  -27  -77 -107 -129 -120 -149 -213   -3 -154  -57 -152  -67 -173 -143  -19  -99 -167 -133  -22  -26  -27   18   13    0  -15   17   58   30 -189   11  -25  199  246   -6   -1 -414
 31 * Add-react          -3030  -348 -343 -120 -259  -59 -339  -87  -93   30 -122 -106 -349  -85  -65 -297  -92  -89  -66   10  -21  -77  -16   -4  -66   15   -7  -10    9   -4   15    0   32   11   -6  -28   -6    4   -7   11  -12    6   10
 32 * Switch A Lot       -3153   -65  -41 -226 -289 -160 -145  -95  -90 -112 -170 -126 -137 -166 -146  -76 -109 -164 -116 -326 -154  -87 -108 -265  -74  -23   18   30   41  -10  -17  -32    0  -23    8  -89   32   -7   23  333   11   35  -36
 33 * Text               -3237  -138  -77 -158 -133 -123  -77 -165 -114  -87 -154 -178 -134 -182 -172 -181  -63 -165 -108  -55  -52 -132  -53 -123 -156  -23   81   -3  -25   24  -58  -11   23    0   53   12   25  -11 -185  -74  -11 -185  111
 34 Knucklehead          -4465  -537 -383 -262 -401 -512 -500 -345 -465 -486 -288 -320 -218 -273 -133 -238  -34 -196 -414  -73 -194 -227 -210  -80 -203  -19   22   -7  -35   33  -30    6   -8  -53    0  -28   -2   93  165  477   -6 1000  919
 35 Peterbot             -6370  -878 -886 -849 -883 -726 -929 -707 -513 -736 -347 -941 -776 -802 -130 -937 -153 -267  -83  -74  -35 -135   43   62 -130    1  -19   72   39   23  189   28   89  -12   28    0  227  385  440  963  997  999  993
 36 Always Switchin'     -7036  -202 -207 -487 -421 -313 -266 -456 -373 -251 -391 -250 -128 -241 -421 -269 -252 -311 -178 -521 -244   -1 -279 -464 -232  -20    2  -14   -8  -17  -11    6  -32  -25    2 -227    0  -24   20  456   27    8  -21
 37 R-P-S 20-20-60       -9184  -435 -143 -318 -361 -369 -324 -391 -379 -336 -411 -399 -408 -423 -254 -369 -216 -372 -200 -143 -159 -378 -154 -397 -393  -18   12   15  -14  -50   25   -4    7   11  -93 -385   24    0 -422 -149   -5 -442   36
 38 Beat Frequent Pick  -13691  -891 -931 -593 -948 -536 -593 -730 -753 -578 -587 -591 -590 -592 -561 -596 -374 -595 -429 -596 -475 -451 -424 -999 -351 -128  -30   -5   37   33 -199    7  -23  185 -165 -440  -20  422    0 -600    0  999 1000
 39 Beat The Last Move  -19383  -987 -980 -994 -991 -994 -994 -968 -991 -717 -986 -994 -988 -996 -874 -993 -973 -993  -22 -492   32 -971   19 -997 -904    1  -22   27   36  -15 -246  -11 -333   74 -477 -963 -456  149  600    0    1 1000 1000
 40 Rotate R-P-S        -25385  -993 -991 -992 -989 -995 -991 -992 -983 -992 -986 -995 -994 -995 -953 -991 -972 -993 -992 -999 -997 -964 -990 -997 -976  -21   11    7  -30   18    6   12  -11   11    6 -997  -27    5    0   -1    0    0 -662
 41 Good Ole Rock       -26318  -992 -994 -996 -1000 -994 -1000 -996 -997 -995 -995 -1000 -1000 -1000 -985 -998 -963 -998 -998 -998 -992 -992 -996 -999 -978    0   11  -40  -14    2    1   -6  -35  185 -1000 -999   -8  442 -999 -1000    0    0  998
 42 * Anti-Flat         -27660  -979 -983 -984 -996 -988 -995 -986 -1000 -994 -998 -995 -995 -1000 -992 -994 -987 -998 -999 -999 -999 -998 -996 -998 -971  112   13  -27  -19   19  414  -10   36 -111 -919 -993   21  -36 -1000 -1000  662 -998    0

 Match results (draw <= 50): 

    Player Name           total  W  L  D   1  2  3  4  5  6  7  8  9 10 11 12 13 14 15 16 17 18 19 20 21 22 23 24 25 26 27 28 29 30 31 32 33 34 35 36 37 38 39 40 41 42
  1 Iocaine Powder          71  30  0 11   1  2  1  2  1  2  1  1  2  1  1  2  1  2  2  1  2  1  2  2  2  1  2  1  2  2  2  2  2  2  2  2  2  2  2  2  2  2  2  2  2  2
  2 Phasenbott              67  27  1 13   0  1  1  1  1  2  2  1  2  2  1  2  1  2  1  1  2  1  2  1  2  1  2  1  2  2  2  2  2  2  2  2  2  2  1  2  2  2  2  2  2  2
  3 Biopic                  65  24  0 17   1  1  1  1  1  1  2  1  1  1  1  1  1  2  1  1  2  1  2  1  2  2  2  1  2  2  2  2  1  2  2  2  2  2  2  2  2  2  2  2  2  2
  4 Simple Modeller         65  25  1 15   0  1  1  1  1  1  1  1  1  1  1  1  1  2  1  2  2  2  2  1  2  2  2  1  2  1  2  2  2  2  2  2  2  2  2  2  2  2  2  2  2  2
  5 MegaHAL                 64  24  1 16   1  1  1  1  1  2  2  1  1  1  1  1  1  2  1  1  2  1  2  0  2  1  2  1  2  1  2  2  2  2  2  2  2  2  2  2  2  2  2  2  2  2
  6 RussRocker4             61  24  4 13   0  0  1  1  0  1  1  1  1  1  1  1  1  2  1  2  2  2  2  0  1  1  2  1  2  2  2  2  2  2  2  2  2  2  2  2  2  2  2  2  2  2
  7 Robertot                59  21  3 17   1  0  0  1  0  1  1  1  1  1  1  1  1  1  1  2  2  2  2  1  2  2  2  1  1  1  2  2  1  2  2  2  1  2  2  2  2  2  2  2  2  2
  8 Shofar                  59  18  0 23   1  1  1  1  1  1  1  1  1  1  1  1  1  1  1  1  2  2  1  1  1  1  2  1  2  1  2  2  1  2  2  2  1  2  2  2  2  2  2  2  2  2
  9 ACT-R Lag2              59  20  2 19   0  0  1  1  1  1  1  1  1  1  1  1  1  2  1  2  2  1  2  1  1  2  2  1  2  1  2  2  1  1  1  2  2  2  2  2  2  2  2  2  2  2
 10 Bugbrain                59  19  1 21   1  0  1  1  1  1  1  1  1  1  1  1  1  1  1  1  2  2  2  1  2  1  2  1  1  1  2  2  2  1  2  1  2  2  2  2  2  2  2  2  2  2
 11 Boom                    58  17  0 24   1  1  1  1  1  1  1  1  1  1  1  1  1  1  1  1  1  1  1  1  2  1  2  1  1  1  2  2  2  1  2  2  2  2  2  2  2  2  2  2  2  2
 12 Yomi AI                 56  17  2 22   0  0  1  1  1  1  1  1  1  1  1  1  1  1  1  1  2  1  1  1  1  1  2  1  1  2  2  2  2  1  2  2  2  1  2  2  2  2  2  2  2  2
 13 Vroomfondel             55  14  0 27   1  1  1  1  1  1  1  1  1  1  1  1  1  1  1  1  1  1  1  1  1  2  2  1  2  1  2  1  1  1  1  2  2  1  2  2  2  2  2  2  2  2
 14 Simple Predictor        54  21  8 12   0  0  0  0  0  0  1  1  0  1  1  1  1  1  1  1  1  2  2  0  1  2  2  1  2  1  2  2  2  2  2  2  2  2  2  2  2  2  2  2  2  2
 15 Majikthise              53  13  1 27   0  1  1  1  1  1  1  1  1  1  1  1  1  1  1  1  1  1  1  1  1  2  1  1  2  1  2  1  1  1  1  2  2  1  2  2  2  2  2  2  2  2
 16 Sweet Rocky             51  15  5 21   1  1  1  0  1  0  0  1  0  1  1  1  1  1  1  1  1  1  0  1  1  1  1  1  1  1  2  2  2  1  2  2  2  2  2  2  2  2  2  2  2  2
 17 Marble                  50  20 11 10   0  0  0  0  0  0  0  0  0  0  1  0  1  1  1  1  1  2  1  1  2  1  2  1  2  2  2  2  1  2  2  2  2  2  2  2  2  2  2  2  2  2
 18 Piedra                  48  15  8 18   1  1  1  0  1  0  0  0  1  0  1  1  1  0  1  1  0  1  1  1  2  1  0  1  1  1  2  2  1  1  2  2  2  2  2  2  2  2  2  2  2  2
 19 Granite                 47  17 11 13   0  0  0  0  0  0  0  1  0  0  1  1  1  0  1  2  1  1  1  0  2  1  1  1  2  1  2  2  1  1  2  2  2  2  2  2  2  2  2  2  2  2
 20 * De Bruijn             46   7  2 32   0  1  1  1  2  2  1  1  1  1  1  1  1  2  1  1  1  1  2  1  1  2  2  1  1  1  1  1  1  1  1  1  1  1  1  1  1  1  2  1  0  1
 21 * Anti-rotn             44  14 11 16   0  0  0  0  0  1  0  1  1  0  0  1  1  1  1  1  0  0  0  1  1  1  1  1  2  1  2  2  1  1  1  2  2  2  2  2  2  2  2  2  2  2
 22 Mixed Strategy          44  12  9 20   1  1  0  0  1  1  0  1  0  1  1  1  0  0  0  1  1  1  1  0  1  1  1  0  2  1  1  2  1  1  2  2  1  2  2  1  2  2  2  2  2  2
 23 ZQ Bot                  42  17 16  8   0  0  0  0  0  0  0  0  0  0  0  0  0  0  1  1  0  2  1  0  1  1  1  1  2  1  2  2  1  2  2  2  2  2  2  2  2  2  2  2  2  2
 24 * Pi                    41   1  1 39   1  1  1  1  1  1  1  1  1  1  1  1  1  1  1  1  1  1  1  1  1  2  1  1  1  1  1  1  1  1  1  1  1  1  1  1  0  1  1  1  1  1
 25 Inocencio               40  15 16 10   0  0  0  0  0  0  1  0  0  1  1  1  0  0  0  1  0  1  0  1  0  0  0  1  1  2  1  2  1  2  2  2  2  2  2  2  2  2  2  2  2  2
 26 * Foxtrot               34   0  7 34   0  0  0  1  1  0  1  1  1  1  1  0  1  1  1  1  0  1  1  1  1  1  1  1  0  1  1  1  1  1  1  1  1  1  1  1  1  1  1  1  1  1
 27 Multi-strategy          31  12 22  7   0  0  0  0  0  0  0  0  0  0  0  0  0  0  0  0  0  0  0  1  0  1  0  1  1  1  1  0  1  2  1  2  2  2  2  2  2  2  2  2  2  2
 28 Peterbot                31  11 21  9   0  0  0  0  0  0  0  0  0  0  0  0  1  0  1  0  0  0  0  1  0  0  0  1  0  1  2  1  2  1  1  1  2  2  2  2  1  2  2  2  2  2
 29 * Add-drift             30   0 11 30   0  0  1  0  0  0  1  1  1  0  0  0  1  0  1  0  1  1  1  1  1  1  1  1  1  1  1  0  1  1  1  1  1  1  1  1  1  1  1  1  1  1
 30 * Copy-drift            28   0 13 28   0  0  0  0  0  0  0  0  1  1  1  1  1  0  1  1  0  1  1  1  1  1  0  1  0  1  0  1  1  1  1  1  1  1  1  1  1  1  1  1  1  1
 31 * Add-react             22   0 19 22   0  0  0  0  0  0  0  0  1  0  0  0  1  0  1  0  0  0  0  1  1  0  0  1  0  1  1  1  1  1  1  1  1  1  1  1  1  1  1  1  1  1
 32 Knucklehead             22   5 24 12   0  0  0  0  0  0  0  0  0  1  0  0  0  0  0  0  0  0  0  1  0  0  0  1  0  1  0  1  1  1  1  1  1  2  1  1  0  2  2  1  2  2
 33 * Flat                  21   3 23 15   0  0  0  0  0  0  1  1  0  0  0  0  0  0  0  0  0  0  0  1  0  1  0  1  0  1  0  0  1  1  1  1  1  2  1  1  2  1  2  1  0  1
 34 Beat The Last Move      20   5 26 10   0  0  0  0  0  0  0  0  0  0  0  1  1  0  1  0  0  0  0  1  0  0  0  1  0  1  0  0  1  1  1  0  0  1  0  0  2  2  2  1  2  2
 35 * Switch A Lot          18   1 24 16   0  1  0  0  0  0  0  0  0  0  0  0  0  0  0  0  0  0  0  1  0  0  0  1  0  1  0  0  1  1  1  1  1  2  1  1  1  1  1  1  1  1
 36 Always Switchin'        18   1 24 16   0  0  0  0  0  0  0  0  0  0  0  0  0  0  0  0  0  0  0  1  0  1  0  1  0  1  0  0  1  1  1  1  1  2  1  1  1  1  1  1  1  1
 37 * Text                  16   3 28 10   0  0  0  0  0  0  0  0  0  0  0  0  0  0  0  0  0  0  0  1  0  0  0  2  0  1  0  1  1  1  1  2  0  0  1  1  1  0  0  1  2  1
 38 Good Ole Rock           16   3 28 10   0  0  0  0  0  0  0  0  0  0  0  0  0  0  0  0  0  0  0  1  0  0  0  1  0  1  0  0  1  1  1  0  1  0  1  1  2  1  0  1  2  2
 39 Beat Frequent Pick      16   4 29  8   0  0  0  0  0  0  0  0  0  0  0  0  0  0  0  0  0  0  0  0  0  0  0  1  0  1  0  0  1  1  1  0  0  0  1  1  2  2  1  1  2  2
 40 Rotate R-P-S            15   0 26 15   0  0  0  0  0  0  0  0  0  0  0  0  0  0  0  0  0  0  0  1  0  0  0  1  0  1  0  0  1  1  1  1  1  1  1  1  1  1  1  1  0  1
 41 * Anti-Flat             14   3 30  8   0  0  0  0  0  0  0  0  0  0  0  0  0  0  0  0  0  0  0  2  0  0  0  1  0  1  0  0  1  1  1  0  2  0  1  1  0  0  0  2  1  1
 42 R-P-S 20-20-60          12   0 29 12   0  0  0  0  0  0  0  0  0  0  0  0  0  0  0  0  0  0  0  1  0  0  0  1  0  1  0  0  1  1  1  0  1  0  1  1  1  0  0  1  1  1


   Yomi AI is match ranked 12

 Tournament results:
    Player Name          total 
  1 Yomi AI               5504 
 19 Iocaine Powder       10939 
 20 Phasenbott            9876 
 21 MegaHAL               9437 
 22 RussRocker4           7763 
 23 Biopic                8555 
 24 Simple Modeller       9438 
 25 Simple Predictor      6946 
 26 Robertot              7329 
 27 Boom                  7306 
 28 Shofar                6305 
 29 ACT-R Lag2            7049 
 32 Granite               6598 
 33 Marble                6335 
 34 ZQ Bot                5832 
 35 Sweet Rocky           6514 
 36 Piedra                5745 
 41 Bugbrain              5800 

   Yomi is tournament ranked 18

