 Playing 1 tournaments with 1000 trials per match...

 Yomi AI            vs Good Ole Rock       Match: 1000 (1000+   0-   0=)
 Yomi AI            vs R-P-S 20-20-60      Match:  300 (541+ 241- 218=)
 Yomi AI            vs Rotate R-P-S        Match:  884 (915+  31-  54=)
 Yomi AI            vs Beat The Last Move  Match:   61 (370+ 309- 321=)
 Yomi AI            vs Always Switchin'    Match:  239 (456+ 217- 327=)
 Yomi AI            vs Beat Frequent Pick  Match:  549 (730+ 181-  89=)
 Yomi AI            vs * Pi                Match:  -23 (325+ 348- 327=)
 Yomi AI            vs * Switch A Lot      Match:  162 (440+ 278- 282=)
 Yomi AI            vs * Flat              Match:  155 (447+ 292- 261=)
 Yomi AI            vs * Anti-Flat         Match:  928 (944+  16-  40=)
 Yomi AI            vs * Foxtrot           Match:  354 (577+ 223- 200=)
 Yomi AI            vs * De Bruijn         Match:   12 (336+ 324- 340=)
 Yomi AI            vs * Text              Match:   98 (403+ 305- 292=)
 Yomi AI            vs * Anti-rotn         Match:   -4 (336+ 340- 324=)
 Yomi AI            vs * Copy-drift        Match:  -23 (336+ 359- 305=)
 Yomi AI            vs * Add-react         Match:   27 (347+ 320- 333=)
 Yomi AI            vs * Add-drift         Match:   56 (360+ 304- 336=)
 Yomi AI            vs Iocaine Powder      Match:  -56 (311+ 367- 322=)
 Yomi AI            vs Phasenbott          Match:   15 (342+ 327- 331=)
 Yomi AI            vs MegaHAL             Match:    9 (361+ 352- 287=)
 Yomi AI            vs RussRocker4         Match:  -16 (356+ 372- 272=)
 Yomi AI            vs Biopic              Match:   -2 (354+ 356- 290=)
 Yomi AI            vs Simple Modeller     Match:  -42 (316+ 358- 326=)
 Yomi AI            vs Simple Predictor    Match:  -21 (342+ 363- 295=)
 Yomi AI            vs Robertot            Match:  -24 (346+ 370- 284=)
 Yomi AI            vs Boom                Match:   22 (355+ 333- 312=)
 Yomi AI            vs Shofar              Match:   -3 (319+ 322- 359=)
 Yomi AI            vs ACT-R Lag2          Match:  -14 (330+ 344- 326=)
 Yomi AI            vs Majikthise          Match:  -21 (352+ 373- 275=)
 Yomi AI            vs Vroomfondel         Match:   26 (347+ 321- 332=)
 Yomi AI            vs Granite             Match:   70 (420+ 350- 230=)
 Yomi AI            vs Marble              Match:   80 (427+ 347- 226=)
 Yomi AI            vs ZQ Bot              Match:    5 (356+ 351- 293=)
 Yomi AI            vs Sweet Rocky         Match:   68 (365+ 297- 338=)
 Yomi AI            vs Piedra              Match:   38 (372+ 334- 294=)
 Yomi AI            vs Mixed Strategy      Match:   70 (397+ 327- 276=)
 Yomi AI            vs Multi-strategy      Match:  244 (506+ 262- 232=)
 Yomi AI            vs Inocencio           Match:  105 (431+ 326- 243=)
 Yomi AI            vs Peterbot            Match:  -11 (337+ 348- 315=)
 Yomi AI            vs Bugbrain            Match:   -8 (343+ 351- 306=)
 Yomi AI            vs Knucklehead         Match:  497 (664+ 167- 169=)
 Final results (draw value = 50):

 Tournament results: 

    Player Name          total     1    2    3    4    5    6    7    8    9   10   11   12   13   14   15   16   17   18   19   20   21   22   23   24   25   26   27   28   29   30   31   32   33   34   35   36   37   38   39   40   41   42
  1 Iocaine Powder       10597     0   61   75   38   49  524   57  203   25  241  217    4   34   54   51   36   56  241   50    8   57  -11  235  200   28  -49  149  355  162  143  224   90  583   70  897  199  364  905  997  988  994  993
  2 Phasenbott            9903   -61    0   44   53   13  521   44  120  -17  234  202  -14  -18   67    3   93  -15  262   61   88   18   -8  190  233   45    6  137  353  105   88  393   90  405   57  929  170  117  930  985  992  994  994
  3 MegaHAL               9541   -75  -44    0  -19   33  122  -12   59   30  269  228   34  -16   17  -34    4   -9  275   92   95   -4  -26  202  193  -25   -2  197   86   69  117  270  133  410  214  920  440  398  925  990  987  998 1000
  4 Simple Modeller       9425   -38  -53   19    0   46   31    0  267    0   55   41   43   -4   36   32   21   42  314   54   66    9    4  173  684  -54  -20  224   14  220  138  103  128  250  210  917  470  414  593  991  991  999  995
  5 Biopic                8445   -49  -13  -33  -46    0  -23   54   32    8  143  137   51   15   35    3   54    2   72   39   29    3   -1  248  146  -18  -11   34  392   63   80   83  -56  507  213  720  335  404  809  996  995  999  994
  6 RussRocker4           7553  -524 -521 -122  -31   23    0   35   84   28  159  124   44   32   54    0  -20   16  185   55   52   -8  -20  237  132  -17   18  164  155  138   60  357   87  432  154  937  265  224  585  993  993  998  996
  7 Robertot              7552   -57  -44   12    0  -54  -35    0   -8  -36   30   52   56   -3   35   15   -5   24   66   43   68   -1   -7  347   -2  -17  -39    6  -19   69   41  112  174  438   71  604  474  429  744  980  994  999  996
  8 Simple Predictor      7394  -203 -120  -59 -267  -32  -84    8    0  -59   -1   78   42   -4   29   48  -75   21  178   54   24  -50  -22  220  232  -73  -21  271  -16  246   92  122  149  246  174  872  424  392  592  986  989  993  998
  9 Boom                  7108   -25   17  -30    0   -8  -28   36   59    0   16   96   64  -37    7   -5  -38  -22   44   57   -1  -23  -38  158    9   24   11  -23  -20   23   44   97  106  380  289  327  483  337  753  991  987  997  994
 10 Marble                6814  -241 -234 -269  -55 -143 -159  -30    1  -16    0   16   43  -51   36 -122 -148  -80  102   50   41  -15  -40  372  651  -53  -27    6   56  105  144   93  177  364  138  908  226  386  594  994  996  998 1000
 11 Granite               6608  -217 -202 -228  -41 -137 -124  -52  -78  -96  -16    0   76  -28   22  -83 -139  -70  -39   49    5  -44  -42  357  646  -51  -45   36   70   54  171   76  177  323  179  923  224  375  593  994  990 1000 1000
 12 Piedra                6534    -4   14  -34  -43  -51  -44  -56  -42  -64  -43  -76    0  -27  -14  -17  -29  -38  -56   45   38  -44  -33  175  -46  -28  -17   36   30   -4  115  229  183  194  163  992  197  363  593  992  987  998 1000
 13 Shofar                6311   -34   18   16    4  -15  -32    3    4   37   51   28   27    0   29   11  -30    3  105   33   51   -1  -15   98   35  -13  -13   42   10  163  -19   54  161  136  181   62  446  355  556  869  936  971  988
 14 Sweet Rocky           6066   -54  -67  -17  -36  -35  -54  -35  -29   -7  -36  -22   14  -29    0  -63  -20  -68  -77   51  -59  -43  -56   90  680  -32   22   25  -63   75  154   94  163  211   72  116  252  385  594  991  989  995  995
 15 Bugbrain              6014   -51   -3   34  -32   -3    0  -15  -48    5  122   83   17  -11   63    0   22    8  155   30   48  -26  -16  100   36  -27  -32   83  -12   55   55  102   95   31   99  329  233  191  433  968  964  945  984
 16 ACT-R Lag2            5811   -36  -93   -4  -21  -54   20    5   75   38  148  139   29   30   20  -22    0   14   83   20   77   14    4  265   73  -86    8   12  -28   33  105   21   66  472  144   92  293  282  577   12  994  997  993
 17 Yomi AI               5806   -56   15    9  -42   -2  -16  -24  -21   22   80   70   38   -3   68   -8  -14    0    5   -4   70   26  -21  244  105   12  -23   56  354  -23  155   27   98  497  162  -11  239  300  549   61  884 1000  928
 18 ZQ Bot                5585  -241 -262 -275 -314  -72 -185  -66 -178  -44 -102   39   56 -105   77 -155  -83   -5    0   78  -34  -52   23  256  -47  -19   -6   47   -6   34  123  391  159  306  236  912  166  361  593  995  989 1000  995
 19 * Anti-rotn           5159   -50  -61  -92  -54  -39  -55  -43  -54  -57  -50  -49  -45  -33  -51  -30  -20    4  -78    0  -48  -22   48  122  532  -79  -38  -15   20   18  231  -22   57   49  335   41  503  204  596  497  996  996  995
 20 Mixed Strategy        5077    -8  -88  -95  -66  -29  -52  -68  -24    1  -41   -5  -38  -51   59  -48  -77  -70   34   48    0  -10  -33   20   52  -50  -15   40    4   57  -32   35  181  208   72  210   75  419  548  969  947  998 1000
 21 Vroomfondel           4830   -57  -18    4   -9   -3    8    1   50   23   15   44   44    1   43   26  -14  -26   52   22   10    0    7  157   61    5   36   27   24    3   92  -18   53  207  125   16  219  163  445   11  991  995  995
 22 Majikthise            4719    11    8   26   -4    1   20    7   22   38   40   42   33   15   56   16   -4   21  -23  -48   33   -7    0  129   40  -31   45    8    2  -37   74   40  -12  229  114   80  242  150  422  -66  996  995  996
 23 Multi-strategy        2748  -235 -190 -202 -173 -248 -237 -347 -220 -158 -372 -357 -175  -98  -90 -100 -265 -244 -256 -122  -20 -157 -129    0  -66  -50  -20    0   22  243  131   64  123   49  269  500  473  416  999  997  997  999  997
 24 Inocencio             1448  -200 -233 -193 -684 -146 -132    2 -232   -9 -651 -646   46  -35 -680  -36  -73 -105   47 -532  -52  -61  -40   66    0   -5  -21   17  292   70  106   80  155  197   96  164  208  419  364  943  984  978  980
 25 * De Bruijn            704   -28  -45   25   54   18   17   17   73  -24   53   51   28   13   32   27   86  -12   19   79   50   -5   31   50    5    0   -1  -46   36   12   -1   -9   23   -4   20   -9   32    5  128   -1   21    0 -116
 26 * Pi                   197    49   -6    2   20   11  -18   39   21  -11   27   45   17   13  -22   32   -8   23    6   38   15  -36  -45   20   21    1    0   34  -41  -22   -9  -45  -81  -18  -21   25   66   35   30   22  -11  -11  -10
 27 * Add-drift          -1732  -149 -137 -197 -224  -34 -164   -6 -271   23   -6  -36  -36  -42  -25  -83  -12  -56  -47   15  -40  -27   -8    0  -17   46  -34    0    4  -29  -44   -1  -78    8   -4  -29    2    7   -7   -1   20  -21    8
 28 * Foxtrot            -1991  -355 -353  -86  -14 -392 -155   19   16   20  -56  -70  -30  -10   63   12   28 -354    6  -20   -4  -24   -2  -22 -292  -36   41   -4    0   37   36   12    6  -46   -6  -38   43   18   -2   19   28   -3  -21
 29 * Copy-drift         -2052  -162 -105  -69 -220  -63 -138  -69 -246  -23 -105  -54    4 -163  -75  -55  -33   23  -34  -18  -57   -3   37 -243  -70  -12   22   29  -37    0  -16   28   14 -113  -26  -42   -3   -9  -17    1   23   12   35
 30 * Flat               -2549  -143  -88 -117 -138  -80  -60  -41  -92  -44 -144 -171 -115   19 -154  -55 -105 -155 -123 -231   32  -92  -74 -131 -106    1    9   44  -36   16    0  -27    6   -3   -4 -190  -24  -25  252  213   24   -1 -396
 31 * Add-react          -3002  -224 -393 -270 -103  -83 -357 -112 -122  -97  -93  -76 -229  -54  -94 -102  -21  -27 -391   22  -35   18  -40  -64  -80    9   45    1  -12  -28   27    0    6  -85   -8  -37   13   41   13   34    0    3    3
 32 * Text               -3072   -90  -90 -133 -128   56  -87 -174 -149 -106 -177 -177 -183 -161 -163  -95  -66  -98 -159  -57 -181  -53   12 -123 -155  -23   81   78   -6  -14   -6   -6    0  -31  -32    3  -38    2 -185  -74  -11 -185  112
 33 Knucklehead          -3247  -583 -405 -410 -250 -507 -432 -438 -246 -380 -364 -323 -194 -136 -211  -31 -472 -497 -306  -49 -208 -207 -229  -49 -197    4   18   -8   46  113    3   85   31    0   13  -64   26   82  143  969  478  954  984
 34 * Switch A Lot       -3556   -70  -57 -214 -210 -213 -154  -71 -174 -289 -138 -179 -163 -181  -72  -99 -144 -162 -236 -335  -72 -125 -114 -269  -96  -20   21    4    6   26    4    8   32  -13    0 -109  -22   43   11  282   12   -3   -1
 35 Peterbot             -6907  -897 -929 -920 -917 -720 -937 -604 -872 -327 -908 -923 -992  -62 -116 -329  -92   11 -912  -41 -210  -16  -80 -500 -164    9  -25   29   38   42  190   37   -3   64  109    0  251  400  438  981  997 1000  993
 36 Always Switchin'     -7062  -199 -170 -440 -470 -335 -265 -474 -424 -483 -226 -224 -197 -446 -252 -233 -293 -239 -166 -503  -75 -219 -242 -473 -208  -32  -66   -2  -43    3   24  -13   38  -26   22 -251    0   27    8  493   -1   13    0
 37 R-P-S 20-20-60       -9383  -364 -117 -398 -414 -404 -224 -429 -392 -337 -386 -375 -363 -355 -385 -191 -282 -300 -361 -204 -419 -163 -150 -416 -419   -5  -35   -7  -18    9   25  -41   -2  -82  -43 -400  -27    0 -405 -143   -7 -419   65
 38 Beat Frequent Pick  -14303  -905 -930 -925 -593 -809 -585 -744 -592 -753 -594 -593 -593 -556 -594 -433 -577 -549 -593 -596 -548 -445 -422 -999 -364 -128  -30    7    2   17 -252  -13  185 -143  -11 -438   -8  405    0 -600    0  999  997
 39 Beat The Last Move  -19333  -997 -985 -990 -991 -996 -993 -980 -986 -991 -994 -994 -992 -869 -991 -968  -12  -61 -995 -497 -969  -11   66 -997 -943    1  -22    1  -19   -1 -213  -34   74 -969 -282 -981 -493  143  600    0    1 1000  997
 40 Rotate R-P-S        -25814  -988 -992 -987 -991 -995 -993 -994 -989 -987 -996 -990 -987 -936 -989 -964 -994 -884 -989 -996 -947 -991 -996 -997 -984  -21   11  -20  -28  -23  -24    0   11 -478  -12 -997    1    7    0   -1    0    0 -684
 41 Good Ole Rock       -26175  -994 -994 -998 -999 -999 -998 -999 -993 -997 -998 -1000 -998 -971 -995 -945 -997 -1000 -1000 -996 -998 -995 -995 -999 -978    0   11   21    3  -12    1   -3  185 -954    3 -1000  -13  419 -999 -1000    0    0  999
 42 * Anti-Flat         -27771  -993 -994 -1000 -995 -994 -996 -996 -998 -994 -1000 -1000 -1000 -988 -995 -984 -993 -928 -995 -995 -1000 -995 -996 -997 -980  116   10   -8   21  -35  396   -3 -112 -984    1 -993    0  -65 -997 -997  684 -999    0

 Match results (draw <= 50): 

    Player Name           total  W  L  D   1  2  3  4  5  6  7  8  9 10 11 12 13 14 15 16 17 18 19 20 21 22 23 24 25 26 27 28 29 30 31 32 33 34 35 36 37 38 39 40 41 42
  1 Iocaine Powder          71  30  0 11   1  2  2  2  1  1  2  2  1  1  2  1  2  2  1  1  2  2  1  2  1  2  1  2  1  2  2  2  2  2  2  2  2  2  2  2  2  2  2  2  2  2
  2 Phasenbott              68  28  1 12   0  1  1  2  1  2  1  1  1  1  1  2  2  1  1  1  2  2  1  2  2  2  2  2  1  2  2  2  2  2  2  2  2  2  2  2  2  2  2  2  2  2
  3 MegaHAL                 65  25  1 15   0  1  1  2  1  1  1  1  1  1  1  1  2  1  1  1  1  2  1  2  2  2  2  2  1  2  2  2  2  2  2  2  2  2  2  2  2  2  2  2  2  2
  4 RussRocker4             63  25  3 13   0  0  0  1  1  1  1  1  1  1  1  1  2  1  1  1  2  2  1  2  2  2  2  2  1  2  2  2  2  2  2  2  2  2  2  2  2  2  2  2  2  2
  5 Biopic                  62  22  1 18   1  1  1  1  1  1  1  1  1  1  2  2  1  1  1  2  1  2  1  2  1  2  1  2  1  2  1  2  2  2  2  2  2  2  0  2  2  2  2  2  2  2
  6 Simple Modeller         61  22  2 17   1  0  1  1  1  1  1  1  1  1  1  1  2  1  1  1  1  2  0  1  2  2  2  2  1  1  2  2  2  2  2  2  2  2  2  2  2  2  2  2  2  2
  7 Yomi AI                 59  19  1 21   0  1  1  1  1  1  1  1  1  1  1  1  1  1  1  1  2  2  1  2  2  1  1  2  1  2  2  2  1  2  1  1  2  2  2  2  2  2  2  2  2  2
  8 Bugbrain                59  19  1 21   0  1  1  1  1  1  1  1  1  1  1  1  1  1  1  1  2  2  1  2  1  2  1  1  1  1  2  2  2  1  2  2  2  2  2  2  2  2  2  2  2  2
  9 Boom                    58  17  0 24   1  1  1  1  1  1  1  1  1  1  1  1  2  1  1  2  1  1  1  2  1  1  2  1  1  1  1  2  2  2  1  2  1  2  2  2  2  2  2  2  2  2
 10 Shofar                  58  17  0 24   1  1  1  1  1  1  1  1  1  1  1  1  1  1  1  1  1  2  1  1  2  2  1  1  1  1  1  2  2  2  2  2  1  2  2  2  2  2  2  2  2  2
 11 Robertot                57  18  2 21   0  1  1  1  0  1  1  1  1  1  1  1  1  1  1  2  1  1  1  2  2  2  1  1  1  1  1  2  2  2  2  2  1  2  2  2  2  2  2  2  2  2
 12 ACT-R Lag2              56  18  3 20   1  0  1  1  0  1  1  1  1  1  1  1  2  1  1  1  1  2  0  2  2  2  1  2  1  1  1  2  2  2  1  1  2  1  2  2  2  2  2  2  2  2
 13 Simple Predictor        53  20  8 13   0  0  0  0  1  0  1  1  0  1  1  0  1  1  1  1  1  1  0  2  1  2  2  2  1  1  2  2  2  2  2  2  2  2  2  2  2  2  2  2  2  2
 14 Vroomfondel             53  13  1 27   0  1  1  1  1  1  1  1  1  1  1  1  1  1  1  1  1  1  1  1  1  2  1  2  1  1  1  2  1  2  1  1  2  1  2  2  2  2  2  2  2  2
 15 Majikthise              52  12  1 28   1  1  1  1  1  1  1  1  1  1  1  1  1  1  1  1  2  1  1  1  1  1  1  1  1  1  1  2  2  2  1  1  2  0  1  2  2  2  2  2  2  2
 16 Piedra                  50  14  5 22   1  1  1  1  0  1  1  1  0  1  0  1  1  1  1  1  1  1  1  0  1  0  1  1  1  1  1  2  2  2  1  2  2  2  2  2  2  2  2  2  2  2
 17 Sweet Rocky             49  17  9 15   0  0  1  0  1  1  0  0  1  1  1  1  1  1  0  1  1  1  1  1  0  0  2  2  1  0  1  2  2  2  2  2  2  2  2  2  2  2  2  2  2  2
 18 Marble                  48  18 11 12   0  0  0  0  0  0  0  0  1  0  1  0  1  1  1  1  1  1  0  1  1  2  1  2  1  2  1  2  2  2  2  2  2  2  2  2  2  2  2  2  2  2
 19 * De Bruijn             47   7  1 33   1  1  1  1  1  2  1  1  1  1  1  2  2  1  1  1  1  2  1  2  1  1  2  1  1  1  1  1  1  1  1  1  1  1  1  1  1  1  2  1  1  0
 20 Granite                 47  18 12 11   0  0  0  0  0  1  0  0  0  1  0  0  0  1  1  2  1  1  0  1  1  1  1  2  1  2  1  2  2  2  2  2  2  2  2  2  2  2  2  2  2  2
 21 Mixed Strategy          47  14  8 19   1  0  0  0  1  0  0  1  1  0  0  0  1  1  1  1  2  1  1  1  1  1  1  2  1  1  1  1  2  2  2  1  1  2  2  2  2  2  2  2  2  2
 22 ZQ Bot                  45  17 13 11   0  0  0  0  0  0  1  0  1  0  0  0  0  0  1  2  2  0  1  1  1  1  2  1  1  1  1  2  2  2  1  2  2  2  2  2  2  2  2  2  2  2
 23 * Anti-rotn             44  12  9 20   1  0  0  0  1  0  1  1  0  1  1  1  0  1  1  1  0  1  0  1  1  0  1  2  1  1  1  2  1  1  1  1  2  2  2  2  2  2  2  2  2  2
 24 Inocencio               42  16 15 10   0  0  0  0  0  0  0  1  1  1  1  0  0  0  1  1  0  0  1  0  0  1  0  1  1  2  1  2  2  2  2  2  2  2  2  2  2  2  2  2  2  2
 25 * Pi                    41   1  1 39   1  1  1  1  1  1  1  1  1  1  1  1  1  1  1  1  1  1  1  1  1  1  1  1  1  1  1  1  1  1  1  1  1  1  0  1  1  2  1  1  1  1
 26 * Foxtrot               33   1  9 31   0  0  0  0  0  1  0  1  1  1  1  1  1  1  1  1  2  0  1  0  1  1  1  0  1  1  1  1  1  1  1  1  1  1  1  1  1  1  1  1  1  1
 27 * Add-drift             32   0  9 32   0  0  0  0  1  0  0  0  1  1  1  1  0  1  1  1  1  1  1  1  1  1  1  1  1  1  1  1  1  1  1  1  1  1  0  1  1  1  1  1  1  1
 28 Multi-strategy          32  13 22  6   0  0  0  0  0  0  0  0  0  0  0  0  0  0  0  0  0  0  1  0  1  0  0  0  1  1  1  1  2  1  2  2  2  2  2  2  2  2  2  2  2  2
 29 Peterbot                30  10 21 10   0  0  0  0  0  0  1  0  0  0  0  0  0  1  0  0  0  0  1  0  0  0  1  0  1  1  1  0  1  2  1  1  2  2  1  2  2  2  2  2  2  2
 30 Knucklehead             27   8 22 11   0  0  0  0  0  0  0  1  0  0  0  0  0  0  0  0  0  0  1  0  0  0  1  0  1  1  1  1  0  1  2  2  1  2  1  1  2  1  2  2  2  2
 31 * Copy-drift            24   0 17 24   0  0  0  0  0  0  1  0  1  0  0  1  0  1  1  1  0  0  1  0  0  1  1  0  1  1  1  0  1  0  1  1  1  1  1  1  1  1  1  1  1  1
 32 * Add-react             22   0 19 22   0  0  0  0  0  0  1  0  0  0  0  1  0  1  1  0  0  0  1  0  1  0  1  0  1  1  1  0  1  0  1  1  1  1  1  1  1  1  1  1  1  1
 33 * Flat                  21   2 22 17   0  0  0  0  0  0  0  0  1  1  1  0  0  0  0  0  0  0  1  0  1  0  0  0  1  1  1  0  0  1  1  1  1  2  1  1  1  1  2  1  1  0
 34 Beat The Last Move      21   6 26  9   0  0  0  0  0  0  0  0  0  0  0  1  0  1  2  0  0  0  1  0  0  0  0  0  1  1  1  0  0  0  1  1  0  1  2  0  2  0  2  1  2  2
 35 * Text                  20   4 25 12   0  0  0  0  2  0  0  0  0  0  0  0  0  0  1  0  0  0  1  0  0  0  0  0  2  1  2  0  1  1  1  1  1  0  1  1  0  1  0  1  1  2
 36 * Switch A Lot          17   1 25 15   0  0  0  0  0  0  0  0  0  0  0  0  0  0  0  0  0  0  1  0  0  0  0  0  1  1  1  0  0  1  1  1  1  2  1  1  1  1  1  1  1  1
 37 Good Ole Rock           16   3 28 10   0  0  0  0  0  0  0  0  0  0  0  0  0  0  0  0  0  0  1  0  0  0  0  0  1  1  1  0  0  0  1  1  1  0  2  1  1  1  0  1  2  2
 38 Always Switchin'        16   1 26 14   0  0  0  0  0  0  0  0  0  0  0  0  0  0  0  0  0  0  1  0  0  0  0  0  0  1  1  0  0  1  1  1  1  2  1  1  1  1  1  1  1  1
 39 Beat Frequent Pick      16   4 29  8   0  0  0  0  0  0  0  0  0  0  0  0  0  0  0  0  0  0  0  0  0  0  0  0  1  1  1  0  0  0  1  1  0  0  2  1  2  1  1  1  2  2
 40 Rotate R-P-S            14   0 27 14   0  0  0  0  0  0  0  0  0  0  0  0  0  0  0  0  0  0  1  0  0  0  0  0  1  1  1  0  0  0  1  1  1  1  1  1  1  1  1  1  1  0
 41 R-P-S 20-20-60          13   1 29 11   0  0  0  0  0  0  0  0  0  0  0  0  0  0  0  0  0  0  1  0  0  0  0  0  1  1  1  0  0  0  1  1  1  0  1  1  0  1  0  1  1  2
 42 * Anti-Flat             13   3 31  7   0  0  0  0  0  0  0  0  0  0  0  0  0  0  0  0  0  0  2  0  0  0  0  0  1  1  1  0  0  0  1  1  2  0  0  1  0  1  0  2  0  1


   Yomi AI is match ranked 7

 Tournament results:
    Player Name          total 
  1 Yomi AI               5806 
 19 Iocaine Powder       10597 
 20 Phasenbott            9903 
 21 MegaHAL               9541 
 22 RussRocker4           7553 
 23 Biopic                8445 
 24 Simple Modeller       9425 
 25 Simple Predictor      7394 
 26 Robertot              7552 
 27 Boom                  7108 
 28 Shofar                6311 
 29 ACT-R Lag2            5811 
 32 Granite               6608 
 33 Marble                6814 
 35 Sweet Rocky           6066 
 36 Piedra                6534 
 41 Bugbrain              6014 

   Yomi is tournament ranked 17

