 Playing 1 tournaments with 1000 trials per match...

 Yomi AI            vs Good Ole Rock       Match: 1000 (1000+   0-   0=)
 Yomi AI            vs R-P-S 20-20-60      Match:  310 (546+ 236- 218=)
 Yomi AI            vs Rotate R-P-S        Match:  991 (993+   2-   5=)
 Yomi AI            vs Beat The Last Move  Match:   35 (356+ 321- 323=)
 Yomi AI            vs Always Switchin'    Match:  153 (453+ 300- 247=)
 Yomi AI            vs Beat Frequent Pick  Match:  504 (687+ 183- 130=)
 Yomi AI            vs * Pi                Match:    7 (344+ 337- 319=)
 Yomi AI            vs * Switch A Lot      Match:  131 (415+ 284- 301=)
 Yomi AI            vs * Flat              Match:   64 (383+ 319- 298=)
 Yomi AI            vs * Anti-Flat         Match:  996 (998+   2-   0=)
 Yomi AI            vs * Foxtrot           Match:  309 (528+ 219- 253=)
 Yomi AI            vs * De Bruijn         Match:  -25 (321+ 346- 333=)
 Yomi AI            vs * Text              Match:   92 (397+ 305- 298=)
 Yomi AI            vs * Anti-rotn         Match:  -14 (319+ 333- 348=)
 Yomi AI            vs * Copy-drift        Match:   19 (345+ 326- 329=)
 Yomi AI            vs * Add-react         Match:   52 (366+ 314- 320=)
 Yomi AI            vs * Add-drift         Match:    2 (342+ 340- 318=)
 Yomi AI            vs Iocaine Powder      Match:  -63 (317+ 380- 303=)
 Yomi AI            vs Phasenbott          Match:  -26 (324+ 350- 326=)
 Yomi AI            vs MegaHAL             Match:    0 (356+ 356- 288=)
 Yomi AI            vs RussRocker4         Match:   -4 (355+ 359- 286=)
 Yomi AI            vs Biopic              Match:    8 (338+ 330- 332=)
 Yomi AI            vs Simple Modeller     Match:  -48 (316+ 364- 320=)
 Yomi AI            vs Simple Predictor    Match:   34 (376+ 342- 282=)
 Yomi AI            vs Robertot            Match:   24 (357+ 333- 310=)
 Yomi AI            vs Boom                Match:   68 (361+ 293- 346=)
 Yomi AI            vs Shofar              Match:  -31 (326+ 357- 317=)
 Yomi AI            vs ACT-R Lag2          Match:   23 (352+ 329- 319=)
 Yomi AI            vs Majikthise          Match:    8 (345+ 337- 318=)
 Yomi AI            vs Vroomfondel         Match:  -64 (296+ 360- 344=)
 Yomi AI            vs Granite             Match:   39 (385+ 346- 269=)
 Yomi AI            vs Marble              Match:   78 (403+ 325- 272=)
 Yomi AI            vs ZQ Bot              Match:   12 (349+ 337- 314=)
 Yomi AI            vs Sweet Rocky         Match:   40 (378+ 338- 284=)
 Yomi AI            vs Piedra              Match:   17 (353+ 336- 311=)
 Yomi AI            vs Mixed Strategy      Match:   43 (367+ 324- 309=)
 Yomi AI            vs Multi-strategy      Match:  268 (513+ 245- 242=)
 Yomi AI            vs Inocencio           Match:   74 (396+ 322- 282=)
 Yomi AI            vs Peterbot            Match:  107 (420+ 313- 267=)
 Yomi AI            vs Bugbrain            Match:  -14 (332+ 346- 322=)
 Yomi AI            vs Knucklehead         Match:  483 (653+ 170- 177=)
 Final results (draw value = 50):

 Tournament results: 

    Player Name          total     1    2    3    4    5    6    7    8    9   10   11   12   13   14   15   16   17   18   19   20   21   22   23   24   25   26   27   28   29   30   31   32   33   34   35   36   37   38   39   40   41   42
  1 Iocaine Powder       11021     0   40   50   19   43  169  503  103    6  239  206  -17  297   25   16   70   74   63   63   53   67    0  336   15  -22  272  178  161  379  581  185  319  124   71  859  253  349  911  986 1000  990  985
  2 Phasenbott           10124   -40    0   62   48    3  127  499   44   29  197  221   12  232   91   41   41  -11   26   89   95   -2   53  243   51  -14  211   94   80  344  382  103  367   68   99  937  286  114  941  986  995  991  989
  3 MegaHAL               9593   -50  -62    0    9  -12   25   93   16   48  229  271    5  239  -20   23   52   22    0   27   80  -21   12  293  -10   65  208  201   36   39  365  158  280  142  223  872  470  341  944  988 1000  992 1000
  4 Biopic                9076   -19  -48   -9    0  -40   68  -18   19   12  121  109   -6  112   69  -13   32   34   -8   69  -49   36   25  401  -20   37  189  -37  119  394  450  130   66  134  163  994  290  371  911  997  996  996  999
  5 Simple Modeller       8674   -43   -3   12   40    0  230  -10  -48   26   84   97  -48  310   22   74   52   46   48   36  112   33   -4   90   12    4  477  220  295  -32  220   74  129  149  248  320  448  380  591  994  999  993  997
  6 Simple Predictor      8113  -169 -127  -25  -68 -230    0 -115  -16   25   11  -20  -21  156   19   37   61   67  -34   32   58  -43   -9  191  -79  -14  638  299  256  -18  290  107  180  154  225  905  418  419  592  984  995  989  993
  7 RussRocker4           7851  -503 -499  -93   18   10  115    0   30   45  135  147  -18  145   31   13   42   24    4   35   97    2  -19  356  -38   18  121  157  160  186  453  145  373   65  121  910  231  260  589  992 1000  995  996
  8 Robertot              7513  -103  -44  -16  -19   48   16  -30    0  -45   11   -5   30   48   -8   -3   40   53  -24   51   32  -58   11  311  -34  -26   -4   13   79    8  430   59  106  174   77  682  453  401  830  980  999  994  996
  9 Boom                  7195    -6  -29  -48  -12  -26  -25  -45   45    0   29   56   -8   56  -48   -8   63   38  -68   27   23  -35  -26  181    8  -34   35    3  100  -16  417   53   94  135  168  515  448  413  753  991  995  989  994
 10 Marble                6919  -239 -197 -229 -121  -84  -11 -135  -11  -29    0  -16  -34   32  -82  -56   49   24  -78   54   36   -5  -20  273 -105    6  637   47   92   57  317  164   82  177  151  915  253  429  594  996 1000  995  991
 11 Granite               6815  -206 -221 -271 -109  -97   20 -147    5  -56   16    0  -36   84 -114 -162   74   72  -39   13   72  -28  -15  294  -59  -24  651   67   73    5  272  141  125  178  112  867  277  412  591  989 1000  994  995
 12 Shofar                6493    17  -12   -5    6   48   21   18  -30    8   34   36    0   27   18  -15   37   45   31   43   29    3   22  149   -1  -20  330   32   66  -31  101   74   61  101  135   39  436  300  557  903  971  927  982
 13 ZQ Bot                6459  -297 -232 -239 -112 -310 -156 -145  -48  -56  -32  -84  -27    0 -136 -160   54   79  -12   50  -61  -91    5  250  -16  -13  786   94   80   44  180  177  354  155  184  915  282  420  597  996  996  991  997
 14 ACT-R Lag2            6408   -25  -91   20  -69  -22  -19  -31    8   48   82  114  -18  136    0  -36   19   13  -23   48   21  -13   45  223  -67   10  790   59   50  -25  445  193   19  101  144  130  257  297  575   20  996  994  990
 15 Bugbrain              5903   -16  -41  -23   13  -74  -37  -13    3    8   56  162   15  160   36    0   51   46   14   52   68   -2   -8   78  -38   10  133   94   50    0  160   41   86   -8  132  118  247  201  393  906  990  872  968
 16 * Anti-rotn           5884   -70  -41  -52  -32  -52  -61  -42  -40  -63  -49  -74  -37  -54  -19  -51    0  -49   14  -40  -33   -6  -27  247  -63  -52  761    4  -25  -16   47  260   16   52  306   37  498  209  499 1000  996  997  989
 17 Sweet Rocky           5869   -74   11  -22  -34  -46  -67  -24  -53  -38  -24  -72  -45  -79  -13  -46   49    0  -40   78   34   -8  -42   74  -34  -50  -45   -4   58  -25  205   65  287  166  168  322  220  454  594  990  998  992  989
 18 Yomi AI               5702   -63  -26    0    8  -48   34   -4   24   68   78   39  -31   12   23  -14  -14   40    0   17   43  -64    8  268  -25    7   74    2   19  309  483   64   52   92  131  107  153  310  504   35 1000  991  996
 19 Piedra                5468   -63  -89  -27  -69  -36  -32  -35  -51  -27  -54  -13  -43  -50  -48  -52   40  -78  -17    0   20  -26  -50  107  -81    3  -15  144  -48   60  140  158  -33  192  211  196  288  370  593  995  998  990 1000
 20 Mixed Strategy        4970   -53  -95  -80   49 -112  -58  -97  -32  -23  -36  -72  -29   61  -21  -68   33  -34  -43  -20    0  -87   -3   53  -25   20  -21   52   45    8    7   44   81  146   -1  290  218  409  532  965  995  987  985
 21 Vroomfondel           4879   -67    2   21  -36  -33   43   -2   58   35    5   28   -3   91   13    2    6    8   64   26   87    0    8  149   27    3   72   35   33   63  194   74  -16   16   66   18  280  138  458  -51  996  992  976
 22 Majikthise            4542     0  -53  -12  -25    4    9   19  -11   26   20   15  -22   -5  -45    8   27   42   -8   50    3   -8    0  179  -28   23   57    1    7   19  184  101  -18   32   95  -11  276  178  451    8  993  989  972
 23 Multi-strategy        2347  -336 -243 -293 -401  -90 -191 -356 -311 -181 -273 -294 -149 -250 -223  -78 -247  -74 -268 -107  -53 -149 -179    0  -50  -20 -121   27  257   -6   76  108   37  123  271  500  492  409  999  997  999  997  998
 24 * De Bruijn            837   -15  -51   10   20  -12   79   38   34   -8  105   59    1   16   67   38   63   34   25   81   25  -27   28   50    0   -1   19   14  -10   22   -3  -13   13   23   16    4   32   28  128   -1    0   21 -115
 25 * Pi                   114    22   14  -65  -37   -4   14  -18   26   34   -6   24   20   13  -10  -10   52   50   -7   -3  -20   -3  -23   20    1    0   18  -12   -7   38   32   52    8  -81  -40   29  -28    1   30   22  -11  -11  -10
 26 Inocencio             -210  -272 -211 -208 -189 -477 -638 -121    4  -35 -637 -651 -330 -786 -790 -133 -761   45  -74   15   21  -72  -57  121  -19  -18    0  -39  126  316  197  153   78  148  103  105  252  382  355  944  985  977  981
 27 * Add-drift          -1843  -178  -94 -201   37 -220 -299 -157  -13   -3  -47  -67  -32  -94  -59  -94   -4    4   -2 -144  -52  -35   -1  -27  -14   12   39    0   -2   26   -4  -64  -58  -24    8  -52  -27   12   18   -1   13   27   30
 28 * Copy-drift         -2286  -161  -80  -36 -119 -295 -256 -160  -79 -100  -92  -73  -66  -80  -50  -50   25  -58  -19   48  -45  -33   -7 -257   10    7 -126    2    0   21  -82   30    0   22  -26  -10  -26  -30    9  -35   -8  -28   27
 29 * Foxtrot            -2293  -379 -344  -39 -394   32   18 -186   -8   16  -57   -5   31  -44   25    0   16   25 -309  -60   -8  -63  -19    6  -22  -38 -316  -26  -21    0  -55    1  -12  -61   15  -44    8    8  -17    2    2   19   10
 30 Knucklehead          -2561  -581 -382 -365 -450 -220 -290 -453 -430 -417 -317 -272 -101 -180 -445 -160  -47 -205 -483 -140   -7 -194 -184  -76    3  -32 -197    4   82   55    0   -1   14  -37   23  -16   -9   82  180  744  972  971 1000
 31 * Flat               -2803  -185 -103 -158 -130  -74 -107 -145  -59  -53 -164 -141  -74 -177 -193  -41 -260  -65  -64 -158  -44  -74 -101 -108   13  -52 -153   64  -30   -1    1    0   40   37   17 -154  -11   28  240  174    1   65 -404
 32 * Add-react          -3041  -319 -367 -280  -66 -129 -180 -373 -106  -94  -82 -125  -61 -354  -19  -86  -16 -287  -52   33  -81   16   18  -37  -13   -8  -78   58    0   12  -14  -40    0   28  -18  -31  -46   -8    3   69  -14   25   81
 33 * Text               -3043  -124  -68 -142 -134 -149 -154  -65 -174 -135 -177 -178 -101 -155 -101    8  -52 -166  -92 -192 -146  -16  -32 -123  -23   81 -148   24  -22   61   37  -37  -28    0  -20   11   22   11 -185  -74 -185  -11  111
 34 * Switch A Lot       -3313   -71  -99 -223 -163 -248 -225 -121  -77 -168 -151 -112 -135 -184 -144 -132 -306 -168 -131 -211    1  -66  -95 -271  -16   40 -103   -8   26  -15  -23  -17   18   20    0 -148  -31   50   50  346  -17   36  -21
 35 Peterbot             -6104  -859 -937 -872 -994 -320 -905 -910 -682 -515 -915 -867  -39 -915 -130 -118  -37 -322 -107 -196 -290  -18   11 -500   -4  -29 -105   52   10   44   16  154   31  -11  148    0  223  411  437  963 1000  998  995
 36 Always Switchin'     -7299  -253 -286 -470 -290 -448 -418 -231 -453 -448 -253 -277 -436 -282 -257 -247 -498 -220 -153 -288 -218 -280 -276 -492  -32   28 -252   27   26   -8    9   11   46  -22   31 -223    0   12   20  533  -12   -5  -14
 37 R-P-S 20-20-60       -9513  -349 -114 -341 -371 -380 -419 -260 -401 -413 -429 -412 -300 -420 -297 -201 -209 -454 -310 -370 -409 -138 -178 -409  -28   -1 -382  -12   30   -8  -82  -28    8  -11  -50 -411  -12    0 -353 -187 -440  -17   55
 38 Beat Frequent Pick  -14519  -911 -941 -944 -911 -591 -592 -589 -830 -753 -594 -591 -557 -597 -575 -393 -499 -594 -504 -593 -532 -458 -451 -999 -128  -30 -355  -18   -9   17 -180 -240   -3  185  -50 -437  -20  353    0 -600  999    0  996
 39 Beat The Last Move  -19549  -986 -986 -988 -997 -994 -984 -992 -980 -991 -996 -989 -903 -996  -20 -906 -1000 -990  -35 -995 -965   51   -8 -997    1  -22 -944    1   35   -2 -744 -174  -69   74 -346 -963 -533  187  600    0 1000    1  996
 40 Good Ole Rock       -26194  -1000 -995 -1000 -996 -999 -995 -1000 -999 -995 -1000 -1000 -971 -996 -996 -990 -996 -998 -1000 -998 -995 -996 -993 -999    0   11 -985  -13    8   -2 -972   -1   14  185   17 -1000   12  440 -999 -1000    0    0  998
 41 Rotate R-P-S        -26365  -990 -991 -992 -996 -993 -989 -995 -994 -989 -995 -994 -927 -991 -994 -872 -997 -992 -991 -990 -987 -992 -989 -997  -21   11 -977  -27   28  -19 -971  -65  -25   11  -36 -998    5   17    0   -1    0    0 -660
 42 * Anti-Flat         -27833  -985 -989 -1000 -999 -997 -993 -996 -996 -994 -991 -995 -982 -997 -990 -968 -989 -989 -996 -1000 -985 -976 -972 -998  115   10 -981  -30  -27  -10 -1000  404  -81 -111   21 -995   14  -55 -996 -996 -998  660    0

 Match results (draw <= 50): 

    Player Name           total  W  L  D   1  2  3  4  5  6  7  8  9 10 11 12 13 14 15 16 17 18 19 20 21 22 23 24 25 26 27 28 29 30 31 32 33 34 35 36 37 38 39 40 41 42
  1 Iocaine Powder          71  30  0 11   1  1  1  1  1  2  1  1  2  2  2  1  1  2  2  2  1  2  2  2  1  2  2  1  2  2  2  2  2  2  2  2  2  2  2  2  2  2  2  2  2  2
  2 Phasenbott              70  29  0 12   1  1  1  1  2  2  1  1  1  2  1  1  2  1  2  1  2  2  2  2  2  2  1  1  2  2  2  2  2  2  2  2  2  2  2  2  2  2  2  2  2  2
  3 Simple Modeller         65  24  0 17   1  1  1  1  1  1  2  1  1  2  1  1  1  1  2  1  1  2  1  2  1  2  2  1  2  2  2  1  2  2  2  2  2  2  2  2  2  2  2  2  2  2
  4 Biopic                  64  23  0 18   1  1  1  1  1  1  1  1  1  2  1  1  2  1  2  1  1  2  2  2  1  1  1  1  2  2  2  2  2  2  1  2  2  2  2  2  2  2  2  2  2  2
  5 MegaHAL                 63  23  1 17   1  0  1  1  1  2  1  1  1  1  1  1  1  1  2  1  1  2  1  2  1  2  2  2  2  2  2  1  2  2  2  1  2  2  2  2  2  2  2  2  2  2
  6 RussRocker4             61  23  3 15   0  0  1  1  0  1  1  1  1  2  1  1  1  1  2  1  1  2  1  2  1  2  1  1  2  2  2  2  2  2  2  2  2  2  2  2  2  2  2  2  2  2
  7 Bugbrain                60  20  1 20   1  1  0  1  1  1  1  1  1  1  1  1  1  1  2  1  1  2  2  2  1  2  2  1  2  2  2  1  2  2  2  1  2  1  1  2  2  2  2  2  2  2
  8 Boom                    58  18  1 22   1  1  1  1  1  1  1  1  0  1  1  1  1  1  2  1  1  1  1  2  1  1  2  1  1  2  2  1  2  2  1  2  2  2  2  2  2  2  2  2  2  2
  9 Yomi AI                 56  17  2 22   0  1  1  1  1  1  1  2  1  1  1  1  1  0  1  1  1  2  1  1  1  1  1  1  2  2  2  2  2  2  1  1  1  2  2  2  2  2  2  2  2  2
 10 Simple Predictor        56  21  6 14   0  0  0  0  1  0  1  1  1  1  1  1  1  1  1  2  1  1  1  2  0  2  2  1  2  2  2  1  2  2  2  2  2  2  2  2  2  2  2  2  2  2
 11 Robertot                56  17  2 22   0  1  1  1  1  1  1  1  1  1  1  1  1  0  1  2  1  1  2  1  1  1  1  1  1  2  2  1  2  2  1  2  2  2  2  2  2  2  2  2  2  2
 12 Shofar                  56  15  0 26   1  1  1  1  1  1  1  1  1  1  1  1  1  1  1  1  1  1  1  1  1  1  1  1  2  2  1  1  2  2  1  2  2  2  2  2  2  2  2  2  2  2
 13 ACT-R Lag2              55  17  3 21   1  0  1  0  1  1  1  1  1  1  1  1  1  1  2  1  1  2  1  2  0  1  1  1  2  2  2  1  2  1  2  1  1  2  2  2  2  2  2  2  2  2
 14 Vroomfondel             55  16  2 23   0  1  1  1  1  1  1  1  2  1  2  1  1  1  1  1  1  1  1  2  1  2  1  1  2  2  1  2  2  1  1  1  0  2  1  2  2  2  2  2  2  2
 15 Granite                 52  21 10 10   0  0  0  0  0  0  0  0  1  1  1  1  0  1  1  2  1  1  1  2  0  2  2  1  2  2  2  1  2  2  2  2  2  2  2  2  2  2  2  2  2  2
 16 Sweet Rocky             52  16  5 20   0  1  1  1  1  1  1  1  1  0  0  1  1  1  0  1  1  1  2  0  1  1  1  1  1  2  2  1  2  2  1  2  2  2  2  2  2  2  2  2  2  2
 17 Majikthise              51  11  1 29   1  0  1  1  1  1  1  1  1  1  1  1  1  1  1  1  1  1  1  1  1  1  1  1  2  2  1  1  2  1  1  1  1  2  1  2  2  2  2  2  2  2
 18 Marble                  49  18 10 13   0  0  0  0  0  0  0  1  0  1  1  1  0  1  1  1  1  1  2  1  0  1  1  1  2  2  2  2  2  2  1  2  2  2  2  2  2  2  2  2  2  2
 19 Piedra                  48  15  8 18   0  0  1  0  1  1  0  1  1  1  0  1  1  1  1  0  1  0  1  1  0  1  1  1  1  2  2  2  2  1  2  1  2  2  2  2  2  2  2  2  2  2
 20 ZQ Bot                  47  19 13  9   0  0  0  0  0  0  0  0  1  0  1  1  0  0  0  2  1  1  1  1  1  0  2  1  2  2  2  1  2  2  2  2  2  2  2  2  2  2  2  2  2  2
 21 * De Bruijn             46   7  2 32   1  0  1  1  1  1  1  1  1  2  1  1  2  1  2  1  1  2  2  1  1  1  2  1  1  1  1  1  1  1  1  1  1  1  1  1  1  1  2  1  1  0
 22 Mixed Strategy          45  13  9 19   0  0  0  1  0  0  0  1  1  0  1  1  1  0  0  1  1  1  1  2  1  1  1  1  1  2  2  1  1  2  2  1  2  1  2  1  2  2  2  2  2  2
 23 * Anti-rotn             43  12 10 19   0  1  0  1  0  1  0  0  1  0  1  1  1  1  0  1  1  1  1  0  0  1  1  0  2  2  1  1  1  1  1  1  2  2  2  2  2  2  2  2  2  2
 24 * Pi                    41   2  2 37   1  1  1  1  0  1  1  1  1  1  1  1  1  1  1  1  1  1  1  1  1  1  2  1  1  1  1  1  1  1  1  1  1  2  0  1  1  1  1  1  1  1
 25 Inocencio               40  16 17  8   0  0  0  0  0  0  0  1  0  0  1  0  0  0  0  1  0  0  1  0  1  1  0  1  1  2  2  2  2  2  1  2  2  2  2  2  2  2  2  2  2  2
 26 Multi-strategy          31  13 23  5   0  0  0  0  0  0  0  0  0  0  0  0  0  0  0  0  0  0  0  0  1  0  0  1  0  1  2  1  2  1  1  2  2  2  2  2  2  2  2  2  2  2
 27 Peterbot                31  10 20 11   0  0  0  0  0  0  0  0  0  0  0  1  0  1  0  0  1  0  0  0  1  0  1  1  0  0  1  1  1  1  2  1  2  2  1  2  2  2  2  2  2  2
 28 * Foxtrot               30   0 11 30   0  0  1  0  1  0  1  1  0  1  1  1  1  0  1  1  1  0  0  1  1  1  1  1  0  1  1  1  0  1  1  1  1  1  0  1  1  1  1  1  1  1
 29 Knucklehead             27   8 22 11   0  0  0  0  0  0  0  0  0  0  0  0  0  0  0  0  0  0  0  0  1  1  1  1  0  0  1  2  1  1  1  2  2  1  1  1  1  2  2  2  2  2
 30 * Add-react             26   3 18 20   0  0  0  0  0  0  0  0  0  0  0  0  1  1  0  0  1  0  1  0  1  0  1  1  0  1  1  1  1  1  2  1  2  1  1  1  1  1  1  1  1  2
 31 * Add-drift             26   0 15 26   0  0  0  1  0  0  0  1  1  0  1  1  0  1  0  1  1  1  0  0  1  0  1  1  1  1  0  1  1  0  1  1  1  0  1  1  1  1  1  1  1  1
 32 * Copy-drift            25   0 16 25   0  0  0  0  1  0  1  0  1  0  0  0  1  1  0  0  1  0  1  0  1  1  1  1  0  0  1  1  0  1  1  1  1  1  1  1  1  1  1  1  1  1
 33 Beat The Last Move      21   6 26  9   0  0  0  0  0  0  0  0  1  0  0  0  1  2  0  0  1  0  0  0  1  0  0  1  0  0  0  1  0  0  1  1  1  0  2  0  0  2  2  2  1  2
 34 * Flat                  20   4 25 12   0  0  0  0  0  0  1  0  0  0  0  0  0  0  0  0  0  0  0  0  1  1  0  0  0  0  0  1  1  1  2  1  2  1  1  1  1  1  2  1  2  0
 35 * Text                  20   3 24 14   0  0  0  0  0  0  1  0  0  0  0  0  0  1  0  0  1  0  0  0  1  0  0  2  0  0  1  2  1  1  1  1  0  1  1  1  1  0  0  1  1  2
 36 * Switch A Lot          18   1 24 16   0  0  0  0  0  0  0  0  0  0  0  0  0  0  0  0  0  0  0  0  1  1  0  1  0  0  0  1  1  1  1  1  2  1  1  1  1  1  1  1  1  1
 37 Always Switchin'        17   1 25 15   0  0  0  0  0  0  0  0  0  0  0  0  0  0  0  0  0  0  0  0  1  0  0  1  0  0  0  1  1  1  1  1  2  1  1  1  1  1  1  1  1  1
 38 Good Ole Rock           16   3 28 10   0  0  0  0  0  0  0  0  0  0  0  0  0  0  0  0  0  0  0  0  1  0  0  1  0  0  0  1  0  1  1  1  0  1  2  1  1  1  0  2  1  2
 39 Beat Frequent Pick      16   4 29  8   0  0  0  0  0  0  0  0  0  0  0  0  0  0  0  0  0  0  0  0  0  0  0  1  0  0  0  1  0  1  1  1  0  0  2  1  1  2  1  2  1  2
 40 R-P-S 20-20-60          13   1 29 11   0  0  0  0  0  0  0  0  0  0  0  0  0  0  0  0  0  0  0  0  1  0  0  1  0  0  0  1  0  1  1  1  0  1  1  1  1  0  0  1  1  2
 41 Rotate R-P-S            13   0 28 13   0  0  0  0  0  0  0  0  0  0  0  0  0  0  0  0  0  0  0  0  1  0  0  1  0  0  0  1  0  1  1  1  1  0  1  1  1  1  1  1  1  0
 42 * Anti-Flat             12   3 32  6   0  0  0  0  0  0  0  0  0  0  0  0  0  0  0  0  0  0  0  0  2  0  0  1  0  0  0  1  0  0  1  1  0  2  0  1  1  0  0  0  2  1


   Yomi AI is match ranked 9

 Tournament results:
    Player Name          total 
  1 Yomi AI               5702 
 15 * Anti-rotn           5884 
 19 Iocaine Powder       11021 
 20 Phasenbott           10124 
 21 MegaHAL               9593 
 22 RussRocker4           7851 
 23 Biopic                9076 
 24 Simple Modeller       8674 
 25 Simple Predictor      8113 
 26 Robertot              7513 
 27 Boom                  7195 
 28 Shofar                6493 
 29 ACT-R Lag2            6408 
 32 Granite               6815 
 33 Marble                6919 
 34 ZQ Bot                6459 
 35 Sweet Rocky           5869 
 41 Bugbrain              5903 

   Yomi is tournament ranked 18

