 Playing 1 tournaments with 1000 trials per match...

 Yomi AI            vs Good Ole Rock       Match: 1000 (1000+   0-   0=)
 Yomi AI            vs R-P-S 20-20-60      Match:  326 (551+ 225- 224=)
 Yomi AI            vs Rotate R-P-S        Match:  991 (994+   3-   3=)
 Yomi AI            vs Beat The Last Move  Match:    2 (338+ 336- 326=)
 Yomi AI            vs Always Switchin'    Match:  154 (439+ 285- 276=)
 Yomi AI            vs Beat Frequent Pick  Match:  495 (676+ 181- 143=)
 Yomi AI            vs * Pi                Match:    6 (327+ 321- 352=)
 Yomi AI            vs * Switch A Lot      Match:    6 (348+ 342- 310=)
 Yomi AI            vs * Flat              Match:   86 (388+ 302- 310=)
 Yomi AI            vs * Anti-Flat         Match:  999 (999+   0-   1=)
 Yomi AI            vs * Foxtrot           Match:  243 (495+ 252- 253=)
 Yomi AI            vs * De Bruijn         Match:  -20 (326+ 346- 328=)
 Yomi AI            vs * Text              Match:   40 (361+ 321- 318=)
 Yomi AI            vs * Anti-rotn         Match:   20 (364+ 344- 292=)
 Yomi AI            vs * Copy-drift        Match:   38 (346+ 308- 346=)
 Yomi AI            vs * Add-react         Match:   13 (333+ 320- 347=)
 Yomi AI            vs * Add-drift         Match:  -31 (318+ 349- 333=)
 Yomi AI            vs Iocaine Powder      Match:  -35 (322+ 357- 321=)
 Yomi AI            vs Phasenbott          Match:  -49 (322+ 371- 307=)
 Yomi AI            vs MegaHAL             Match:  -29 (329+ 358- 313=)
 Yomi AI            vs RussRocker4         Match:   25 (350+ 325- 325=)
 Yomi AI            vs Biopic              Match:    4 (342+ 338- 320=)
 Yomi AI            vs Simple Modeller     Match:    4 (341+ 337- 322=)
 Yomi AI            vs Simple Predictor    Match:   35 (364+ 329- 307=)
 Yomi AI            vs Robertot            Match:   40 (373+ 333- 294=)
 Yomi AI            vs Boom                Match:   17 (338+ 321- 341=)
 Yomi AI            vs Shofar              Match:   -2 (331+ 333- 336=)
 Yomi AI            vs ACT-R Lag2          Match:  -33 (313+ 346- 341=)
 Yomi AI            vs Majikthise          Match:   22 (349+ 327- 324=)
 Yomi AI            vs Vroomfondel         Match:  -38 (314+ 352- 334=)
 Yomi AI            vs Granite             Match:   62 (380+ 318- 302=)
 Yomi AI            vs Marble              Match:   61 (396+ 335- 269=)
 Yomi AI            vs ZQ Bot              Match:   58 (382+ 324- 294=)
 Yomi AI            vs Sweet Rocky         Match:   18 (347+ 329- 324=)
 Yomi AI            vs Piedra              Match:   29 (371+ 342- 287=)
 Yomi AI            vs Mixed Strategy      Match:    8 (356+ 348- 296=)
 Yomi AI            vs Multi-strategy      Match:  234 (494+ 260- 246=)
 Yomi AI            vs Inocencio           Match:   14 (359+ 345- 296=)
 Yomi AI            vs Peterbot            Match:  119 (407+ 288- 305=)
 Yomi AI            vs Bugbrain            Match:    1 (347+ 346- 307=)
 Yomi AI            vs Knucklehead         Match:  446 (628+ 182- 190=)
Error: return value out of range.
 Final results (draw value = 50):

 Tournament results: 

    Player Name          total     1    2    3    4    5    6    7    8    9   10   11   12   13   14   15   16   17   18   19   20   21   22   23   24   25   26   27   28   29   30   31   32   33   34   35   36   37   38   39   40   41   42
  1 Iocaine Powder       10989     0   28  155   59   33  213  537   31   46  241   56  266   58   68  -24   68   49  294   35    2   55   41  252  180   49  -11  164  177  380  570  238   98  276   25  247  872  283  917  997  991  987  986
  2 MegaHAL              10299   -28    0   -5  -29   11   98   94    9   34  268  -10  240  -57   72   34   37   90  250   29   19  -40   39  167  918  -63   26  167   82   26  395  116  142  307  244  393  890  422  929  992 1000  991 1000
  3 Phasenbott            9697  -155    5    0  -50   54  117  491   30   35  205   48  231  -20   57   54  103   79  270   49   31  -27   25  244  218   18  -28  103  107  372  403   76  108  279   95  203  898   80  935  982  994  990  988
  4 Simple Modeller       8982   -59   29   50    0    2  218  -56   36    7   48   -6   80  -46   50   45   12   44  290   -4  -37   65  151  224   86  -32   -4  255  269    8  303  129  131  100  220  468  982  358  592  990  996  993  995
  5 Biopic                8602   -33  -11  -54   -2    0   66  -43  -68  -19  160   84  163   -1    3    6   28   45   56   -4   -5   -7   85  281  172  -31    3    0   74  423  520  170  150   83  111  290  804  377  741  994  998  999  994
  6 Simple Predictor      7848  -213  -98 -117 -218  -66    0  -91  -16   14   19  -70   26    9   31   16   58   49  203  -35   15  -12   86  179  520  -62  -14  316  253  -21  300   42  149  134  196  392  877  439  592  986  996  990  994
  7 RussRocker4           7621  -537  -94 -491   56   43   91    0    6   13  150  -25  163   14   47   -7   -5   57  162  -25   11   19   13  199  144   -4  -51  205   74  191  462  105   63  370   98  304  928  298  591  991  999  993 1000
  8 Robertot              7556   -31   -9  -30  -36   68   16   -6    0    6   68   13   61  -35   28   -2    9   59   88  -40   28   18   -4  233   63   -1  -17   19   46  -18  420   81  193   44  119  468  411  413  860  966  997  993  997
  9 Boom                  6726   -46  -34  -35   -7   19  -14  -13   -6    0   10  -42    2  -24   38  -25   13   55   80  -17  -43  -20  129  305   50  -39    9   66   66   10  440  -38  120  108  124  202  155  397  753  991  997  990 1000
 10 Marble                6689  -241 -268 -205  -48 -160  -19 -150  -68  -10    0 -107   -8  -30   22  -87   32   52   67  -61  -23  -39   -6  234  638  -70  -26   39   33   72  362  177  175   91  142  255  929  427  591  992  998  995  992
 11 ACT-R Lag2            6657   -56   10  -48    6  -84   70   25  -13   42  107    0  147   25   21   20   30   35   82   33  -13  -17   44  280   81 -115   -3  -33   11  -17  543  144   69   84   77  293  900  298  572   27  998  993  989
 12 Granite               6423  -266 -240 -231  -80 -163  -26 -163  -61   -2    8 -147    0  -62   36  -71   20   69   21  -62  -12   -6    8  241  635  -67  -24   16    1   56  297  170  177   88  191  224  882  390  594  994  998  990 1000
 13 Shofar                6254   -58   57   20   46    1   -9  -14   35   24   30  -25   62    0   20   24   42   20   12    2  -40   84   47  147   53  -39    2    0   63  -16  205  130   52   12  150  423   71  264  560  902  976  929  990
 14 Piedra                6174   -68  -72  -57  -50   -3  -31  -47  -28  -38  -22  -21  -36  -20    0  -18   -7   51  -38  -29  -44  -38  -49  129  -53  -71  -54   35  -11   89  231  148  169  301  170  166  605  405  593  996 1000  991 1000
 15 Bugbrain              5907    24  -34  -54  -45   -6  -16    7    2   25   87  -20   71  -24   18    0   40   56  162   -1   -6  -12   48   92   77   -9   17  121   33  -32  110   52   12   85  112  216  303  225  361  927  930  967  986
 16 Sweet Rocky           5735   -68  -37 -103  -12  -28  -58    5   -9  -13  -32  -30  -20  -42    7  -40    0   40  -45  -18  -32  -40   11   91  -23  -45   20   63   42   38  116  134  146  153  105  354  122  421  596  991  995  990  990
 17 * Anti-rotn           5632   -49  -90  -79  -44  -45  -49  -57  -59  -55  -52  -35  -69  -20  -51  -56  -40    0  -53  -20  -38   -5   34  255  587  -57  -50  -60   24  -38   76  188   55  -21  271  532   42  178  597 1000  998  999  988
 18 ZQ Bot                5487  -294 -250 -270 -290  -56 -203 -162  -88  -80  -67  -82  -21  -12   38 -162   45   53    0  -58  -65  -37   51  186   -4  -49   -7   92   31   23  356  122  157  366  172  251  862  372  590  990  997  993  997
 19 Yomi AI               5379   -35  -29  -49    4    4   35   25   40   17   61  -33   62   -2   29    1   18   20   58    0  -38   22    8  234   14  -20    6  -31   38  243  446   86   40   13    6  154  119  326  495    2 1000  991  999
 20 Vroomfondel           4931    -2  -19  -31   37    5  -15  -11  -28   43   23   13   12   40   44    6   32   38   65   38    0  -26   56  175   41   -2   53    7    6   13  222   79   26   63   87  284   -2  142  468  -33  995  993  994
 21 Majikthise            4837   -55   40   27  -65    7   12  -19  -18   20   39   17    6  -84   38   12   40    5   37  -22   26    0   90  209  110  -35    1   -9   -7   -5  266  104  -27   18  111  315   16  184  431   28  994  993  987
 22 Mixed Strategy        4816   -41  -39  -25 -151  -85  -86  -13    4 -129    6  -44   -8  -47   49  -48  -11  -34  -51   -8  -56  -90    0  129   39  -37  -18    3   57  -61  156  -36  181   -5  105  139  214  393  525  989  997  958  995
 23 Multi-strategy        2478  -252 -167 -244 -224 -281 -179 -199 -233 -305 -234 -280 -241 -147 -129  -92  -91 -255 -186 -234 -175 -209 -129    0 -182  -50  -20   15  219   -1   50  192  123    0  245  485  500  399  999  997  999  997  997
 24 Inocencio             1745  -180 -918 -218  -86 -172 -520 -144  -63  -50 -638  -81 -635  -53   53  -77   23 -587    4  -14  -41 -110  -39  182    0  -12  -14  -46   48  336  236  182  170   96  146  280  115  345  359  924  983  980  981
 25 * De Bruijn            889   -49   63  -18   32   31   62    4    1   39   70  115   67   39   71    9   45   57   49   20    2   35   37   50   12    0   -1  -68   -6   10   -5   23   23  -10   41  -28   -3   38  128   -1    0   21 -116
 26 * Pi                   208    11  -26   28    4   -3   14   51   17   -9   26    3   24   -2   54  -17  -20   50    7   -6  -53   -1   18   20   14    1    0    1   40   63    0  -14  -81    4  -11  -39   38  -15   30   22  -11  -11  -13
 27 * Add-drift          -1730  -164 -167 -103 -255    0 -316 -205  -19  -66  -39   33  -16    0  -35 -121  -63   60  -92   31   -7    9   -3  -15   46   68   -1    0   43  -40  -39  -18  -14  -16   10  -48  -36  -27   -3  -51  -17   -6  -28
 28 * Copy-drift         -1966  -177  -82 -107 -269  -74 -253  -74  -46  -66  -33  -11   -1  -63   11  -33  -42  -24  -31  -38   -6    7  -57 -219  -48    6  -40  -43    0    7  -95    1   55   59  -21    1  -68   25  -16  -41  -34  -37   11
 29 * Foxtrot            -2160  -380  -26 -372   -8 -423   21 -191   18  -10  -72   17  -56   16  -89   32  -38   38  -23 -243  -13    5   61    1 -336  -10  -63   40   -7    0  -47  -29   22  -18    3    6  -23    2   38    9    6  -27    9
 30 Knucklehead          -2350  -570 -395 -403 -303 -520 -300 -462 -420 -440 -362 -543 -297 -205 -231 -110 -116  -76 -356 -446 -222 -266 -156  -50 -236    5    0   39   95   47    0  -15    3  -12  -17  -14 1000   67   96  913  993  979  956
 31 * Flat               -2812  -238 -116  -76 -129 -170  -42 -105  -81   38 -177 -144 -170 -130 -148  -52 -134 -188 -122  -86  -79 -104   36 -192 -182  -23   14   18   -1   29   15    0   19   49   21   25 -189    1  227  201    1  -10 -418
 32 * Text               -2993   -98 -142 -108 -131 -150 -149  -63 -193 -120 -175  -69 -177  -52 -169  -12 -146  -55 -157  -40  -26   27 -181 -123 -170  -23   81   14  -55  -22   -3  -19    0    6   -8   26    9   23 -185  -74 -185  -11  112
 33 * Add-react          -3066  -276 -307 -279 -100  -83 -134 -370  -44 -108  -91  -84  -88  -12 -301  -85 -153   21 -366  -13  -63  -18    5    0  -96   10   -4   16  -59   18   12  -49   -6    0  -53  -10  -47  -10    8   63    3    6   81
 34 * Switch A Lot       -3106   -25 -244  -95 -220 -111 -196  -98 -119 -124 -142  -77 -191 -150 -170 -112 -105 -271 -172   -6  -87 -111 -105 -245 -146  -41   11  -10   21   -3   17  -21    8   53    0   27 -183    2  -14  345  -16    1   19
 35 Always Switchin'     -6992  -247 -393 -203 -468 -290 -392 -304 -468 -202 -255 -293 -224 -423 -166 -216 -354 -532 -251 -154 -284 -315 -139 -485 -280   28   39   48   -1   -6   14  -25  -26   10  -27    0 -239    9   17  536   18  -33  -16
 36 Peterbot             -7920  -872 -890 -898 -982 -804 -877 -928 -411 -155 -929 -900 -882  -71 -605 -303 -122  -42 -862 -119    2  -16 -214 -500 -115    3  -38   36   68   23 -1000  189   -9   47  183  239    0  421  436  981  999  997 1000
 37 R-P-S 20-20-60       -8991  -283 -422  -80 -358 -377 -439 -298 -413 -397 -427 -298 -390 -264 -405 -225 -421 -178 -372 -326 -142 -184 -393 -399 -345  -38   15   27  -25   -2  -67   -1  -23   10   -2   -9 -421    0 -402 -148 -444   27  348
 38 Beat Frequent Pick  -14206  -917 -929 -935 -592 -741 -592 -591 -860 -753 -591 -572 -594 -560 -593 -361 -596 -597 -590 -495 -468 -431 -525 -999 -359 -128  -30    3   16  -38  -96 -227  185   -8   14  -17 -436  402    0 -600  999    0  996
 39 Beat The Last Move  -19769  -997 -992 -982 -990 -994 -986 -991 -966 -991 -992  -27 -994 -902 -996 -927 -991 -1000 -990   -2   33  -28 -989 -997 -924    1  -22   51   41   -9 -913 -201   74  -63 -345 -536 -981  148  600    0 1000    1 1000
 40 Good Ole Rock       -26138  -991 -1000 -994 -996 -998 -996 -999 -997 -997 -998 -998 -998 -976 -1000 -930 -995 -998 -997 -1000 -995 -994 -997 -999 -983    0   11   17   34   -6 -993   -1  185   -3   16  -18 -999  444 -999 -1000    0    0 1000
 41 Rotate R-P-S        -26274  -987 -991 -990 -993 -999 -990 -993 -993 -990 -995 -993 -990 -929 -991 -967 -990 -999 -993 -991 -993 -993 -958 -997 -980  -21   11    6   37   27 -979   10   11   -6   -1   33 -997  -27    0   -1    0    0 -692
 42 * Anti-Flat         -28088  -986 -1000 -988 -995 -994 -994 -1000 -997 -1000 -992 -989 -1000 -990 -1000 -986 -990 -988 -997 -999 -994 -987 -995 -997 -981  116   13   28  -11   -9 -956  418 -112  -81  -19   16 -1000 -348 -996 -1000 -1000  692    0

 Match results (draw <= 50): 

    Player Name           total  W  L  D   1  2  3  4  5  6  7  8  9 10 11 12 13 14 15 16 17 18 19 20 21 22 23 24 25 26 27 28 29 30 31 32 33 34 35 36 37 38 39 40 41 42
  1 Iocaine Powder          70  29  0 12   1  2  1  1  2  2  1  1  1  2  2  1  1  2  2  2  2  2  1  2  1  2  1  1  2  2  2  2  2  2  2  2  2  2  1  2  2  2  2  2  2  2
  2 Phasenbott              68  28  1 12   0  1  1  2  2  1  1  1  2  1  1  1  1  2  2  2  1  2  1  2  1  2  2  1  2  2  2  2  2  2  2  2  2  2  2  2  2  2  2  2  2  2
  3 MegaHAL                 63  24  2 15   1  1  1  1  2  1  1  1  1  0  1  1  1  1  2  2  1  2  0  2  1  2  2  1  2  1  2  2  2  2  2  2  2  2  2  2  2  2  2  2  2  2
  4 Biopic                  62  23  2 16   1  0  1  1  1  1  0  1  1  1  2  1  1  1  2  1  1  2  1  2  2  2  1  1  2  2  1  2  2  2  2  2  2  2  2  2  2  2  2  2  2  2
  5 RussRocker4             61  24  4 13   0  0  0  1  1  2  1  1  1  1  1  1  1  1  2  1  1  2  1  2  1  2  2  0  2  2  2  2  2  2  2  2  2  2  2  2  2  2  2  2  2  2
  6 Simple Modeller         61  22  2 17   0  1  1  1  0  1  1  1  1  1  1  1  1  1  2  1  2  1  1  2  2  2  1  1  2  1  2  2  2  2  2  2  2  2  2  2  2  2  2  2  2  2
  7 Robertot                60  19  0 22   1  1  1  2  1  1  1  1  1  1  1  1  1  1  1  1  1  2  1  2  1  2  2  1  2  1  1  1  2  2  2  1  2  2  2  2  2  2  2  2  2  2
  8 Boom                    59  18  0 23   1  1  1  1  1  1  1  1  1  1  1  1  1  1  1  1  1  1  1  1  2  2  2  1  1  1  2  2  2  2  2  2  2  1  2  2  2  2  2  2  2  2
  9 Bugbrain                59  19  1 21   1  0  1  1  1  1  1  1  1  1  1  1  1  1  1  1  1  2  1  2  1  2  2  1  2  1  2  1  2  2  2  2  2  2  2  1  2  2  2  2  2  2
 10 Shofar                  58  18  1 22   0  1  2  1  1  1  1  1  1  1  1  1  1  1  1  1  2  1  1  2  1  1  1  1  2  1  1  2  2  2  2  1  2  2  2  2  2  2  2  2  2  2
 11 ACT-R Lag2              56  18  3 20   0  1  1  0  1  1  1  1  1  1  1  1  1  1  2  1  1  2  0  2  1  2  1  1  2  1  1  1  2  2  2  2  1  2  2  2  2  2  2  2  2  2
 12 Yomi AI                 55  14  0 27   1  1  1  1  1  1  1  1  1  1  1  1  1  1  1  1  1  2  1  2  1  2  1  1  1  2  1  1  2  2  2  1  1  2  1  1  2  2  2  2  2  2
 13 Vroomfondel             55  14  0 27   1  1  1  1  1  1  1  1  1  1  1  1  1  1  1  1  1  1  1  1  2  2  1  2  1  1  1  1  2  1  2  2  1  2  2  1  2  2  2  2  2  2
 14 Sweet Rocky             53  15  3 23   0  0  1  1  1  1  1  1  1  1  1  1  1  1  0  1  1  1  1  1  1  1  1  1  1  1  2  1  2  2  2  2  2  2  2  2  2  2  2  2  2  2
 15 Simple Predictor        52  19  8 14   0  0  0  0  0  0  1  1  1  1  0  1  1  2  1  1  1  1  0  1  2  2  1  1  2  1  2  2  2  2  2  2  2  1  2  2  2  2  2  2  2  2
 16 Piedra                  51  16  6 19   0  0  0  1  1  1  1  1  1  1  1  1  1  1  1  1  1  1  0  1  1  1  2  0  0  2  1  1  2  2  2  2  2  2  2  2  2  2  2  2  2  2
 17 Majikthise              50  12  3 26   0  1  1  1  1  0  1  1  1  0  1  1  1  1  1  1  1  1  1  1  2  1  1  1  2  1  1  1  2  1  2  1  1  2  2  1  2  2  2  2  2  2
 18 Marble                  49  18 10 13   0  0  0  0  0  1  0  1  0  1  0  0  1  1  1  1  1  1  0  1  1  2  2  1  2  2  1  1  2  2  2  2  2  2  2  2  2  2  2  2  2  2
 19 * De Bruijn             47   8  2 31   1  1  2  1  1  1  1  1  1  1  2  1  1  1  2  2  1  2  1  2  1  1  2  1  1  1  0  1  1  1  1  1  1  1  1  1  1  1  2  1  1  0
 20 Granite                 46  17 12 12   0  0  0  0  0  0  0  1  0  0  0  0  1  1  1  1  1  1  0  1  1  1  2  1  2  2  1  1  2  2  2  2  2  2  2  2  2  2  2  2  2  2
 21 Mixed Strategy          46  13  8 20   1  1  1  0  1  0  1  0  1  1  1  1  0  1  0  1  0  1  1  1  1  0  1  1  1  0  1  2  2  2  2  1  2  1  2  2  2  2  2  2  2  2
 22 ZQ Bot                  44  17 14 10   0  0  0  0  0  0  0  0  0  1  0  0  0  1  0  1  1  0  1  1  2  1  2  1  1  1  2  1  2  2  2  2  2  2  2  2  2  2  2  2  2  2
 23 * Anti-rotn             42  13 12 16   1  0  0  1  0  1  0  0  0  1  1  1  1  1  1  0  1  0  0  0  1  0  1  1  2  1  0  1  2  1  2  1  2  2  2  2  2  2  2  2  2  2
 24 * Pi                    42   3  2 36   1  1  1  1  2  1  1  1  1  1  1  1  0  1  1  2  1  1  1  1  1  1  1  1  1  2  1  1  1  1  1  1  1  1  1  0  1  1  1  1  1  1
 25 Inocencio               42  16 15 10   0  0  0  0  0  0  0  1  0  0  0  1  1  1  0  2  0  0  1  0  1  1  0  1  1  2  1  1  2  2  2  2  2  2  2  2  2  2  2  2  2  2
 26 * Foxtrot               32   1 10 30   0  0  1  0  0  1  1  1  1  1  1  0  1  1  1  0  1  0  1  0  2  1  1  0  0  1  1  1  1  1  1  1  1  1  1  1  1  1  1  1  1  1
 27 * Add-drift             32   2 11 28   0  0  0  1  0  0  1  0  0  1  1  1  1  0  0  1  1  1  2  1  1  0  2  1  1  1  1  1  1  1  1  1  0  1  1  1  1  1  1  1  1  1
 28 * Copy-drift            30   2 13 26   0  0  0  0  0  0  1  0  1  0  1  1  1  1  0  1  1  1  1  1  0  1  1  1  1  1  1  1  0  0  0  2  1  1  1  2  1  1  1  1  1  1
 29 Multi-strategy          30  12 23  6   0  0  0  0  0  0  0  0  0  0  0  0  0  0  0  0  0  0  1  0  0  0  0  1  0  1  1  2  1  2  1  1  2  2  2  2  2  2  2  2  2  2
 30 Peterbot                29  10 22  9   0  0  0  0  0  0  0  0  0  0  0  0  1  0  0  0  1  0  1  0  0  0  1  1  0  1  1  2  0  1  0  1  2  2  2  1  2  2  2  2  2  2
 31 Knucklehead             26   8 23 10   0  0  0  0  0  0  0  0  0  0  0  0  0  0  0  0  0  0  1  0  0  0  0  1  0  1  1  2  1  2  1  1  2  1  1  1  1  2  2  2  2  2
 32 * Add-react             24   2 19 20   0  0  0  0  0  0  1  0  0  1  0  1  0  0  0  0  1  0  1  0  1  0  1  1  0  1  1  0  1  1  1  1  2  1  0  1  1  1  1  1  1  2
 33 Beat The Last Move      21   6 26  9   0  0  0  0  0  0  0  0  0  0  1  1  1  0  0  0  1  0  1  0  0  0  0  1  0  1  2  1  0  0  0  0  1  0  0  2  0  2  2  1  2  2
 34 * Flat                  20   2 23 16   0  0  0  0  0  0  0  1  0  0  0  0  0  0  1  0  0  0  1  0  1  0  0  1  0  1  1  1  0  0  1  1  2  1  1  1  1  1  2  1  1  0
 35 * Switch A Lot          20   2 23 16   1  0  0  0  0  0  0  0  0  0  0  1  0  0  0  0  0  0  1  0  0  0  0  1  0  1  1  1  0  0  1  2  2  1  1  1  1  1  1  1  1  1
 36 * Text                  19   2 24 15   0  0  0  0  0  0  0  0  1  0  0  1  1  0  0  0  1  0  1  0  0  0  0  2  0  1  1  0  0  1  1  1  0  1  1  1  1  0  0  1  1  2
 37 Always Switchin'        17   1 25 15   0  0  0  0  0  0  0  0  0  0  0  0  0  0  0  0  0  0  1  0  0  0  0  1  0  1  1  1  0  0  1  1  2  1  1  1  1  1  1  1  1  1
 38 Good Ole Rock           16   3 28 10   0  0  0  0  0  0  0  0  0  0  0  0  0  0  0  0  0  0  1  0  0  0  0  1  0  1  1  1  0  0  0  1  0  1  1  2  1  1  0  1  2  2
 39 Beat Frequent Pick      16   4 29  8   0  0  0  0  0  0  0  0  0  0  0  0  0  0  0  0  0  0  0  0  0  0  0  1  0  1  1  1  0  0  0  1  0  0  1  2  1  2  1  1  2  2
 40 Rotate R-P-S            14   0 27 14   0  0  0  0  0  0  0  0  0  0  0  0  0  0  0  0  0  0  1  0  0  0  0  1  0  1  1  1  0  0  0  1  1  1  1  1  1  1  1  1  1  0
 41 R-P-S 20-20-60          13   1 29 11   0  0  0  0  0  0  0  0  0  0  0  0  0  0  0  0  0  0  1  0  0  0  0  1  0  1  1  1  0  0  0  1  0  1  1  1  1  0  0  1  1  2
 42 * Anti-Flat             12   3 32  6   0  0  0  0  0  0  0  0  0  0  0  0  0  0  0  0  0  0  2  0  0  0  0  1  0  1  1  1  0  0  0  0  0  2  1  0  1  0  0  2  0  1


   Yomi AI is match ranked 12

 Tournament results:
    Player Name          total 
  1 Yomi AI               5379 
 15 * Anti-rotn           5632 
 19 Iocaine Powder       10989 
 20 Phasenbott            9697 
 21 MegaHAL              10299 
 22 RussRocker4           7621 
 23 Biopic                8602 
 24 Simple Modeller       8982 
 25 Simple Predictor      7848 
 26 Robertot              7556 
 27 Boom                  6726 
 28 Shofar                6254 
 29 ACT-R Lag2            6657 
 32 Granite               6423 
 33 Marble                6689 
 34 ZQ Bot                5487 
 35 Sweet Rocky           5735 
 36 Piedra                6174 
 41 Bugbrain              5907 

   Yomi is tournament ranked 19

