 Playing 1 tournaments with 1000 trials per match...

 Yomi AI            vs Good Ole Rock       Match: 1000 (1000+   0-   0=)
 Yomi AI            vs R-P-S 20-20-60      Match:   76 (379+ 303- 318=)
 Yomi AI            vs Rotate R-P-S        Match:  217 (458+ 241- 301=)
 Yomi AI            vs Beat The Last Move  Match:   41 (351+ 310- 339=)
 Yomi AI            vs Always Switchin'    Match:   41 (364+ 323- 313=)
 Yomi AI            vs Beat Frequent Pick  Match:  208 (456+ 248- 296=)
 Yomi AI            vs * Pi                Match:   26 (333+ 307- 360=)
 Yomi AI            vs * Switch A Lot      Match:  -26 (315+ 341- 344=)
 Yomi AI            vs * Flat              Match:   33 (342+ 309- 349=)
 Yomi AI            vs * Anti-Flat         Match:  999 (999+   0-   1=)
 Yomi AI            vs * Foxtrot           Match:   57 (377+ 320- 303=)
 Yomi AI            vs * De Bruijn         Match:   -7 (336+ 343- 321=)
 Yomi AI            vs * Text              Match:   -6 (337+ 343- 320=)
 Yomi AI            vs * Anti-rotn         Match:  -48 (313+ 361- 326=)
 Yomi AI            vs * Copy-drift        Match:   31 (350+ 319- 331=)
 Yomi AI            vs * Add-react         Match:   -7 (333+ 340- 327=)
 Yomi AI            vs * Add-drift         Match:  -17 (322+ 339- 339=)
 Yomi AI            vs Iocaine Powder      Match:   49 (348+ 299- 353=)
 Yomi AI            vs Phasenbott          Match:   12 (335+ 323- 342=)
 Yomi AI            vs MegaHAL             Match:   -7 (330+ 337- 333=)
 Yomi AI            vs RussRocker4         Match:   -3 (328+ 331- 341=)
 Yomi AI            vs Biopic              Match:   14 (343+ 329- 328=)
 Yomi AI            vs Simple Modeller     Match:  -10 (324+ 334- 342=)
 Yomi AI            vs Simple Predictor    Match:   14 (347+ 333- 320=)
 Yomi AI            vs Robertot            Match:   -4 (355+ 359- 286=)
 Yomi AI            vs Boom                Match:   62 (371+ 309- 320=)
 Yomi AI            vs Shofar              Match:   14 (357+ 343- 300=)
 Yomi AI            vs ACT-R Lag2          Match:  -29 (315+ 344- 341=)
 Yomi AI            vs Majikthise          Match:   20 (339+ 319- 342=)
 Yomi AI            vs Vroomfondel         Match:   -7 (316+ 323- 361=)
 Yomi AI            vs Granite             Match:   -2 (335+ 337- 328=)
 Yomi AI            vs Marble              Match:    4 (333+ 329- 338=)
 Yomi AI            vs ZQ Bot              Match:   46 (351+ 305- 344=)
 Yomi AI            vs Sweet Rocky         Match:   13 (340+ 327- 333=)
 Yomi AI            vs Piedra              Match:    5 (352+ 347- 301=)
 Yomi AI            vs Mixed Strategy      Match:   10 (354+ 344- 302=)
 Yomi AI            vs Multi-strategy      Match:   75 (377+ 302- 321=)
 Yomi AI            vs Inocencio           Match:   16 (354+ 338- 308=)
 Yomi AI            vs Peterbot            Match:  -50 (310+ 360- 330=)
 Yomi AI            vs Bugbrain            Match:   17 (339+ 322- 339=)
 Yomi AI            vs Knucklehead         Match:  112 (405+ 293- 302=)
 Final results (draw value = 50):

 Tournament results: 

    Player Name          total     1    2    3    4    5    6    7    8    9   10   11   12   13   14   15   16   17   18   19   20   21   22   23   24   25   26   27   28   29   30   31   32   33   34   35   36   37   38   39   40   41   42
  1 Iocaine Powder       10759     0  181   -4   17   24    4  502   62   23  187  261  228  -56   33   72    3   41  288   19  -40  149  -49  285  174    9   25  126  362  197  200  614   22  106  321  916  203  362  953  989  984  991  975
  2 Phasenbott            9742  -181    0   45   23   10   42  517   42   15  150  231  223  -21   56   66   30   40  247    7  -19   60  -12  211  180   32  -15   89  407   98   74  418  116   98  390  869  215  104  920  987  988  994  996
  3 MegaHAL               9533     4  -45    0   -1    1   43   98   59   35   93  240  253  -24  -22    1   26   42  255  -61  -56   92    7  147  247    2  -19  189   54  118  139  364  204  133  267  912  434  381  944  988  995 1000  994
  4 Simple Modeller       8845   -17  -23    1    0  -31   41   -8   67   21  284   40   67  -25   13  -22   99   42  277  -19  -58   78   10  270  779  -58    6  246  -18  265   42  220  266  135   99  333  451  400  595  988  993  996 1000
  5 Biopic                8459   -24  -10   -1   31    0   14  -28   12  -12   66  175   90  -29   68  100    6   34   88    2  -27  -17  -14  211  164  -41   -1    3  400  102  134  510  214  134   56  819  327  407  516  995  992  996  997
  6 Robertot              7905    -4  -42  -43  -41  -14    0  -22   60   28   61   72   62   26   14   -5   31   70   99  -16   15    5    4  208   22  -46  -23   29   -2  142   68  382   91  177   64  798  449  413  906  887  994  995  991
  7 RussRocker4           7590  -502 -517  -98    8   28   22    0   51   56  100  148  121  -39   21    4   26   53  151  -48   -9   24    3  258  108  -51    4  125  217   96  157  501  123  127  339  913  245  258  590  991  990  999  997
  8 Sweet Rocky           7366   -62  -42  -59  -67  -12  -60  -51    0  -51  -39  -47  -13  -27   14  -38   -7   71  -53  -28  -41    9  -13  126  796  -43  -13   40   35   83  131  211  194  177  220  782  261  420  593  988  989  998  994
  9 Boom                  7308   -23  -15  -35  -21   12  -28  -56   51    0   30   41   39   -4   30  -37  -36   42   69  -21   -2   80  -62  253   23   -3   -4   63   -5  122   23  372  204  129   88  481  400  385  753  991  986  997  996
 10 Simple Predictor      6697  -187 -150  -93 -284  -66  -61 -100   39  -30    0   56   15  -26   78   -5   13   84  162  -30  -27   49  -14  220   47  -79  -21  339  -18  254   51  267  216  166  169  315  381  413  587  986  989  995  997
 11 Granite               6672  -261 -231 -240  -40 -175  -72 -148   47  -41  -56    0   23  -41   58  -73  -72   43   28   35  -31   34    2  169  600  -21  -26  -15   70   99  128  302  204  181  105  925  197  390  594  994  992  999  996
 12 Marble                6322  -228 -223 -253  -67  -90  -62 -121   13  -39  -15  -23    0  -23   32 -177 -110   48   56   -3   -5  -30   -4  219  637  -25  -30   12   41  -35  118  265  154  177   72  873  182  406  594  994  993  999 1000
 13 Shofar                6164    56   21   24   25   29  -26   39   27    4   26   41   23    0   22  -43  -12   53   54  -36   -9   28  -14  147   27  -60    1  -23   -8   86   84  149   57  166   42  134  407  270  555  899  922  988  989
 14 Piedra                6115   -33  -56   22  -13  -68  -14  -21  -14  -30  -78  -58  -32  -22    0  -42    4   71  -45  -40  -10   18   -5  126  -46  -39  -19   29   82   37  135  126  136  188  318  283  217  444  592  988  992  998  994
 15 ACT-R Lag2            5866   -72  -66   -1   22 -100    5   -4   38   37    5   73  177   43   42    0   29   51  111    4   27   53   29  287   87 -111  -25    2  -44   -4  128  473  134  115   50  159  214  293  575   42  992  996 1000
 16 Bugbrain              5650    -3  -30  -26  -99   -6  -31  -26    7   36  -13   72  110   12   -4  -29    0   34  151   -9   -6   46  -17   90   56   -7  -29  120   -5   12   41  102  131   12   81  272  245  134  392  926  947  978  983
 17 * Anti-rotn           5358   -41  -40  -42  -42  -34  -70  -53  -71  -42  -84  -43  -48  -53  -71  -51  -34    0  -41  -16   -8   11   48  228  684  -35  -36  -10   -3   21  168   81  275   55   -5   25  522  122  598  500  997  999  997
 18 ZQ Bot                5297  -288 -247 -255 -277  -88  -99 -151   53  -69 -162  -28  -56  -54   45 -111 -151   41    0  -15  -50  -17  -46  190  -16  -70  -21   17   20   85  130  296  174  146  274  943  205  370  594  990  997 1000  998
 19 Vroomfondel           4932   -19   -7   61   19   -2   16   48   28   21   30  -35    3   36   40   -4    9   16   15    0  -32   38    7  199   76   13  -13   24   29   22   43  217   85   33  -38    9  285  194  490   18  991  992  975
 20 Majikthise            4814    40   19   56   58   27  -15    9   41    2   27   31    5    9   10  -27    6    8   50   32    0   24  -20   93   85   26    5   -6   42    0   61  208   80   15  -34   16  286  137  447  -26  994  997  996
 21 Mixed Strategy        4462  -149  -60  -92  -78   17   -5  -24   -9  -80  -49  -34   30  -28  -18  -53  -46  -11   17  -38  -24    0  -10   72  -34  -50  -50  -20  -35   26  -11   43   20  145  103  190  148  381  468  966  868  987  989
 22 Yomi AI               2989    49   12   -7  -10   14   -4   -3   13   62   14   -2    4   14    5  -29   17  -48   46   -7   20   10    0   75   16   -7   26  -17   57   31   33  112  -26   -6   -7  -50   41   76  208   41  217 1000  999
 23 Multi-strategy        2877  -285 -211 -147 -270 -211 -208 -258 -126 -253 -220 -169 -219 -147 -126 -287  -90 -228 -190 -199  -93  -72  -75    0 -157  -50  -20   41  -63  245  155   -2  247  123   55  500  492  405  999  997  997  999  998
 24 Inocencio             1575  -174 -180 -247 -779 -164  -22 -108 -796  -23  -47 -600 -637  -27   46  -87  -56 -684   16  -76  -85   34  -16  157    0  -12  -30   34  313   95  140  223   90  163  102  108  264  388  360  953  984  976  979
 25 * De Bruijn            800    -9  -32   -2   58   41   46   51   43    3   79   21   25   60   39  111    7   35   70  -13  -26   50    7   50   12    0   -1   16    6  -14  -13   21   15   23    2  -27    9   -2  128   -1   21    0 -109
 26 * Pi                   256   -25   15   19   -6    1   23   -4   13    4   21   26   30   -1   19   25   29   36   21   13   -5   50  -26   20   30    1    0   18   19  -13  -20    3   35  -81  -28    7  -40   12   30   22  -11  -11  -15
 27 * Add-drift          -1348  -126  -89 -189 -246   -3  -29 -125  -40  -63 -339   15  -12   23  -29   -2 -120   10  -17  -24    6   20   17  -41  -34  -16  -18    0   16   -4   -9    0   17   -8   13  -56  -17    2   43   55    6    3   62
 28 * Foxtrot            -2145  -362 -407  -54   18 -400    2 -217  -35    5   18  -70  -41    8  -82   44    5    3  -20  -29  -42   35  -57   63 -313   -6  -19  -16    0   18  -34    9  -14   50   21  -43  -28  -11  -46  -14  -34  -12  -38
 29 * Copy-drift         -2170  -197  -98 -118 -265 -102 -142  -96  -83 -122 -254  -99   35  -86  -37    4  -12  -21  -85  -22    0  -26  -31 -245  -95   14   13    4  -18    0    8  -35    4   12    0   -1  -28  -11    4   18   -9    4   48
 30 * Flat               -2426  -200  -74 -139  -42 -134  -68 -157 -131  -23  -51 -128 -118  -84 -135 -128  -41 -168 -130  -43  -61   11  -33 -155 -140   13   20    9   34   -8    0   36   -2  -24    0 -194   30    6  239  212  -18    1 -408
 31 Knucklehead          -2661  -614 -418 -364 -220 -510 -382 -501 -211 -372 -267 -302 -265 -149 -126 -473 -102  -81 -296 -217 -208  -43 -112    2 -223  -21   -3    0   -9   35  -36    0  -21   -7   19  -31  -43   80  154  961  719 1000  996
 32 * Switch A Lot       -3016   -22 -116 -204 -266 -214  -91 -123 -194 -204 -216 -204 -154  -57 -136 -134 -131 -275 -174  -85  -80  -20   26 -247  -90  -15  -35  -17   14   -4    2   21    0   -6   43 -177   21   89   68  360   14  -14   31
 33 * Text               -3140  -106  -98 -133 -135 -134 -177 -127 -177 -129 -166 -181 -177 -166 -188 -115  -12  -55 -146  -33  -15 -145    6 -123 -163  -23   81    8  -50  -12   24    7    6    0  -15   37  -18   54 -185  -74  -11 -185  111
 34 * Add-react          -3166  -321 -390 -267  -99  -56  -64 -339 -220  -88 -169 -105  -72  -42 -318  -50  -81    5 -274   38   34 -103    7  -55 -102   -2   28  -13  -21    0    0  -19  -43   15    0  -41    1  -38   15   33    6   16   28
 35 Peterbot             -5961  -916 -869 -912 -333 -819 -798 -913 -782 -481 -315 -925 -873 -134 -283 -159 -272  -25 -943   -9  -16 -190   50 -500 -108   27   -7   56   43    1  194   31  177  -37   41    0  240  388  433  981  997  999 1000
 36 Always Switchin'     -6661  -203 -215 -434 -451 -327 -449 -245 -261 -400 -381 -197 -182 -407 -217 -214 -245 -522 -205 -285 -286 -148  -41 -492 -264   -9   40   17   28   28  -30   43  -21   18   -1 -240    0   26   17  519    9   -3  -31
 37 R-P-S 20-20-60       -8676  -362 -104 -381 -400 -407 -413 -258 -420 -385 -413 -390 -406 -270 -444 -293 -134 -122 -370 -194 -137 -381  -76 -405 -388    2  -12   -2   11   11   -6  -80  -89  -54   38 -388  -26    0 -390 -161   18 -420  425
 38 Beat Frequent Pick  -13937  -953 -920 -944 -595 -516 -906 -590 -593 -753 -587 -594 -594 -555 -592 -575 -392 -598 -594 -490 -447 -468 -208 -999 -360 -128  -30  -43   46   -4 -239 -154  -68  185  -15 -433  -17  390    0 -600    0  999  997
 39 Beat The Last Move  -19386  -989 -987 -988 -988 -995 -887 -991 -988 -991 -986 -994 -994 -899 -988  -42 -926 -500 -990  -18   26 -966  -41 -997 -953    1  -22  -55   14  -18 -212 -961 -360   74  -33 -981 -519  161  600    0    1 1000  996
 40 Rotate R-P-S        -25151  -984 -988 -995 -993 -992 -994 -990 -989 -986 -989 -992 -993 -922 -992 -992 -947 -997 -997 -991 -994 -868 -217 -997 -984  -21   11   -6   34    9   18 -719  -14   11   -6 -997   -9  -18    0   -1    0    0 -660
 41 Good Ole Rock       -26248  -991 -994 -1000 -996 -996 -995 -999 -998 -997 -995 -999 -999 -988 -998 -996 -978 -999 -1000 -992 -997 -987 -1000 -999 -976    0   11   -3   12   -4   -1 -1000   14  185  -16 -999    3  420 -999 -1000    0    0  998
 42 * Anti-Flat         -28261  -975 -996 -994 -1000 -997 -991 -997 -994 -996 -997 -996 -1000 -989 -994 -1000 -983 -997 -998 -975 -996 -989 -999 -998 -979  109   15  -62   38  -48  408 -996  -31 -111  -28 -1000   31 -425 -997 -996  660 -998    0

 Match results (draw <= 50): 

    Player Name           total  W  L  D   1  2  3  4  5  6  7  8  9 10 11 12 13 14 15 16 17 18 19 20 21 22 23 24 25 26 27 28 29 30 31 32 33 34 35 36 37 38 39 40 41 42
  1 Iocaine Powder          66  26  1 14   1  2  1  1  2  1  1  1  0  1  2  1  2  1  1  2  1  2  2  1  1  2  2  2  1  2  2  2  2  2  2  2  2  1  2  2  2  2  2  2  2  2
  2 Phasenbott              66  26  1 14   0  1  1  1  2  1  1  1  1  1  2  1  2  2  1  1  1  2  2  1  1  2  2  2  1  2  2  2  2  2  2  2  2  2  2  2  2  2  2  2  2  2
  3 MegaHAL                 64  25  2 14   1  1  1  1  2  1  1  1  1  1  1  0  2  1  0  2  1  2  2  1  1  2  2  2  1  2  2  2  2  2  2  2  2  2  2  2  2  2  2  2  2  2
  4 Biopic                  64  23  0 18   1  1  1  1  1  1  1  1  1  1  2  1  2  2  1  1  1  2  2  1  1  1  2  2  1  1  2  2  2  2  2  2  2  2  2  2  2  2  2  2  2  2
  5 RussRocker4             62  25  4 12   0  0  0  1  1  1  1  2  1  1  1  1  2  1  1  2  1  2  2  0  2  1  2  2  1  2  2  2  2  2  2  2  2  2  2  2  2  2  2  2  2  2
  6 Robertot                62  21  0 20   1  1  1  1  1  1  1  1  1  1  1  1  2  1  1  2  1  2  2  1  2  1  2  1  1  1  1  2  2  2  2  2  2  2  2  2  2  2  2  2  2  2
  7 Simple Modeller         61  22  2 17   1  1  1  1  1  1  1  1  1  2  1  0  2  1  1  2  1  1  2  0  1  2  2  2  1  2  1  2  2  2  2  2  1  2  2  2  2  2  2  2  2  2
  8 Boom                    57  18  2 21   1  1  1  1  0  1  1  1  1  1  1  1  1  1  1  2  0  1  1  1  1  2  2  1  1  2  1  2  2  2  2  2  1  2  2  2  2  2  2  2  2  2
  9 Shofar                  57  17  1 23   2  1  1  1  1  1  1  1  1  1  1  1  1  1  1  1  1  1  1  0  2  1  2  1  1  1  1  2  2  2  2  1  2  2  2  2  2  2  2  2  2  2
 10 Bugbrain                57  17  1 23   1  1  1  1  1  1  0  1  1  1  1  1  1  1  1  1  1  2  2  1  1  1  2  2  1  2  1  2  2  1  2  2  1  2  1  2  2  2  2  2  2  2
 11 ACT-R Lag2              55  18  4 19   0  0  1  0  1  1  1  1  1  1  1  1  1  1  1  1  1  2  2  0  2  2  2  2  1  1  1  2  2  1  2  1  2  2  2  1  2  2  2  2  2  2
 12 Majikthise              54  13  0 28   1  1  2  1  1  1  2  1  1  1  1  1  1  1  1  1  1  1  1  1  1  1  1  2  1  1  1  1  2  1  2  1  2  2  1  1  2  2  2  2  2  2
 13 Simple Predictor        53  20  8 13   0  0  0  0  0  0  0  1  1  1  1  1  1  2  1  1  1  2  1  0  2  1  2  1  1  2  1  2  2  2  2  2  2  2  2  2  2  2  2  2  2  2
 14 Piedra                  53  16  4 21   1  0  1  0  1  1  1  1  1  1  1  1  0  1  1  1  1  0  1  1  2  1  1  1  1  1  2  2  2  1  2  2  2  2  2  2  2  2  2  2  2  2
 15 Vroomfondel             52  11  0 30   1  1  2  1  1  1  1  1  1  1  1  1  1  1  1  1  1  1  1  1  1  1  1  2  1  1  1  1  2  1  2  1  1  2  1  1  2  2  2  2  2  2
 16 Sweet Rocky             51  17  7 17   0  1  0  1  0  0  0  0  1  1  1  1  1  1  1  1  1  1  1  1  2  1  0  2  1  1  1  2  2  2  2  2  2  2  2  2  2  2  2  2  2  2
 17 Yomi AI                 50   9  0 32   1  1  1  1  1  1  1  2  1  1  1  1  1  1  1  1  1  1  1  1  1  1  1  1  1  1  2  1  2  1  2  1  1  1  1  1  1  2  2  2  2  2
 18 Granite                 50  18  9 14   0  0  0  0  0  0  1  1  1  0  0  1  0  2  1  1  1  1  1  1  1  1  1  2  1  1  2  2  2  2  2  2  2  2  2  2  2  2  2  2  2  2
 19 Marble                  48  16  9 16   0  0  0  0  0  0  0  1  1  0  0  1  1  1  1  1  1  1  1  1  1  1  2  2  1  1  1  2  2  1  2  2  2  2  2  2  2  2  2  2  2  2
 20 * De Bruijn             47   7  1 33   1  1  1  1  2  1  2  1  2  1  2  1  2  1  1  1  1  1  1  1  1  1  2  1  1  1  1  1  1  1  1  1  1  1  1  1  1  1  2  1  0  1
 21 * Anti-rotn             47  13  7 21   1  1  1  1  0  0  1  1  0  1  0  1  0  0  1  0  1  1  1  1  1  1  1  2  1  1  1  1  2  1  2  1  2  2  2  2  2  2  2  2  2  2
 22 Mixed Strategy          46  11  6 24   0  0  0  1  1  1  0  0  1  1  0  1  1  1  1  1  1  1  1  1  1  1  1  1  1  1  1  2  2  1  1  2  1  1  2  2  2  2  2  2  2  2
 23 ZQ Bot                  43  16 14 11   0  0  0  0  0  0  0  0  0  0  0  1  0  1  1  2  1  1  0  0  1  1  1  1  1  1  1  2  2  2  2  2  2  2  2  2  2  2  2  2  2  2
 24 Inocencio               43  16 14 11   0  0  0  0  0  1  0  1  1  0  0  0  1  1  0  0  1  0  0  1  0  1  1  1  1  1  2  2  2  2  2  2  2  2  2  2  2  2  2  2  2  2
 25 * Pi                    40   0  1 40   1  1  1  1  1  1  1  1  1  1  1  1  1  1  1  1  1  1  1  1  1  1  1  1  1  1  1  1  1  1  1  1  1  1  0  1  1  1  1  1  1  1
 26 * Add-drift             34   2  9 30   0  0  0  1  0  1  0  0  1  0  1  1  0  1  1  1  1  1  1  1  1  1  1  1  1  1  1  0  1  1  1  1  1  1  1  2  1  1  1  1  2  1
 27 * Foxtrot               33   1  9 31   0  0  0  0  0  1  1  1  1  1  1  1  1  0  1  1  0  0  1  1  1  1  1  0  1  1  1  1  2  1  1  1  1  1  1  1  1  1  1  1  1  1
 28 Peterbot                31  10 20 11   0  0  0  0  0  0  0  0  0  0  0  1  0  0  1  0  1  0  0  1  1  0  0  0  1  2  1  1  0  1  1  1  2  2  1  2  2  2  2  2  2  2
 29 Multi-strategy          30  13 24  4   0  0  0  0  0  0  0  0  0  0  0  0  0  0  0  0  0  0  0  1  0  0  0  0  1  1  0  2  1  2  1  2  2  2  2  2  2  2  2  2  2  2
 30 * Copy-drift            26   0 15 26   0  0  0  0  0  0  0  0  0  1  1  1  0  1  1  0  1  0  1  1  1  1  0  0  1  1  1  1  0  1  1  1  1  1  1  1  1  1  1  1  1  1
 31 Knucklehead             25   6 22 13   0  0  0  0  0  0  0  0  0  0  0  0  0  0  0  0  0  0  0  1  0  1  0  0  1  1  1  1  1  1  1  1  1  1  1  2  1  2  2  2  2  2
 32 * Add-react             23   0 18 23   0  0  0  0  0  0  0  0  1  0  1  1  0  0  1  0  1  0  0  1  1  0  0  0  1  1  1  1  0  1  1  1  1  1  1  1  1  1  1  1  1  1
 33 * Flat                  23   2 20 19   0  0  0  0  0  0  1  1  0  1  0  0  0  0  1  0  1  0  0  1  0  1  0  0  1  1  1  0  0  1  1  1  1  1  1  2  1  1  2  1  0  1
 34 * Switch A Lot          22   3 22 16   1  0  0  0  0  0  0  0  0  0  0  0  0  0  0  0  1  0  0  1  0  1  0  0  1  1  1  0  0  1  1  1  1  1  1  2  1  1  2  1  1  2
 35 * Text                  21   3 23 15   0  0  0  0  0  0  0  0  0  1  0  1  0  0  1  0  1  0  0  1  0  0  0  0  2  1  1  1  0  1  1  1  1  1  1  0  1  0  0  1  2  2
 36 Beat The Last Move      20   5 26 10   0  0  0  0  0  0  0  0  0  0  1  1  0  0  1  0  1  0  0  1  0  0  0  0  1  0  1  0  0  1  0  1  0  0  2  1  0  2  2  1  2  2
 37 Always Switchin'        18   1 24 16   0  0  0  0  0  0  0  0  0  0  0  0  0  0  0  0  1  0  0  1  0  0  0  0  1  1  1  0  0  1  1  1  1  1  1  2  1  1  1  1  1  1
 38 Good Ole Rock           16   3 28 10   0  0  0  0  0  0  0  0  0  0  0  0  0  0  0  0  0  0  0  1  0  0  0  0  1  1  1  0  0  1  0  1  1  1  2  0  1  1  0  1  2  2
 39 Beat Frequent Pick      15   4 30  7   0  0  0  0  0  0  0  0  0  0  0  0  0  0  0  0  0  0  0  0  0  0  0  0  1  1  1  0  0  1  0  1  0  0  2  0  1  2  1  1  2  2
 40 Rotate R-P-S            14   0 27 14   0  0  0  0  0  0  0  0  0  0  0  0  0  0  0  0  0  0  0  1  0  0  0  0  1  1  1  0  0  1  0  1  1  1  1  1  1  1  1  1  0  1
 41 * Anti-Flat             12   3 32  6   0  0  0  0  0  0  0  0  0  0  0  0  0  0  0  0  0  0  0  2  0  0  0  0  1  0  1  0  0  1  0  1  2  1  0  0  1  0  0  2  1  0
 42 R-P-S 20-20-60          11   1 31  9   0  0  0  0  0  0  0  0  0  0  0  0  0  0  0  0  0  0  0  1  0  0  0  0  1  1  1  0  0  1  0  1  1  0  0  0  1  0  0  1  2  1


   Yomi AI is match ranked 17

 Tournament results:
    Player Name          total 
  1 Yomi AI               2989 
 15 * Anti-rotn           5358 
 19 Iocaine Powder       10759 
 20 Phasenbott            9742 
 21 MegaHAL               9533 
 22 RussRocker4           7590 
 23 Biopic                8459 
 24 Simple Modeller       8845 
 25 Simple Predictor      6697 
 26 Robertot              7905 
 27 Boom                  7308 
 28 Shofar                6164 
 29 ACT-R Lag2            5866 
 30 Majikthise            4814 
 31 Vroomfondel           4932 
 32 Granite               6672 
 33 Marble                6322 
 34 ZQ Bot                5297 
 35 Sweet Rocky           7366 
 36 Piedra                6115 
 37 Mixed Strategy        4462 
 41 Bugbrain              5650 

   Yomi is tournament ranked 22

