 Playing 1 tournaments with 1000 trials per match...

 Yomi AI            vs Good Ole Rock       Match: 1000 (1000+   0-   0=)
 Yomi AI            vs R-P-S 20-20-60      Match:  252 (505+ 253- 242=)
 Yomi AI            vs Rotate R-P-S        Match:  983 (989+   6-   5=)
 Yomi AI            vs Beat The Last Move  Match:   62 (359+ 297- 344=)
 Yomi AI            vs Always Switchin'    Match:  131 (426+ 295- 279=)
 Yomi AI            vs Beat Frequent Pick  Match:  460 (651+ 191- 158=)
 Yomi AI            vs * Pi                Match:   11 (333+ 322- 345=)
 Yomi AI            vs * Switch A Lot      Match:   37 (347+ 310- 343=)
 Yomi AI            vs * Flat              Match:  162 (451+ 289- 260=)
 Yomi AI            vs * Anti-Flat         Match:  999 (999+   0-   1=)
 Yomi AI            vs * Foxtrot           Match:  194 (460+ 266- 274=)
 Yomi AI            vs * De Bruijn         Match:   -6 (331+ 337- 332=)
 Yomi AI            vs * Text              Match:   34 (355+ 321- 324=)
 Yomi AI            vs * Anti-rotn         Match:   42 (355+ 313- 332=)
 Yomi AI            vs * Copy-drift        Match:  -17 (325+ 342- 333=)
 Yomi AI            vs * Add-react         Match:  -16 (325+ 341- 334=)
 Yomi AI            vs * Add-drift         Match:   23 (342+ 319- 339=)
 Yomi AI            vs Iocaine Powder      Match:    5 (347+ 342- 311=)
 Yomi AI            vs Phasenbott          Match:   -9 (329+ 338- 333=)
 Yomi AI            vs MegaHAL             Match:   25 (357+ 332- 311=)
 Yomi AI            vs RussRocker4         Match:    1 (334+ 333- 333=)
 Yomi AI            vs Biopic              Match:    6 (343+ 337- 320=)
 Yomi AI            vs Simple Modeller     Match:   24 (346+ 322- 332=)
 Yomi AI            vs Simple Predictor    Match:   10 (339+ 329- 332=)
 Yomi AI            vs Robertot            Match:   10 (351+ 341- 308=)
 Yomi AI            vs Boom                Match:   28 (357+ 329- 314=)
 Yomi AI            vs Shofar              Match:   14 (352+ 338- 310=)
 Yomi AI            vs ACT-R Lag2          Match:   41 (359+ 318- 323=)
 Yomi AI            vs Majikthise          Match:   14 (343+ 329- 328=)
 Yomi AI            vs Vroomfondel         Match:   28 (349+ 321- 330=)
 Yomi AI            vs Granite             Match:   81 (389+ 308- 303=)
 Yomi AI            vs Marble              Match:   57 (384+ 327- 289=)
 Yomi AI            vs ZQ Bot              Match:   93 (406+ 313- 281=)
 Yomi AI            vs Sweet Rocky         Match:   68 (387+ 319- 294=)
 Yomi AI            vs Piedra              Match:   77 (380+ 303- 317=)
 Yomi AI            vs Mixed Strategy      Match:   39 (370+ 331- 299=)
 Yomi AI            vs Multi-strategy      Match:  164 (443+ 279- 278=)
 Yomi AI            vs Inocencio           Match:   35 (366+ 331- 303=)
 Yomi AI            vs Peterbot            Match:   18 (327+ 309- 364=)
 Yomi AI            vs Bugbrain            Match:   -1 (343+ 344- 313=)
 Yomi AI            vs Knucklehead         Match:  410 (612+ 202- 186=)
 Final results (draw value = 50):

 Tournament results: 

    Player Name          total     1    2    3    4    5    6    7    8    9   10   11   12   13   14   15   16   17   18   19   20   21   22   23   24   25   26   27   28   29   30   31   32   33   34   35   36   37   38   39   40   41   42
  1 Iocaine Powder       10905     0  168  101   72   17  523  187    4   23   62  261  228   36  288   33   72   60    3   -5  -40  149   19  285   15    4  174  155  143  339  202  289   86   48  613  177  916  316  924  991  981 1000  986
  2 Phasenbott            9717  -168    0   45   10   23  517  150   42   15   32  243  223   18  280   13    9   46   12    9   50   26   20  184   34   37  183   97   68  354   28  361  116  102  364  270  892  123  928  982  995  995  989
  3 MegaHAL               9478  -101  -45    0   20  -27   91   36   31   35   33  232  257  -55  246   28   21   40   22  -25    6   37    4  279  -33  -33  205  232   57   69  130  317  142  227  325  431  919  403  948  986  992 1000  996
  4 Biopic                8651   -72  -10  -20    0  -37  -34   25   -2   60   35  118  121   -3   98   82   36   43    8   -6    0   50  -10  224  -46    2  151   42  117  403  184   96  137  171  517  345  744  364  744  994  993  996  991
  5 Simple Modeller       8361   -17  -23   27   37    0    7  257    7   33   51   59  150  -62  310   57   21   52   39  -24   21   44  -40  218  -26  -15  221  265  224  -21   51   96  144  221  256  476  287  388  594  990  993  998  995
  6 RussRocker4           8318  -523 -517  -91   34   -7    0   78   45   32   16  128  124   26  177   46    1   60   31   -1  -15   34  -30  316  -41  -37  742   68  173  164  143  394   55  118  461  283  940  316  588  994  993 1000 1000
  7 Simple Predictor      7969  -187 -150  -36  -25 -257  -78    0   -9   18   34   29   -9   -8  151   34   -2   53   23  -10  -52   60   19  220  -73  -21  673  250  288   -1   98  124  154  215  220  408  825  430  592  986  989  996  998
  8 Robertot              7608    -4  -42  -31    2   -7  -45    9    0  -38   59   60   80    0   57   38   -3   56  -24  -10   16   -5  -36  296   -4   -7    3   52   57    6   54   44  193  106  419  457  563  410  860  983  993  996  995
  9 Boom                  7259   -23  -15  -35  -60  -33  -32  -18   38    0   30   68   56  -57   86   34  -16   47   15  -28  -24   -1    6  369  -29   33   48   -7  -13  -22   28   85  148  191  367  445  464  392  753  991  989  995  994
 10 Sweet Rocky           7121   -62  -32  -33  -35  -51  -16  -34  -59  -30    0  -31  -42  -26  -51   53  -46   43  -56  -68  -50    3  -30   88  -33  -31  785   40   38  -35   76  314  174  126  130  209  893  426  594  996  993  996  995
 11 Granite               6673  -261 -243 -232 -118  -59 -128  -29  -60  -68   31    0   32   25  -28   32 -154   66 -131  -81   16   21  -69  449  -65    1  641  -31   24   40  146  115  177  167  303  297  906  368  592  989  993  999 1000
 12 Marble                6629  -228 -223 -257 -121 -150 -124    9  -80  -56   42  -32    0  -71   75   44 -148   40  -71  -57  -31    8  -45  280  -65  -46  649   63   51  104  172   85  173  138  324  287  911  415  591  991  991  998  993
 13 Shofar                6306   -36  -18   55    3   62  -26    8    0   57   26  -25   71    0   57   47  -38   37  -10  -14   12  178   23   75  -12   17   35  -13   57   13   86   83   85  126  175  441   36  257  559  902  942  985  988
 14 ZQ Bot                6284  -288 -280 -246  -98 -310 -177 -151  -57  -86   51   28  -75  -57    0   39  -55   62 -176  -93  -84   32  -55  246   15   -4  787  115   46   36  131  208  181  127  275  231  997  402  590  995  990  997  995
 15 Piedra                6158   -33  -13  -28  -82  -57  -46  -34  -38  -34  -53  -32  -44  -47  -39    0  -51   51  -18  -77  -73   34   -1  124  -24  -57  -59   11   30   52  164   30  155  151  199  256  862  410  591  998  995  996  989
 16 ACT-R Lag2            5882   -72   -9  -21  -36  -21   -1    2    3   16   46  154  148   38   55   51    0   57   -5  -41  -20   91   34  313  -77  -33   35    2   16   14  145   90  101   93  482  277  124  272  569   13  995  997  985
 17 * Anti-rotn           5872   -60  -46  -40  -43  -52  -60  -53  -56  -47  -43  -66  -40  -37  -62  -51  -57    0  -28  -42  -26  -45  -15  255  -36  -57  711    2   47  -18  237    1   55  322   67  473  486  208  598  495  999  999  997
 18 Bugbrain              5847    -3  -12  -22   -8  -39  -31  -23   24  -15   56  131   71   10  176   18    5   28    0    1   27   33   11   56   -8   32   81  127   59   -2  -22   94   27  138  102  290  133  143  381  938  920  954  966
 19 Yomi AI               5589     5   -9   25    6   24    1   10   10   28   68   81   57   14   93   77   41   42   -1    0   14   39   28  164   -6   11   35   23  -17  194  162  -16   34   37  410  131   18  252  460   62  983 1000  999
 20 Majikthise            4934    40  -50   -6    0  -21   15   52  -16   24   50  -16   31  -12   84   73   20   26  -27  -14    0   83   13  122   -8    8   88    1  -15   16  110  -17   33   89  184  287   68  189  434   16  993  994  993
 21 Mixed Strategy        4744  -149  -26  -37  -50  -44  -34  -60    5    1   -3  -21   -8 -178  -32  -34  -91   45  -33  -39  -83    0   64   36  -22  -42  -18  -28   50  -11  -55   -8  173  132  183  206  209  409  443  961  968  985  980
 22 Vroomfondel           4456   -19  -20   -4   10   40   30  -19   36   -6   30   69   45  -23   55    1  -34   15  -11  -28  -13  -64    0  116  -37   -6   82  -37  -25   20   87   19  -11   73  179  263   19  174  469   -3  995  994  995
 23 Multi-strategy        2292  -285 -184 -279 -224 -218 -316 -220 -296 -369  -88 -449 -280  -75 -246 -124 -313 -255  -56 -164 -122  -36 -116    0  -50  -20 -122  -28  277  -61  105  101  123  292   16  502  500  382  999  997  997  999  998
 24 * De Bruijn            673   -15  -34   33   46   26   41   73    4   29   33   65   65   12  -15   24   77   36    8    6    8   22   37   50    0   -1   36   13   -7   -2   -7   14   23   -8    0  -13   -2  -48  128   -1   21    0 -104
 25 * Pi                   203    -4  -37   33   -2   15   37   21    7  -33   31   -1   46  -17    4   57   33   57  -32  -11   -8   42    6   20    1    0   23   -9    0    2  -43   34  -81  -24   39  -33    3    4   30   22  -11  -11   -7
 26 Inocencio             -330  -174 -183 -205 -151 -221 -742 -673   -3  -48 -785 -641 -649  -35 -787   59  -35 -711  -81  -35  -88   18  -82  122  -36  -23    0    7  114  291  174   76  164  102  210  234   86  354  363  751  977  981  975
 27 * Add-drift          -1524  -155  -97 -232  -42 -265  -68 -250  -52    7  -40   31  -63   13 -115  -11   -2   -2 -127  -23   -1   28   37   28  -13    9   -7    0  -46  -30   42   29    7    6  -14  -26  -49   -6   21  -23  -24  -10   11
 28 * Copy-drift         -1912  -143  -68  -57 -117 -224 -173 -288  -57   13  -38  -24  -51  -57  -46  -30  -16  -47  -59   17   15  -50   25 -277    7    0 -114   46    0   21   15    1   21  -32  -90  -12   13    1   -7    2  -22  -39   29
 29 * Foxtrot            -2005  -339 -354  -69 -403   21 -164    1   -6   22   35  -40 -104  -13  -36  -52  -14   18    2 -194  -16   11  -20   61    2   -2 -291   30  -21    0  -23  -19   32   15  -54   11  -39   25   -6  -16   14   -6   -4
 30 * Flat               -2718  -202  -28 -130 -184  -51 -143  -98  -54  -28  -76 -146 -172  -86 -131 -164 -145 -237   22 -162 -110   55  -87 -105    7   43 -174  -42  -15   23    0   -6  -10   27  -11   17 -144  -55  244  212   48   -1 -419
 31 * Add-react          -3128  -289 -361 -317  -96  -96 -394 -124  -44  -85 -314 -115  -85  -83 -208  -30  -90   -1  -94   16   17    8  -19 -101  -14  -34  -76  -29   -1   19    6    0    5  -80  -14  -45  -61  -20   -6   68   40  -15   34
 32 * Text               -3152   -86 -116 -142 -137 -144  -55 -154 -193 -148 -174 -177 -173  -85 -181 -155 -101  -55  -27  -34  -33 -173   11 -123  -23   81 -164   -7  -21  -32   10   -5    0   18    7  -11   12  -19 -185  -74  -11 -185  112
 33 * Switch A Lot       -3211   -48 -102 -227 -171 -221 -118 -215 -106 -191 -126 -167 -138 -126 -127 -151  -93 -322 -138  -37  -89 -132  -73 -292    8   24 -102   -6   32  -15  -27   80  -18    0    5  -34 -120   64   95  320  -56  -30  -21
 34 Knucklehead          -3579  -613 -364 -325 -517 -256 -461 -220 -419 -367 -130 -303 -324 -175 -275 -199 -482  -67 -102 -410 -184 -183 -179  -16    0  -39 -210   14   90   54   11   14   -7   -5    0  -10  -28   86  160  935  -39  966 1000
 35 Always Switchin'     -7177  -177 -270 -431 -345 -476 -283 -408 -457 -445 -209 -297 -287 -441 -231 -256 -277 -473 -290 -131 -287 -206 -263 -502   13   33 -234   26   12  -11  -17   45   11   34   10    0 -227   26   -5  516   13   17    3
 36 Peterbot             -7331  -916 -892 -919 -744 -287 -940 -825 -563 -464 -893 -906 -911  -36 -997 -862 -124 -486 -133  -18  -68 -209  -19 -500    2   -3  -86   49  -13   39  144   61  -12  120   28  227    0  426  434  981  998  999  987
 37 R-P-S 20-20-60       -9084  -316 -123 -403 -364 -388 -316 -430 -410 -392 -426 -368 -415 -257 -402 -410 -272 -208 -143 -252 -189 -409 -174 -382   48   -4 -354    6   -1  -25   55   20   19  -64  -86  -26 -426    0 -372 -167  -14 -459  215
 38 Beat Frequent Pick  -14300  -924 -928 -948 -744 -594 -588 -592 -860 -753 -594 -592 -591 -559 -590 -591 -569 -598 -381 -460 -434 -443 -469 -999 -128  -30 -363  -21    7    6 -244    6  185  -95 -160    5 -434  372    0 -600    0  999  996
 39 Beat The Last Move  -19175  -991 -982 -986 -994 -990 -994 -986 -983 -991 -996 -989 -991 -902 -995 -998  -13 -495 -938  -62  -16 -961    3 -997    1  -22 -751   23   -2   16 -212  -68   74 -320 -935 -516 -981  167  600    0    1 1000  997
 40 Rotate R-P-S        -25301  -981 -995 -992 -993 -993 -993 -989 -993 -989 -993 -993 -991 -942 -990 -995 -995 -999 -920 -983 -993 -968 -995 -997  -21   11 -977   24   22  -14  -48  -40   11   56   39  -13 -998   14    0   -1    0    0 -694
 41 Good Ole Rock       -26075  -1000 -995 -1000 -996 -998 -1000 -996 -996 -995 -996 -999 -998 -985 -997 -996 -997 -999 -954 -1000 -994 -985 -994 -999    0   11 -981   10   39    6    1   15  185   30 -966  -17 -999  459 -999 -1000    0    0 1000
 42 * Anti-Flat         -27927  -986 -989 -996 -991 -995 -1000 -998 -995 -994 -995 -1000 -993 -988 -995 -989 -985 -997 -966 -999 -993 -980 -995 -998  104    7 -975  -11  -29    4  419  -34 -112   21 -1000   -3 -987 -215 -996 -997  694 -1000    0

 Match results (draw <= 50): 

    Player Name           total  W  L  D   1  2  3  4  5  6  7  8  9 10 11 12 13 14 15 16 17 18 19 20 21 22 23 24 25 26 27 28 29 30 31 32 33 34 35 36 37 38 39 40 41 42
  1 Iocaine Powder          70  29  0 12   1  1  2  2  2  2  1  1  1  2  1  1  2  1  1  2  1  2  2  1  2  2  2  2  1  2  2  2  2  2  2  2  2  1  2  2  2  2  2  2  2  2
  2 Simple Modeller         64  24  1 16   1  1  1  1  1  1  1  0  1  1  1  1  2  1  1  2  2  2  1  1  2  2  2  2  1  1  2  2  2  2  2  2  2  2  2  2  2  2  2  2  2  2
  3 Phasenbott              62  22  1 18   0  1  1  1  1  2  1  1  1  1  1  1  2  1  1  1  1  2  1  1  1  2  2  2  1  2  2  2  2  2  2  2  1  2  2  2  2  2  2  2  2  2
  4 Biopic                  62  22  1 18   0  1  1  1  1  1  1  1  1  1  1  1  1  2  1  1  2  2  1  1  1  2  2  2  1  2  1  2  2  2  2  2  2  2  2  2  2  2  2  2  2  2
  5 MegaHAL                 61  22  2 17   0  1  1  1  1  2  1  0  1  1  1  1  1  1  1  1  1  2  1  1  1  2  2  2  1  2  2  2  2  2  2  2  2  2  2  2  2  2  2  2  2  2
  6 RussRocker4             61  23  3 15   0  1  0  1  0  1  1  1  1  1  1  1  2  1  1  1  1  2  1  1  2  2  2  2  1  2  2  2  2  2  2  2  2  2  2  2  2  2  2  2  2  2
  7 Robertot                61  20  0 21   1  1  1  1  1  1  1  1  1  1  1  1  1  1  1  2  1  2  1  1  2  2  2  1  1  1  2  2  2  2  2  1  2  2  2  2  2  2  2  2  2  2
  8 Shofar                  61  20  0 21   1  2  1  1  2  1  1  1  1  1  1  1  1  2  1  1  1  2  2  1  1  1  2  1  1  1  1  2  1  2  2  2  2  2  2  2  2  2  2  2  2  2
  9 Bugbrain                60  19  0 22   1  1  1  1  1  1  1  1  1  1  1  1  1  1  1  2  1  2  1  1  1  2  2  2  1  1  2  2  2  2  2  2  1  2  1  2  2  2  2  2  2  2
 10 ACT-R Lag2              58  19  2 20   0  1  1  1  1  1  1  1  1  1  1  1  1  1  1  1  2  2  2  0  2  2  2  1  1  1  1  2  2  1  2  2  2  2  2  1  2  2  2  2  2  2
 11 Yomi AI                 57  16  0 25   1  1  1  1  1  1  1  1  1  1  1  1  1  1  1  2  2  2  1  1  1  2  2  1  1  2  1  2  1  1  2  1  2  1  1  2  2  2  2  2  2  2
 12 Majikthise              57  16  0 25   1  1  1  1  1  1  1  1  1  1  1  1  2  1  1  1  2  1  2  1  1  1  2  2  1  1  1  2  2  1  2  1  2  2  1  1  2  2  2  2  2  2
 13 Simple Predictor        55  20  6 15   0  0  0  1  1  0  1  1  1  1  1  0  1  1  1  1  1  1  2  0  2  1  2  2  1  1  2  2  2  2  2  2  2  2  2  2  2  2  2  2  2  2
 14 Boom                    55  16  2 23   1  1  1  0  1  1  1  0  1  1  1  1  1  1  1  1  1  2  1  1  1  2  2  1  1  1  1  2  2  1  2  2  1  2  2  2  2  2  2  2  2  2
 15 Vroomfondel             53  13  1 27   1  1  1  1  1  1  1  1  1  1  1  1  1  1  1  1  1  1  0  1  1  2  2  2  1  1  1  2  1  1  2  1  2  2  1  1  2  2  2  2  2  2
 16 Sweet Rocky             51  16  6 19   0  0  1  1  1  1  0  1  0  1  0  1  1  1  1  1  2  1  1  1  1  1  0  2  1  1  1  2  2  1  2  2  2  2  2  2  2  2  2  2  2  2
 17 Piedra                  48  15  8 18   1  0  1  0  1  1  1  1  1  0  0  0  1  1  1  0  1  1  1  1  2  1  1  0  0  2  1  2  2  1  2  1  2  2  2  2  2  2  2  2  2  2
 18 Marble                  47  19 13  9   0  0  0  0  0  0  0  0  0  0  0  1  1  0  1  1  1  1  1  0  1  1  2  2  1  2  2  2  2  2  2  2  2  2  2  2  2  2  2  2  2  2
 19 Mixed Strategy          47  12  6 23   0  1  1  1  1  1  1  0  1  0  1  0  0  1  2  1  1  1  1  1  1  1  1  1  1  1  1  1  2  1  2  1  0  2  2  2  2  2  2  2  2  2
 20 * De Bruijn             45   5  1 35   1  1  1  1  1  1  1  1  1  2  1  1  2  1  1  1  1  2  1  1  1  2  1  1  1  1  1  1  1  1  1  1  1  1  1  1  1  1  1  2  1  0
 21 * Anti-rotn             45  14 10 17   0  0  1  1  1  0  0  1  1  0  1  1  0  1  1  1  0  1  1  1  1  0  0  2  0  1  1  2  2  1  2  1  2  2  2  2  2  2  2  2  2  2
 22 Granite                 44  16 13 12   0  0  0  0  0  0  0  1  0  0  0  1  1  0  0  1  1  1  1  0  2  1  1  2  1  1  1  2  2  1  2  2  2  2  2  2  2  2  2  2  2  2
 23 ZQ Bot                  43  18 16  7   0  0  0  0  0  0  0  0  0  0  0  0  0  0  0  2  1  0  1  1  2  1  1  2  1  1  2  2  2  1  2  2  2  2  2  2  2  2  2  2  2  2
 24 Inocencio               43  17 15  9   0  0  0  0  0  0  1  1  0  1  1  0  0  1  0  0  2  0  1  1  0  0  0  1  1  2  1  2  2  2  2  2  2  2  2  2  2  2  2  2  2  2
 25 * Pi                    42   2  1 38   1  1  1  1  1  1  1  1  1  1  1  1  1  1  1  1  2  1  1  1  2  1  1  1  1  1  1  1  1  1  1  1  1  1  0  1  1  1  1  1  1  1
 26 * Foxtrot               32   1 10 30   0  1  0  0  0  0  1  1  1  1  0  1  1  1  1  1  0  0  1  1  1  1  1  0  1  1  1  2  1  1  0  1  1  1  1  1  1  1  1  1  1  1
 27 * Add-drift             31   0 10 31   0  0  0  1  0  0  0  1  0  1  1  1  0  1  1  1  1  0  1  1  1  1  0  1  1  1  1  1  1  1  1  1  1  1  1  1  1  1  1  1  1  1
 28 Multi-strategy          31  13 23  5   0  0  0  0  0  0  0  0  0  0  0  0  0  0  0  0  0  0  1  1  0  0  0  0  1  0  1  1  2  2  1  2  2  2  2  2  2  2  2  2  2  2
 29 Peterbot                30  10 21 10   0  0  0  0  0  0  0  1  0  0  1  0  0  0  1  0  0  0  0  1  0  0  0  0  1  1  1  0  1  1  1  2  2  2  1  2  2  2  2  2  2  2
 30 * Copy-drift            27   0 14 27   0  0  0  0  0  0  0  0  0  1  1  1  0  1  1  1  1  0  1  1  1  1  1  0  1  1  1  0  1  1  0  1  1  1  1  1  1  1  1  1  1  1
 31 Knucklehead             25   7 23 11   0  0  0  0  0  0  0  0  0  0  0  0  0  0  0  0  0  0  0  1  0  0  0  0  1  2  1  1  1  2  1  1  1  1  1  2  1  2  1  2  2  2
 32 * Add-react             23   1 19 21   0  0  0  0  0  0  1  0  0  0  1  1  0  0  1  0  1  0  1  1  1  0  0  0  1  1  1  0  0  1  1  1  1  0  1  2  1  1  1  1  1  1
 33 * Flat                  21   3 23 15   0  0  1  0  0  0  0  0  1  0  0  0  0  1  0  0  0  0  2  1  0  0  0  0  1  1  1  0  0  1  1  1  1  1  1  2  1  1  1  2  0  0
 34 * Switch A Lot          21   4 24 13   1  0  0  0  0  0  0  0  0  0  1  0  0  0  0  0  0  0  0  1  0  0  0  0  1  1  1  0  0  1  1  2  1  1  1  2  1  1  0  2  2  1
 35 * Text                  20   2 23 16   0  0  0  0  0  0  0  0  1  0  1  1  0  0  1  0  0  0  0  1  0  0  0  0  2  1  1  0  1  1  1  1  1  1  1  0  1  0  1  0  1  2
 36 Beat The Last Move      19   5 27  9   0  0  0  0  0  0  0  0  0  1  0  1  0  0  1  0  0  0  0  1  0  0  0  0  1  1  1  0  0  1  0  0  0  0  2  1  0  2  1  2  2  2
 37 Always Switchin'        17   1 25 15   0  0  0  0  0  0  0  0  0  0  0  0  0  0  0  0  0  0  0  1  0  0  0  0  1  1  1  0  0  1  1  1  1  1  1  2  1  1  1  1  1  1
 38 Good Ole Rock           16   3 28 10   0  0  0  0  0  0  0  0  0  0  0  0  0  0  0  0  0  0  0  1  0  0  0  0  1  1  1  0  0  1  0  1  1  1  2  0  1  1  1  0  2  2
 39 Rotate R-P-S            16   1 26 14   0  0  0  0  0  0  0  0  0  0  0  0  0  0  0  0  0  0  0  1  0  0  0  0  1  1  1  0  0  1  1  1  1  2  1  1  1  1  1  1  1  0
 40 Beat Frequent Pick      15   4 30  7   0  0  0  0  0  0  0  0  0  0  0  0  0  0  0  0  0  0  0  0  0  0  0  0  1  1  1  0  0  1  0  1  0  0  2  0  1  2  1  1  2  2
 41 R-P-S 20-20-60          13   2 30  9   0  0  0  0  0  0  0  0  0  0  0  0  0  0  0  0  0  0  0  1  0  0  0  0  1  1  1  0  0  1  0  1  2  0  1  0  1  0  1  0  1  2
 42 * Anti-Flat             13   3 31  7   0  0  0  0  0  0  0  0  0  0  0  0  0  0  0  0  0  0  0  2  0  0  0  0  1  1  1  0  0  1  0  1  2  1  0  0  1  0  2  0  0  1


   Yomi AI is match ranked 11

 Tournament results:
    Player Name          total 
  1 Yomi AI               5589 
 15 * Anti-rotn           5872 
 19 Iocaine Powder       10905 
 20 Phasenbott            9717 
 21 MegaHAL               9478 
 22 RussRocker4           8318 
 23 Biopic                8651 
 24 Simple Modeller       8361 
 25 Simple Predictor      7969 
 26 Robertot              7608 
 27 Boom                  7259 
 28 Shofar                6306 
 29 ACT-R Lag2            5882 
 32 Granite               6673 
 33 Marble                6629 
 34 ZQ Bot                6284 
 35 Sweet Rocky           7121 
 36 Piedra                6158 
 41 Bugbrain              5847 

   Yomi is tournament ranked 19

