 Playing 1 tournaments with 1000 trials per match...

 Yomi AI            vs Good Ole Rock       Match: 1000 (1000+   0-   0=)
 Yomi AI            vs R-P-S 20-20-60      Match:  125 (436+ 311- 253=)
 Yomi AI            vs Rotate R-P-S        Match:  445 (721+ 276-   3=)
 Yomi AI            vs Beat The Last Move  Match:   -2 (337+ 339- 324=)
 Yomi AI            vs Always Switchin'    Match:   42 (378+ 336- 286=)
 Yomi AI            vs Beat Frequent Pick  Match:  350 (622+ 272- 106=)
 Yomi AI            vs * Pi                Match:    3 (336+ 333- 331=)
 Yomi AI            vs * Switch A Lot      Match:   17 (351+ 334- 315=)
 Yomi AI            vs * Flat              Match:   61 (373+ 312- 315=)
 Yomi AI            vs * Anti-Flat         Match:  999 (999+   0-   1=)
 Yomi AI            vs * Foxtrot           Match:   78 (390+ 312- 298=)
 Yomi AI            vs * De Bruijn         Match:    6 (331+ 325- 344=)
 Yomi AI            vs * Text              Match:  -17 (335+ 352- 313=)
 Yomi AI            vs * Anti-rotn         Match:  -14 (329+ 343- 328=)
 Yomi AI            vs * Copy-drift        Match:  -11 (340+ 351- 309=)
 Yomi AI            vs * Add-react         Match:  -56 (301+ 357- 342=)
 Yomi AI            vs * Add-drift         Match:  -19 (324+ 343- 333=)
 Yomi AI            vs Iocaine Powder      Match:  -21 (319+ 340- 341=)
 Yomi AI            vs Phasenbott          Match:  -26 (307+ 333- 360=)
 Yomi AI            vs MegaHAL             Match:  -10 (338+ 348- 314=)
 Yomi AI            vs RussRocker4         Match:  -12 (338+ 350- 312=)
 Yomi AI            vs Biopic              Match:  -20 (342+ 362- 296=)
 Yomi AI            vs Simple Modeller     Match:   23 (349+ 326- 325=)
 Yomi AI            vs Simple Predictor    Match:   -8 (342+ 350- 308=)
 Yomi AI            vs Robertot            Match:    8 (354+ 346- 300=)
 Yomi AI            vs Boom                Match:   18 (339+ 321- 340=)
 Yomi AI            vs Shofar              Match:   -4 (338+ 342- 320=)
 Yomi AI            vs ACT-R Lag2          Match:   -4 (324+ 328- 348=)
 Yomi AI            vs Majikthise          Match:  -29 (315+ 344- 341=)
 Yomi AI            vs Vroomfondel         Match:    7 (351+ 344- 305=)
 Yomi AI            vs Granite             Match:   24 (359+ 335- 306=)
 Yomi AI            vs Marble              Match:   65 (410+ 345- 245=)
 Yomi AI            vs ZQ Bot              Match:  -11 (343+ 354- 303=)
 Yomi AI            vs Sweet Rocky         Match:   30 (388+ 358- 254=)
 Yomi AI            vs Piedra              Match:   52 (387+ 335- 278=)
 Yomi AI            vs Mixed Strategy      Match:   35 (378+ 343- 279=)
 Yomi AI            vs Multi-strategy      Match:  136 (460+ 324- 216=)
 Yomi AI            vs Inocencio           Match:    4 (352+ 348- 300=)
 Yomi AI            vs Peterbot            Match:   27 (350+ 323- 327=)
 Yomi AI            vs Bugbrain            Match:    7 (337+ 330- 333=)
 Yomi AI            vs Knucklehead         Match:  195 (500+ 305- 195=)
 Final results (draw value = 50):

 Tournament results: 

    Player Name          total     1    2    3    4    5    6    7    8    9   10   11   12   13   14   15   16   17   18   19   20   21   22   23   24   25   26   27   28   29   30   31   32   33   34   35   36   37   38   39   40   41   42
  1 Iocaine Powder       11075     0  210   56   33   46  241   58  526  279   62    4   88  211  -15    0   30  286   49   44   87   13   21  303  210   49  -11  175  380  184  238  256   25   98  534  227  868  334  917  991  988  994  986
  2 Phasenbott            9951  -210    0   32   89   50  126   51  518  280    6   32   79  212   23   50   63  238   79  -15   60  -10   26  161  208   18  -28  145  372   62   76  293   95  108  407  202  998  159  935  986  993  994  988
  3 Simple Modeller       9354   -56  -32    0   -3   25  294   29  -18  117  -13   50  -18  110   41   61   24  286   44   13   82  -24  -23  222  457  -32   -4  231    8  293  129  117  220  131  258  461  909  400  592  990  990  998  995
  4 MegaHAL               9271   -33  -89    3    0   36   33    8   56  231   76    7  -41  227  -19    4   42  225   90  -57   -5  -19   10  185  125  -63   26  180   26  130  116  311  244  142  456  453  866  380  929  990  992  998 1000
  5 Biopic                8354   -46  -50  -25  -36    0   73   21  -18  129   64   14  -14  171  -14  -19   40  118   45   19   47  -30   20  205  109  -31    3    2  423   46  170  100  111  150  476  317  664  372  741  996  998  999  994
  6 Simple Predictor      8002  -241 -126 -294  -33  -73    0  -13  -65   40   10    8  -73    1  -25   49   13  175   49    7   60  -15    8  220  788  -62  -14  321  -21  268   42  144  196  149  281  402  882  391  592  985  986  996  994
  7 Robertot              7803   -58  -51  -29   -8  -21   13    0  -31  -17   48  -22    6   65   -2  -16   23   84   59    7   48   40   -8  253   12   -1  -17   34  -18   47   81  102  119  193  385  467  942  416  860  810  995  996  997
  8 RussRocker4           7724  -526 -518   18  -56   18   65   31    0  128   56   35   -3  144   -1   -7   56  204   57  -16   68   21   12  263  115   -4  -51  169  191  200  105  400   98   63  457  227  903  230  591  988  995  998 1000
  9 Granite               6719  -279 -280 -117 -231 -129  -40   17 -128    0   19  -29  -92   38  -48  -37   33   53   51  -48   -5    3  -24  226  654  -67  -24   46   56    5  170   99  191  177  347  198  921  412  594  994  995  998 1000
 10 Piedra                6595   -62   -6   13  -76  -64  -10  -48  -56  -19    0  -43  -18  -91  -13  -29  -18  -90   27  -52  -26  -38  -52   97  -33  -71  -54   82   89   70  148  324  170  169  183  166 1000  451  593  991  994  997 1000
 11 Boom                  6563    -4  -32  -50   -7  -14   -8   22  -35   29   43    0  -26   68  -11  -10   45   75   55  -26    4    3  -18  235   44  -39    9   -6   10   -9  -38   75  124  120  354  405   60  387  753  991  990  995 1000
 12 ACT-R Lag2            6549   -88  -79   18   41   14   73   -6    3   92   18   26    0  143   -6  -20   39   87   54    6   86   19    4  284  136 -115   -3   11  -17   22  144   53   77   69  511  259  189  323  572  531  992  998  989
 13 Marble                6543  -211 -212 -110 -227 -171   -1  -65 -144  -38   91  -68 -143    0  -44 -101   36   47   43  -37    6  -53  -65  247  647  -70  -26   -5   72   53  177  149  142  175  303  292  898  386  591  992  997  998  992
 14 Shofar                6429    15  -23  -41   19   14   25    2    1   48   13   11    6   44    0  -20   41   74   23   12   73   -5    4  110   48  -28   -1   13  -26  159  138  -22  110  190  135  424  215  284  558  907  924  970  985
 15 Bugbrain              5859     0  -50  -61   -4   19  -49   16    7   37   29   10   20  101   20    0   10  180   35   13   44   -7   -7  156   45   -9   17  102  -32   71   52   77  112   12  117  216  163  188  361  941  930  991  986
 16 Sweet Rocky           5797   -30  -63  -24  -42  -40  -13  -23  -56  -33   18  -45  -39  -36  -41  -10    0  -47   30  -13  -20  -51  -30   97  -23  -45   20   21   38   53  134  316  105  146  183  280   97  413  596  993  996  995  990
 17 ZQ Bot                5673  -286 -238 -286 -225 -118 -175  -84 -204  -53   90  -75  -87  -47  -74 -180   47    0   63  -23   30  -88   11  190  132  -49   -7   95   23  112  122  282  172  157  324  241  940  377  590  992  989  996  997
 18 * Anti-rotn           5152   -49  -79  -44  -90  -45  -49  -59  -57  -51  -27  -55  -54  -43  -23  -35  -30  -63    0  -50   11   61   14  261  612  -57  -50  -60  -38   24  188  -21  271   55   40  500   13  155  597  494  999  998  988
 19 Vroomfondel           5035   -44   15  -13   57  -19   -7   -7   16   48   52   26   -6   37  -12  -13   13   23   50    0   19    7   -7  185   96   -2   53   20   13   40   79   18   87   26  199  277   90  186  468  -18  996  993  994
 20 Mixed Strategy        4741   -87  -60  -82    5  -47  -60  -48  -68    5   26   -4  -86   -6  -73  -44   20  -30  -11  -19    0  -68  -35  -21    3  -37  -18   16  -61   45  -36   74  105  181  122  139  197  358  525  971  957  998  995
 21 Majikthise            4608   -13   10   24   19   30   15  -40  -21   -3   38   -3  -19   53    5    7   51   88  -61   -7   68    0   29  177   62  -35    1   -3   -5  -34  104   21  111  -27  241  249  -36  141  431  -36  992  997  987
 22 Yomi AI               3493   -21  -26   23  -10  -20   -8    8  -12   24   52   18   -4   65   -4    7   30  -11  -14    7   35  -29    0  136    4    6    3  -19   78  -11   61  -56   17  -17  195   42   27  125  350   -2  445 1000  999
 23 Multi-strategy        2929  -303 -161 -222 -185 -205 -220 -253 -263 -226  -97 -235 -284 -247 -110 -156  -97 -190 -261 -185   21 -177 -136    0  -94  -50  -20   42   -1  286  192   43  245  123    1  485  500  380  999  997  997  999  997
 24 Inocencio             1915  -210 -208 -457 -125 -109 -788  -12 -115 -654   33  -44 -136 -647  -48  -45   23 -132 -612  -96   -3  -62   -4   94    0  -12  -14   36  336  101  182   37  146  170  265  280   99  400  359  948  981  977  981
 25 * De Bruijn            803   -49  -18   32   63   31   62    1    4   67   71   39  115   70   28    9   45   49   57    2   37   35   -6   50   12    0   -1  -68   10   -6   23  -10   41   23   -5  -42   -3    3  128   -1   21    0 -116
 26 * Pi                   231    11   28    4  -26   -3   14   17   51   24   54   -9    3   26    1  -17  -20    7   50  -53   18   -1   -3   20   14    1    0    1   63   40  -14    4  -11  -81    0  -16   38  -21   30   22  -11  -11  -13
 27 * Add-drift          -1758  -175 -145 -231 -180   -2 -321  -34 -169  -46  -82    6  -11    5  -13 -102  -21  -95   60  -20  -16    3   19  -42  -36   68   -1    0  -40   23  -18 -106   10  -14   -6  -13   -6   10   -3  -18   26    6  -28
 28 * Foxtrot            -1943  -380 -372   -8  -26 -423   21   18 -191  -56  -89  -10   17  -72   26   32  -38  -23   38  -13   61    5  -78    1 -336  -10  -63   40    0   -7  -29  -18    3   22  -47   52  -23   18   38  -25  -38   31    9
 29 * Copy-drift         -2415  -184  -62 -293 -130  -46 -268  -47 -200   -5  -70    9  -22  -53 -159  -71  -53 -112  -24  -40  -45   34   11 -286 -101    6  -40  -23    7    0    1  -13  -21   55  -50  -20  -69  -12  -16  -15   29  -28   11
 30 * Flat               -2786  -238  -76 -129 -116 -170  -42  -81 -105 -170 -148   38 -144 -177 -138  -52 -134 -122 -188  -79   36 -104  -61 -192 -182  -23   14   18   29   -1    0   49   21   19   15   19 -189    4  227  223  -18   -1 -418
 31 * Add-react          -3003  -256 -293 -117 -311 -100 -144 -102 -400  -99 -324  -75  -53 -149   22  -77 -316 -282   21  -18  -74  -21   56  -43  -37   10   -4  106   18   13  -49    0  -53   -6    5  -29  -61   11    8   78   59    2   81
 32 * Switch A Lot       -3098   -25  -95 -220 -244 -111 -196 -119  -98 -191 -170 -124  -77 -142 -110 -112 -105 -172 -271  -87 -105 -111  -17 -245 -146  -41   11  -10   -3   21  -21   53    0    8   17   16 -183  -14  -14  346   15  -25   19
 33 * Text               -3105   -98 -108 -131 -142 -150 -149 -193  -63 -177 -169 -120  -69 -175 -190  -12 -146 -157  -55  -26 -181   27   17 -123 -170  -23   81   14  -22  -55  -19    6   -8    0   -3   24    9   -6 -185  -74  -11 -185  112
 34 Knucklehead          -4056  -534 -407 -258 -456 -476 -281 -385 -457 -347 -183 -354 -511 -303 -135 -117 -183 -324  -40 -199 -122 -241 -195   -1 -265    5    0    6   47   50  -15   -5  -17    3    0  -14   12   46   96  424  124 1000  956
 35 Always Switchin'     -6750  -227 -202 -461 -453 -317 -402 -467 -227 -198 -166 -405 -259 -292 -424 -216 -280 -241 -500 -277 -139 -249  -42 -485 -280   42   16   13  -52   20  -19   29  -16  -24   14    0 -239   10   78  536   24    5   22
 36 Peterbot             -6897  -868 -998 -909 -866 -664 -882 -942 -903 -921 -1000  -60 -189 -898 -215 -163  -97 -940  -13  -90 -197   36  -27 -500  -99    3  -38    6   23   69  189   61  183   -9  -12  239    0  378  436  981  999 1000 1000
 37 R-P-S 20-20-60       -8649  -334 -159 -400 -380 -372 -391 -416 -230 -412 -451 -387 -323 -386 -284 -188 -413 -377 -155 -186 -358 -141 -125 -380 -400   -3   21  -10  -18   12   -4  -11   14    6  -46  -10 -378    0 -397 -138    0 -441  402
 38 Beat Frequent Pick  -14125  -917 -935 -592 -929 -741 -592 -860 -591 -594 -593 -753 -572 -591 -558 -361 -596 -590 -597 -468 -525 -431 -350 -999 -359 -128  -30    3  -38   16 -227   -8   14  185  -96  -78 -436  397    0 -600    0  999  996
 39 Beat The Last Move  -19164  -991 -986 -990 -990 -996 -985 -810 -988 -994 -991 -991 -531 -992 -907 -941 -993 -992 -494   18 -971   36    2 -997 -948    1  -22   18   25   15 -223  -78 -346   74 -424 -536 -981  138  600    0    1 1000  996
 40 Rotate R-P-S        -25008  -988 -993 -990 -992 -998 -986 -995 -995 -995 -994 -990 -992 -997 -924 -930 -996 -989 -999 -996 -957 -992 -445 -997 -981  -21   11  -26   38  -29   18  -59  -15   11 -124  -24 -999    0    0   -1    0    0 -677
 41 Good Ole Rock       -26225  -994 -994 -998 -998 -999 -996 -996 -998 -998 -997 -995 -998 -998 -970 -991 -995 -996 -998 -993 -998 -997 -1000 -999 -977    0   11   -6  -31   28    1   -2   25  185 -1000   -5 -1000  441 -999 -1000    0    0 1000
 42 * Anti-Flat         -28186  -986 -988 -995 -1000 -994 -994 -997 -1000 -1000 -1000 -1000 -989 -992 -985 -986 -990 -997 -988 -994 -995 -987 -999 -997 -981  116   13   28   -9  -11  418  -81  -19 -112 -956  -22 -1000 -402 -996 -996  677 -1000    0

 Match results (draw <= 50): 

    Player Name           total  W  L  D   1  2  3  4  5  6  7  8  9 10 11 12 13 14 15 16 17 18 19 20 21 22 23 24 25 26 27 28 29 30 31 32 33 34 35 36 37 38 39 40 41 42
  1 Iocaine Powder          69  28  0 13   1  2  2  2  1  1  2  1  1  1  2  1  1  1  2  1  2  2  1  2  2  1  2  1  2  2  2  2  2  2  2  2  1  2  2  2  2  2  2  2  2  2
  2 Phasenbott              69  29  1 11   0  1  2  1  1  2  2  1  1  1  2  1  1  2  2  1  2  1  1  2  2  2  2  1  2  2  2  2  2  2  2  2  2  2  2  2  2  2  2  2  2  2
  3 RussRocker4             63  26  4 11   0  0  1  1  1  0  1  1  1  1  1  1  1  2  2  1  2  2  1  2  2  2  2  0  2  2  2  2  2  2  2  2  2  2  2  2  2  2  2  2  2  2
  4 Simple Modeller         63  23  1 17   0  1  1  1  1  1  1  1  1  2  1  1  1  1  2  1  2  1  1  2  2  1  2  1  2  1  2  2  2  2  2  2  2  2  2  2  2  2  2  2  2  2
  5 Biopic                  62  21  0 20   1  1  1  1  1  1  1  1  1  1  1  1  1  1  2  1  2  2  1  2  2  1  1  1  2  2  1  2  2  1  2  2  2  2  2  2  2  2  2  2  2  2
  6 MegaHAL                 61  23  3 15   1  0  2  1  1  1  1  1  1  1  1  0  1  1  1  1  2  2  0  2  2  2  1  1  2  1  2  2  2  2  2  2  2  2  2  2  2  2  2  2  2  2
  7 ACT-R Lag2              59  21  3 17   0  0  1  1  1  1  1  1  1  1  1  1  1  1  2  1  2  1  0  2  2  2  2  1  2  1  1  2  2  1  2  2  2  2  2  2  2  2  2  2  2  2
  8 Boom                    57  16  0 25   1  1  1  1  1  1  1  1  1  1  1  1  1  1  1  1  1  1  1  2  2  2  1  1  1  1  1  2  2  1  2  2  2  1  2  2  2  2  2  2  2  2
  9 Shofar                  57  16  0 25   1  1  1  1  1  1  1  1  1  1  1  1  1  1  1  1  1  1  1  1  2  1  2  1  1  1  1  2  2  2  1  2  2  2  2  2  2  2  2  2  2  2
 10 Bugbrain                57  17  1 23   1  1  1  0  1  1  1  1  1  1  1  1  1  1  1  1  1  1  1  2  2  1  1  1  1  1  2  2  2  2  2  2  2  2  1  2  2  2  2  2  2  2
 11 Robertot                56  17  2 22   0  0  1  1  1  1  1  1  1  1  1  1  1  1  1  1  1  1  1  2  2  2  1  1  1  1  1  2  2  1  2  2  2  2  2  2  2  2  2  2  2  2
 12 Vroomfondel             56  15  0 26   1  1  1  1  1  2  1  1  1  1  1  1  1  1  1  1  1  2  1  1  1  1  1  2  2  1  1  2  2  1  1  2  2  2  1  1  2  2  2  2  2  2
 13 Majikthise              55  15  1 25   1  1  1  1  1  1  1  1  1  1  1  1  1  2  1  1  1  1  1  2  2  0  2  1  2  1  1  2  1  1  1  2  2  2  1  1  2  2  2  2  2  2
 14 Sweet Rocky             53  15  3 23   1  0  0  1  1  1  1  1  1  1  1  1  0  1  1  1  1  1  1  1  1  1  1  1  1  1  1  2  2  2  2  2  2  2  2  2  2  2  2  2  2  2
 15 Simple Predictor        52  18  7 16   0  0  0  0  0  1  0  1  1  1  1  1  1  1  1  1  1  1  0  1  2  1  2  1  2  1  2  2  2  2  2  2  2  1  2  2  2  2  2  2  2  2
 16 Yomi AI                 51  11  1 29   1  1  1  1  1  1  1  1  1  1  1  1  1  1  1  1  1  2  1  2  1  1  1  1  1  2  1  2  1  1  0  2  1  2  1  1  1  2  2  2  2  2
 17 Granite                 51  18  8 15   0  0  0  0  0  0  0  1  1  1  1  1  1  1  1  1  1  1  0  1  2  2  1  1  2  2  1  2  2  1  2  2  2  2  2  2  2  2  2  2  2  2
 18 Piedra                  48  17 10 14   0  1  0  1  0  0  1  1  1  1  1  0  1  1  1  0  1  1  0  0  0  1  1  0  1  2  2  2  2  2  2  2  2  2  2  2  2  2  2  2  2  2
 19 * De Bruijn             47   8  2 31   1  1  1  1  1  2  2  1  1  1  1  1  1  1  2  1  2  2  1  2  1  2  1  1  1  1  0  1  1  1  1  1  1  1  1  1  1  1  2  1  1  0
 20 Marble                  46  18 13 10   0  0  0  0  0  0  0  0  1  0  0  1  0  1  1  0  1  2  0  1  1  1  1  1  2  2  1  2  2  2  2  2  2  2  2  2  2  2  2  2  2  2
 21 ZQ Bot                  46  19 14  8   0  0  0  0  0  0  0  0  0  0  0  1  0  1  0  1  0  2  1  1  1  2  1  1  2  1  2  2  2  2  2  2  2  2  2  2  2  2  2  2  2  2
 22 * Anti-rotn             44  13 10 18   1  0  0  1  1  0  0  0  1  1  0  1  2  1  1  1  0  1  0  1  0  1  1  1  2  1  0  2  1  1  1  1  2  2  2  2  2  2  2  2  2  2
 23 Mixed Strategy          44  12  9 20   0  0  0  0  1  1  0  1  0  1  1  1  0  1  0  1  1  1  1  1  1  1  1  1  1  0  1  1  2  1  2  2  2  1  2  2  2  2  2  2  2  2
 24 * Pi                    42   3  2 36   1  1  2  1  1  1  1  1  1  1  1  0  1  1  1  1  1  2  1  1  1  1  1  1  1  2  1  1  1  1  1  1  1  1  0  1  1  1  1  1  1  1
 25 Inocencio               42  15 14 12   0  0  0  0  0  0  0  1  1  1  1  0  0  1  0  1  0  1  1  0  0  0  1  1  1  2  1  2  2  2  1  2  2  2  2  2  2  2  2  2  2  2
 26 * Foxtrot               33   2 10 29   0  0  0  1  0  1  1  1  1  1  1  1  1  1  1  0  0  0  1  0  1  1  2  0  0  1  1  1  1  1  1  1  1  1  1  1  2  1  1  1  1  1
 27 * Add-drift             33   2 10 29   0  0  0  0  1  0  1  1  1  0  1  1  1  1  0  1  1  0  2  1  0  2  1  1  1  1  1  1  1  1  0  1  1  1  1  1  1  1  1  1  1  1
 28 Multi-strategy          31  12 22  7   0  0  0  0  0  0  0  0  0  0  0  0  0  0  0  0  0  0  1  0  0  0  1  1  0  1  1  1  2  2  1  1  2  2  2  2  2  2  2  2  2  2
 29 Peterbot                31  11 21  9   0  0  0  0  0  0  0  0  0  0  0  0  1  0  0  1  0  0  1  0  0  1  0  1  0  1  1  0  1  2  2  1  2  2  1  2  2  2  2  2  2  2
 30 * Copy-drift            27   1 15 25   0  0  0  0  1  0  1  1  0  0  1  1  1  0  0  1  1  0  1  0  0  1  1  1  0  1  1  0  0  1  1  1  1  1  2  1  1  1  1  1  1  1
 31 * Add-react             27   5 19 17   0  0  0  0  0  0  0  0  1  0  0  1  1  0  0  2  0  0  1  0  0  1  0  1  1  1  2  1  0  1  1  1  0  1  1  2  1  1  1  1  2  2
 32 Knucklehead             24   5 22 14   0  0  0  0  0  0  0  0  0  0  0  0  0  0  0  0  0  0  1  0  0  1  0  1  0  1  1  1  1  1  1  1  1  1  1  2  1  2  2  1  2  2
 33 * Switch A Lot          20   2 23 16   1  0  0  0  0  0  0  0  0  0  0  0  0  0  0  1  0  0  1  0  0  0  0  1  0  1  1  0  0  1  2  1  1  1  1  2  1  1  1  1  1  1
 34 * Flat                  20   2 23 16   0  0  0  0  0  0  0  1  0  0  0  0  0  0  1  0  0  0  1  0  0  0  1  1  0  1  1  0  0  1  1  1  1  1  1  2  1  1  2  1  1  0
 35 * Text                  19   2 24 15   0  0  0  0  0  0  0  0  0  1  0  1  1  0  0  1  0  0  1  0  0  0  0  2  0  1  1  0  1  0  1  1  1  1  1  0  1  0  0  1  1  2
 36 Beat The Last Move      19   5 27  9   0  0  0  0  0  0  0  0  0  0  0  1  1  0  0  1  0  0  1  0  0  0  0  1  0  1  1  0  0  1  0  0  0  0  2  1  0  2  2  2  1  2
 37 Always Switchin'        18   2 25 14   0  0  0  0  0  0  0  0  0  0  0  0  0  0  0  1  0  0  1  0  0  0  0  1  0  0  1  0  0  1  1  1  1  1  1  2  1  1  2  1  1  1
 38 Good Ole Rock           16   3 28 10   0  0  0  0  0  0  0  0  0  0  0  0  0  0  0  0  0  0  1  0  0  0  0  1  0  1  1  0  0  1  1  0  1  1  2  0  1  1  0  2  1  2
 39 Beat Frequent Pick      15   4 30  7   0  0  0  0  0  0  0  0  0  0  0  0  0  0  0  0  0  0  0  0  0  0  0  1  0  1  1  0  0  1  1  0  1  0  2  0  0  2  1  2  1  2
 40 R-P-S 20-20-60          14   1 28 12   0  0  0  0  0  0  0  0  0  0  0  0  0  0  0  0  0  0  1  0  0  0  0  1  0  1  1  0  0  1  1  1  1  1  1  0  1  0  0  1  1  2
 41 Rotate R-P-S            13   0 28 13   0  0  0  0  0  0  0  0  0  0  0  0  0  0  0  0  0  0  1  0  0  0  0  1  0  1  1  0  0  1  0  0  1  1  1  1  1  1  1  1  1  0
 42 * Anti-Flat             12   3 32  6   0  0  0  0  0  0  0  0  0  0  0  0  0  0  0  0  0  0  2  0  0  0  0  1  0  1  1  0  0  1  0  0  1  2  0  0  1  0  0  0  2  1


   Yomi AI is match ranked 16

 Tournament results:
    Player Name          total 
  1 Yomi AI               3493 
 15 * Anti-rotn           5152 
 19 Iocaine Powder       11075 
 20 Phasenbott            9951 
 21 MegaHAL               9271 
 22 RussRocker4           7724 
 23 Biopic                8354 
 24 Simple Modeller       9354 
 25 Simple Predictor      8002 
 26 Robertot              7803 
 27 Boom                  6563 
 28 Shofar                6429 
 29 ACT-R Lag2            6549 
 30 Majikthise            4608 
 31 Vroomfondel           5035 
 32 Granite               6719 
 33 Marble                6543 
 34 ZQ Bot                5673 
 35 Sweet Rocky           5797 
 36 Piedra                6595 
 37 Mixed Strategy        4741 
 41 Bugbrain              5859 

   Yomi is tournament ranked 22

