 Playing 1 tournaments with 1000 trials per match...

 Yomi AI            vs Good Ole Rock       Match: 1000 (1000+   0-   0=)
 Yomi AI            vs R-P-S 20-20-60      Match:  267 (502+ 235- 263=)
 Yomi AI            vs Rotate R-P-S        Match:  991 (994+   3-   3=)
 Yomi AI            vs Beat The Last Move  Match:    6 (356+ 350- 294=)
 Yomi AI            vs Always Switchin'    Match:  115 (412+ 297- 291=)
 Yomi AI            vs Beat Frequent Pick  Match:  478 (667+ 189- 144=)
 Yomi AI            vs * Pi                Match:   11 (339+ 328- 333=)
 Yomi AI            vs * Switch A Lot      Match:   39 (352+ 313- 335=)
 Yomi AI            vs * Flat              Match:  112 (398+ 286- 316=)
 Yomi AI            vs * Anti-Flat         Match:  999 (999+   0-   1=)
 Yomi AI            vs * Foxtrot           Match:  243 (487+ 244- 269=)
 Yomi AI            vs * De Bruijn         Match:  -51 (314+ 365- 321=)
 Yomi AI            vs * Text              Match:  100 (401+ 301- 298=)
 Yomi AI            vs * Anti-rotn         Match:    6 (337+ 331- 332=)
 Yomi AI            vs * Copy-drift        Match:  -21 (321+ 342- 337=)
 Yomi AI            vs * Add-react         Match:   -3 (335+ 338- 327=)
 Yomi AI            vs * Add-drift         Match:   36 (356+ 320- 324=)
 Yomi AI            vs Iocaine Powder      Match:   -8 (320+ 328- 352=)
 Yomi AI            vs Phasenbott          Match:   13 (345+ 332- 323=)
 Yomi AI            vs MegaHAL             Match:   -8 (319+ 327- 354=)
 Yomi AI            vs RussRocker4         Match:  -17 (325+ 342- 333=)
 Yomi AI            vs Biopic              Match:   12 (358+ 346- 296=)
 Yomi AI            vs Simple Modeller     Match:  -23 (328+ 351- 321=)
 Yomi AI            vs Simple Predictor    Match:   23 (362+ 339- 299=)
 Yomi AI            vs Robertot            Match:   15 (364+ 349- 287=)
 Yomi AI            vs Boom                Match:   36 (355+ 319- 326=)
 Yomi AI            vs Shofar              Match:  -35 (309+ 344- 347=)
 Yomi AI            vs ACT-R Lag2          Match:  -51 (327+ 378- 295=)
 Yomi AI            vs Majikthise          Match:  -33 (317+ 350- 333=)
 Yomi AI            vs Vroomfondel         Match:  -42 (310+ 352- 338=)
 Yomi AI            vs Granite             Match:   72 (408+ 336- 256=)
 Yomi AI            vs Marble              Match:  110 (439+ 329- 232=)
 Yomi AI            vs ZQ Bot              Match:    7 (354+ 347- 299=)
 Yomi AI            vs Sweet Rocky         Match:   36 (359+ 323- 318=)
 Yomi AI            vs Piedra              Match:   38 (377+ 339- 284=)
 Yomi AI            vs Mixed Strategy      Match:  -10 (347+ 357- 296=)
 Yomi AI            vs Multi-strategy      Match:  162 (419+ 257- 324=)
 Yomi AI            vs Inocencio           Match:   72 (386+ 314- 300=)
 Yomi AI            vs Peterbot            Match:   47 (372+ 325- 303=)
 Yomi AI            vs Bugbrain            Match:  -28 (325+ 353- 322=)
 Yomi AI            vs Knucklehead         Match:  438 (620+ 182- 198=)
 Final results (draw value = 50):

 Tournament results: 

    Player Name          total     1    2    3    4    5    6    7    8    9   10   11   12   13   14   15   16   17   18   19   20   21   22   23   24   25   26   27   28   29   30   31   32   33   34   35   36   37   38   39   40   41   42
  1 Iocaine Powder       10760     0  162   74   14   31  537  -25   -5   33  179   24    1   47   52  205  183  304    8   20   28    9   70  200  295   15    7  128  239  379  185  320  124   56  578  873  223  307  928  983  984 1000  985
  2 Phasenbott            9590  -162    0    8   -5   35  521   87   38   -1  144   65  -25   20   26  252  192  250  -13   42    5   91   41  172  218   51    7  119   93  344  103  303   68   25  397  883  224  114  902  981  992  994  989
  3 MegaHAL               9329   -74   -8    0  -27    5   53  -19   46   40   38   22  -51   -6   28  223  242  244    8  -37  -39   15   52  183  202  -10    9  163  105   39  158  272  142  250  406  883  445  405  944  986  993  999 1000
  4 Simple Modeller       9273   -14    5   27    0   38   10   51   39   21  294   41   -5   23   84   44  120  287   23    9  -10   51   52  785  202   12   31  236  249  -32   74  103  149  262  281  296  460  397  595  997  991  998  997
  5 Biopic                8675   -31  -35   -5  -38    0   40   30   36   19   56   25    3  -43   25  129  120  132  -12  -32    0   49   32  160  237  -20   -9   -1   71  394  130   20  134  201  512  815  316  376  853  994  996  997  999
  6 RussRocker4           7671  -537 -521  -53  -10  -40    0   14   34   37  102   31  -14   32   13   76  170  151   17   20    5  120   42  151  215  -38  -55  154  117  186  145  323   65  140  475  924  310  304  585  992  994  999  996
  7 Robertot              7520    25  -87   19  -51  -30  -14    0   58   29    0   25   33   -6    5   -2  122   42  -15   -2    7   64   40   38  296  -34    1   33   92    8   59   43  174  154  425  432  457  397  727  968  995  997  996
  8 Sweet Rocky           7458     5  -38  -46  -39  -36  -34  -58    0  -58  -17  -50  -42  -46  -50   10   -3  -52  -36  -14  -38  -40   42  782  135  -34   -1   76  -37  -25   65  353  166  135  210  900  393  417  589  994  994  997  989
  9 Boom                  7080   -33    1  -40  -21  -19  -37  -29   58    0  -21   37    9  -38  -29   28   64   86  -36  -33   10   -9   63   36  239    8  -40   70   30  -16   53   54  135  166  389  402  417  401  753  991  990  997  994
 10 Simple Predictor      6913  -179 -144  -38 -294  -56 -102    0   17   21    0   47  -29  -65   27   41   62  171  -23   16  -39    7   61  305  191  -79  -14  265  275  -18  107   94  154  206  234  330  405  400  592  986  990  996  993
 11 Piedra                6691   -24  -65  -22  -41  -25  -31  -25   50  -37  -47    0  -43  -40  -32  -72  -27  -29  -38  -33  -28  -39   40  -45   53  -81  -26   63   -4   60  158  337  192  155  211  994  204  457  592  995  989  995 1000
 12 Shofar                6264    -1   25   51    5   -3   14  -33   42   -9   29   43    0  -22  -36   76   46   84   35    4  -10   15   49   48  165  -20    4  -20   68  -16   78   45   69  146  143  148  432  262  557  862  926  977  986
 13 ACT-R Lag2            6243   -47  -20    6  -23   43  -32    6   46   38   65   40   22    0   21  102  141   81   51   40    7   69   65   54  271  -67  -21    9   17  -25  193   88  101  126  500   67  277  325  566   63  991  997  990
 14 Bugbrain              5941   -52  -26  -28  -84  -25  -13   -5   50   29  -27   32   36  -21    0  112  115  184   28   12   27  106   48  112  158  -38   -2  121   52    0   41   94   -8  140  147   51  235  144  376  970  918  964  968
 15 Granite               5902  -205 -252 -223  -44 -129  -76    2  -10  -28  -41   72  -76 -102 -112    0    7   80  -72   -6  -56   37   67   39  211  -59  -44    5    8    5  141   61  178   98  307  926  235  383  594  992  995  999  995
 16 Marble                5857  -183 -192 -242 -120 -120 -170 -122    3  -64  -62   27  -46 -141 -115   -7    0   26 -110  -22    4    5   63   22  383 -105   -1    7   50   57  164   70  177   89  391  918  237  424  593  989  991  998  991
 17 ZQ Bot                5299  -304 -250 -244 -287 -132 -151  -42   52  -86 -171   29  -84  -81 -184  -80  -26    0   -7  -62  -71   77   66  -25  282  -16  -55    5   29   44  177  352  155  100  310  910  140  362  592  987  993  998  997
 18 Yomi AI               5154    -8   13   -8  -23   12  -17   15   36   36   23   38  -35  -51  -28   72  110    7    0  -42  -33  -10    6   72  162  -51   11   36  -21  243  112   -3  100   39  438   47  115  267  478    6  991 1000  999
 19 Vroomfondel           4816   -20  -42   37   -9   32  -20    2   14   33  -16   33   -4  -40  -12    6   22   62   42    0   -2   91    7   94  161   27   23  -32   -5   63   74    5   16  132  270  -39  296  164  433  -46  994  994  976
 20 Majikthise            4701   -28   -5   39   10    0   -5   -7   38  -10   39   28   10   -7  -27   56   -4   71   33    2    0   59  -26   61  181  -28  -47   -9    5   19  101  -17   32   59  205  -17  351  154  437  -10  992  994  972
 21 Mixed Strategy        4697    -9  -91  -15  -51  -49 -120  -64   40    9   -7   39  -15  -69 -106  -37   -5  -77   10  -91  -59    0  -67   -6   41  -25   59   29  104    8   44   45  146   92   24  148   15  384  533  969  939  997  985
 22 * Anti-rotn           4499   -70  -41  -52  -52  -32  -42  -40  -42  -63  -61  -40  -49  -65  -48  -67  -63  -66   -6   -7   26   67    0  -55   56  -63  -36    4  -25  -16  260   16   52  308   39   36  506  158  598  490  997  998  989
 23 Inocencio             2585  -200 -172 -183 -785 -160 -151  -38 -782  -36 -305   45  -48  -54 -112  -39  -22   25  -72  -94  -61    6   55    0  114  -19  -33    5   56  316  153   85  148  104  172  168  227  405  353  579  972  982  981
 24 Multi-strategy        2573  -295 -218 -202 -202 -237 -215 -296 -135 -239 -191  -53 -165 -271 -158 -211 -383 -282 -162 -161 -181  -41  -56 -114    0  -50  -20  -13  184   -6  108   21  123  268   27  500  502  407  999  997  997  999  998
 25 * De Bruijn            836   -15  -51   10  -12   20   38   34   34   -8   79   81   20   67   38   59  105   16   51  -27   28   25   63   19   50    0   -1   14  -10   22  -13   13   23   22   -3    4    7    1  128   -1   21    0 -115
 26 * Pi                   196    -7   -7   -9  -31    9   55   -1    1   40   14   26   -4   21    2   44    1   55  -11  -23   47  -59   36   33   20    1    0   -3  -16  -10  -17   -7  -81   40   14   12   36  -43   30   22  -11  -11  -12
 27 * Add-drift          -1433  -128 -119 -163 -236    1 -154  -33  -76  -70 -265  -63   20   -9 -121   -5   -7   -5  -36   32    9  -29   -4   -5   13  -14    3    0  -30   26  -64   18  -24   51  -29  -16  -22   -2   23  -16   77    9   30
 28 * Copy-drift         -1735  -239  -93 -105 -249  -71 -117  -92   37  -30 -275    4  -68  -17  -52   -8  -50  -29   21    5   -5 -104   25  -56 -184   10   16   30    0   21   30   -8   22    6  -90  -47   11  -14   -9   19  -12    5   27
 29 * Foxtrot            -2247  -379 -344  -39   32 -394 -186   -8   25   16   18  -60   16   25    0   -5  -57  -44 -243  -63  -19   -8   16 -316    6  -22   10  -26  -21    0    1  -12  -61  -21  -55  -44   42    9  -13  -22  -10   -1   10
 30 * Flat               -2671  -185 -103 -158  -74 -130 -145  -59  -65  -53 -107 -158  -78 -193  -41 -141 -164 -177 -112  -74 -101  -44 -260 -153 -108   13   17   64  -30   -1    0   40   37  -12    1 -154   33   37  238  234   99    0 -404
 31 * Add-react          -2974  -320 -303 -272 -103  -20 -323  -43 -353  -54  -94 -337  -45  -88  -94  -61  -70 -352    3   -5   17  -45  -16  -85  -21  -13    7  -18    8   12  -40    0   28  -23   34  -44  -25   14    2   72    2   13   81
 32 * Text               -3047  -124  -68 -142 -149 -134  -65 -174 -166 -135 -154 -192  -69 -101    8 -178 -177 -155 -100  -16  -32 -146  -52 -148 -123  -23   81   24  -22   61  -37  -28    0  -70   37   11   15   40 -185  -74  -11 -185  111
 33 * Switch A Lot       -3132   -56  -25 -250 -262 -201 -140 -154 -135 -166 -206 -155 -146 -126 -140  -98  -89 -100  -39 -132  -59  -92 -308 -104 -268  -22  -40  -51   -6   21   12   23   70    0  -22 -147   29   85   47  346  -30  -23   27
 34 Knucklehead          -4443  -578 -397 -406 -281 -512 -475 -425 -210 -389 -234 -211 -143 -500 -147 -307 -391 -310 -438 -270 -205  -24  -39 -172  -27    3  -14   29   90   55   -1  -34  -37   22    0  -45  -18   60  211  341   20  966 1000
 35 Peterbot             -6119  -873 -883 -883 -296 -815 -924 -432 -900 -402 -330 -994 -148  -67  -51 -926 -918 -910  -47   39   17 -148  -36 -168 -500   -4  -12   16   47   44  154   44  -11  147   45    0  222  377  434  981  998  999  995
 36 Always Switchin'     -7185  -223 -224 -445 -460 -316 -310 -457 -393 -417 -405 -204 -432 -277 -235 -235 -237 -140 -115 -296 -351  -15 -506 -227 -502   -7  -36   22  -11  -42  -33   25  -15  -29   18 -222    0   25    4  536  -26   11   17
 37 R-P-S 20-20-60       -9002  -307 -114 -405 -397 -376 -304 -397 -417 -401 -400 -457 -262 -325 -144 -383 -424 -362 -267 -164 -154 -384 -158 -405 -407   -1   43    2   14   -9  -37  -14  -40  -85  -60 -377  -25    0 -409 -157   -7 -438  412
 38 Beat Frequent Pick  -14271  -928 -902 -944 -595 -853 -585 -727 -589 -753 -592 -592 -557 -566 -376 -594 -593 -592 -478 -433 -437 -533 -598 -353 -999 -128  -30  -23    9   13 -238   -2  185  -47 -211 -434   -4  409    0 -600    0  999 1000
 39 Beat The Last Move  -18395  -983 -981 -986 -997 -994 -992 -968 -994 -991 -986 -995 -862  -63 -970 -992 -989 -987   -6   46   10 -969 -490 -579 -997    1  -22   16  -19   22 -234  -72   74 -346 -341 -981 -536  157  600    0    1 1000 1000
 40 Rotate R-P-S        -25365  -984 -992 -993 -991 -996 -994 -995 -994 -990 -990 -989 -926 -991 -918 -995 -991 -993 -991 -994 -992 -939 -997 -972 -997  -21   11  -77   12   10  -99   -2   11   30  -20 -998   26    7    0   -1    0    0 -650
 41 Good Ole Rock       -26212  -1000 -994 -999 -998 -997 -999 -997 -997 -997 -996 -995 -977 -997 -964 -999 -998 -998 -1000 -994 -994 -997 -998 -982 -999    0   11   -9   -5    1    0  -13  185   23 -966 -999  -11  438 -999 -1000    0    0  998
 42 * Anti-Flat         -28292  -985 -989 -1000 -997 -999 -996 -996 -989 -994 -993 -1000 -986 -990 -968 -995 -991 -997 -999 -976 -972 -985 -989 -981 -998  115   12  -30  -27  -10  404  -81 -111  -27 -1000 -995  -17 -412 -1000 -1000  650 -998    0

 Match results (draw <= 50): 

    Player Name           total  W  L  D   1  2  3  4  5  6  7  8  9 10 11 12 13 14 15 16 17 18 19 20 21 22 23 24 25 26 27 28 29 30 31 32 33 34 35 36 37 38 39 40 41 42
  1 Iocaine Powder          68  27  0 14   1  2  1  1  2  1  2  1  1  2  1  1  1  2  1  1  1  1  2  2  2  2  2  1  1  2  2  2  2  2  2  2  2  2  2  2  2  2  2  2  2  2
  2 Phasenbott              66  26  1 14   0  1  1  1  1  1  2  1  1  1  2  1  1  2  1  2  1  2  2  2  2  2  1  2  1  2  2  2  2  2  2  2  2  1  2  2  2  2  2  2  2  2
  3 Simple Modeller         65  24  0 17   1  1  1  1  1  1  1  1  1  2  2  1  1  2  1  1  1  1  1  2  2  2  2  2  1  2  2  1  2  2  2  2  2  2  2  2  2  2  2  2  2  2
  4 ACT-R Lag2              62  22  1 18   1  1  1  1  1  1  1  1  1  1  1  1  1  2  1  1  2  0  2  2  2  2  2  2  1  1  2  1  2  2  1  2  2  2  2  2  2  2  2  2  2  2
  5 MegaHAL                 61  22  2 17   0  1  1  1  1  1  2  1  0  1  1  1  1  1  1  1  1  1  2  2  2  2  2  1  1  2  2  1  2  2  2  2  2  2  2  2  2  2  2  2  2  2
  6 Biopic                  61  20  0 21   1  1  1  1  1  1  1  1  1  1  1  1  1  2  1  1  1  1  2  2  2  2  1  1  1  1  2  2  2  1  2  2  2  2  2  2  2  2  2  2  2  2
  7 RussRocker4             60  23  4 14   0  0  1  1  0  1  1  1  1  1  1  1  1  2  1  1  1  1  2  2  2  2  1  2  0  2  2  2  2  2  2  2  2  2  2  2  2  2  2  2  2  2
  8 Boom                    60  19  0 22   1  1  1  1  1  1  1  1  1  1  1  1  1  1  2  1  1  1  1  1  2  2  2  1  1  2  2  1  2  2  1  2  2  2  2  2  2  2  2  2  2  2
  9 Shofar                  58  17  0 24   1  1  1  1  2  1  1  1  1  1  1  1  1  1  1  1  1  1  2  1  1  2  1  1  1  1  2  1  2  1  2  2  2  2  2  2  2  2  2  2  2  2
 10 Bugbrain                58  19  2 20   0  1  0  1  1  1  1  1  1  1  1  1  1  1  1  1  1  1  2  2  2  2  1  2  1  2  2  1  2  2  2  2  1  2  1  2  2  2  2  2  2  2
 11 Robertot                56  17  2 22   1  0  0  1  1  1  1  1  1  1  1  1  1  1  2  1  1  1  1  1  2  1  1  2  1  1  2  1  2  1  2  2  2  2  2  2  2  2  2  2  2  2
 12 Majikthise              55  14  0 27   1  1  1  1  1  1  1  1  1  1  1  1  1  1  1  1  1  1  2  2  1  2  1  2  1  1  2  1  1  1  1  2  2  2  1  1  2  2  2  2  2  2
 13 Vroomfondel             55  14  0 27   1  1  1  1  1  1  1  1  1  1  1  1  1  1  1  1  1  1  1  2  1  2  1  2  1  1  2  2  1  1  1  2  2  2  1  1  2  2  2  2  2  2
 14 Simple Predictor        54  20  7 14   0  0  0  0  1  0  0  1  1  1  1  1  1  1  1  1  1  0  1  2  2  2  2  1  1  2  2  1  2  2  2  2  2  2  2  2  2  2  2  2  2  2
 15 Sweet Rocky             54  16  3 22   1  1  1  1  1  1  1  0  1  1  0  1  1  1  1  1  1  1  1  2  1  0  1  1  1  2  2  1  2  2  1  2  2  2  2  2  2  2  2  2  2  2
 16 Piedra                  54  16  3 22   1  0  1  1  1  1  1  1  1  1  1  1  1  1  1  1  1  0  0  1  1  1  1  1  1  2  2  2  2  2  1  2  2  2  2  2  2  2  2  2  2  2
 17 Yomi AI                 53  14  2 25   1  1  1  0  1  1  1  1  1  1  1  1  1  1  1  1  1  0  2  2  2  1  1  1  1  1  2  2  1  1  1  2  2  1  2  1  2  2  2  2  2  2
 18 * De Bruijn             47   8  2 31   1  0  1  2  1  1  1  1  1  1  1  1  1  2  1  2  2  1  2  1  2  1  2  1  1  1  1  1  1  1  1  1  1  1  1  1  1  1  2  1  0  1
 19 Granite                 47  17 11 13   0  0  1  0  0  0  0  1  0  0  1  0  1  1  1  2  0  0  1  1  1  2  2  1  1  1  2  1  2  2  1  2  2  2  2  2  2  2  2  2  2  2
 20 Inocencio               45  17 13 11   0  0  0  0  0  0  0  1  1  0  1  0  0  0  0  1  0  1  1  1  1  1  2  1  1  1  2  2  2  2  2  2  2  2  2  2  2  2  2  2  2  2
 21 Marble                  44  16 13 12   0  0  0  0  0  0  0  0  1  0  0  1  1  0  1  1  0  0  1  1  1  1  2  1  1  1  2  2  2  2  1  2  2  2  2  2  2  2  2  2  2  2
 22 ZQ Bot                  43  17 15  9   0  0  0  0  0  0  0  0  0  0  1  0  0  0  2  1  1  1  0  1  1  1  2  2  0  1  2  1  2  2  1  2  2  2  2  2  2  2  2  2  2  2
 23 * Anti-rotn             42  12 11 18   0  1  0  0  0  1  1  0  1  1  1  1  1  0  1  1  1  0  0  0  0  0  1  2  1  1  2  1  1  1  1  1  2  2  2  2  2  2  2  2  2  2
 24 Mixed Strategy          42  11 10 20   1  0  0  0  1  1  0  1  1  0  0  0  0  1  1  1  1  1  1  1  1  0  0  1  2  1  1  1  2  1  2  1  1  2  2  2  1  2  2  2  2  2
 25 * Pi                    41   2  2 37   1  1  1  1  1  1  2  1  1  1  1  1  1  1  1  1  1  1  1  1  1  2  1  0  1  1  1  1  1  1  1  1  1  1  0  1  1  1  1  1  1  1
 26 * Add-drift             32   2 11 28   0  0  0  1  0  1  0  0  1  0  1  1  1  0  0  0  1  1  1  1  1  1  1  1  1  1  1  1  1  1  1  1  0  2  1  1  1  1  1  2  1  1
 27 Multi-strategy          31  12 22  7   0  0  0  0  0  0  0  0  0  0  0  0  0  0  0  0  0  1  0  0  0  0  0  1  1  1  1  1  2  1  2  1  2  2  2  2  2  2  2  2  2  2
 28 * Foxtrot               30   0 11 30   0  0  1  1  1  0  0  1  1  1  1  1  0  1  1  0  0  1  1  0  0  1  1  1  1  1  1  1  1  1  1  0  1  1  0  1  1  1  1  1  1  1
 29 Peterbot                30   9 20 12   0  0  0  0  0  0  0  0  0  0  0  1  1  0  0  0  1  1  0  0  0  0  1  0  1  1  0  1  1  1  1  1  2  2  1  2  2  2  2  2  2  2
 30 * Add-react             28   2 15 24   0  0  0  0  0  1  0  0  1  0  1  1  1  0  0  0  1  1  0  0  0  0  1  1  1  1  1  1  1  1  1  1  1  1  1  2  1  1  1  1  2  1
 31 * Copy-drift            27   0 14 27   0  0  0  1  0  0  0  1  0  0  0  1  1  0  1  1  1  1  1  0  1  1  1  0  1  1  0  1  1  1  1  0  1  1  1  1  1  1  1  1  1  1
 32 Knucklehead             27   7 21 13   0  0  0  0  0  0  0  0  0  0  0  0  0  0  0  0  0  1  0  0  0  0  1  1  1  1  1  2  1  1  2  1  1  1  1  2  1  2  2  1  2  2
 33 * Flat                  21   4 24 13   0  0  0  0  0  0  0  0  0  1  0  0  0  0  0  0  0  1  0  0  0  0  0  1  1  2  0  1  0  1  1  1  1  1  1  2  1  1  2  2  0  1
 34 * Switch A Lot          20   3 24 14   0  1  0  0  0  0  0  0  0  0  0  0  0  0  0  0  1  1  0  0  0  0  0  0  1  0  0  1  0  1  1  1  1  1  2  2  1  1  1  1  1  2
 35 * Text                  19   3 25 13   0  0  0  0  0  0  0  0  0  1  0  1  1  0  0  0  0  1  0  0  0  0  0  0  2  1  0  2  1  1  1  1  1  0  1  0  1  0  0  1  2  1
 36 Beat The Last Move      19   5 27  9   0  0  0  0  0  0  0  0  0  0  0  1  1  0  0  0  1  1  0  0  0  0  0  0  1  1  0  1  0  0  1  0  0  0  2  1  0  2  2  1  2  2
 37 Always Switchin'        18   1 24 16   0  0  0  0  0  0  0  0  0  0  0  0  0  0  0  0  0  1  0  0  0  0  0  1  1  1  0  1  0  1  1  1  1  1  1  2  1  1  1  1  1  1
 38 Good Ole Rock           16   3 28 10   0  0  0  0  0  0  0  0  0  0  0  0  0  0  0  0  0  1  0  0  0  0  0  0  1  1  0  1  0  1  1  0  1  1  2  0  1  1  0  1  2  2
 39 Beat Frequent Pick      16   4 29  8   0  0  0  0  0  0  0  0  0  0  0  0  0  0  0  0  0  0  0  0  0  0  0  0  1  1  0  1  0  1  1  0  0  1  2  0  1  2  1  1  2  2
 40 Rotate R-P-S            13   0 28 13   0  0  0  0  0  0  0  0  0  0  0  0  0  0  0  0  0  1  0  0  0  0  0  0  1  0  0  1  0  1  1  1  0  1  1  1  1  1  1  1  0  1
 41 * Anti-Flat             12   3 32  6   0  0  0  0  0  0  0  0  0  0  0  0  0  0  0  0  0  2  0  0  0  0  0  0  1  1  0  1  0  0  1  0  2  1  0  0  1  0  0  2  1  0
 42 R-P-S 20-20-60          12   1 30 10   0  0  0  0  0  0  0  0  0  0  0  0  0  0  0  0  0  1  0  0  0  0  0  0  1  1  0  1  0  1  1  0  1  0  1  0  1  0  0  1  2  1


   Yomi AI is match ranked 17

 Tournament results:
    Player Name          total 
  1 Yomi AI               5154 
 19 Iocaine Powder       10760 
 20 Phasenbott            9590 
 21 MegaHAL               9329 
 22 RussRocker4           7671 
 23 Biopic                8675 
 24 Simple Modeller       9273 
 25 Simple Predictor      6913 
 26 Robertot              7520 
 27 Boom                  7080 
 28 Shofar                6264 
 29 ACT-R Lag2            6243 
 32 Granite               5902 
 33 Marble                5857 
 34 ZQ Bot                5299 
 35 Sweet Rocky           7458 
 36 Piedra                6691 
 41 Bugbrain              5941 

   Yomi is tournament ranked 18

