 Playing 1 tournaments with 1000 trials per match...

 Yomi AI            vs Good Ole Rock       Match: 1000 (1000+   0-   0=)
 Yomi AI            vs R-P-S 20-20-60      Match:  282 (521+ 239- 240=)
 Yomi AI            vs Rotate R-P-S        Match:  977 (988+  11-   1=)
 Yomi AI            vs Beat The Last Move  Match:   -8 (324+ 332- 344=)
 Yomi AI            vs Always Switchin'    Match:  217 (453+ 236- 311=)
 Yomi AI            vs Beat Frequent Pick  Match:  525 (696+ 171- 133=)
 Yomi AI            vs * Pi                Match:   -2 (321+ 323- 356=)
 Yomi AI            vs * Switch A Lot      Match:  113 (411+ 298- 291=)
 Yomi AI            vs * Flat              Match:  142 (425+ 283- 292=)
 Yomi AI            vs * Anti-Flat         Match:  999 (999+   0-   1=)
 Yomi AI            vs * Foxtrot           Match:  321 (550+ 229- 221=)
 Yomi AI            vs * De Bruijn         Match:   14 (340+ 326- 334=)
 Yomi AI            vs * Text              Match:  124 (410+ 286- 304=)
 Yomi AI            vs * Anti-rotn         Match:   -6 (336+ 342- 322=)
 Yomi AI            vs * Copy-drift        Match:  -38 (308+ 346- 346=)
 Yomi AI            vs * Add-react         Match:   40 (352+ 312- 336=)
 Yomi AI            vs * Add-drift         Match:   44 (360+ 316- 324=)
 Yomi AI            vs Iocaine Powder      Match:  -39 (317+ 356- 327=)
 Yomi AI            vs Phasenbott          Match:  -11 (318+ 329- 353=)
 Yomi AI            vs MegaHAL             Match:    3 (325+ 322- 353=)
 Yomi AI            vs RussRocker4         Match:  -40 (326+ 366- 308=)
 Yomi AI            vs Biopic              Match:   38 (361+ 323- 316=)
 Yomi AI            vs Simple Modeller     Match:   -5 (340+ 345- 315=)
 Yomi AI            vs Simple Predictor    Match:   12 (354+ 342- 304=)
 Yomi AI            vs Robertot            Match:   49 (378+ 329- 293=)
 Yomi AI            vs Boom                Match:  -23 (332+ 355- 313=)
 Yomi AI            vs Shofar              Match:  -36 (324+ 360- 316=)
 Yomi AI            vs ACT-R Lag2          Match:   -2 (338+ 340- 322=)
 Yomi AI            vs Majikthise          Match:   52 (363+ 311- 326=)
 Yomi AI            vs Vroomfondel         Match:  -55 (318+ 373- 309=)
 Yomi AI            vs Granite             Match:  106 (433+ 327- 240=)
 Yomi AI            vs Marble              Match:   61 (392+ 331- 277=)
 Yomi AI            vs ZQ Bot              Match:   42 (389+ 347- 264=)
 Yomi AI            vs Sweet Rocky         Match:   56 (392+ 336- 272=)
 Yomi AI            vs Piedra              Match:   24 (372+ 348- 280=)
 Yomi AI            vs Mixed Strategy      Match:   62 (371+ 309- 320=)
 Yomi AI            vs Multi-strategy      Match:  223 (491+ 268- 241=)
 Yomi AI            vs Inocencio           Match:   75 (396+ 321- 283=)
 Yomi AI            vs Peterbot            Match:   46 (386+ 340- 274=)
 Yomi AI            vs Bugbrain            Match:  -31 (315+ 346- 339=)
 Yomi AI            vs Knucklehead         Match:  461 (641+ 180- 179=)
 Final results (draw value = 50):

 Tournament results: 

    Player Name          total     1    2    3    4    5    6    7    8    9   10   11   12   13   14   15   16   17   18   19   20   21   22   23   24   25   26   27   28   29   30   31   32   33   34   35   36   37   38   39   40   41   42
  1 Iocaine Powder       10997     0  239   98   14   43  528   21  233   30  234  254   31    6   12   39   39   63  273   65    0   17   10  248  200   13  -30   87  221  386  172   86   63  373  543  230  893  375  924  991  991  989  993
  2 Phasenbott            9888  -239    0   54   10   34  533   -5  138   55  232  247   55   18   68   39   11   35  281   44   22   15   23  171  166   49  -18   68  109  360   73   88  108  388  392  273  941  165  943  985  992  988  977
  3 MegaHAL               9455   -98  -54    0  -13   12   63   23   69   64  243  212  -22    7   23   61   -3   35  239   87  -36    2   49  277  130    8  -22  226   80   96   91  189  190  289  328  443  892  371  929  990  998  993  994
  4 Simple Modeller       9433   -14  -10   13    0   26  -30   28  269  -10   91   63   -9   27   -2   27    5   37  309   86   39   -6  135  188  801  -61   -8  295  239   22   51  134  239  107  191  432  777  377  592  991  999  994  999
  5 Biopic                8267   -43  -34  -12  -26    0   -8   21   55   10  159  120   -1   26   33   63  -38  -23  111   48   -2   -3   12  203  114   15   -2   17   15  421  165  -32  127   74  521  348  826  371  629  993 1000  995  999
  6 RussRocker4           8184  -528 -533  -63   30    8    0   33   98  -16  147  175   21   68   -2   59   40  -30  180   51  -19   13   46  267  128   13   13  129  137  199   96   89  135  363  447  287  930  285  902  995 1000  995  996
  7 Boom                  7699   -21    5  -23  -28  -21  -33    0  -31   -1   77   51    1   92  -21   74   23    8   49   52  -26   -2   72  309   35  -10  -56   93   18   33   42  118  165   99  442  487  528  372  753  991  997  990  996
  8 Simple Predictor      7606  -233 -138  -69 -269  -55  -98   31    0  -38  -10  -28  -25   45  -56   68  -12   48  140   53  -51   17   42  179  513  -79   19  279  272    6   94  154  212  144  295  393  822  388  592  986  996  986  993
  9 Robertot              7585   -30  -55  -64   10  -10   16    1   38    0   66   41  -42    9    0   37  -49   59  124   59   17   12   91  342   27  -23  -42  -10   77   27  -10  178  107   56  414  484  397  433  835  972 1000  996  995
 10 Marble                6755  -234 -232 -243  -91 -159 -147  -77   10  -66    0   -1 -100   47 -119   70  -61  -63   20   56  -32   -3   13  331  646  -48  -23   -6  101   74  171  178  223   92  249  290  911  400  594  994 1000  998  992
 11 Granite               6684  -254 -247 -212  -63 -120 -175  -51   28  -41    1    0  -49   36 -132   39 -106  -76   40   76  -45  -55   41  314  652  -58  -29   76   77   56  164  178  112   62  363  257  879  366  591  994 1000  995 1000
 12 Shofar                6481   -31  -55   22    9    1  -21   -1   25   42  100   49    0   40   33   46   36    8   82   31  -10   32   60   23   65   13   -9    1   59   32   50  136  199   26  165  432  147  312  554  875  965  951  987
 13 Sweet Rocky           6204    -6  -18   -7  -27  -26  -68  -92  -45   -9  -47  -36  -40    0  -60   21  -56  -43  -58  -17  -38  -82  -44   64  -64  -16    2   53   12   22  140  152  200  202  153  162  952  401  595  991  998  989  994
 14 ACT-R Lag2            6184   -12  -68  -23    2  -33    2   21   56    0  119  132  -33   60    0   20    2   13   98   28  -17   -5   53  318   44  -69    3   30   48  -52  127   60  175   96  529  252  154  357  563  153  996  994  991
 15 Piedra                5882   -39  -39  -61  -27  -63  -59  -74  -68  -37  -70  -39  -46  -21  -20    0  -24  -23  -35   48  -45  -31  -49  180  -24  -37  -27  106  -52  -12  122  166  133  283   61  154  734  349  590  992  994  998  994
 16 Yomi AI               5812   -39  -11    3   -5   38  -40  -23   12   49   61  106  -36   56   -2   24    0  -31   42   -6  -55   52   62  223   75   14   -2   44  -38  321  142  124  113   40  461  217   46  282  525   -8 1000  977  999
 17 Bugbrain              5742   -63  -35  -35  -37   23   30   -8  -48  -59   63   76   -8   43  -13   23   31    0  155   68    8  -25   20  103   49   -3   -5  107  -13  -10   52   20   97   88  193  201  243  196  388  923  951  963  990
 18 ZQ Bot                5232  -273 -281 -239 -309 -111 -180  -49 -140 -124  -20  -40  -82   58  -98   35  -42 -155    0   56  -41  -23  -21  259   10  -72  -28   -1   -3   -1  110  143  146  369  305  270  847  389  591  992 1000  990  995
 19 * Anti-rotn           5205   -65  -44  -87  -86  -48  -51  -52  -53  -59  -56  -76  -31   17  -28  -48    6  -68  -56    0  -23   -8  -48  263  681  -50  -44  -13   -7  -57  243   51  284    6   24  496   46  171  599  491  998  997  990
 20 Vroomfondel           4949     0  -22   36  -39    2   19   26   51  -17   32   45   10   38   17   45   55   -8   41   23    0  -13   37  201   78  -34    8    3   41   32   80   71   84    3  128  325  -13  151  458  -12  992  989  986
 21 Majikthise            4692   -17  -15   -2    6    3  -13    2  -17  -12    3   55  -32   82    5   31  -52   25   23    8   13    0   34  161   30   33   33   18   -2   27   55   53   91   34  225  239  -19  155  491  -36  996  995  983
 22 Mixed Strategy        4654   -10  -23  -49 -135  -12  -46  -72  -42  -91  -13  -41  -60   44  -53   49  -62  -20   21   48  -37  -34    0   55    4  -92  -37    1   23  -13   68  141   -6   42  312  -11  139  366  435  955  969  949  992
 23 Multi-strategy        2367  -248 -171 -277 -188 -203 -267 -309 -179 -342 -331 -314  -23  -64 -318 -180 -223 -103 -259 -263 -201 -161  -55    0 -113  -50  -20   23  209    1  195  123  303   64   15  449  500  357  999  997  999  997  998
 24 Inocencio             1890  -200 -166 -130 -801 -114 -128  -35 -513  -27 -646 -652  -65   64  -44   24  -75  -49  -10 -681  -78  -30   -4  113    0  -25  -30   88  130  331  126  152  115   85  176  270   69  408  352  950  979  974  987
 25 * De Bruijn            600   -13  -49   -8   61  -15  -13   10   79   23   48   58  -13   16   69   37  -14    3   72   50   34  -33   92   50   25    0   -1  -18   -3  -46  -43   23   -9   26   63   25    7  -32  128   -1    0   21 -109
 26 * Pi                   260    30   18   22    8    2  -13   56  -19   42   23   29    9   -2   -3   27    2    5   28   44   -8  -33   37   20   30    1    0  -22   30   10    6  -81  -28  -45   24  -13   17  -13   30   22  -11  -11  -10
 27 * Add-drift          -1873   -87  -68 -226 -295  -17 -129  -93 -279   10    6  -76   -1  -53  -30 -106  -44 -107    1   13   -3  -18   -1  -23  -88   18   22    0   19  -51   -3  -11   -5   43  -12    1  -16  -17   -3  -37  -25  -53  -29
 28 * Copy-drift         -2041  -221 -109  -80 -239  -15 -137  -18 -272  -77 -101  -77  -59  -12  -48   52   38   13    3    7  -41    2  -23 -209 -130    3  -30  -19    0  -20   18    8  -71    0  -57   22  -23  -24  -12  -74   -6  -14   11
 29 * Foxtrot            -2204  -386 -360  -96  -22 -421 -199  -33   -6  -27  -74  -56  -32  -22   52   12 -321   10    1   57  -32  -27   13   -1 -331   46  -10   51   20    0   32  -21  -38   15   31    6  -21    3  -21    3    1   16  -16
 30 * Flat               -2850  -172  -73  -91  -51 -165  -96  -42  -94   10 -171 -164  -50 -140 -127 -122 -142  -52 -110 -243  -80  -55  -68 -195 -126   43   -6    3  -18  -32    0   -5   18  -35   -6  -37 -191  -31  225  218    1   31 -409
 31 * Text               -2904   -86  -88 -189 -134   32  -89 -118 -154 -178 -178 -178 -136 -152  -60 -166 -124  -20 -143  -51  -71  -53 -141 -123 -152  -23   81   11   -8   21    5    0    0   12  -19    7   23   82 -185  -74 -185  -11  111
 32 * Switch A Lot       -3262   -63 -108 -190 -239 -127 -135 -165 -212 -107 -223 -112 -199 -200 -175 -133 -113  -97 -146 -284  -84  -91    6 -303 -115    9   28    5   71   38  -18    0    0   24   16   10 -127  -29   19  324  -11   -6    0
 33 * Add-react          -3448  -373 -388 -289 -107  -74 -363  -99 -144  -56  -92  -62  -26 -202  -96 -283  -40  -88 -369   -6   -3  -34  -42  -64  -85  -26   45  -43    0  -15   35  -12  -24    0  -45  -11  -29    6   17   22   -8   10   15
 34 Knucklehead          -3475  -543 -392 -328 -191 -521 -447 -442 -295 -414 -249 -363 -165 -153 -529  -61 -461 -193 -305  -24 -128 -225 -312  -15 -176  -63  -24   12   57  -31    6   19  -16   45    0   15   33   39   77  427  998  863 1000
 35 Always Switchin'     -7232  -230 -273 -443 -432 -348 -287 -487 -393 -484 -290 -257 -432 -162 -252 -154 -217 -201 -270 -496 -325 -239   11 -449 -270  -25   13   -1  -22   -6   37   -7  -10   11  -15    0 -251   -6   25  488    0   32 -115
 36 Peterbot             -7246  -893 -941 -892 -777 -826 -930 -528 -822 -397 -911 -879 -147 -952 -154 -734  -46 -243 -847  -46   13   19 -139 -500  -69   -7  -17   16   23   21  191  -23  127   29  -33  251    0  414  430  981  999  998  995
 37 R-P-S 20-20-60       -8727  -375 -165 -371 -377 -371 -285 -372 -388 -433 -400 -366 -312 -401 -357 -349 -282 -196 -389 -171 -151 -155 -366 -357 -408   32   13   17   24   -3   31  -82   29   -6  -39    6 -414    0 -404 -158 -411   25  410
 38 Beat Frequent Pick  -14354  -924 -943 -929 -592 -629 -902 -753 -592 -835 -594 -591 -554 -595 -563 -590 -525 -388 -591 -599 -458 -491 -435 -999 -352 -128  -30    3   12   21 -225  185  -19  -17  -77  -25 -430  404    0 -600  999    0  997
 39 Beat The Last Move  -18688  -991 -985 -990 -991 -993 -995 -991 -986 -972 -994 -994 -875 -991 -153 -992    8 -923 -992 -491   12   36 -955 -997 -950    1  -22   37   74   -3 -218   74 -324  -22 -427 -488 -981  158  600    0 1000    1  997
 40 Good Ole Rock       -26153  -991 -992 -998 -999 -1000 -1000 -997 -996 -1000 -1000 -1000 -965 -998 -996 -994 -1000 -951 -1000 -998 -992 -996 -969 -999 -979    0   11   25    6   -1   -1  185   11    8 -998    0 -999  411 -999 -1000    0    0  998
 41 Rotate R-P-S        -26267  -989 -988 -993 -994 -995 -995 -990 -986 -996 -998 -995 -951 -989 -994 -998 -977 -963 -990 -997 -989 -995 -949 -997 -974  -21   11   53   14  -16  -31   11    6  -10 -863  -32 -998  -25    0   -1    0    0 -683
 42 * Anti-Flat         -27983  -993 -977 -994 -999 -999 -996 -996 -993 -995 -992 -1000 -987 -994 -991 -994 -999 -990 -995 -990 -986 -983 -992 -998 -987  109   10   29  -11   16  409 -111    0  -15 -1000  115 -995 -410 -997 -997 -998  683    0

 Match results (draw <= 50): 

    Player Name           total  W  L  D   1  2  3  4  5  6  7  8  9 10 11 12 13 14 15 16 17 18 19 20 21 22 23 24 25 26 27 28 29 30 31 32 33 34 35 36 37 38 39 40 41 42
  1 Iocaine Powder          68  27  0 14   1  2  2  2  1  1  1  1  1  1  2  1  1  1  2  1  1  1  2  2  2  2  1  2  1  2  2  2  2  2  2  2  2  2  2  2  2  2  2  2  2  2
  2 Phasenbott              67  27  1 13   0  1  2  2  1  1  1  1  2  2  1  2  1  1  2  1  1  1  2  2  2  2  1  1  1  2  2  2  2  2  2  2  2  2  2  2  2  2  2  2  2  2
  3 MegaHAL                 65  26  2 13   0  0  1  2  1  1  1  1  2  1  1  1  1  1  2  1  2  1  2  2  2  2  1  2  1  2  2  2  2  2  2  2  2  2  2  2  2  2  2  2  2  2
  4 RussRocker4             63  25  3 13   0  0  0  1  1  1  1  1  1  1  1  1  1  1  2  2  2  1  2  2  2  2  1  2  1  2  2  2  2  2  2  2  2  2  2  2  2  2  2  2  2  2
  5 Simple Modeller         63  23  1 17   1  1  1  1  1  1  1  1  1  1  1  1  1  1  2  1  1  0  2  2  2  2  2  2  1  1  2  2  2  2  2  2  2  2  2  2  2  2  2  2  2  2
  6 Biopic                  61  20  0 21   1  1  1  1  1  1  1  1  1  1  1  1  1  1  2  1  2  1  2  2  2  2  1  1  1  2  2  2  1  1  2  2  2  2  1  2  2  2  2  2  2  2
  7 Boom                    60  20  1 20   1  1  1  1  1  1  1  1  1  1  1  1  1  1  1  2  2  1  2  2  1  1  2  2  0  1  2  2  2  1  2  2  2  1  2  2  2  2  2  2  2  2
  8 Yomi AI                 58  18  1 22   1  1  1  1  1  1  1  1  1  1  1  1  0  2  1  2  1  1  2  2  2  1  2  1  1  2  2  1  1  1  2  1  1  2  2  2  2  2  2  2  2  2
  9 Robertot                58  19  2 20   1  0  0  1  1  1  1  1  1  1  2  1  1  1  1  1  1  1  1  2  1  2  2  2  1  1  2  2  1  2  2  2  2  1  2  2  2  2  2  2  2  2
 10 ACT-R Lag2              58  20  3 18   1  0  1  1  1  1  1  1  1  1  1  1  1  1  2  2  1  0  2  2  1  2  2  1  1  0  2  2  1  1  2  2  2  2  2  2  2  2  2  2  2  2
 11 Bugbrain                57  18  2 21   0  1  1  1  1  1  1  1  0  1  1  1  1  1  1  1  1  1  2  2  1  2  1  2  1  1  2  2  2  1  2  2  2  2  1  2  2  2  2  2  2  2
 12 Shofar                  56  16  1 24   1  0  1  1  1  1  1  1  1  1  1  1  1  1  1  1  1  1  1  2  2  2  2  1  1  1  1  2  1  2  2  1  2  1  2  2  2  2  2  2  2  2
 13 Vroomfondel             55  14  0 27   1  1  1  1  1  1  1  2  1  1  1  1  1  1  2  1  1  1  1  1  2  1  1  1  1  1  2  1  1  1  2  1  1  2  2  2  2  2  2  2  2  2
 14 Majikthise              53  13  1 27   1  1  1  1  1  1  1  0  1  1  1  1  1  1  1  2  1  1  2  1  1  1  1  1  1  1  2  1  1  1  2  1  1  2  2  2  2  2  2  2  2  2
 15 Simple Predictor        52  20  9 12   0  0  0  0  0  0  1  1  1  0  1  1  0  1  1  1  2  0  1  1  2  2  1  2  1  1  2  2  2  2  2  2  2  2  2  2  2  2  2  2  2  2
 16 Sweet Rocky             49  15  7 19   1  1  1  0  1  1  0  0  1  0  1  1  1  0  1  1  1  1  1  1  0  0  1  1  1  1  2  2  2  1  2  2  2  2  2  2  2  2  2  2  2  2
 17 Piedra                  49  15  7 19   1  1  0  0  1  0  0  1  1  1  1  1  1  1  0  1  1  1  1  0  1  1  1  1  1  1  2  2  2  0  2  2  2  2  2  2  2  2  2  2  2  2
 18 * De Bruijn             48   8  1 32   1  1  1  1  2  1  1  1  1  2  1  1  1  1  2  1  1  1  2  1  1  2  2  1  1  1  1  1  1  1  2  1  1  1  1  1  1  2  1  1  0  1
 19 Granite                 48  19 12 10   0  0  0  0  0  0  0  0  1  0  0  1  1  0  1  1  1  0  1  1  2  1  1  2  1  2  2  2  2  2  2  2  2  2  2  2  2  2  2  2  2  2
 20 Marble                  48  19 12 10   0  0  0  0  0  0  0  0  0  0  0  0  1  1  1  1  2  1  1  1  2  1  1  2  1  2  2  2  1  2  2  2  2  2  2  2  2  2  2  2  2  2
 21 Inocencio               46  18 13 10   0  0  0  0  0  0  1  0  1  1  1  0  0  1  0  2  1  1  0  0  1  1  1  0  1  2  2  2  2  2  2  2  2  2  2  2  2  2  2  2  2  2
 22 ZQ Bot                  45  16 12 13   0  0  0  0  0  0  1  1  0  0  0  0  1  1  0  2  1  0  1  1  1  1  1  2  1  1  2  2  1  1  2  2  2  2  2  2  2  2  2  2  2  2
 23 Mixed Strategy          45  11  7 23   1  1  1  1  0  1  0  0  0  0  1  0  1  1  1  1  1  0  1  1  1  1  1  1  1  1  2  2  1  1  2  1  2  2  2  1  1  2  2  2  2  2
 24 * Anti-rotn             41  12 12 17   0  1  0  0  0  1  0  1  0  1  0  1  1  1  0  1  1  1  0  0  2  0  1  1  1  0  2  1  1  1  1  1  2  2  2  2  2  2  2  2  2  2
 25 * Pi                    41   1  1 39   1  1  1  1  1  1  2  1  1  1  1  1  1  1  1  1  1  1  1  1  1  1  1  1  1  1  1  1  1  1  1  1  1  1  0  1  1  1  1  1  1  1
 26 * Foxtrot               35   3  9 29   0  0  0  0  1  0  1  0  1  2  1  1  1  1  1  1  1  1  0  0  0  1  1  2  1  1  1  1  2  1  1  1  1  1  1  1  1  1  1  1  1  1
 27 Multi-strategy          32  13 22  6   0  0  0  0  0  0  0  0  0  0  0  1  0  0  0  0  0  1  0  0  0  0  0  0  1  1  1  2  1  2  1  2  2  2  2  2  2  2  2  2  2  2
 28 Peterbot                30   9 20 12   0  0  0  0  0  0  0  1  0  0  0  0  1  1  0  0  0  1  0  0  0  0  0  1  1  1  0  1  1  1  1  1  2  2  1  2  2  2  2  2  2  2
 29 * Add-drift             27   0 14 27   0  0  0  0  0  1  0  1  1  1  0  1  1  1  0  0  0  1  0  1  0  1  1  1  1  0  1  1  1  1  1  1  1  1  1  1  1  1  1  0  1  1
 30 * Copy-drift            27   1 15 25   0  0  0  0  0  1  1  1  0  1  1  0  1  1  0  1  2  1  0  0  0  1  1  1  1  1  0  1  1  1  0  1  0  1  1  0  1  1  1  1  1  1
 31 Knucklehead             24   6 23 12   0  0  0  0  0  0  0  0  0  0  0  0  0  0  0  0  0  0  0  0  0  0  0  1  1  1  1  1  1  2  1  1  2  1  1  1  1  2  2  2  2  1
 32 * Add-react             23   0 18 23   0  0  0  0  0  0  0  1  0  0  0  1  1  1  0  0  0  1  0  0  0  0  1  1  1  1  0  1  1  1  1  1  1  1  1  1  1  1  1  1  1  1
 33 Beat The Last Move      21   6 26  9   0  0  0  0  0  0  0  1  0  0  0  0  1  1  0  0  0  1  0  0  0  0  0  0  1  1  0  0  1  2  0  1  1  0  2  0  0  2  2  1  2  2
 34 * Flat                  20   2 23 16   0  0  0  0  0  0  1  0  1  0  0  1  0  0  0  0  0  1  0  0  0  0  0  0  1  1  0  0  1  1  1  1  2  1  1  1  1  2  1  1  0  1
 35 * Text                  19   3 25 13   0  0  0  0  0  1  0  0  0  0  1  0  0  0  0  0  0  1  0  0  0  0  0  0  2  1  0  1  1  1  1  1  0  1  1  1  1  0  0  1  2  2
 36 * Switch A Lot          19   2 24 15   0  0  0  0  0  0  0  0  0  0  0  0  0  0  0  0  0  1  0  0  0  0  1  0  1  1  0  0  1  2  1  1  2  1  1  1  1  1  1  1  1  1
 37 Always Switchin'        17   1 25 15   0  0  0  0  0  0  0  0  0  0  0  0  0  0  0  0  0  1  0  0  0  0  1  0  1  1  0  0  1  1  1  1  2  1  1  1  1  1  1  1  0  1
 38 Beat Frequent Pick      16   4 29  8   0  0  0  0  0  0  0  0  0  0  0  0  0  0  0  0  0  0  0  0  0  0  0  0  1  1  0  0  1  1  0  1  0  0  2  1  1  1  2  1  2  2
 39 Good Ole Rock           16   3 28 10   0  0  0  0  0  0  0  0  0  0  0  0  0  0  0  0  0  1  0  0  0  0  0  0  1  1  0  0  1  1  0  1  0  1  2  1  1  0  1  1  2  2
 40 Rotate R-P-S            15   1 27 13   0  0  0  0  0  0  0  0  0  0  0  0  0  0  0  0  0  1  0  0  0  0  0  0  1  1  0  0  2  1  0  1  1  1  1  1  1  1  1  1  0  1
 41 * Anti-Flat             14   4 31  6   0  0  0  0  0  0  0  0  0  0  0  0  0  0  0  0  0  2  0  0  0  0  0  0  1  1  0  0  1  1  0  1  0  2  0  1  2  0  0  2  1  0
 42 R-P-S 20-20-60          13   1 29 11   0  0  0  0  0  0  0  0  0  0  0  0  0  0  0  0  0  1  0  0  0  0  0  0  1  1  0  0  1  1  1  1  0  1  0  1  1  0  0  1  2  1


   Yomi AI is match ranked 8

 Tournament results:
    Player Name          total 
  1 Yomi AI               5812 
 19 Iocaine Powder       10997 
 20 Phasenbott            9888 
 21 MegaHAL               9455 
 22 RussRocker4           8184 
 23 Biopic                8267 
 24 Simple Modeller       9433 
 25 Simple Predictor      7606 
 26 Robertot              7585 
 27 Boom                  7699 
 28 Shofar                6481 
 29 ACT-R Lag2            6184 
 32 Granite               6684 
 33 Marble                6755 
 35 Sweet Rocky           6204 
 36 Piedra                5882 

   Yomi is tournament ranked 16

