 Playing 1 tournaments with 1000 trials per match...

 Yomi AI            vs Good Ole Rock       Match: 1000 (1000+   0-   0=)
 Yomi AI            vs R-P-S 20-20-60      Match:  172 (437+ 265- 298=)
 Yomi AI            vs Rotate R-P-S        Match:  425 (576+ 151- 273=)
 Yomi AI            vs Beat The Last Move  Match:  -19 (322+ 341- 337=)
 Yomi AI            vs Always Switchin'    Match:   58 (374+ 316- 310=)
 Yomi AI            vs Beat Frequent Pick  Match:  304 (528+ 224- 248=)
 Yomi AI            vs * Pi                Match:    0 (338+ 338- 324=)
 Yomi AI            vs * Switch A Lot      Match:   24 (347+ 323- 330=)
 Yomi AI            vs * Flat              Match:   68 (371+ 303- 326=)
 Yomi AI            vs * Anti-Flat         Match:  999 (999+   0-   1=)
 Yomi AI            vs * Foxtrot           Match:  142 (406+ 264- 330=)
 Yomi AI            vs * De Bruijn         Match:  -40 (316+ 356- 328=)
 Yomi AI            vs * Text              Match:   44 (359+ 315- 326=)
 Yomi AI            vs * Anti-rotn         Match:   37 (354+ 317- 329=)
 Yomi AI            vs * Copy-drift        Match:  -13 (339+ 352- 309=)
 Yomi AI            vs * Add-react         Match:   10 (348+ 338- 314=)
 Yomi AI            vs * Add-drift         Match:  -14 (327+ 341- 332=)
 Yomi AI            vs Iocaine Powder      Match:   19 (338+ 319- 343=)
 Yomi AI            vs Phasenbott          Match:  -47 (333+ 380- 287=)
 Yomi AI            vs MegaHAL             Match:  -18 (335+ 353- 312=)
 Yomi AI            vs RussRocker4         Match:   -3 (338+ 341- 321=)
 Yomi AI            vs Biopic              Match:   10 (344+ 334- 322=)
 Yomi AI            vs Simple Modeller     Match:  -30 (328+ 358- 314=)
 Yomi AI            vs Simple Predictor    Match:   74 (378+ 304- 318=)
 Yomi AI            vs Robertot            Match:   56 (355+ 299- 346=)
 Yomi AI            vs Boom                Match:   45 (360+ 315- 325=)
 Yomi AI            vs Shofar              Match:  -10 (340+ 350- 310=)
 Yomi AI            vs ACT-R Lag2          Match:  -13 (318+ 331- 351=)
 Yomi AI            vs Majikthise          Match:   13 (335+ 322- 343=)
 Yomi AI            vs Vroomfondel         Match:   16 (347+ 331- 322=)
 Yomi AI            vs Granite             Match:   39 (364+ 325- 311=)
 Yomi AI            vs Marble              Match:   11 (348+ 337- 315=)
 Yomi AI            vs ZQ Bot              Match:   29 (363+ 334- 303=)
 Yomi AI            vs Sweet Rocky         Match:  -30 (311+ 341- 348=)
 Yomi AI            vs Piedra              Match:  -11 (345+ 356- 299=)
 Yomi AI            vs Mixed Strategy      Match:   44 (371+ 327- 302=)
 Yomi AI            vs Multi-strategy      Match:  160 (432+ 272- 296=)
 Yomi AI            vs Inocencio           Match:   35 (341+ 306- 353=)
 Yomi AI            vs Peterbot            Match:    6 (340+ 334- 326=)
 Yomi AI            vs Bugbrain            Match:  -23 (320+ 343- 337=)
 Yomi AI            vs Knucklehead         Match:  242 (480+ 238- 282=)
Error: return value out of range.
Error: return value out of range.
Error: return value out of range.
Error: return value out of range.
Error: return value out of range.
Error: return value out of range.
Error: return value out of range.
Error: return value out of range.
Error: return value out of range.
Error: return value out of range.
 Final results (draw value = 50):

 Tournament results: 

    Player Name          total     1    2    3    4    5    6    7    8    9   10   11   12   13   14   15   16   17   18   19   20   21   22   23   24   25   26   27   28   29   30   31   32   33   34   35   36   37   38   39   40   41   42
  1 Iocaine Powder       10725     0   92   57   53   57  172  548   57   10  284  191  246  -21   62   26   35   88   60   60   39   21  -19  247  156   15    4  227  103  339  202   48  331   86  581  888  177  320  924  991  992  990  986
  2 Phasenbott           10047   -92    0   70   25   31  134  523   81   28  245  226  221  -24   55   45   11   70   46   71  -45   36   47  280  190   34   37   64   85  354   28  102  381  116  373  893  270  150  928  982  991  996  989
  3 MegaHAL               9312   -57  -70    0  -59  -18   35   47   54   15  241  246  224  -43   20   -3    8   31   40   98   -8  -28   18  144  237  -33  -33  233   43   69  130  227  263  142  386  954  431  410  948  986  989  999  996
  4 Simple Modeller       8820   -53  -25   59    0   15  249    4   -3   36  292  115  117    7   36   41   71   16   52   82  -49  -17   30  225  560  -26  -15  251  270  -21   51  221  115  144  227  312  476  384  594  990  994  998  995
  5 Biopic                8518   -57  -31   18  -15    0   67  -20    3   33  111  157  109  -14   48    6   46   92   43   33   11   13  -10  236  146  -46    2    1   55  403  184  171  -23  137  501  679  345  364  744  994  993  998  991
  6 Simple Predictor      7906  -172 -134  -35 -249  -67    0 -141    7   13  148   18    0  -31   18   37   18  -44   53   51  -32    3  -74  191  757  -73  -21  307  263   -1   98  215   98  154  202  928  408  435  592  986  986  996  998
  7 RussRocker4           7722  -548 -523  -47   -4   20  141    0   20   25  155  183  180  -15   68   16   20   24   60   64   -9    1    3  270  131  -41  -37   67  146  164  143  118  354   55  451  926  283  284  588  994  994  998 1000
  8 Robertot              7708   -57  -81  -54    3   -3   -7  -20    0   -8   66  116   65   44   61  -32   57   -2   56   34   34  -10  -56  283   61   -4   -7   35  105    6   54  106   34  193  381  553  457  412  860  983  995 1000  995
  9 Boom                  7030   -10  -28  -15  -36  -33  -13  -25    8    0   51   58   10  -41   11  -21   39  -34   47   71  -34  -28  -45  356   59  -29   33  -51  -57  -22   28  191  130  148  360  422  445  362  753  991  990  995  994
 10 ZQ Bot                6650  -284 -245 -241 -292 -111 -148 -155  -66  -51    0    4  -38  -16   45 -188   66  -58   64   39  -21  -25  -29  204  783   15   -4   83   51   36  131  127  344  181  343  908  231  400  590  995  989  998  995
 11 Granite               6587  -191 -226 -246 -115 -157  -18 -183 -116  -58   -4    0   27  -64   40  -86   60 -163   63   13  -37    7  -39  367  651  -65    1   -9   60   40  146  167   74  177  281  904  297  415  592  989  995  998 1000
 12 Marble                6503  -246 -221 -224 -117 -109    0 -180  -65  -10   38  -27    0  -87   12 -131   13 -170   56   35  -14   15  -11  243  650  -65  -46   -1   34  104  172  138   95  173  284  937  287  371  591  991  995 1000  993
 13 Shofar                6437    21   24   43   -7   14   31   15  -44   41   16   64   87    0   63  -22   37   -6   41   44  -18  -10   10  110   25  -15   47   27   32  -42   95  164   37  140  153  194  423  246  554  891  946  976  990
 14 Piedra                6225   -62  -55  -20  -36  -48  -18  -68  -61  -11  -45  -40  -12  -63    0  -39   35  -59   42   -1  -23  -58   11  120  -62  -24  -57   65  109   52  164  151  329  155  249  374  256  406  591  998  994  997  989
 15 Bugbrain              6159   -26  -45    3  -41   -6  -37  -16   32   21  188   86  131   22   39    0   38    4   42   42  -16   22   23  112   13   -8   32  117   45   -2  -22  138   83   27  106  290  290  186  381  938  973  988  966
 16 Sweet Rocky           5836   -35  -11   -8  -71  -46  -18  -20  -57  -39  -66  -60  -13  -37  -35  -38    0  -43   53  -13  -60  -57   30   94  -42  -33  -31   83  -37  -35   76  126  309  174  273  315  209  426  594  996  993  995  995
 17 ACT-R Lag2            5785   -88  -70  -31  -16  -92   44  -24    2   34   58  163  170    6   59   -4   43    0   45   88   28   -9   13  225   75  -77  -33  -12   28   14  145   93   72  101  493  121  277  285  569   13  995  997  985
 18 * Anti-rotn           5137   -60  -46  -40  -52  -43  -53  -60  -56  -47  -64  -63  -56  -41  -42  -42  -53  -45    0    2  -65   24  -37  256  -41  -36  -57    2   47  -18  237  322    1   55   53  500  473  195  598  495  997 1000  997
 19 Mixed Strategy        4972   -60  -71  -98  -82  -33  -51  -64  -34  -71  -39  -13  -35  -44    1  -42   13  -88   -2    0  -56  -37  -44   58  246  -22  -42   40   35  -11  -55  132   11  173   88  307  206  417  443  961  958  997  980
 20 Vroomfondel           4892   -39   45    8   49  -11   32    9  -34   34   21   37   14   18   23   16   60  -28   65   56    0   22  -16  156  103  -37   -6  -35   -4   20   87   73   -3  -11  267   54  263  137  469   -3  993  993  995
 21 Majikthise            4788   -21  -36   28   17  -13   -3   -1   10   28   25   -7  -15   10   58  -22   57    9  -24   37  -22    0  -13  252   72   -8    8   23    6   16  110   89   -5   33  254  -54  287  175  434   16  991  994  993
 22 Yomi AI               3811    19  -47  -18  -30   10   74   -3   56   45   29   39   11  -10  -11  -23  -30  -13   37   44   16   13    0  160   35  -40    0  -14  -13  142   68   24   10   44  242    6   58  172  304  -19  425 1000  999
 23 Multi-strategy        2370  -247 -280 -144 -225 -236 -191 -270 -283 -356 -204 -367 -243 -110 -120 -112  -94 -225 -256  -58 -156 -252 -160    0 -167  -50  -20  -20  253  -61  105  292   18  123  103  500  502  391  999  997  997  999  998
 24 Inocencio             1278  -156 -190 -237 -560 -146 -757 -131  -61  -59 -783 -651 -650  -25   62  -13   42  -75   41 -246 -103  -72  -35  167    0  -36  -23   27   40  291  174  102   98  164  246  188  234  358  363  751  981  983  975
 25 * De Bruijn            776   -15  -34   33   26   46   73   41    4   29  -15   65   65   15   24    8   33   77   36   22   37    8   40   50   36    0   -1   13   -7   -2   -7   -8   14   23    0   -2  -13   18  128   -1   21    0 -104
 26 * Pi                   192    -4  -37   33   15   -2   21   37    7  -33    4   -1   46  -47   57  -32   31   33   57   42    6   -8    0   20   23    1    0   -9    0    2  -43  -24   34  -81   39    3  -33   12   30   22  -11  -11   -7
 27 * Add-drift          -1597  -227  -64 -233 -251   -1 -307  -67  -35   51  -83    9    1  -27  -65 -117  -83   12   -2  -40   35  -23   14   20  -27  -13    9    0  -23  -30   42    6   11    7  -16  -44  -26   -7   21  -23  -20    8   11
 28 * Copy-drift         -1781  -103  -85  -43 -270  -55 -263 -146 -105   57  -51  -60  -34  -32 -109  -45   37  -28  -47  -35    4   -6   13 -253  -40    7    0   23    0   21   15  -32  -46   21  -72  -39  -12   13   -7    2   -5    0   29
 29 * Foxtrot            -1951  -339 -354  -69   21 -403    1 -164   -6   22  -36  -40 -104   42  -52    2   35  -14   18   11  -20  -16 -142   61 -291    2   -2   30  -21    0  -23   15  -19   32  -54  -39   11  -16   -6  -16   -8    4   -4
 30 * Flat               -2659  -202  -28 -130  -51 -184  -98 -143  -54  -28 -131 -146 -172  -95 -164   22  -76 -145 -237   55  -87 -110  -68 -105 -174    7   43  -42  -15   23    0   27   -6  -10  -11 -144   17  -10  244  212  -24    0 -419
 31 * Switch A Lot       -3214   -48 -102 -227 -221 -171 -215 -118 -106 -191 -127 -167 -138 -164 -151 -138 -126  -93 -322 -132  -73  -89  -24 -292 -102    8   24   -6   32  -15  -27    0   80  -18    5 -120  -34   20   95  320    9  -29  -21
 32 * Add-react          -3243  -331 -381 -263 -115   23  -98 -354  -34 -130 -344  -74  -95  -37 -329  -83 -309  -72   -1  -11    3    5  -10  -18  -98  -14  -34  -11   46   19    6  -80    0    5  -14  -56  -45  -51   -6   68   58  -12   34
 33 * Text               -3247   -86 -116 -142 -144 -137 -154  -55 -193 -148 -181 -177 -173 -140 -155  -27 -174 -101  -55 -173   11  -33  -44 -123 -164  -23   81   -7  -21  -32   10   18   -5    0    7   12  -11  -49 -185  -74  -11 -185  112
 34 Knucklehead          -3760  -581 -373 -386 -227 -501 -202 -451 -381 -360 -343 -281 -284 -153 -249 -106 -273 -493  -53  -88 -267 -254 -242 -103 -246    0  -39   16   72   54   11   -5   14   -7    0   -9  -10   68  160  935  -38  915 1000
 35 Peterbot             -6611  -888 -893 -954 -312 -679 -928 -926 -553 -422 -908 -904 -937 -194 -374 -290 -315 -121 -500 -307  -54   54   -6 -500 -188    2   -3   44   39   39  144  120   56  -12    9    0  227  426  434  981  997  998  987
 36 Always Switchin'     -7135  -177 -270 -431 -476 -345 -408 -283 -457 -445 -231 -297 -287 -423 -256 -290 -209 -277 -473 -206 -263 -287  -58 -502 -234   13   33   26   12  -11  -17   34   45   11   10 -227    0   10   -5  516  -14   11    3
 37 R-P-S 20-20-60       -8846  -320 -150 -410 -384 -364 -435 -284 -412 -362 -400 -415 -371 -246 -406 -186 -426 -285 -195 -417 -137 -175 -172 -391 -358  -18  -12    7  -13   16   10  -20   51   49  -68 -426  -10    0 -393 -164  -17 -444  307
 38 Beat Frequent Pick  -14118  -924 -928 -948 -594 -744 -592 -588 -860 -753 -590 -592 -591 -554 -591 -381 -594 -569 -598 -443 -469 -434 -304 -999 -363 -128  -30  -21    7    6 -244  -95    6  185 -160 -434    5  393    0 -600    0  999  996
 39 Beat The Last Move  -19086  -991 -982 -986 -990 -994 -986 -994 -983 -991 -995 -989 -991 -891 -998 -938 -996  -13 -495 -961    3  -16   19 -997 -751    1  -22   23   -2   16 -212 -320  -68   74 -935 -981 -516  164  600    0    1 1000  997
 40 Rotate R-P-S        -24778  -992 -991 -989 -994 -993 -986 -994 -995 -990 -989 -995 -995 -946 -994 -973 -993 -995 -997 -958 -993 -991 -425 -997 -981  -21   11   20    5    8   24   -9  -58   11   38 -997   14   17    0   -1    0    0 -694
 41 Good Ole Rock       -26141  -990 -996 -999 -998 -998 -996 -998 -1000 -995 -998 -998 -1000 -976 -997 -988 -995 -997 -1000 -997 -993 -994 -1000 -999 -983    0   11   -8    0   -4    0   29   12  185 -915 -998  -11  444 -999 -1000    0    0  998
 42 * Anti-Flat         -28019  -986 -989 -996 -995 -991 -998 -1000 -995 -994 -995 -1000 -993 -990 -989 -966 -995 -985 -997 -980 -995 -993 -999 -998 -975  104    7  -11  -29    4  419   21  -34 -112 -1000 -987   -3 -307 -996 -997  694 -998    0

 Match results (draw <= 50): 

    Player Name           total  W  L  D   1  2  3  4  5  6  7  8  9 10 11 12 13 14 15 16 17 18 19 20 21 22 23 24 25 26 27 28 29 30 31 32 33 34 35 36 37 38 39 40 41 42
  1 Iocaine Powder          72  31  0 10   1  2  2  2  2  2  2  1  1  1  2  1  2  1  1  1  2  2  2  2  1  2  2  1  2  2  2  2  2  2  2  2  2  1  2  2  2  2  2  2  2  2
  2 Phasenbott              67  27  1 13   0  1  1  2  1  2  2  1  1  1  2  1  2  1  1  1  2  2  2  2  1  2  1  1  2  2  2  2  2  2  2  2  1  2  2  2  2  2  2  2  2  2
  3 Simple Modeller         65  25  1 15   0  1  1  1  1  2  1  1  1  1  1  1  2  1  1  2  2  1  2  2  1  2  2  1  2  1  2  2  2  2  2  2  2  2  2  2  2  2  2  2  2  2
  4 RussRocker4             64  25  2 14   0  0  1  1  1  1  1  1  1  1  1  1  2  1  1  1  2  2  2  2  1  2  2  1  2  2  2  2  2  2  2  2  2  2  2  2  2  2  2  2  2  2
  5 Biopic                  61  21  1 19   0  1  1  1  1  1  1  1  1  1  2  1  2  1  1  1  2  1  2  2  1  1  1  1  2  2  1  2  2  2  1  2  2  2  2  2  2  2  2  2  2  2
  6 MegaHAL                 60  22  3 16   0  0  0  1  1  1  2  1  1  1  1  1  1  1  1  1  2  1  2  2  1  2  1  1  2  2  2  1  2  2  2  2  2  2  2  2  2  2  2  2  2  2
  7 Robertot                58  21  4 16   0  0  1  1  1  0  1  1  1  1  1  1  1  0  1  2  2  2  2  2  1  1  2  1  2  1  1  2  2  2  1  2  2  2  2  2  2  2  2  2  2  2
  8 Shofar                  57  16  0 25   1  1  1  1  1  1  1  1  1  1  1  1  1  1  1  1  1  2  2  2  1  1  1  1  1  1  1  1  2  2  1  2  2  2  2  2  2  2  2  2  2  2
  9 Bugbrain                57  16  0 25   1  1  1  1  1  1  1  1  1  1  1  1  1  1  1  1  2  1  2  2  1  1  1  1  1  1  2  1  2  2  2  2  1  2  2  1  2  2  2  2  2  2
 10 Boom                    56  17  2 22   1  1  1  1  1  1  1  1  1  1  1  1  1  1  1  1  2  1  2  1  1  2  1  1  2  1  0  0  2  2  2  2  1  2  2  2  2  2  2  2  2  2
 11 ACT-R Lag2              56  19  4 18   0  0  1  1  0  1  1  1  1  1  1  1  1  1  1  1  2  2  2  2  0  2  1  1  2  1  1  1  2  2  2  2  2  2  1  2  2  2  2  2  2  2
 12 Vroomfondel             56  15  0 26   1  1  1  1  1  1  1  1  1  1  1  1  1  1  1  2  1  1  1  1  1  2  2  1  2  1  1  1  2  2  1  2  2  2  1  1  2  2  2  2  2  2
 13 Simple Predictor        54  20  7 14   0  0  0  0  0  1  1  1  1  1  1  1  1  0  1  1  2  1  1  1  0  2  2  1  2  1  2  2  2  2  2  2  2  2  2  2  2  2  2  2  2  2
 14 Yomi AI                 53  12  0 29   1  1  1  1  1  1  2  1  1  1  1  1  2  1  1  1  1  1  1  1  1  1  1  1  1  2  1  1  2  1  1  2  2  1  1  1  2  2  2  2  2  2
 15 Majikthise              53  13  1 27   1  1  1  1  1  1  1  1  1  1  1  1  1  1  1  2  1  2  1  1  1  1  1  1  2  1  1  1  2  0  1  2  2  2  1  1  2  2  2  2  2  2
 16 Sweet Rocky             51  16  6 19   1  1  0  1  1  1  0  1  1  1  1  0  1  1  0  1  0  1  0  1  1  1  2  1  1  1  2  1  2  2  2  2  2  2  2  2  2  2  2  2  2  2
 17 ZQ Bot                  49  19 11 11   0  0  0  0  0  0  0  1  0  0  0  1  0  1  1  2  1  1  1  1  1  1  2  1  2  1  2  2  2  2  2  2  2  2  2  2  2  2  2  2  2  2
 18 Piedra                  49  17  9 15   0  0  1  0  1  1  0  0  1  1  0  1  1  1  0  1  1  1  1  1  1  1  1  0  0  2  2  2  2  2  2  2  2  2  2  2  2  2  2  2  2  2
 19 Granite                 47  18 12 11   0  0  0  0  0  0  0  0  0  0  0  1  1  1  1  2  1  1  1  1  0  1  2  1  2  1  1  2  2  2  2  2  2  2  2  2  2  2  2  2  2  2
 20 Marble                  47  17 11 13   0  0  0  0  0  0  0  0  0  1  0  1  1  1  1  1  1  1  1  1  0  1  2  1  2  2  1  1  2  2  2  2  2  2  2  2  2  2  2  2  2  2
 21 * De Bruijn             45   5  1 35   1  1  1  1  1  1  1  1  1  1  2  1  2  1  1  1  1  1  2  2  1  1  1  1  1  1  1  1  1  1  1  1  1  1  1  1  1  1  2  1  1  0
 22 Mixed Strategy          44  13 10 18   0  0  0  0  1  0  1  1  1  0  0  0  0  1  1  1  1  1  1  1  1  1  1  1  2  1  1  1  2  2  1  2  0  2  2  2  2  2  2  2  2  2
 23 * Anti-rotn             43  13 11 17   0  1  0  0  1  1  0  1  1  1  1  0  0  1  1  0  0  1  0  0  1  1  1  0  1  1  1  1  2  2  1  2  2  2  2  2  2  2  2  2  2  2
 24 * Pi                    42   2  1 38   1  1  1  1  1  1  1  1  1  1  1  1  1  1  1  1  1  2  1  1  1  1  2  1  1  1  1  1  1  1  1  1  1  1  1  0  1  1  1  1  1  1
 25 Inocencio               41  16 16  9   0  0  0  0  0  0  0  1  1  0  0  0  0  1  0  1  0  2  0  0  1  0  1  1  1  2  1  1  2  2  2  2  2  2  2  2  2  2  2  2  2  2
 26 * Foxtrot               32   1 10 30   0  0  1  0  0  0  1  1  1  1  1  1  1  0  1  1  1  0  1  0  1  1  1  1  0  1  1  1  2  1  1  0  1  1  1  1  1  1  1  1  1  1
 27 * Add-drift             32   1 10 30   0  0  0  0  1  0  1  1  0  2  1  1  0  1  1  0  0  0  1  1  1  1  1  1  1  1  1  1  1  1  1  1  1  1  1  1  1  1  1  1  1  1
 28 * Copy-drift            30   1 12 28   0  0  0  0  0  1  0  1  1  2  1  1  0  1  1  1  0  0  0  1  1  1  1  1  1  1  1  1  0  1  1  0  1  1  1  1  1  1  1  1  1  1
 29 Multi-strategy          30  13 24  4   0  0  0  0  0  0  0  0  0  0  0  0  0  0  0  0  0  0  0  0  1  0  0  1  0  0  1  2  1  2  1  2  2  2  2  2  2  2  2  2  2  2
 30 Peterbot                30  11 22  8   0  0  0  0  0  0  0  0  0  0  0  0  0  1  2  0  0  0  0  0  1  0  0  1  0  1  1  1  0  1  2  1  2  2  2  1  2  2  2  2  2  2
 31 * Add-react             25   2 18 21   0  0  0  0  1  0  1  1  0  0  0  1  0  1  1  0  0  0  0  0  1  1  1  1  0  1  1  1  1  0  1  1  1  0  2  1  1  1  1  0  2  1
 32 Knucklehead             24   7 24 10   0  0  0  0  0  0  0  0  0  0  0  0  0  0  0  0  0  0  0  0  1  0  0  1  0  2  1  2  0  1  1  1  1  1  2  1  1  2  2  2  1  2
 33 * Flat                  22   3 22 16   0  1  0  0  0  0  0  0  1  1  0  0  0  0  0  0  0  0  0  0  1  2  0  1  0  1  1  1  0  0  1  1  1  1  2  1  1  1  2  1  1  0
 34 * Switch A Lot          21   3 23 15   1  0  0  0  0  0  0  0  0  0  0  0  0  1  0  0  0  0  0  0  1  0  0  1  0  1  1  1  0  0  2  1  1  1  2  1  1  1  2  1  1  1
 35 Beat The Last Move      20   5 26 10   0  0  0  0  0  0  0  0  0  0  1  1  0  1  1  0  0  0  0  0  1  0  0  1  0  1  1  1  0  0  0  0  0  0  1  2  0  2  2  2  1  2
 36 * Text                  20   2 23 16   0  0  0  0  0  0  0  0  1  0  0  1  0  1  1  0  0  0  0  0  1  0  0  2  0  1  1  1  0  1  1  1  1  1  0  1  1  0  0  1  1  2
 37 Always Switchin'        17   1 25 15   0  0  0  0  0  0  0  0  0  0  0  0  0  0  0  0  0  0  0  0  1  0  0  1  0  1  1  1  0  0  1  1  1  1  2  1  1  1  1  1  1  1
 38 Good Ole Rock           16   3 28 10   0  0  0  0  0  0  0  0  0  0  0  0  0  0  0  0  0  0  0  0  1  0  0  1  0  1  1  1  0  0  1  0  1  1  0  2  1  1  0  2  1  2
 39 Beat Frequent Pick      15   4 30  7   0  0  0  0  0  0  0  0  0  0  0  0  0  0  0  0  0  0  0  0  0  0  0  1  0  1  1  1  0  0  1  0  0  0  0  2  1  2  1  2  1  2
 40 R-P-S 20-20-60          14   2 29 10   0  0  0  0  0  0  0  0  0  0  0  0  0  0  0  0  0  0  0  0  1  0  0  1  0  1  1  1  0  0  2  0  1  1  0  1  1  0  0  1  1  2
 41 Rotate R-P-S            14   0 27 14   0  0  0  0  0  0  0  0  0  0  0  0  0  0  0  0  0  0  0  0  1  0  0  1  0  1  1  1  0  0  0  1  1  1  1  1  1  1  1  1  1  0
 42 * Anti-Flat             13   3 31  7   0  0  0  0  0  0  0  0  0  0  0  0  0  0  0  0  0  0  0  0  2  0  0  1  0  1  1  1  0  0  1  0  2  1  0  0  1  0  0  0  2  1


   Yomi AI is match ranked 14

 Tournament results:
    Player Name          total 
  1 Yomi AI               3811 
 15 * Anti-rotn           5137 
 19 Iocaine Powder       10725 
 20 Phasenbott           10047 
 21 MegaHAL               9312 
 22 RussRocker4           7722 
 23 Biopic                8518 
 24 Simple Modeller       8820 
 25 Simple Predictor      7906 
 26 Robertot              7708 
 27 Boom                  7030 
 28 Shofar                6437 
 29 ACT-R Lag2            5785 
 30 Majikthise            4788 
 31 Vroomfondel           4892 
 32 Granite               6587 
 33 Marble                6503 
 34 ZQ Bot                6650 
 35 Sweet Rocky           5836 
 36 Piedra                6225 
 37 Mixed Strategy        4972 
 41 Bugbrain              6159 

   Yomi is tournament ranked 22

