 Playing 1 tournaments with 1000 trials per match...

 Yomi AI            vs Good Ole Rock       Match: 1000 (1000+   0-   0=)
 Yomi AI            vs R-P-S 20-20-60      Match:  365 (577+ 212- 211=)
 Yomi AI            vs Rotate R-P-S        Match:  993 (996+   3-   1=)
 Yomi AI            vs Beat The Last Move  Match:  726 (825+  99-  76=)
 Yomi AI            vs Always Switchin'    Match:  293 (478+ 185- 337=)
 Yomi AI            vs Beat Frequent Pick  Match:  623 (764+ 141-  95=)
 Yomi AI            vs * Pi                Match:  -19 (326+ 345- 329=)
 Yomi AI            vs * Switch A Lot      Match:  162 (433+ 271- 296=)
 Yomi AI            vs * Flat              Match:  194 (461+ 267- 272=)
 Yomi AI            vs * Anti-Flat         Match:  992 (995+   3-   2=)
 Yomi AI            vs * Foxtrot           Match:  425 (618+ 193- 189=)
 Yomi AI            vs * De Bruijn         Match:   -4 (323+ 327- 350=)
 Yomi AI            vs * Text              Match:  166 (439+ 273- 288=)
 Yomi AI            vs * Anti-rotn         Match:    8 (354+ 346- 300=)
 Yomi AI            vs * Copy-drift        Match:   62 (365+ 303- 332=)
 Yomi AI            vs * Add-react         Match:   81 (392+ 311- 297=)
 Yomi AI            vs * Add-drift         Match:   57 (381+ 324- 295=)
 Yomi AI            vs Iocaine Powder      Match:   -3 (342+ 345- 313=)
 Yomi AI            vs Phasenbott          Match:  -22 (326+ 348- 326=)
 Yomi AI            vs MegaHAL             Match:   -2 (331+ 333- 336=)
 Yomi AI            vs RussRocker4         Match:   14 (335+ 321- 344=)
 Yomi AI            vs Biopic              Match:   18 (376+ 358- 266=)
 Yomi AI            vs Simple Modeller     Match:  -11 (331+ 342- 327=)
 Yomi AI            vs Simple Predictor    Match:   30 (368+ 338- 294=)
 Yomi AI            vs Robertot            Match:   -4 (352+ 356- 292=)
 Yomi AI            vs Boom                Match:   26 (343+ 317- 340=)
 Yomi AI            vs Shofar              Match:  -19 (326+ 345- 329=)
 Yomi AI            vs ACT-R Lag2          Match:  -40 (329+ 369- 302=)
 Yomi AI            vs Majikthise          Match:   22 (351+ 329- 320=)
 Yomi AI            vs Vroomfondel         Match:   -5 (343+ 348- 309=)
 Yomi AI            vs Granite             Match:  158 (494+ 336- 170=)
 Yomi AI            vs Marble              Match:  134 (473+ 339- 188=)
 Yomi AI            vs ZQ Bot              Match:   25 (382+ 357- 261=)
 Yomi AI            vs Sweet Rocky         Match:   47 (376+ 329- 295=)
 Yomi AI            vs Piedra              Match:   64 (402+ 338- 260=)
 Yomi AI            vs Mixed Strategy      Match:   51 (378+ 327- 295=)
 Yomi AI            vs Multi-strategy      Match:  325 (560+ 235- 205=)
 Yomi AI            vs Inocencio           Match:  665 (808+ 143-  49=)
 Yomi AI            vs Peterbot            Match:  152 (441+ 289- 270=)
 Yomi AI            vs Bugbrain            Match:   14 (355+ 341- 304=)
 Yomi AI            vs Knucklehead         Match:  547 (686+ 139- 175=)
 Final results (draw value = 50):

 Tournament results: 

    Player Name          total     1    2    3    4    5    6    7    8    9   10   11   12   13   14   15   16   17   18   19   20   21   22   23   24   25   26   27   28   29   30   31   32   33   34   35   36   37   38   39   40   41   42
  1 Iocaine Powder       11005     0   45   86   31   22    3   50  505   -7  173  188  237  104   15   61   70   45  328   64  117   45   21  254   62  163   24  153  137  390  223  332   84  525  115  872  229  363  925  984  987  993  987
  2 Phasenbott           10220   -45    0   75    0   35   22   58  535   55  113  215  223   44   31   41   64   44  270   93   98   37   21  172   50  157    0  183  134  357  103  331   79  357   73  922  229  135  946  978  992  993 1000
  3 MegaHAL               9428   -86  -75    0  -24  -11    2   41  145  -22   54  303  188  -10    3   34   33   -9  202   55   39  -13  -11  266  -37  172   16  189   40   38   90  289  133  415  267  906  462  416  955  988  989 1000  996
  4 Simple Modeller       8959   -31    0   24    0  -19   11   -2  -23   42  279   86   44  -40   70   41   40   37  280   65  124   -9   25  209  -54  718   -2  262  238  -24   98   99  134  234  219  309  494  410  589  991  993  998 1000
  5 Biopic                8333   -22  -35   11   19    0  -18   36   -5   23   17  107   81   15  -25   32   36  -12   68   40    1   25   38  300   -8  136    8    5  102  395  150   41  134  516  133  711  310  394  603  990  995  999  987
  6 Yomi AI               8310    -3  -22   -2  -11   18    0   -4   14   26   30  158  134  -40  -19   64   47   14   25    8   51   -5   22  325   -4  665  -19   57   62  425  194   81  166  547  162  152  293  365  623  726  993 1000  992
  7 Robertot              7666   -50  -58  -41    2  -36    4    0  -22   39   35    0   84  -42  -12    1   32  -28   92   72   12   15   18  213    1   -1   -8   36   50   12   75   43  171  392  128  794  436  418  830  968  998  998  995
  8 RussRocker4           7488  -505 -535 -145   23    5  -14   22    0   30  103  161  165    2   12   11  -11   -4  157   66   65   34  -19  245  -47  134   -2   87  118  208   84  313   67  465  115  927  275  272  617  994  993 1000 1000
  9 Boom                  7258     7  -55   22  -42  -23  -26  -39  -30    0  -25   64  -23  -36   -6   74  -11  -11   69   49   46  -22  -38  252    5   54   -5   51   90   10   25  115  115  537  161  427  425  327  753  991  990  997  994
 10 Simple Predictor      7122  -173 -113  -54 -279  -17  -30  -35 -103   25    0    7   16  -24   -7   92   66   35  180   76   25    7   21  179  -79  102  -21  265  285   19   90  162  166  364  230  307  400  384  587  986  990  995  996
 11 Granite               6733  -188 -215 -303  -86 -107 -158    0 -161  -64   -7    0  -16  -88  -24  -15   42  -31   33   46   69  -10    8  262  -72  649  -36   30   95   76  173   74  181  367   76  901  282  378  594  992  993  998  995
 12 Marble                6689  -237 -223 -188  -44  -81 -134  -84 -165   23  -16   16    0 -121  -67   45   52  -82   27   64   31   -5  -31  244 -121  656   -7   16   53   61  147   83  178  322  133  937  248  384  594  992  990  999 1000
 13 ACT-R Lag2            6247  -104  -44   10   40  -15   40   42   -2   36   24   88  121    0   56   50   36   20  136   42  106    7    0  223  -37   99  -11  -22   18  -64   85   41   83  503  189  236  251  342  574   54  997  998  999
 14 Shofar                6231   -15  -31   -3  -70   25   19   12  -12    6    7   24   67  -56    0   69   49   -6   98   41   31  -63   32  143   28   52   10    8   85   19   98   -5  125  142  222   16  435  316  553  874  941  968  977
 15 Piedra                6167   -61  -41  -34  -41  -32  -64   -1  -11  -74  -92   15  -45  -50  -69    0  -36  -71  -78   43  -28  -26  -43  103  -29  791  -26   -9    1   23  127  177  154   59  156  317  241  353  591  992  992  994  999
 16 Sweet Rocky           5993   -70  -64  -33  -40  -36  -47  -32   11   11  -66  -42  -52  -36  -49   36    0  -18  -45  -23   -3  -42  -55  144   -4  -54   -4  -45   23  -11  110  293  183  228  248  308  290  399  591  995  995  999 1000
 17 Bugbrain              5993   -45  -44    9  -37   12  -14   28    4   11  -35   31   82  -20    6   71   18    0  172   79   67   15   -1  114   10   34   40  110   15  -46   63   90   53  128   67  275  205  159  417  957  957  947  989
 18 ZQ Bot                5886  -328 -270 -202 -280  -68  -25  -92 -157  -69 -180  -33  -27 -136  -98   78   45 -172    0   58   23   11  -22  188  -35  349  -39   72   28   53  179  308  153  288  114  908  325  367  593  992  995  996  996
 19 * Anti-rotn           5221   -64  -93  -55  -65  -40   -8  -72  -66  -49  -76  -46  -64  -42  -41  -43   23  -79  -58    0   37    4   -9  251  -45  568  -46  -30  -10  -17  224    1   63   60  294   45  494  192  598  500  996 1000  989
 20 Mixed Strategy        4954  -117  -98  -39 -124   -1  -51  -12  -65  -46  -25  -69  -31 -106  -31   28    3  -67  -23  -37    0  -13   -1   35  -92   41    5    9   59   -6  132   38  130  153  123  230  125  428  508  978  985  999  999
 21 Vroomfondel           4534   -45  -37   13    9  -25    5  -15  -34   22   -7   10    5   -7   63   26   42  -15  -11   -4   13    0   19  139    5   49  -14   35  -17   20   85  -14   47  184  100   41  252  196  430   -7  993  994  989
 22 Majikthise            4493   -21  -21   11  -25  -38  -22  -18   19   38  -21   -8   31    0  -32   43   55    1   22    9    1  -19    0  192  -23   34   -7   15  -21   -2   52   58   50  190  110    3  291  144  442  -22  992  997  993
 23 Multi-strategy        2748  -254 -172 -266 -209 -300 -325 -213 -245 -252 -179 -262 -244 -223 -143 -103 -144 -114 -188 -251  -35 -139 -192    0  -50  -87  -20   47  249  -10  213   -8  123   48  330  500  468  407  999  997  997  999  999
 24 * De Bruijn            570   -62  -50   37   54    8    4   -1   47   -5   79   72  121   37  -28   29    4  -10   35   45   92   -5   23   50    0   -1   -1   29  -45  -29   38   -1   23  -46    2   -1   26  -41  128   -1   21    0 -107
 25 Inocencio              539  -163 -157 -172 -718 -136 -665    1 -134  -54 -102 -649 -656  -99  -52 -791   54  -34 -349 -568  -41  -49  -34   87    1    0  -37   23   45  336  140   27  159  203   82  156  299  407  369  869  978  980  983
 26 * Pi                   250   -24    0  -16    2   -8   19    8    2    5   21   36    7   11  -10   26    4  -40   39   46   -5   14    7   20    1   37    0   35    6   18   -4   22  -81  -11   11   16  -20   36   30   22  -11  -11  -10
 27 * Add-drift          -1693  -153 -183 -189 -262   -5  -57  -36  -87  -51 -265  -30  -16   22   -8    9   45 -110  -72   30   -9  -35  -15  -47  -29  -23  -35    0  -13   31  -42   41  -11    7  -36  -56    2   32   42   10    1  -70  -20
 28 * Copy-drift         -1753  -137 -134  -40 -238 -102  -62  -50 -118  -90 -285  -95  -53  -18  -85   -1  -23  -15  -28   10  -59   17   21 -249   45  -45   -6   13    0   26    6   47   24  -19    6  -24   12   16   24  -19  -19    4  -10
 29 * Foxtrot            -2347  -390 -357  -38   24 -395 -425  -12 -208  -10  -19  -76  -61   64  -19  -23   11   46  -53   17    6  -20    2   10   29 -336  -18  -31  -26    0   -2   29  -20    6    6  -27   30  -28   32    6  -55  -12   -4
 30 * Flat               -3100  -223 -103  -90  -98 -150 -194  -75  -84  -25  -90 -173 -147  -85  -98 -127 -110  -63 -179 -224 -132  -85  -52 -213  -38 -140    4   42   -6    2    0  -27   35   35  -33 -192  -25  -54  248  212   51    2 -396
 31 * Add-react          -3219  -332 -331 -289  -99  -41  -81  -43 -313 -115 -162  -74  -83  -41    5 -177 -293  -90 -308   -1  -38   14  -58    8    1  -27  -22  -41  -47  -29   27    0  -38  -78  -13  -15   52   50  -10   -5  -76  -11    5
 32 * Text               -3252   -84  -79 -133 -134 -134 -166 -171  -67 -115 -166 -181 -178  -83 -125 -154 -183  -53 -153  -63 -130  -47  -50 -123  -23 -159   81   11  -24   20  -35   38    0  -51   17   31  -36   -6 -185  -74  -11 -185  111
 33 Knucklehead          -3504  -525 -357 -415 -234 -516 -547 -392 -465 -537 -364 -367 -322 -503 -142  -59 -228 -128 -288  -60 -153 -184 -190  -48   46 -203   11   -7   19   -6  -35   78   51    0    5   25   37   27  111  831  603  930  997
 34 * Switch A Lot       -3567  -115  -73 -267 -219 -133 -162 -128 -115 -161 -230  -76 -133 -189 -222 -156 -248  -67 -114 -294 -123 -100 -110 -330   -2  -82  -11   36   -6   -6   33   13  -17   -5    0 -104  -37   48   53  299   -7  -13    6
 35 Peterbot             -5751  -872 -922 -906 -309 -711 -152 -794 -927 -427 -307 -901 -937 -236  -16 -317 -308 -275 -908  -45 -230  -41   -3 -500    1 -156  -16   56   24   27  192   15  -31  -25  104    0  274  415  439  982  999 1000  993
 36 Always Switchin'     -7563  -229 -229 -462 -494 -310 -293 -436 -275 -425 -400 -282 -248 -251 -435 -241 -290 -205 -325 -494 -125 -252 -291 -468  -26 -299   20   -2  -12  -30   25  -52   36  -37   37 -274    0   10    1  485    5   11   -1
 37 R-P-S 20-20-60       -9425  -363 -135 -416 -410 -394 -365 -418 -272 -327 -384 -378 -384 -342 -316 -353 -399 -159 -367 -192 -428 -196 -144 -407   41 -407  -36  -32  -16   28   54  -50    6  -27  -48 -415  -10    0 -414 -142    0 -442   34
 38 Beat Frequent Pick  -14385  -925 -946 -955 -589 -603 -623 -830 -617 -753 -587 -594 -594 -574 -553 -591 -591 -417 -593 -598 -508 -430 -442 -999 -128 -369  -30  -42  -24  -32 -248   10  185 -111  -53 -439   -1  414    0 -600    0  999  996
 39 Beat The Last Move  -19764  -984 -978 -988 -991 -990 -726 -968 -994 -991 -986 -992 -992  -54 -874 -992 -995 -957 -992 -500 -978    7   22 -997    1 -869  -22  -10   19   -6 -212    5   74 -831 -299 -982 -485  142  600    0    1 1000 1000
 40 Rotate R-P-S        -25886  -987 -992 -989 -993 -995 -993 -998 -993 -990 -990 -993 -990 -997 -941 -992 -995 -957 -995 -996 -985 -993 -992 -997  -21 -978   11   -1   19   55  -51   76   11 -603    7 -999   -5    0    0   -1    0    0 -663
 41 Good Ole Rock       -26045  -993 -993 -1000 -998 -999 -1000 -998 -1000 -997 -995 -998 -999 -998 -968 -994 -999 -947 -996 -1000 -999 -994 -997 -999    0 -980   11   70   -4   12   -2   11  185 -930   13 -1000  -11  442 -999 -1000    0    0  998
 42 * Anti-Flat         -27783  -987 -1000 -996 -1000 -987 -992 -995 -1000 -994 -996 -995 -1000 -999 -977 -999 -1000 -989 -996 -989 -999 -989 -993 -999  107 -983   10   20   10    4  396   -5 -111 -997   -6 -993    1  -34 -996 -1000  663 -998    0

 Match results (draw <= 50): 

    Player Name           total  W  L  D   1  2  3  4  5  6  7  8  9 10 11 12 13 14 15 16 17 18 19 20 21 22 23 24 25 26 27 28 29 30 31 32 33 34 35 36 37 38 39 40 41 42
  1 Iocaine Powder          71  30  0 11   1  1  1  1  2  2  1  1  1  2  2  1  1  1  1  2  2  2  2  2  2  2  2  1  2  2  2  2  2  2  2  2  2  2  2  2  2  2  2  2  2  2
  2 Phasenbott              70  29  0 12   1  1  1  1  2  2  1  1  2  1  2  2  1  1  1  2  2  2  1  2  1  2  2  1  2  2  2  2  2  2  2  2  2  2  2  2  2  2  2  2  2  2
  3 Yomi AI                 63  22  0 19   1  1  1  1  1  1  1  1  1  1  1  1  1  1  1  2  2  1  2  1  1  2  1  1  2  2  2  2  2  2  2  2  2  2  2  2  2  2  2  2  2  2
  4 Simple Modeller         63  23  1 17   1  1  1  1  1  1  1  1  1  1  2  1  2  1  1  2  1  1  1  2  0  2  2  1  2  1  2  2  2  2  2  2  2  2  2  2  2  2  2  2  2  2
  5 RussRocker4             62  24  3 14   0  0  1  1  1  0  1  1  1  1  2  1  1  1  1  2  2  1  1  2  1  2  2  1  2  2  2  2  2  2  2  2  2  2  2  2  2  2  2  2  2  2
  6 MegaHAL                 61  22  2 17   0  0  1  1  2  1  1  1  1  1  2  1  1  1  1  2  2  1  1  2  1  1  2  1  2  1  2  2  2  1  2  2  2  2  2  2  2  2  2  2  2  2
  7 Bugbrain                61  20  0 21   1  1  1  1  1  1  1  1  1  1  1  1  1  1  1  1  2  1  2  2  1  2  2  1  1  1  2  2  2  1  2  2  2  2  2  2  2  2  2  2  2  2
  8 Biopic                  60  19  0 22   1  1  1  1  1  1  1  1  1  1  1  1  1  1  1  2  2  1  1  2  1  1  1  1  2  2  2  2  1  2  1  2  2  2  2  2  2  2  2  2  2  2
  9 Boom                    59  19  1 21   1  0  1  1  1  1  1  1  1  1  1  1  1  1  1  2  1  1  2  2  1  1  1  1  2  1  2  2  2  2  2  2  2  1  2  2  2  2  2  2  2  2
 10 ACT-R Lag2              58  19  2 20   0  1  1  1  1  1  1  1  1  1  1  1  2  1  1  2  2  1  1  2  1  2  1  1  2  0  2  2  1  1  1  2  2  2  2  2  2  2  2  2  2  2
 11 Simple Predictor        56  21  6 14   0  0  1  0  0  0  1  1  1  1  1  1  1  1  1  1  1  2  2  2  0  1  2  1  2  1  2  2  2  2  2  2  2  2  2  2  2  2  2  2  2  2
 12 Robertot                56  16  1 24   1  0  1  1  1  1  1  1  1  1  1  1  1  1  1  1  2  1  1  2  1  1  2  1  1  1  2  2  1  1  1  2  2  2  2  2  2  2  2  2  2  2
 13 Shofar                  55  17  3 21   1  1  1  0  1  1  1  1  1  0  1  1  1  1  0  1  2  1  2  2  1  1  1  1  2  1  2  1  1  2  1  2  2  2  2  2  2  2  2  2  2  2
 14 Majikthise              53  12  0 29   1  1  1  1  1  1  1  1  1  1  1  1  1  1  1  1  1  2  1  1  1  1  1  1  1  1  2  1  1  1  2  2  1  2  2  2  1  2  2  2  2  2
 15 Vroomfondel             52  11  0 30   1  1  1  1  1  1  1  1  1  1  1  1  2  1  1  1  1  1  1  1  1  1  1  1  1  1  2  1  1  1  1  2  1  2  2  2  1  2  2  2  2  2
 16 Granite                 49  18 10 13   0  0  0  0  0  0  1  0  0  0  1  1  1  1  1  1  1  1  1  1  0  2  1  1  2  2  2  2  1  2  2  2  2  2  2  2  2  2  2  2  2  2
 17 Marble                  49  19 11 11   0  0  0  1  0  0  0  0  1  0  1  0  0  1  1  1  1  2  1  1  0  1  2  1  2  2  2  2  1  2  2  2  2  2  2  2  2  2  2  2  2  2
 18 Sweet Rocky             49  14  6 21   0  0  1  1  1  1  1  1  1  1  0  1  1  0  1  1  0  1  1  1  1  1  1  1  0  1  2  2  1  1  2  2  2  2  2  2  2  2  2  2  2  2
 19 Piedra                  49  15  7 19   0  1  0  1  1  1  0  1  0  1  0  1  0  1  1  1  1  1  1  0  1  1  1  1  2  1  2  2  1  1  2  2  2  2  2  2  2  2  2  2  2  2
 20 ZQ Bot                  48  19 12 10   0  0  1  0  0  0  0  0  0  0  0  0  0  1  1  1  1  1  2  1  1  1  2  1  2  2  2  2  2  1  2  2  2  2  2  2  2  2  2  2  2  2
 21 * De Bruijn             45   6  2 33   0  1  1  2  1  1  1  1  1  1  2  1  1  1  1  2  2  1  1  1  1  2  1  1  1  1  1  1  1  1  1  1  1  1  1  1  1  1  2  1  0  1
 22 Mixed Strategy          45  13  9 19   0  0  0  0  0  1  0  1  1  0  1  1  1  1  1  0  1  1  1  1  0  1  1  1  1  1  1  2  1  2  1  2  2  2  2  2  2  2  2  2  2  2
 23 * Anti-rotn             44  13 10 18   0  0  1  0  0  0  0  1  1  1  0  0  1  1  1  1  0  1  1  0  1  1  1  1  2  1  2  1  1  1  1  2  2  2  2  2  2  2  2  2  2  2
 24 * Pi                    40   0  1 40   1  1  1  1  1  1  1  1  1  1  1  1  1  1  1  1  1  1  1  1  1  1  1  1  1  1  1  1  1  1  1  1  1  1  1  1  0  1  1  1  1  1
 25 Inocencio               40  15 16 10   0  0  0  0  0  0  1  0  0  0  0  1  0  1  1  0  0  2  0  0  1  1  0  1  1  2  2  2  1  1  1  2  2  2  2  2  2  2  2  2  2  2
 26 * Foxtrot               32   1 10 30   0  0  0  1  0  1  1  0  1  2  1  1  1  1  1  0  0  1  1  0  1  1  1  1  0  1  1  1  1  1  1  1  1  1  1  1  1  1  1  0  1  1
 27 Multi-strategy          31  12 22  7   0  0  0  0  0  0  0  0  0  0  0  0  0  0  0  0  0  0  0  0  1  1  0  1  0  1  1  2  1  2  1  1  2  2  2  2  2  2  2  2  2  2
 28 Peterbot                31  10 20 11   0  0  0  0  0  0  0  0  0  0  0  0  1  1  1  0  0  0  0  0  1  0  1  1  0  1  0  1  2  1  1  1  2  2  2  2  1  2  2  2  2  2
 29 * Add-drift             29   0 12 29   0  0  0  0  0  0  0  1  0  1  0  1  1  1  1  1  1  1  1  0  1  1  1  1  1  1  1  0  1  1  1  1  1  1  1  0  1  1  1  1  1  1
 30 * Copy-drift            28   0 13 28   0  0  0  0  0  1  1  0  0  1  0  1  0  1  1  0  0  1  1  1  1  0  1  1  1  1  0  1  1  1  1  1  1  1  1  1  1  1  1  1  1  1
 31 * Add-react             25   1 17 23   0  0  0  0  0  0  0  1  0  1  0  1  1  0  1  0  0  0  0  0  1  1  1  1  1  1  1  1  1  1  1  0  1  1  1  1  1  2  1  0  1  1
 32 Knucklehead             25   7 23 11   0  0  0  0  0  0  0  0  0  0  0  0  0  0  0  0  0  0  0  0  1  0  0  1  0  1  1  1  1  1  2  1  2  1  1  2  2  1  2  2  2  1
 33 Beat The Last Move      19   5 27  9   0  0  0  0  0  0  0  0  0  0  0  0  0  1  1  0  0  0  0  0  1  0  0  1  0  1  0  0  1  1  1  0  1  0  0  2  2  0  2  1  2  2
 34 * Flat                  18   3 26 12   0  0  0  0  0  0  0  0  1  0  0  0  0  0  0  0  0  0  0  0  1  0  0  1  0  1  0  0  1  1  1  1  2  1  1  1  1  1  2  2  0  0
 35 * Switch A Lot          18   2 25 14   0  0  0  0  0  0  0  0  0  0  0  0  0  0  0  0  0  0  0  0  1  0  0  1  0  1  0  0  1  1  1  1  2  1  1  1  1  1  2  1  1  1
 36 Good Ole Rock           17   4 28  9   0  0  0  0  0  0  0  0  0  0  0  0  0  0  0  0  0  0  0  0  1  0  0  1  0  1  0  0  2  1  1  0  0  1  1  1  2  1  0  1  2  2
 37 * Text                  17   2 26 13   0  0  0  0  0  0  0  0  0  0  0  0  0  1  1  0  0  0  0  0  1  0  0  2  0  1  0  1  1  1  1  0  0  1  1  0  1  1  0  1  2  1
 38 Always Switchin'        16   1 26 14   0  0  0  0  0  0  0  0  0  0  0  0  0  0  0  0  0  0  0  0  1  0  0  1  0  1  0  0  1  1  0  1  2  1  1  1  1  1  1  1  1  1
 39 Beat Frequent Pick      15   4 30  7   0  0  0  0  0  0  0  0  0  0  0  0  0  0  0  0  0  0  0  0  0  0  0  1  0  1  0  0  1  1  1  0  0  0  0  2  2  1  1  1  2  2
 40 Rotate R-P-S            15   2 28 11   0  0  0  0  0  0  0  0  0  0  0  0  0  0  0  0  0  0  0  0  1  0  0  1  0  2  0  0  1  1  2  0  1  0  1  1  1  1  1  1  0  1
 41 * Anti-Flat             14   3 30  8   0  0  0  0  0  0  0  0  0  0  0  0  0  0  0  0  0  0  0  0  2  0  0  1  0  1  0  0  1  1  1  0  0  2  1  0  0  1  0  2  1  1
 42 R-P-S 20-20-60          14   1 28 12   0  0  0  0  0  0  0  0  0  0  0  0  0  0  0  0  0  0  0  0  1  0  0  1  0  1  0  0  1  1  1  1  0  2  1  0  1  1  0  1  1  1


   Yomi AI is match ranked 3

 Tournament results:
    Player Name          total 
  1 Yomi AI               8310 
 19 Iocaine Powder       11005 
 20 Phasenbott           10220 
 21 MegaHAL               9428 
 23 Biopic                8333 
 24 Simple Modeller       8959 

   Yomi is tournament ranked 6

