 Playing 1 tournaments with 1000 trials per match...

 Yomi AI            vs Good Ole Rock       Match: 1000 (1000+   0-   0=)
 Yomi AI            vs R-P-S 20-20-60      Match:  291 (516+ 225- 259=)
 Yomi AI            vs Rotate R-P-S        Match:  989 (994+   5-   1=)
 Yomi AI            vs Beat The Last Move  Match:   37 (353+ 316- 331=)
 Yomi AI            vs Always Switchin'    Match:  225 (432+ 207- 361=)
 Yomi AI            vs Beat Frequent Pick  Match:  520 (700+ 180- 120=)
 Yomi AI            vs * Pi                Match:   -6 (346+ 352- 302=)
 Yomi AI            vs * Switch A Lot      Match:   90 (381+ 291- 328=)
 Yomi AI            vs * Flat              Match:  112 (420+ 308- 272=)
 Yomi AI            vs * Anti-Flat         Match:  992 (995+   3-   2=)
 Yomi AI            vs * Foxtrot           Match:  298 (540+ 242- 218=)
 Yomi AI            vs * De Bruijn         Match:  -11 (333+ 344- 323=)
 Yomi AI            vs * Text              Match:   86 (378+ 292- 330=)
 Yomi AI            vs * Anti-rotn         Match:   10 (340+ 330- 330=)
 Yomi AI            vs * Copy-drift        Match:   35 (342+ 307- 351=)
 Yomi AI            vs * Add-react         Match:   21 (346+ 325- 329=)
 Yomi AI            vs * Add-drift         Match:   11 (343+ 332- 325=)
 Yomi AI            vs Iocaine Powder      Match:   12 (336+ 324- 340=)
 Yomi AI            vs Phasenbott          Match:  -23 (322+ 345- 333=)
 Yomi AI            vs MegaHAL             Match:  -26 (335+ 361- 304=)
 Yomi AI            vs RussRocker4         Match:   -5 (329+ 334- 337=)
 Yomi AI            vs Biopic              Match:    9 (349+ 340- 311=)
 Yomi AI            vs Simple Modeller     Match:  -15 (330+ 345- 325=)
 Yomi AI            vs Simple Predictor    Match:  -25 (328+ 353- 319=)
 Yomi AI            vs Robertot            Match:    0 (354+ 354- 292=)
 Yomi AI            vs Boom                Match:   -5 (328+ 333- 339=)
 Yomi AI            vs Shofar              Match:   -5 (336+ 341- 323=)
 Yomi AI            vs ACT-R Lag2          Match:  -12 (329+ 341- 330=)
 Yomi AI            vs Majikthise          Match:  -33 (325+ 358- 317=)
 Yomi AI            vs Vroomfondel         Match:  -27 (319+ 346- 335=)
 Yomi AI            vs Granite             Match:   25 (375+ 350- 275=)
 Yomi AI            vs Marble              Match:  112 (434+ 322- 244=)
 Yomi AI            vs ZQ Bot              Match:   51 (380+ 329- 291=)
 Yomi AI            vs Sweet Rocky         Match:   36 (365+ 329- 306=)
 Yomi AI            vs Piedra              Match:   25 (366+ 341- 293=)
 Yomi AI            vs Mixed Strategy      Match:    6 (348+ 342- 310=)
 Yomi AI            vs Multi-strategy      Match:  159 (455+ 296- 249=)
 Yomi AI            vs Inocencio           Match:  124 (444+ 320- 236=)
 Yomi AI            vs Peterbot            Match:   20 (358+ 338- 304=)
 Yomi AI            vs Bugbrain            Match:   -1 (334+ 335- 331=)
 Yomi AI            vs Knucklehead         Match:  423 (627+ 204- 169=)
 Final results (draw value = 50):

 Tournament results: 

    Player Name          total     1    2    3    4    5    6    7    8    9   10   11   12   13   14   15   16   17   18   19   20   21   22   23   24   25   26   27   28   29   30   31   32   33   34   35   36   37   38   39   40   41   42
  1 Iocaine Powder       11848     0  150   77   98   35  148  546   56   41  193   82  -14  268   28    6   51   66  -12  275  142   35   64  345   -3  -49  800  161  336  275  193  120  572  337   70  909  199  366  905  997  988  992 1000
  2 Phasenbott            9690  -150    0    6   84   16  145  535   72   66  215   25   12  252   51   16    1   45   23  263   70   13  -24  227   18    6  189  115  321   77   75   61  389  299   57  925  170  140  930  985  992  994  984
  3 Simple Modeller       9517   -77   -6    0   23  -42  267   -9    1   57  121    1   13   76   19   38   16   49   15  292   87  -15  -13  167  -81  -20  800  268   -4  270   60  137  305  110  210  919  470  427  593  991  991  996  995
  4 MegaHAL               9343   -98  -84  -23    0    5   35   64    6   43  230    9  -23  269   11  -19   47   68   26  261   79  -28  -33  201   12   -2  182  214   49   -4   96  189  382  283  214  953  440  393  925  990  987  998  996
  5 Biopic                8984   -35  -16   42   -5    0   43  -15   51    8  123   88  -33  124   58  -36   53   41   -9  125   43  -21   20  274   -8  -11  159  -17  431  141  172  138  515   92  213  719  335  392  809  996  995  996  994
  6 Simple Predictor      8144  -148 -145 -267  -35  -43    0  -86  -23   28   40  -36   -7   55   73   21   57   52   25  155  130  -44  -49  179  -79  -21  789  268  -84  263  112  149  246  124  174  896  424  394  592  986  989  996  994
  7 RussRocker4           7609  -546 -535    9  -64   15   86    0    2   -3  122    9   -6  133   75   14   22   72    5  190  -11   -7  -39  317  -20   18  129  111  217   91  112   42  479  344  154  920  265  321  585  993  993  999  996
  8 Robertot              7446   -56  -72   -1   -6  -51   23   -2    0   35   63  -29  -41    7   -3    5   52   61    0  112   71   -4   44  288   23  -39   37   -2   49   57   17  171  445   83   71  452  474  408  744  980  994  995  991
  9 Boom                  7213   -41  -66  -57  -43   -8  -28    3  -35    0   72  -21   13   30   41  -20   -4   43    5   66   19  -42  -51  204   -6   11   58   47   25   10   93  130  404   98  289  359  483  410  753  991  987  997  994
 10 Granite               6938  -193 -215 -121 -230 -123  -40 -122  -63  -72    0 -170 -111   -2   30  -77   85   48  -25   30   25  -54    2  556  -55  -45  647   67   88   60  192  179  269   97  179  930  224  379  593  994  990 1000  992
 11 ACT-R Lag2            6814   -82  -25   -1   -9  -88   36   -9   29   21  170    0   40  147   37   20   18   26   12  159   53   20   11  359 -109    8  786    6  -33   65   71  107  496   86  144  103  293  270  577   12  994  998  996
 12 Shofar                6807    14  -12  -13   23   33    7    6   41  -13  111  -40    0   68   47  -43    4   33    5  108   30  -38   -6  119  -24  -35  636    7  -14   85   16  123  170  -16  194   53  455  347  558  867  935  984  982
 13 Marble                6727  -268 -252  -76 -269 -124  -55 -133   -7  -30    2 -147  -68    0   41  -80   73   40 -112   31   58  -40  -17  326  -29  -27  653   44   47   73  157  178  358   81  138  917  226  434  594  994  996 1000 1000
 14 Piedra                6562   -28  -51  -19  -11  -58  -73  -75    3  -41  -30  -37  -47  -41    0  -32   34   -6  -25  -49  -26  -55  -28  103   -6  -17  796   -6  -27  -21  130  180  165  355  163  304  197  381  593  992  987  996  992
 15 Bugbrain              6065    -6  -16  -38   19   36  -21  -14   -5   20   77  -20   43   80   32    0   31   39    1  175   17   -8   -5  142  -24  -32   69   90  -30   66   68   73  164  100   83  128  233  191  433  968  964  992  950
 16 Sweet Rocky           5949   -51   -1  -16  -47  -53  -57  -22  -52    4  -85  -18   -4  -73  -34  -31    0   56  -36  -35  -13  -31  -25   92   11   22  -41   80  -16   58  138  160  180  316   72  310  252  388  594  991  989  994  983
 17 * Anti-rotn           5595   -66  -45  -49  -68  -41  -52  -72  -61  -43  -48  -26  -33  -40    6  -39  -56    0  -10  -56  -44   10   39  247  -46  -38  669    7   -7   16  215   58   37   31  335   58  503  218  596  497  996  998  999
 18 Yomi AI               5525    12  -23  -15  -26    9  -25   -5    0   -5   25  -12   -5  112   25   -1   36   10    0   51    6  -33  -27  159  -11   -6  124   11  298   35  112   86  423   21   90   20  225  291  520   37  989 1000  992
 19 ZQ Bot                5349  -275 -263 -292 -261 -125 -155 -190 -112  -66  -30 -159 -108  -31   49 -175   35   56  -51    0   32  -44   19  204  -11   -6    4   39   61   -6  164  150  275  350  236  953  166  347  593  995  989 1000  992
 20 Mixed Strategy        4756  -142  -70  -87  -79  -43 -130   11  -71  -19  -25  -53  -30  -58   26  -17   13   44   -6  -32    0  -21  -12   34  -77  -15    3    0    8   35   26  144  226   27   72  250   75  339  548  969  947  982  964
 21 Majikthise            4723   -35  -13   15   28   21   44    7    4   42   54  -20   38   40   55    8   31  -10   33   44   21    0  -29  148  -12   45  103  -11   24  -45   42  -14  206    0  114   24  242  149  422  -66  996  991  987
 22 Vroomfondel           4637   -64   24   13   33  -20   49   39  -44   51   -2  -11    6   17   28    5   25  -39   27  -19   12   29    0   93  -15   36   25   12   13   40   93   47  182  -24  125   53  219  150  445   11  991  991  991
 23 Multi-strategy        1835  -345 -227 -167 -201 -274 -179 -317 -288 -204 -556 -359 -119 -326 -103 -142  -92 -247 -159 -204  -34 -148  -93    0  -50  -20  -62  -34    5  224  168  123   55   62  269    1  473  415  999  997  997  999  998
 24 * De Bruijn            778     3  -18   81  -12    8   79   20  -23    6   55  109   24   29    6   24  -11   46   11   11   77   12   15   50    0   -1   14    7  -10   30   21   23  -17   20   20   -2   32    6  128   -1   21    0 -115
 25 * Pi                   150    49   -6   20    2   11   21  -18   39  -11   45   -8   35   27   17   32  -22   38    6    6   15  -45  -36   20    1    0   21   34  -41  -22   -9  -81  -18  -45  -21   25   66  -17   30   22  -11  -11  -10
 26 Inocencio            -1580  -800 -189 -800 -182 -159 -789 -129  -37  -58 -647 -786 -636 -653 -796  -69   41 -669 -124   -4   -3 -103  -25   62  -14  -21    0   27  272  121  121  155  177   77   79  110  208  411  364  943  984  980  981
 27 * Add-drift          -1595  -161 -115 -268 -214   17 -268 -111    2  -47  -67   -6   -7  -44    6  -90  -80   -7  -11  -39    0   11  -12   34   -7  -34  -27    0  -13   30  -75  -46  -54    8   -4   24    2    2   -7   -1   20   48   16
 28 * Foxtrot            -1823  -336 -321    4  -49 -431   84 -217  -49  -25  -88   33   14  -47   27   30   16    7 -298  -61   -8  -24  -13   -5   10   41 -272   13    0   24   26   -8   39  -12   -6  -43   43   21   -2   19   28   12    1
 29 * Copy-drift         -2059  -275  -77 -270    4 -141 -263  -91  -57  -10  -60  -65  -85  -73   21  -66  -58  -16  -35    6  -35   45  -40 -224  -30   22 -121  -30  -24    0   29   19  -50   -8  -26    7   -3    0  -17    1   23  -14   28
 30 * Flat               -2830  -193  -75  -60  -96 -172 -112 -112  -17  -93 -192  -71  -16 -157 -130  -68 -138 -215 -112 -164  -26  -42  -93 -168  -21    9 -121   75  -26  -29    0  -28    2    1   -4 -205  -24  -19  252  213   24   -1 -406
 31 * Text               -3122  -120  -61 -137 -189 -138 -149  -42 -171 -130 -179 -107 -123 -178 -180  -73 -160  -58  -86 -150 -144   14  -47 -123  -23   81 -155   46    8  -19   28    0   -6   49  -32   22  -38  -10 -185  -74  -11 -185  113
 32 Knucklehead          -3249  -572 -389 -305 -382 -515 -246 -479 -445 -404 -269 -496 -170 -358 -165 -164 -180  -37 -423 -275 -226 -206 -182  -55   17   18 -177   54  -39   50   -2    6    0   62   15    0   26   82  143  969  478  994  998
 33 * Add-react          -3262  -337 -299 -110 -283  -92 -124 -344  -83  -98  -97  -86   16  -81 -355 -100 -316  -31  -21 -350  -27    0   24  -62  -20   45  -77   -8   12    8   -1  -49  -62    0   -8  -42   13   51   13   34    0    2   83
 34 * Switch A Lot       -3487   -70  -57 -210 -214 -213 -174 -154  -71 -289 -179 -144 -194 -138 -163  -83  -72 -335  -90 -236  -72 -114 -125 -269  -20   21  -79    4    6   26    4   32  -15    8    0 -120  -22   35   11  282   12   -5   -1
 35 Peterbot             -5873  -909 -925 -919 -953 -719 -896 -920 -452 -359 -930 -103  -53 -917 -304 -128 -310  -58  -20 -953 -250  -24  -53   -1    2  -25 -110  -24   43   -7  205  -22    0   42  120    0  251  400  438  981  997  999  993
 36 Always Switchin'     -7042  -199 -170 -470 -440 -335 -424 -265 -474 -483 -224 -293 -455 -226 -197 -233 -252 -503 -225 -166  -75 -242 -219 -473  -32  -66 -208   -2  -43    3   24   38  -26  -13   22 -251    0   47    8  493   -1    8    0
 37 R-P-S 20-20-60       -9432  -366 -140 -427 -393 -392 -394 -321 -408 -410 -379 -270 -347 -434 -381 -191 -388 -218 -291 -347 -339 -149 -150 -415   -6   17 -411   -2  -21    0   19   10  -82  -51  -35 -400  -47    0 -402 -143  -19 -405   96
 38 Beat Frequent Pick  -14279  -905 -930 -593 -925 -809 -592 -585 -744 -753 -593 -577 -558 -594 -593 -433 -594 -596 -520 -593 -548 -422 -445 -999 -128  -30 -364    7    2   17 -252  185 -143  -13  -11 -438   -8  402    0 -600    0  999  997
 39 Beat The Last Move  -19307  -997 -985 -991 -990 -996 -986 -993 -980 -991 -994  -12 -867 -994 -992 -968 -991 -497  -37 -995 -969   66  -11 -997    1  -22 -943    1  -19   -1 -213   74 -969  -34 -282 -981 -493  143  600    0    1 1000  997
 40 Rotate R-P-S        -25906  -988 -992 -991 -987 -995 -989 -993 -994 -987 -990 -994 -935 -996 -987 -964 -989 -996 -989 -989 -947 -996 -991 -997  -21   11 -984  -20  -28  -23  -24   11 -478    0  -12 -997    1   19    0   -1    0    0 -684
 41 Good Ole Rock       -26309  -992 -994 -996 -998 -996 -996 -999 -995 -997 -1000 -998 -984 -1000 -996 -992 -994 -998 -1000 -1000 -982 -991 -991 -999    0   11 -980  -48  -12   14    1  185 -994   -2    5 -999   -8  405 -999 -1000    0    0 1000
 42 * Anti-Flat         -27849  -1000 -984 -995 -996 -994 -994 -996 -991 -994 -992 -996 -982 -1000 -992 -950 -983 -999 -992 -992 -964 -987 -991 -998  115   10 -981  -16   -1  -28  406 -113 -998  -83    1 -993    0  -96 -997 -997  684 -1000    0

 Match results (draw <= 50): 

    Player Name           total  W  L  D   1  2  3  4  5  6  7  8  9 10 11 12 13 14 15 16 17 18 19 20 21 22 23 24 25 26 27 28 29 30 31 32 33 34 35 36 37 38 39 40 41 42
  1 Iocaine Powder          73  32  0  9   1  2  1  2  2  2  1  2  1  2  2  1  1  1  2  2  1  2  2  2  1  2  2  1  2  2  2  2  2  2  2  2  2  2  2  2  2  2  2  2  2  2
  2 Phasenbott              68  28  1 12   0  1  1  1  2  2  1  2  1  2  1  1  2  1  1  1  2  2  1  2  1  2  2  1  2  2  2  2  2  2  2  2  2  2  2  2  2  2  2  2  2  2
  3 Biopic                  65  24  0 17   1  1  1  1  1  1  1  1  1  2  2  1  1  1  1  2  2  2  1  2  1  2  1  1  2  2  2  1  2  2  2  2  2  2  2  2  2  2  2  2  2  2
  4 Simple Modeller         62  23  2 16   0  1  1  1  1  1  1  2  1  1  1  1  2  1  1  1  1  2  1  2  0  2  2  1  2  1  2  2  2  2  2  2  2  2  2  2  2  2  2  2  2  2
  5 MegaHAL                 61  22  2 17   0  0  1  1  1  2  1  1  1  1  1  1  1  1  1  1  1  2  2  2  1  2  2  1  2  1  2  2  2  1  2  2  2  2  2  2  2  2  2  2  2  2
  6 RussRocker4             61  23  3 15   0  0  1  1  0  1  1  2  1  1  1  1  1  1  1  1  2  2  2  2  1  2  1  1  2  2  2  2  2  2  2  2  2  2  1  2  2  2  2  2  2  2
  7 Bugbrain                61  20  0 21   1  1  1  1  1  1  1  1  1  1  1  1  1  1  1  1  1  2  1  2  1  2  1  1  2  1  2  2  2  2  2  2  2  2  2  2  2  2  2  2  2  2
  8 Simple Predictor        58  23  6 12   0  0  1  0  1  0  1  1  1  1  1  1  1  1  1  2  2  2  2  1  0  2  2  1  2  0  2  2  2  2  2  2  2  2  2  2  2  2  2  2  2  2
  9 Shofar                  58  17  0 24   1  1  1  1  1  1  1  1  1  1  1  1  1  1  1  1  1  2  1  2  1  2  1  1  2  1  2  1  2  2  2  1  2  1  2  2  2  2  2  2  2  2
 10 Robertot                57  19  3 19   0  0  0  1  1  1  1  1  1  1  1  1  1  1  1  2  1  1  2  2  1  2  2  1  1  1  2  1  2  2  2  2  2  1  2  2  2  2  2  2  2  2
 11 ACT-R Lag2              57  19  3 19   0  1  0  1  1  1  1  1  1  1  1  1  1  1  1  1  1  2  1  2  0  2  2  1  2  1  2  1  2  2  2  2  1  2  2  2  2  2  2  2  2  2
 12 Yomi AI                 56  15  0 26   1  1  1  1  1  1  1  1  1  1  1  1  1  1  1  1  1  2  1  1  1  2  1  1  2  2  2  1  1  1  2  1  1  2  2  2  2  2  2  2  2  2
 13 Boom                    55  17  3 21   1  0  1  0  1  1  1  1  1  1  1  1  1  1  0  1  1  1  1  2  1  2  1  1  2  1  2  1  2  1  2  2  2  2  2  2  2  2  2  2  2  2
 14 Majikthise              52  12  1 28   1  1  1  1  1  1  1  1  1  1  1  1  1  1  1  1  2  1  1  2  1  1  1  1  2  1  2  1  1  1  2  1  0  1  1  2  2  2  2  2  2  2
 15 Vroomfondel             52  12  1 28   0  1  1  1  1  1  1  1  1  1  1  1  2  1  1  1  1  1  1  1  1  1  1  1  1  1  2  1  2  1  2  1  1  2  1  2  2  2  2  2  2  2
 16 Sweet Rocky             52  17  6 18   0  1  0  1  1  1  1  0  1  0  1  1  1  1  1  1  1  0  2  0  1  1  1  1  1  1  2  2  2  2  2  2  2  2  2  2  2  2  2  2  2  2
 17 Piedra                  51  15  5 21   1  0  0  1  1  0  1  0  1  1  1  1  1  0  1  1  1  1  1  1  1  1  1  1  2  1  2  1  2  1  2  2  2  2  2  2  2  2  2  2  2  2
 18 Marble                  48  18 11 12   0  0  0  0  0  0  0  0  0  1  0  0  1  1  1  2  1  1  1  1  1  1  2  1  2  1  2  1  2  2  2  2  2  2  2  2  2  2  2  2  2  2
 19 * Anti-rotn             47  13  7 21   0  1  1  1  0  0  1  0  1  0  1  1  1  1  1  0  1  1  1  1  1  0  1  1  2  1  2  1  2  1  1  1  2  2  2  2  2  2  2  2  2  2
 20 Granite                 47  19 13  9   0  0  0  0  0  0  0  1  0  0  0  1  0  0  1  2  1  1  1  1  0  1  1  1  2  2  2  2  2  2  2  2  2  2  2  2  2  2  2  2  2  2
 21 * De Bruijn             46   6  1 34   1  1  1  2  1  1  1  2  1  1  2  1  1  1  1  1  1  1  1  2  1  1  2  1  1  1  1  1  1  1  1  1  1  1  1  1  1  2  1  1  1  0
 22 ZQ Bot                  44  16 13 12   0  0  0  0  0  0  0  0  0  0  0  0  0  1  1  1  1  1  2  1  1  1  1  1  1  2  2  1  2  1  2  2  2  2  2  2  2  2  2  2  2  2
 23 Mixed Strategy          43  11  9 21   0  0  1  0  0  1  1  0  1  0  0  1  1  1  1  1  1  0  1  1  0  1  1  1  1  1  1  1  2  1  2  1  2  1  2  2  2  2  2  2  2  2
 24 * Pi                    41   1  1 39   1  1  1  1  1  1  1  1  1  1  1  1  1  1  1  1  1  1  1  1  1  1  1  1  1  1  1  1  1  1  1  1  1  1  0  1  1  1  2  1  1  1
 25 Inocencio               40  16 17  8   0  0  0  0  0  0  0  0  0  1  0  0  0  0  1  1  0  0  0  0  1  1  1  1  1  2  2  1  2  2  2  2  2  2  2  2  2  2  2  2  2  2
 26 * Foxtrot               34   1  8 32   0  0  0  1  1  0  1  2  1  1  1  0  1  1  1  1  1  1  1  0  1  0  1  1  0  1  1  1  1  1  1  1  1  1  1  1  1  1  1  1  1  1
 27 Multi-strategy          32  13 22  6   0  0  0  0  0  0  0  0  0  0  0  0  0  0  0  0  0  0  0  0  1  0  1  1  0  1  1  1  1  2  2  2  2  2  2  2  2  2  2  2  2  2
 28 * Add-drift             30   0 11 30   0  0  1  0  0  0  0  0  1  1  1  1  1  1  1  0  1  1  1  0  1  1  1  1  1  1  1  1  1  1  0  1  1  0  1  1  1  1  1  1  1  1
 29 Peterbot                29   9 21 11   0  0  0  0  0  0  0  0  0  0  0  1  0  1  0  0  0  0  0  0  1  0  0  1  0  1  1  1  1  1  1  1  2  2  1  2  2  2  2  2  2  2
 30 * Copy-drift            26   0 15 26   0  0  0  0  1  0  0  0  0  0  0  1  1  1  1  0  1  0  1  0  1  1  1  1  0  1  0  1  1  1  1  1  1  1  1  1  1  1  1  1  1  1
 31 Knucklehead             26   8 23 10   0  0  0  0  0  0  0  0  0  0  0  0  0  0  0  0  0  0  1  0  1  0  0  1  0  1  0  2  1  1  1  2  2  1  1  1  2  2  1  2  2  2
 32 * Add-react             24   2 19 20   0  0  0  0  0  0  0  0  1  0  0  1  0  1  1  0  0  0  1  0  1  0  1  1  0  1  0  1  1  1  0  1  1  1  1  1  1  1  1  1  2  2
 33 Beat The Last Move      22   6 25 10   0  0  0  0  0  0  0  0  0  0  1  1  0  2  1  0  0  0  0  0  1  0  0  1  0  1  0  1  0  1  0  1  1  0  2  0  2  2  0  1  2  2
 34 * Flat                  22   3 22 16   0  0  0  0  0  0  0  0  1  1  0  0  0  1  0  0  0  0  0  0  1  0  1  1  0  1  0  2  0  1  1  1  2  1  1  1  1  2  1  1  1  0
 35 * Text                  19   2 24 15   0  0  0  0  0  1  0  0  0  0  0  0  0  1  1  0  0  0  0  0  1  0  0  2  0  1  0  1  1  1  1  1  0  1  1  1  0  0  1  1  1  2
 36 * Switch A Lot          17   1 25 15   0  0  0  0  0  0  0  0  0  0  0  0  0  0  0  0  0  0  0  0  1  0  0  1  0  1  0  1  0  1  1  1  2  1  1  1  1  1  1  1  1  1
 37 Good Ole Rock           16   3 28 10   0  0  0  0  0  0  0  0  0  0  0  0  0  0  0  0  0  0  0  0  1  0  0  1  0  1  0  1  0  1  0  1  0  1  2  1  1  0  1  1  2  2
 38 Beat Frequent Pick      16   4 29  8   0  0  0  0  0  0  0  0  0  0  0  0  0  0  0  0  0  0  0  0  0  0  0  1  0  1  0  1  0  1  0  1  0  0  2  1  2  1  1  1  2  2
 39 Always Switchin'        16   1 26 14   0  0  0  0  0  0  0  0  0  0  0  0  0  0  0  0  0  0  0  0  1  0  0  0  0  1  0  1  0  1  1  1  2  1  1  1  1  1  1  1  1  1
 40 Rotate R-P-S            14   0 27 14   0  0  0  0  0  0  0  0  0  0  0  0  0  0  0  0  0  0  0  0  1  0  0  1  0  1  0  1  0  1  0  1  1  1  1  1  1  1  1  1  1  0
 41 R-P-S 20-20-60          12   1 30 10   0  0  0  0  0  0  0  0  0  0  0  0  0  0  0  0  0  0  0  0  1  0  0  1  0  1  0  1  0  1  0  0  0  1  1  1  0  0  1  1  1  2
 42 * Anti-Flat             12   3 32  6   0  0  0  0  0  0  0  0  0  0  0  0  0  0  0  0  0  0  0  0  2  0  0  1  0  1  0  1  0  1  0  0  0  2  0  1  0  0  1  2  0  1


   Yomi AI is match ranked 12

 Tournament results:
    Player Name          total 
  1 Yomi AI               5525 
 15 * Anti-rotn           5595 
 19 Iocaine Powder       11848 
 20 Phasenbott            9690 
 21 MegaHAL               9343 
 22 RussRocker4           7609 
 23 Biopic                8984 
 24 Simple Modeller       9517 
 25 Simple Predictor      8144 
 26 Robertot              7446 
 27 Boom                  7213 
 28 Shofar                6807 
 29 ACT-R Lag2            6814 
 32 Granite               6938 
 33 Marble                6727 
 35 Sweet Rocky           5949 
 36 Piedra                6562 
 41 Bugbrain              6065 

   Yomi is tournament ranked 18

