 Playing 1 tournaments with 1000 trials per match...

 Yomi AI            vs Good Ole Rock       Match: 1000 (1000+   0-   0=)
 Yomi AI            vs R-P-S 20-20-60      Match:  285 (518+ 233- 249=)
 Yomi AI            vs Rotate R-P-S        Match:  885 (906+  21-  73=)
 Yomi AI            vs Beat The Last Move  Match:   46 (363+ 317- 320=)
 Yomi AI            vs Always Switchin'    Match:  202 (417+ 215- 368=)
 Yomi AI            vs Beat Frequent Pick  Match:  473 (656+ 183- 161=)
 Yomi AI            vs * Pi                Match:    1 (338+ 337- 325=)
 Yomi AI            vs * Switch A Lot      Match:  103 (392+ 289- 319=)
 Yomi AI            vs * Flat              Match:  151 (435+ 284- 281=)
 Yomi AI            vs * Anti-Flat         Match:  999 (999+   0-   1=)
 Yomi AI            vs * Foxtrot           Match:  268 (492+ 224- 284=)
 Yomi AI            vs * De Bruijn         Match:  -29 (328+ 357- 315=)
 Yomi AI            vs * Text              Match:   45 (360+ 315- 325=)
 Yomi AI            vs * Anti-rotn         Match:   18 (358+ 340- 302=)
 Yomi AI            vs * Copy-drift        Match:   33 (360+ 327- 313=)
 Yomi AI            vs * Add-react         Match:   12 (355+ 343- 302=)
 Yomi AI            vs * Add-drift         Match:   -9 (328+ 337- 335=)
 Yomi AI            vs Iocaine Powder      Match:  -48 (321+ 369- 310=)
 Yomi AI            vs Phasenbott          Match:   -7 (338+ 345- 317=)
 Yomi AI            vs MegaHAL             Match:   -4 (344+ 348- 308=)
 Yomi AI            vs RussRocker4         Match:   -7 (334+ 341- 325=)
 Yomi AI            vs Biopic              Match:   19 (374+ 355- 271=)
 Yomi AI            vs Simple Modeller     Match:   20 (342+ 322- 336=)
 Yomi AI            vs Simple Predictor    Match:   -3 (343+ 346- 311=)
 Yomi AI            vs Robertot            Match:   24 (365+ 341- 294=)
 Yomi AI            vs Boom                Match:    9 (345+ 336- 319=)
 Yomi AI            vs Shofar              Match:  -12 (324+ 336- 340=)
 Yomi AI            vs ACT-R Lag2          Match:  -17 (322+ 339- 339=)
 Yomi AI            vs Majikthise          Match:   30 (341+ 311- 348=)
 Yomi AI            vs Vroomfondel         Match:    8 (335+ 327- 338=)
 Yomi AI            vs Granite             Match:   47 (378+ 331- 291=)
 Yomi AI            vs Marble              Match:   44 (383+ 339- 278=)
 Yomi AI            vs ZQ Bot              Match:   63 (393+ 330- 277=)
 Yomi AI            vs Sweet Rocky         Match:   47 (358+ 311- 331=)
 Yomi AI            vs Piedra              Match:   46 (367+ 321- 312=)
 Yomi AI            vs Mixed Strategy      Match:  104 (417+ 313- 270=)
 Yomi AI            vs Multi-strategy      Match:  165 (454+ 289- 257=)
 Yomi AI            vs Inocencio           Match:   90 (406+ 316- 278=)
 Yomi AI            vs Peterbot            Match:   12 (331+ 319- 350=)
 Yomi AI            vs Bugbrain            Match:  -17 (333+ 350- 317=)
 Yomi AI            vs Knucklehead         Match:  399 (595+ 196- 209=)
 Final results (draw value = 50):

 Tournament results: 

    Player Name          total     1    2    3    4    5    6    7    8    9   10   11   12   13   14   15   16   17   18   19   20   21   22   23   24   25   26   27   28   29   30   31   32   33   34   35   36   37   38   39   40   41   42
  1 Iocaine Powder       10979     0   70   37   71   29  208  491   29    4  258  206   13   69  312   10    4   16   48  114    0   37   59  163  331   18   -5  143  319  199  182   36  122  290  559  905  344  396  923  984  993  993  999
  2 Phasenbott            9587   -70    0  108   10   17  136  526   43   21  215  177   -1   19  265   34   28   62    7   48    6    6   55  179  191   37  -23   81  377   33   11   70   68  320  392  861  201  166  959  981  990  996  985
  3 MegaHAL               9237   -37 -108    0   33  -44   21   79   33   38  242  242   -5  -27  249   -3   17   14    4   55   28   -2   69  198  150  -42  -31  178  118   40  126  179  142  268  339  878  418  454  952  991  985 1000  996
  4 Biopic                8463   -71  -10  -33    0    6   14   30   22   45  135   93   -7   28   84  -37   15   14  -19   25    0   26   37  281  149  -24  -12   47  410   93  117  139  152   90  508  712  347  375  710  994  992  996  990
  5 Simple Modeller       8378   -29  -17   44   -6    0  212   -1  -37   38  136  106  -52   -8  300   44   69   44  -20   41  -29   22   47  179  451  -30  -18  232  -19  244   73  208  153  104  224  304  411  387  590  995  992  999  995
  6 Simple Predictor      8332  -208 -136  -21  -14 -212    0 -108  -41   26    2   49  -28  -38  178    0   65   56    3   59   -1  -14   44  191  796  -62  -21  320   18  234   65  189  149  137  304  913  445  444  592  984  986  993  994
  7 RussRocker4           7802  -491 -526  -79  -30    1  108    0   29   12  123  148  -15   38  151   15    9    6    7  120  -34  -23   41  265  121  -51  -91  163  220  127   62  112  112  365  431  919  242  322  891  994  991 1000  997
  8 Robertot              7521   -29  -43  -33  -22   37   41  -29    0   28   54   49  -26   43   97    8   11   42  -24  100  -46  -46   72  273   36   18  -12   27   16   -2   96   92  182   48  322  429  471  399  895  968  994  995  990
  9 Boom                  7114    -4  -21  -38  -45  -38  -26  -12  -28    0  -23   29  -50  -44   58  -30   38   51   -9   80  -59  -30   55  123   39   37  -11   68  -34   31   80  234  135  106  492  374  481  374  753  991  990  997 1000
 10 Granite               6988  -258 -215 -242 -135 -136   -2 -123  -54   23    0   11  -27 -148   -3  -90   49   48  -47    4   33   13   54  251  646  -26  -30   63   91  112  196  192  181   96  350  925  256  360  593  989  993  999  996
 11 Marble                6678  -206 -177 -242  -93 -106  -49 -148  -49  -29  -11    0  -44 -104  -35 -118   18   14  -44   35  -88  -52   32  357  652  -82    7   27   33   86  205  123  178  124  307  924  262  404  592  987  992 1000  996
 12 Shofar                6624   -13    1    5    7   52   28   15   26   50   27   44    0   -3   84   14   31   15   12   52  -31  -29   63  104   73  -31  -35    4   15   66   72  209  137   -6  226  200  442  357  552  907  933  968  981
 13 ACT-R Lag2            6467   -69  -19   27  -28    8   38  -38  -43   44  148  104    3    0   21  -10   36   45   17   22   17   25    3  213  787  -57   13   23  -19   53   98   86   82   50  540   34  320  289  569   58  994  998  985
 14 ZQ Bot                6389  -312 -265 -249  -84 -300 -178 -151  -97  -58    3   35  -84  -21    0 -151   81   62  -63   19  -79   -7   59  237  784   -4   -2   55   34   67  162   86  169  319  253  863  227  415  589  993  989  996  997
 15 Bugbrain              6015   -10  -34    3   37  -44    0  -15   -8   30   90  118  -14   10  151    0   21   48   17   34  -36    6   51  136   65   -4  -14  159   -4   31   39   54   26  110  163  261  202  152  352  900  942  990 1000
 16 Sweet Rocky           5898    -4  -28  -17  -15  -69  -65   -9  -11  -38  -49  -18  -31  -36  -81  -21    0   34  -47   21  -59  -27   55  134  -21    2  -25   14   -2   62   91  161  167  293   84  256  300  328  590  994  991  998  996
 17 Piedra                5678   -16  -62  -14  -14  -44  -56   -6  -42  -51  -48  -14  -15  -45  -62  -48  -34    0  -46   14  -78  -34   51   55  -38  -25  -31   75   18   47  133  103  160  177  146  309  237  407  591  990  994  994 1000
 18 Yomi AI               5495   -48   -7   -4   19   20   -3   -7   24    9   47   44  -12  -17   63  -17   47   46    0  104   30    8   18  165   90  -29    1   -9  268   33  151  103   45   12  399   12  202  285  473   46  885 1000  999
 19 Mixed Strategy        5318  -114  -48  -55  -25  -41  -59 -120 -100  -80   -4  -35  -52  -22  -19  -34  -21  -14 -104    0  -27    8   19  374  -64  -39  -33   29   -5   80  -33   43  170   58  239  252  399  374  480  961  988  996  996
 20 Majikthise            5163     0   -6  -28    0   29    1   34   46   59  -33   88   31  -17   79   36   59   78  -30   27    0    9   60  234   78    5  -32  -20  -28    6  110  133   32   37  201   69  299  147  444  -41  990  991  986
 21 Vroomfondel           4803   -37   -6    2  -26  -22   14   23   46   30  -13   52   29  -25    7   -6   27   34   -8   -8   -9    0  -14  227   82  -30   18   36   11   42   65  132   41   -9  205   33  274  153  454    0  993  991  995
 22 * Anti-rotn           4550   -59  -55  -69  -37  -47  -44  -41  -72  -55  -54  -32  -63   -3  -59  -51  -55  -51  -18  -19  -60   14    0  253  -46  -66  -43  -10  -25   87  201  293   50   31   88   35  480  167  499  491  998  998  999
 23 Multi-strategy        2538  -163 -179 -198 -281 -179 -191 -265 -273 -123 -251 -357 -104 -213 -237 -136 -134  -55 -165 -374 -234 -227 -253    0  -90  -50  -20   -7  -16  259  186  303  123   45   60  500  446  402  999  997  997  999  997
 24 Inocencio              798  -331 -191 -150 -149 -451 -796 -121  -36  -39 -646 -652  -73 -787 -784  -65   21   38  -90   64  -78  -82   46   90    0  -25  -21  -32  308  107  117   95  139   87  188  145  269  408  359  974  983  986  973
 25 * De Bruijn            633   -18  -37   42   24   30   62   51  -18  -37   26   82   31   57    4    4   -2   25   29   39   -5   30   66   50   25    0   -1   37   12  -22  -13   23   23  -24   -4   -8   23  -16  128   -1   21    0 -105
 26 * Pi                   519     5   23   31   12   18   21   91   12   11   30   -7   35  -13    2   14   25   31   -1   33   32  -18   43   20   21    1    0  -16   10   27   18  -12  -81   27   12   37   37  -32   30   22  -11  -11  -10
 27 * Add-drift          -1751  -143  -81 -178  -47 -232 -320 -163  -27  -68  -63  -27   -4  -23  -55 -159  -14  -75    9  -29   20  -36   10    7   32  -37   16    0   -7   52  -16   -3  -15  -21   64  -38   -1   11    6  -36  -49  -12    1
 28 * Foxtrot            -2308  -319 -377 -118 -410   19  -18 -220  -16   34  -91  -33  -15   19  -34    4    2  -18 -268    5   28  -11   25   16 -308  -12  -10    7    0    5   -9  -26  -31  -20  -39  -35   13  -10  -20  -14    1   -3   -1
 29 * Copy-drift         -2311  -199  -33  -40  -93 -244 -234 -127    2  -31 -112  -86  -66  -53  -67  -31  -62  -47  -33  -80   -6  -42  -87 -259 -107   22  -27  -52   -5    0   30  -36   -1   68  -13  -94  -48   24   -5  -25  -13  -17   18
 30 * Flat               -2945  -182  -11 -126 -117  -73  -65  -62  -96  -80 -196 -205  -72  -98 -162  -39  -91 -133 -151   33 -110  -65 -201 -186 -117   13  -18   16    9  -30    0  -56  -27  -36  -33 -194  -43   13  235  215    3   -1 -406
 31 * Switch A Lot       -3060   -36  -70 -179 -139 -208 -189 -112  -92 -234 -192 -123 -209  -86  -86  -54 -161 -103 -103  -43 -133 -132 -293 -303  -95  -23   12    3   26   36   56    0   -8  -11   10 -112   -9    2   42  289  -13   17   -2
 32 * Text               -3119  -122  -68 -142 -152 -153 -149 -112 -182 -135 -181 -178 -137  -82 -169  -26 -167 -160  -45 -170  -32  -41  -50 -123 -139  -23   81   15   31    1   27    8    0    1   32   30  -47  -16 -185  -74  -11 -185  111
 33 * Add-react          -3168  -290 -320 -268  -90 -104 -137 -365  -48 -106  -96 -124    6  -50 -319 -110 -293 -177  -12  -58  -37    9  -31  -45  -87   24  -27   21   20  -68   36   11   -1    0  -86    6   28   76    5   -9  -89  -12   49
 34 Knucklehead          -3533  -559 -392 -339 -508 -224 -304 -431 -322 -492 -350 -307 -226 -540 -253 -163  -84 -146 -399 -239 -201 -205  -88  -60 -188    4  -12  -64   39   13   33  -10  -32   86    0  -48    8   63   77  956  440  964  970
 35 Peterbot             -5579  -905 -861 -878 -712 -304 -913 -919 -429 -374 -925 -924 -200  -34 -863 -261 -256 -309  -12 -252  -69  -33  -35 -500 -145    8  -37   38   35   94  194  112  -30   -6   48    0  270  404  440  981  997 1000  986
 36 Always Switchin'     -7699  -344 -201 -418 -347 -411 -445 -242 -471 -481 -256 -262 -442 -320 -227 -202 -300 -237 -202 -399 -299 -274 -480 -446 -269  -23  -37    1  -13   48   43    9   47  -28   -8 -270    0   -8  -12  519   38   22  -52
 37 R-P-S 20-20-60       -9335  -396 -166 -454 -375 -387 -444 -322 -399 -374 -360 -404 -357 -289 -415 -152 -328 -407 -285 -374 -147 -153 -167 -402 -408   16   32  -11   10  -24  -13   -2   16  -76  -63 -404    8    0 -400 -196    9 -404  132
 38 Beat Frequent Pick  -14343  -923 -959 -952 -710 -590 -592 -891 -895 -753 -593 -592 -552 -569 -589 -352 -590 -591 -473 -480 -444 -454 -499 -999 -359 -128  -30   -6   20    5 -235  -42  185   -5  -77 -440   12  400    0 -600    0  999 1000
 39 Beat The Last Move  -19158  -984 -981 -991 -994 -995 -984 -994 -968 -991 -989 -987 -907  -58 -993 -900 -994 -990  -46 -961   41    0 -491 -997 -974    1  -22   36   14   25 -215 -289   74    9 -956 -981 -519  196  600    0    1 1000  996
 40 Rotate R-P-S        -25578  -993 -990 -985 -992 -992 -986 -991 -994 -990 -993 -992 -933 -994 -989 -942 -991 -994 -885 -988 -990 -993 -998 -997 -983  -21   11   49   -1   13   -3   13   11   89 -440 -997  -38   -9    0   -1    0    0 -679
 41 Good Ole Rock       -26230  -993 -996 -1000 -996 -999 -993 -1000 -995 -997 -999 -1000 -968 -998 -996 -990 -998 -994 -1000 -996 -991 -991 -998 -999 -986    0   11   12    3   17    1  -17  185   12 -964 -1000  -22  404 -999 -1000    0    0 1000
 42 * Anti-Flat         -27850  -999 -985 -996 -990 -995 -994 -997 -990 -1000 -996 -996 -981 -985 -997 -1000 -996 -1000 -999 -996 -986 -995 -999 -997 -973  105   10   -1    1  -18  406    2 -111  -49 -970 -986   52 -132 -1000 -996  679 -1000    0

 Match results (draw <= 50): 

    Player Name           total  W  L  D   1  2  3  4  5  6  7  8  9 10 11 12 13 14 15 16 17 18 19 20 21 22 23 24 25 26 27 28 29 30 31 32 33 34 35 36 37 38 39 40 41 42
  1 Iocaine Powder          68  27  0 14   1  2  1  1  2  1  2  1  1  1  1  2  1  2  1  1  1  2  2  2  1  2  2  1  2  2  2  2  2  2  2  2  2  1  2  2  2  2  2  2  2  2
  2 Phasenbott              64  24  1 16   0  1  2  1  1  1  2  1  1  1  1  2  1  1  1  1  2  2  2  2  1  1  2  1  2  2  2  2  2  1  2  2  2  2  2  1  2  2  2  2  2  2
  3 MegaHAL                 63  23  1 17   1  0  1  1  1  1  2  1  1  1  1  1  1  1  1  1  1  2  2  2  1  2  2  1  2  2  2  2  2  1  2  2  2  2  2  2  2  2  2  2  2  2
  4 Simple Modeller         62  22  1 18   1  1  1  1  1  0  1  1  1  1  1  2  1  1  1  2  1  2  2  2  1  1  2  1  1  1  2  2  2  2  2  2  2  2  2  2  2  2  2  2  2  2
  5 Biopic                  60  20  1 20   0  1  1  1  1  1  1  1  1  1  1  1  1  1  1  1  1  2  2  2  1  1  2  1  1  2  1  2  2  2  2  2  2  2  2  2  2  2  2  2  2  2
  6 Shofar                  60  19  0 22   1  1  1  2  1  1  1  1  1  1  1  1  1  1  1  1  1  1  2  1  1  2  2  1  2  1  1  2  2  2  1  2  2  2  2  2  2  2  2  2  2  2
  7 RussRocker4             59  23  5 13   0  0  0  1  1  1  1  1  1  1  1  2  1  1  1  1  1  2  2  2  0  2  2  0  1  2  2  2  2  2  2  2  2  2  2  2  2  2  2  2  2  2
  8 Boom                    59  19  1 21   1  1  1  1  1  1  1  1  0  1  1  1  1  1  1  1  2  1  2  1  1  2  1  1  2  1  2  2  2  1  2  2  2  2  2  2  2  2  2  2  2  2
  9 Majikthise              59  18  0 23   1  1  1  1  1  1  1  2  1  1  1  1  1  1  1  2  2  1  2  2  1  1  2  1  2  1  1  2  2  1  1  2  1  2  1  2  2  2  2  2  2  2
 10 Bugbrain                59  18  0 23   1  1  1  1  1  1  1  1  1  1  1  1  1  1  1  1  1  2  2  2  1  1  2  1  2  1  2  2  2  1  2  2  1  2  2  1  2  2  2  2  2  2
 11 Robertot                58  17  0 24   1  1  1  1  1  1  1  1  1  1  1  1  1  1  1  1  1  2  2  1  1  2  1  1  2  1  1  2  2  1  1  2  2  2  2  2  2  2  2  2  2  2
 12 Simple Predictor        57  21  5 15   0  0  1  0  1  1  0  1  1  1  1  1  1  1  1  2  2  1  2  1  0  2  2  1  1  1  2  2  2  2  2  2  2  2  2  2  2  2  2  2  2  2
 13 Yomi AI                 55  14  0 27   1  1  1  1  1  1  1  1  1  1  1  1  1  1  1  1  1  1  2  1  1  2  2  1  1  2  1  2  1  1  1  2  1  2  1  2  2  2  2  2  2  2
 14 ACT-R Lag2              55  16  2 23   0  1  1  1  1  1  1  1  1  1  1  1  1  1  1  1  1  2  1  2  0  1  2  1  1  1  1  2  1  2  1  2  2  2  2  2  2  2  2  2  2  2
 15 Vroomfondel             53  12  0 29   1  1  1  1  1  1  1  1  1  1  1  1  1  1  1  1  1  1  1  2  1  1  2  1  1  1  1  2  1  1  1  2  1  2  1  2  2  2  2  2  2  2
 16 Sweet Rocky             53  16  4 21   1  1  1  0  1  1  1  1  0  1  1  0  1  1  1  1  1  1  0  1  1  1  1  1  2  1  1  2  2  2  2  2  2  2  2  2  2  2  2  2  2  2
 17 Piedra                  52  16  5 20   1  0  1  1  1  1  1  0  0  1  1  0  1  1  1  1  1  1  0  1  1  1  1  1  2  1  2  2  2  1  2  2  2  2  2  2  2  2  2  2  2  2
 18 Granite                 51  19  9 13   0  0  0  0  0  1  0  1  1  0  0  1  1  0  1  1  1  1  1  1  1  1  2  1  2  2  2  2  2  2  2  2  2  2  2  2  2  2  2  2  2  2
 19 ZQ Bot                  48  20 13  8   0  0  0  0  0  0  0  0  0  0  0  0  0  1  1  2  2  1  1  1  1  1  2  1  2  1  2  2  2  2  2  2  2  2  2  2  2  2  2  2  2  2
 20 Marble                  46  16 11 14   0  0  0  0  0  1  0  1  0  0  1  1  1  0  0  1  1  1  1  1  0  1  2  1  1  1  1  2  2  2  2  2  2  2  2  2  2  2  2  2  2  2
 21 * De Bruijn             46   6  1 34   1  1  1  1  1  1  2  1  1  1  1  2  1  2  1  1  1  1  1  2  1  1  1  1  2  1  1  1  1  1  1  1  1  1  1  1  2  1  1  1  0  1
 22 Mixed Strategy          45  13  9 19   0  1  0  1  1  0  0  0  1  1  0  0  0  1  1  1  1  1  1  1  1  1  0  1  1  1  1  2  2  2  2  2  2  1  2  1  2  2  2  2  2  2
 23 Inocencio               42  17 16  8   0  0  0  0  0  0  0  1  0  0  1  0  0  0  0  1  1  0  0  0  1  2  1  1  1  2  1  2  2  2  2  2  2  2  2  2  2  2  2  2  2  2
 24 * Pi                    41   1  1 39   1  1  1  1  1  1  2  1  1  1  1  1  1  1  1  1  1  1  1  1  1  1  1  1  1  1  1  1  1  1  1  1  0  1  1  1  1  1  1  1  1  1
 25 * Anti-rotn             40  12 13 16   0  0  0  1  1  0  1  0  0  0  0  1  1  1  1  0  0  0  0  1  0  1  1  1  1  1  1  2  1  2  1  2  1  2  2  2  2  2  2  2  2  2
 26 * Foxtrot               33   0  8 33   0  0  0  1  0  1  0  1  1  1  1  1  0  1  1  1  1  0  1  1  1  1  0  1  1  1  1  1  1  1  1  1  1  1  1  1  1  1  1  1  1  1
 27 * Add-drift             32   2 11 28   0  0  0  0  1  1  0  0  1  0  1  0  1  1  1  1  0  0  0  1  1  1  1  1  1  1  1  1  1  2  1  2  1  1  1  1  1  1  1  1  1  1
 28 Multi-strategy          31  13 23  5   0  0  0  0  0  0  0  0  0  0  0  0  0  0  0  0  0  0  0  0  1  0  0  1  0  1  1  1  2  2  1  2  2  2  2  2  2  2  2  2  2  2
 29 Peterbot                31  10 20 11   0  0  0  0  0  0  0  0  0  0  0  0  1  1  1  0  0  0  0  0  1  0  0  1  1  1  1  0  1  2  1  1  1  2  2  2  2  2  2  2  2  2
 30 * Copy-drift            25   1 17 23   0  1  1  0  0  0  0  1  1  1  1  0  1  0  1  0  1  0  0  0  1  0  0  1  0  1  0  0  0  1  2  1  1  1  1  1  1  1  1  1  1  1
 31 * Add-react             23   1 19 21   0  0  0  0  0  1  0  0  1  0  1  0  1  1  1  0  0  0  0  0  1  0  0  1  1  1  1  1  1  0  1  0  1  1  1  1  1  1  1  0  1  2
 32 Knucklehead             23   7 25  9   0  0  0  0  0  0  0  0  0  0  0  0  0  0  0  0  0  0  0  0  1  0  0  1  0  1  0  0  1  1  2  1  1  1  2  1  2  1  2  2  2  2
 33 * Text                  21   2 22 17   0  0  0  0  0  0  0  0  1  1  0  0  1  0  1  0  0  0  0  0  1  0  0  2  1  1  1  0  1  1  1  1  1  1  0  1  0  1  0  1  2  1
 34 * Switch A Lot          20   2 23 16   1  0  0  0  0  0  0  0  0  0  0  0  0  0  0  0  0  0  0  0  1  1  0  1  0  1  1  0  0  1  1  1  1  1  2  2  1  1  1  1  1  1
 35 Beat The Last Move      20   5 26 10   0  0  0  0  0  0  0  0  1  0  0  0  1  0  1  0  0  0  0  0  1  0  0  1  0  1  1  0  0  1  1  0  2  0  1  0  2  0  2  1  2  2
 36 * Flat                  19   2 24 15   0  1  0  0  0  0  0  0  0  1  0  0  0  0  0  0  0  0  0  0  1  1  0  1  0  1  1  0  0  1  1  1  1  0  2  1  2  1  1  1  0  1
 37 Beat Frequent Pick      16   4 29  8   0  0  0  0  0  0  0  0  0  0  0  0  0  0  0  0  0  0  0  0  0  0  0  1  0  1  1  0  0  1  1  0  2  1  0  0  1  1  2  1  2  2
 38 Always Switchin'        16   1 26 14   0  0  0  0  0  0  0  0  0  0  0  0  0  0  0  0  0  0  0  0  1  0  0  1  0  1  1  0  0  1  1  1  1  1  2  1  1  1  1  1  0  1
 39 Good Ole Rock           16   3 28 10   0  0  0  0  0  0  0  0  0  0  0  0  0  0  0  0  0  0  0  0  1  0  0  1  0  1  1  0  0  1  1  0  2  1  0  1  0  1  1  1  2  2
 40 Rotate R-P-S            15   1 27 13   0  0  0  0  0  0  0  0  0  0  0  0  0  0  0  0  0  0  0  0  1  0  0  1  0  1  1  0  0  1  2  0  1  1  1  1  1  1  1  1  0  1
 41 * Anti-Flat             14   4 31  6   0  0  0  0  0  0  0  0  0  0  0  0  0  0  0  0  0  0  0  0  2  0  0  1  0  1  1  0  0  1  1  0  0  1  0  2  0  2  0  2  1  0
 42 R-P-S 20-20-60          12   1 30 10   0  0  0  0  0  0  0  0  0  0  0  0  0  0  0  0  0  0  0  0  1  0  0  1  0  1  1  0  0  1  0  0  1  1  0  1  0  1  0  1  2  1


   Yomi AI is match ranked 13

 Tournament results:
    Player Name          total 
  1 Yomi AI               5495 
 19 Iocaine Powder       10979 
 20 Phasenbott            9587 
 21 MegaHAL               9237 
 22 RussRocker4           7802 
 23 Biopic                8463 
 24 Simple Modeller       8378 
 25 Simple Predictor      8332 
 26 Robertot              7521 
 27 Boom                  7114 
 28 Shofar                6624 
 29 ACT-R Lag2            6467 
 32 Granite               6988 
 33 Marble                6678 
 34 ZQ Bot                6389 
 35 Sweet Rocky           5898 
 36 Piedra                5678 
 41 Bugbrain              6015 

   Yomi is tournament ranked 18

