 Playing 1 tournaments with 1000 trials per match...

 Yomi AI            vs Good Ole Rock       Match: 1000 (1000+   0-   0=)
 Yomi AI            vs R-P-S 20-20-60      Match:  310 (535+ 225- 240=)
 Yomi AI            vs Rotate R-P-S        Match:  969 (976+   7-  17=)
 Yomi AI            vs Beat The Last Move  Match:  114 (387+ 273- 340=)
 Yomi AI            vs Always Switchin'    Match:  161 (459+ 298- 243=)
 Yomi AI            vs Beat Frequent Pick  Match:  452 (649+ 197- 154=)
 Yomi AI            vs * Pi                Match:  -11 (332+ 343- 325=)
 Yomi AI            vs * Switch A Lot      Match:   73 (375+ 302- 323=)
 Yomi AI            vs * Flat              Match:  114 (415+ 301- 284=)
 Yomi AI            vs * Anti-Flat         Match:  999 (999+   0-   1=)
 Yomi AI            vs * Foxtrot           Match:  309 (532+ 223- 245=)
 Yomi AI            vs * De Bruijn         Match:  -22 (327+ 349- 324=)
 Yomi AI            vs * Text              Match:   68 (368+ 300- 332=)
 Yomi AI            vs * Anti-rotn         Match:   44 (348+ 304- 348=)
 Yomi AI            vs * Copy-drift        Match:  -27 (317+ 344- 339=)
 Yomi AI            vs * Add-react         Match:   27 (335+ 308- 357=)
 Yomi AI            vs * Add-drift         Match:  -15 (332+ 347- 321=)
 Yomi AI            vs Iocaine Powder      Match:  -62 (307+ 369- 324=)
 Yomi AI            vs Phasenbott          Match:  -12 (323+ 335- 342=)
 Yomi AI            vs MegaHAL             Match:   -1 (325+ 326- 349=)
 Yomi AI            vs RussRocker4         Match:  -18 (354+ 372- 274=)
 Yomi AI            vs Biopic              Match:  -17 (354+ 371- 275=)
 Yomi AI            vs Simple Modeller     Match:  -31 (331+ 362- 307=)
 Yomi AI            vs Simple Predictor    Match:   44 (375+ 331- 294=)
 Yomi AI            vs Robertot            Match:   47 (371+ 324- 305=)
 Yomi AI            vs Boom                Match:   13 (357+ 344- 299=)
 Yomi AI            vs Shofar              Match:   -9 (335+ 344- 321=)
 Yomi AI            vs ACT-R Lag2          Match:   12 (351+ 339- 310=)
 Yomi AI            vs Majikthise          Match:   -2 (341+ 343- 316=)
 Yomi AI            vs Vroomfondel         Match:  -14 (342+ 356- 302=)
 Yomi AI            vs Granite             Match:   65 (417+ 352- 231=)
 Yomi AI            vs Marble              Match:   50 (395+ 345- 260=)
 Yomi AI            vs ZQ Bot              Match:   38 (365+ 327- 308=)
 Yomi AI            vs Sweet Rocky         Match:   27 (365+ 338- 297=)
 Yomi AI            vs Piedra              Match:   42 (392+ 350- 258=)
 Yomi AI            vs Mixed Strategy      Match:   46 (371+ 325- 304=)
 Yomi AI            vs Multi-strategy      Match:  158 (432+ 274- 294=)
 Yomi AI            vs Inocencio           Match:   34 (369+ 335- 296=)
 Yomi AI            vs Peterbot            Match:   21 (357+ 336- 307=)
 Yomi AI            vs Bugbrain            Match:    4 (329+ 325- 346=)
 Yomi AI            vs Knucklehead         Match:  468 (643+ 175- 182=)
 Final results (draw value = 50):

 Tournament results: 

    Player Name          total     1    2    3    4    5    6    7    8    9   10   11   12   13   14   15   16   17   18   19   20   21   22   23   24   25   26   27   28   29   30   31   32   33   34   35   36   37   38   39   40   41   42
  1 Iocaine Powder       10777     0    6   53   32   48   76  529  -15  146  209  252  -19   53   -1  305  102   62   31   34   60   60    1  292  177   15    4  172  339  197  202  348   86   48  584  920  177  316  924  991  981  994  986
  2 Phasenbott            9963    -6    0   32   53   37   35  507   29  157  237  262  -26   52   21  241   61   12   64   37   46    2   38  207  175   34   37   64  354   68   28  341  116  102  382  890  270  115  928  982  995  995  989
  3 MegaHAL               9700   -53  -32    0   13   30   58   66   32   40  244  285  -22   16   37  240    1    1   65   61   40  -37    6  241  145  -33  -33  245   69  108  130  261  142  227  403  962  431  389  948  986  992 1000  996
  4 Simple Modeller       8631   -32  -53  -13    0   36   15   -4    6  290  117   53  -46   34   76  286   21   31   61   57   52  -41   -3  182  455  -26  -15  260  -21  265   51  103  144  221  295  328  476  398  594  990  993 1000  995
  5 Biopic                8590   -48  -37  -30  -36    0   20  -11  -23   40  131  131  -18   46  -15  124   12   17   59  105   43  -26  -10  258  133  -46    2   52  403  100  184   76  137  171  510  701  345  368  744  994  993 1000  991
  6 Robertot              7761   -76  -35  -58  -15  -20    0  -22  -10   64    4   37  -35   41   -3  104   24  -47   11   41   56  -17    1  214   54   -4   -7    7    6  111   54  105  193  106  435  752  457  406  860  983  993  996  995
  7 RussRocker4           7754  -529 -507  -66    4   11   22    0   15   81  150  180   -3   68   67  149    5   18   39   42   60   23   -1  319  143  -41  -37   89  164  133  143  321   55  118  449  927  283  287  588  994  993  998 1000
  8 Boom                  7307    15  -29  -32   -6   23   10  -15    0   54   46   49   25   35  -35   12  -20  -13  -12   36   47  -36  -35  214   53  -29   33   41  -22    9   28   40  148  191  436  486  445  391  753  991  989  997  994
  9 Simple Predictor      6992  -146 -157  -40 -290  -40  -64  -81  -54    0   -3   21  -15   15   43  149  -73  -44   80   46   53  -37    6  220  303  -73  -21  278   -1  300   98  148  154  215  283  315  408  435  592  986  989  996  998
 10 Marble                6688  -209 -237 -244 -117 -131   -4 -150  -46    3    0  -29  -86   -9 -117   52 -158  -50   33   56   54  -21  -16  372  652  -65  -46   -4  104   42  172   89  173  138  298  922  287  415  591  991  991  999  993
 11 Granite               6597  -252 -262 -285  -53 -131  -37 -180  -49  -21   29    0  -43   41  -56    9 -162  -65   12   29   52   -5  -28  340  651  -65    1   44   40   36  146   98  177  167  271  911  297  368  592  989  993  998 1000
 12 Shofar                6353    19   26   22   46   18   35    3  -25   15   86   43    0   45   -8   42   43    9   43   40   41  -13  -13   90   68  -13   26   10   57   86   88   22   70  140  103   79  431  237  558  895  940  976  973
 13 Piedra                6123   -53  -52  -16  -34  -46  -41  -68  -35  -15    9  -41  -45    0  -14  -43  -34  -42   36   38   42   -7  -31  129  -27  -24  -57   73   52   34  164  268  155  151  171  291  256  410  591  998  995  996  989
 14 Bugbrain              5832     1  -21  -37  -76   15    3  -67   35  -43  117   56    8   14    0  161    2   -4   58   61   35  -49    8  113   79   -8   32  151   -2   25  -22   95   27  138  117  191  290  143  381  938  920  981  966
 15 ZQ Bot                5715  -305 -241 -240 -286 -124 -104 -149  -12 -149  -52   -9  -42   43 -161    0 -120  -38   65   62   52  -50  -57  272   -7   15   -4   47   36   62  131  353  181  127  222 1000  231  402  590  995  990  994  995
 16 ACT-R Lag2            5591  -102  -61   -1  -21  -12  -24   -5   20   73  158  162  -43   34   -2  120    0  -12   61   23   34   13  -33  100   80  -77  -33   -2   14  -47  145   31  101   93  489  207  277  272  569   13  995  997  985
 17 Yomi AI               5468   -62  -12   -1  -31  -17   47  -18   13   44   50   65   -9   42    4   38   12    0   46   27   44   -2  -14  158   34  -22  -11  -15  309  -27  114   27   68   73  468   21  161  310  452  114  969 1000  999
 18 Mixed Strategy        5296   -31  -64  -65  -61  -59  -11  -39   12  -80  -33  -12  -43  -36  -58  -65  -61  -46    0   37    6  -98  -43   19  594  -22  -42    7  -11   64  -55   38  173  132  190   96  206  409  443  961  968  996  980
 19 Sweet Rocky           5206   -34  -37  -61  -57 -105  -41  -42  -36  -46  -56  -29  -40  -38  -61  -62  -23  -27  -37    0   61  -31  -27  129  -50  -33  -31   19  -35   47   76  198  174  126   54  152  209  426  594  996  993  996  995
 20 * Anti-rotn           5198   -60  -46  -40  -52  -43  -56  -60  -47  -53  -54  -52  -41  -42  -35  -52  -34  -44   -6  -61    0  -54    8  239  475  -36  -57    2  -18   47  237    1   55  322   63   28  473  203  598  495  999  999  997
 21 Majikthise            4990   -60   -2   37   41   26   17  -23   36   37   21    5   13    7   49   50  -13    2   98   31   54    0    0  179   32   -8    8    5   16   -2  110    0   33   89  211  -14  287  189  434   16  993  993  993
 22 Vroomfondel           4685    -1  -38   -6    3   10   -1    1   35   -6   16   28   13   31   -8   57   33   14   43   27   -8    0    0  103  109  -37   -6    1   20   14   87   -8  -11   73  198   13  263  174  469   -3  995  993  995
 23 Multi-strategy        2022  -292 -207 -241 -182 -258 -214 -319 -214 -220 -372 -340  -90 -129 -113 -272 -100 -158  -19 -129 -239 -179 -103    0 -114  -50  -20  -40  -61  286  105   38  123  292   11  -32  502  382  999  997  997  999  998
 24 Inocencio             1611  -177 -175 -145 -455 -133  -54 -143  -53 -303 -652 -651  -68   27  -79    7  -80  -34 -594   50 -475  -32 -109  114    0  -36  -23    1  291   84  174   58  164  102  231  139  234  354  363  751  977  986  975
 25 * De Bruijn            742   -15  -34   33   26   46    4   41   29   73   65   65   13   24    8  -15   77   22   22   33   36    8   37   50   36    0   -1   13   -2   -7   -7   14   23   -8    0   -2  -13    4  128   -1   21    0 -104
 26 * Pi                   220    -4  -37   33   15   -2    7   37  -33   21   46   -1  -26   57  -32    4   33   11   42   31   57   -8    6   20   23    1    0   -9    2    0  -43   34  -81  -24   39    3  -33    8   30   22  -11  -11   -7
 27 * Add-drift          -1507  -172  -64 -245 -260  -52   -7  -89  -41 -278    4  -44  -10  -73 -151  -47    2   15   -7  -19   -2   -5   -1   40   -1  -13    9    0  -30   14   42   16    7    6  -12   -2  -26   -7   21  -23  -24   11   11
 28 * Foxtrot            -2196  -339 -354  -69   21 -403   -6 -164   22    1 -104  -40  -57  -52    2  -36  -14 -309   11   35   18  -16  -20   61 -291    2   -2   30    0  -21  -23  -19   32   15  -54  -39   11   -9   -6  -16   14   -4   -4
 29 * Copy-drift         -2213  -197  -68 -108 -265 -100 -111 -133   -9 -300  -42  -36  -86  -34  -25  -62   47   27  -64  -47  -47    2  -14 -286  -84    7    0  -14   21    0   15  -53   21  -32  -93  -17  -12   11   -7    2  -22  -27   29
 30 * Flat               -2644  -202  -28 -130  -51 -184  -54 -143  -28  -98 -172 -146  -88 -164   22 -131 -145 -114   55  -76 -237 -110  -87 -105 -174    7   43  -42   23  -15    0   -6  -10   27  -11 -144   17  -28  244  212   48    0 -419
 31 * Add-react          -3132  -348 -341 -261 -103  -76 -105 -321  -40 -148  -89  -98  -22 -268  -95 -353  -31  -27  -38 -198   -1    0    8  -38  -58  -14  -34  -16   19   53    6    0    5  -80  -22  -48  -45  -29   -6   68   40  -12   34
 32 * Text               -3147   -86 -116 -142 -144 -137 -193  -55 -148 -154 -173 -177  -70 -155  -27 -181 -101  -68 -173 -174  -55  -33   11 -123 -164  -23   81   -7  -32  -21   10   -5    0   18    7   12  -11    5 -185  -74  -11 -185  112
 33 * Switch A Lot       -3296   -48 -102 -227 -221 -171 -106 -118 -191 -215 -138 -167 -140 -151 -138 -127  -93  -73 -132 -126 -322  -89  -73 -292 -102    8   24   -6  -15   32  -27   80  -18    0    5 -120  -34   28   95  320  -56  -29  -21
 34 Knucklehead          -3608  -584 -382 -403 -295 -510 -435 -449 -436 -283 -298 -271 -103 -171 -117 -222 -489 -468 -190  -54  -63 -211 -198  -11 -231    0  -39   12   54   93   11   22   -7   -5    0    7  -10   86  160  935  -39  986 1000
 35 Peterbot             -4884  -920 -890 -962 -328 -701 -752 -927 -486 -315 -922 -911  -79 -291 -191 -1000 -207  -21  -96 -152  -28   14  -13   32 -139    2   -3    2   39   17  144   48  -12  120   -7    0  227  426  434  981  998  998  987
 36 Always Switchin'     -7213  -177 -270 -431 -476 -345 -457 -283 -445 -408 -287 -297 -431 -256 -290 -231 -277 -161 -206 -209 -473 -287 -263 -502 -234   13   33   26  -11   12  -17   45   11   34   10 -227    0   10   -5  516   13   17    3
 37 R-P-S 20-20-60       -8967  -316 -115 -389 -398 -368 -406 -287 -391 -435 -415 -368 -237 -410 -143 -402 -272 -310 -409 -426 -203 -189 -174 -382 -354   -4   -8    7    9  -11   28   29   -5  -28  -86 -426  -10    0 -371 -167   12 -455  318
 38 Beat Frequent Pick  -14292  -924 -928 -948 -594 -744 -860 -588 -753 -592 -591 -592 -558 -591 -381 -590 -569 -452 -443 -594 -598 -434 -469 -999 -363 -128  -30  -21    6    7 -244    6  185  -95 -160 -434    5  371    0 -600    0  999  996
 39 Beat The Last Move  -19220  -991 -982 -986 -990 -994 -983 -994 -991 -986 -991 -989 -895 -998 -938 -995  -13 -114 -961 -996 -495  -16    3 -997 -751    1  -22   23   16   -2 -212  -68   74 -320 -935 -981 -516  167  600    0    1 1000  997
 40 Rotate R-P-S        -25311  -981 -995 -992 -993 -993 -993 -993 -989 -989 -991 -993 -940 -995 -920 -990 -995 -969 -968 -993 -999 -993 -995 -997 -977  -21   11   24  -14   22  -48  -40   11   56   39 -998  -13  -12    0   -1    0    0 -694
 41 Good Ole Rock       -26169  -994 -995 -1000 -1000 -1000 -996 -998 -997 -996 -999 -998 -976 -996 -981 -994 -997 -1000 -996 -996 -999 -993 -993 -999 -986    0   11  -11    4   27    0   12  185   29 -986 -998  -17  455 -999 -1000    0    0  998
 42 * Anti-Flat         -28013  -986 -989 -996 -995 -991 -995 -1000 -994 -998 -993 -1000 -973 -989 -966 -995 -985 -999 -980 -995 -997 -993 -995 -998 -975  104    7  -11    4  -29  419  -34 -112   21 -1000 -987   -3 -318 -996 -997  694 -998    0

 Match results (draw <= 50): 

    Player Name           total  W  L  D   1  2  3  4  5  6  7  8  9 10 11 12 13 14 15 16 17 18 19 20 21 22 23 24 25 26 27 28 29 30 31 32 33 34 35 36 37 38 39 40 41 42
  1 Iocaine Powder          70  29  0 12   1  1  2  1  1  2  2  1  1  2  1  2  2  1  2  2  2  1  2  2  1  1  2  1  2  2  2  2  2  2  2  2  2  2  2  1  2  2  2  2  2  2
  2 Phasenbott              67  26  0 15   1  1  1  2  1  2  1  1  1  2  1  1  2  1  2  1  2  1  2  2  1  2  1  1  2  2  2  2  2  2  2  2  1  2  2  2  2  2  2  2  2  2
  3 MegaHAL                 65  25  1 15   0  1  1  1  1  2  2  1  1  1  1  1  1  1  1  1  2  2  2  2  1  2  1  1  2  2  2  2  2  2  2  2  2  2  2  2  2  2  2  2  2  2
  4 Simple Modeller         65  25  1 15   1  0  1  1  1  1  1  1  2  1  1  1  2  1  1  1  2  2  2  2  1  2  2  1  2  2  1  2  2  2  2  2  2  2  2  2  2  2  2  2  2  2
  5 Biopic                  64  23  0 18   1  1  1  1  1  1  1  1  1  1  1  1  1  1  1  1  2  2  2  2  1  2  1  1  2  2  2  2  2  2  2  2  2  2  2  2  2  2  2  2  2  2
  6 RussRocker4             63  25  3 13   0  0  0  1  1  1  1  1  2  1  1  1  2  1  2  1  2  1  2  2  1  1  2  1  2  2  2  2  2  2  2  2  2  2  2  2  2  2  2  2  2  2
  7 Robertot                58  19  2 20   0  1  0  1  1  1  1  1  1  1  1  1  2  1  1  1  1  1  1  2  1  1  2  1  2  1  1  2  2  2  2  2  2  2  2  2  2  2  2  2  2  2
  8 Shofar                  58  17  0 24   1  1  1  1  1  1  1  1  1  1  1  1  1  1  1  1  2  1  1  1  1  1  1  1  2  1  2  2  2  1  2  2  2  2  2  2  2  2  2  2  2  2
  9 Bugbrain                58  19  2 20   1  1  1  0  1  0  1  1  1  1  1  1  1  1  1  1  2  2  2  2  1  2  1  1  2  2  1  2  2  2  1  2  1  2  1  2  2  2  2  2  2  2
 10 ACT-R Lag2              56  18  3 20   0  0  1  1  1  1  1  1  1  1  1  1  2  1  1  1  2  1  2  2  0  2  1  1  2  1  1  2  2  1  1  2  2  1  2  2  2  2  2  2  2  2
 11 Boom                    55  14  0 27   1  1  1  1  1  1  1  1  1  1  1  1  2  1  1  1  1  1  1  1  1  1  1  1  2  1  1  2  2  1  1  2  1  2  2  2  2  2  2  2  2  2
 12 Yomi AI                 54  14  1 26   0  1  1  1  1  1  1  1  1  1  1  1  1  1  1  1  1  1  2  1  1  1  1  1  1  1  2  1  2  1  1  2  2  2  2  2  2  2  2  2  2  2
 13 Simple Predictor        53  20  8 13   0  0  1  0  1  0  0  1  1  0  0  1  1  1  1  1  1  1  1  2  0  2  2  1  2  2  1  2  2  2  2  2  2  2  2  2  2  2  2  2  2  2
 14 Vroomfondel             53  12  0 29   1  1  1  1  1  1  1  1  1  1  1  1  1  1  1  1  1  1  1  2  1  1  1  1  2  1  1  1  2  1  1  2  2  1  1  2  2  2  2  2  2  2
 15 Piedra                  53  16  4 21   0  0  1  1  1  0  1  1  1  1  1  1  1  1  1  1  1  1  1  1  1  1  1  0  1  2  2  2  2  2  1  2  2  2  2  2  2  2  2  2  2  2
 16 Majikthise              52  12  1 28   0  1  1  1  1  1  1  1  1  1  1  1  1  1  1  1  1  1  1  1  1  2  2  1  1  1  1  1  2  1  1  2  2  1  1  2  2  2  2  2  2  2
 17 Marble                  50  19 10 12   0  0  0  0  0  0  1  0  0  0  1  1  1  1  1  1  1  2  1  2  0  1  2  1  2  1  2  2  2  2  1  2  2  2  2  2  2  2  2  2  2  2
 18 Sweet Rocky             50  15  6 20   1  1  0  0  0  1  1  1  0  1  1  1  1  1  1  1  0  1  1  0  1  1  2  1  1  1  1  2  2  2  1  2  2  2  2  2  2  2  2  2  2  2
 19 Granite                 47  16 10 15   0  0  0  0  0  0  1  1  0  0  1  0  1  1  1  1  1  1  1  1  0  1  2  1  2  1  1  2  2  2  1  2  2  2  2  2  2  2  2  2  2  2
 20 ZQ Bot                  47  18 12 11   0  0  0  0  0  0  0  1  0  0  1  1  0  0  1  1  0  2  1  1  1  2  2  1  1  1  1  2  2  2  2  2  2  2  2  2  2  2  2  2  2  2
 21 * De Bruijn             45   5  1 35   1  1  1  1  1  1  1  1  1  2  1  1  2  1  1  1  2  1  2  1  1  1  1  1  1  1  1  1  1  1  1  1  1  1  1  1  1  1  1  2  1  0
 22 Mixed Strategy          44  13 10 18   1  0  0  0  0  1  1  1  0  0  1  1  0  1  1  0  1  1  1  0  1  1  1  1  2  1  1  2  1  1  2  2  0  2  2  2  2  2  2  2  2  2
 23 * Anti-rotn             43  13 11 17   0  1  1  0  1  0  0  1  1  1  1  1  0  1  1  0  0  0  0  0  1  1  1  0  2  1  1  1  2  1  1  2  2  2  2  2  2  2  2  2  2  2
 24 * Pi                    42   2  1 38   1  1  1  1  1  1  1  1  1  1  1  1  1  1  2  1  1  1  1  1  1  1  2  1  1  1  1  1  1  1  1  1  1  1  0  1  1  1  1  1  1  1
 25 Inocencio               40  16 17  8   0  0  0  0  0  0  0  0  0  0  0  1  0  0  1  1  0  1  0  1  1  0  0  1  1  1  2  2  2  2  2  2  2  2  2  2  2  2  2  2  2  2
 26 * Add-drift             32   0  9 32   0  0  0  0  0  0  1  1  0  1  1  1  0  1  0  1  1  1  1  1  1  1  1  1  1  1  1  1  1  1  1  1  1  1  1  1  1  1  1  1  1  1
 27 * Foxtrot               31   1 11 29   0  0  0  1  0  0  1  0  1  1  1  0  1  1  0  1  0  1  1  1  1  1  1  1  0  1  1  1  2  1  1  0  1  1  1  1  1  1  1  1  1  1
 28 Peterbot                31   9 19 13   0  0  0  0  0  0  0  0  0  0  0  1  0  1  0  1  0  0  0  0  1  0  1  1  0  1  1  1  1  1  1  1  2  2  1  2  2  2  2  2  2  2
 29 Multi-strategy          29  11 23  7   0  0  0  0  0  0  0  0  0  0  0  0  0  0  0  0  0  0  0  0  1  1  0  1  0  1  0  1  1  1  2  1  2  2  2  2  2  2  2  2  2  2
 30 * Add-react             27   2 16 23   0  0  0  0  0  0  0  1  0  1  1  1  0  1  0  1  0  0  0  0  1  1  1  1  0  1  1  1  1  1  2  1  1  2  1  0  1  1  1  1  1  1
 31 * Copy-drift            26   0 15 26   0  0  0  0  0  0  0  0  1  1  1  1  0  1  1  1  1  1  1  0  1  0  1  1  0  1  1  1  0  0  1  0  1  1  1  1  1  1  1  1  1  1
 32 Knucklehead             25   7 23 11   0  0  0  0  0  0  0  0  0  0  0  0  0  0  0  0  0  0  0  0  1  0  0  1  0  1  2  1  1  1  2  1  1  2  1  1  1  1  2  2  2  2
 33 * Flat                  22   3 22 16   0  1  0  0  0  0  0  0  1  0  1  0  0  0  0  0  0  0  0  0  1  2  0  1  0  1  1  0  0  1  1  1  1  2  1  1  1  1  1  2  1  0
 34 Beat The Last Move      19   5 27  9   0  0  0  0  0  0  0  0  0  1  0  0  0  1  0  1  0  0  0  0  1  0  0  1  0  1  1  0  0  0  1  0  0  1  2  0  0  1  2  2  2  2
 35 * Text                  19   2 24 15   0  0  0  0  0  0  0  0  1  0  0  0  0  1  0  1  0  0  0  0  1  0  0  2  0  1  1  1  0  1  1  1  1  0  1  1  1  1  0  0  1  2
 36 * Switch A Lot          19   3 25 13   1  0  0  0  0  0  0  0  0  0  0  0  0  0  0  0  0  0  0  0  1  0  0  1  0  1  1  0  0  2  1  1  1  2  1  1  1  0  1  2  1  1
 37 Always Switchin'        17   1 25 15   0  0  0  0  0  0  0  0  0  0  0  0  0  0  0  0  0  0  0  0  1  0  0  1  0  1  1  0  0  1  1  1  1  2  1  1  1  1  1  1  1  1
 38 Rotate R-P-S            16   1 26 14   0  0  0  0  0  0  0  0  0  0  0  0  0  0  0  0  0  0  0  0  1  0  0  1  0  1  1  0  0  1  1  1  1  1  1  2  1  1  1  1  1  0
 39 Good Ole Rock           16   3 28 10   0  0  0  0  0  0  0  0  0  0  0  0  0  0  0  0  0  0  0  0  1  0  0  1  0  1  1  0  0  1  1  0  1  0  2  1  1  1  1  0  2  2
 40 Beat Frequent Pick      15   4 30  7   0  0  0  0  0  0  0  0  0  0  0  0  0  0  0  0  0  0  0  0  0  0  0  1  0  1  1  0  0  1  1  0  0  0  2  0  1  1  2  1  2  2
 41 R-P-S 20-20-60          13   1 29 11   0  0  0  0  0  0  0  0  0  0  0  0  0  0  0  0  0  0  0  0  1  0  0  1  0  1  1  0  0  1  1  0  1  0  1  1  1  1  0  0  1  2
 42 * Anti-Flat             13   3 31  7   0  0  0  0  0  0  0  0  0  0  0  0  0  0  0  0  0  0  0  0  2  0  0  1  0  1  1  0  0  1  1  0  2  0  0  1  1  2  0  0  0  1


   Yomi AI is match ranked 12

 Tournament results:
    Player Name          total 
  1 Yomi AI               5468 
 19 Iocaine Powder       10777 
 20 Phasenbott            9963 
 21 MegaHAL               9700 
 22 RussRocker4           7754 
 23 Biopic                8590 
 24 Simple Modeller       8631 
 25 Simple Predictor      6992 
 26 Robertot              7761 
 27 Boom                  7307 
 28 Shofar                6353 
 29 ACT-R Lag2            5591 
 32 Granite               6597 
 33 Marble                6688 
 34 ZQ Bot                5715 
 36 Piedra                6123 
 41 Bugbrain              5832 

   Yomi is tournament ranked 17

