 Playing 1 tournaments with 1000 trials per match...

 Yomi AI            vs Good Ole Rock       Match: 1000 (1000+   0-   0=)
 Yomi AI            vs R-P-S 20-20-60      Match:  303 (534+ 231- 235=)
 Yomi AI            vs Rotate R-P-S        Match:  969 (976+   7-  17=)
 Yomi AI            vs Beat The Last Move  Match:   85 (398+ 313- 289=)
 Yomi AI            vs Always Switchin'    Match:  124 (421+ 297- 282=)
 Yomi AI            vs Beat Frequent Pick  Match:  436 (639+ 203- 158=)
 Yomi AI            vs * Pi                Match:  -25 (315+ 340- 345=)
 Yomi AI            vs * Switch A Lot      Match:   63 (374+ 311- 315=)
 Yomi AI            vs * Flat              Match:  131 (426+ 295- 279=)
 Yomi AI            vs * Anti-Flat         Match:  999 (999+   0-   1=)
 Yomi AI            vs * Foxtrot           Match:  234 (487+ 253- 260=)
 Yomi AI            vs * De Bruijn         Match:  -12 (319+ 331- 350=)
 Yomi AI            vs * Text              Match:   67 (373+ 306- 321=)
 Yomi AI            vs * Anti-rotn         Match:   77 (370+ 293- 337=)
 Yomi AI            vs * Copy-drift        Match:  -24 (314+ 338- 348=)
 Yomi AI            vs * Add-react         Match:   20 (349+ 329- 322=)
 Yomi AI            vs * Add-drift         Match:   37 (347+ 310- 343=)
 Yomi AI            vs Iocaine Powder      Match:  -98 (297+ 395- 308=)
 Yomi AI            vs Phasenbott          Match:  -44 (331+ 375- 294=)
 Yomi AI            vs MegaHAL             Match:   25 (354+ 329- 317=)
 Yomi AI            vs RussRocker4         Match:  -41 (328+ 369- 303=)
 Yomi AI            vs Biopic              Match:    4 (361+ 357- 282=)
 Yomi AI            vs Simple Modeller     Match:   50 (368+ 318- 314=)
 Yomi AI            vs Simple Predictor    Match:   49 (366+ 317- 317=)
 Yomi AI            vs Robertot            Match:   20 (358+ 338- 304=)
 Yomi AI            vs Boom                Match:   11 (352+ 341- 307=)
 Yomi AI            vs Shofar              Match:  -10 (346+ 356- 298=)
 Yomi AI            vs ACT-R Lag2          Match:   -2 (340+ 342- 318=)
 Yomi AI            vs Majikthise          Match:  -22 (333+ 355- 312=)
 Yomi AI            vs Vroomfondel         Match:    5 (337+ 332- 331=)
 Yomi AI            vs Granite             Match:   66 (403+ 337- 260=)
 Yomi AI            vs Marble              Match:   95 (420+ 325- 255=)
 Yomi AI            vs ZQ Bot              Match:   25 (363+ 338- 299=)
 Yomi AI            vs Sweet Rocky         Match:   -5 (356+ 361- 283=)
 Yomi AI            vs Piedra              Match:   62 (384+ 322- 294=)
 Yomi AI            vs Mixed Strategy      Match:   82 (416+ 334- 250=)
 Yomi AI            vs Multi-strategy      Match:  206 (478+ 272- 250=)
 Yomi AI            vs Inocencio           Match:   16 (349+ 333- 318=)
 Yomi AI            vs Peterbot            Match:   34 (345+ 311- 344=)
 Yomi AI            vs Bugbrain            Match:   35 (364+ 329- 307=)
 Yomi AI            vs Knucklehead         Match:  430 (620+ 190- 190=)
 Final results (draw value = 50):

 Tournament results: 

    Player Name          total     1    2    3    4    5    6    7    8    9   10   11   12   13   14   15   16   17   18   19   20   21   22   23   24   25   26   27   28   29   30   31   32   33   34   35   36   37   38   39   40   41   42
  1 Iocaine Powder       10983     0   57  148   36   40   41  543    6   -8   64  297   19  175  216    1  324   -6   98   43    7   22   26  332   16    9  201  163  182  348  189  316  134   23  579  875  264  315  920  997  989  991  991
  2 MegaHAL              10658   -57    0 -130   -8   41   25  106   24  -38   20  195   76  107  269   65  242   18  -25   57   33   12   21  232   27   12  940  201  126   56  127  287  189  251  419  904  489  412  948  991  995  999 1000
  3 Phasenbott           10023  -148  130    0   15   62  -20  520   48  -23   61  186   54  162  207   38  251   53   44   46    0   -4   19  216   51  -14  192   97   96  394   76  351   88  138  448  897  217  172  946  985  988  993  991
  4 Biopic                8799   -36    8  -15    0  -16   -5   29   14   12   22  163   42   65  188   12   20   31   -4   49  -30    8   26  227  -21   29  205   -7   49  400  210   81  132  191  508 1000  304  392  539  997  994  996  990
  5 Simple Modeller       8548   -40  -41  -62   16    0  -44   16  -22  -40   -3   86   53  202   96   18  328   14  -50   75   19   15  -19  190  -24    6  139  215  255   31   84   93  141  240  177  946  482  394  592  991  993  997  989
  6 Boom                  8163   -41  -25   20    5   44    0   -5   20  -56  -17   62   26   20   57  -56   52   35  -11   46  -14  -45   88  229    1    0  919    0   35    8  117  124   85  172  457  255  429  397  753  991  989  997 1000
  7 RussRocker4           7796  -543 -106 -520  -29  -16    5    0   87   42   10  135   28  113  156   55  166  100   41   55    5  -44   87  325  -76   36  120  106  135  176  122  312   85  105  478  933  246  289  598  993  991  999  996
  8 Robertot              7552    -6  -24  -48  -14   22  -20  -87    0  -22   26   24   29   14   49   -9   18    9  -20   52  -13  -40   45  234    8   -7   37   92   82   49   49   93  172  142  411  703  461  399  849  815  994  995  989
  9 Shofar                7192     8   38   23  -12   40   56  -42   22    0   28   -6   53    7   64   17  103   27   10   51  -19    3  120  145  -33   32  574   24   79   15   84   30  109  179  189  119  435  276  550  904  947  971  972
 10 ACT-R Lag2            6892   -64  -20  -61  -22    3   17  -10  -26  -28    0   99   97    6  109   27   85   60    2   55  -17  -24   75  234  -41   -9   87   30    3  -36  115   22   61  136  542  277  280  290  576  967  998 1000  997
 11 Marble                6855  -297 -195 -186 -163  -86  -62 -135  -24    6  -99    0   49  -45  -13 -109  -17   45  -95   56   -8  -14   67  480  -86   -4  646  -30   43   44  204   79  178  169  290  918  297  374  594  996  995  998  995
 12 Sweet Rocky           6687   -19  -76  -54  -42  -53  -26  -28  -29  -53  -97  -49    0  -45  -50  -26  -16   14    5   39  -45  -39    4  141    7   30  530   52   50   -7   90  347  165  111  154  583  103  451  593  989  994  996  993
 13 Simple Predictor      6683  -175 -107 -162  -65 -202  -20 -113  -14   -7   -6   45   45    0   52   17  188   51  -49   37    7  -68   -3  191  -73  -14   81  314  250  -48   61  118  154  222  277  328  404  413  592  985  989  995  993
 14 Granite               6518  -216 -269 -207 -188  -96  -57 -156  -49  -64 -109   13   50  -52    0  -91   51   32  -66   41    8  -32   31  249 -123  -14  646   39    7   19  174   90  181  144  327  979  252  398  594  991  998  998  995
 15 Bugbrain              5964    -1  -65  -38  -12  -18   56  -55    9  -17  -27  109   26  -17   91    0  161   28  -35   53   -8   -8   43   90  -27   17   64  138   96  -16   18   93   51  147  124  253  273  170  387  939  929  986  957
 16 ZQ Bot                5962  -324 -242 -251  -20 -328  -52 -166  -18 -103  -85   17   16 -188  -51 -161    0   65  -25   65   -9   13   16  244  -50   -9  256  110   13   34  157  276  166  148  291  874  295  420  590  987  993  998 1000
 17 Piedra                5922     6  -18  -53  -31  -14  -35 -100   -9  -27  -60  -45  -14  -51  -32  -28  -65    0  -62   36  -29  -31  -53  125  -14  -25  -31   55    2  -15  127  181  165  160  157  569  202  392  594  998  996 1000  999
 18 Yomi AI               5477   -98   25  -44    4   50   11  -41   20  -10   -2   95   -5   49   66   35   25   62    0   77  -22    5   82  206  -12  -25   16   37  -24  234  131   20   67   63  430   34  124  303  436   85  969 1000  999
 19 * Anti-rotn           5335   -43  -57  -46  -49  -75  -46  -55  -52  -51  -55  -56  -39  -37  -41  -53  -65  -36  -77    0  -31    9  -14  273  -55  -52  688   -9   -9  -25  180    1   54  311   67   88  482  232  597  497  996  997  991
 20 Majikthise            4906    -7  -33    0   30  -19   14   -5   13   19   17    8   45   -7   -8    8    9   29   22   31    0   -2   -3  209   44   19   63   -5   21   16  123   20   88   89  161    2  259  196  476   -5  991  992  986
 21 Vroomfondel           4755   -22  -12    4   -8  -15   45   44   40   -3   24   14   39   68   32    8  -13   31   -5   -9    2    0   41  184  -14    7    4    2   -5  -10  117   55    6  119  189   42  265  130  418  -29  991  993  986
 22 Mixed Strategy        4555   -26  -21  -19  -26   19  -88  -87  -45 -120  -75  -67   -4    3  -31  -43  -16   53  -82   14    3  -41    0   76  -84  -65   16   27   57  -22  -34  -34  137   22  -14  347   44  418  493  953  944  995  978
 23 Multi-strategy        2143  -332 -232 -216 -227 -190 -229 -325 -234 -145 -234 -480 -141 -191 -249  -90 -244 -125 -206 -273 -209 -184  -76    0  -50  -20 -118  -40  265   64   86    4  123  267   38  500  469  398  999  997  997  999  997
 24 * De Bruijn            658   -16  -27  -51   21   24   -1   76   -8   33   41   86   -7   73  123   27   50   14   12   55  -44   14   84   50    0   -1   18  -18    5   -4   26   -4   23   12  -16  -12  -36    1  128   -1   21    0 -113
 25 * Pi                    70    -9  -12   14  -29   -6    0  -36    7  -32    9    4  -30   14   14  -17    9   25   25   52  -19   -7   65   20    1    0   28  -48   31    6  -24  -20  -81    0   28   18   13   38   30   22  -11  -11  -11
 26 Inocencio              -70  -201 -940 -192 -205 -139 -919 -120  -37 -574  -87 -646 -530  -81 -646  -64 -256   31  -16 -688  -63   -4  -16  118  -18  -28    0   58   70  327  173  108  160  104  196  103  344  373  361  929  980  978  987
 27 * Add-drift          -1581  -163 -201  -97    7 -215    0 -106  -92  -24  -30   30  -52 -314  -39 -138 -110  -55  -37    9    5   -2  -27   40   18   48  -58    0  -32    4   12    5    2   51  -42   12    7   11  -19  -37   10    4   34
 28 * Copy-drift         -1954  -182 -126  -96  -49 -255  -35 -135  -82  -79   -3  -43  -50 -250   -7  -96  -13   -2   24    9  -21    5  -57 -265   -5  -31  -70   32    0   35   -7   25    6   34  -83  -44    3  -35   12  -21   14  -28   17
 29 * Foxtrot            -2030  -348  -56 -394 -400  -31   -8 -176  -49  -15   36  -44    7   48  -19   16  -34   15 -234   25  -16   10   22  -64    4   -6 -327   -4  -35    0   19  -29   45  -27  -19  -17   38   11    4   -9  -11   35    7
 30 * Flat               -2876  -189 -127  -76 -210  -84 -117 -122  -49  -84 -115 -204  -90  -61 -174  -18 -157 -127 -131 -180 -123 -117   34  -86  -26   24 -173  -12    7  -19    0   46   23  -36    3 -157    1   -5  245  211   -2   -1 -398
 31 * Add-react          -3163  -316 -287 -351  -81  -93 -124 -312  -93  -30  -22  -79 -347 -118  -90  -93 -276 -181  -20   -1  -20  -55   34   -4    4   20 -108   -5  -25   29  -46    0  -29  -28  -31  -36  -59  -19   -5   63  115  -11  -33
 32 * Text               -3210  -134 -189  -88 -132 -141  -85  -85 -172 -109  -61 -178 -165 -154 -181  -51 -166 -165  -67  -54  -88   -6 -137 -123  -23   81 -160   -2   -6  -45  -23   29    0   14   -6   -2    6    0 -185  -74  -11 -185  113
 33 * Switch A Lot       -3435   -23 -251 -138 -191 -240 -172 -105 -142 -179 -136 -169 -111 -222 -144 -147 -148 -160  -63 -311  -89 -119  -22 -267  -12    0 -104  -51  -34   27   36   28  -14    0  -38 -154   75   38    8  306   17  -18    4
 34 Knucklehead          -3999  -579 -419 -448 -508 -177 -457 -478 -411 -189 -542 -290 -154 -277 -327 -124 -291 -157 -430  -67 -161 -189   14  -38   16  -28 -196   42   83   19   -3   31    6   38    0  -26   -1   89  119  588  -37 1000  960
 35 Peterbot             -7052  -875 -904 -897 -1000 -946 -255 -933 -703 -119 -277 -918 -583 -328 -979 -253 -874 -569  -34  -88   -2  -42 -347 -500   12  -18 -103  -12   44   17  157   36    2  154   26    0  246  399  435  982  997 1000 1000
 36 Always Switchin'     -7224  -264 -489 -217 -304 -482 -429 -246 -461 -435 -280 -297 -103 -404 -252 -273 -295 -202 -124 -482 -259 -265  -44 -469   36  -13 -344   -7   -3  -38   -1   59   -6  -75    1 -246    0    4   21  505  -19   -4  -18
 37 R-P-S 20-20-60       -9374  -315 -412 -172 -392 -394 -397 -289 -399 -276 -290 -374 -451 -413 -398 -170 -420 -392 -303 -232 -196 -130 -418 -398   -1  -38 -373  -11   35  -11    5   19    0  -38  -89 -399   -4    0 -344 -178   -1 -437  122
 38 Beat Frequent Pick  -14049  -920 -948 -946 -539 -592 -753 -598 -849 -550 -576 -594 -593 -592 -594 -387 -590 -594 -436 -597 -476 -418 -493 -999 -128  -30 -361   19  -12   -4 -245    5  185   -8 -119 -435  -21  344    0 -600    0  999  996
 39 Beat The Last Move  -19703  -997 -991 -985 -997 -991 -991 -993 -815 -904 -967 -996 -989 -985 -991 -939 -987 -998  -85 -497    5   29 -953 -997    1  -22 -929   37   21    9 -211  -63   74 -306 -588 -982 -505  178  600    0    1 1000  996
 40 Rotate R-P-S        -25392  -989 -995 -988 -994 -993 -989 -991 -994 -947 -998 -995 -994 -989 -998 -929 -993 -996 -969 -996 -991 -991 -944 -997  -21   11 -980  -10  -14   11    2 -115   11  -17   37 -997   19    1    0   -1    0    0 -669
 41 Good Ole Rock       -26206  -991 -999 -993 -996 -997 -997 -999 -995 -971 -1000 -998 -996 -995 -998 -986 -998 -1000 -1000 -997 -992 -993 -995 -999    0   11 -978   -4   28  -35    1   11  185   18 -1000 -1000    4  437 -999 -1000    0    0 1000
 42 * Anti-Flat         -27778  -991 -1000 -991 -990 -989 -1000 -996 -989 -972 -997 -995 -993 -993 -995 -957 -1000 -999 -999 -991 -986 -986 -978 -997  113   11 -987  -34  -17   -7  398   33 -113   -4 -960 -1000   18 -122 -996 -996  669 -1000    0

 Match results (draw <= 50): 

    Player Name           total  W  L  D   1  2  3  4  5  6  7  8  9 10 11 12 13 14 15 16 17 18 19 20 21 22 23 24 25 26 27 28 29 30 31 32 33 34 35 36 37 38 39 40 41 42
  1 Phasenbott              69  29  1 11   1  0  2  2  2  1  1  2  1  1  1  1  2  1  1  2  2  2  2  2  2  1  1  1  2  2  2  2  2  2  2  2  2  2  2  2  2  2  2  2  2  2
  2 Iocaine Powder          67  26  0 15   2  1  2  2  1  1  1  2  1  2  1  1  2  1  1  1  1  2  2  1  2  1  1  1  2  2  2  2  2  2  2  2  2  1  2  2  2  2  2  2  2  2
  3 MegaHAL                 65  26  2 13   0  0  1  2  1  1  1  1  2  1  1  1  2  1  1  2  1  2  2  1  2  1  2  1  2  2  2  2  2  2  2  2  2  2  2  2  2  2  2  2  2  2
  4 RussRocker4             64  27  4 10   0  0  0  1  1  1  1  1  2  1  1  2  2  1  1  1  2  2  2  0  2  2  2  1  2  2  2  2  2  2  2  2  2  2  2  2  2  2  2  2  2  2
  5 Simple Modeller         63  23  1 17   0  1  1  1  1  1  1  1  1  1  1  1  2  1  1  2  1  2  2  1  2  1  2  1  2  1  2  2  2  2  2  2  2  2  2  2  2  2  2  2  2  2
  6 Shofar                  62  21  0 20   1  1  1  1  1  1  1  1  1  1  2  1  1  1  1  2  1  2  1  1  2  2  2  1  2  1  2  1  2  2  1  2  2  2  2  2  2  2  2  2  2  2
  7 Biopic                  60  19  0 22   1  1  1  1  1  1  1  1  1  1  1  1  2  1  1  1  1  1  2  1  2  1  1  1  2  2  2  1  2  1  2  2  2  2  2  2  2  2  2  2  2  2
  8 ACT-R Lag2              60  21  2 18   0  0  1  1  1  1  1  1  1  1  1  1  1  1  1  2  2  2  2  1  2  2  2  1  2  1  2  1  2  1  1  2  2  2  2  2  2  2  2  2  2  2
  9 Bugbrain                60  21  2 18   1  1  0  0  1  1  1  1  1  1  2  1  1  1  1  1  1  2  2  1  2  1  2  1  2  1  2  2  2  2  2  2  1  2  2  2  2  2  2  2  2  2
 10 Yomi AI                 58  18  1 22   1  0  1  1  1  1  1  1  1  1  1  1  1  1  1  1  2  1  2  1  2  2  2  1  1  2  2  1  1  1  1  2  2  2  2  2  2  2  2  2  2  2
 11 Boom                    58  19  2 20   1  1  1  1  1  0  1  1  0  1  1  1  1  1  1  1  1  2  2  1  2  2  1  1  2  1  2  1  2  1  2  2  2  2  2  2  2  2  2  2  2  2
 12 Robertot                56  16  1 24   1  1  1  0  1  1  1  1  1  1  1  1  1  1  1  1  1  1  1  1  1  1  2  1  1  1  2  2  2  2  2  2  1  2  2  2  2  2  2  2  2  2
 13 Simple Predictor        53  20  8 13   0  0  0  0  0  1  0  1  1  1  1  1  1  1  0  1  2  2  1  0  2  1  1  1  2  1  2  2  2  2  2  2  2  2  2  2  2  2  2  2  2  2
 14 Majikthise              53  12  0 29   1  1  1  1  1  1  1  1  1  1  1  1  1  1  1  1  1  1  1  1  1  1  1  1  2  1  2  1  1  1  1  2  2  2  1  2  2  2  2  2  2  2
 15 Vroomfondel             53  12  0 29   1  1  1  1  1  1  1  1  1  1  1  1  2  1  1  1  1  1  1  1  1  1  1  1  1  1  2  1  1  1  2  2  2  2  1  2  1  2  2  2  2  2
 16 Sweet Rocky             52  16  5 20   0  1  0  1  0  0  1  0  1  1  1  1  1  1  1  1  1  1  1  1  1  1  1  1  2  1  2  2  2  1  2  2  2  2  2  2  2  2  2  2  2  2
 17 Piedra                  49  15  7 19   0  1  1  0  1  1  1  0  1  0  1  1  0  1  1  1  1  0  1  1  1  0  1  1  1  1  2  2  2  1  2  2  2  2  2  2  2  2  2  2  2  2
 18 ZQ Bot                  48  18 11 12   0  0  0  0  0  0  1  0  0  1  0  1  0  1  1  1  2  1  1  1  0  1  2  1  2  1  2  2  2  1  2  2  2  2  2  2  2  2  2  2  2  2
 19 Marble                  47  17 11 13   0  0  0  0  0  1  0  0  0  0  0  1  1  1  1  1  1  1  1  0  1  2  2  1  2  1  2  1  2  1  2  2  2  2  2  2  2  2  2  2  2  2
 20 * De Bruijn             46   7  2 32   0  1  1  2  1  1  1  1  1  1  1  1  2  1  1  1  1  1  2  1  2  2  2  1  1  1  1  1  1  1  1  1  1  1  1  1  1  1  2  1  0  1
 21 Granite                 44  16 13 12   0  0  0  0  0  0  0  0  0  0  0  1  0  1  1  1  1  2  1  0  1  1  1  1  2  1  2  1  2  1  2  2  2  2  2  2  2  2  2  2  2  2
 22 Mixed Strategy          44  11  8 22   1  1  1  0  1  0  1  0  1  0  0  1  1  1  1  1  2  1  0  0  1  1  1  0  1  1  2  1  2  2  1  1  1  1  2  1  2  2  2  2  2  2
 23 * Anti-rotn             43  14 12 15   1  1  0  0  0  0  1  0  0  0  1  0  1  1  1  1  1  0  0  0  1  1  1  0  2  1  2  1  2  1  1  2  2  2  2  2  2  2  2  2  2  2
 24 * Pi                    42   2  1 38   1  1  1  1  1  1  1  1  1  1  1  1  1  1  1  1  1  1  1  1  1  2  2  1  1  1  1  1  1  1  1  1  1  1  1  1  0  1  1  1  1  1
 25 Inocencio               41  17 17  7   0  0  0  0  0  0  0  0  0  1  0  1  0  0  1  0  1  0  0  1  0  1  0  1  1  2  2  2  2  2  2  2  2  2  2  2  2  2  2  2  2  2
 26 * Foxtrot               33   0  8 33   0  0  0  0  1  1  0  1  1  0  1  1  1  1  1  1  1  1  1  1  1  1  1  1  0  1  0  1  1  1  1  1  1  1  1  1  1  1  1  1  1  1
 27 Multi-strategy          31  13 23  5   0  0  0  0  0  0  0  0  0  0  0  0  0  0  0  0  0  0  0  1  0  0  0  1  0  2  1  1  2  2  1  1  2  2  2  2  2  2  2  2  2  2
 28 * Add-drift             30   1 12 28   0  0  0  0  0  1  1  1  0  1  1  0  0  1  1  0  0  0  1  1  1  1  1  1  0  1  1  1  1  1  1  1  1  2  1  1  1  1  1  1  1  1
 29 Peterbot                29   9 21 11   0  0  0  0  0  0  0  0  0  1  0  0  0  1  1  0  0  0  0  1  0  0  0  1  0  1  0  1  1  1  1  1  2  2  2  2  1  2  2  2  2  2
 30 * Copy-drift            28   0 13 28   0  0  0  0  0  0  1  1  0  1  1  0  0  1  1  1  1  1  1  1  1  0  1  1  0  1  0  1  1  1  1  0  1  1  1  1  1  1  1  1  1  1
 31 * Add-react             25   2 18 21   0  0  0  0  0  1  0  1  0  1  0  0  0  1  0  0  0  0  0  1  0  1  1  1  0  1  1  1  1  1  1  1  1  1  2  0  1  1  1  2  1  1
 32 Knucklehead             25   6 22 13   0  0  0  0  0  0  0  0  0  0  0  0  0  0  0  0  0  0  0  1  0  1  0  1  0  1  1  1  1  2  1  1  1  1  2  1  1  2  2  1  2  2
 33 * Flat                  20   2 23 16   0  0  0  0  0  0  0  0  1  0  0  1  0  0  0  0  0  0  0  1  0  1  0  1  0  1  0  1  0  1  1  1  1  1  2  1  1  1  2  1  0  1
 34 * Switch A Lot          19   2 24 15   0  1  0  0  0  0  0  0  0  0  0  0  0  0  0  0  0  0  0  1  0  1  0  1  0  1  0  0  0  1  1  1  1  1  2  2  1  1  1  1  1  1
 35 Beat The Last Move      18   5 28  8   0  0  0  0  0  0  0  0  0  0  0  0  0  1  1  0  0  0  0  1  0  0  0  1  0  1  0  1  0  1  0  0  0  0  1  0  2  2  2  1  2  2
 36 Always Switchin'        18   2 25 14   0  0  0  0  0  0  0  0  0  0  0  0  0  0  0  0  0  0  0  1  0  1  0  1  0  1  0  1  0  1  2  1  1  0  2  1  1  1  1  1  1  1
 37 * Text                  17   2 26 13   0  0  0  0  0  0  0  0  0  0  0  0  0  0  1  0  0  0  0  1  0  0  0  2  0  1  0  1  1  1  1  1  1  1  0  1  1  0  0  1  2  1
 38 Good Ole Rock           16   3 28 10   0  0  0  0  0  0  0  0  0  0  0  0  0  0  0  0  0  0  0  1  0  0  0  1  0  1  0  1  0  1  1  0  1  1  0  1  2  1  0  1  2  2
 39 Beat Frequent Pick      16   4 29  8   0  0  0  0  0  0  0  0  0  0  0  0  0  0  0  0  0  0  0  0  0  0  0  1  0  1  0  1  0  1  1  0  0  1  0  1  2  2  1  1  2  2
 40 Rotate R-P-S            14   0 27 14   0  0  0  0  0  0  0  0  0  0  0  0  0  0  0  0  0  0  0  1  0  0  0  1  0  1  0  1  0  1  0  1  1  1  1  1  1  1  1  1  0  1
 41 * Anti-Flat             13   3 31  7   0  0  0  0  0  0  0  0  0  0  0  0  0  0  0  0  0  0  0  2  0  0  0  1  0  1  0  1  0  1  1  0  2  1  0  1  0  0  0  2  1  0
 42 R-P-S 20-20-60          13   1 29 11   0  0  0  0  0  0  0  0  0  0  0  0  0  0  0  0  0  0  0  1  0  0  0  1  0  1  0  1  0  1  1  0  1  1  0  1  1  0  0  1  2  1


   Yomi AI is match ranked 10

 Tournament results:
    Player Name          total 
  1 Yomi AI               5477 
 19 Iocaine Powder       10983 
 20 Phasenbott           10023 
 21 MegaHAL              10658 
 22 RussRocker4           7796 
 23 Biopic                8799 
 24 Simple Modeller       8548 
 25 Simple Predictor      6683 
 26 Robertot              7552 
 27 Boom                  8163 
 28 Shofar                7192 
 29 ACT-R Lag2            6892 
 32 Granite               6518 
 33 Marble                6855 
 34 ZQ Bot                5962 
 35 Sweet Rocky           6687 
 36 Piedra                5922 
 41 Bugbrain              5964 

   Yomi is tournament ranked 18

