 Playing 1 tournaments with 1000 trials per match...

 Yomi AI            vs Good Ole Rock       Match: 1000 (1000+   0-   0=)
 Yomi AI            vs R-P-S 20-20-60      Match:  232 (486+ 254- 260=)
 Yomi AI            vs Rotate R-P-S        Match:  524 (701+ 177- 122=)
 Yomi AI            vs Beat The Last Move  Match:   53 (370+ 317- 313=)
 Yomi AI            vs Always Switchin'    Match:  194 (466+ 272- 262=)
 Yomi AI            vs Beat Frequent Pick  Match:  477 (694+ 217-  89=)
 Yomi AI            vs * Pi                Match:    1 (341+ 340- 319=)
 Yomi AI            vs * Switch A Lot      Match:  149 (426+ 277- 297=)
 Yomi AI            vs * Flat              Match:  163 (445+ 282- 273=)
 Yomi AI            vs * Anti-Flat         Match:  631 (769+ 138-  93=)
 Yomi AI            vs * Foxtrot           Match:  323 (548+ 225- 227=)
 Yomi AI            vs * De Bruijn         Match:  -15 (321+ 336- 343=)
 Yomi AI            vs * Text              Match:  129 (419+ 290- 291=)
 Yomi AI            vs * Anti-rotn         Match:   12 (343+ 331- 326=)
 Yomi AI            vs * Copy-drift        Match:   31 (358+ 327- 315=)
 Yomi AI            vs * Add-react         Match:   23 (351+ 328- 321=)
 Yomi AI            vs * Add-drift         Match:   57 (361+ 304- 335=)
 Yomi AI            vs Iocaine Powder      Match:  -18 (323+ 341- 336=)
 Yomi AI            vs Phasenbott          Match:  -31 (295+ 326- 379=)
 Yomi AI            vs MegaHAL             Match:   21 (354+ 333- 313=)
 Yomi AI            vs RussRocker4         Match:   -1 (337+ 338- 325=)
 Yomi AI            vs Biopic              Match:   33 (349+ 316- 335=)
 Yomi AI            vs Simple Modeller     Match:  -29 (315+ 344- 341=)
 Yomi AI            vs Simple Predictor    Match:   31 (369+ 338- 293=)
 Yomi AI            vs Robertot            Match:  -15 (345+ 360- 295=)
 Yomi AI            vs Boom                Match:   13 (344+ 331- 325=)
 Yomi AI            vs Shofar              Match:   -2 (337+ 339- 324=)
 Yomi AI            vs ACT-R Lag2          Match:    2 (346+ 344- 310=)
 Yomi AI            vs Majikthise          Match:   12 (339+ 327- 334=)
 Yomi AI            vs Vroomfondel         Match:   -6 (331+ 337- 332=)
 Yomi AI            vs Granite             Match:   93 (413+ 320- 267=)
 Yomi AI            vs Marble              Match:   90 (444+ 354- 202=)
 Yomi AI            vs ZQ Bot              Match:   79 (425+ 346- 229=)
 Yomi AI            vs Sweet Rocky         Match:   21 (365+ 344- 291=)
 Yomi AI            vs Piedra              Match:   28 (355+ 327- 318=)
 Yomi AI            vs Mixed Strategy      Match:  -10 (343+ 353- 304=)
 Yomi AI            vs Multi-strategy      Match:  171 (468+ 297- 235=)
 Yomi AI            vs Inocencio           Match:   90 (425+ 335- 240=)
 Yomi AI            vs Peterbot            Match:    1 (341+ 340- 319=)
 Yomi AI            vs Bugbrain            Match:  -23 (329+ 352- 319=)
 Yomi AI            vs Knucklehead         Match:  450 (627+ 177- 196=)
Error: return value out of range.
Error: return value out of range.
Error: return value out of range.
Error: return value out of range.
Error: return value out of range.
 Final results (draw value = 50):

 Tournament results: 

    Player Name          total     1    2    3    4    5    6    7    8    9   10   11   12   13   14   15   16   17   18   19   20   21   22   23   24   25   26   27   28   29   30   31   32   33   34   35   36   37   38   39   40   41   42
  1 Iocaine Powder       10873     0  218   77   26   57  -22  516  153   19  189   45  228   62  -12   12  315   24   18    4   36    0   58  217  335   16  -46  200  255  373  171  296  133   -6  547  912  202  403  898  983  989  992  980
  2 Phasenbott           10605  -218    0   69   15   46   63  539  116   20  215   86  187   38   13  -13  243   44   31   13  137   53   82  596  256   44  -23  186  110  414  125  388   82  118  364  896  255  111  952  983  994  996  979
  3 MegaHAL               9429   -77  -69    0   32  -59   37  115   76   35  192   41  240   47   13   10  220   22  -21   20   93   20   44  128  216  -19  -30  199   24   86  118  276  189  231  397  832  418  391  975  990  988 1000  989
  4 Biopic                8655   -26  -15  -32    0  -29    8  -27   23   41  126   40  122   31    4   27  119   26  -33   -6   28   -4   47  142  216    8  -36    7   92  352  148   66  140  228  529  711  299  364  934  996  995  997  997
  5 Simple Modeller       8392   -57  -46   59   29    0   13  -52  242    2   53   -6   49   73  -15   65  303   70   29   -8   60  -29   43  376  167  -44  -12  246  212  -43  103  106  150  220  263  279  519  403  593  990  989  999  999
  6 Robertot              8296    22  -63  -37   -8  -13    0    3   93   36  -12  -12   55   35    2   14  148   40   15   -1  106  -44   42   58  259  -61  -27    4   97    3   85   85  174  108  395  997  467  419  866  968  991  996  991
  7 RussRocker4           7608  -516 -539 -115   27   52   -3    0   95   11  169   27  121   67  -13    8  183   15    1   -5   77    8   49  124  187   -5  -16   90   71  179  114  347   59  161  460  947  234  359  593  994  994 1000  997
  8 Simple Predictor      7458  -153 -116  -76  -23 -242  -93  -95    0    1   39  -81   18   53  -13   44  142   49  -31   12   45   10   61  618  191  -62  -14  296  299  -54  129  169  166  182  331  313  410  380  588  985  990  993  997
  9 Boom                  7072   -19  -20  -35  -41   -2  -36  -11   -1    0   23  -29   14   32  -14   22   88   15  -13   10  -25  -34   39    9  401  -28   22   61    6   25   51  116  134  206  441  134  401  411  753  985  990  995  996
 10 Marble                6869  -189 -215 -192 -126  -53   12 -169  -39  -23    0 -109  -26   39  -63  -72    8   78  -90  -67   50   29   55  640  303  -72    1   35  -13   55  171   87  181  173  342  887  248  414  592  992  997  998 1000
 11 ACT-R Lag2            6742   -45  -86  -41  -40    6   12  -27   81   29  109    0  131   52  -33   23   44   19   -2  -32  106   36   34   70  291 -105   48   69   27  -74   65   54   62  110  539  405  253  300  557  712  994  998  991
 12 Granite               6667  -228 -187 -240 -122  -49  -55 -121  -18  -14   26 -131    0   50  -50  -99    1   46  -93  -19   16  -30   59  644  268   -2  -22  -11   85   25  136   95  182  138  290  834  303  383  591  991  997  998 1000
 13 Piedra                6363   -62  -38  -47  -31  -73  -35  -67  -53  -32  -39  -52  -50    0  -15  -88  -30   37  -28  -68  -15  -19  -33   -5  127  -63  -30   24  -30  -31   91  165  183  136  175 1000  442  444  595  992  992  997  997
 14 Shofar                6113    12  -13  -13   -4   15   -2   13   13   14   63   33   50   15    0   13   87   38    2   24   72  -12   46   52   59  -72  -15   41   90  -38   37   30  128  148   79   32  409  326  553  901  928  980  979
 15 Bugbrain              6049   -12   13  -10  -27  -65  -14   -8  -44  -22   72  -23   99   88  -13    0  173    9   23  -36   38   12   48   38  128  -17   26  120   67   -5   32  110   22   76  188  260  223  203  386  965  959  985  982
 16 ZQ Bot                5373  -315 -243 -220 -119 -303 -148 -183 -142  -88   -8  -44   -1   30  -87 -173    0   28  -79  -64  -18  -74   50  -53  200  -45  -11   50   90   16  175  354  166  231  341  883  192  425  592  985  990  994  999
 17 Sweet Rocky           5187   -24  -44  -22  -26  -70  -40  -15  -49  -15  -78  -19  -46  -37  -38   -9  -28    0  -21  -29   14  -26   37  -23  -33  -45    5    2   28  -39  137  190  171   97   82   85  181  373  594  989  993  994  991
 18 Yomi AI               4984   -18  -31   21   33  -29  -15   -1   31   13   90    2   93   28   -2  -23   79   21    0   12  -10   -6   12   90  171  -15    1   57   31  323  163   23  129  149  450    1  194  232  477   53  524 1000  631
 19 Majikthise            4815    -4  -13  -20    6    8    1    5  -12  -10   67   32   19   68  -24   36   64   29  -12    0   48   11   11   53  214  -56   17  -48    9   -5   61   -3   41   96  202   31  280  174  464   -2  993  991  993
 20 Mixed Strategy        4771   -36 -137  -93  -28  -60 -106  -77  -45   25  -50 -106  -16   15  -72  -38   18  -14   10  -48    0  -89   33  -52   60  -62  -47  -23   40   -9   41   70  163    4  173  238  303  305  538  983  971  995  994
 21 Vroomfondel           4723     0  -53  -20    4   29   44   -8  -10   34  -29  -36   30   19   12  -12   74   26    6  -11   89    0    1   17  207   15   34    6   10   33  103   27   -1  109  222  -18  217  139  447   -8  990  993  992
 22 * Anti-rotn           4677   -58  -82  -44  -47  -43  -42  -49  -61  -39  -55  -34  -59   33  -46  -48  -50  -37  -12  -11  -33   -1    0  -32  253  -52  -56  -10   13  -21  187   11   59  277   90   15  515  162  597  495  998  999  995
 23 Inocencio             2566  -217 -596 -128 -142 -376  -58 -124 -618   -9 -640  -70 -644    5  -52  -38   53   23  -90  -53   52  -17   32    0   81  -48  -11   31  154  285  149  113  159  121  193  189  198  403  357  964  980  982  973
 24 Multi-strategy        2226  -335 -256 -216 -216 -167 -259 -187 -191 -401 -303 -291 -268 -127  -59 -128 -200   33 -171 -214  -60 -207 -253  -81    0  -50  -20   31  258   12  198   33  123  304   -4   34  506  369  999  997  997  999  997
 25 * De Bruijn            950   -16  -44   19   -8   44   61    5   62   28   72  105    2   63   72   17   45   45   15   56   62  -15   52   48   50    0   -1   31  -15   10  -17   18   23   54   -9  -13    1   -6  128   -1   21    0 -114
 26 * Pi                   157    46   23   30   36   12   27   16   14  -22   -1  -48   22   30   15  -26   11   -5   -1  -17   47  -34   56   11   20    1    0  -20    8   -5  -12  -37  -81   15  -22   -6   15   21   30   22  -11  -11  -12
 27 * Add-drift          -1731  -200 -186 -199   -7 -246   -4  -90 -296  -61  -35  -69   11  -24  -41 -120  -50   -2  -57   48   23   -6   10  -31  -31  -31   20    0  -15   12  -41   11  -27   12   36  -32   23  -10  -19  -20   -1    4   10
 28 * Copy-drift         -1948  -255 -110  -24  -92 -212  -97  -71 -299   -6   13  -27  -85   30  -90  -67  -90  -28  -31   -9  -40  -10  -13 -154 -258   15   -8   15    0  -30    4   16   38   20  -29  -26  -16   38    7  -12   19    8   18
 29 * Foxtrot            -1967  -373 -414  -86 -352   43   -3 -179   54  -25  -55   74  -25   31   38    5  -16   39 -323    5    9  -33   21 -285  -12  -10    5  -12   30    0  -19  -25   56   -7  -28  -44  -11  -37    4  -21   -2   -2   18
 30 * Flat               -2953  -171 -125 -118 -148 -103  -85 -114 -129  -51 -171  -65 -136  -91  -37  -32 -175 -137 -163  -61  -41 -103 -187 -149 -198   17   12   41   -4   19    0  -19  -14   -6   -3 -213   41  -69  224  177   27   -1 -392
 31 * Add-react          -3215  -296 -388 -276  -66 -106  -85 -347 -169 -116  -87  -54  -95 -165  -30 -110 -354 -190  -23    3  -70  -27  -11 -113  -33  -18   37  -11  -16   25   19    0  -30  -12   24  -14    0   13    4  -40  -29    6   35
 32 * Text               -3282  -133  -82 -189 -140 -150 -174  -59 -166 -134 -181  -62 -182 -183 -128  -22 -166 -171 -129  -41 -163    1  -59 -159 -123  -23   81   27  -38  -56   14   30    0  -19   12   11   39  -21 -185  -74  -11 -185  111
 33 * Switch A Lot       -3540     6 -118 -231 -228 -220 -108 -161 -182 -206 -173 -110 -138 -136 -148  -76 -231  -97 -149  -96   -4 -109 -277 -121 -304  -54  -15  -12  -20    7    6   12   19    0  -42 -150    6    4   28  310   24  -25  -21
 34 Knucklehead          -4160  -547 -364 -397 -529 -263 -395 -460 -331 -441 -342 -539 -290 -175  -79 -188 -341  -82 -450 -202 -173 -222  -90 -193    4    9   22  -36   29   28    3  -24  -12   42    0    4   46   41  157  836  -18  998  804
 35 Peterbot             -5353  -912 -896 -832 -711 -279 -997 -947 -313 -134 -887 -405 -834 -1000  -32 -260 -883  -85   -1  -31 -238   18  -15 -189  -34   13    6   32   26   44  213   14  -11  150   -4    0  262  398  435  981  998 1000  987
 36 Always Switchin'     -7501  -202 -255 -418 -299 -519 -467 -234 -410 -401 -248 -253 -303 -442 -409 -223 -192 -181 -194 -280 -303 -217 -515 -198 -506   -1  -15  -23   16   11  -41    0  -39   -6  -46 -262    0  -30  108  529   12   17  -62
 37 R-P-S 20-20-60       -9049  -403 -111 -391 -364 -403 -419 -359 -380 -411 -414 -300 -383 -444 -326 -203 -425 -373 -232 -174 -305 -139 -162 -403 -369    6  -21   10  -38   37   69  -13   21   -4  -41 -398   30    0 -396 -218    4 -443  239
 38 Beat Frequent Pick  -14617  -898 -952 -975 -934 -593 -866 -593 -588 -753 -592 -557 -591 -595 -553 -386 -592 -594 -477 -464 -538 -447 -597 -357 -999 -128  -30   19   -7   -4 -224   -4  185  -28 -157 -435 -108  396    0 -600    0  999 1000
 39 Beat The Last Move  -19751  -983 -983 -990 -996 -990 -968 -994 -985 -985 -992 -712 -991 -992 -901 -965 -985 -989  -53    2 -983    8 -495 -964 -997    1  -22   20   12   21 -177   40   74 -310 -836 -981 -529  218  600    0    1 1000 1000
 40 Rotate R-P-S        -24953  -989 -994 -988 -995 -989 -991 -994 -990 -990 -997 -994 -997 -992 -928 -959 -990 -993 -524 -993 -971 -990 -998 -980 -997  -21   11    1  -19    2  -27   29   11  -24   18 -998  -12   -4    0   -1    0    0 -696
 41 Good Ole Rock       -26238  -992 -996 -1000 -997 -999 -996 -1000 -993 -995 -998 -998 -998 -997 -980 -985 -994 -994 -1000 -991 -995 -993 -999 -982 -999    0   11   -4   -8    2    1   -6  185   25 -998 -1000  -17  443 -999 -1000    0    0  998
 42 * Anti-Flat         -27362  -980 -979 -989 -997 -999 -991 -997 -997 -996 -1000 -991 -1000 -997 -979 -982 -999 -991 -631 -993 -994 -992 -995 -973 -997  114   12  -10  -18  -18  392  -35 -111   21 -804 -987   62 -239 -1000 -1000  696 -998    0

 Match results (draw <= 50): 

    Player Name           total  W  L  D   1  2  3  4  5  6  7  8  9 10 11 12 13 14 15 16 17 18 19 20 21 22 23 24 25 26 27 28 29 30 31 32 33 34 35 36 37 38 39 40 41 42
  1 Phasenbott              69  29  1 11   1  0  1  2  2  1  1  2  2  1  1  1  1  2  2  1  1  2  2  1  2  2  2  1  2  2  2  2  2  2  2  2  2  2  2  2  2  2  2  2  2  2
  2 Iocaine Powder          68  27  0 14   2  1  2  2  2  1  1  1  1  1  1  1  1  2  1  1  1  2  2  2  2  2  1  1  2  2  2  2  2  2  2  2  2  2  1  2  2  2  2  2  2  2
  3 Simple Modeller         64  25  2 14   1  0  1  0  2  1  1  1  1  2  1  1  1  2  1  2  1  1  2  2  1  2  2  1  2  1  2  2  2  2  2  2  2  2  2  2  2  2  2  2  2  2
  4 RussRocker4             63  25  3 13   0  0  2  1  0  1  1  1  1  1  1  1  1  2  1  1  1  2  2  2  1  2  2  1  2  2  2  2  2  2  2  2  2  2  2  2  2  2  2  2  2  2
  5 MegaHAL                 61  23  3 15   0  0  0  2  1  1  1  1  1  1  1  1  1  2  1  1  1  2  2  1  1  2  2  1  2  2  2  2  2  1  2  2  2  2  2  2  2  2  2  2  2  2
  6 Biopic                  61  20  0 21   1  1  1  1  1  1  1  1  1  1  1  1  1  1  1  1  1  2  2  1  1  2  1  1  2  2  2  1  2  2  2  2  2  2  2  2  2  2  2  2  2  2
  7 Yomi AI                 59  18  0 23   1  1  1  1  1  1  1  1  1  1  1  1  1  1  1  1  1  2  2  1  1  2  1  1  2  2  1  2  2  1  1  2  2  2  2  2  2  2  2  2  2  2
  8 Robertot                59  20  2 19   0  1  1  1  1  1  1  1  1  1  1  1  1  2  1  1  0  2  1  1  1  2  2  1  2  1  2  1  2  2  2  2  2  2  2  2  2  2  2  2  2  2
  9 ACT-R Lag2              59  21  3 17   0  1  1  1  1  1  1  1  1  1  1  1  1  2  1  1  0  2  2  2  1  2  2  1  1  0  2  2  2  1  2  2  2  2  2  2  2  2  2  2  2  2
 10 Bugbrain                58  18  1 22   1  1  0  1  1  1  1  1  1  1  1  1  1  1  1  1  1  2  2  2  1  1  1  1  2  1  2  2  2  2  2  2  2  1  2  1  2  2  2  2  2  2
 11 Boom                    57  16  0 25   1  1  1  1  1  1  1  1  1  1  1  1  1  1  1  1  1  1  1  1  1  1  1  1  2  1  2  2  2  1  2  2  2  2  2  2  2  2  2  2  2  2
 12 Shofar                  56  16  1 24   1  1  1  1  1  1  1  1  1  1  1  1  1  1  1  1  0  1  2  1  1  2  2  1  2  1  1  1  2  2  1  2  2  1  2  2  2  2  2  2  2  2
 13 Majikthise              54  14  1 26   1  1  1  1  1  1  1  1  1  1  1  1  1  1  1  1  0  1  2  2  1  2  1  1  2  1  1  1  2  1  1  2  1  2  2  1  2  2  2  2  2  2
 14 Simple Predictor        52  20  9 12   0  0  0  0  0  1  1  0  0  1  1  1  1  1  1  1  0  1  1  2  2  2  1  1  2  0  2  2  2  2  2  2  2  2  2  2  2  2  2  2  2  2
 15 Vroomfondel             52  12  1 28   0  1  1  1  1  1  1  1  1  1  1  1  1  1  1  1  1  1  1  1  1  1  2  1  2  1  1  1  2  1  1  2  1  2  2  1  2  2  2  2  2  2
 16 Sweet Rocky             52  13  2 26   1  1  0  1  1  1  1  1  1  1  1  1  1  1  1  1  1  1  0  1  1  1  1  1  1  1  2  1  1  1  2  2  2  2  2  2  2  2  2  2  2  2
 17 * De Bruijn             51  11  1 29   1  1  1  1  1  1  1  2  2  1  1  2  2  2  1  1  1  1  2  2  2  1  2  1  1  1  1  1  1  1  1  1  1  1  2  1  1  1  1  2  1  0
 18 Granite                 49  17  9 15   0  0  1  0  0  0  0  0  0  0  1  1  1  1  1  1  1  1  1  1  2  2  1  1  1  1  2  1  2  2  2  2  2  2  2  2  2  2  2  2  2  2
 19 Marble                  47  18 12 11   0  0  0  0  0  0  0  1  0  0  1  0  0  1  1  2  0  1  1  1  2  2  1  1  1  2  2  1  2  1  2  2  2  2  2  2  2  2  2  2  2  2
 20 Piedra                  47  14  8 19   1  0  0  0  1  1  1  1  0  0  1  1  0  0  1  1  0  1  1  1  1  1  1  1  1  1  2  1  2  1  2  2  2  2  2  2  2  2  2  2  2  2
 21 * Anti-rotn             46  12  7 22   0  0  1  1  1  1  1  1  1  1  1  1  1  0  1  1  0  0  0  1  1  1  1  0  1  1  1  1  2  1  1  2  2  2  2  2  2  2  2  2  2  2
 22 Inocencio               45  18 14  9   0  0  0  0  0  0  0  0  0  1  1  0  0  0  1  1  1  0  0  1  1  1  2  1  2  2  2  1  2  2  2  2  2  2  2  2  2  2  2  2  2  2
 23 Mixed Strategy          43  12 10 19   0  1  0  0  0  1  1  0  0  1  1  0  1  1  0  1  0  1  1  1  1  0  1  1  1  1  2  1  2  1  2  2  2  1  1  2  2  2  2  2  2  2
 24 * Pi                    41   1  1 39   1  1  1  1  1  1  1  1  1  1  1  1  1  1  1  1  1  1  1  1  2  1  1  1  1  1  1  1  1  1  1  1  1  1  1  0  1  1  1  1  1  1
 25 ZQ Bot                  41  15 15 11   0  0  0  0  0  0  0  0  1  0  0  0  0  0  0  1  1  1  1  1  1  0  1  1  1  1  2  1  2  2  2  2  2  2  2  2  2  2  2  2  2  2
 26 * Foxtrot               36   3  8 30   0  0  1  0  0  0  0  1  2  1  1  1  1  2  1  1  1  1  0  1  1  0  1  1  1  1  1  1  1  1  1  1  1  1  1  2  1  1  1  1  1  1
 27 Peterbot                32   9 18 14   0  0  0  0  0  0  1  0  0  0  0  1  1  0  1  0  1  0  0  0  1  0  0  1  0  1  1  1  1  1  1  1  2  2  2  1  2  2  2  2  2  2
 28 * Add-drift             31   0 10 31   0  0  0  0  0  1  0  1  0  0  0  1  1  0  1  1  1  1  1  1  1  1  1  1  1  1  1  1  1  1  1  1  1  1  1  1  1  1  1  1  1  1
 29 Multi-strategy          30  11 22  8   0  0  0  0  0  0  0  0  0  0  0  0  0  0  0  1  1  0  0  0  0  0  0  1  0  1  1  1  1  2  1  1  2  2  2  2  2  2  2  2  2  2
 30 * Copy-drift            28   0 13 28   0  0  0  0  1  0  1  0  1  0  1  0  1  0  1  1  1  0  1  1  1  0  1  1  0  1  1  1  0  1  1  1  1  1  1  1  1  1  1  1  1  1
 31 * Add-react             23   0 18 23   0  0  0  0  0  0  1  0  0  0  0  1  1  0  1  0  1  0  0  0  1  0  0  1  0  1  1  1  1  1  1  1  1  1  1  1  1  1  1  1  1  1
 32 Knucklehead             22   4 23 14   0  0  0  0  0  0  0  0  0  0  0  0  0  0  0  0  1  0  0  0  0  0  0  1  0  1  1  1  1  1  1  1  2  1  1  1  1  2  1  2  1  2
 33 Beat The Last Move      19   5 27  9   0  0  0  0  0  0  0  0  0  0  0  0  1  0  1  0  1  0  0  0  0  0  0  1  0  1  0  1  0  1  1  0  1  0  0  2  0  2  1  2  2  2
 34 * Flat                  19   2 24 15   0  0  0  0  0  0  0  0  0  1  0  1  0  0  0  0  1  0  0  0  0  0  1  1  0  1  0  1  0  1  1  1  2  1  1  1  1  1  1  2  0  0
 35 * Switch A Lot          18   1 24 16   0  1  0  0  0  0  0  0  0  0  0  0  0  0  0  0  0  0  0  0  0  0  1  1  0  1  0  1  0  1  1  1  2  1  1  1  1  1  1  1  1  1
 36 * Text                  18   2 25 14   0  0  0  0  0  0  0  0  0  1  0  0  1  0  1  0  1  0  0  0  0  0  0  2  0  0  1  1  0  1  1  1  0  1  1  1  1  0  1  0  1  2
 37 Always Switchin'        17   2 26 13   0  0  0  0  0  0  0  0  0  0  0  0  0  0  0  0  1  0  0  0  0  0  0  1  0  1  0  1  0  1  1  1  2  1  1  1  1  1  1  2  1  0
 38 Good Ole Rock           16   3 28 10   0  0  0  0  0  0  0  0  0  0  0  0  0  0  0  0  1  0  0  0  0  0  0  1  0  1  0  1  0  1  1  0  0  1  1  2  1  1  1  0  2  2
 39 Rotate R-P-S            15   0 26 15   0  0  0  0  0  0  0  0  0  0  0  0  0  0  0  0  1  0  0  0  0  0  0  1  0  1  0  1  0  1  1  1  1  1  1  1  1  1  1  1  1  0
 40 Beat Frequent Pick      15   4 30  7   0  0  0  0  0  0  0  0  0  0  0  0  0  0  0  0  0  0  0  0  0  0  0  1  0  1  0  1  0  1  1  0  0  0  1  2  0  2  1  1  2  2
 41 R-P-S 20-20-60          15   2 28 11   0  0  0  0  0  0  0  0  0  0  0  0  0  0  0  0  1  0  0  0  0  0  0  1  0  1  0  1  0  1  1  1  0  2  1  1  1  0  1  0  1  2
 42 * Anti-Flat             14   4 31  6   0  0  0  0  0  0  0  0  0  0  0  0  0  0  0  0  2  0  0  0  0  0  0  1  0  1  0  1  0  1  1  0  0  2  1  0  2  0  2  0  0  1


   Yomi AI is match ranked 7

 Tournament results:
    Player Name          total 
  1 Yomi AI               4984 
 19 Iocaine Powder       10873 
 20 Phasenbott           10605 
 21 MegaHAL               9429 
 22 RussRocker4           7608 
 23 Biopic                8655 
 24 Simple Modeller       8392 
 25 Simple Predictor      7458 
 26 Robertot              8296 
 27 Boom                  7072 
 28 Shofar                6113 
 29 ACT-R Lag2            6742 
 32 Granite               6667 
 33 Marble                6869 
 34 ZQ Bot                5373 
 35 Sweet Rocky           5187 
 36 Piedra                6363 
 41 Bugbrain              6049 

   Yomi is tournament ranked 18

