 Playing 1 tournaments with 1000 trials per match...

 Yomi AI            vs Good Ole Rock       Match: 1000 (1000+   0-   0=)
 Yomi AI            vs R-P-S 20-20-60      Match:  276 (508+ 232- 260=)
 Yomi AI            vs Rotate R-P-S        Match:  825 (855+  30- 115=)
 Yomi AI            vs Beat The Last Move  Match:   13 (340+ 327- 333=)
 Yomi AI            vs Always Switchin'    Match:  124 (423+ 299- 278=)
 Yomi AI            vs Beat Frequent Pick  Match:  422 (618+ 196- 186=)
 Yomi AI            vs * Pi                Match:  -34 (317+ 351- 332=)
 Yomi AI            vs * Switch A Lot      Match:   97 (393+ 296- 311=)
 Yomi AI            vs * Flat              Match:   46 (351+ 305- 344=)
 Yomi AI            vs * Anti-Flat         Match:  991 (992+   1-   7=)
 Yomi AI            vs * Foxtrot           Match:  322 (536+ 214- 250=)
 Yomi AI            vs * De Bruijn         Match:  -76 (299+ 375- 326=)
 Yomi AI            vs * Text              Match:   67 (372+ 305- 323=)
 Yomi AI            vs * Anti-rotn         Match:   31 (355+ 324- 321=)
 Yomi AI            vs * Copy-drift        Match:   -3 (330+ 333- 337=)
 Yomi AI            vs * Add-react         Match:   26 (337+ 311- 352=)
 Yomi AI            vs * Add-drift         Match:   28 (347+ 319- 334=)
 Yomi AI            vs Iocaine Powder      Match:   20 (344+ 324- 332=)
 Yomi AI            vs Phasenbott          Match:  -12 (325+ 337- 338=)
 Yomi AI            vs MegaHAL             Match:   49 (358+ 309- 333=)
 Yomi AI            vs RussRocker4         Match:   30 (352+ 322- 326=)
 Yomi AI            vs Biopic              Match:   -5 (348+ 353- 299=)
 Yomi AI            vs Simple Modeller     Match:  -20 (333+ 353- 314=)
 Yomi AI            vs Simple Predictor    Match:   36 (367+ 331- 302=)
 Yomi AI            vs Robertot            Match:   18 (370+ 352- 278=)
 Yomi AI            vs Boom                Match:   55 (381+ 326- 293=)
 Yomi AI            vs Shofar              Match:   10 (338+ 328- 334=)
 Yomi AI            vs ACT-R Lag2          Match:  -26 (336+ 362- 302=)
 Yomi AI            vs Majikthise          Match:   61 (371+ 310- 319=)
 Yomi AI            vs Vroomfondel         Match:  -22 (321+ 343- 336=)
 Yomi AI            vs Granite             Match:  115 (433+ 318- 249=)
 Yomi AI            vs Marble              Match:  121 (426+ 305- 269=)
 Yomi AI            vs ZQ Bot              Match:  130 (429+ 299- 272=)
 Yomi AI            vs Sweet Rocky         Match:   62 (374+ 312- 314=)
 Yomi AI            vs Piedra              Match:   19 (356+ 337- 307=)
 Yomi AI            vs Mixed Strategy      Match:  -16 (333+ 349- 318=)
 Yomi AI            vs Multi-strategy      Match:  244 (481+ 237- 282=)
 Yomi AI            vs Inocencio           Match:   85 (404+ 319- 277=)
 Yomi AI            vs Peterbot            Match:   22 (355+ 333- 312=)
 Yomi AI            vs Bugbrain            Match:   37 (351+ 314- 335=)
 Yomi AI            vs Knucklehead         Match:  415 (598+ 183- 219=)
 Final results (draw value = 50):

 Tournament results: 

    Player Name          total     1    2    3    4    5    6    7    8    9   10   11   12   13   14   15   16   17   18   19   20   21   22   23   24   25   26   27   28   29   30   31   32   33   34   35   36   37   38   39   40   41   42
  1 Iocaine Powder       10626     0    0   43   67  487   42   -3   76  -21  246  264  192  -19   29   94   14  282  -20   64   72   12   17  287   15   18  161  129  183  374  291  206  129   28  596  852  164  366  924  987  979 1000  999
  2 Phasenbott           10253     0    0    7   34  519   29   65   67   52  142  223  170    6   78   93   16  256   12   53  104   63   47  205   48   18  185  119   94  380  303  122   63   86  404  931  230  183  905  989  991  994  967
  3 Simple Modeller       9644   -43   -7    0    0    2   -8   11   54   -3  293   51   81  -17   60   -3   86  282   20   96   57   16    4  218  -10  -20  786  240  248    7  114  100  129  245  193  939  461  387  592  994  992  998  999
  4 MegaHAL               9503   -67  -34    0    0   97   39   49   29    5   65  258  276  -35   36   32  -12  241  -49   64   36    8   13  221  -25  -20  184  224   76   31  254  102  142  231  356  963  412  386  934  988  995  998 1000
  5 RussRocker4           8682  -487 -519   -2  -97    0   19   11   44   36  110  159  183   17   40  -15   58  149  -30   89   18    9   -5  349  -32    7  789  124  141  196  295  122   57  129  489  876  238  229  899  994  994  999 1000
  6 Biopic                8562   -42  -29    8  -39  -19    0  -16   27    9   43  134  164  -11   60   48   16  110    5   42  114  -43   -6  286  -17    7  146  -33   48  334   36  148  131  115  492  765  315  355  881  995  992  999  992
  7 Robertot              7402     3  -65  -11  -49  -11   16    0   46   48  -11   90   75  -22   50  -63  -56   95  -18   57   12    3   31  280  -72  -25   10  -18   31  -30   50   93  162   73  480  660  461  363  855  816  995  998 1000
  8 Piedra                7393   -76  -67  -54  -29  -44  -27  -46    0  -27  -59  -30  -42  -23  -26  -23  -47  -71  -19   47   64  -29  -19  101  -17    9  732   32   27   76  370  130  154   67  149 1000  264  375  596  993  991  994  997
  9 Boom                  7164    21  -52    3   -5  -36   -9  -48   27    0    6   56   75  -37   32  -18  -23   38  -55   37   43  -21   11  284    5   25  325  -13   30   52  104  -38  126  128  494  149  447  280  753  991  990  995  992
 10 Simple Predictor      6963  -246 -142 -293  -65 -110  -43   11   59   -6    0   52   31  -14   75  -11   -1  135  -36   44   29  -23  -34  220  -73   19  249  294  260   37   98   97  149  242  254  339  389  429  587  985  990  993  993
 11 Marble                6635  -264 -223  -51 -258 -159 -134  -90   30  -56  -52    0    4  -45   15 -133  -71   59 -121   42   33   -4  -30  400  -72  -23  647   32   43   35  101  135  180  161  323  937  273  400  592  996  996  998  989
 12 Granite               6591  -192 -170  -81 -276 -183 -164  -75   42  -75  -31   -4    0  -23   35 -108  -91   50 -115   62   -9  -44  -35  241    7    3  651    2   39   66   56  184  178  143  329  922  299  383  594  992  995 1000  994
 13 Shofar                6376    19   -6   17   35  -17   11   22   23   37   14   45   23    0    3   -2  -25   95  -10   47   63  -22   -1  164  -45   43   58  -20   32   15    1   71  109   64  235  166  441  348  559  899  949  962  954
 14 Sweet Rocky           6198   -29  -78  -60  -36  -40  -60  -50   26  -32  -75  -15  -35   -3    0  -56   -9  -40  -62   53  -68  -53  -17   80  -10   16  792   59    4   25    7  122  162  129  156  208  205  412  591  995  996 1000  988
 15 ACT-R Lag2            6138   -94  -93    3  -32   15  -48   63   23   18   11  133  108    2   56    0    0   77   26   39   35    8  -29  233  -54  -22   71   31   15  -73   11  126   63  140  487  231  247  314  583  424  993  997 1000
 16 Bugbrain              5804   -14  -16  -86   12  -58  -16   56   47   23    1   71   91   25    9    0    0  152  -37   42   43   10  -76  116  -24   14   54   64    1   14   90   42   54   79  114  223  271  130  373  955  991  989  975
 17 ZQ Bot                5727  -282 -256 -282 -241 -149 -110  -95   71  -38 -135  -59  -50  -95   40  -77 -152    0 -130   67  -16    6  -52  263   13   16   41  134   52   78  291   87  137  184  250  978  250  423  590  993  985  998  999
 18 Yomi AI               5583    20  -12  -20   49   30   -5   18   19   55   36  121  115   10   62  -26   37  130    0   31  -16  -22   61  244  -76  -34   85   28   -3  322   26   46   67   97  415   22  124  276  422   13  825 1000  991
 19 * Anti-rotn           5442   -64  -53  -96  -64  -89  -42  -57  -47  -37  -44  -42  -62  -47  -53  -39  -42  -67  -31    0  -50    1   13  243  -34  -47  789   39  -17  -10   15  232   52  329   58   29  518  168  598  499  997 1000  996
 20 Mixed Strategy        4852   -72 -104  -57  -36  -18 -114  -12  -64  -43  -29  -33    9  -63   68  -35  -43   16   16   50    0  -49  -27   29  -62   -9   -2   10   24   18   60   25  151   47  219  206   53  344  464  978  967  995  975
 21 Vroomfondel           4832   -12  -63  -16   -8   -9   43   -3   29   21   23    4   44   22   53   -8  -10   -6   22   -1   49    0   -5  229   -4  -10   75  -19  -22   23  -13   51    9  146  210   66  254  221  456    7  992  999  993
 22 Majikthise            4743   -17  -47   -4  -13    5    6  -31   19  -11   34   30   35    1   17   29   76   52  -61  -13   27    5    0  277   -3  -25   53   27   15   41   -2  108   46   98  232    5  262   98  454   -8  988  993  945
 23 Multi-strategy        2216  -287 -205 -218 -221 -349 -286 -280 -101 -284 -220 -400 -241 -164  -80 -233 -116 -263 -244 -243  -29 -229 -277    0  -50  -20  -75   -8  274   -5   16  180  123  277   61  500  468  454  999  997  997  999  999
 24 * De Bruijn            712   -15  -48   10   25   32   17   72   17   -5   73   72   -7   45   10   54   24  -13   76   34   62    4    3   50    0   -1   29    8    1   26   -4   -9   23  -27   24    9   -3   10  128   -1   21    0 -114
 25 * Pi                     4   -18  -18   20   20   -7   -7   25   -9  -25  -19   23   -3  -43  -16   22  -14  -16   34   47    9   10   25   20    1    0   20  -25  -12   17   -7   32  -81   38  -25   11  -49    5   30   22  -11  -11  -11
 26 Inocencio             -911  -161 -185 -786 -184 -789 -146  -10 -732 -325 -249 -647 -651  -58 -792  -71  -54  -41  -85 -789    2  -75  -53   75  -29  -20    0   43  121  281   79   78  151  138  215   63  218  419  359  849  977  977  976
 27 * Add-drift          -1671  -129 -119 -240 -224 -124   33   18  -32   13 -294  -32   -2   20  -59  -31  -64 -134  -28  -39  -10   19  -27    8   -8   25  -43    0   17    2   -6   -7  -37  -15  -20   19  -49  -21  -13    1   -9  -14  -16
 28 * Copy-drift         -1825  -183  -94 -248  -76 -141  -48  -31  -27  -30 -260  -43  -39  -32   -4  -15   -1  -52    3   17  -24   22  -15 -274   -1   12 -121  -17    0  -31   31   36   50  -37 -103  -13  -26   30    5  -20  -33   -6   14
 29 * Foxtrot            -2269  -374 -380   -7  -31 -196 -334   30  -76  -52  -37  -35  -66  -15  -25   73  -14  -78 -322   10  -18  -23  -41    5  -26  -17 -281   -2   31    0   21   27    9   50   11  -17   37   -9  -20    2  -95   14    2
 30 * Add-react          -2721  -291 -303 -114 -254 -295  -36  -50 -370 -104  -98 -101  -56   -1   -7  -11  -90 -291  -26  -15  -60   13    2  -16    4    7  -79    6  -31  -21    0   32   25   -4  -61  -43   15  -15  -84   39   24    7   32
 31 * Flat               -2731  -206 -122 -100 -102 -122 -148  -93 -130   38  -97 -135 -184  -71 -122 -126  -42  -87  -46 -232  -25  -51 -108 -180    9  -32  -78    7  -36  -27  -32    0   35   36    1 -142   34  -38  234  188   50   -2 -447
 32 * Text               -3060  -129  -63 -129 -142  -57 -131 -162 -154 -126 -149 -180 -178 -109 -162  -63  -54 -137  -67  -52 -151   -9  -46 -123  -23   81 -151   37  -50   -9  -25  -35    0  -11   -6   29   34  -15 -185  -74  -11 -185  112
 33 * Switch A Lot       -3232   -28  -86 -245 -231 -129 -115  -73  -67 -128 -242 -161 -143  -64 -129 -140  -79 -184  -97 -329  -47 -146  -98 -277   27  -38 -138   15   37  -50    4  -36   11    0  -14 -176  -24    7   25  309   64    5  -22
 34 Knucklehead          -3902  -596 -404 -193 -356 -489 -492 -480 -149 -494 -254 -323 -329 -235 -156 -487 -114 -250 -415  -58 -219 -210 -232  -61  -24   25 -215   20  103  -11   61   -1    6   14    0  -18   28   47  143   94  870  958  994
 35 Peterbot             -6598  -852 -931 -939 -963 -876 -765 -660 -1000 -149 -339 -937 -922 -166 -208 -231 -223 -978  -22  -29 -206  -66   -5 -500   -9  -11  -63  -19   13   17   43  142  -29  176   18    0  282  425  437  963  998 1000  986
 36 Always Switchin'     -7050  -164 -230 -461 -412 -238 -315 -461 -264 -447 -389 -273 -299 -441 -205 -247 -271 -250 -124 -518  -53 -254 -262 -468    3   49 -218   49   26  -37  -15  -34  -34   24  -28 -282    0   30   33  506  -16    1  -61
 37 R-P-S 20-20-60       -8746  -366 -183 -387 -386 -229 -355 -363 -375 -280 -429 -400 -383 -348 -412 -314 -130 -423 -276 -168 -344 -221  -98 -454  -10   -5 -419   21  -30    9   15   38   15   -7  -47 -425  -30    0 -336 -190   10 -391  360
 38 Beat Frequent Pick  -14558  -924 -905 -592 -934 -899 -881 -855 -596 -753 -587 -592 -594 -559 -591 -583 -373 -590 -422 -598 -464 -456 -454 -999 -128  -30 -359   13   -5   20   84 -234  185  -25 -143 -437  -33  336    0 -600    0  999 1000
 39 Beat The Last Move  -18562  -987 -989 -994 -988 -994 -995 -816 -993 -991 -985 -996 -992 -899 -995 -424 -955 -993  -13 -499 -978   -7    8 -997    1  -22 -849   -1   20   -2  -39 -188   74 -309  -94 -963 -506  190  600    0    1 1000  997
 40 Rotate R-P-S        -26089  -979 -991 -992 -995 -994 -992 -995 -991 -990 -990 -996 -995 -949 -996 -993 -991 -985 -825 -997 -967 -992 -988 -997  -21   11 -977    9   33   95  -24  -50   11  -64 -870 -998   16  -10    0   -1    0    0 -669
 41 Good Ole Rock       -26252  -1000 -994 -998 -998 -999 -999 -998 -994 -995 -993 -998 -1000 -962 -1000 -997 -989 -998 -1000 -1000 -995 -999 -993 -999    0   11 -977   14    6  -14   -7    2  185   -5 -958 -1000   -1  391 -999 -1000    0    0  998
 42 * Anti-Flat         -27868  -999 -967 -999 -1000 -1000 -992 -1000 -997 -992 -993 -989 -994 -954 -988 -1000 -975 -999 -991 -996 -975 -993 -945 -999  114   11 -976   16  -14   -2  -32  447 -112   22 -994 -986   61 -360 -1000 -997  669 -998    0

 Match results (draw <= 50): 

    Player Name           total  W  L  D   1  2  3  4  5  6  7  8  9 10 11 12 13 14 15 16 17 18 19 20 21 22 23 24 25 26 27 28 29 30 31 32 33 34 35 36 37 38 39 40 41 42
  1 Phasenbott              72  31  0 10   1  1  1  1  2  1  1  1  1  2  2  2  2  1  2  2  2  1  2  2  2  2  2  1  2  2  2  2  2  2  2  2  2  2  2  2  2  2  2  2  2  2
  2 Iocaine Powder          68  27  0 14   1  1  1  2  2  1  1  1  1  2  1  2  1  1  1  2  1  1  2  2  2  2  2  1  2  2  2  2  2  2  2  2  2  2  1  2  2  2  2  2  2  2
  3 Simple Modeller         67  26  0 15   1  1  1  1  1  1  1  1  2  2  1  1  1  1  1  2  2  1  2  2  2  2  2  1  2  2  2  1  2  2  2  2  2  2  2  2  2  2  2  2  2  2
  4 MegaHAL                 63  23  1 17   1  0  1  1  2  1  1  1  1  2  1  1  1  1  1  1  1  1  2  2  1  2  2  1  2  2  2  1  2  2  2  2  2  2  2  2  2  2  2  2  2  2
  5 RussRocker4             62  24  3 14   0  0  1  0  1  1  1  1  2  2  1  1  1  1  1  1  1  1  2  2  1  2  2  1  2  2  2  2  2  2  2  2  2  2  2  2  2  2  2  2  2  2
  6 Biopic                  61  20  0 21   1  1  1  1  1  1  1  1  1  1  1  1  1  1  1  1  2  1  2  2  2  1  2  1  2  1  2  2  1  2  1  2  2  2  2  2  2  2  2  2  2  2
  7 Yomi AI                 58  18  1 22   1  1  1  1  1  1  1  1  1  1  2  1  1  2  1  1  2  0  2  2  1  1  2  1  2  1  2  2  1  1  1  2  1  1  2  2  2  2  2  2  2  2
  8 Shofar                  57  16  0 25   1  1  1  1  1  1  1  1  1  1  1  1  1  1  1  1  1  1  1  2  2  1  1  1  2  1  2  1  1  2  1  2  2  2  2  2  2  2  2  2  2  2
  9 Bugbrain                57  19  3 19   1  1  0  1  0  1  1  1  1  1  1  1  2  0  1  1  1  1  2  2  1  1  2  1  2  2  2  1  1  2  2  2  1  2  2  2  2  2  2  2  2  2
 10 Simple Predictor        56  21  6 14   0  0  0  0  0  1  1  1  1  1  1  1  1  1  1  2  2  0  1  2  1  1  2  1  2  2  2  1  2  2  2  2  2  2  2  2  2  2  2  2  2  2
 11 Boom                    56  17  2 22   0  1  1  1  1  1  0  1  1  1  1  1  1  1  1  1  1  1  2  1  1  1  2  1  2  1  2  2  1  2  2  2  1  2  2  2  2  2  2  2  2  2
 12 ACT-R Lag2              56  19  4 18   0  0  1  1  1  1  1  1  1  1  1  1  2  1  1  1  2  0  2  2  1  1  2  1  2  1  2  0  1  2  1  2  2  2  2  2  2  2  2  2  2  2
 13 Robertot                54  17  4 20   0  1  1  1  1  1  1  1  0  1  1  0  1  1  1  1  1  0  2  2  1  2  2  1  1  1  2  1  1  2  1  2  2  2  2  2  2  2  2  2  2  2
 14 Majikthise              53  13  1 27   1  1  1  1  1  1  0  1  2  1  1  1  1  1  1  1  1  1  1  2  1  1  1  1  2  1  2  1  1  1  1  2  2  1  2  1  2  2  2  2  2  2
 15 Vroomfondel             53  13  1 27   0  1  1  1  1  1  1  1  1  1  1  1  1  1  1  1  2  1  1  1  1  1  1  1  2  1  2  1  1  2  1  2  2  1  2  1  2  2  2  2  2  2
 16 Piedra                  53  17  5 19   0  0  0  1  1  1  1  1  1  0  1  1  1  1  1  1  1  1  1  0  2  1  1  1  2  1  2  2  1  2  2  2  2  2  2  2  2  2  2  2  2  2
 17 Sweet Rocky             49  16  8 17   0  1  0  1  1  0  0  1  1  0  1  0  1  1  0  1  1  1  1  1  0  2  1  1  2  2  2  1  1  2  1  2  2  2  2  2  2  2  2  2  2  2
 18 * De Bruijn             47   7  1 33   1  1  1  1  1  1  2  1  1  2  1  2  2  1  1  1  1  1  1  1  2  1  2  1  1  1  1  1  1  1  1  1  1  1  1  1  2  1  1  1  1  0
 19 Granite                 47  17 11 13   0  0  0  0  0  0  0  1  0  1  0  0  0  1  1  1  1  1  1  1  1  2  1  1  2  1  2  2  1  2  2  2  2  2  2  2  2  2  2  2  2  2
 20 ZQ Bot                  46  19 14  8   0  0  0  0  0  0  0  0  0  0  1  0  0  0  1  2  1  1  1  1  1  2  0  1  1  2  2  2  2  2  2  2  2  2  2  2  2  2  2  2  2  2
 21 Mixed Strategy          46  12  7 22   0  0  0  1  1  0  1  0  1  1  1  1  1  1  1  0  2  0  1  1  1  1  1  1  1  1  1  1  1  2  2  2  1  2  1  2  2  2  2  2  2  2
 22 * Anti-rotn             45  13  9 19   0  0  0  0  0  1  1  1  1  1  1  1  0  1  1  1  0  1  0  0  1  1  1  1  2  1  2  1  1  1  1  2  2  2  2  2  2  2  2  2  2  2
 23 Marble                  44  16 13 12   0  0  0  0  0  0  0  1  0  0  0  0  0  1  1  1  1  0  1  2  1  1  1  1  2  1  2  1  1  2  2  2  2  2  2  2  2  2  2  2  2  2
 24 * Pi                    40   0  1 40   1  1  1  1  1  1  1  1  1  1  1  1  1  1  1  1  1  1  1  1  1  1  1  1  1  1  1  1  1  1  1  1  1  1  1  0  1  1  1  1  1  1
 25 Inocencio               38  16 19  6   0  0  0  0  0  0  0  0  0  0  0  0  1  0  0  0  0  1  0  1  1  0  0  1  1  1  2  2  2  2  2  2  2  2  2  2  2  2  2  2  2  2
 26 * Add-drift             32   0  9 32   0  0  0  0  0  1  1  1  0  0  1  1  1  1  1  1  0  1  1  0  1  1  1  1  1  1  1  1  1  1  1  1  1  1  1  1  1  1  1  1  1  1
 27 Multi-strategy          32  13 22  6   0  0  0  0  0  0  0  0  0  0  0  0  0  0  0  0  0  1  0  0  1  0  0  1  0  1  1  1  2  2  1  2  2  2  2  2  2  2  2  2  2  2
 28 * Foxtrot               31   1 11 29   0  0  1  1  0  0  0  1  1  1  0  2  1  1  1  0  1  1  0  0  1  1  1  1  0  1  1  1  1  1  1  1  1  1  1  1  1  1  1  1  0  1
 29 * Copy-drift            31   0 10 31   0  0  0  0  0  1  1  1  1  0  1  1  1  1  1  1  1  1  1  0  1  1  1  1  0  1  0  1  1  1  1  0  1  1  1  1  1  1  1  1  1  1
 30 Peterbot                29   9 21 11   0  0  0  0  0  0  1  0  0  0  0  0  0  1  0  0  0  1  0  0  0  1  0  1  0  1  0  1  1  1  1  1  2  2  2  1  2  2  2  2  2  2
 31 * Add-react             25   0 16 25   0  0  0  0  0  1  1  1  0  0  0  1  1  1  1  0  1  1  0  0  0  1  0  1  0  1  1  1  1  1  1  0  1  1  1  1  0  1  1  1  1  1
 32 Knucklehead             24   7 24 10   0  0  0  0  0  0  0  0  0  0  0  0  0  0  0  0  0  1  0  0  0  0  0  1  0  1  0  1  2  1  2  1  1  2  1  1  2  1  2  1  2  2
 33 * Flat                  21   2 22 17   0  0  0  0  0  0  1  0  1  0  1  0  0  0  0  0  0  1  0  0  1  0  0  1  0  1  0  1  1  0  1  1  1  2  1  1  2  1  1  1  1  0
 34 Beat The Last Move      20   5 26 10   0  0  0  0  0  0  1  0  0  0  0  0  0  1  1  0  0  1  0  0  0  0  0  1  0  1  0  1  1  0  1  0  0  1  0  2  2  0  2  2  1  2
 35 * Switch A Lot          20   2 23 16   0  1  0  0  0  0  0  0  0  0  0  0  0  0  0  0  0  1  0  0  1  0  0  1  0  1  0  1  1  0  1  1  1  2  1  1  1  1  1  1  2  1
 36 * Text                  18   2 25 14   0  0  0  0  0  0  0  0  0  0  0  0  0  1  1  0  0  1  0  0  0  0  0  2  0  1  0  1  1  1  1  1  1  0  1  1  0  1  0  1  1  2
 37 Beat Frequent Pick      17   5 29  7   0  0  0  0  0  0  0  0  0  0  0  0  0  0  0  0  0  0  0  0  0  0  0  1  0  1  0  1  1  0  2  0  0  0  1  2  1  1  2  2  1  2
 38 Always Switchin'        16   1 26 14   0  0  0  0  0  0  0  0  0  0  0  0  0  0  0  0  0  1  0  0  0  0  0  1  0  1  0  1  1  0  1  1  1  2  1  1  1  1  1  1  1  0
 39 Good Ole Rock           16   3 28 10   0  0  0  0  0  0  0  0  0  0  0  0  0  0  0  0  0  1  0  0  0  0  0  1  0  1  0  1  1  0  1  0  1  0  1  2  0  1  1  2  1  2
 40 R-P-S 20-20-60          14   1 28 12   0  0  0  0  0  0  0  0  0  0  0  0  0  0  0  0  0  1  0  0  0  0  0  1  0  1  0  1  1  0  1  1  1  0  1  1  0  1  0  1  1  2
 41 Rotate R-P-S            14   1 28 12   0  0  0  0  0  0  0  0  0  0  0  0  0  0  0  0  0  1  0  0  0  0  0  1  0  1  0  2  1  0  1  0  1  1  0  1  1  1  1  1  1  0
 42 * Anti-Flat             14   4 31  6   0  0  0  0  0  0  0  0  0  0  0  0  0  0  0  0  0  2  0  0  0  0  0  1  0  1  0  1  1  0  1  0  2  0  1  0  0  2  0  0  2  1


   Yomi AI is match ranked 7

 Tournament results:
    Player Name          total 
  1 Yomi AI               5583 
 19 Iocaine Powder       10626 
 20 Phasenbott           10253 
 21 MegaHAL               9503 
 22 RussRocker4           8682 
 23 Biopic                8562 
 24 Simple Modeller       9644 
 25 Simple Predictor      6963 
 26 Robertot              7402 
 27 Boom                  7164 
 28 Shofar                6376 
 29 ACT-R Lag2            6138 
 32 Granite               6591 
 33 Marble                6635 
 34 ZQ Bot                5727 
 35 Sweet Rocky           6198 
 36 Piedra                7393 
 41 Bugbrain              5804 

   Yomi is tournament ranked 18

