 Playing 1 tournaments with 1000 trials per match...

 Yomi AI            vs Good Ole Rock       Match: 1000 (1000+   0-   0=)
 Yomi AI            vs R-P-S 20-20-60      Match:  334 (551+ 217- 232=)
 Yomi AI            vs Rotate R-P-S        Match:  991 (994+   3-   3=)
 Yomi AI            vs Beat The Last Move  Match:  304 (548+ 244- 208=)
 Yomi AI            vs Always Switchin'    Match:  134 (436+ 302- 262=)
 Yomi AI            vs Beat Frequent Pick  Match:  529 (701+ 172- 127=)
 Yomi AI            vs * Pi                Match:   10 (338+ 328- 334=)
 Yomi AI            vs * Switch A Lot      Match:   89 (388+ 299- 313=)
 Yomi AI            vs * Flat              Match:  177 (447+ 270- 283=)
 Yomi AI            vs * Anti-Flat         Match:  995 (997+   2-   1=)
 Yomi AI            vs * Foxtrot           Match:  325 (544+ 219- 237=)
 Yomi AI            vs * De Bruijn         Match:  -52 (309+ 361- 330=)
 Yomi AI            vs * Text              Match:  114 (409+ 295- 296=)
 Yomi AI            vs * Anti-rotn         Match:   23 (352+ 329- 319=)
 Yomi AI            vs * Copy-drift        Match:   19 (350+ 331- 319=)
 Yomi AI            vs * Add-react         Match:   92 (400+ 308- 292=)
 Yomi AI            vs * Add-drift         Match:   12 (329+ 317- 354=)
 Yomi AI            vs Iocaine Powder      Match:  -43 (303+ 346- 351=)
 Yomi AI            vs Phasenbott          Match:   20 (353+ 333- 314=)
 Yomi AI            vs MegaHAL             Match:   -5 (325+ 330- 345=)
 Yomi AI            vs RussRocker4         Match:   -9 (346+ 355- 299=)
 Yomi AI            vs Biopic              Match:   22 (357+ 335- 308=)
 Yomi AI            vs Simple Modeller     Match:   20 (365+ 345- 290=)
 Yomi AI            vs Simple Predictor    Match:  109 (412+ 303- 285=)
 Yomi AI            vs Robertot            Match:   29 (354+ 325- 321=)
 Yomi AI            vs Boom                Match:    4 (354+ 350- 296=)
 Yomi AI            vs Shofar              Match:  -66 (309+ 375- 316=)
 Yomi AI            vs ACT-R Lag2          Match:    0 (352+ 352- 296=)
 Yomi AI            vs Majikthise          Match:    7 (339+ 332- 329=)
 Yomi AI            vs Vroomfondel         Match:   35 (363+ 328- 309=)
 Yomi AI            vs Granite             Match:   77 (401+ 324- 275=)
 Yomi AI            vs Marble              Match:   49 (388+ 339- 273=)
 Yomi AI            vs ZQ Bot              Match:   69 (395+ 326- 279=)
 Yomi AI            vs Sweet Rocky         Match:   59 (394+ 335- 271=)
 Yomi AI            vs Piedra              Match:   39 (377+ 338- 285=)
 Yomi AI            vs Mixed Strategy      Match:   43 (364+ 321- 315=)
 Yomi AI            vs Multi-strategy      Match:  193 (472+ 279- 249=)
 Yomi AI            vs Inocencio           Match:  -12 (344+ 356- 300=)
 Yomi AI            vs Peterbot            Match:   26 (360+ 334- 306=)
 Yomi AI            vs Bugbrain            Match:  -21 (330+ 351- 319=)
 Yomi AI            vs Knucklehead         Match:  503 (672+ 169- 159=)
 Final results (draw value = 50):

 Tournament results: 

    Player Name          total     1    2    3    4    5    6    7    8    9   10   11   12   13   14   15   16   17   18   19   20   21   22   23   24   25   26   27   28   29   30   31   32   33   34   35   36   37   38   39   40   41   42
  1 Iocaine Powder       10850     0  107   98  -16   46   42  493  -25  168   64  260   43  257   58  219   41   19   43   38   27  112  -13  223   37  -55  185  182  229  331  139  266  196  560   47  898  253  359  953  990  991  999  986
  2 Phasenbott            9905  -107    0   41   69   37   39  544  -23  142   37  245  -20  268   69  250   40  -30   75   75  -21  122   18  204   31  -21  153  132   68  316   91  311  117  408   51  894  247  149  925  986  994  995  984
  3 MegaHAL               9332   -98  -41    0  -29   29   16  110  -30   46   19  234    5  243   -8  254   50   38   61   28   15   36   17  197  -13  -21  185  189   -1   58  142  266  133  372  228  887  413  367  955  990  990 1000 1000
  4 Simple Modeller       9243    16  -69   29    0  -22   18   -1  -11  263   31   29  -20  306  -28   96   57   61   66   53  -57   33    4  218  -38   -3  573  209  241  -19  149  119   58  287  253  909  457  409  592  994  994  999  988
  5 Biopic                8971   -46  -37  -29   22    0   13   -2  -13   73   20  103  -22  130   25  155   42  -11   43   18  -27  168  -39  313   -4   34  180   14  127  404  149   85  174  501  172  799  319  373  762  995  993  996  999
  6 Robertot              7844   -42  -39  -16  -18  -13    0   -1   28   66  -11   86  -29  103   15   32   34   31   44   69  -30   26  -33  302    7  -51   18   30   63   17  171  103   52  408   72  710  473  397  814  972  995  995  994
  7 RussRocker4           7493  -493 -544 -110    1    2    1    0  -20   83   34  106    9  137   54  161   57   26   45   75  -19   88    7  225  -54  -46  110  101   95  246   92  306  153  466  116  927  261  221  591  991  993  999 1000
  8 Shofar                7100    25   23   30   11   13  -28   20    0   16   44   45   66   37    3   42   69   39   36   44  -19   36   47  129  -80   -9  773   -3   16   12   95   65   13  191  138  190  401  238  548  901  922  985  976
  9 Simple Predictor      7080  -168 -142  -46 -263  -73  -66  -83  -16    0    4   -6 -109  186  -59    8   51   10   38   48  -28   36  -45  220  -73   19  521  297  288   -1  166  122   77  271  215  312  404  415  587  984  990  995  994
 10 Boom                  6935   -64  -37  -19  -31  -20   11  -34  -44   -4    0   23   -4   51  -40   30   16  -30   42   31  -16  119  -46  163   17    1    5  -17  -13   -3  102  107    0  429  178  466  450  388  753  988  990  997 1000
 11 Granite               6447  -260 -245 -234  -29 -103  -86 -106  -45    6  -23    0  -77    9 -111   11   37  -66   50   50  -46    0  -29  283  -61  -21  641  -12   56   83  175   85  149  250  140  802  212  386  594  996  993  999  994
 12 Yomi AI               6244   -43   20   -5   20   22   29   -9  -66  109    4   77    0   69    0   49   59  -21   23   39   35   43    7  193  -52   10  -12   12   19  325  114   92  177  503   89   26  134  334  529  304  991 1000  995
 13 ZQ Bot                6220  -257 -268 -243 -306 -130 -103 -137  -37 -186  -51   -9  -69    0  -89  -68   47 -179   41   78  -16   18  -32  176   -7  -43  783  110   13   30  119  152  169  297  200  948  304  388  592  997  994  998  996
 14 ACT-R Lag2            6156   -58  -69    8   28  -25  -15  -54   -3   59   40  111    0   89    0  116   20   -3   17   72   11   50   16  265  -76   42  262    5   -1  -15   82   41  187  474  192  103  247  290  583   76  995  997  997
 15 Marble                5997  -219 -250 -254  -96 -155  -32 -161  -42   -8  -30  -11  -49   68 -116    0   11  -58   61   20  -36  -55   14  144  -46  -24   18   58   49   74  181  128  232  299  166  897  232  408  593  994  992 1000 1000
 16 Sweet Rocky           5928   -41  -40  -50  -57  -42  -34  -57  -69  -51  -16  -37  -59  -47  -20  -11    0  -31   68  -22  -46   -8  -15  112  -66  -53  -27   39    1   -4  171   88  192  122  103  771  192  407  593  990  987  998  997
 17 Bugbrain              5790   -19   30  -38  -61   11  -31  -26  -39  -10   30   66   21  179    3   58   31    0   40   55   -4   58   33   79   22  -50   30  126   34   16   54   90   35  155  129  107  211  222  366  925  972  913  967
 18 * Anti-rotn           5339   -43  -75  -61  -66  -43  -44  -45  -36  -38  -42  -50  -23  -41  -17  -61  -68  -40    0    8   -8  -47   20  255  -36  -41  614    0  -16  -43   56    1  196   97  311   20  521  140  597  495  996 1000  996
 19 Piedra                5207   -38  -75  -28  -53  -18  -69  -75  -44  -48  -31  -50  -39  -78  -72  -20   22  -55   -8    0  -45  -51   -9   87  -54  -17  -35    3   12  -41  152  143  134  184  109  141  252  460  590  987  989  995 1000
 20 Vroomfondel           5036   -27   21  -15   57   27   30   19   19   28   16   46  -35   16  -11   36   46    4    8   45    0   73   12  174    0   -5   56    4    7   17   68   61   67  162   75    2  267  189  467   31  991  995  993
 21 Mixed Strategy        4636  -112 -122  -36  -33 -168  -26  -88  -36  -36 -119    0  -43  -18  -50   55    8  -58   47   51  -73    0  -28   14  -42  -18  -10   -9   94   15  129   64   80  143    3  189   64  417  456  967  972  995  998
 22 Majikthise            4551    13  -18  -17   -4   39   33   -7  -47   45   46   29   -7   32  -16  -14   15  -33  -20    9  -12   28    0  174  -11  -13   46  -36   -9   34   42   -1   92  204  104   12  243  130  457   24  988  993  984
 23 Multi-strategy        2402  -223 -204 -197 -218 -313 -302 -225 -129 -220 -163 -283 -193 -176 -265 -144 -112  -79 -255  -87 -174  -14 -174    0  -50  -20 -112  -48  205    4  123    8  216   93  273  -38  492  415  999  997  997  999  999
 24 * De Bruijn            936   -37  -31   13   38    4   -7   54   80   73  -17   61   52    7   76   46   66  -22   36   54    0   42   11   50    0   -1   15   26   28   27   23   39   24   29    1   14   17   11  128   -1   21    0 -114
 25 * Pi                   310    55   21   21    3  -34   51   46    9  -19   -1   21  -10   43  -42   24   53   50   41   17    5   18   13   20    1    0   22  -33    2   -4  -81    5  -14   -9   39    8  -34  -17   30   22  -11  -11  -10
 26 Inocencio             -305  -185 -153 -185 -573 -180  -18 -110 -773 -521   -5 -641   12 -783 -262  -18   27  -30 -614   35  -56   10  -46  112  -15  -22    0   37  167  309  153   91  177  193  147   94  277  381  359 -631  975  982  978
 27 * Add-drift          -1320  -182 -132 -189 -209  -14  -30 -101    3 -297   17   12  -12 -110   -5  -58  -39 -126    0   -3   -4    9   36   48  -26   33  -37    0   16   27  -11   74   28  -21    9  -24  -19    2   19   41  -12    1  -34
 28 * Copy-drift         -1787  -229  -68    1 -241 -127  -63  -95  -16 -288   13  -56  -19  -13    1  -49   -1  -34   16  -12   -7  -94    9 -205  -28   -2 -167  -16    0   17   63   53  -18  -59   -6  -16  -26    8    2    5  -29   -5   14
 29 * Foxtrot            -2267  -331 -316  -58   19 -404  -17 -246  -12    1    3  -83 -325  -30   15  -74    4  -16   43   41  -17  -15  -34   -4  -27    4 -309  -27  -17    0  -38  -12   63  -31   19   -3   11  -23  -12   -9  -11    1   10
 30 * Text               -3100  -139  -91 -142 -149 -149 -171  -92  -95 -166 -102 -175 -114 -119  -82 -181 -171  -54  -56 -152  -68 -129  -42 -123  -23   81 -153   11  -63   38    0   27   13  -27    8   21   47   25 -185  -74  -11 -185  112
 31 * Add-react          -3141  -266 -311 -266 -119  -85 -103 -306  -65 -122 -107  -85  -92 -152  -41 -128  -88  -90   -1 -143  -61  -64    1   -8  -39   -5  -91  -74  -53   12  -27    0   -7   13 -102  -43   11    4   15   43 -111    1   14
 32 * Flat               -3206  -196 -117 -133  -58 -174  -52 -153  -13  -77    0 -149 -177 -169 -187 -232 -192  -35 -196 -134  -67  -80  -92 -216  -24   14 -177  -28   18  -63  -13    7    0   -4   24 -163   20  -16  223  216   75   -2 -414
 33 Knucklehead          -3232  -560 -408 -372 -287 -501 -408 -466 -191 -271 -429 -250 -503 -297 -474 -299 -122 -155  -97 -184 -162 -143 -204  -93  -29    9 -193   21   59   31   27  -13    4    0    3  -11  -28   87  105  912  662  998 1000
 34 * Switch A Lot       -3257   -47  -51 -228 -253 -172  -72 -116 -138 -215 -178 -140  -89 -200 -192 -166 -103 -129 -311 -109  -75   -3 -104 -273   -1  -39 -147   -9    6  -19   -8  102  -24   -3    0 -155   30   83    9  368  -23  -13  -50
 35 Peterbot             -5681  -898 -894 -887 -909 -799 -710 -927 -190 -312 -466 -802  -26 -948 -103 -897 -771 -107  -20 -141   -2 -189  -12   38  -14   -8  -94   24   16    3  -21   43  163   11  155    0  245  388  435  981  998 1000  966
 36 Always Switchin'     -7061  -253 -247 -413 -457 -319 -473 -261 -401 -404 -450 -212 -134 -304 -247 -232 -192 -211 -521 -252 -267  -64 -243 -492  -17   34 -277   19   26  -11  -47  -11  -20   28  -30 -245    0   28   11  510  -10   -1    1
 37 R-P-S 20-20-60       -9055  -359 -149 -367 -409 -373 -397 -221 -238 -415 -388 -386 -334 -388 -290 -408 -407 -222 -140 -460 -189 -417 -130 -415  -11   17 -381   -2   -8   23  -25   -4   16  -87  -83 -388  -28    0 -398 -166  -10 -419  401
 38 Beat Frequent Pick  -14238  -953 -925 -955 -592 -762 -814 -591 -548 -587 -753 -594 -529 -592 -583 -593 -593 -366 -597 -590 -467 -456 -457 -999 -128  -30 -359  -19   -2   12  185  -15 -223 -105   -9 -435  -11  398    0 -600    0  999 1000
 39 Beat The Last Move  -18193  -990 -986 -990 -994 -995 -972 -991 -901 -984 -988 -996 -304 -997  -76 -994 -990 -925 -495 -987  -31 -967  -24 -997    1  -22  631  -41   -5    9   74  -43 -216 -912 -368 -981 -510  166  600    0    1 1000  997
 40 Rotate R-P-S        -25878  -991 -994 -990 -994 -993 -995 -993 -922 -990 -990 -993 -991 -994 -995 -992 -987 -972 -996 -989 -991 -972 -988 -997  -21   11 -975   12   29   11   11  111  -75 -662   23 -998   10   10    0   -1    0    0 -665
 41 Good Ole Rock       -26188  -999 -995 -1000 -999 -996 -995 -999 -985 -995 -997 -999 -1000 -998 -997 -1000 -998 -913 -1000 -995 -995 -995 -993 -999    0   11 -982   -1    5   -1  185   -1    2 -998   13 -1000    1  419 -999 -1000    0    0 1000
 42 * Anti-Flat         -28043  -986 -984 -1000 -988 -999 -994 -1000 -976 -994 -1000 -994 -995 -996 -997 -1000 -997 -967 -996 -1000 -993 -998 -984 -999  114   10 -978   34  -14  -10 -112  -14  414 -1000   50 -966   -1 -401 -1000 -997  665 -1000    0

 Match results (draw <= 50): 

    Player Name           total  W  L  D   1  2  3  4  5  6  7  8  9 10 11 12 13 14 15 16 17 18 19 20 21 22 23 24 25 26 27 28 29 30 31 32 33 34 35 36 37 38 39 40 41 42
  1 Phasenbott              68  28  1 12   1  0  2  1  2  1  1  1  1  1  2  1  1  2  1  2  1  2  1  2  2  2  2  1  2  2  2  2  2  2  2  2  2  2  2  2  2  2  2  2  2  2
  2 Iocaine Powder          67  27  1 13   2  1  2  1  1  2  1  1  1  1  2  1  2  2  1  2  1  1  1  2  2  1  2  0  2  2  2  2  2  2  2  1  2  2  2  2  2  2  2  2  2  2
  3 RussRocker4             63  26  4 11   0  0  1  1  1  0  1  1  1  1  2  1  1  2  1  2  0  1  2  2  2  2  2  1  2  2  2  2  2  2  2  2  2  2  2  2  2  2  2  2  2  2
  4 Biopic                  63  22  0 19   1  1  1  1  1  1  1  1  1  1  1  1  1  2  1  2  1  1  1  2  2  1  2  1  2  1  2  2  2  2  2  2  2  2  2  2  2  2  2  2  2  2
  5 Simple Modeller         63  24  2 15   0  1  1  1  1  1  1  2  1  1  1  0  1  2  1  2  1  2  2  1  1  2  2  1  2  2  1  2  2  2  2  2  2  2  2  2  2  2  2  2  2  2
  6 MegaHAL                 62  22  1 18   1  0  2  1  1  1  1  1  1  1  1  1  1  1  1  2  1  2  1  1  2  1  2  1  2  2  2  1  2  2  2  2  2  2  2  2  2  2  2  2  2  2
  7 Robertot                59  19  1 21   1  1  1  1  1  1  1  1  1  1  1  1  1  2  1  1  1  1  1  1  2  2  2  0  1  1  1  2  2  2  2  2  2  2  2  2  2  2  2  2  2  2
  8 Bugbrain                59  19  1 21   1  1  1  1  0  1  1  1  1  1  1  1  1  1  1  2  1  1  1  2  2  2  2  1  1  2  1  1  2  2  2  2  2  1  2  2  2  2  2  2  2  2
  9 Yomi AI                 57  18  2 21   1  1  1  1  1  1  1  1  1  0  1  1  1  2  1  1  0  1  2  1  2  1  2  1  1  1  2  1  2  1  2  2  2  2  2  2  2  2  2  2  2  2
 10 Shofar                  56  16  1 24   1  1  1  1  1  1  1  1  2  1  1  1  1  1  1  1  0  1  2  1  1  1  1  1  2  1  1  1  2  2  2  2  2  1  2  2  2  2  2  2  2  2
 11 ACT-R Lag2              56  19  4 18   0  0  0  1  1  1  1  1  1  1  1  1  1  2  1  2  0  1  1  1  2  2  2  1  2  1  1  1  2  2  2  2  2  2  2  1  2  2  2  2  2  2
 12 Vroomfondel             56  15  0 26   1  1  1  1  2  1  1  1  1  1  1  1  1  1  1  1  1  1  1  2  1  1  1  1  2  1  1  1  2  1  2  2  1  2  2  2  2  2  2  2  2  2
 13 Boom                    55  15  1 25   1  0  1  1  1  1  1  1  1  1  1  1  1  1  1  1  1  1  1  2  1  1  2  1  1  1  1  1  2  2  2  2  2  1  2  2  2  2  2  2  2  2
 14 Simple Predictor        51  19  9 13   0  0  0  0  0  1  0  1  0  1  0  1  1  1  1  1  0  1  2  1  1  1  2  1  2  2  1  2  2  2  2  2  2  2  2  2  2  2  2  2  2  2
 15 Majikthise              51  10  0 31   1  1  1  1  1  1  1  1  1  1  1  1  1  1  1  1  1  1  1  1  1  1  1  1  1  1  1  1  2  1  2  2  1  2  2  1  2  1  2  2  2  2
 16 Marble                  50  18  9 14   0  0  0  0  0  0  1  0  1  1  0  1  1  1  1  1  1  2  1  0  1  1  2  1  1  2  2  1  2  2  2  2  2  2  2  2  2  2  2  2  2  2
 17 * De Bruijn             49   9  1 31   1  1  2  1  1  1  1  1  2  2  2  1  1  2  1  1  1  1  2  1  2  2  1  1  1  1  1  1  1  1  1  1  1  1  1  1  1  1  2  1  0  1
 18 * Anti-rotn             49  13  5 23   0  1  1  1  0  0  1  1  1  1  1  1  1  1  1  0  1  1  0  1  1  1  1  1  2  1  1  1  2  1  2  2  2  2  2  1  2  2  2  2  2  2
 19 Sweet Rocky             49  15  7 19   1  1  0  1  0  1  1  1  0  0  1  1  1  0  1  1  0  2  1  1  1  1  1  0  1  1  1  1  2  2  2  2  2  2  2  2  2  2  2  2  2  2
 20 Mixed Strategy          49  15  7 19   0  0  0  0  1  1  1  0  1  1  1  0  0  1  1  2  1  1  1  1  1  2  1  1  1  1  1  2  1  2  2  1  2  2  2  2  2  2  2  2  2  2
 21 Granite                 48  17 10 14   0  0  0  0  1  0  0  0  0  1  0  1  1  1  1  1  0  1  1  1  1  1  1  1  2  1  2  2  2  2  2  2  2  2  2  2  2  2  2  2  2  2
 22 Piedra                  46  14  9 18   0  1  0  1  0  1  0  0  1  1  0  1  1  1  1  1  0  1  1  0  1  1  0  1  1  1  1  1  2  2  2  2  2  2  2  2  2  2  2  2  2  2
 23 ZQ Bot                  45  17 13 11   0  0  0  0  0  0  0  0  0  1  0  1  0  0  1  0  1  1  1  1  1  2  1  1  2  2  1  1  2  2  2  2  2  2  2  2  2  2  2  2  2  2
 24 * Pi                    43   3  1 37   1  2  1  1  1  1  2  1  1  1  1  1  1  1  1  1  1  1  2  1  1  1  1  1  1  1  1  1  1  1  1  1  1  1  1  1  1  0  1  1  1  1
 25 Inocencio               42  15 14 12   0  0  0  0  0  0  1  1  1  0  0  0  1  0  1  1  1  0  1  1  0  1  0  1  1  1  2  2  2  2  2  2  0  2  2  2  2  2  2  2  2  2
 26 * Add-drift             33   1  9 31   0  0  0  1  0  0  1  0  1  1  1  1  1  0  1  0  1  1  1  1  1  1  0  1  1  1  1  1  1  1  1  1  1  1  1  2  1  1  1  1  1  1
 27 * Foxtrot               33   1  9 31   0  0  0  0  1  0  1  1  0  1  1  1  1  1  1  0  1  1  1  1  0  1  1  1  0  1  1  1  1  1  1  1  1  2  1  1  1  1  1  1  1  1
 28 * Copy-drift            31   2 12 27   0  0  0  0  0  1  0  1  1  1  1  1  1  0  1  1  1  1  1  0  0  1  1  1  0  1  1  1  0  1  0  1  1  1  1  2  1  2  1  1  1  1
 29 Multi-strategy          31  12 22  7   0  0  0  0  0  0  0  0  0  0  0  0  0  0  0  0  1  0  0  1  0  0  0  1  0  1  1  2  1  1  2  2  2  2  2  1  2  2  2  2  2  2
 30 Peterbot                31   9 19 13   0  0  0  0  0  0  0  0  1  0  0  1  0  0  1  0  1  1  0  0  0  0  0  1  0  1  1  1  1  1  1  2  2  2  2  1  2  1  2  2  2  2
 31 Knucklehead             24   7 24 10   0  0  0  0  0  0  0  0  0  0  0  0  0  0  0  0  1  0  0  0  0  0  0  1  0  1  1  2  0  1  1  1  2  1  1  1  2  1  2  2  2  2
 32 * Switch A Lot          21   3 23 15   0  1  0  0  0  0  0  0  0  0  0  0  0  0  0  0  1  0  0  1  0  0  0  1  0  1  1  1  0  0  1  1  2  1  1  2  1  1  1  1  1  2
 33 Beat The Last Move      21   6 26  9   0  0  0  0  0  0  0  0  0  0  0  1  0  0  1  0  1  0  0  0  0  0  0  1  2  1  1  1  0  0  0  0  1  0  0  1  2  2  2  1  2  2
 34 * Flat                  20   3 24 14   0  0  0  0  0  0  0  1  0  1  0  0  1  0  0  0  1  0  0  0  0  0  0  1  0  1  0  1  0  0  1  1  2  1  1  1  1  1  2  2  0  1
 35 Always Switchin'        17   1 25 15   0  0  0  0  0  0  0  0  0  0  0  0  0  0  0  0  1  0  0  0  0  0  0  1  0  1  1  1  0  0  1  1  2  1  1  1  1  1  1  1  1  1
 36 * Add-react             17   0 24 17   0  0  0  0  0  0  0  0  0  0  1  0  0  0  1  0  1  1  0  0  0  0  0  1  0  0  1  0  1  1  1  0  1  1  1  1  1  1  1  0  1  1
 37 Good Ole Rock           16   3 28 10   0  0  0  0  0  0  0  0  0  0  0  0  0  0  0  0  1  0  0  0  0  0  0  1  0  1  1  1  0  0  0  1  0  1  1  1  1  2  0  1  2  2
 38 * Text                  16   2 27 12   0  0  0  0  0  0  0  0  0  0  0  0  0  0  1  0  1  0  0  0  0  0  0  2  0  1  1  0  0  1  1  1  0  1  1  1  0  1  0  1  2  1
 39 Beat Frequent Pick      16   4 29  8   0  0  0  0  0  0  0  0  0  0  0  0  0  0  0  0  0  0  0  0  0  0  0  1  0  1  1  1  0  0  0  1  0  0  1  1  2  2  1  1  2  2
 40 Rotate R-P-S            14   1 28 12   0  0  0  0  0  0  0  0  0  0  0  0  0  0  0  0  1  0  0  0  0  0  0  1  0  1  1  1  0  0  0  1  1  0  1  2  1  1  1  1  0  1
 41 * Anti-Flat             13   3 31  7   0  0  0  0  0  0  0  0  0  0  0  0  0  0  0  0  2  0  0  0  0  0  0  1  0  1  1  1  0  0  0  1  0  2  1  1  0  0  0  2  1  0
 42 R-P-S 20-20-60          12   1 30 10   0  0  0  0  0  0  0  0  0  0  0  0  0  0  0  0  1  0  0  0  0  0  0  1  0  1  1  1  0  0  0  0  0  1  1  1  0  1  0  1  2  1


   Yomi AI is match ranked 9

 Tournament results:
    Player Name          total 
  1 Yomi AI               6244 
 19 Iocaine Powder       10850 
 20 Phasenbott            9905 
 21 MegaHAL               9332 
 22 RussRocker4           7493 
 23 Biopic                8971 
 24 Simple Modeller       9243 
 25 Simple Predictor      7080 
 26 Robertot              7844 
 27 Boom                  6935 
 28 Shofar                7100 
 32 Granite               6447 

   Yomi is tournament ranked 12

