 Playing 1 tournaments with 1000 trials per match...

 Yomi AI            vs Good Ole Rock       Match: 1000 (1000+   0-   0=)
 Yomi AI            vs R-P-S 20-20-60      Match:  150 (427+ 277- 296=)
 Yomi AI            vs Rotate R-P-S        Match:  430 (685+ 255-  60=)
 Yomi AI            vs Beat The Last Move  Match:   -2 (347+ 349- 304=)
 Yomi AI            vs Always Switchin'    Match:  136 (423+ 287- 290=)
 Yomi AI            vs Beat Frequent Pick  Match:  383 (639+ 256- 105=)
 Yomi AI            vs * Pi                Match:    1 (333+ 332- 335=)
 Yomi AI            vs * Switch A Lot      Match:   87 (404+ 317- 279=)
 Yomi AI            vs * Flat              Match:  105 (397+ 292- 311=)
 Yomi AI            vs * Anti-Flat         Match:  482 (711+ 229-  60=)
 Yomi AI            vs * Foxtrot           Match:  221 (484+ 263- 253=)
 Yomi AI            vs * De Bruijn         Match:  -52 (311+ 363- 326=)
 Yomi AI            vs * Text              Match:   81 (388+ 307- 305=)
 Yomi AI            vs * Anti-rotn         Match:   39 (365+ 326- 309=)
 Yomi AI            vs * Copy-drift        Match:    8 (346+ 338- 316=)
 Yomi AI            vs * Add-react         Match:   60 (369+ 309- 322=)
 Yomi AI            vs * Add-drift         Match:   36 (354+ 318- 328=)
 Yomi AI            vs Iocaine Powder      Match:   35 (355+ 320- 325=)
 Yomi AI            vs Phasenbott          Match:   -2 (333+ 335- 332=)
 Yomi AI            vs MegaHAL             Match:  -46 (317+ 363- 320=)
 Yomi AI            vs RussRocker4         Match:    5 (356+ 351- 293=)
 Yomi AI            vs Biopic              Match:    3 (342+ 339- 319=)
 Yomi AI            vs Simple Modeller     Match:    7 (356+ 349- 295=)
 Yomi AI            vs Simple Predictor    Match:  -21 (333+ 354- 313=)
 Yomi AI            vs Robertot            Match:   -7 (365+ 372- 263=)
 Yomi AI            vs Boom                Match:    0 (350+ 350- 300=)
 Yomi AI            vs Shofar              Match:   10 (344+ 334- 322=)
 Yomi AI            vs ACT-R Lag2          Match:  -34 (314+ 348- 338=)
 Yomi AI            vs Majikthise          Match:  -13 (327+ 340- 333=)
 Yomi AI            vs Vroomfondel         Match:    5 (345+ 340- 315=)
 Yomi AI            vs Granite             Match:   38 (395+ 357- 248=)
 Yomi AI            vs Marble              Match:   98 (413+ 315- 272=)
 Yomi AI            vs ZQ Bot              Match:   82 (400+ 318- 282=)
 Yomi AI            vs Sweet Rocky         Match:   27 (378+ 351- 271=)
 Yomi AI            vs Piedra              Match:   72 (374+ 302- 324=)
 Yomi AI            vs Mixed Strategy      Match:   94 (408+ 314- 278=)
 Yomi AI            vs Multi-strategy      Match:  115 (421+ 306- 273=)
 Yomi AI            vs Inocencio           Match:   51 (399+ 348- 253=)
 Yomi AI            vs Peterbot            Match:   60 (372+ 312- 316=)
 Yomi AI            vs Bugbrain            Match:  -52 (318+ 370- 312=)
 Yomi AI            vs Knucklehead         Match:  292 (550+ 258- 192=)
 Final results (draw value = 50):

 Tournament results: 

    Player Name          total     1    2    3    4    5    6    7    8    9   10   11   12   13   14   15   16   17   18   19   20   21   22   23   24   25   26   27   28   29   30   31   32   33   34   35   36   37   38   39   40   41   42
  1 Iocaine Powder       10507     0   63  107   66  513   33    9  174   23  202  220    5  -25   30  304    4   73  103   57   16  -23  -35  304   18   10  190  320  158  137  325  172   55   14  576  865  206  386  909  985  986 1000  972
  2 Phasenbott           10089   -63    0   94   20  528   36   51  142   54  212  229    1  -10   33  269   40   30   61   55    1   46    2  240   49  -26  211  356  131   85  346   97   74  131  350  954  251  131  911  983  995  995  994
  3 MegaHAL               9365  -107  -94    0  -14  118  -19   73   58   -1  227  235  -23  -10    6  241   52   87  -12   42  -53    3   46  213   -3   -1  196   58  209   19  289   88  142  301  348  918  416  394  948  987  989  999 1000
  4 Simple Modeller       8690   -66  -20   14    0  -11   10  -24  324   39  -11   85   57   31   44  312   97   25  -48   50   15   31   -7  159  -45    4  118  -30  278  234   98   51  122  211  251  864  449  405  595  992  994  998  995
  5 RussRocker4           8547  -513 -528 -118   11    0   23   78   90   25  124  167  -17   31    8  175   47   23   26   57  -31  -55   -5  350  -32   27  785  131  124  148  395  125  119  102  505  918  298  356  599  988  993  998 1000
  6 Biopic                8474   -33  -36   19  -10  -23    0   32   24  -31  141  166  -10    4   16  121   12   21   13   36    7  -20   -3  205  -12   33  138  435   24   90   88  150  143  190  528  755  335  424  544  993  996  996  973
  7 Robertot              7471    -9  -51  -73   24  -78  -32    0   37  -18   39   77  -34   18   12   68   93   43   -9   76  -12   26    7  308   -9    9  -20  -11   38  147   74   59  174   71  442  398  496  418  866  816  996  998  997
  8 Simple Predictor      7420  -174 -142  -58 -324  -90  -24  -37    0   17   15   36  -38   47   55  203   87   70  -49   57  -48    6   21  191  -79   19  527  -33  307  265  116   79  149  215  337  299  453  391  588  986  986  995  999
  9 Boom                  7192   -23  -54    1  -39  -25   31   18  -17    0   54   64  -12   23   29   82  -16   16  -33   68    0  -11    0  192  -42    1   71   -8    8  113   91  -12  100  188  438  386  389  406  753  977  990  995 1000
 10 Marble                6776  -202 -212 -227   11 -124 -141  -39  -15  -54    0  -36  -46  -86   50   65   55   48 -120   53  -43  -27  -98  228  -91  -46  648   71   26   32   59  152  181  135  353  929  276  432  594  992  993 1000 1000
 11 Granite               6611  -220 -229 -235  -85 -167 -166  -77  -36  -64   36    0  -70 -117   -4   52  -24   38  -79   56  -47  -37  -38  205  -61  -41  635   72   89   32  120  230  178  163  306  922  259  435  594  992  995  999 1000
 12 Shofar                6447    -5   -1   23  -57   17   10   34   38   12   46   70    0  -15   27  114   68   41   15   41  -14  -52  -10   96   -5  -45   24  -61    3   76    5  117  150  163  201  269  416  278  559  897  935  984  983
 13 Bugbrain              6115    25   10   10  -31  -31   -4  -18  -47  -23   86  117   15    0   19  167   62   -7  -10   44   12  -33   52  158   36    8   61   10  167    4   94   77   50   77   98  208  206  204  371  968  940  976  987
 14 Sweet Rocky           6084   -30  -33   -6  -44   -8  -16  -12  -55  -29  -50    4  -27  -19    0   -4   25   25  -56   68  -34  -53  -27  138  -66  -40  -39  -11   52   62   30   80  188   73  233  608  183  416  589  992  990  993  994
 15 ZQ Bot                5973  -304 -269 -241 -312 -175 -121  -68 -203  -82  -65  -52 -114 -167    4    0   -6   57  -79   45  -47  -67  -82  255  -64   13  733   -2   48   85  418  146  144  197  247  936  196  397  595  989  995  998  995
 16 Mixed Strategy        5664    -4  -40  -52  -97  -47  -12  -93  -87   16  -55   24  -68  -62  -25    6    0   -7  -26   52  -12  -36  -94   20  -38  -20  722  -20   59   13   33   68  163   60  165  239  171  342  480  981  971  994  980
 17 Piedra                5626   -73  -30  -87  -25  -23  -21  -43  -70  -16  -48  -38  -41    7  -25  -57    7    0  -12   58  -27  -37  -72  106  -34  -24  -71   10   52    3  136  170  172  100  177  312  230  390  593  997  996  994  990
 18 ACT-R Lag2            5591  -103  -61   12   48  -26  -13    9   49   33  120   79  -15   10   56   79   26   12    0   -6   81   -3   34  211  -87  -22   70  -30   -6    7    9   99   85  144  490   75  280  262  573   21  995  997  997
 19 * Anti-rotn           5285   -57  -55  -42  -50  -57  -36  -76  -57  -68  -53  -56  -41  -44  -68  -45  -52  -58    6    0  -17  -22  -39  252  -82  -48  732  -78   18   12   21  219   58  313   58   36  487  193  597  491  996  997 1000
 20 Majikthise            4887   -16   -1   53  -15   31   -7   12   48    0   43   47   14  -12   34   47   12   27  -81   17    0   29   13  174  -35    4   66   22    7    4   38   64    6  114  231   25  269  166  475  -24  995  995  996
 21 Vroomfondel           4644    23  -46   -3  -31   55   20  -26   -6   11   27   37   52   33   53   67   36   37    3   22  -29    0   -5  120  -45   14   -6   40   -2  -18   -6   87   -9  107  261   -6  248  149  429  -33  994  995  995
 22 Yomi AI               3984    35   -2  -46    7    5    3   -7  -21    0   98   38   10  -52   27   82   94   72  -34   39  -13    5    0  115  -52    1   51  221   36    8   60  105   81   87  292   60  136  150  383   -2  430 1000  482
 23 Multi-strategy        2289  -304 -240 -213 -159 -350 -205 -308 -191 -192 -228 -205  -96 -158 -138 -255  -20 -106 -211 -252 -174 -120 -115    0  -50  -20 -115    2  -23  239  -35  161  123  304   39    8  469  436  999  997  997  999  999
 24 * De Bruijn            949   -18  -49    3   45   32   12    9   79   42   91   61    5  -36   66   64   38   34   87   82   35   45   52   50    0   -1   10    9  -12    7   22    0   23   -5   28  -23   44   -9  128   -1   21    0 -121
 25 * Pi                   254   -10   26    1   -4  -27  -33   -9  -19   -1   46   41   45   -8   40  -13   20   24   22   48   -4  -14   -1   20    1    0   17   21  -10    9  -35   14  -81   60   35   10    6   -2   30   22  -11  -11  -11
 26 Inocencio            -1422  -190 -211 -196 -118 -785 -138   20 -527  -71 -648 -635  -24  -61   39 -733 -722   71  -70 -732  -66    6  -51  115  -10  -17    0  308  -32   81   76  188  160   80  228   82  264  400  358 -806  983  982  980
 27 * Foxtrot            -1699  -320 -356  -58   30 -131 -435   11   33    8  -71  -72   61  -10   11    2   20  -10   30   78  -22  -40 -221   -2   -9  -21 -308    0   28   24   -3    8   53   -8  -12   -5   19   -9   38  -16  -20    8   -2
 28 * Add-drift          -1777  -158 -131 -209 -278 -124  -24  -38 -307   -8  -26  -89   -3 -167  -52  -48  -59  -52    6  -18   -7    2  -36   23   12   10   32  -28    0   25 -108   65    6  -27    6  -28   39  -34   19  -20   43    2   12
 29 * Copy-drift         -2044  -137  -85  -19 -234 -148  -90 -147 -265 -113  -32  -32  -76   -4  -62  -85  -13   -3   -7  -12   -4   18   -8 -239   -7   -9  -81  -24  -25    0   19  -22   34  -43  -62   20    1  -23  -38   -6   16   -8   11
 30 * Add-react          -2950  -325 -346 -289  -98 -395  -88  -74 -116  -91  -59 -120   -5  -94  -30 -418  -33 -136   -9  -21  -38    6  -60   35  -22   35  -76    3  108  -19    0  -36   22  -22  -83  -51   14    7    1   -3  -54    0   30
 31 * Flat               -3025  -172  -97  -88  -51 -125 -150  -59  -79   12 -152 -230 -117  -77  -80 -146  -68 -170  -99 -219  -64  -87 -105 -161    0  -14 -188   -8  -65   22   36    0    2    2   12 -230   -2  -38  233  190   14    0 -407
 32 * Text               -3190   -55  -74 -142 -122 -119 -143 -174 -149 -100 -181 -178 -150  -50 -188 -144 -163 -172  -85  -58   -6    9  -81 -123  -23   81 -160  -53   -6  -34  -22   -2    0    5  -47   20   42   -1 -185  -74  -11 -185  113
 33 * Switch A Lot       -3365   -14 -131 -301 -211 -102 -190  -71 -215 -188 -135 -163 -163  -77  -73 -197  -60 -100 -144 -313 -114 -107  -87 -304    5  -60  -80    8   27   43   22   -2   -5    0  -26  -99  -36   23   -3  317  -34  -24   19
 34 Knucklehead          -3449  -576 -350 -348 -251 -505 -528 -442 -337 -438 -353 -306 -201  -98 -233 -247 -165 -177 -490  -58 -231 -261 -292  -39  -28  -35 -228   12   -6   62   83  -12   47   26    0 -114   10   82  108  958  652  933  927
 35 Peterbot             -5472  -865 -954 -918 -864 -918 -755 -398 -299 -386 -929 -922 -269 -208 -608 -936 -239 -312  -75  -36  -25    6  -60   -8   23  -10  -82    5   28  -20   51  230  -20   99  114    0  271  419  432  982  999  998  987
 36 Always Switchin'     -7251  -206 -251 -416 -449 -298 -335 -496 -453 -389 -276 -259 -416 -206 -183 -196 -171 -230 -280 -487 -269 -248 -136 -469  -44   -6 -264  -19  -39   -1  -14    2  -42   36  -10 -271    0  -30   86  501   52  -18  -51
 37 R-P-S 20-20-60       -8999  -386 -131 -394 -405 -356 -424 -418 -391 -406 -432 -435 -278 -204 -416 -397 -342 -390 -262 -193 -166 -149 -150 -436    9    2 -400    9   34   23   -7   38    1  -23  -82 -419   30    0 -416 -161  -71 -401  396
 38 Beat Frequent Pick  -13939  -909 -911 -948 -595 -599 -544 -866 -588 -753 -594 -594 -559 -371 -589 -595 -480 -593 -573 -597 -475 -429 -383 -999 -128  -30 -358  -38  -19   38   -1 -233  185    3 -108 -432  -86  416    0 -600    0  999  997
 39 Beat The Last Move  -17250  -985 -983 -987 -992 -988 -993 -816 -986 -977 -992 -992 -897 -968 -992 -989 -981 -997  -21 -491   24   33    2 -997    1  -22  806   16   20    6    3 -190   74 -317 -958 -982 -501  161  600    0    1 1000  997
 40 Rotate R-P-S        -25366  -986 -995 -989 -994 -993 -996 -996 -986 -990 -993 -995 -935 -940 -990 -995 -971 -996 -995 -996 -995 -994 -430 -997  -21   11 -983   20  -43  -16   54  -14   11   34 -652 -999  -52   71    0   -1    0    0 -639
 41 Good Ole Rock       -26170  -1000 -995 -999 -998 -998 -996 -998 -995 -995 -1000 -999 -984 -976 -993 -998 -994 -994 -997 -997 -995 -995 -1000 -999    0   11 -982   -8   -2    8    0    0  185   24 -933 -998   18  401 -999 -1000    0    0 1000
 42 * Anti-Flat         -27566  -972 -994 -1000 -995 -1000 -973 -997 -999 -1000 -1000 -1000 -983 -987 -994 -995 -980 -990 -997 -1000 -996 -995 -482 -999  121   11 -980    2  -12  -11  -30  407 -113  -19 -927 -987   51 -396 -997 -997  639 -1000    0

 Match results (draw <= 50): 

    Player Name           total  W  L  D   1  2  3  4  5  6  7  8  9 10 11 12 13 14 15 16 17 18 19 20 21 22 23 24 25 26 27 28 29 30 31 32 33 34 35 36 37 38 39 40 41 42
  1 Iocaine Powder          69  28  0 13   1  2  2  2  2  1  1  1  1  2  1  2  1  1  1  1  2  2  1  2  1  1  2  2  2  2  2  2  2  2  2  2  2  2  2  2  1  2  2  2  2  2
  2 Phasenbott              68  28  1 12   0  1  2  1  2  1  1  2  1  2  2  2  1  1  1  1  1  2  1  2  1  1  2  2  2  2  2  2  2  2  2  2  2  2  2  2  2  2  2  2  2  2
  3 MegaHAL                 63  25  3 13   0  0  1  1  2  1  1  1  1  2  2  1  1  1  1  0  2  2  1  2  2  1  2  1  2  2  2  2  2  1  2  2  2  2  2  2  2  2  2  2  2  2
  4 Simple Modeller         62  22  1 18   0  1  1  1  1  1  1  1  1  2  1  1  2  1  1  1  1  1  1  2  2  1  2  1  2  1  2  2  2  2  2  2  2  2  2  2  2  2  2  2  2  2
  5 RussRocker4             61  24  4 13   0  0  0  1  1  1  1  1  1  2  2  1  1  0  1  1  1  2  1  2  1  1  2  2  2  2  2  2  2  2  2  2  2  2  2  2  2  2  2  2  2  2
  6 Biopic                  61  20  0 21   1  1  1  1  1  1  1  1  1  1  1  1  1  1  1  1  1  2  1  2  1  1  2  1  2  2  2  1  2  2  2  2  2  2  2  2  2  2  2  2  2  2
  7 Bugbrain                61  20  0 21   1  1  1  1  1  1  1  1  2  1  1  1  1  1  1  1  1  2  1  2  2  1  2  1  2  1  2  2  2  1  2  2  2  2  1  2  2  2  2  2  2  2
  8 Boom                    59  19  1 21   1  0  1  1  1  1  1  1  1  1  1  1  1  1  1  1  1  2  1  2  1  1  2  2  2  1  2  1  2  2  2  2  2  2  2  1  2  2  2  2  2  2
  9 Yomi AI                 58  19  2 20   1  1  1  1  1  1  0  1  1  1  1  1  1  1  1  1  2  2  0  1  2  1  2  1  2  2  2  1  2  1  2  2  1  2  2  2  2  2  2  2  2  2
 10 Simple Predictor        57  22  6 13   0  0  0  0  0  1  1  1  1  1  1  1  1  1  2  1  2  1  0  1  2  1  2  2  2  1  2  2  2  2  2  2  2  2  2  2  2  2  2  2  2  2
 11 Robertot                57  19  3 19   1  0  0  1  0  1  1  1  1  1  1  1  1  1  1  1  1  1  1  2  2  1  2  2  1  1  2  1  2  2  2  2  2  2  2  2  2  2  2  2  2  2
 12 ACT-R Lag2              56  18  3 20   0  0  1  1  1  1  1  1  1  1  1  1  1  1  2  2  1  2  0  2  1  1  2  1  2  1  2  1  2  1  2  1  1  2  2  2  2  2  2  2  2  2
 13 Shofar                  55  17  3 21   1  1  1  0  1  1  1  1  1  1  1  1  1  0  1  1  1  1  1  2  2  1  2  1  1  0  2  1  2  2  2  1  2  2  2  2  2  2  2  2  2  2
 14 Vroomfondel             55  14  0 27   1  1  1  1  2  1  1  1  1  1  1  1  2  1  2  1  1  1  1  1  1  1  2  1  1  1  1  1  2  1  2  1  1  2  1  2  2  2  2  2  2  2
 15 Sweet Rocky             53  16  4 21   1  1  1  1  1  1  1  1  1  0  1  0  1  0  1  1  1  1  0  1  1  1  1  2  1  1  2  2  2  2  2  1  2  2  2  2  2  2  2  2  2  2
 16 Majikthise              52  12  1 28   1  1  2  1  1  1  1  1  1  1  1  0  1  1  1  1  1  1  1  1  1  1  1  1  2  1  1  1  2  1  2  1  1  2  1  2  2  2  2  2  2  2
 17 Piedra                  51  16  6 19   0  1  0  1  1  1  1  1  0  0  1  1  1  1  1  1  1  1  1  1  1  1  0  2  0  1  2  2  2  1  2  2  2  2  2  2  2  2  2  2  2  2
 18 Marble                  50  19 10 12   0  0  0  1  0  0  0  0  0  1  1  0  1  1  1  1  1  1  0  1  2  1  2  2  2  2  2  1  2  1  2  2  2  2  2  2  2  2  2  2  2  2
 19 * De Bruijn             49   9  1 31   1  1  1  1  1  1  1  1  2  2  1  2  1  1  2  1  1  2  1  2  1  1  2  2  1  1  1  1  1  1  1  1  1  1  1  1  1  1  2  1  0  1
 20 Granite                 48  19 12 10   0  0  0  0  0  0  0  0  1  1  0  0  0  1  1  1  1  1  0  1  1  1  2  2  2  2  2  2  2  1  2  2  2  2  2  2  2  2  2  2  2  2
 21 Mixed Strategy          48  15  8 18   1  1  0  0  1  1  0  1  0  0  0  1  0  1  1  1  1  0  1  1  1  1  1  2  2  1  2  2  1  1  2  1  2  2  2  2  2  2  2  2  2  2
 22 * Pi                    41   1  1 39   1  1  1  1  1  1  1  1  1  1  1  1  1  1  1  1  1  1  1  1  1  1  1  1  1  1  1  1  1  1  1  1  1  1  0  1  2  1  1  1  1  1
 23 ZQ Bot                  41  17 17  7   0  0  0  0  0  0  0  0  0  0  0  0  0  0  1  1  2  0  0  0  1  1  1  1  2  1  2  1  2  2  2  2  2  2  2  2  2  2  2  2  2  2
 24 * Anti-rotn             41  13 13 15   0  0  1  1  0  1  1  0  1  0  0  1  1  1  0  1  0  0  0  0  0  1  1  1  2  0  1  1  2  1  2  1  2  2  2  2  2  2  2  2  2  2
 25 Inocencio               39  16 18  7   0  0  0  0  0  0  0  0  0  0  1  0  1  1  1  0  2  0  1  0  0  1  0  0  1  2  2  1  2  2  2  2  0  2  2  2  2  2  2  2  2  2
 26 * Foxtrot               35   3  9 29   0  0  0  1  0  0  1  1  0  1  1  1  2  1  1  1  1  0  1  0  1  1  1  2  0  1  1  1  1  1  1  1  1  1  2  1  1  1  1  1  1  1
 27 Peterbot                32  11 20 10   0  0  0  0  0  0  0  0  0  0  0  0  0  1  0  1  0  0  1  0  0  1  0  1  0  1  1  1  1  1  2  2  2  2  1  2  2  2  2  2  2  2
 28 * Add-drift             30   1 12 28   0  0  0  0  0  1  0  1  1  0  1  1  1  1  0  1  0  1  1  0  0  1  1  1  1  1  1  1  1  1  1  0  1  1  1  2  1  1  1  1  1  1
 29 Multi-strategy          30  11 22  8   0  0  0  0  0  0  0  0  0  0  0  0  0  0  0  0  0  0  1  0  1  1  0  0  0  1  1  1  1  2  1  1  2  2  2  2  2  2  2  2  2  2
 30 * Copy-drift            27   0 14 27   0  0  1  0  0  0  1  0  1  0  0  1  0  1  0  1  1  1  1  1  1  1  0  1  0  1  1  1  0  1  0  1  1  1  1  1  1  1  1  1  1  1
 31 Knucklehead             25   8 24  9   0  0  0  0  0  0  0  0  0  0  0  0  0  0  0  0  0  0  1  0  0  1  0  0  0  1  0  1  1  2  1  2  2  1  1  1  1  2  2  2  2  2
 32 * Add-react             23   1 19 21   0  0  0  0  0  0  0  0  0  0  0  1  1  1  1  1  0  0  1  0  1  1  0  1  0  1  0  2  1  1  0  1  1  1  1  1  1  1  1  0  1  1
 33 Beat The Last Move      23   6 24 11   0  0  0  0  0  0  0  0  1  0  0  1  0  1  0  1  0  0  1  0  0  1  0  0  2  1  0  1  0  1  0  1  1  0  2  0  0  2  2  1  2  2
 34 Always Switchin'        18   3 26 12   0  0  0  0  0  0  0  0  0  0  0  0  0  0  0  0  0  0  1  0  0  1  0  0  0  1  0  1  0  1  1  1  2  1  1  1  1  1  2  2  0  1
 35 * Text                  18   2 25 14   0  0  0  0  0  0  1  0  0  0  0  0  0  1  0  1  0  0  1  0  0  2  0  0  0  0  1  1  0  1  1  1  0  1  1  1  1  0  0  1  2  1
 36 * Flat                  17   2 26 13   0  0  0  0  0  0  0  1  0  0  0  0  0  0  0  0  0  0  1  0  0  1  0  0  0  1  0  0  0  1  1  1  2  1  1  1  1  1  2  1  0  1
 37 * Switch A Lot          17   1 25 15   1  0  0  0  0  0  0  0  0  0  0  0  0  0  0  0  0  0  1  0  0  0  0  0  0  1  0  1  0  1  1  1  2  1  1  1  1  1  1  1  1  1
 38 Good Ole Rock           16   3 28 10   0  0  0  0  0  0  0  0  0  0  0  0  0  0  0  0  0  0  1  0  0  1  0  0  0  1  0  1  0  1  0  1  0  1  2  1  1  1  0  1  2  2
 39 Beat Frequent Pick      15   4 30  7   0  0  0  0  0  0  0  0  0  0  0  0  0  0  0  0  0  0  0  0  0  1  0  0  0  1  0  1  0  1  0  1  0  0  2  0  1  2  1  1  2  2
 40 Rotate R-P-S            15   2 28 11   0  0  0  0  0  0  0  0  0  0  0  0  0  0  0  0  0  0  1  0  0  1  0  0  0  1  0  1  0  1  0  2  1  0  1  1  1  1  1  1  0  2
 41 * Anti-Flat             14   4 31  6   0  0  0  0  0  0  0  0  0  0  0  0  0  0  0  0  0  0  2  0  0  1  0  0  0  1  0  1  0  1  0  1  0  2  0  2  1  0  0  2  1  0
 42 R-P-S 20-20-60          12   1 30 10   0  0  0  0  0  0  0  0  0  0  0  0  0  0  0  0  0  0  1  0  0  1  0  0  0  1  0  1  0  1  0  1  0  1  1  1  1  0  0  0  2  1


   Yomi AI is match ranked 9

 Tournament results:
    Player Name          total 
  1 Yomi AI               3984 
 15 * Anti-rotn           5285 
 19 Iocaine Powder       10507 
 20 Phasenbott           10089 
 21 MegaHAL               9365 
 22 RussRocker4           8547 
 23 Biopic                8474 
 24 Simple Modeller       8690 
 25 Simple Predictor      7420 
 26 Robertot              7471 
 27 Boom                  7192 
 28 Shofar                6447 
 29 ACT-R Lag2            5591 
 30 Majikthise            4887 
 31 Vroomfondel           4644 
 32 Granite               6611 
 33 Marble                6776 
 34 ZQ Bot                5973 
 35 Sweet Rocky           6084 
 36 Piedra                5626 
 37 Mixed Strategy        5664 
 41 Bugbrain              6115 

   Yomi is tournament ranked 22

