 Playing 1 tournaments with 1000 trials per match...

 Yomi AI            vs Good Ole Rock       Match:  998 (999+   1-   0=)
 Yomi AI            vs R-P-S 20-20-60      Match:  285 (523+ 238- 239=)
 Yomi AI            vs Rotate R-P-S        Match:  963 (972+   9-  19=)
 Yomi AI            vs Beat The Last Move  Match:   -2 (353+ 355- 292=)
 Yomi AI            vs Always Switchin'    Match:  197 (403+ 206- 391=)
 Yomi AI            vs Beat Frequent Pick  Match:  460 (647+ 187- 166=)
 Yomi AI            vs * Pi                Match:  -16 (323+ 339- 338=)
 Yomi AI            vs * Switch A Lot      Match:   22 (340+ 318- 342=)
 Yomi AI            vs * Flat              Match:   78 (358+ 280- 362=)
 Yomi AI            vs * Anti-Flat         Match: 1000 (1000+   0-   0=)
 Yomi AI            vs * Foxtrot           Match:  296 (523+ 227- 250=)
 Yomi AI            vs * De Bruijn         Match:    8 (335+ 327- 338=)
 Yomi AI            vs * Text              Match:   63 (376+ 313- 311=)
 Yomi AI            vs * Anti-rotn         Match:  -48 (322+ 370- 308=)
 Yomi AI            vs * Copy-drift        Match:   20 (350+ 330- 320=)
 Yomi AI            vs * Add-react         Match:   39 (369+ 330- 301=)
 Yomi AI            vs * Add-drift         Match:   36 (356+ 320- 324=)
 Yomi AI            vs Iocaine Powder      Match:   39 (356+ 317- 327=)
 Yomi AI            vs Phasenbott          Match:   26 (359+ 333- 308=)
 Yomi AI            vs MegaHAL             Match:   38 (361+ 323- 316=)
 Yomi AI            vs RussRocker4         Match:    0 (333+ 333- 334=)
 Yomi AI            vs Biopic              Match:   14 (364+ 350- 286=)
 Yomi AI            vs Simple Modeller     Match:   15 (337+ 322- 341=)
 Yomi AI            vs Simple Predictor    Match:  -12 (345+ 357- 298=)
 Yomi AI            vs Robertot            Match:   -9 (336+ 345- 319=)
 Yomi AI            vs Boom                Match:    7 (348+ 341- 311=)
 Yomi AI            vs Shofar              Match:  -20 (330+ 350- 320=)
 Yomi AI            vs ACT-R Lag2          Match:   51 (344+ 293- 363=)
 Yomi AI            vs Majikthise          Match:   13 (334+ 321- 345=)
 Yomi AI            vs Vroomfondel         Match:  -17 (335+ 352- 313=)
 Yomi AI            vs Granite             Match:   66 (400+ 334- 266=)
 Yomi AI            vs Marble              Match:    7 (369+ 362- 269=)
 Yomi AI            vs ZQ Bot              Match:  -23 (330+ 353- 317=)
 Yomi AI            vs Sweet Rocky         Match:   13 (355+ 342- 303=)
 Yomi AI            vs Piedra              Match:   -3 (358+ 361- 281=)
 Yomi AI            vs Mixed Strategy      Match:   59 (381+ 322- 297=)
 Yomi AI            vs Multi-strategy      Match:  239 (504+ 265- 231=)
 Yomi AI            vs Inocencio           Match:   66 (394+ 328- 278=)
 Yomi AI            vs Peterbot            Match:   26 (352+ 326- 322=)
 Yomi AI            vs Bugbrain            Match:    3 (337+ 334- 329=)
 Yomi AI            vs Knucklehead         Match:  467 (634+ 167- 199=)
 Final results (draw value = 50):

 Tournament results: 

    Player Name          total     1    2    3    4    5    6    7    8    9   10   11   12   13   14   15   16   17   18   19   20   21   22   23   24   25   26   27   28   29   30   31   32   33   34   35   36   37   38   39   40   41   42
  1 Iocaine Powder       10772     0   -9   55   87   45  525   26  183   17  267   17  271  269   49   16   71  -42  -39   78   22  178   -3  258   -7  216  -14  122  380  197  308  118  217   33  541  840  230  362  945 1000  983  989  971
  2 Phasenbott           10008     9    0   58   -9   27  529   48  120   17  220   70  215  294   45    6   42   65  -26   27   -1   77   35  231   35  195  -23   97  395   58  284   77   52  110  403  960  224  162  938  982  992  996  972
  3 MegaHAL               9453   -55  -58    0  -14   20   79   26   54   29  256   90  241  282   46  -21   65   -7  -38  -49  -10   25  -11  217   -5  179    2  138   28   38  277  142  112  318  440  917  424  351  944  990  996 1000  995
  4 Simple Modeller       8787   -87    9   14    0   23   42   10  272   19   83   48   95  286   59  -15   42   39  -15    7   -4   81   -1  173  -75  784    5  183  -23  258  105  127   95  268  302  286  400  328  588  994  995  996  991
  5 Biopic                8432   -45  -27  -20  -23    0  -47   50   79    5  140   36  184   87   40  -15   62   44  -14   64   14   67    7  190  -42  139   13    8  387   78   30  104  152  209  524  779  302  340  550  992  994  997  998
  6 RussRocker4           7942  -525 -529  -79  -42   47    0   90   68   -5  171   51  129  167   44   32   71   37    0   -3   20   21   30  313  -25  165    3  179  158   97  369   73  112  108  482  937  240  358  605  988  991  998  996
  7 Robertot              7810   -26  -48  -26  -10  -50  -90    0   22   24   44   73   70  107   38    0   41   12    9   -2   13  135  -10  134    7   27  -59   30   33   51   51  159   76  105  380  998  466  395  830  816  996  996  993
  8 Simple Predictor      7601  -183 -120  -54 -272  -79  -68  -22    0  -33   35   17   49  180   45  -17   54   46   12   -9  -21   33   22  220  -79  789   19  257  -24  226  121  154  102  204  320  328  428  367  588  985  989  996  996
  9 Boom                  7347   -17  -17  -29  -19   -5    5  -24   33    0  -17   -3   48   66   36    0   47   12   -7  -25  -21   44   -9  150    1  184   -4   44   -1   52   86  145   36  164  411  572  373  319  753  991  984  995  994
 10 Marble                6612  -267 -220 -256  -83 -140 -171  -44  -35   17    0   46  -10   23   93  -66   24  -69   -7 -150  -14   16  -56  228  -88  644  -34  102   28   31  118  176  182  145  321  927  246  386  591  989  995  998  996
 11 Sweet Rocky           6508   -17  -70  -90  -48  -36  -51  -73  -17    3  -46    0  -39  -27   46  -42   37  -39  -13  -19  -24  -41  -22  155  -40  -43  -50   42   14   87   90  145  127  155  233  997  287  369  596  992  991  997  992
 12 Granite               6460  -271 -215 -241  -95 -184 -129  -70  -49  -48   10   39    0   47   49   41   55  -67  -66 -113  -75    4  -91  249 -104  644  -38   98   50   32  100  177  150  182  315  921  173  404  594  994  995  998  995
 13 ZQ Bot                6038  -269 -294 -282 -286  -87 -167 -107 -180  -66  -23   27  -47    0   40  -49   29 -152   23  -71  -35   31  -31  215  -57  743   -1   47   -9   42  246  166  185  118  226  884  257  406  589  991  990  997  999
 14 * Anti-rotn           5949   -49  -45  -46  -59  -40  -44  -38  -45  -36  -93  -46  -49  -40    0  -41  -44  -44   48    0  -16  -43   19  262  -33  619  -42    2  -43   46   14   59  206  306   37  500  496  183  597  499  997  998  997
 15 Shofar                5915   -16   -6   21   15   15  -32    0   17    0   66   42  -41   49   41    0   40   -7   20    6   16   32   -8   50  -28   73    4   19  -38   28    4   85   21  191  144   21  396  320  557  900  933  979  986
 16 Piedra                5795   -71  -42  -65  -42  -62  -71  -41  -54  -47  -24  -37  -55  -29   44  -40    0  -62    3  -45  -48  -19  -50  106  -28  -32  -34   64  -24   80  345  173  187  154  184  376  150  387  587  993  990  997  997
 17 Bugbrain              5741    42  -65    7  -39  -44  -37  -12  -46  -12   69   39   67  152   44    7   62    0   -3   12  -35   13   -7  168  -17   62   28   91  -32   32   96   36   23   57  169  238  230  117  422  943  929  974  961
 18 Yomi AI               5464    39   26   38   15   14    0   -9  -12    7    7   13   66  -23  -48  -20   -3    3    0   51  -17   59   13  239    8   66  -16   36  296   20   39   63   78   22  467   26  197  285  460   -2  963  998 1000
 19 ACT-R Lag2            5436   -78  -27   49   -7  -64    3    2    9   25  150   19  113   71    0   -6   45  -12  -51    0  -41   38    3  229  -79   61  -33  -20  -55  -49   13   74  108  173  478  234  223  272  585    3  994  997  987
 20 Vroomfondel           5033   -22    1   10    4  -14  -20  -13   21   21   14   24   75   35   16  -16   48   35   17   41    0   47  -51  241  -28   58   40   -7   44    5    5   24  102  151  199   47  230  166  465   34  996  996  992
 21 Mixed Strategy        5031  -178  -77  -25  -81  -67  -21 -135  -33  -44  -16   41   -4  -31   43  -32   19  -13  -59  -38  -47    0  -20    2  -94   30  -27   -6   41   67   87  174  -14  116  309  322   56  320  539  960  977  997  993
 22 Majikthise            4990     3  -35   11    1   -7  -30   10  -22    9   56   22   91   31  -19    8   50    7  -13   -3   51   20    0  253   48   56   27   10  -13   29    3   39   93   66  271    0  207  171  476   39  990  996  988
 23 Multi-strategy        2311  -258 -231 -217 -173 -190 -313 -134 -220 -150 -228 -155 -249 -215 -262  -50 -106 -168 -239 -229 -241   -2 -253    0  -50  -58  -20   12  -17  263   35  123  188  326   30  -95  504  363  999  997  997  999  998
 24 * De Bruijn            815     7  -35    5   75   42   25   -7   79   -1   88   40  104   57   33   28   28   17   -8   79   28   94  -48   50    0   30   -1  -54  -13   -9   27   23   37  -10  -57    2   49  -24  128   -1   21    0 -113
 25 Inocencio              645  -216 -195 -179 -784 -139 -165  -27 -789 -184 -644   43 -644 -743 -619  -73   32  -62  -66  -61  -58  -30  -56   58  -30    0  -15    9  295  138   92  148  118  126  221  167  299  405  358  977  976  977  985
 26 * Pi                   176    14   23   -2   -5  -13   -3   59  -19    4   34   50   38    1   42   -4   34  -28   16   33  -40   27  -27   20    1   15    0    1  -35   17  -26  -81   10    7   15   28  -29  -19   30   22  -11  -11  -12
 27 * Add-drift          -1554  -122  -97 -138 -183   -8 -179  -30 -257  -44 -102  -42  -98  -47   -2  -19  -64  -91  -36   20    7    6  -10  -12   54   -9   -1    0    9  -11  -87   -7   15    1    4  -38   20   50   33   -2    3  -24  -16
 28 * Foxtrot            -1931  -380 -395  -28   23 -387 -158  -33   24    1  -28  -14  -50    9   43   38   24   32 -296   55  -44  -41   13   17   13 -295   35   -9    0   -4  -30  -17   22    0   37  -51   31  -32   -2  -19  -38    7   -4
 29 * Copy-drift         -1955  -197  -58  -38 -258  -78  -97  -51 -226  -52  -31  -87  -32  -42  -46  -28  -80  -32  -20   49   -5  -67  -29 -263    9 -138  -17   11    4    0  -24    3    7   36  -72   -2   42  -12  -23  -56  -11   18   38
 30 * Add-react          -2806  -308 -284 -277 -105  -30 -369  -51 -121  -86 -118  -90 -100 -246  -14   -4 -345  -96  -39  -13   -5  -87   -3  -35  -27  -92   26   87   30   24    0  -24  -28  -10  -30  -58    7  -13    9   82   15    7   15
 31 * Text               -2887  -118  -77 -142 -127 -104  -73 -159 -154 -145 -176 -145 -177 -166  -59  -85 -173  -36  -63  -74  -24 -174  -39 -123  -23 -148   81    7   17   -3   24    0   10    8   35   31   25    4 -185  -74  -11 -185  113
 32 * Flat               -2990  -217  -52 -112  -95 -152 -112  -76 -102  -36 -182 -127 -150 -185 -206  -21 -187  -23  -78 -108 -102   14  -93 -188  -37 -118  -10  -15  -22   -7   28  -10    0   31    9 -144  -39  -12  230  201  -43   -1 -441
 33 * Switch A Lot       -3563   -33 -110 -318 -268 -209 -108 -105 -204 -164 -145 -155 -182 -118 -306 -191 -154  -57  -22 -173 -151 -116  -66 -326   10 -126   -7   -1    0  -36   10   -8  -31    0   -6 -133    3   -6   38  359   33   28   -9
 34 Knucklehead          -3955  -541 -403 -440 -302 -524 -482 -380 -320 -411 -321 -233 -315 -226  -37 -144 -184 -169 -467 -478 -199 -309 -271  -30   57 -221  -15   -4  -37   72   30  -35   -9    6    0  -16   -1   18  172  773  475  968  998
 35 Peterbot             -6715  -840 -960 -917 -286 -779 -937 -998 -328 -572 -927 -997 -921 -884 -500  -21 -376 -238  -26 -234  -47 -322    0   95   -2 -167  -28   38   51    2   58  -31  144  133   16    0  285  394  436  982  998  998  993
 36 Always Switchin'     -6987  -230 -224 -424 -400 -302 -240 -466 -428 -373 -246 -287 -173 -257 -496 -396 -150 -230 -197 -223 -230  -56 -207 -504  -49 -299   29  -20  -31  -42   -7  -25   39   -3    1 -285    0   -1   -6  500    7   19  -75
 37 R-P-S 20-20-60       -8792  -362 -162 -351 -328 -340 -358 -395 -367 -319 -386 -369 -404 -406 -183 -320 -387 -117 -285 -272 -166 -320 -171 -363   24 -405   19  -50   32   12   13   -4   12    6  -18 -394    1    0 -401 -123   -2 -389    6
 38 Beat Frequent Pick  -14216  -945 -938 -944 -588 -550 -605 -830 -588 -753 -591 -596 -594 -589 -597 -557 -587 -422 -460 -585 -465 -539 -476 -999 -128 -358  -30  -33    2   23   -9  185 -230  -38 -172 -436    6  401    0 -600    0  999 1000
 39 Beat The Last Move  -19093  -1000 -982 -990 -994 -992 -988 -816 -985 -991 -989 -992 -994 -991 -499 -900 -993 -943    2   -3  -34 -960  -39 -997    1 -977  -22    2   19   56  -82   74 -201 -359 -773 -982 -500  123  600    0    1 1000  997
 40 Rotate R-P-S        -25758  -983 -992 -996 -995 -994 -991 -996 -989 -984 -995 -991 -995 -990 -997 -933 -990 -929 -963 -994 -996 -977 -990 -997  -21 -976   11   -3   38   11  -15   11   43  -33 -475 -998   -7    2    0   -1    0    0 -688
 41 Good Ole Rock       -26295  -989 -996 -1000 -996 -997 -998 -996 -996 -995 -998 -997 -998 -997 -998 -979 -997 -974 -998 -997 -996 -997 -996 -999    0 -977   11   24   -7  -18   -7  185    1  -28 -968 -998  -19  389 -999 -1000    0    0 1000
 42 * Anti-Flat         -27574  -971 -972 -995 -991 -998 -996 -993 -996 -994 -996 -992 -995 -999 -997 -986 -997 -961 -1000 -987 -992 -993 -988 -998  113 -985   12   16    4  -38  -15 -113  441    9 -998 -993   75   -6 -1000 -997  688 -1000    0

 Match results (draw <= 50): 

    Player Name           total  W  L  D   1  2  3  4  5  6  7  8  9 10 11 12 13 14 15 16 17 18 19 20 21 22 23 24 25 26 27 28 29 30 31 32 33 34 35 36 37 38 39 40 41 42
  1 Iocaine Powder          68  27  0 14   1  1  1  2  2  2  1  1  1  1  1  2  1  1  2  1  1  2  2  2  1  2  2  1  2  2  2  2  2  2  2  2  2  2  2  1  2  2  2  2  2  2
  2 Phasenbott              68  27  0 14   1  1  1  2  2  1  1  2  1  1  1  2  1  1  1  1  2  1  2  2  1  2  2  1  2  2  2  2  2  2  2  2  2  2  2  2  2  2  2  2  2  2
  3 Biopic                  64  23  0 18   1  1  1  1  1  1  1  1  1  1  1  2  1  1  2  1  1  2  2  2  1  2  2  1  2  2  2  1  2  2  1  2  2  2  2  2  2  2  2  2  2  2
  4 RussRocker4             63  25  3 13   0  0  1  1  0  1  2  1  1  1  1  2  1  1  1  1  2  2  2  1  1  2  2  1  2  2  2  2  2  2  2  2  2  2  2  2  2  2  2  2  2  2
  5 MegaHAL                 62  23  2 16   0  0  1  2  1  1  1  1  1  1  1  2  1  1  1  1  2  2  2  1  1  2  2  1  2  1  2  2  2  1  2  2  2  2  2  2  2  2  2  2  2  2
  6 Simple Modeller         62  23  2 16   0  1  1  1  1  1  1  1  1  1  1  2  1  2  1  1  1  1  2  2  0  2  2  1  2  1  2  2  2  2  2  2  2  2  2  2  2  2  2  2  2  2
  7 Robertot                58  19  2 20   1  1  1  0  1  1  1  1  1  1  1  1  1  1  1  1  2  1  1  2  1  2  2  0  1  1  2  1  2  2  2  2  2  2  2  2  2  2  2  2  2  2
  8 Bugbrain                58  18  1 22   1  0  1  1  1  1  1  1  1  1  1  1  1  1  1  1  1  2  2  1  1  2  2  1  2  1  2  2  2  1  2  2  1  2  1  2  2  2  2  2  2  2
  9 Boom                    57  16  0 25   1  1  1  1  1  1  1  1  1  1  1  1  1  1  1  1  1  1  1  1  1  1  2  1  2  1  2  1  2  2  2  2  1  2  2  2  2  2  2  2  2  2
 10 Yomi AI                 56  15  0 26   1  1  1  1  1  1  1  1  1  1  1  1  1  1  2  1  1  1  1  2  1  2  1  1  2  2  1  1  2  1  1  2  2  1  2  1  2  2  2  2  2  2
 11 Majikthise              55  14  0 27   1  1  1  1  1  1  1  1  1  1  1  1  1  1  1  2  1  1  2  1  1  2  1  1  2  1  1  1  2  1  1  2  2  1  1  2  2  2  2  2  2  2
 12 Simple Predictor        53  19  7 15   0  0  0  0  0  0  1  1  1  1  1  1  1  1  1  1  1  2  1  1  0  1  2  1  2  1  2  2  2  2  2  2  2  2  2  2  2  2  2  2  2  2
 13 Shofar                  53  12  0 29   1  1  1  1  1  1  1  1  1  1  1  1  1  1  1  1  1  1  2  1  1  1  1  1  2  1  1  1  1  1  1  2  1  2  2  2  2  2  2  2  2  2
 14 * Anti-rotn             52  13  2 26   1  1  1  1  1  0  1  1  1  1  1  1  1  1  1  1  1  1  0  1  1  1  1  1  2  1  2  1  2  1  1  1  2  2  2  2  2  2  2  2  2  2
 15 ACT-R Lag2              52  16  5 20   0  1  0  1  1  1  1  1  1  0  1  1  1  1  1  1  1  1  2  1  0  2  2  1  2  0  2  1  2  1  1  2  2  1  2  2  2  2  2  2  2  2
 16 Vroomfondel             52  12  1 28   1  1  1  1  1  1  1  1  1  1  0  1  1  1  1  1  1  1  1  1  1  2  1  1  2  1  1  1  2  1  1  2  2  1  1  2  2  2  2  2  2  2
 17 Sweet Rocky             52  15  4 22   1  0  1  0  0  1  0  1  1  1  1  1  1  1  1  1  1  1  1  1  1  1  1  1  1  1  2  1  2  2  2  2  2  2  2  2  2  2  2  2  2  2
 18 Piedra                  50  16  7 18   0  1  0  0  0  1  1  0  1  1  1  0  1  1  1  1  1  1  1  1  1  0  1  1  1  1  2  2  2  2  2  2  2  2  2  2  2  2  2  2  2  2
 19 Marble                  47  17 11 13   0  0  0  0  0  0  1  0  1  1  0  1  0  2  0  1  1  1  1  1  0  1  1  1  2  1  2  2  2  1  2  2  2  2  2  2  2  2  2  2  2  2
 20 Mixed Strategy          47  13  7 21   0  0  0  1  1  0  0  1  1  0  1  1  1  1  1  1  1  1  1  1  0  1  1  1  1  1  2  1  1  2  2  2  1  2  2  2  2  2  2  2  2  2
 21 * De Bruijn             46   8  3 30   1  1  1  1  1  2  1  1  1  1  1  2  1  1  2  1  1  1  2  2  1  2  2  1  1  1  1  0  1  1  1  0  1  1  1  1  1  2  1  0  1  1
 22 Granite                 45  17 13 11   0  0  0  0  0  0  0  0  1  0  0  1  1  1  0  0  1  2  1  1  0  1  1  1  2  1  2  2  2  1  2  2  2  2  2  2  2  2  2  2  2  2
 23 ZQ Bot                  44  15 12 14   0  0  0  0  0  0  0  0  0  1  1  0  1  1  0  1  1  1  1  1  0  1  1  1  2  1  2  1  2  1  2  2  2  2  2  2  2  2  2  2  2  2
 24 * Pi                    41   1  1 39   1  1  1  1  1  1  2  1  1  1  1  1  1  1  1  1  1  1  1  1  1  1  1  1  1  1  1  1  1  1  1  1  1  1  0  1  1  1  1  1  1  1
 25 Inocencio               39  16 18  7   0  0  0  0  0  0  1  0  0  0  0  0  0  0  0  0  1  1  0  1  1  0  0  1  1  2  2  1  2  2  2  2  2  2  2  2  2  2  2  2  2  2
 26 * Foxtrot               35   1  7 33   0  0  0  0  1  1  1  1  1  0  1  1  1  1  2  1  1  1  1  1  1  1  1  1  0  1  0  1  1  1  1  1  1  1  1  1  1  1  1  1  1  1
 27 Peterbot                34  12 19 10   0  0  0  0  0  0  0  0  0  1  1  0  1  0  0  1  0  0  0  0  1  0  0  1  0  2  1  1  2  1  2  1  2  2  1  2  2  2  2  2  2  2
 28 * Add-drift             31   1 11 29   0  0  1  0  0  0  1  0  1  1  1  0  1  1  1  1  1  0  0  1  2  0  1  1  1  1  1  1  1  1  0  1  1  1  1  1  1  1  1  1  1  1
 29 Multi-strategy          30  11 22  8   0  0  0  0  0  0  0  0  0  0  0  0  1  0  0  0  0  0  0  1  1  0  0  1  0  1  0  1  1  2  1  1  2  2  2  2  2  2  2  2  2  2
 30 * Copy-drift            26   0 15 26   0  0  0  0  1  0  0  1  0  1  1  0  1  1  1  1  0  0  1  0  1  1  1  1  0  1  1  1  0  1  1  0  1  0  1  1  1  1  1  1  1  1
 31 * Add-react             26   2 17 22   0  0  1  0  0  0  0  0  0  1  1  0  1  1  1  1  0  0  0  0  1  0  0  1  0  1  0  2  1  1  1  1  1  2  1  1  1  1  1  1  1  1
 32 Knucklehead             26   7 22 12   0  0  0  0  0  0  0  0  0  0  0  0  0  1  0  0  0  0  0  0  2  0  0  1  0  1  1  1  1  2  1  1  1  2  1  1  2  2  1  2  2  1
 33 * Flat                  21   2 22 17   0  0  0  0  0  0  0  1  1  0  0  0  1  0  0  0  0  0  0  1  1  0  0  1  0  1  0  1  0  1  1  1  1  2  1  1  1  2  1  0  1  1
 34 Beat The Last Move      21   6 26  9   0  0  0  0  0  0  0  0  0  1  1  0  0  0  1  1  0  0  0  0  1  0  0  1  0  1  0  1  0  2  0  0  0  1  2  0  2  2  0  2  1  2
 35 * Text                  19   2 24 15   0  0  0  0  0  0  0  1  0  0  1  0  0  0  0  1  0  0  0  0  1  0  0  2  0  1  1  1  0  1  1  1  1  0  1  1  0  0  1  2  1  1
 36 * Switch A Lot          19   1 23 17   1  0  0  0  0  0  0  0  0  1  0  0  0  0  0  0  0  0  0  0  1  0  0  1  0  1  0  1  0  1  1  1  1  2  1  1  1  1  1  1  1  1
 37 Good Ole Rock           16   3 28 10   0  0  0  0  0  0  0  0  0  0  0  0  0  0  0  0  0  0  0  0  1  0  0  1  0  1  0  1  0  1  1  0  1  0  2  1  1  0  1  2  1  2
 38 Beat Frequent Pick      16   4 29  8   0  0  0  0  0  0  0  0  0  0  0  0  0  0  0  0  0  0  0  0  0  0  0  1  0  1  0  1  0  1  1  0  0  0  2  1  2  1  1  2  1  2
 39 Always Switchin'        16   1 26 14   0  0  0  0  0  0  0  0  0  0  0  0  0  0  0  0  0  0  0  0  1  0  0  1  0  1  0  1  0  1  1  1  1  2  1  1  1  1  1  0  1  1
 40 * Anti-Flat             15   4 30  7   0  0  0  0  0  0  0  0  0  0  0  0  0  0  0  0  0  0  0  0  2  0  0  1  0  1  0  1  0  1  1  0  2  0  0  1  0  0  2  1  2  1
 41 Rotate R-P-S            14   0 27 14   0  0  0  0  0  0  0  0  0  0  0  0  0  0  0  0  0  0  0  0  1  0  0  1  0  1  0  1  0  1  1  0  1  1  1  1  1  1  1  0  1  1
 42 R-P-S 20-20-60          13   0 28 13   0  0  0  0  0  0  0  0  0  0  0  0  0  0  0  0  0  0  0  0  1  0  0  1  0  1  0  1  0  1  1  1  1  0  1  1  0  0  1  1  1  1


   Yomi AI is match ranked 10

 Tournament results:
    Player Name          total 
  1 Yomi AI               5464 
 15 * Anti-rotn           5949 
 19 Iocaine Powder       10772 
 20 Phasenbott           10008 
 21 MegaHAL               9453 
 22 RussRocker4           7942 
 23 Biopic                8432 
 24 Simple Modeller       8787 
 25 Simple Predictor      7601 
 26 Robertot              7810 
 27 Boom                  7347 
 28 Shofar                5915 
 32 Granite               6460 
 33 Marble                6612 
 34 ZQ Bot                6038 
 35 Sweet Rocky           6508 
 36 Piedra                5795 
 41 Bugbrain              5741 

   Yomi is tournament ranked 18

