 Playing 1 tournaments with 1000 trials per match...

 Yomi AI            vs Good Ole Rock       Match:  998 (999+   1-   0=)
 Yomi AI            vs R-P-S 20-20-60      Match:  380 (579+ 199- 222=)
 Yomi AI            vs Rotate R-P-S        Match:  994 (996+   2-   2=)
 Yomi AI            vs Beat The Last Move  Match:  253 (478+ 225- 297=)
 Yomi AI            vs Always Switchin'    Match:  230 (494+ 264- 242=)
 Yomi AI            vs Beat Frequent Pick  Match:  672 (798+ 126-  76=)
 Yomi AI            vs * Pi                Match:  -29 (316+ 345- 339=)
 Yomi AI            vs * Switch A Lot      Match:  134 (424+ 290- 286=)
 Yomi AI            vs * Flat              Match:  157 (396+ 239- 365=)
 Yomi AI            vs * Anti-Flat         Match:  999 (999+   0-   1=)
 Yomi AI            vs * Foxtrot           Match:  395 (586+ 191- 223=)
 Yomi AI            vs * De Bruijn         Match:    4 (329+ 325- 346=)
 Yomi AI            vs * Text              Match:  170 (445+ 275- 280=)
 Yomi AI            vs * Anti-rotn         Match:   16 (346+ 330- 324=)
 Yomi AI            vs * Copy-drift        Match:   46 (361+ 315- 324=)
 Yomi AI            vs * Add-react         Match:   86 (390+ 304- 306=)
 Yomi AI            vs * Add-drift         Match:   19 (363+ 344- 293=)
 Yomi AI            vs Iocaine Powder      Match:   26 (368+ 342- 290=)
 Yomi AI            vs Phasenbott          Match:  -36 (303+ 339- 358=)
 Yomi AI            vs MegaHAL             Match:  -23 (330+ 353- 317=)
 Yomi AI            vs RussRocker4         Match:  -15 (343+ 358- 299=)
 Yomi AI            vs Biopic              Match:  -34 (342+ 376- 282=)
 Yomi AI            vs Simple Modeller     Match:  -10 (332+ 342- 326=)
 Yomi AI            vs Simple Predictor    Match:  155 (465+ 310- 225=)
 Yomi AI            vs Robertot            Match:   37 (390+ 353- 257=)
 Yomi AI            vs Boom                Match:   35 (365+ 330- 305=)
 Yomi AI            vs Shofar              Match:  -34 (332+ 366- 302=)
 Yomi AI            vs ACT-R Lag2          Match:   18 (365+ 347- 288=)
 Yomi AI            vs Majikthise          Match:  -25 (342+ 367- 291=)
 Yomi AI            vs Vroomfondel         Match:    7 (347+ 340- 313=)
 Yomi AI            vs Granite             Match:   44 (412+ 368- 220=)
 Yomi AI            vs Marble              Match:  126 (455+ 329- 216=)
 Yomi AI            vs ZQ Bot              Match:  112 (434+ 322- 244=)
 Yomi AI            vs Sweet Rocky         Match:   56 (355+ 299- 346=)
 Yomi AI            vs Piedra              Match:   75 (391+ 316- 293=)
 Yomi AI            vs Mixed Strategy      Match:    4 (345+ 341- 314=)
 Yomi AI            vs Multi-strategy      Match:  240 (503+ 263- 234=)
 Yomi AI            vs Inocencio           Match:  360 (613+ 253- 134=)
 Yomi AI            vs Peterbot            Match:   74 (393+ 319- 288=)
 Yomi AI            vs Bugbrain            Match:  -40 (313+ 353- 334=)
 Yomi AI            vs Knucklehead         Match:  546 (698+ 152- 150=)
 Final results (draw value = 50):

 Tournament results: 

    Player Name          total     1    2    3    4    5    6    7    8    9   10   11   12   13   14   15   16   17   18   19   20   21   22   23   24   25   26   27   28   29   30   31   32   33   34   35   36   37   38   39   40   41   42
  1 Iocaine Powder       11163     0  155   94    4   60   29  206  522  -26    5  100   -3   38  253   75  233  325   36  132    2  -28   40  409   48  228  -21  191  165  327  159  294  112  599   69  202  868  376  918  991  987  999  990
  2 Phasenbott            9853  -155    0   20    6   37   56  145  535   36  -15   77    0   38  251   -1  224  287  -21  101  -12    5   63  259   53  168  -55   80  113  366   92  303   81  444   59  218  945  170  914  993  997  996  980
  3 MegaHAL               9371   -94  -20    0  -13  -16   23   23   76   23   38   -3  -66   31  192   -7  225  270    5   18   37  -30   53  227  -11  184   23  196   97   73  146  294  133  371  214  425  896  424  944  987  987 1000  996
  4 Simple Modeller       9079    -4   -6   13    0   22   10  283    1   10  -16  -17   -2   -3   96   50  121  285   34  122   50  -22   59  186  -78  788    4  263  186    1   62  116  139  236  216  449  434  414  591  997  992  998  999
  5 Biopic                8482   -60  -37   16  -22    0   98   86    2   34   42   81   -5   28  150  -45  123  112    8    6  -18    3   46  240   -7  158   22   -5   73  367  169   36  129  536  144  321  823  344  501  995  994  995  999
  6 Robertot              7846   -29  -56  -23  -10  -98    0   31  -29  -37   96  -24  -49   34   37  -31  126   86   36   32  -20  -50   85  279   16   72  -18   31   65   15   50  102  157  420  135  467  878  390  730  967  993  995  995
  7 Simple Predictor      7551  -206 -145  -23 -283  -86  -31    0 -133 -155   11  -64    3   36   18   32  -28  155   61   74  -45  -47   48  191  -79  664   19  269  290  -35   98   87  166  313  239  347  860  374  592  984  986  996  998
  8 RussRocker4           7509  -522 -535  -76   -1   -2   29  133    0   15   48  -45   11   37  157   -7  182  161   33   47  -46  -18   54  270  -42  148   -2  109  111  161   97  326   47  474   98  223  961  303  591  993  993  998  995
  9 Yomi AI               7222    26  -36  -23  -10  -34   37  155  -15    0   35   18  -34   75  126  -40   44  112   56    4  -25    7   16  240    4  360  -29   19   46  395  157   86  170  546  134  230   74  380  672  253  994  998  999
 10 Boom                  6988    -5   15  -38   16  -42  -96  -11  -48  -35    0  -28  -33   21   46   -9   57   14   43    6  -39  -16   45  164   -3   70  -37   20   64    2    9  100  128  453  133  430  534  330  753  991  989  995 1000
 11 ACT-R Lag2            6732  -100  -77    3   17  -81   24   64   45  -18   28    0  -37   16  127  -35  119  110   28   58   -7    0   24  320  -72  793  -22   23   -1   10  139   68  102  524  134  225  236  303  566   86  996  995  999
 12 Shofar                6685     3    0   66    2    5   49   -3  -11   34   33   37    0   32   33   15   80  103   57  -12  -13    1   47  136  -16  116   17   28   84  -15   66   15  122   64  228  416  235  311  549  872  936  987  976
 13 Piedra                6599   -38  -38  -31    3  -28  -34  -36  -37  -75  -21  -16  -32    0  -25  -42  -60  -38  -37    1  -16  -37   46  135   -4  -35   36   15   24  -13  125  352  160  168  196  213  896  342  594  993  996  997 1000
 14 Marble                6578  -253 -251 -192  -96 -150  -37  -18 -157 -126  -46 -127  -33   25    0  -51   11   45   40    2  -37  -30   54  288  -84  645  -13   36   32   32  128   96  181  280  166  288  925  433  592  992  993 1000  995
 15 Bugbrain              6041   -75    1    7  -50   45   31  -32    7   40    9   35  -15   42   51    0   58  164   47   19  -26  -13   63   60    2   94  -36  157    7   14   42  101   22  154  105  229  244  193  429  917  929  987  983
 16 Granite               5977  -233 -224 -225 -121 -123 -126   28 -182  -44  -57 -119  -80   60  -11  -58    0   13   36   50   -3  -70   43  330  -25   29  -24  -15   43   23  225   75  173  277  172  249  926  386  592  994  997 1000  996
 17 ZQ Bot                5887  -325 -287 -270 -285 -112  -86 -155 -161 -112  -14 -110 -103   38  -45 -164  -13    0   57  -17  -34  -33   39  261  -30  668  -54   50   76   -6  128  295  158  241  166  254  910  387  594  989  996  998  998
 18 Sweet Rocky           5873   -36   21   -5  -34   -8  -36  -61  -33  -56  -43  -28  -57   37  -40  -47  -36  -57    0   -1  -51  -59   27  122  -40  -47   10   63   16   15   95  303  161  160  206  301  182  369  591  988  991  996  994
 19 Mixed Strategy        5435  -132 -101  -18 -122   -6  -32  -74  -47   -4   -6  -58   12   -1   -2  -19  -50   17    1    0  -82  -34   32  -20  -73  406  -13   13   72   12  131   48  177  248   -3  188  216  349  506  970  964  973  997
 20 Majikthise            5053    -2   12  -37  -50   18   20   45   46   25   39    7   13   16   37   26    3   34   51   82    0   32   -4  161  -25  120  -50  -26    9   -6   59   29   69  201  110  257   68  203  447   53  990  996  975
 21 Vroomfondel           4981    28   -5   30   22   -3   50   47   18   -7   16    0   -1   37   30   13   70   33   59   34  -32    0   20   71   -4   78   33  -30   -6   78   99    5   59  196   79  250   44  186  439  -27  991  994  987
 22 * Anti-rotn           4937   -40  -63  -53  -59  -46  -85  -48  -54  -16  -45  -24  -47  -46  -54  -63  -43  -39  -27  -32    4  -20    0  235  -36  179  -42   21   31  -17  235    7   64   30  331  512   42  168  598  487  997  998  997
 23 Multi-strategy        2499  -409 -259 -227 -186 -240 -279 -191 -270 -240 -164 -320 -136 -135 -288  -60 -330 -261 -122   20 -161  -71 -235    0  -50  -84  -20   21  246   36   71   45  123   24  266  490  500  406  999  997  997  999  997
 24 * De Bruijn            595   -48  -53   11   78    7  -16   79   42   -4    3   72   16    4   84   -2   25   30   40   73   25    4   36   50    0   27   -1  -15   -3  -40    3   -9   23   -7  -20   19   24   -6  128   -1   21    0 -104
 25 Inocencio              589  -228 -168 -184 -788 -158  -72 -664 -148 -360  -70 -793 -116   35 -645  -94  -29 -668   47 -406 -120  -78 -179   84  -27    0    6   38   95  355  174  139  150  220  134  351  179  347  354  943  970  980  983
 26 * Pi                   133    21   55  -23   -4  -22   18  -19    2   29   37   22  -17  -36   13   36   24   54  -10   13   50  -33   42   20    1   -6    0   14   -2    4  -31    3  -81    2  -47  -60   31   16   30   22  -11  -11  -13
 27 * Add-drift          -1790  -191  -80 -196 -263    5  -31 -269 -109  -19  -20  -23  -28  -15  -36 -157   15  -50  -63  -13   26   30  -21  -21   15  -38  -14    0    6  -25  -17  -70   20  -59   -1  -22  -40  -11    2   27   14   -2  -46
 28 * Copy-drift         -1926  -165 -113  -97 -186  -73  -65 -290 -111  -46  -64    1  -84  -24  -32   -7  -43  -76  -16  -72   -9    6  -31 -246    3  -95    2   -6    0   29  -34   57  -43  -93   -2   24   -3   69   -1  -38    4   12   32
 29 * Foxtrot            -2192  -327 -366  -73   -1 -367  -15   35 -161 -395   -2  -10   15   13  -32  -14  -23    6  -15  -12    6  -78   17  -36   40 -355   -4   25  -29    0    2   17   40    3   23  -47  -31    2  -23   -9   20   11  -42
 30 * Flat               -2711  -159  -92 -146  -62 -169  -50  -98  -97 -157   -9 -139  -66 -125 -128  -42 -225 -128  -95 -131  -59  -99 -235  -71   -3 -174   31   17   34   -2    0  -33   -5   16   26   40 -190   -8  219  249   65    1 -412
 31 * Add-react          -3226  -294 -303 -294 -116  -36 -102  -87 -326  -86 -100  -68  -15 -352  -96 -101  -75 -295 -303  -48  -29   -5   -7  -45    9 -139   -3   70  -57  -17   33    0    2  -56   18  -19  -39   10   -4   52   33  -14   78
 32 * Text               -3341  -112  -81 -133 -139 -129 -157 -166  -47 -170 -128 -102 -122 -160 -181  -22 -173 -158 -161 -177  -69  -59  -64 -123  -23 -150   81  -20   43  -40    5   -2    0   13  -32  -41  -10   11 -185  -74  -11 -185  112
 33 Knucklehead          -3454  -599 -444 -371 -236 -536 -420 -313 -474 -546 -453 -524  -64 -168 -280 -154 -277 -241 -160 -248 -201 -196  -30  -24    7 -220   -2   59   93   -3  -16   56  -13    0   28   -4   -2   29  148  855  503 1000  987
 34 * Switch A Lot       -3553   -69  -59 -214 -216 -144 -135 -239  -98 -134 -133 -134 -228 -196 -166 -105 -172 -166 -206    3 -110  -79 -331 -266   20 -134   47    1    2  -23  -26  -18   32  -28    0  -57  -88   -8   41  309  -34    2    6
 35 Always Switchin'     -7037  -202 -218 -425 -449 -321 -467 -347 -223 -230 -430 -225 -416 -213 -288 -229 -249 -254 -301 -188 -257 -250 -512 -490  -19 -351   60   22  -24   47  -40   19   41    4   57    0 -239    7   62  497   30   -4  -22
 36 Peterbot             -7491  -868 -945 -896 -434 -823 -878 -860 -961  -74 -534 -236 -235 -896 -925 -244 -926 -910 -182 -216  -68  -44  -42 -500  -24 -179  -31   40    3   31  190   39   10    2   88  239    0  383  441  981  999  999  995
 37 R-P-S 20-20-60       -8896  -376 -170 -424 -414 -344 -390 -374 -303 -380 -330 -303 -311 -342 -433 -193 -386 -387 -369 -349 -203 -186 -168 -406    6 -347  -16   11  -69   -2    8  -10  -11  -29    8   -7 -383    0 -359 -135    7 -418  391
 38 Beat Frequent Pick  -14159  -918 -914 -944 -591 -501 -730 -592 -591 -672 -753 -566 -549 -594 -592 -429 -592 -594 -591 -506 -447 -439 -598 -999 -128 -354  -30   -2    1   23 -219    4  185 -148  -41  -62 -441  359    0 -600    0  999  997
 39 Beat The Last Move  -19542  -991 -993 -987 -997 -995 -967 -984 -993 -253 -991  -86 -872 -993 -992 -917 -994 -989 -988 -970  -53   27 -487 -997    1 -943  -22  -27   38    9 -249  -52   74 -855 -309 -497 -981  135  600    0    1 1000  997
 40 Rotate R-P-S        -25965  -987 -997 -987 -992 -994 -993 -986 -993 -994 -989 -996 -936 -996 -993 -929 -997 -996 -991 -964 -990 -991 -997 -997  -21 -970   11  -14   -4  -20  -65  -33   11 -503   34  -30 -999   -7    0   -1    0    0 -669
 41 Good Ole Rock       -26260  -999 -996 -1000 -998 -995 -995 -996 -998 -998 -995 -995 -987 -997 -1000 -987 -1000 -998 -996 -973 -996 -994 -998 -999    0 -980   11    2  -12  -11   -1   14  185 -1000   -2    4 -999  418 -999 -1000    0    0 1000
 42 * Anti-Flat         -28115  -990 -980 -996 -999 -999 -995 -998 -995 -999 -1000 -999 -976 -1000 -995 -983 -996 -998 -994 -997 -975 -987 -997 -997  104 -983   13   46  -32   42  412  -78 -112 -987   -6   22 -995 -391 -997 -997  669 -1000    0

 Match results (draw <= 50): 

    Player Name           total  W  L  D   1  2  3  4  5  6  7  8  9 10 11 12 13 14 15 16 17 18 19 20 21 22 23 24 25 26 27 28 29 30 31 32 33 34 35 36 37 38 39 40 41 42
  1 Iocaine Powder          70  29  0 12   1  2  1  1  2  2  2  1  1  2  2  1  1  1  2  1  1  2  2  1  1  2  2  1  2  2  2  2  2  2  2  2  2  2  2  2  2  2  2  2  2  2
  2 Phasenbott              67  28  2 11   0  1  1  1  1  1  2  1  2  1  2  1  1  1  2  1  1  2  2  2  2  2  2  0  2  2  2  2  2  2  2  2  2  2  2  2  2  2  2  2  2  2
  3 Simple Modeller         63  23  1 17   1  1  1  1  1  1  1  1  1  1  1  1  1  1  2  1  1  2  2  2  0  2  2  1  2  1  2  2  2  2  2  2  2  2  2  2  2  2  2  2  2  2
  4 Yomi AI                 62  21  0 20   1  1  1  1  1  1  1  1  1  1  1  1  1  1  2  2  2  2  1  1  1  2  1  1  2  2  1  2  1  2  2  2  2  2  2  2  2  2  2  2  2  2
  5 MegaHAL                 62  23  2 16   0  1  1  1  1  1  2  0  1  1  1  1  1  1  1  1  1  2  1  2  1  2  2  1  2  2  2  2  2  2  2  2  2  2  2  2  2  2  2  2  2  2
  6 Biopic                  62  22  1 18   0  1  1  1  1  1  1  1  2  1  2  1  1  1  2  1  1  2  1  1  1  2  2  1  2  2  1  2  2  2  2  1  2  2  2  2  2  2  2  2  2  2
  7 RussRocker4             60  22  3 16   0  0  1  1  0  1  1  1  1  1  1  1  1  1  2  1  1  2  1  2  1  2  2  1  2  2  2  2  2  2  2  2  2  2  1  2  2  2  2  2  2  2
  8 Shofar                  60  19  0 22   1  1  1  1  2  1  1  1  1  1  1  1  1  1  1  1  2  1  1  1  1  2  2  1  2  1  1  2  2  2  2  1  2  2  2  2  2  2  2  2  2  2
  9 Robertot                58  19  2 20   1  0  1  1  1  0  1  1  1  1  1  1  2  1  1  1  1  1  1  2  1  2  2  1  2  1  1  2  2  2  2  2  1  2  2  2  2  2  2  2  2  2
 10 Bugbrain                58  18  1 22   0  1  1  1  1  1  1  1  1  1  1  1  1  1  1  1  1  2  1  2  1  2  2  1  2  1  2  2  1  2  2  2  1  2  1  2  2  2  2  2  2  2
 11 ACT-R Lag2              57  20  4 17   0  0  1  1  1  0  1  1  1  1  1  1  1  1  2  1  1  2  2  1  0  2  2  1  2  1  1  2  1  2  2  2  2  2  2  2  2  2  2  2  2  2
 12 Majikthise              57  16  0 25   1  1  1  1  1  1  1  1  1  1  1  1  1  1  1  1  2  1  2  1  1  1  1  1  2  1  1  2  1  2  2  1  2  2  2  2  2  2  2  2  2  2
 13 Boom                    56  16  1 24   1  1  1  1  1  1  1  1  0  1  1  1  1  1  1  1  1  1  1  1  1  1  2  1  2  1  1  2  2  2  2  2  1  2  2  2  2  2  2  2  2  2
 14 Vroomfondel             56  15  0 26   1  1  1  1  1  1  1  1  1  1  1  1  1  1  1  1  2  1  1  1  1  1  2  1  2  2  1  2  1  1  2  1  2  2  2  2  1  2  2  2  2  2
 15 Simple Predictor        53  20  8 13   0  0  0  0  1  0  0  1  1  1  0  1  1  1  1  1  2  1  2  1  0  2  1  1  2  1  2  2  2  2  2  2  2  2  2  2  2  2  2  2  2  2
 16 Piedra                  53  14  2 25   1  1  1  0  1  1  1  1  1  1  1  1  1  1  1  1  1  1  1  1  1  1  0  1  1  1  1  2  1  2  2  2  2  2  2  2  2  2  2  2  2  2
 17 Sweet Rocky             50  15  6 20   1  1  1  0  1  1  1  0  1  1  1  0  1  0  0  1  1  1  1  1  1  0  1  1  1  1  2  2  1  2  2  2  2  2  2  2  2  2  2  2  2  2
 18 Marble                  47  16 10 15   0  0  0  0  0  0  0  1  1  0  0  1  1  1  1  1  1  1  1  2  0  1  1  1  2  1  1  2  1  2  2  2  2  2  2  2  2  2  2  2  2  2
 19 Mixed Strategy          47  13  7 21   0  0  0  1  1  1  1  1  1  1  0  0  1  1  0  1  1  1  1  1  0  1  1  1  2  1  1  1  2  2  2  1  2  2  2  1  2  2  2  2  2  2
 20 * Anti-rotn             46  12  7 22   1  0  0  1  0  1  0  1  0  0  1  1  1  1  1  1  1  0  1  1  1  1  1  1  2  1  1  2  1  1  1  1  2  2  2  2  2  2  2  2  2  2
 21 * De Bruijn             45   6  2 33   1  0  2  1  1  1  1  1  1  1  2  1  1  1  2  1  1  2  2  1  1  1  1  1  1  1  1  1  1  1  1  1  1  1  1  1  1  1  2  1  1  0
 22 ZQ Bot                  45  17 13 11   0  0  0  0  0  0  0  0  0  0  0  1  1  1  0  1  2  1  1  1  1  1  1  0  2  1  1  2  2  2  2  2  2  2  2  2  2  2  2  2  2  2
 23 Granite                 44  15 12 14   0  0  0  1  0  0  0  0  0  0  0  1  0  0  1  2  1  1  1  1  1  1  1  1  1  1  1  2  1  2  2  2  2  2  2  2  2  2  2  2  2  2
 24 * Pi                    41   2  2 37   1  2  1  1  1  1  1  1  1  1  1  1  1  1  1  1  1  1  1  1  1  2  1  1  1  1  1  1  1  1  1  1  1  0  0  1  1  1  1  1  1  1
 25 Inocencio               38  16 19  6   0  0  0  0  0  0  0  0  0  0  0  0  0  0  0  1  1  0  0  0  1  0  1  1  1  2  1  2  2  2  2  2  2  2  2  2  2  2  2  2  2  2
 26 * Foxtrot               33   0  8 33   0  0  1  0  0  0  0  1  1  1  1  1  1  0  1  1  1  1  1  1  1  1  1  1  0  1  1  1  1  1  1  1  1  1  1  1  1  1  1  1  1  1
 27 * Add-drift             31   0 10 31   0  0  0  1  0  1  0  1  1  0  1  1  1  1  0  1  0  1  1  1  1  1  1  1  1  1  1  1  1  1  0  0  1  1  1  1  1  1  1  1  1  1
 28 Multi-strategy          31  12 22  7   0  0  0  0  0  0  0  0  0  0  0  0  0  0  0  0  0  0  1  0  1  0  0  1  0  1  1  1  2  2  1  1  2  2  2  2  2  2  2  2  2  2
 29 * Copy-drift            28   2 15 24   0  0  0  1  0  0  0  0  0  1  1  1  0  1  0  1  1  1  0  1  1  0  1  1  0  1  1  0  1  1  0  2  1  1  1  1  1  1  1  1  2  1
 30 Peterbot                28   9 22 10   0  0  0  0  0  0  0  0  0  0  0  0  0  1  0  0  0  0  0  1  1  0  0  1  0  1  1  0  1  1  1  1  2  2  1  2  2  2  2  2  2  2
 31 Knucklehead             27   8 22 11   0  0  0  0  0  0  0  0  0  0  0  0  0  0  0  0  0  0  0  1  1  0  0  1  0  1  2  1  2  1  1  2  1  1  1  1  2  2  2  2  1  2
 32 * Add-react             25   3 19 19   0  0  0  0  0  1  0  1  0  0  0  1  0  1  0  0  0  0  1  1  1  0  0  1  0  1  2  1  0  1  0  1  1  1  1  1  2  1  1  1  1  2
 33 * Flat                  21   3 23 15   0  0  0  0  0  0  0  0  1  1  0  0  1  0  0  0  0  0  0  0  1  0  0  1  0  1  1  0  1  0  1  1  1  1  1  1  2  1  2  2  1  0
 34 Always Switchin'        20   4 25 12   0  0  0  0  0  0  0  0  0  0  0  0  0  0  0  0  0  0  0  0  1  0  0  2  0  1  1  0  1  0  1  1  1  1  1  2  2  1  2  1  1  1
 35 * Text                  18   2 25 14   0  0  0  0  0  0  1  0  0  1  0  0  0  0  0  0  0  0  0  0  1  0  0  2  0  1  1  0  1  1  1  1  1  1  1  1  0  0  0  1  1  2
 36 * Switch A Lot          17   1 25 15   0  0  0  0  0  0  0  0  0  0  0  0  0  0  0  0  0  0  1  0  1  0  0  1  0  1  1  0  1  0  1  1  1  0  1  1  2  1  1  1  1  1
 37 Beat The Last Move      17   5 29  7   0  0  0  0  0  0  0  0  0  0  0  0  0  1  0  0  0  0  0  0  1  0  0  1  0  1  1  0  1  0  0  0  0  0  2  0  1  2  2  1  2  2
 38 Good Ole Rock           16   3 28 10   0  0  0  0  0  0  0  0  0  0  0  0  0  0  0  0  0  0  0  0  1  0  0  1  0  1  1  0  1  0  0  1  1  1  2  1  0  1  0  1  2  2
 39 Beat Frequent Pick      15   4 30  7   0  0  0  0  0  0  0  0  0  0  0  0  0  0  0  0  0  0  0  0  0  0  0  1  0  1  1  0  1  0  0  1  0  0  2  1  0  2  1  1  2  2
 40 Rotate R-P-S            13   0 28 13   0  0  0  0  0  0  0  0  0  0  0  0  0  0  0  0  0  0  0  0  1  0  0  1  0  1  1  0  1  0  0  1  0  1  1  1  1  1  1  1  1  0
 41 R-P-S 20-20-60          13   1 29 11   0  0  0  0  0  0  0  0  0  0  0  0  0  0  0  0  0  0  0  0  1  0  0  1  0  1  1  0  0  0  1  1  1  1  1  1  0  0  0  1  1  2
 42 * Anti-Flat             12   3 32  6   0  0  0  0  0  0  0  0  0  0  0  0  0  0  0  0  0  0  0  0  2  0  0  1  0  1  1  0  1  0  0  0  2  1  0  1  0  0  0  2  0  1


   Yomi AI is match ranked 4

 Tournament results:
    Player Name          total 
  1 Yomi AI               7222 
 19 Iocaine Powder       11163 
 20 Phasenbott            9853 
 21 MegaHAL               9371 
 22 RussRocker4           7509 
 23 Biopic                8482 
 24 Simple Modeller       9079 
 25 Simple Predictor      7551 
 26 Robertot              7846 

   Yomi is tournament ranked 9

