 Playing 1 tournaments with 1000 trials per match...

 Yomi AI            vs Good Ole Rock       Match:  998 (999+   1-   0=)
 Yomi AI            vs R-P-S 20-20-60      Match:  140 (430+ 290- 280=)
 Yomi AI            vs Rotate R-P-S        Match:   23 (349+ 326- 325=)
 Yomi AI            vs Beat The Last Move  Match:    2 (333+ 331- 336=)
 Yomi AI            vs Always Switchin'    Match:    8 (338+ 330- 332=)
 Yomi AI            vs Beat Frequent Pick  Match:  -45 (396+ 441- 163=)
 Yomi AI            vs * Pi                Match:  -54 (301+ 355- 344=)
 Yomi AI            vs * Switch A Lot      Match:    4 (337+ 333- 330=)
 Yomi AI            vs * Flat              Match:   -9 (333+ 342- 325=)
 Yomi AI            vs * Anti-Flat         Match:  999 (999+   0-   1=)
 Yomi AI            vs * Foxtrot           Match:  -27 (327+ 354- 319=)
 Yomi AI            vs * De Bruijn         Match:   -3 (333+ 336- 331=)
 Yomi AI            vs * Text              Match:   23 (341+ 318- 341=)
 Yomi AI            vs * Anti-rotn         Match:  -34 (318+ 352- 330=)
 Yomi AI            vs * Copy-drift        Match:  -24 (317+ 341- 342=)
 Yomi AI            vs * Add-react         Match:   -4 (344+ 348- 308=)
 Yomi AI            vs * Add-drift         Match:   -2 (340+ 342- 318=)
 Yomi AI            vs Iocaine Powder      Match:   -8 (316+ 324- 360=)
 Yomi AI            vs Phasenbott          Match:   11 (337+ 326- 337=)
 Yomi AI            vs MegaHAL             Match:  -41 (315+ 356- 329=)
 Yomi AI            vs RussRocker4         Match:   17 (339+ 322- 339=)
 Yomi AI            vs Biopic              Match:    7 (339+ 332- 329=)
 Yomi AI            vs Simple Modeller     Match:  -14 (329+ 343- 328=)
 Yomi AI            vs Simple Predictor    Match:  -17 (324+ 341- 335=)
 Yomi AI            vs Robertot            Match:  -59 (334+ 393- 273=)
 Yomi AI            vs Boom                Match:  -18 (322+ 340- 338=)
 Yomi AI            vs Shofar              Match:    7 (340+ 333- 327=)
 Yomi AI            vs ACT-R Lag2          Match:  -36 (311+ 347- 342=)
 Yomi AI            vs Majikthise          Match:   15 (348+ 333- 319=)
 Yomi AI            vs Vroomfondel         Match:  -23 (327+ 350- 323=)
 Yomi AI            vs Granite             Match:  -43 (381+ 424- 195=)
 Yomi AI            vs Marble              Match:  -54 (387+ 441- 172=)
 Yomi AI            vs ZQ Bot              Match:   -7 (345+ 352- 303=)
 Yomi AI            vs Sweet Rocky         Match:   -1 (340+ 341- 319=)
 Yomi AI            vs Piedra              Match:   -2 (361+ 363- 276=)
 Yomi AI            vs Mixed Strategy      Match:    9 (335+ 326- 339=)
 Yomi AI            vs Multi-strategy      Match:    8 (339+ 331- 330=)
 Yomi AI            vs Inocencio           Match:  -49 (330+ 379- 291=)
 Yomi AI            vs Peterbot            Match:  -30 (305+ 335- 360=)
 Yomi AI            vs Bugbrain            Match:  -10 (339+ 349- 312=)
 Yomi AI            vs Knucklehead         Match:  -20 (320+ 340- 340=)
 Final results (draw value = 50):

 Tournament results: 

    Player Name          total     1    2    3    4    5    6    7    8    9   10   11   12   13   14   15   16   17   18   19   20   21   22   23   24   25   26   27   28   29   30   31   32   33   34   35   36   37   38   39   40   41   42
  1 Iocaine Powder       11287     0   36   79   55   32  163   22  528   19   49   30   -5  231   30  183   -9   41  158   36  337   30  351  375    8   33   13  177  377  221  216  280  111   75  557  233  948  378  936  991  988 1000  974
  2 Phasenbott           10014   -36    0   23   77    4  129   26  559   34  -12   43   35  180  108  217   43   42   70  -18  267    3  197  176  -11   37   31   68  364   65  137  309   94  132  376  256  998  100  920  985  991  995 1000
  3 MegaHAL               9302   -79  -23    0    6   23   14   65  101    6    0    2   14  253    0  237   24   56   26  -42  235  -22  144  163   41  -29  -51  131  102   40   96  252  189  317  365  441  919  356  944  990  996 1000 1000
  4 Simple Modeller       8909   -55  -77   -6    0   14  267   37   19   57   18   65   37   46   11   68   44   66   71   28  295  -10  202  802   14    1   16  219  -17  265    6  105  147  260  236  453  315  315  595  991  994  996  999
  5 Biopic                8369   -32   -4  -23  -14    0   60   56  -67   24   27   41   -5  120   20  123   16   62   84  -12  112  -15  234  171   -7  -45    1   18  462  129  140   77  156  -43  506  321  660  308  725  994  997  996  996
  6 Simple Predictor      8202  -163 -129  -14 -267  -60    0  -15 -111   12   28   47   12   76  -41   -3   37   48   63  -18  172  -38  179  798   17  -62  -14  254   16  280   79  139  149  229  276  416  859  398  588  984  990  995  996
  7 Robertot              8118   -22  -26  -65  -37  -56   15    0  -49   52   59   28  -27   83  -19   43   -1   55   27  -23  117   29  246   13   59    1  -33   25    4  103   80   85  193   85  419  467  940  376  906  982  993  996  995
  8 RussRocker4           7761  -528 -559 -101  -19   67  111   49    0   30   44   16    6  168   20  124   -5   46   31    7  167   14  315  130  -17  -41   -1  158  154  110  106  323   71  159  492  250  914  369  594  994  993 1000 1000
  9 Boom                  7180   -19  -34   -6  -57  -24  -12  -52  -30    0  -30   22   -5   54  -44  117    8   46   49  -47   70  -12  288   29   18  -40    0   37  -61   82   22   99  112  252  435  390  467  336  753  982  990  995 1000
 10 Sweet Rocky           6766   -49   12    0  -18  -27  -28  -59  -44   30    0   26  -40  -41   -3  -63  -54   41    0  -37  -77  -31   93  -77    1  -60  -24   37   55   51  203  271  183  105  260  166  999  401  594  995  988  994  993
 11 Piedra                6555   -30  -43   -2  -65  -41  -47  -28  -16  -22  -26    0  -54  -66  -60    7  -51   46  -49  -28  -41  -29  128  -39    2  -44  -49  127   14  -13  170  270  159  173  142  221  988  385  596  986  989  999  996
 12 Shofar                6306     5  -35  -14  -37    5  -12   27   -6    5   40   54    0   53  -48   -4  -23   44   48   67   63  -33  126   55   -7  -12  -37   -5  -19  134   14   40  175  130  199  425  239  309  557  871  943  979  991
 13 Granite               6133  -231 -180 -253  -46 -120  -76  -83 -168  -54   41   66  -53    0 -118   21  -36   42   -3  -12   64  -54  256   26   43  -69  -22   42   52   31  140   87  178  110  334  272  895  433  593  996  995  998  996
 14 ACT-R Lag2            6121   -30 -108    0  -11  -20   41   19  -20   44    3   60   48  118    0  169   18   13   67  -22   77  -16  215  294   36  -35    9    0   -5  -22  128   14   89  181  505  266   85  275  591   56  997  997  995
 15 Marble                6061  -183 -217 -237  -68 -123    3  -43 -124 -117   63   -7    4  -21 -169    0  -77   61   -6   12   14  -16  390   26   54  -55  -13   91   26   50  178   70  176  168  278  209  744  353  592  990  995  998  992
 16 Bugbrain              5897     9  -43  -24  -44  -16  -37    1    5   -8   54   51   23   36  -18   77    0   41   19   20  203   22  142   67   10  -10   34  111  -12   23   14  110   74  129  171  247   27  161  403  908  958  992  967
 17 * Anti-rotn           5700   -41  -42  -56  -66  -62  -48  -55  -46  -46  -41  -46  -44  -42  -13  -61  -41    0  -24   12  -46   12  268  434   34  -49  -47  -25  -35  -15  218   28   55  306   91  504  499  161  597  479  999  999  995
 18 Mixed Strategy        5693  -158  -70  -26  -71  -84  -63  -27  -31  -49    0   49  -48    3  -67    6  -19   24    0  -29    5  -47   -5  692   -9  -48  -58   19  -48   40   90    3  141  125  202  200  297  320  513  950  979  994  998
 19 Majikthise            5497   -36   18   42  -28   12   18   23   -7   47   37   28  -67   12   22  -12  -20  -12   29    0   81   41  146   70  -15  -15   13  -11   -7  -16   45  -29   32   97  180  235   -8  155  440  976  989  997  995
 20 ZQ Bot                5416  -337 -267 -235 -295 -112 -172 -117 -167  -70   77   41  -63  -64  -77  -14 -203   46   -5  -81    0  -24  276    8    7  -38  -16   98   -7   22  159  276  160  126  325  356  870  355  592  996  993  998  999
 21 Vroomfondel           4748   -30   -3   22   10   15   38  -29  -14   12   31   29   33   54   16   16  -22  -12   47  -41   24    0  173   42   23   28   34  -25   69   15   59  -29    8   82  179  265    5  145  484    9  996  996  994
 22 Multi-strategy        2855  -351 -197 -144 -202 -234 -179 -246 -315 -288  -93 -128 -126 -256 -215 -390 -142 -268    5 -146 -276 -173    0  -65   -8  -50  -20  -16   22  225  186  111  123  335   11  496  500  380  999  997  997  999  997
 23 Inocencio             1754  -375 -176 -163 -802 -171 -798  -13 -130  -29   77   39  -55  -26 -294  -26  -67 -434 -692  -70   -8  -42   65    0   49  -15  -24  -10  301  159   82   95  128   61  215  264  115  409  359  823  980  978  975
 24 Yomi AI               1637    -8   11  -41  -14    7  -17  -59   17  -18   -1   -2    7  -43  -36  -54  -10  -34    9   15   -7  -23    8  -49    0   -3  -54   -2  -27  -24   -9   -4   23    4  -20    8  -30  140  -45    2   23  998  999
 25 * De Bruijn            731   -33  -37   29   -1   45   62   -1   41   40   60   44   12   69   35   55   10   49   48   15   38  -28   50   15    3    0   -1   47   -3   -4   -4   -3   23  -21   25   29   -4  -19  128   -1   21    0 -102
 26 * Pi                   248   -13  -31   51  -16   -1   14   33    1    0   24   49   37   22   -9   13  -34   47   58  -13   16  -34   20   24   54    1    0   15  -19  -38   -8   -9  -81   10    4   -2   35   10   30   22  -11  -11  -12
 27 * Add-drift          -1555  -177  -68 -131 -219  -18 -254  -25 -158  -37  -37 -127    5  -42    0  -91 -111   25  -19   11  -98   25   16   10    2  -47  -15    0  -29   73   -7   12    9  -13  -15  -44   -1   -4   13   23   17    9  -18
 28 * Foxtrot            -1710  -377 -364 -102   17 -462  -16   -4 -154   61  -55  -14   19  -52    5  -26   12   35   48    7    7  -69  -22 -301   27    3   19   29    0  -10   -5  -20   -8   51   -1   12  -21   13   44    2  -35  -12    9
 29 * Copy-drift         -2022  -221  -65  -40 -265 -129 -280 -103 -110  -82  -51   13 -134  -31   22  -50  -23   15  -40   16  -22  -15 -225 -159   24    4   38  -73   10    0   -9   -4   11   21    6  -26  -12  -26   -7  -37   14  -13   36
 30 * Flat               -2676  -216 -137  -96   -6 -140  -79  -80 -106  -22 -203 -170  -14 -140 -128 -178  -14 -218  -90  -45 -159  -59 -186  -82    9    4    8    7    5    9    0   31  -24   12   18   -2 -177   11  235  205  -30    1 -430
 31 * Add-react          -2947  -280 -309 -252 -105  -77 -139  -85 -323  -99 -271 -270  -40  -87  -14  -70 -110  -28   -3   29 -276   29 -111  -95    4    3    9  -12   20    4  -31    0  -19   12  -27   19  -42    1   30   39   20    6    3
 32 * Text               -3213  -111  -94 -189 -147 -156 -149 -193  -71 -112 -183 -159 -175 -178  -89 -176  -74  -55 -141  -32 -160   -8 -123 -128  -23  -23   81   -9    8  -11   24   19    0  -64  -23   -9   32   30 -185  -74  -11 -185  113
 33 * Switch A Lot       -3361   -75 -132 -317 -260   43 -229  -85 -159 -252 -105 -173 -130 -110 -181 -168 -129 -306 -125  -97 -126  -82 -335  -61   -4   21  -10   13  -51  -21  -12  -12   64    0   -7   -1 -140  -19   14  331   31   22   14
 34 Knucklehead          -3602  -557 -376 -365 -236 -506 -276 -419 -492 -435 -260 -142 -199 -334 -505 -278 -171  -91 -202 -180 -325 -179  -11 -215   20  -25   -4   15    1   -6  -18   27   23    7    0   -2  -38    3  226  952   -9  981  999
 35 Always Switchin'     -7118  -233 -256 -441 -453 -321 -416 -467 -250 -390 -166 -221 -425 -272 -266 -209 -247 -504 -200 -235 -356 -265 -496 -264   -8  -29    2   44  -12   26    2  -19    9    1    2    0 -278  -21   35  511  -33   16  -13
 36 Peterbot             -7846  -948 -998 -919 -315 -660 -859 -940 -914 -467 -999 -988 -239 -895  -85 -744  -27 -499 -297    8 -870   -5 -500 -115   30    4  -35    1   21   12  177   42  -32  140   38  278    0  369  438  963  997 1000  986
 37 R-P-S 20-20-60       -8520  -378 -100 -356 -315 -308 -398 -376 -369 -336 -401 -385 -309 -433 -275 -353 -161 -161 -320 -155 -355 -145 -380 -409 -140   19  -10    4  -13   26  -11   -1  -30   19   -3   21 -369    0 -427 -123  -10 -380   86
 38 Beat Frequent Pick  -14005  -936 -920 -944 -595 -725 -588 -906 -594 -753 -594 -596 -557 -593 -591 -592 -403 -597 -513 -440 -592 -484 -999 -359   45 -128  -30  -13  -44    7 -235  -30  185  -14 -226  -35 -438  427    0 -600    0  999  996
 39 Beat The Last Move  -20139  -991 -985 -990 -991 -994 -984 -982 -994 -982 -995 -986 -871 -996  -56 -990 -908 -479 -950 -976 -996   -9 -997 -823   -2    1  -22  -23   -2   37 -205  -39   74 -331 -952 -511 -963  123  600    0    1 1000 1000
 40 Rotate R-P-S        -24392  -988 -991 -996 -994 -997 -990 -993 -993 -990 -988 -989 -943 -995 -997 -995 -958 -999 -979 -989 -993 -996 -997 -980  -23  -21   11  -17   35  -14   30  -20   11  -31    9   33 -997   10    0   -1    0    0 -677
 41 Good Ole Rock       -26322  -1000 -995 -1000 -996 -996 -995 -996 -1000 -995 -994 -999 -979 -998 -997 -998 -992 -999 -994 -997 -998 -996 -999 -978 -998    0   11   -9   12   13   -1   -6  185  -22 -981  -16 -1000  380 -999 -1000    0    0 1000
 42 * Anti-Flat         -27832  -974 -1000 -1000 -999 -996 -996 -995 -1000 -1000 -993 -996 -991 -996 -995 -992 -967 -995 -998 -995 -999 -994 -997 -975 -999  102   12   18   -9  -36  430   -3 -113  -14 -999   13 -986  -86 -996 -1000  677 -1000    0

 Match results (draw <= 50): 

    Player Name           total  W  L  D   1  2  3  4  5  6  7  8  9 10 11 12 13 14 15 16 17 18 19 20 21 22 23 24 25 26 27 28 29 30 31 32 33 34 35 36 37 38 39 40 41 42
  1 Iocaine Powder          67  26  0 15   1  1  1  2  2  2  1  1  1  1  2  1  1  1  1  1  1  2  2  2  1  2  1  2  1  2  2  2  2  2  2  2  2  2  2  2  2  2  2  2  2  2
  2 Phasenbott              67  26  0 15   1  1  1  1  2  2  1  1  2  1  2  1  1  1  1  1  1  2  2  2  1  2  1  2  1  2  2  2  2  2  2  2  2  2  2  2  2  2  2  2  2  2
  3 Biopic                  63  23  1 17   1  1  1  1  1  0  2  1  1  1  2  1  1  1  1  1  2  2  2  2  1  2  1  2  1  2  2  1  2  2  2  2  2  2  1  2  2  2  2  2  2  2
  4 MegaHAL                 62  23  2 16   0  1  1  1  1  2  2  1  1  1  1  1  1  1  1  1  2  2  1  2  1  2  0  2  1  2  2  2  2  1  2  2  2  2  2  2  2  2  2  2  2  2
  5 Simple Modeller         62  23  2 16   0  0  1  1  1  1  1  1  1  1  2  2  1  1  1  2  2  2  2  1  1  2  1  2  1  1  2  2  2  2  2  1  2  2  2  2  2  2  2  2  2  2
  6 RussRocker4             61  23  3 15   0  0  2  0  1  1  1  1  1  1  2  1  1  1  1  1  1  2  1  2  1  2  1  2  1  2  2  2  2  2  2  2  2  2  2  2  2  2  2  2  2  2
  7 Robertot                60  21  2 18   1  1  0  0  1  1  1  1  1  1  1  2  1  1  2  1  2  1  1  2  1  1  1  2  2  1  2  1  2  2  2  2  2  2  2  2  2  2  2  2  2  2
  8 Shofar                  59  18  0 23   1  1  1  1  1  1  1  1  1  1  1  1  1  2  1  2  1  1  1  2  1  2  1  2  1  1  2  1  2  2  1  1  2  2  2  2  2  2  2  2  2  2
  9 ACT-R Lag2              59  19  1 21   1  0  1  1  1  1  1  1  1  1  1  1  1  1  1  2  1  2  2  2  1  2  1  2  1  1  2  1  2  1  1  2  2  2  2  2  2  2  2  2  2  2
 10 Bugbrain                59  18  0 23   1  1  1  1  1  1  1  1  1  1  1  1  1  1  2  2  1  2  1  1  1  2  1  2  1  1  2  2  1  1  2  1  2  2  2  2  2  2  2  2  2  2
 11 Simple Predictor        55  20  6 15   0  0  0  1  0  0  1  1  1  1  1  1  1  1  1  1  1  1  2  2  0  2  1  2  1  1  2  2  2  2  2  2  2  2  2  2  2  2  2  2  2  2
 12 Boom                    55  17  3 21   1  1  1  1  0  1  0  1  1  1  1  1  1  1  1  1  1  2  1  2  1  1  1  2  1  0  2  1  2  2  2  1  2  2  2  2  2  2  2  2  2  2
 13 Vroomfondel             53  12  0 29   1  1  1  1  1  1  1  1  1  1  1  1  1  1  1  1  1  1  1  2  1  1  1  1  1  2  2  1  1  1  1  2  2  1  2  1  2  2  2  2  2  2
 14 Majikthise              52  12  1 28   1  1  1  1  1  1  1  0  1  1  1  1  1  1  1  1  1  1  1  1  1  2  1  2  1  1  2  1  1  1  1  1  2  2  2  1  2  2  2  2  2  2
 15 Sweet Rocky             51  16  6 19   1  1  1  1  1  1  0  1  1  0  1  1  1  1  1  1  1  0  1  1  0  0  1  0  1  2  2  1  2  2  2  2  2  2  2  2  2  2  2  2  2  2
 16 Piedra                  51  15  5 21   1  1  1  1  0  1  1  0  0  0  1  1  1  1  1  1  1  1  1  0  1  1  1  1  1  1  2  2  2  1  2  2  2  2  2  2  2  2  2  2  2  2
 17 * Anti-rotn             50  14  5 22   1  1  0  0  0  1  0  1  1  1  1  1  1  1  1  1  1  0  1  1  1  2  1  1  1  1  2  1  2  1  1  2  2  2  2  2  2  2  2  2  2  2
 18 Marble                  49  18 10 13   0  0  0  0  0  0  1  1  0  0  1  0  1  1  2  1  2  1  1  1  0  1  1  1  2  1  2  2  2  1  2  2  2  2  2  2  2  2  2  2  2  2
 19 Mixed Strategy          47  13  7 21   0  0  0  1  0  1  1  1  0  1  0  1  1  1  1  1  1  1  1  1  1  2  0  1  1  1  1  1  2  1  1  2  2  2  2  2  2  2  2  2  2  2
 20 Granite                 46  17 12 12   0  0  0  0  1  0  0  0  0  1  0  0  0  1  1  2  1  1  1  1  0  1  1  2  1  2  2  1  2  1  2  2  2  2  2  2  2  2  2  2  2  2
 21 * De Bruijn             45   5  1 35   1  1  1  1  1  1  1  1  1  1  2  1  1  1  2  1  1  2  1  2  1  1  1  1  1  1  1  1  1  1  1  1  1  1  1  1  1  2  1  1  1  0
 22 Inocencio               45  17 13 11   0  0  0  0  0  0  1  0  0  0  0  1  1  0  2  1  0  1  0  1  1  1  1  1  1  2  2  1  2  2  2  2  2  2  2  2  2  2  2  2  2  2
 23 * Pi                    43   3  1 37   1  1  1  2  1  1  1  1  1  1  1  1  1  1  1  1  1  1  2  1  1  1  1  1  2  1  1  1  1  1  1  1  1  1  1  0  1  1  1  1  1  1
 24 ZQ Bot                  43  16 14 11   0  0  0  0  0  0  0  0  0  0  0  0  1  0  2  1  1  1  1  0  1  1  1  1  1  1  2  2  2  1  2  2  2  2  2  2  2  2  2  2  2  2
 25 Yomi AI                 41   3  3 35   1  1  1  1  1  1  0  1  1  1  1  1  1  1  1  1  1  0  1  1  1  1  0  1  1  1  1  1  1  1  1  1  1  1  1  1  1  1  1  2  2  2
 26 * Foxtrot               34   2  9 30   0  0  0  0  1  0  1  1  1  1  1  2  0  1  0  1  1  1  1  0  1  0  1  1  1  1  1  1  1  1  1  1  1  1  2  1  1  1  1  1  1  1
 27 Multi-strategy          33  13 21  7   0  0  0  0  0  0  0  0  0  0  0  0  0  0  0  0  0  0  1  0  1  0  1  0  1  1  1  1  2  2  2  2  1  2  2  2  2  2  2  2  2  2
 28 * Add-drift             32   1 10 30   0  0  1  0  0  0  1  1  1  0  0  1  1  1  1  0  1  0  1  1  1  1  1  0  1  1  1  1  1  2  1  1  1  1  1  1  1  1  1  1  1  1
 29 Peterbot                30   9 20 12   0  0  0  0  0  0  0  0  0  1  0  0  1  1  0  0  0  0  0  0  1  0  1  0  1  1  0  1  1  1  1  2  1  2  2  1  2  2  2  2  2  2
 30 * Copy-drift            28   0 13 28   0  0  0  1  0  0  0  0  1  1  0  0  1  1  0  1  1  1  1  1  1  0  1  1  1  1  0  0  1  1  1  1  1  1  1  1  1  1  1  1  1  1
 31 * Add-react             24   0 17 24   0  0  0  0  0  0  0  1  1  0  0  0  1  1  0  0  1  0  1  0  1  0  1  0  1  1  0  1  1  1  1  1  1  1  1  1  1  1  1  1  1  1
 32 * Flat                  23   2 20 19   0  0  0  0  1  0  0  1  0  1  0  1  0  1  0  0  0  0  0  0  1  0  1  0  1  1  0  1  0  1  1  1  1  2  1  1  1  2  1  1  1  0
 33 Knucklehead             23   4 22 15   0  0  0  0  0  0  0  0  0  0  0  0  0  0  0  0  0  0  0  0  1  0  1  0  1  1  1  1  1  1  1  1  1  2  1  1  1  2  1  2  1  2
 34 Beat The Last Move      19   5 27  9   0  0  0  0  0  0  0  0  0  0  0  0  1  0  0  0  0  0  0  0  1  0  1  0  1  1  0  1  0  1  1  0  0  1  0  2  0  2  1  2  2  2
 35 * Switch A Lot          19   2 24 15   0  0  1  0  0  0  0  0  0  0  0  0  0  0  0  0  0  0  0  0  1  0  1  0  1  0  0  1  0  1  1  1  1  2  1  2  1  1  1  1  1  1
 36 * Text                  18   2 25 14   0  0  0  0  0  0  0  0  0  0  0  0  1  1  0  0  0  0  0  0  1  0  2  0  1  1  0  1  1  1  1  1  1  0  0  1  1  0  1  0  1  2
 37 Always Switchin'        18   1 24 16   0  0  0  0  0  0  0  0  0  0  0  0  0  0  0  0  0  0  0  0  1  0  1  0  1  1  0  1  0  1  1  1  1  2  1  1  1  1  1  1  1  1
 38 Beat Frequent Pick      17   4 28  9   0  0  0  0  0  0  0  0  0  0  0  0  0  0  0  0  0  0  0  0  0  0  1  0  1  1  0  1  0  1  1  0  0  0  1  2  1  1  1  2  2  2
 39 Rotate R-P-S            16   0 25 16   0  0  0  0  0  0  0  0  0  0  0  0  0  0  0  0  0  0  0  0  1  0  1  0  1  1  0  1  0  1  1  1  1  1  1  1  1  1  1  1  1  0
 40 Good Ole Rock           16   3 28 10   0  0  0  0  0  0  0  0  0  0  0  0  0  0  0  0  0  0  0  0  1  0  1  0  0  1  0  1  0  1  1  1  0  0  1  2  1  0  1  1  2  2
 41 R-P-S 20-20-60          14   1 28 12   0  0  0  0  0  0  0  0  0  0  0  0  0  0  0  0  0  0  0  0  1  0  1  0  0  1  0  1  0  1  1  1  1  0  1  1  1  0  1  0  1  2
 42 * Anti-Flat             13   3 31  7   0  0  0  0  0  0  0  0  0  0  0  0  0  0  0  0  0  0  0  0  2  0  1  0  0  1  0  1  0  1  1  2  0  0  1  0  1  0  2  0  0  1


   Yomi AI is match ranked 25

 Tournament results:
    Player Name          total 
  1 Yomi AI               1637 
 15 * Anti-rotn           5700 
 19 Iocaine Powder       11287 
 20 Phasenbott           10014 
 21 MegaHAL               9302 
 22 RussRocker4           7761 
 23 Biopic                8369 
 24 Simple Modeller       8909 
 25 Simple Predictor      8202 
 26 Robertot              8118 
 27 Boom                  7180 
 28 Shofar                6306 
 29 ACT-R Lag2            6121 
 30 Majikthise            5497 
 31 Vroomfondel           4748 
 32 Granite               6133 
 33 Marble                6061 
 34 ZQ Bot                5416 
 35 Sweet Rocky           6766 
 36 Piedra                6555 
 37 Mixed Strategy        5693 
 38 Multi-strategy        2855 
 39 Inocencio             1754 
 41 Bugbrain              5897 

   Yomi is tournament ranked 24

