 Playing 1 tournaments with 1000 trials per match...

 Yomi AI            vs Good Ole Rock       Match:  998 (999+   1-   0=)
 Yomi AI            vs R-P-S 20-20-60      Match:  396 (587+ 191- 222=)
 Yomi AI            vs Rotate R-P-S        Match:  993 (994+   1-   5=)
 Yomi AI            vs Beat The Last Move  Match:  189 (471+ 282- 247=)
 Yomi AI            vs Always Switchin'    Match:  242 (493+ 251- 256=)
 Yomi AI            vs Beat Frequent Pick  Match:  558 (723+ 165- 112=)
 Yomi AI            vs * Pi                Match:  -18 (323+ 341- 336=)
 Yomi AI            vs * Switch A Lot      Match:  172 (433+ 261- 306=)
 Yomi AI            vs * Flat              Match:  121 (382+ 261- 357=)
 Yomi AI            vs * Anti-Flat         Match: 1000 (1000+   0-   0=)
 Yomi AI            vs * Foxtrot           Match:  425 (616+ 191- 193=)
 Yomi AI            vs * De Bruijn         Match:  -45 (309+ 354- 337=)
 Yomi AI            vs * Text              Match:  163 (440+ 277- 283=)
 Yomi AI            vs * Anti-rotn         Match:   31 (354+ 323- 323=)
 Yomi AI            vs * Copy-drift        Match:  -48 (312+ 360- 328=)
 Yomi AI            vs * Add-react         Match:   95 (379+ 284- 337=)
 Yomi AI            vs * Add-drift         Match:  -14 (325+ 339- 336=)
 Yomi AI            vs Iocaine Powder      Match: -221 (276+ 497- 227=)
 Yomi AI            vs Phasenbott          Match: -143 (312+ 455- 233=)
 Yomi AI            vs MegaHAL             Match:  -27 (335+ 362- 303=)
 Yomi AI            vs RussRocker4         Match:  -53 (351+ 404- 245=)
 Yomi AI            vs Biopic              Match:  -70 (357+ 427- 216=)
 Yomi AI            vs Simple Modeller     Match:  -16 (344+ 360- 296=)
 Yomi AI            vs Simple Predictor    Match:   75 (403+ 328- 269=)
 Yomi AI            vs Robertot            Match:   -2 (363+ 365- 272=)
 Yomi AI            vs Boom                Match:    1 (351+ 350- 299=)
 Yomi AI            vs Shofar              Match:  -38 (334+ 372- 294=)
 Yomi AI            vs ACT-R Lag2          Match:  -62 (317+ 379- 304=)
 Yomi AI            vs Majikthise          Match:  -21 (331+ 352- 317=)
 Yomi AI            vs Vroomfondel         Match:    5 (345+ 340- 315=)
 Yomi AI            vs Granite             Match:   73 (437+ 364- 199=)
 Yomi AI            vs Marble              Match:   99 (436+ 337- 227=)
 Yomi AI            vs ZQ Bot              Match:   78 (424+ 346- 230=)
 Yomi AI            vs Sweet Rocky         Match:   35 (363+ 328- 309=)
 Yomi AI            vs Piedra              Match:   44 (376+ 332- 292=)
 Yomi AI            vs Mixed Strategy      Match:   88 (418+ 330- 252=)
 Yomi AI            vs Multi-strategy      Match:  232 (497+ 265- 238=)
 Yomi AI            vs Inocencio           Match:  247 (524+ 277- 199=)
 Yomi AI            vs Peterbot            Match:  240 (499+ 259- 242=)
 Yomi AI            vs Bugbrain            Match:  -43 (317+ 360- 323=)
 Yomi AI            vs Knucklehead         Match:  556 (703+ 147- 150=)
 Final results (draw value = 50):

 Tournament results: 

    Player Name          total     1    2    3    4    5    6    7    8    9   10   11   12   13   14   15   16   17   18   19   20   21   22   23   24   25   26   27   28   29   30   31   32   33   34   35   36   37   38   39   40   41   42
  1 Iocaine Powder       10928     0   41   84  -11   27  508   33    0  174  280  220   48   77   54  221   18  -81   49   50  337   39   12  268   13    2  128  177  194  582  341  199   95  -11  287  899  259  439  916  991  988  991  990
  2 Phasenbott           10321   -41    0   65   -1   34  505   20   24  147  224  252   66   52  100  143   39   31   98  145  264   -3   -1  162   36   -3   90  212   93  354  382   66   70  124  323  998  208  172  918  986  989  993  985
  3 MegaHAL               9670   -84  -65    0  -40   29   95   72   43   72  244  284   17   11  -18   27   38    5   59   51  262  -21   24  194  -14  -42  177  182   93  335  151  102  142  276  300  920  451  375  941  994  990  998 1000
  4 Simple Modeller       8910    11    1   40    0   26  -17   -9   16  282   76   56   35   78   36   16   55  -57   46  105  318   19   36  167  -52  -19  268  635  259  253  -16  107  114  221   95  305  459  364  595  994  994  999  999
  5 Biopic                8245   -27  -34  -29  -26    0    9   17   47   27  100  106   63   47   56   70   28  -23   11   14   97    6  -17  286  -29  -13   51  103   98  468  422  110  160  111   78  736  275  369  493  997  996  995  997
  6 RussRocker4           8195  -508 -505  -95   17   -9    0   70   19   81  159  139   33   33   35   53   -2    7   76   48  170  -37  -23  267  -43  -27  119  800   57  420  200   53   80   86  331  925  235  358  593  988  993  999 1000
  7 Robertot              7679   -33  -20  -72    9  -17  -70    0  -41   58   68  130    5   54   14    2  -24    7   60   34   69   23  -19  204   23    5   -3   16   28  422    2   53  174  160   52  751  448  421  763  941  995  995  992
  8 Boom                  7488     0  -24  -43  -16  -47  -19   41    0  -44   28   71   32   70  -32   -1   32   -2   50   59   83   29    1  208   23   -5  -15   54   76  512  -28   62  137  193  128  371  399  380  753  991  990  997  994
  9 Simple Predictor      7308  -174 -147  -72 -282  -27  -81  -58   44    0    6   55   48    1  -31  -75   33    6   17   35  213   -6  -16  191  -79  -14  284  656  254  276  -11   75  149  209  132  331  436  377  587  985  986  995 1000
 10 Marble                6645  -280 -224 -244  -76 -100 -159  -68  -28   -6    0  -22   53   41 -152  -99 -132  -18   66   23   35  -65  -25  321  -30   -7  -11  654   48  318   34  127  181  215  117  921  267  398  591  996  995  998  992
 11 Granite               6535  -220 -252 -284  -56 -106 -139 -130  -71  -55   22    0   27   40  -85  -73  -77  -75   45    0    9   -1  -41  217 -113  -50   80  651   87  322   79  197  175  177  104  886  282  383  594  992  995  999 1000
 12 Sweet Rocky           6507   -48  -66  -17  -35  -63  -33   -5  -32  -48  -53  -27    0   23   -9  -35  -30  -13   51  -28  -26  -19  -26   60  -39  -16   37  509   44  103   -5  213  178  214  338  176  298  377  590  987  990 1000  992
 13 Piedra                6449   -77  -52  -11  -78  -47  -33  -54  -70   -1  -41  -40  -23    0  -39  -44  -35  -43   41  -58  -58  -42  -10  126  -58  -33   53  800   79  126  -23  209  157   51  397  183  253  371  595  992  992  994 1000
 14 ACT-R Lag2            6420   -54 -100   18  -36  -56  -35  -14   32   31  152   85    9   39    0   62   27   33   -7   48   79   21   28  340  -48  -17   28  666   17  521  -72   98   71  168   72  107  245  301  572    0  997  995  997
 15 Yomi AI               6335  -221 -143  -27  -16  -70  -53   -2    1   75   99   73   35   44  -62    0  -43  -38   31   88   78  -21    5  232  -45  -18  -14  247  -48  556  425  121  163  172   95  240  242  396  558  189  993  998 1000
 16 Bugbrain              6100   -18  -39  -38  -55  -28    2   24  -32  -33  132   77   30   35  -27   43    0   25   57   65  178   -2  -22  139    0    2  124   52   31  135  -14   43   75   97   96  201  271  232  401  962  910  986  983
 17 Shofar                6058    81  -31   -5   57   23   -7   -7    2   -6   18   75   13   43  -33   38  -25    0   38   84   69    0  -45   94  -21  -28   21   50   94   58   15    2  135  183    1   37  445  251  554  875  948  985  977
 18 * Anti-rotn           5730   -49  -98  -59  -46  -11  -76  -60  -50  -17  -66  -45  -51  -41    7  -31  -57  -38    0  -31  -58    5  -37  228  -38  -60  -24  579   13   28   24  203   56  340   16  500  512  171  598  496 1000  998  999
 19 Mixed Strategy        5464   -50 -145  -51 -105  -14  -48  -34  -59  -35  -23    0   28   58  -48  -88  -65  -84   31    0   61  -21  -68   45 -116  -11   -8  676   26  121   22  -22  159  134   34  167  185  422  449  968  981  994  998
 20 ZQ Bot                4888  -337 -264 -262 -318  -97 -170  -69  -83 -213  -35   -9   26   58  -79  -78 -178  -69   58  -61    0  -45  -15  133  -13    0   26  -45   24  224   -8  172  134  128  328  867  182  406  593  989  995 1000  993
 21 Majikthise            4655   -39    3   21  -19   -6   37  -23  -29    6   65    1   19   42  -21   21    2    0   -5   21   45    0   -1  160   -4   17  -51   94    5  193   14  141   26  125    5   31  246  133  428  -24  990  992  994
 22 Vroomfondel           4600   -12    1  -24  -36   17   23   19   -1   16   25   41   26   10  -28   -5   22   45   37   68   15    1    0  154   25    6   -9  -11   -4  173  -19   64   21  110    3   17  257  150  433    1  993  993  983
 23 Multi-strategy        2665  -268 -162 -194 -167 -286 -267 -204 -208 -191 -321 -217  -60 -126 -340 -232 -139  -94 -228  -45 -133 -160 -154    0  -50  -20   37  -63  278   26   37  211  123  305   84    3  477  422  999  997  997  999  999
 24 * De Bruijn            792   -13  -36   14   52   29   43  -23  -23   79   30  113   39   58   48   45    0   21   38  116   13    4  -25   50    0   -1   35   19   -7  -25   14    9   23    1   42  -12   -3  -11  128   -1   21    0 -112
 25 * Pi                   243    -2    3   42   19   13   27   -5    5   14    7   50   16   33   17   18   -2   28   60   11    0  -17   -6   20    1    0  -26   26  -11  -31   50   23  -81  -37  -49    9    0   -2   30   22  -11  -11  -10
 26 * Add-drift          -1424  -128  -90 -177 -268  -51 -119    3   15 -284   11  -80  -37  -53  -28   14 -124  -21   24    8  -26   51    9  -37  -35   26    0   -9   19   33   19  -35  -28   10   69  -66    9   22   17  -39  -30   20  -38
 27 Inocencio            -1595  -177 -212 -182 -635 -103 -800  -16  -54 -656 -654 -651 -509 -800 -666 -247  -52  -50 -579 -676   45  -94   11   63  -19  -26    9    0  108  268  319  136  124  104   80  115  252  391  354  946  982  980  976
 28 * Copy-drift         -1874  -194  -93  -93 -259  -98  -57  -28  -76 -254  -48  -87  -44  -79  -17   48  -31  -94  -13  -26  -24   -5    4 -278    7   11  -19 -108    0  -46  -38   27   49   17   61  -50   38   33   -5    6  -11    5   -5
 29 Knucklehead          -2064  -582 -354 -335 -253 -468 -420 -422 -512 -276 -318 -322 -103 -126 -521 -556 -135  -58  -28 -121 -224 -193 -173  -26   25   31  -33 -268   46    0  -57   -9   -5  -32   46  844  -14  108  100  891  886  942  961
 30 * Foxtrot            -2165  -341 -382 -151   16 -422 -200   -2   28   11  -34  -79    5   23   72 -425   14  -15  -24  -22    8  -14   19  -37  -14  -50  -19 -319   38   57    0   -7   17  -13   14  -31    0   71  -35    0    2   53   23
 31 * Flat               -2982  -199  -66 -102 -107 -110  -53  -53  -62  -75 -127 -197 -213 -209  -98 -121  -43   -2 -203   22 -172 -141  -64 -211   -9  -23   35 -136  -27    9    7    0  -35  -24   -1 -141    1  -23  250  183  -13    1 -430
 32 * Text               -3195   -95  -70 -142 -114 -160  -80 -174 -137 -149 -181 -175 -178 -157  -71 -163  -75 -135  -56 -159 -134  -26  -21 -123  -23   81   28 -124  -49    5  -17   35    0   -6   -6   26   -2  -25 -185  -74  -11 -185  112
 33 * Switch A Lot       -3624    11 -124 -276 -221 -111  -86 -160 -193 -209 -215 -177 -214  -51 -168 -172  -97 -183 -340 -134 -128 -125 -110 -305   -1   37  -10 -104  -17   32   13   24    6    0  -10 -120  -14  -27   34  294    8    9   10
 34 * Add-react          -3721  -287 -323 -300  -95  -78 -331  -52 -128 -132 -117 -104 -338 -397  -72  -95  -96   -1  -16  -34 -328   -5   -3  -84  -42   49  -69  -80  -61  -46  -14    1    6   10    0  -58  -26   10   12   24   -6    5  -20
 35 Peterbot             -6049  -899 -998 -920 -305 -736 -925 -751 -371 -331 -921 -886 -176 -183 -107 -240 -201  -37 -500 -167 -867  -31  -17   -3   12   -9   66 -115   50 -844   31  141  -26  120   58    0  255  388  422  982  997 1000  995
 36 Always Switchin'     -7319  -259 -208 -451 -459 -275 -235 -448 -399 -436 -267 -282 -298 -253 -245 -242 -271 -445 -512 -185 -182 -246 -257 -477    3    0   -9 -252  -38   14    0   -1    2   14   26 -255    0  -35   28  482   21   23  -10
 37 R-P-S 20-20-60       -9523  -439 -172 -375 -364 -369 -358 -421 -380 -377 -398 -383 -377 -371 -301 -396 -232 -251 -171 -422 -406 -133 -150 -422   11    2  -22 -391  -33 -108  -71   23   25   27  -10 -388   35    0 -413 -143    8 -441   34
 38 Beat Frequent Pick  -13852  -916 -918 -941 -595 -493 -593 -763 -753 -587 -591 -594 -590 -595 -572 -558 -401 -554 -598 -449 -593 -428 -433 -999 -128  -30  -17 -354    5 -100   35 -250  185  -34  -12 -422  -28  413    0 -600    0  999 1000
 39 Beat The Last Move  -19259  -991 -986 -994 -994 -997 -988 -941 -991 -985 -996 -992 -987 -992    0 -189 -962 -875 -496 -968 -989   24   -1 -997    1  -22   39 -946   -6 -891    0 -183   74 -294  -24 -982 -482  143  600    0    1 1000 1000
 40 Rotate R-P-S        -26226  -988 -989 -990 -994 -996 -993 -995 -990 -986 -995 -995 -990 -992 -997 -993 -910 -948 -1000 -981 -995 -990 -993 -997  -21   11   30 -982   11 -886   -2   13   11   -8    6 -997  -21   -8    0   -1    0    0 -685
 41 Good Ole Rock       -26295  -991 -993 -998 -999 -995 -999 -995 -997 -995 -998 -999 -1000 -994 -995 -998 -986 -985 -998 -994 -1000 -992 -993 -999    0   11  -20 -980   -5 -942  -53   -1  185   -9   -5 -1000  -23  441 -999 -1000    0    0  998
 42 * Anti-Flat         -27663  -990 -985 -1000 -999 -997 -1000 -992 -994 -1000 -992 -1000 -992 -1000 -997 -1000 -983 -977 -999 -998 -993 -994 -983 -999  112   10   38 -976    5 -961  -23  430 -112  -10   20 -995   10  -34 -1000 -1000  685 -998    0

 Match results (draw <= 50): 

    Player Name           total  W  L  D   1  2  3  4  5  6  7  8  9 10 11 12 13 14 15 16 17 18 19 20 21 22 23 24 25 26 27 28 29 30 31 32 33 34 35 36 37 38 39 40 41 42
  1 Phasenbott              71  30  0 11   1  1  2  1  2  1  1  1  1  1  2  2  2  2  1  1  2  2  1  2  2  2  2  1  2  2  2  2  2  2  2  2  2  2  2  2  2  2  2  2  2  2
  2 Iocaine Powder          66  26  1 14   1  1  2  1  2  1  1  1  1  0  2  2  1  2  1  1  2  2  1  1  1  2  2  1  2  2  2  2  2  2  2  2  2  2  2  1  2  2  2  2  2  2
  3 MegaHAL                 65  26  2 13   0  0  1  1  2  1  1  1  2  1  1  1  1  2  1  1  1  2  1  2  2  2  2  1  2  2  2  2  2  2  2  2  2  2  2  2  2  2  2  2  2  2
  4 Biopic                  65  24  0 17   1  1  1  1  1  1  1  1  1  1  2  2  2  1  1  1  1  2  1  1  1  2  2  1  2  2  2  2  2  2  2  2  2  2  2  2  2  2  2  2  2  2
  5 RussRocker4             63  25  3 13   0  0  0  1  1  1  1  1  2  1  2  1  1  2  1  1  1  2  1  1  2  2  2  1  2  2  2  2  2  2  2  2  2  2  2  2  2  2  2  2  2  2
  6 Simple Modeller         63  24  2 15   1  1  1  1  1  1  1  2  1  0  1  1  1  2  1  1  2  2  0  2  1  2  2  1  2  1  2  2  2  2  2  2  2  2  2  2  2  2  2  2  2  2
  7 Boom                    61  20  0 21   1  1  1  1  1  1  1  1  1  1  1  1  1  1  1  1  2  1  1  2  1  2  2  1  2  1  1  2  2  2  2  2  2  2  2  2  2  2  2  2  2  2
  8 Bugbrain                60  20  1 20   1  1  1  1  1  0  1  1  1  1  1  1  1  1  1  1  1  2  1  2  2  2  2  1  2  1  2  2  2  1  2  2  1  2  2  2  2  2  2  2  2  2
  9 Robertot                59  20  2 19   1  1  0  1  0  1  1  1  1  1  1  1  1  2  1  1  2  2  1  1  2  2  2  1  1  1  1  2  2  1  2  2  2  2  2  2  2  2  2  2  2  2
 10 Shofar                  58  17  0 24   1  2  1  1  1  2  1  1  1  1  1  1  1  1  1  1  1  1  1  2  1  2  2  1  1  1  1  2  1  2  2  2  1  1  2  2  2  2  2  2  2  2
 11 Yomi AI                 57  21  5 15   0  0  1  0  0  1  1  1  1  1  1  0  1  2  1  1  1  2  1  2  1  2  2  1  2  2  1  2  2  1  2  2  2  2  2  2  2  2  2  2  2  2
 12 ACT-R Lag2              55  18  4 19   0  0  1  0  1  1  1  1  1  1  2  1  1  1  1  1  1  2  1  1  1  2  2  1  2  0  1  2  2  1  2  1  2  2  2  2  2  2  2  2  2  2
 13 Sweet Rocky             54  16  3 22   0  1  1  0  1  1  1  1  1  1  1  1  1  1  1  1  1  0  1  1  2  1  1  1  2  1  1  2  2  1  2  2  2  2  2  2  2  2  2  2  2  2
 14 Simple Predictor        52  19  8 14   0  0  0  1  0  0  1  1  0  1  0  1  1  1  1  1  1  1  0  1  1  2  2  1  2  1  2  2  2  2  2  2  2  2  2  2  2  2  2  2  2  2
 15 Majikthise              52  12  1 28   1  1  1  1  1  1  1  1  1  1  1  1  1  1  1  1  1  2  1  1  1  1  1  1  2  1  0  2  1  1  2  1  2  1  1  2  2  2  2  2  2  2
 16 Vroomfondel             52  11  0 30   1  1  1  1  1  1  1  1  1  1  1  1  1  1  1  1  1  1  1  2  1  1  1  1  1  1  1  2  1  1  2  1  2  1  1  2  2  2  2  2  2  2
 17 Piedra                  50  17  8 16   0  0  1  1  1  0  0  1  0  1  1  1  1  1  1  1  1  1  0  0  1  1  0  1  2  1  2  2  2  2  2  2  2  2  2  2  2  2  2  2  2  2
 18 Marble                  47  17 11 13   0  0  0  0  0  0  1  0  0  1  0  0  2  1  0  1  1  1  1  1  2  1  1  1  2  1  1  2  2  1  2  2  2  2  2  2  2  2  2  2  2  2
 19 * De Bruijn             46   6  1 34   1  1  1  1  1  2  1  1  1  1  1  1  1  2  1  1  2  1  1  2  1  2  1  1  1  1  1  1  1  1  1  1  1  1  1  1  1  2  1  1  0  1
 20 Mixed Strategy          46  14  9 18   0  1  0  1  1  0  0  0  1  0  0  1  1  1  1  0  2  1  0  1  1  1  2  1  2  1  1  1  2  1  2  2  1  1  2  2  2  2  2  2  2  2
 21 * Anti-rotn             45  13  9 19   0  1  0  1  0  1  1  0  0  1  1  1  0  1  1  1  1  0  1  1  1  1  0  0  2  1  1  2  2  1  1  2  2  1  2  2  2  2  2  2  2  2
 22 Granite                 45  18 14  9   0  0  0  0  0  0  0  0  0  0  0  0  1  0  1  1  1  1  0  1  1  1  1  1  2  2  2  2  2  2  2  2  2  2  2  2  2  2  2  2  2  2
 23 ZQ Bot                  43  16 14 11   0  0  0  0  0  0  0  0  0  0  0  0  1  0  1  1  2  1  1  0  2  1  1  1  1  1  1  2  2  1  2  2  2  2  2  2  2  2  2  2  2  2
 24 * Pi                    41   1  1 39   1  1  1  1  1  1  1  1  1  1  1  1  1  1  1  1  1  1  1  1  2  1  1  1  1  1  1  1  1  1  1  1  1  1  0  1  1  1  1  1  1  1
 25 Inocencio               39  16 18  7   0  0  0  0  0  0  0  0  1  1  0  0  0  0  0  1  0  0  1  0  0  0  1  1  1  2  1  2  2  2  2  2  2  2  2  2  2  2  2  2  2  2
 26 * Foxtrot               37   4  8 29   0  0  0  0  0  1  1  1  1  1  0  2  1  1  1  1  1  1  1  1  1  0  1  1  0  1  1  1  1  1  2  1  1  1  1  1  1  1  2  1  1  2
 27 * Add-drift             32   2 11 28   0  0  0  0  0  0  1  0  1  1  1  1  1  0  2  1  0  1  1  1  1  0  1  1  1  1  1  1  0  1  1  1  1  2  1  1  1  1  1  1  1  1
 28 Multi-strategy          31  12 22  7   0  0  0  0  0  0  0  0  0  0  0  0  0  0  0  0  0  0  1  1  0  0  0  1  0  1  1  1  1  2  1  2  2  2  2  2  2  2  2  2  2  2
 29 Peterbot                31  11 21  9   0  0  0  0  0  0  0  0  0  1  0  0  0  0  1  1  0  0  1  0  0  0  0  1  0  1  2  1  1  1  0  2  2  2  1  2  2  2  2  2  2  2
 30 * Copy-drift            29   1 13 27   0  0  0  0  0  0  0  1  1  0  1  1  1  0  1  1  0  1  1  1  1  0  1  1  0  1  1  0  1  1  1  1  1  2  1  1  1  1  1  1  1  1
 31 Knucklehead             25   7 23 11   0  0  0  0  0  0  0  0  0  0  0  0  0  0  0  0  0  0  1  0  1  0  0  1  0  0  1  1  2  1  1  2  1  1  1  1  1  2  2  2  2  2
 32 Beat The Last Move      20   5 26 10   0  0  0  0  0  0  0  0  0  0  0  1  0  0  1  1  0  0  1  0  0  0  0  1  0  1  1  0  0  1  0  1  0  1  2  0  0  2  2  1  2  2
 33 * Flat                  20   2 23 16   0  0  0  0  0  0  0  1  0  1  0  0  0  0  0  0  0  0  1  1  0  0  0  1  0  1  1  0  0  1  1  2  1  1  1  1  1  2  1  1  0  1
 34 * Add-react             19   0 22 19   0  0  0  0  0  0  0  0  0  1  0  0  0  0  1  1  0  0  1  1  1  0  0  1  0  1  0  0  0  0  1  1  1  1  1  1  1  1  1  1  1  1
 35 * Text                  18   2 25 14   0  0  0  0  0  0  0  0  0  0  0  0  0  0  1  1  0  0  1  0  0  0  0  2  0  1  1  0  1  1  1  0  1  1  1  1  1  0  0  1  2  1
 36 * Switch A Lot          18   1 24 16   0  1  0  0  0  0  0  0  0  0  0  0  0  0  0  0  0  0  1  0  0  0  0  1  0  1  1  0  0  1  1  2  1  1  1  1  1  1  1  1  1  1
 37 Always Switchin'        17   1 25 15   0  0  0  0  0  0  0  0  0  0  0  0  0  0  0  0  0  0  1  0  0  0  0  1  0  1  1  0  0  1  1  2  1  1  1  1  1  1  1  1  1  1
 38 Beat Frequent Pick      16   4 29  8   0  0  0  0  0  0  0  0  0  0  0  0  0  0  0  0  0  0  0  0  0  0  0  1  0  1  1  0  0  1  0  0  0  1  2  1  1  1  2  1  2  2
 39 Good Ole Rock           15   3 29  9   0  0  0  0  0  0  0  0  0  0  0  0  0  0  0  0  0  0  1  0  0  0  0  1  0  0  1  0  0  1  0  0  1  1  2  1  1  0  1  1  2  2
 40 Rotate R-P-S            14   0 27 14   0  0  0  0  0  0  0  0  0  0  0  0  0  0  0  0  0  0  1  0  0  0  0  1  0  1  1  0  0  1  0  1  1  1  1  1  1  1  1  1  0  1
 41 * Anti-Flat             14   3 30  8   0  0  0  0  0  0  0  0  0  0  0  0  0  0  0  0  0  0  2  0  0  0  0  1  0  1  1  0  0  1  0  0  2  1  0  1  1  0  0  2  1  1
 42 R-P-S 20-20-60          11   0 30 11   0  0  0  0  0  0  0  0  0  0  0  0  0  0  0  0  0  0  1  0  0  0  0  1  0  0  1  0  0  1  0  0  1  1  1  1  1  0  0  1  1  1


   Yomi AI is match ranked 11

 Tournament results:
    Player Name          total 
  1 Yomi AI               6335 
 19 Iocaine Powder       10928 
 20 Phasenbott           10321 
 21 MegaHAL               9670 
 22 RussRocker4           8195 
 23 Biopic                8245 
 24 Simple Modeller       8910 
 25 Simple Predictor      7308 
 26 Robertot              7679 
 27 Boom                  7488 
 29 ACT-R Lag2            6420 
 32 Granite               6535 
 33 Marble                6645 
 35 Sweet Rocky           6507 
 36 Piedra                6449 

   Yomi is tournament ranked 15

