 Playing 1 tournaments with 1000 trials per match...

 Yomi AI            vs Good Ole Rock       Match:  998 (999+   1-   0=)
 Yomi AI            vs R-P-S 20-20-60      Match: -361 (215+ 576- 209=)
 Yomi AI            vs Rotate R-P-S        Match:   -2 (333+ 335- 332=)
 Yomi AI            vs Beat The Last Move  Match: -830 ( 60+ 890-  50=)
 Yomi AI            vs Always Switchin'    Match:   12 (341+ 329- 330=)
 Yomi AI            vs Beat Frequent Pick  Match: -788 ( 86+ 874-  40=)
 Yomi AI            vs * Pi                Match:   -3 (333+ 336- 331=)
 Yomi AI            vs * Switch A Lot      Match:    0 (336+ 336- 328=)
 Yomi AI            vs * Flat              Match:   -2 (332+ 334- 334=)
 Yomi AI            vs * Anti-Flat         Match:  996 (997+   1-   2=)
 Yomi AI            vs * Foxtrot           Match:   37 (355+ 318- 327=)
 Yomi AI            vs * De Bruijn         Match:   -5 (333+ 338- 329=)
 Yomi AI            vs * Text              Match: -135 (297+ 432- 271=)
 Yomi AI            vs * Anti-rotn         Match: -841 ( 55+ 896-  49=)
 Yomi AI            vs * Copy-drift        Match:   50 (364+ 314- 322=)
 Yomi AI            vs * Add-react         Match:   -9 (327+ 336- 337=)
 Yomi AI            vs * Add-drift         Match:  -21 (338+ 359- 303=)
 Yomi AI            vs Iocaine Powder      Match: -845 ( 51+ 896-  53=)
 Yomi AI            vs Phasenbott          Match: -788 ( 66+ 854-  80=)
 Yomi AI            vs MegaHAL             Match: -827 ( 57+ 884-  59=)
 Yomi AI            vs RussRocker4         Match: -794 ( 75+ 869-  56=)
 Yomi AI            vs Biopic              Match: -829 ( 67+ 896-  37=)
 Yomi AI            vs Simple Modeller     Match: -843 ( 57+ 900-  43=)
 Yomi AI            vs Simple Predictor    Match: -785 ( 91+ 876-  33=)
 Yomi AI            vs Robertot            Match: -848 ( 56+ 904-  40=)
 Yomi AI            vs Boom                Match: -764 ( 97+ 861-  42=)
 Yomi AI            vs Shofar              Match: -802 ( 78+ 880-  42=)
 Yomi AI            vs ACT-R Lag2          Match: -804 ( 70+ 874-  56=)
 Yomi AI            vs Majikthise          Match: -799 ( 66+ 865-  69=)
 Yomi AI            vs Vroomfondel         Match: -838 ( 58+ 896-  46=)
 Yomi AI            vs Granite             Match: -777 ( 90+ 867-  43=)
 Yomi AI            vs Marble              Match: -839 ( 62+ 901-  37=)
 Yomi AI            vs ZQ Bot              Match: -829 ( 67+ 896-  37=)
 Yomi AI            vs Sweet Rocky         Match: -855 ( 48+ 903-  49=)
 Yomi AI            vs Piedra              Match: -870 ( 44+ 914-  42=)
 Yomi AI            vs Mixed Strategy      Match: -821 ( 71+ 892-  37=)
 Yomi AI            vs Multi-strategy      Match: -838 ( 56+ 894-  50=)
 Yomi AI            vs Inocencio           Match: -845 ( 59+ 904-  37=)
 Yomi AI            vs Peterbot            Match: -826 ( 69+ 895-  36=)
 Yomi AI            vs Bugbrain            Match: -731 ( 98+ 829-  73=)
 Yomi AI            vs Knucklehead         Match: -508 (163+ 671- 166=)
 Final results (draw value = 50):

 Tournament results: 

    Player Name          total     1    2    3    4    5    6    7    8    9   10   11   12   13   14   15   16   17   18   19   20   21   22   23   24   25   26   27   28   29   30   31   32   33   34   35   36   37   38   39   40   41   42
  1 Iocaine Powder       12025     0  143   10   27   58   29  509   23   58  152  253   30   39  221   57   12   70  321   59   49   65  293  617   37  -51   42  274  232  553  111  126  327   86  894  214  378  906  982  845  982  993  999
  2 Phasenbott           10944  -143    0  107   47   -6   65  542   35   47  139  226   11   59  261   39   33  107  256   89   19  -12  193  178   53    7  154  399  122  376   74   72  303   84  998  224  118  923  987  788  990  994  986
  3 MegaHAL              10273   -10 -107    0  -33   -6   27   58    3    5   67  289   -5   -2  259   54    1  120  269   50  -13  -19  144  187    1    7  203   62   34  367  137  142  283  231  888  452  379  944  993  827  991  998  996
  4 Simple Modeller       9476   -27  -47   33    0   22  -19  -33   25   45  313   96    2   -3   98   43   54   74  289   41    6  -59  218   86   -4  -76  270  -26  274  232   29  156  106  226  783  458  375  593  994  843  993  996  997
  5 Biopic                9131   -58    6    6  -22    0   35  -60   -8   44   65  130  -35   20  150   37   17  -16   88   44  -31   -7  273  162   31    1   46  370   10  481  190  155   30  157  729  309  367  594 1000  829  997  995 1000
  6 Robertot              8595   -29  -65  -27   19  -35    0  -55    3    7   56   52  -33   -6   57   27   -2   54  108   50  -22    9  204    3    1  -13   66   20   12  391  102  180  109  109  786  458  400  823  942  848  995  996  995
  7 RussRocker4           8506  -509 -542  -58   33   60   55    0   31   39   81  155  -18  -50  128   27   31  126  150   90  -25   33  182  146  -45  -75  167  201  159  497  134   81  329  104  912  241  272  591  992  794  991 1000  996
  8 Boom                  8149   -23  -35   -3  -25    8   -3  -31    0   64   15   21  -26  -11  102   45  -21    0   58   62   -7  -38  251   17   28   15   -1   16  100  401   70   89   81  118  485  467  373  753  991  764  990  995  994
  9 Piedra                7983   -58  -47   -5  -45  -44   -7  -39  -64    0  -29  -44  -31  -25  -51   38  -52   21  -66  -28  -52  -30   89  789  -22   10   63   53   40  136  217  156  364   58  660  208  376  590  996  870  993  999  996
 10 Simple Predictor      7944  -152 -139  -67 -313  -65  -56  -81  -15   29    0   32  -31  -33   29   60   42   87  150   45  -33   -8  179  504  -73  -21  306  -20  256  295   98  154  107  198  323  434  389  587  986  785  990  993  993
 11 Marble                7539  -253 -226 -289  -96 -130  -52 -155  -21   44  -32    0  -52 -125   18   22  -82   -5   26   52  -13  -36  314  645 -100  -12   40   98   67  340  173  177   84  131  902  266  411  591  992  839  995  999  992
 12 Shofar                7306   -30  -11    5   -2   35   33   18   26   31   31   52    0  -27   84   38   30   21   81   36   34    8  122   69  -23   -6   10   35  106  180   11  162   52  171   87  431  259  559  899  802  936  976  975
 13 ACT-R Lag2            7179   -39  -59    2    3  -20    6   50   11   25   33  125   27    0  140   10   -1   68   75   10  -25  -47  284   23  -92  -16  -27    7    0  499  142   78   36  156  463  234  286  574  346  804  997  998  993
 14 Granite               6794  -221 -261 -259  -98 -150  -57 -128 -102   51  -29  -18  -84 -140    0   43 -105    2   57   32    8  -36  387   49  -79   -7    5   75   86  317  174  181  100   97  906  260  385  594  994  777  996  998  994
 15 Sweet Rocky           6731   -57  -39  -54  -43  -37  -27  -27  -45  -38  -60  -22  -38  -10  -43    0  -20  -15  -64   42  -65  -38   78  -26  -31  -11   45   12  -31  167  141  180  370  297  188  252  383  591  994  855  990  997  990
 16 Bugbrain              6672   -12  -33   -1  -54  -17    2  -31   21   52  -42   82  -30    1  105   20    0   41  171   34  -10   37   90   23   -1  -17  108  -41   19  135   82   67   82   89  260  281  216  380  937  731  945  974  976
 17 Mixed Strategy        6323   -70 -107 -120  -74   16  -54 -126    0  -21  -87    5  -21  -68   -2   15  -41    0    1   30  -14   15   27  555 -108  -41  -12   -6   87  166   -4  174   41   91  285  154  400  548  981  821  985  994  908
 18 ZQ Bot                6167  -321 -256 -269 -289  -88 -108 -150  -58   66 -150  -26  -81  -75  -57   64 -171   -1    0   44  -37  -20  199  -49  -66  -31   27  -41   55  214  132  173  381  168  910  296  396  590  991  829  991  996  989
 19 * Anti-rotn           5989   -59  -89  -50  -41  -44  -50  -90  -62   28  -45  -52  -36  -10  -32  -42  -34  -30  -44    0   -5   -4  255  346  -36  -36  -16  -51    0  152  195   52    5  355   66  511  155  499  493  841  997  998  999
 20 Vroomfondel           5718   -49  -19   13   -6   31   22   25    7   52   33   13  -34   25   -8   65   10   14   37    5    0   -7   73  119   -9  -30   17   47   31  178   72   47    4  165   32  294  147  461   19  838  994  995  995
 21 Majikthise            5424   -65   12   19   59    7   -9  -33   38   30    8   36   -8   47   36   38  -37  -15   20    4    7    0  147   61  -28   21  -21  -12    1  217   65   15   33  131   11  262  127  474  -35  799  997  996  969
 22 Multi-strategy        3807  -293 -193 -144 -218 -273 -204 -182 -251  -89 -179 -314 -122 -284 -387  -78  -90  -27 -199 -255  -73 -147    0 -144  -50  -20  -20    4  216   32  121  123   26  303  500  482  408  999  997  838  997  999  998
 23 Inocencio             2542  -617 -178 -187  -86 -162   -3 -146  -17 -789 -504 -645  -69  -23  -49   26  -23 -555   49 -346 -119  -61  144    0  -24  -22   43  349   93  185  158  160   70  118  166  248  378  353  847  845  982  972  981
 24 * De Bruijn            568   -37  -53   -1    4  -31   -1   45  -28   22   73  100   23   92   79   31    1  108   66   36    9   28   50   24    0   -1  -24  -40  -43    5  -19   23  -33  -17    7   43  -14  128   -1    5   21    0 -112
 25 * Pi                   399    51   -7   -7   76   -1   13   75  -15  -10   21   12    6   16    7   11   17   41   31   36   30  -21   20   22    1    0    3  -12   30   15  -33  -81    1   57   14  -16  -27   30   22    3  -11  -11  -10
 26 * Add-drift          -1614   -42 -154 -203 -270  -46  -66 -167    1  -63 -306  -40  -10   27   -5  -45 -108   12  -27   16  -17   21   20  -43   24   -3    0   20  -20   -3   17    8  -98   10    9    1   15  -39  -15   21  -43    6   -9
 27 * Foxtrot            -1844  -274 -399  -62   26 -370  -20 -201  -16  -53   20  -98  -35   -7  -75  -12   41    6   41   51  -47   12   -4 -349   40   12  -20    0  -38   10    7    0   -6  -16  -28   29   27   12   -7  -37  -19   42  -27
 28 * Copy-drift         -1848  -232 -122  -34 -274  -10  -12 -159 -100  -40 -256  -67 -106    0  -86   31  -19  -87  -55    0  -31   -1 -216  -93   43  -30   20   38    0  -35   24   10   36   -1   15   35   50  -22  -21  -50   20  -30   19
 29 Knucklehead          -1895  -553 -376 -367 -232 -481 -391 -497 -401 -136 -295 -340 -180 -499 -317 -167 -135 -166 -214 -152 -178 -217  -32 -185   -5  -15    3  -10   35    0  -21   31   88  -25   -8  -24  107  153  917  508  930  972  980
 30 * Flat               -2667  -111  -74 -137  -29 -190 -102 -134  -70 -217  -98 -173  -11 -142 -174 -141  -82    4 -132 -195  -72  -65 -121 -158   19   33  -17   -7  -24   21    0   22   73   19 -180  -16  -20  254  192    2   14   -1 -427
 31 * Text               -2963  -126  -72 -142 -156 -155 -180  -81  -89 -156 -154 -177 -162  -78 -181 -180  -67 -174 -173  -52  -47  -15 -123 -160  -23   81   -8    0  -10  -31  -22    0   16    7   33   40   63 -185  -74  135  -11 -185  111
 32 * Add-react          -3275  -327 -303 -283 -106  -30 -109 -329  -81 -364 -107  -84  -52  -36 -100 -370  -82  -41 -381   -5   -4  -33  -26  -70   33   -1   98    6  -36  -88  -73  -16    0   10  -47  -10   14  -27   32    9   67   -4   81
 33 * Switch A Lot       -3448   -86  -84 -231 -226 -157 -109 -104 -118  -58 -198 -131 -171 -156  -97 -297  -89  -91 -168 -355 -165 -131 -303 -118   17  -57  -10   16    1   25  -19   -7  -10    0 -116  -12   14   44  301    0   42    5  -39
 34 Peterbot             -6066  -894 -998 -888 -783 -729 -786 -912 -485 -660 -323 -902  -87 -463 -906 -188 -260 -285 -910  -66  -32  -11 -500 -166   -7  -14   -9   28  -15    8  180  -33   47  116    0  267  370  430  982  826  998  999  995
 35 Always Switchin'     -7235  -214 -224 -452 -458 -309 -458 -241 -467 -208 -434 -266 -431 -234 -260 -252 -281 -154 -296 -511 -294 -262 -482 -248  -43   16   -1  -29  -35   24   16  -40   10   12 -267    0   12   49  477  -12    9   25  -22
 36 R-P-S 20-20-60       -8564  -378 -118 -379 -375 -367 -400 -272 -373 -376 -389 -411 -259 -286 -385 -383 -216 -400 -396 -155 -147 -127 -408 -378   14   27  -15  -27  -50 -107   20  -63  -14  -14 -370  -12    0 -419 -149  361  -16 -440   88
 37 Beat Frequent Pick  -12742  -906 -923 -944 -593 -594 -823 -591 -753 -590 -587 -591 -559 -574 -594 -591 -380 -548 -590 -499 -461 -474 -999 -353 -128  -30   39  -12   22 -153 -254  185   27  -44 -430  -49  419    0 -600  788    0  999  996
 38 Beat The Last Move  -18543  -982 -987 -993 -994 -1000 -942 -992 -991 -996 -986 -992 -899 -346 -994 -994 -937 -981 -991 -493  -19   35 -997 -847    1  -22   15    7   21 -917 -192   74  -32 -301 -982 -477  149  600    0  830    1 1000 1000
 39 Yomi AI             -20209  -845 -788 -827 -843 -829 -848 -794 -764 -870 -785 -839 -802 -804 -777 -855 -731 -821 -829 -841 -838 -799 -838 -845   -5   -3  -21   37   50 -508   -2 -135   -9    0 -826   12 -361 -788 -830    0   -2  998  996
 40 Rotate R-P-S        -25407  -982 -990 -991 -993 -997 -995 -991 -990 -993 -990 -995 -936 -997 -996 -990 -945 -985 -991 -997 -994 -997 -997 -982  -21   11   43   19  -20 -930  -14   11  -67  -42 -998   -9   16    0   -1    2    0    0 -693
 41 Good Ole Rock       -26226  -993 -994 -998 -996 -995 -996 -1000 -995 -999 -993 -999 -976 -998 -998 -997 -974 -994 -996 -998 -995 -996 -999 -972    0   11   -6  -42   30 -972    1  185    4   -5 -999  -25  440 -999 -1000 -998    0    0 1000
 42 * Anti-Flat         -27638  -999 -986 -996 -997 -1000 -995 -996 -994 -996 -993 -992 -975 -993 -994 -990 -976 -908 -989 -999 -995 -969 -998 -981  112   10    9   27  -19 -980  427 -111  -81   39 -995   22  -88 -996 -1000 -996  693 -1000    0

 Match results (draw <= 50): 

    Player Name           total  W  L  D   1  2  3  4  5  6  7  8  9 10 11 12 13 14 15 16 17 18 19 20 21 22 23 24 25 26 27 28 29 30 31 32 33 34 35 36 37 38 39 40 41 42
  1 Iocaine Powder          70  30  1 10   1  2  1  2  1  1  1  1  1  2  1  1  2  2  2  2  2  2  2  1  2  2  0  2  2  2  1  2  2  2  2  2  2  2  2  2  2  2  2  2  2  2
  2 Phasenbott              70  30  1 10   0  1  2  2  1  1  2  1  1  1  2  1  2  1  1  1  2  2  2  2  2  2  1  2  2  2  2  2  2  2  2  2  2  2  2  2  2  2  2  2  2  2
  3 MegaHAL                 65  25  1 15   1  0  1  2  1  1  1  1  1  1  1  1  2  1  1  2  1  2  2  1  2  2  1  2  2  2  2  2  1  2  2  2  2  2  2  2  2  2  2  2  2  2
  4 RussRocker4             64  27  4 10   0  0  0  1  1  1  2  1  1  2  1  1  2  1  1  1  2  2  2  1  2  2  0  2  2  2  2  2  2  2  2  2  2  2  2  2  2  2  2  2  2  2
  5 Simple Modeller         62  23  2 16   1  1  1  1  1  1  1  1  2  1  1  1  2  0  1  1  1  2  2  1  2  2  0  2  1  2  2  2  2  2  2  1  2  2  2  2  2  2  2  2  2  2
  6 Boom                    61  20  0 21   1  1  1  1  1  1  1  1  1  1  1  1  1  1  2  1  2  1  2  1  1  2  1  1  1  2  1  2  2  2  2  2  2  2  2  2  2  2  2  2  2  2
  7 Robertot                60  21  2 18   1  0  1  0  1  1  1  1  1  1  1  1  2  1  1  1  1  2  2  1  2  2  1  1  1  2  2  2  1  2  2  2  2  2  2  2  2  2  2  2  2  2
  8 Shofar                  60  19  0 22   1  1  1  1  1  1  1  1  1  1  1  1  1  1  1  1  1  2  2  1  1  2  1  2  1  2  1  2  2  2  2  1  2  2  2  2  2  2  2  2  2  2
  9 Bugbrain                60  20  1 20   1  1  1  1  0  1  1  1  1  1  1  1  1  1  2  1  1  2  2  1  1  2  1  1  1  2  2  2  1  2  2  2  2  2  2  2  2  2  2  2  2  2
 10 Biopic                  59  20  2 19   0  1  1  0  1  1  1  1  1  1  1  1  2  1  1  1  1  2  2  1  1  2  1  2  2  2  1  2  1  2  1  2  2  2  2  2  2  2  2  2  2  2
 11 ACT-R Lag2              57  18  2 21   1  0  1  1  1  1  1  1  1  1  1  1  1  1  1  1  1  2  2  0  2  2  1  1  1  2  1  2  1  2  1  2  2  2  2  2  2  2  2  2  2  2
 12 Vroomfondel             55  14  0 27   1  1  1  1  1  1  1  1  1  1  1  1  1  1  2  2  1  1  1  1  1  1  1  2  1  2  1  1  1  2  1  2  1  1  2  2  2  2  2  2  2  2
 13 Simple Predictor        54  21  8 12   0  0  0  0  0  1  0  1  1  0  1  1  1  1  1  2  1  1  1  0  2  2  1  2  1  2  2  2  2  2  2  2  2  2  2  2  2  2  2  2  2  2
 14 Majikthise              53  13  1 27   0  1  1  1  2  1  1  1  1  1  1  1  1  1  1  1  1  1  1  1  1  1  1  2  1  2  1  1  1  2  1  2  1  1  2  2  2  2  2  2  2  2
 15 Piedra                  53  18  6 17   0  1  1  1  1  0  1  1  0  1  1  0  1  1  1  1  1  1  0  1  1  0  1  2  2  2  2  2  1  2  2  2  2  2  2  2  2  2  2  2  2  2
 16 Sweet Rocky             51  15  5 21   0  1  0  1  1  1  1  1  1  1  1  0  0  1  1  1  1  1  1  1  1  0  1  1  1  2  1  2  1  2  2  2  2  2  2  2  2  2  2  2  2  2
 17 * Anti-rotn             50  15  6 20   0  0  1  0  1  0  1  1  1  1  1  1  1  1  1  1  1  0  1  1  1  1  1  2  0  2  1  2  1  2  1  2  2  2  2  2  2  2  2  2  2  2
 18 Marble                  49  19 11 11   0  0  0  0  0  1  0  0  0  0  0  1  1  1  1  1  2  1  1  0  1  1  1  2  2  2  1  2  2  2  2  2  2  2  2  2  2  2  2  2  2  2
 19 Granite                 48  19 12 10   0  0  0  0  0  0  0  0  0  0  0  1  1  1  2  1  1  1  1  0  1  2  1  1  2  2  1  2  2  2  2  2  2  2  2  2  2  2  2  2  2  2
 20 * De Bruijn             46   7  2 32   1  0  1  1  1  1  1  1  1  1  2  1  2  1  1  1  1  2  2  1  2  2  1  1  1  1  1  1  1  1  1  1  1  1  2  1  1  1  1  1  1  0
 21 Mixed Strategy          46  14  9 18   0  0  0  0  0  1  0  1  1  1  0  1  0  1  1  1  1  1  1  0  1  1  1  2  1  1  1  2  2  2  1  1  2  2  2  2  2  2  2  2  2  2
 22 ZQ Bot                  45  18 14  9   0  0  0  0  0  0  0  0  0  0  0  1  0  1  2  2  1  1  0  0  1  1  1  1  1  2  1  2  2  2  2  2  2  2  2  2  2  2  2  2  2  2
 23 * Pi                    44   4  1 36   2  1  1  2  2  1  1  1  1  1  1  1  1  1  1  1  1  1  1  1  1  1  1  1  1  1  1  1  1  1  1  1  1  0  1  1  2  1  1  1  1  1
 24 Inocencio               44  17 14 10   0  0  0  0  0  1  1  0  1  0  1  0  0  0  0  1  0  0  1  1  0  1  1  1  2  2  1  2  2  2  2  2  2  2  2  2  2  2  2  2  2  2
 25 * Foxtrot               33   1  9 31   0  0  0  0  1  1  1  1  1  0  1  1  1  1  0  1  2  0  0  1  1  1  1  0  1  1  1  1  1  1  1  1  1  1  1  1  1  1  1  1  1  1
 26 Multi-strategy          33  13 21  7   0  0  0  0  0  0  0  0  0  0  0  0  0  0  0  0  0  0  0  1  1  0  1  0  1  1  1  2  2  1  1  2  2  2  2  2  2  2  2  2  2  2
 27 * Add-drift             32   0  9 32   1  0  0  0  0  1  0  1  0  1  1  1  0  1  0  1  1  1  1  1  1  1  1  1  1  1  1  1  1  1  0  1  1  1  1  1  1  1  1  1  1  1
 28 Peterbot                30  10 21 10   0  0  0  0  0  0  0  0  0  0  0  1  0  1  0  0  0  0  0  1  0  0  1  0  1  0  1  1  1  1  1  2  2  1  2  2  2  2  2  2  2  2
 29 * Copy-drift            28   0 13 28   0  0  1  0  0  0  1  0  1  1  1  1  0  1  1  1  1  0  0  1  0  0  1  0  1  0  1  1  1  1  1  1  1  1  1  1  1  1  1  1  1  1
 30 Knucklehead             27   8 22 11   0  0  0  0  0  0  0  0  0  0  0  0  0  0  0  0  0  0  0  1  0  0  1  0  1  1  1  1  1  1  2  1  2  1  2  1  1  2  2  2  2  2
 31 * Add-react             26   3 18 20   0  0  0  0  0  0  0  0  0  1  1  1  0  1  0  0  1  0  0  1  1  0  1  0  1  1  2  1  1  0  1  0  1  1  1  1  1  1  1  1  2  2
 32 * Flat                  22   3 22 16   0  0  0  0  1  0  0  1  0  0  0  0  0  0  0  0  0  0  0  1  1  0  1  0  1  0  1  0  1  1  2  1  2  1  2  1  1  1  1  1  1  0
 33 Beat The Last Move      21   6 26  9   0  0  0  0  0  0  0  0  0  0  0  1  0  1  0  0  0  0  0  1  0  0  1  0  1  0  1  0  1  0  1  0  1  2  2  0  0  2  2  2  1  2
 34 * Text                  21   4 24 13   0  0  0  0  0  0  0  0  0  0  0  1  0  1  0  0  0  0  0  1  0  0  2  0  1  0  1  1  1  1  1  1  0  1  0  1  1  0  2  2  1  2
 35 Beat Frequent Pick      18   5 28  8   0  0  0  0  0  0  0  0  0  0  0  0  0  0  0  0  0  0  0  0  0  0  1  0  1  0  1  0  1  0  1  0  0  2  1  1  1  2  2  2  1  2
 36 Always Switchin'        18   1 24 16   0  0  0  0  0  0  0  0  0  0  0  0  0  0  0  0  0  0  0  1  0  0  1  0  1  0  1  0  1  1  1  1  2  1  1  1  1  1  1  1  1  1
 37 * Switch A Lot          17   1 25 15   0  0  0  0  0  0  0  0  0  0  0  0  0  0  0  0  0  0  0  1  0  0  0  0  1  0  1  0  1  1  1  1  2  1  1  1  1  1  1  1  1  1
 38 Good Ole Rock           16   3 28 10   0  0  0  0  0  0  0  0  0  0  0  0  0  0  0  0  0  0  0  1  0  0  1  0  1  0  1  0  1  0  1  1  0  2  0  1  1  1  0  2  1  2
 39 Yomi AI                 14   2 29 10   0  0  0  0  0  0  0  0  0  0  0  0  0  0  0  0  0  0  0  1  0  0  1  0  1  0  1  0  1  0  1  1  0  0  0  1  1  2  1  0  1  2
 40 R-P-S 20-20-60          14   2 29 10   0  0  0  0  0  0  0  0  0  0  0  0  0  0  0  0  0  0  0  1  0  0  1  0  1  0  1  0  1  0  1  1  0  0  0  1  1  0  2  1  1  2
 41 Rotate R-P-S            14   0 27 14   0  0  0  0  0  0  0  0  0  0  0  0  0  0  0  0  0  0  0  1  0  0  1  0  1  0  1  0  1  0  0  1  1  1  1  1  1  1  1  1  1  0
 42 * Anti-Flat             12   3 32  6   0  0  0  0  0  0  0  0  0  0  0  0  0  0  0  0  0  0  0  2  0  0  1  0  1  0  1  0  1  0  0  2  0  0  0  1  1  0  0  0  2  1


   Yomi AI is match ranked 39

 Tournament results:
    Player Name          total 
  1 Yomi AI             -20209 
  3 R-P-S 20-20-60       -8564 
  5 Beat The Last Move  -18543 
  6 Always Switchin'     -7235 
  7 Beat Frequent Pick  -12742 
  8 * Pi                   399 
  9 * Switch A Lot       -3448 
 10 * Flat               -2667 
 12 * Foxtrot            -1844 
 13 * De Bruijn            568 
 14 * Text               -2963 
 15 * Anti-rotn           5989 
 16 * Copy-drift         -1848 
 17 * Add-react          -3275 
 18 * Add-drift          -1614 
 19 Iocaine Powder       12025 
 20 Phasenbott           10944 
 21 MegaHAL              10273 
 22 RussRocker4           8506 
 23 Biopic                9131 
 24 Simple Modeller       9476 
 25 Simple Predictor      7944 
 26 Robertot              8595 
 27 Boom                  8149 
 28 Shofar                7306 
 29 ACT-R Lag2            7179 
 30 Majikthise            5424 
 31 Vroomfondel           5718 
 32 Granite               6794 
 33 Marble                7539 
 34 ZQ Bot                6167 
 35 Sweet Rocky           6731 
 36 Piedra                7983 
 37 Mixed Strategy        6323 
 38 Multi-strategy        3807 
 39 Inocencio             2542 
 40 Peterbot             -6066 
 41 Bugbrain              6672 
 42 Knucklehead          -1895 

   Yomi is tournament ranked 39

