 Playing 1 tournaments with 1000 trials per match...

 Yomi AI            vs Good Ole Rock       Match:  998 (999+   1-   0=)
 Yomi AI            vs R-P-S 20-20-60      Match:  141 (427+ 286- 287=)
 Yomi AI            vs Rotate R-P-S        Match:   -9 (349+ 358- 293=)
 Yomi AI            vs Beat The Last Move  Match:  -24 (318+ 342- 340=)
 Yomi AI            vs Always Switchin'    Match:  -61 (303+ 364- 333=)
 Yomi AI            vs Beat Frequent Pick  Match:  -12 (440+ 452- 108=)
 Yomi AI            vs * Pi                Match:  -16 (339+ 355- 306=)
 Yomi AI            vs * Switch A Lot      Match:  -34 (297+ 331- 372=)
 Yomi AI            vs * Flat              Match:   14 (336+ 322- 342=)
 Yomi AI            vs * Anti-Flat         Match:  985 (986+   1-  13=)
 Yomi AI            vs * Foxtrot           Match:  -27 (323+ 350- 327=)
 Yomi AI            vs * De Bruijn         Match:   23 (343+ 320- 337=)
 Yomi AI            vs * Text              Match:   20 (347+ 327- 326=)
 Yomi AI            vs * Anti-rotn         Match:   11 (340+ 329- 331=)
 Yomi AI            vs * Copy-drift        Match:   41 (344+ 303- 353=)
 Yomi AI            vs * Add-react         Match:  -40 (313+ 353- 334=)
 Yomi AI            vs * Add-drift         Match:   -2 (327+ 329- 344=)
 Yomi AI            vs Iocaine Powder      Match:   -7 (330+ 337- 333=)
 Yomi AI            vs Phasenbott          Match:  -30 (329+ 359- 312=)
 Yomi AI            vs MegaHAL             Match:   41 (339+ 298- 363=)
 Yomi AI            vs RussRocker4         Match:    5 (337+ 332- 331=)
 Yomi AI            vs Biopic              Match:    9 (343+ 334- 323=)
 Yomi AI            vs Simple Modeller     Match:   14 (348+ 334- 318=)
 Yomi AI            vs Simple Predictor    Match:   42 (363+ 321- 316=)
 Yomi AI            vs Robertot            Match:  -44 (347+ 391- 262=)
 Yomi AI            vs Boom                Match:  -62 (286+ 348- 366=)
 Yomi AI            vs Shofar              Match:  -30 (308+ 338- 354=)
 Yomi AI            vs ACT-R Lag2          Match:  -28 (321+ 349- 330=)
 Yomi AI            vs Majikthise          Match:   17 (338+ 321- 341=)
 Yomi AI            vs Vroomfondel         Match:   23 (359+ 336- 305=)
 Yomi AI            vs Granite             Match:    4 (396+ 392- 212=)
 Yomi AI            vs Marble              Match:  -78 (369+ 447- 184=)
 Yomi AI            vs ZQ Bot              Match:  -16 (330+ 346- 324=)
 Yomi AI            vs Sweet Rocky         Match:    2 (361+ 359- 280=)
 Yomi AI            vs Piedra              Match:   17 (351+ 334- 315=)
 Yomi AI            vs Mixed Strategy      Match:   27 (356+ 329- 315=)
 Yomi AI            vs Multi-strategy      Match:  -54 (307+ 361- 332=)
 Yomi AI            vs Inocencio           Match:  -19 (319+ 338- 343=)
 Yomi AI            vs Peterbot            Match:  -55 (303+ 358- 339=)
 Yomi AI            vs Bugbrain            Match:  -35 (314+ 349- 337=)
 Yomi AI            vs Knucklehead         Match:    7 (337+ 330- 333=)
 Final results (draw value = 50):

 Tournament results: 

    Player Name          total     1    2    3    4    5    6    7    8    9   10   11   12   13   14   15   16   17   18   19   20   21   22   23   24   25   26   27   28   29   30   31   32   33   34   35   36   37   38   39   40   41   42
  1 Iocaine Powder       11091     0   75   50   48   29  501  239   89   19   35  285  279    5   30  185   73   67   60   68   -3   25  308    7  190   37   -5  141  399  173  208   45  131  313  576  900  220  415  906  991  989 1000  988
  2 Phasenbott           10019   -75    0   69   50    6  571  130   67   38   30  251  287    2  -24  224   77  -21   46  101    5  -12  259   30  207   40    0  129  385   85   53   86   98  276  446  868  263   82  934  992  988  992  984
  3 MegaHAL               9683   -50  -69    0  -18   10   79  104   46   23   54  214  256  -13  -25  275   30   18   63   24   68   44  221  -41  198  -53  -13  230   34   80   98  298  189  307  407  879  451  357  934  983  993  998 1000
  4 Simple Modeller       9130   -48  -50   18    0   17   36  324  -13    9   54  101  294    1   24  105   40   47   51   80  -34    1  211  -14  463  -61   16  218  -40  290   58  245  120  105  251  872  422  340  595  992  994  997  999
  5 Biopic                8437   -29   -6  -10  -17    0  -18   93   -4    6   17  152  104   14   -5   98   -2   67   45   76   -4  -34  229   -9  110  -36   15  -33  397   90  165  171  123  116  501  726  374  397  572  994  996  998  998
  6 RussRocker4           7658  -501 -571  -79  -36   18    0   93   10   70   49  126  170  -20   20  147   28   62   39   42  -17   25  190   -5  120   -6  -61  170  177  138   96  151   47  335  531  937  275  317  589  992  993 1000  997
  7 Simple Predictor      7524  -239 -130 -104 -324  -93  -93    0   11   31   34   21  177   28    9   11  -63   65   41   59   -9  -19  179  -42  494  -73  -21  326  -31  234   43  211  154  112  304  893  408  360  592  985  990  996  997
  8 Robertot              7271   -89  -67  -46   13    4  -10  -11    0    5   31  109   55    9    4   21  -11   51   46   21  -42   -7  250   44   -2  -32  -25   18  -35   64   84   92  161   41  419  430  463  381  882  966  995  998  991
  9 Piedra                6876   -19  -38  -23   -9   -6  -70  -31   -5    0  -71  -16  -48  -22  -40  -52  -32  -62   41  -26  -46  -42   40  -17  784  -32  -35   26   12   39  115  175  164  359  206  453  249  391  593  990  985  998  998
 10 Boom                  6597   -35  -30  -54  -54  -17  -49  -34  -31   71    0  -15   17  -26  -52   20  -12   48   42   26  -24  -13  255   62   49   15  -14   22  -15    4  -33  128  145  114  427  195  371  366  753  991  989  995 1000
 11 Marble                6436  -285 -251 -214 -101 -152 -126  -21 -109   16   15    0   59  -62  -76   24 -146   49   47  -17  -11  -31  225   78  651 -112  -24   63   26  -34  145  131  177  142  310  905  208  365  594  994  993  999  992
 12 ZQ Bot                6301  -279 -287 -256 -294 -104 -170 -177  -55   48  -17  -59    0  -40 -189   32 -127   46   41  -43  -22  -35  272   16  787  -13   17   74   19   59  149  137  162  291  209  838  312  399  591  995  991  995  988
 13 Shofar                6210    -5   -2   13   -1  -14   20  -28   -9   22   26   62   40    0   17   72   -4   72   46   29   14   30   87   30   24  -30  -15   15  -51  131   12  150  162   63   53  125  392  321  559  889  929  977  987
 14 Bugbrain              6143   -30   24   25  -24    5  -20   -9   -4   40   52   76  189  -17    0   69   28   62   46   45  -20  -24   91   35   64   -1  -34   40  -16   12   72  123   27  108  130  252  230  235  403  957  942  989  971
 15 Granite               6098  -185 -224 -275 -105  -98 -147  -11  -21   52  -20  -24  -32  -72  -69    0 -120   12   45   20  -18  -31  284   -4   -3   18  -16   22   76   47  130  182  177   49  281  972  196  440  594  994  990  999  993
 16 ACT-R Lag2            5857   -73  -77  -30  -40    2  -28   63   11   32   12  146  127    4  -28  120    0   15   46   68    9   17  248   28   67  -90  -21   -4   -4  -15   85  136   89   42  497  266  218  275  568   92  994  995  995
 17 Sweet Rocky           5504   -67   21  -18  -47  -67  -62  -65  -51   62  -48  -49  -46  -72  -62  -12  -15    0   15    0  -43  -42  115   -2  -19  -31  -15   68   32   17  196   78  172  245  175  106  108  377  592  992  990  995  981
 18 * Anti-rotn           5432   -60  -46  -63  -51  -45  -39  -41  -46  -41  -42  -47  -41  -46  -46  -45  -46  -15    0   -8   16   35  265  -11  568  -67  -43   20  -12  -26  200  307   55    3   91   47  499  172  597  492  996 1000  996
 19 Mixed Strategy        4976   -68 -101  -24  -80  -76  -42  -59  -21   26  -26   17   43  -29  -45  -20  -68    0    8    0   -5  -35  -13  -27   17 -124  -35   12  -11   52   54   64  178   35  246  288   44  392  508  973  964  995  969
 20 Vroomfondel           4797     3   -5  -68   34    4   17    9   42   46   24   11   22  -14   20   18   -9   43  -16    5    0  -34  180  -23  132   21    0  -21   23   42   63  101   32    5  208   17  227  162  475   17  995  993  996
 21 Majikthise            4753   -25   12  -44   -1   34  -25   19    7   42   13   31   35  -30   24   31  -17   42  -35   35   34    0  227  -17   32   -4   36    5   22  -33  108   86   13   13  286   13  210  167  450  -30  994  998  995
 22 Multi-strategy        2956  -308 -259 -221 -211 -229 -190 -179 -250  -40 -255 -225 -272  -87  -91 -284 -248 -115 -265   13 -180 -227    0   54 -146  -50  -20    1   15  286   74  318  123   51    5  500  511  366  999  997  997  999  999
 23 Yomi AI               1758    -7  -30   41   14    9    5   42  -44   17  -62  -78  -16  -30  -35    4  -28    2   11   27   23   17  -54    0  -19   23  -16   -2  -27   41   14  -34   20  -40    7  -55  -61  141  -12  -24   -9  998  985
 24 Inocencio             1172  -190 -207 -198 -463 -110 -120 -494    2 -784  -49 -651 -787  -24  -64    3  -67   19 -568  -17 -132  -32  146   19    0  -11  -24   13  286   43  148  102  145   31  262  187  242  406  352  811  989  978  980
 25 * De Bruijn            795   -37  -40   53   61   36    6   73   32   32  -15  112   13   30    1  -18   90   31   67  124  -21    4   50  -23   11    0   -1   -1  -11   15   -9  -27   23   39   27    1   -6   31  128   -1   21    0 -106
 26 * Pi                   244     5    0   13  -16  -15   61   21   25   35   14   24  -17   15   34   16   21   15   43   35    0  -36   20   16   24    1    0  -36   24   16  -33    3  -81    6    0    6  -12  -21   30   22  -11  -11  -12
 27 * Add-drift          -1376  -141 -129 -230 -218   33 -170 -326  -18  -26  -22  -63  -74  -15  -40  -22    4  -68  -20  -12   21   -5   -1    2  -13    1   36    0  -31   59   15    6   -6   32  -16  -18   12   17   58    4   50  -29  -13
 28 * Foxtrot            -1813  -399 -385  -34   40 -397 -177   31   35  -12   15  -26  -19   51   16  -76    4  -32   12   11  -23  -22  -15   27 -286   11  -24   31    0   -4    8    2  -11    0   -3  -27  -16   -9   -4    4  -31  -50  -29
 29 * Copy-drift         -1906  -173  -85  -80 -290  -90 -138 -234  -64  -39   -4   34  -59 -131  -12  -47   15  -17   26  -52  -42   33 -286  -41  -43  -15  -16  -59    4    0   51   52  -14   48  -61  -23    5  -17  -46    8  -43  -12   51
 30 * Flat               -2473  -208  -53  -98  -58 -165  -96  -43  -84 -115   33 -145 -149  -12  -72 -130  -85 -196 -200  -54  -63 -108  -74  -14 -148    9   33  -15   -8  -51    0  -21   34   30    5 -152  -28   30  232  235  -28   -1 -440
 31 * Switch A Lot       -3135   -45  -86 -298 -245 -171 -151 -211  -92 -175 -128 -131 -137 -150 -123 -182 -136  -78 -307  -64 -101  -86 -318   34 -102   27   -3   -6   -2  -52   21    0   41   -3   -1 -126   -8   18   32  359   15   34    2
 32 * Text               -3172  -131  -98 -189 -120 -123  -47 -154 -161 -164 -145 -177 -162 -162  -27 -177  -89 -172  -55 -178  -32  -13 -123  -20 -145  -23   81    6   11   14  -34  -41    0    6  -21   33   -5    9 -185  -74  -11 -185  111
 33 * Add-react          -3267  -313 -276 -307 -105 -116 -335 -112  -41 -359 -114 -142 -291  -63 -108  -49  -42 -245   -3  -35   -5  -13  -51   40  -31  -39   -6  -32    0  -48  -30    3   -6    0  -42  -22   13   -2   18   -2   17   -9   36
 34 Knucklehead          -3490  -576 -446 -407 -251 -501 -531 -304 -419 -206 -427 -310 -209  -53 -130 -281 -497 -175  -91 -246 -208 -286   -5   -7 -262  -27    0   16    3   61   -5    1   21   42    0  -30    7   12  155  845  241  996 1000
 35 Peterbot             -6177  -900 -868 -879 -872 -726 -937 -893 -430 -453 -195 -905 -838 -125 -252 -972 -266 -106  -47 -288  -17  -13 -500   55 -187   -1   -6   18   27   23  152  126  -33   22   30    0  280  401  432  982  999  998  987
 36 Always Switchin'     -6572  -220 -263 -451 -422 -374 -275 -408 -463 -249 -371 -208 -312 -392 -230 -196 -218 -108 -499  -44 -227 -210 -511   61 -242    6   12  -12   16   -5   28    8    5  -13   -7 -280    0  -40   42  503  -28   13   12
 37 R-P-S 20-20-60       -8918  -415  -82 -357 -340 -397 -317 -360 -381 -391 -366 -365 -399 -321 -235 -440 -275 -377 -172 -392 -162 -167 -366 -141 -406  -31   21  -17    9   17  -30  -18   -9    2  -12 -401   40    0 -406 -119   25 -374    9
 38 Beat Frequent Pick  -13707  -906 -934 -934 -595 -572 -589 -592 -882 -593 -753 -594 -591 -559 -403 -594 -568 -592 -597 -508 -475 -450 -999   12 -352 -128  -30  -58    4   46 -232  -32  185  -18 -155 -432  -42  406    0 -600    0  999 1000
 39 Beat The Last Move  -19193  -991 -992 -983 -992 -994 -992 -985 -966 -990 -991 -994 -995 -889 -957 -994  -92 -992 -492 -973  -17   30 -997   24 -811    1  -22   -4   -4   -8 -235 -359   74    2 -845 -982 -503  119  600    0    1 1000  997
 40 Rotate R-P-S        -24568  -989 -988 -993 -994 -996 -993 -990 -995 -985 -989 -993 -991 -929 -942 -990 -994 -990 -996 -964 -995 -994 -997    9 -989  -21   11  -50   31   43   28  -15   11  -17 -241 -999   28  -25    0   -1    0    0 -684
 41 Good Ole Rock       -26252  -1000 -992 -998 -997 -998 -1000 -996 -998 -998 -995 -999 -995 -977 -989 -999 -995 -995 -1000 -995 -993 -998 -999 -998 -978    0   11   29   50   12    1  -34  185    9 -996 -998  -13  374 -999 -1000    0    0  999
 42 * Anti-Flat         -27699  -988 -984 -1000 -999 -998 -997 -997 -991 -998 -1000 -992 -988 -987 -971 -993 -995 -981 -996 -969 -996 -995 -999 -985 -980  106   12   13   29  -51  440   -2 -111  -36 -1000 -987  -12   -9 -1000 -997  684 -999    0

 Match results (draw <= 50): 

    Player Name           total  W  L  D   1  2  3  4  5  6  7  8  9 10 11 12 13 14 15 16 17 18 19 20 21 22 23 24 25 26 27 28 29 30 31 32 33 34 35 36 37 38 39 40 41 42
  1 Iocaine Powder          69  28  0 13   1  2  1  1  1  2  1  1  2  2  1  2  1  1  1  2  2  1  2  2  2  2  1  2  1  2  2  2  2  2  2  2  2  2  2  2  1  2  2  2  2  2
  2 Phasenbott              67  27  1 13   0  1  2  1  1  2  1  1  2  2  1  2  1  1  1  1  1  1  2  2  2  2  1  2  1  2  2  2  2  2  2  2  2  2  2  2  2  2  2  2  2  2
  3 MegaHAL                 64  25  2 14   1  0  1  1  1  2  1  1  1  1  2  2  1  2  1  1  2  0  2  2  2  1  1  2  1  1  2  2  2  2  2  2  2  2  2  2  2  2  2  2  2  2
  4 Biopic                  64  23  0 18   1  1  1  1  1  1  1  1  1  1  1  2  1  1  1  2  1  1  2  2  2  2  1  2  1  2  2  1  2  2  2  2  2  2  2  2  2  2  2  2  2  2
  5 Simple Modeller         64  24  1 16   1  1  1  1  1  1  1  1  1  1  2  2  1  1  1  1  2  0  2  2  2  2  1  2  1  1  2  2  2  2  2  2  2  2  2  2  2  2  2  2  2  2
  6 RussRocker4             60  23  4 14   0  0  0  1  1  1  1  1  1  1  1  2  1  1  2  2  1  1  2  2  2  1  0  2  1  2  2  2  2  2  2  2  1  2  2  2  2  2  2  2  2  2
  7 Bugbrain                60  19  0 22   1  1  1  1  1  1  1  1  1  1  2  1  1  1  1  2  1  1  2  2  2  1  1  2  1  1  2  1  2  1  2  2  1  2  2  2  2  2  2  2  2  2
  8 Shofar                  57  17  1 23   1  1  1  1  1  1  1  1  1  1  1  1  1  1  1  2  1  1  2  2  1  1  1  1  1  0  2  1  2  2  2  2  2  1  2  2  2  2  2  2  2  2
  9 ACT-R Lag2              57  19  3 19   0  0  1  1  1  1  1  1  1  1  1  2  1  1  1  1  1  0  2  2  2  2  1  2  1  1  2  1  2  1  1  2  2  2  2  2  2  2  2  2  2  2
 10 Robertot                56  17  2 22   0  0  1  1  1  1  1  1  1  1  1  1  1  1  1  2  1  1  2  1  2  1  1  1  1  1  2  1  2  2  1  2  2  2  2  2  2  2  2  2  2  2
 11 Boom                    53  15  3 23   1  1  0  1  0  1  0  1  1  1  1  1  1  1  2  1  1  1  1  1  1  1  1  1  2  1  2  1  2  1  2  2  2  1  2  2  2  2  2  2  2  2
 12 Simple Predictor        52  19  8 14   0  0  0  0  0  0  1  1  0  1  1  1  1  1  1  2  1  0  1  1  2  2  1  2  1  1  2  2  2  2  2  2  2  1  2  2  2  2  2  2  2  2
 13 Majikthise              51  10  0 31   1  1  1  1  1  1  1  1  1  1  1  1  1  1  1  1  1  1  1  1  1  1  1  1  1  1  2  1  1  1  1  2  1  2  2  1  2  2  2  2  2  2
 14 Vroomfondel             51  11  1 29   1  1  0  1  1  1  1  1  1  1  1  1  1  1  1  1  1  1  1  1  1  1  1  2  1  1  2  1  1  1  1  2  1  2  2  1  2  2  2  2  2  2
 15 Piedra                  51  14  4 23   1  1  1  1  1  0  1  1  1  1  0  1  1  1  1  0  1  1  1  0  1  1  1  2  1  1  1  1  2  1  2  2  2  2  2  2  2  2  2  2  2  2
 16 Sweet Rocky             50  16  7 18   0  1  1  0  1  0  0  0  1  0  1  0  1  1  2  1  1  1  1  1  1  1  1  1  1  1  2  2  2  1  2  2  2  2  2  2  2  2  2  2  2  2
 17 * Anti-rotn             50  13  4 24   0  1  0  1  0  1  1  1  1  1  1  1  1  1  1  1  1  0  1  1  1  1  1  2  1  1  2  1  1  1  1  2  2  2  2  2  2  2  2  2  2  2
 18 * De Bruijn             48   8  1 32   1  1  2  1  2  1  1  1  2  1  1  2  1  1  1  1  2  1  2  1  1  2  1  1  1  1  1  1  1  1  1  1  1  1  1  1  1  2  1  1  0  1
 19 Marble                  48  18 11 12   0  0  0  0  0  0  0  0  0  0  1  1  1  1  1  1  1  0  1  1  2  1  1  2  2  1  2  2  2  1  2  2  2  2  2  2  2  2  2  2  2  2
 20 Granite                 47  15  9 17   0  0  0  0  0  0  0  0  0  1  1  1  1  1  2  1  1  1  1  1  1  1  1  1  1  2  2  1  2  1  1  2  2  2  2  2  2  2  2  2  2  2
 21 ZQ Bot                  47  17 11 13   0  0  0  0  0  0  0  1  0  0  1  0  1  1  1  1  1  1  0  1  1  1  1  2  1  1  2  2  2  2  2  2  2  2  2  2  2  2  2  2  2  2
 22 Mixed Strategy          46  12  7 22   0  0  1  0  0  1  1  1  0  1  1  0  1  1  1  1  1  0  1  1  1  1  1  1  1  1  1  1  2  2  1  2  2  2  1  2  2  2  2  2  2  2
 23 * Pi                    41   1  1 39   1  1  1  1  1  2  1  1  1  1  1  1  1  1  1  1  1  1  1  1  1  1  1  1  1  1  1  1  1  1  1  1  0  1  1  1  1  1  1  1  1  1
 24 Inocencio               41  14 14 13   0  0  0  0  0  0  0  1  0  1  1  0  1  0  0  1  0  1  0  1  0  1  1  1  1  2  2  1  2  1  1  2  2  2  2  2  2  2  2  2  2  2
 25 Yomi AI                 39   3  5 33   1  1  1  1  1  1  1  1  1  1  0  1  1  1  1  1  1  1  0  1  1  1  1  1  1  1  0  1  0  1  1  1  1  1  0  1  1  1  2  1  2  2
 26 * Foxtrot               36   1  6 34   0  0  1  0  1  0  1  2  1  1  1  1  1  1  1  1  1  1  1  0  1  1  1  0  1  1  1  1  1  1  1  1  1  1  1  1  1  1  1  1  1  1
 27 Multi-strategy          35  14 20  7   0  0  0  0  0  0  0  0  0  0  0  0  0  0  1  0  0  1  0  0  0  1  1  0  2  1  1  1  2  2  2  1  2  2  2  2  2  2  2  2  2  2
 28 * Add-drift             34   2  9 30   0  0  0  1  0  0  1  1  1  1  1  0  1  1  1  0  1  1  0  1  0  1  1  1  1  1  1  1  1  2  1  1  1  1  1  1  1  2  1  1  1  1
 29 Peterbot                31  10 20 11   0  0  0  0  0  0  0  0  0  0  0  0  1  1  0  0  1  1  0  0  0  0  1  0  2  1  0  1  1  1  1  1  1  2  2  2  2  2  2  2  2  2
 30 * Copy-drift            30   3 14 24   0  0  0  0  0  0  1  0  1  0  1  0  1  1  1  1  1  1  1  1  0  0  1  1  1  1  0  0  1  1  1  0  1  2  1  1  2  1  1  1  2  1
 31 * Add-react             26   0 15 26   0  0  0  0  0  0  0  0  1  1  0  0  1  1  0  0  1  1  0  1  0  1  1  1  1  1  0  1  1  1  1  1  1  1  1  1  1  1  1  1  1  1
 32 Knucklehead             25   6 22 13   0  0  0  0  0  0  0  0  0  0  0  0  0  0  0  0  0  1  0  0  0  0  1  0  1  1  1  1  1  2  1  1  1  1  1  2  1  2  2  2  2  1
 33 * Text                  21   2 22 17   0  0  0  0  0  1  1  0  0  0  0  0  1  1  0  0  0  1  0  0  0  0  2  0  1  1  0  1  1  1  1  1  1  1  1  0  1  0  0  1  2  1
 34 * Flat                  20   2 23 16   0  0  0  0  0  0  0  1  0  0  1  1  0  0  0  0  0  1  0  0  0  0  1  0  1  1  0  1  0  0  1  1  1  1  1  2  1  2  1  1  0  1
 35 Always Switchin'        20   2 23 16   0  0  0  0  0  0  0  0  0  0  0  0  0  0  0  0  0  1  0  0  0  1  1  0  2  1  0  1  0  1  1  1  1  1  1  2  1  1  1  1  1  1
 36 Beat The Last Move      20   5 26 10   0  0  0  0  0  0  0  0  0  0  0  0  1  1  0  0  0  1  0  0  0  0  1  0  1  1  0  1  0  1  1  0  2  0  0  1  0  2  2  1  2  2
 37 * Switch A Lot          18   1 24 16   1  0  0  0  0  0  0  0  0  0  0  0  0  0  0  0  0  1  0  0  0  0  1  0  1  1  0  1  0  0  1  1  1  1  1  2  1  1  1  1  1  1
 38 Beat Frequent Pick      16   4 29  8   0  0  0  0  0  0  0  0  0  0  0  0  0  0  0  0  0  0  0  0  0  0  1  0  1  1  0  0  0  1  1  0  2  0  1  0  1  1  2  1  2  2
 39 Good Ole Rock           16   3 28 10   0  0  0  0  0  0  0  0  0  0  0  0  0  0  0  0  0  1  0  0  0  0  1  0  0  1  0  1  0  1  1  0  2  1  1  0  1  0  1  1  2  2
 40 Rotate R-P-S            15   0 26 15   0  0  0  0  0  0  0  0  0  0  0  0  0  0  0  0  0  1  0  0  0  0  1  0  1  1  0  1  0  1  1  0  1  1  1  1  1  1  1  1  0  1
 41 * Anti-Flat             13   3 31  7   0  0  0  0  0  0  0  0  0  0  0  0  0  0  0  0  0  2  0  0  0  0  1  0  0  1  0  1  0  0  1  0  0  2  1  0  1  0  0  2  1  1
 42 R-P-S 20-20-60          13   0 28 13   0  0  0  0  0  0  0  0  0  0  0  0  0  0  0  0  0  1  0  0  0  0  1  0  0  1  0  1  0  1  1  1  1  1  1  0  1  0  0  1  1  1


   Yomi AI is match ranked 25

 Tournament results:
    Player Name          total 
  1 Yomi AI               1758 
 15 * Anti-rotn           5432 
 19 Iocaine Powder       11091 
 20 Phasenbott           10019 
 21 MegaHAL               9683 
 22 RussRocker4           7658 
 23 Biopic                8437 
 24 Simple Modeller       9130 
 25 Simple Predictor      7524 
 26 Robertot              7271 
 27 Boom                  6597 
 28 Shofar                6210 
 29 ACT-R Lag2            5857 
 30 Majikthise            4753 
 31 Vroomfondel           4797 
 32 Granite               6098 
 33 Marble                6436 
 34 ZQ Bot                6301 
 35 Sweet Rocky           5504 
 36 Piedra                6876 
 37 Mixed Strategy        4976 
 38 Multi-strategy        2956 
 41 Bugbrain              6143 

   Yomi is tournament ranked 23

