 Playing 1 tournaments with 1000 trials per match...

 Yomi AI            vs Good Ole Rock       Match:  998 (999+   1-   0=)
 Yomi AI            vs R-P-S 20-20-60      Match:  375 (581+ 206- 213=)
 Yomi AI            vs Rotate R-P-S        Match:  995 (996+   1-   3=)
 Yomi AI            vs Beat The Last Move  Match:  291 (537+ 246- 217=)
 Yomi AI            vs Always Switchin'    Match:  230 (481+ 251- 268=)
 Yomi AI            vs Beat Frequent Pick  Match:  593 (753+ 160-  87=)
 Yomi AI            vs * Pi                Match:  -27 (323+ 350- 327=)
 Yomi AI            vs * Switch A Lot      Match:  138 (422+ 284- 294=)
 Yomi AI            vs * Flat              Match:  172 (427+ 255- 318=)
 Yomi AI            vs * Anti-Flat         Match:  999 (999+   0-   1=)
 Yomi AI            vs * Foxtrot           Match:  442 (622+ 180- 198=)
 Yomi AI            vs * De Bruijn         Match:  -60 (306+ 366- 328=)
 Yomi AI            vs * Text              Match:  144 (426+ 282- 292=)
 Yomi AI            vs * Anti-rotn         Match:   66 (376+ 310- 314=)
 Yomi AI            vs * Copy-drift        Match:   60 (365+ 305- 330=)
 Yomi AI            vs * Add-react         Match:   72 (390+ 318- 292=)
 Yomi AI            vs * Add-drift         Match:   -2 (346+ 348- 306=)
 Yomi AI            vs Iocaine Powder      Match:  -35 (328+ 363- 309=)
 Yomi AI            vs Phasenbott          Match:   -2 (353+ 355- 292=)
 Yomi AI            vs MegaHAL             Match:  -25 (351+ 376- 273=)
 Yomi AI            vs RussRocker4         Match:   -4 (359+ 363- 278=)
 Yomi AI            vs Biopic              Match:   16 (353+ 337- 310=)
 Yomi AI            vs Simple Modeller     Match:   -4 (328+ 332- 340=)
 Yomi AI            vs Simple Predictor    Match:   20 (366+ 346- 288=)
 Yomi AI            vs Robertot            Match:    4 (364+ 360- 276=)
 Yomi AI            vs Boom                Match:   28 (356+ 328- 316=)
 Yomi AI            vs Shofar              Match:  -14 (325+ 339- 336=)
 Yomi AI            vs ACT-R Lag2          Match:   30 (354+ 324- 322=)
 Yomi AI            vs Majikthise          Match:  -18 (321+ 339- 340=)
 Yomi AI            vs Vroomfondel         Match:  -20 (328+ 348- 324=)
 Yomi AI            vs Granite             Match:   67 (400+ 333- 267=)
 Yomi AI            vs Marble              Match:   33 (388+ 355- 257=)
 Yomi AI            vs ZQ Bot              Match:   36 (384+ 348- 268=)
 Yomi AI            vs Sweet Rocky         Match:   61 (376+ 315- 309=)
 Yomi AI            vs Piedra              Match:   54 (390+ 336- 274=)
 Yomi AI            vs Mixed Strategy      Match:  162 (465+ 303- 232=)
 Yomi AI            vs Multi-strategy      Match:  231 (480+ 249- 271=)
 Yomi AI            vs Inocencio           Match:  195 (490+ 295- 215=)
 Yomi AI            vs Peterbot            Match:   61 (372+ 311- 317=)
 Yomi AI            vs Bugbrain            Match:   26 (355+ 329- 316=)
 Yomi AI            vs Knucklehead         Match:  548 (701+ 153- 146=)
 Final results (draw value = 50):

 Tournament results: 

    Player Name          total     1    2    3    4    5    6    7    8    9   10   11   12   13   14   15   16   17   18   19   20   21   22   23   24   25   26   27   28   29   30   31   32   33   34   35   36   37   38   39   40   41   42
  1 Iocaine Powder       10871     0   23   38   81   21   17  518   28  182   35    4  227  245   46   34   62   96  304   57   57   53   75  178  221   -7  -14   95  230  380  217  313  109   33  527  862  230  400  945  990  988 1000  971
  2 Phasenbott           10272   -23    0   83   52   34   75  527   35  115    2   12  224  238   58   22   79   67  287   46    9   15   25  290  194   35  -23  129   28  395   52  374   89  110  379  998  224  137  938  981  993  995  972
  3 MegaHAL               9662   -38  -83    0  -12   38   23   71   14   68   25  -26  237  280    8  -14    4   16  260   57  -21  -36  121  266  166   -5    2  162   34   28  112  297  189  318  428  962  424  369  944  988  993  998  995
  4 Simple Modeller       8707   -81  -52   12    0  -38  -13   49   35  306    4    6   48  134   12   62   -2  -14  263   47  -40  -39  145  206  790  -75    5  230  236  -23   95  110  146  268  246  322  400  343  588  994  994  997  991
  5 Biopic                8456   -21  -34  -38   38    0   27  -27   -8   49  -16    0  134  120   89  -30   28   42  125   56    4  -29   81  250  176  -42   13   18   57  387  152   60  141  209  467  704  302  439  550  994  993  998  998
  6 Robertot              7919   -17  -75  -23   13  -27    0  -25   30    8   -4    5   53   14   56   18   43    9   49   38  -16   14   26  204   36    7  -59   52   75   33   76   44  190  105  387  968  466  394  830  938  995  996  993
  7 RussRocker4           7746  -518 -527  -71  -49   27   25    0   19  121    4   20  180  123   33   38   47   -3  141   83   17   31  127  218  122  -25    3   81  112  158  112  344   80  108  502  926  240  313  605  994  991  998  996
  8 Boom                  7444   -28  -35  -14  -35    8  -30  -19    0  -21  -28   14   79   66   36  -45   45  -36   58   42  -46  -33   52  208  369    1   -4   24    3   -1   36   91  137  164  455  474  373  380  753  970  990  997  994
  9 Simple Predictor      7158  -182 -115  -68 -306  -49   -8 -121   21    0  -20   -4   10   57   47   32   18  -23  204   53  -45   -6   80  191  389  -79   19  267  291  -24  102  114  154  204  281  331  428  363  588  986  986  996  996
 10 Yomi AI               6936   -35   -2  -25   -4   16    4   -4   28   20    0  -14   67   33   61   26   54   30   36   66  -18  -20  162  231  195  -60  -27   -2   60  442  172   72  144  138  548   61  230  375  593  291  995  998  999
 11 Shofar                6691    -4  -12   26   -6    0   -5  -20  -14    4   14    0   47   29   46  -10   63   18   50   32    6  -29   57   84   26  -28    0   14   50  -11   53   57  110  174  132  758  399  302  556  878  927  968  950
 12 Granite               6601  -227 -224 -237  -48 -134  -53 -180  -79  -10  -67  -47    0   60   66  -89   24 -160   34   69  -60  -43   27  344  641 -104  -38   35   67   50  150   96  183  182  345  896  173  385  594  994  992  999  995
 13 Marble                6504  -245 -238 -280 -134 -120  -14 -123  -66  -57  -33  -29  -60    0   41  -69   25 -124  -11   44  -25  -16  -16  365  647  -88  -34  -15   97   28  182   90  177  145  332  910  246  407  591  989  991  998  996
 14 Sweet Rocky           6458   -46  -58   -8  -12  -89  -56  -33  -36  -47  -61  -46  -66  -41    0  -68   21  -39  -78   39  -78  -38   32   93  -35  -40  -50   85  105   14  127  293  157  155  141  995  287  374  596  992  988  997  992
 15 Bugbrain              6156   -34  -22   14  -62   30  -18  -38   45  -32  -26   10   89   69   68    0   45  -16  192   44  -10   11   58   88   75  -41   28   88   16  -32   23   83   99   57  183  321  230  240  422  943  985  970  961
 16 Piedra                5865   -62  -79   -4    2  -28  -43  -47  -45  -18  -54  -63  -24  -25  -21  -45    0  -42  -58   29  -18  -20   19  126  -33  -28  -34   86   18  -24  187  279  180  154  196  312  150  369  587  993  998  998  997
 17 ACT-R Lag2            5669   -96  -67  -16   14  -42   -9    3   36   23  -30  -18  160  124   39   16   42    0  159    6  -60  -34   56  165  128  -79  -33  -18   -6  -55  108   35   79  173  480  248  223  346  585    3  996  998  987
 18 ZQ Bot                5391  -304 -287 -260 -263 -125  -49 -141  -58 -204  -36  -50  -34   11   78 -192   58 -159    0   49  -26  -37  -17  242  -23  -57   -1   58   52   -9  185  376  154  118  212  922  257  387  589  991  987  998  999
 19 * Anti-rotn           5363   -57  -46  -57  -47  -56  -38  -83  -42  -53  -66  -32  -69  -44  -39  -44  -29   -6  -49    0   16  -17   -7  230  628  -33  -42   -5   41  -43  206   56   56  306   14   30  496  197  597  500  999  998  997
 20 Majikthise            5083   -57   -9   21   40   -4   16  -17   46   45   18   -6   60   25   78   10   18   60   26  -16    0   39  131   99   53   48   27   11   43  -13   93   17   32   66  198   17  207  172  476   39  995  991  988
 21 Vroomfondel           4926   -53  -15   36   39   29  -14  -31   33    6   20   29   43   16   38  -11   20   34   37   17  -39    0   31  222   65  -28   40   -4    3   44  102  -42   32  151  239    4  230  125  465   34  989  998  992
 22 Mixed Strategy        4373   -75  -25 -121 -145  -81  -26 -127  -52  -80 -162  -57  -27   16  -32  -58  -19  -56   17    7 -131  -31    0    0  -12  -94  -27  -53   31   41  -14    0  177  116  340  280   56  318  539  960  991  996  993
 23 Multi-strategy        2277  -178 -290 -266 -206 -250 -204 -218 -208 -191 -231  -84 -344 -365  -93  -88 -126 -165 -242 -230  -99 -222    0    0 -125  -50  -20  -37  239  -17  188   55  123  326   76  -41  504  366  999  997  997  999  998
 24 Inocencio             1406  -221 -194 -166 -790 -176  -36 -122 -369 -389 -195  -26 -641 -647   35  -75   33 -128   23 -628  -53  -65   12  125    0  -39  -15    0   59  295  118   85  156  126  208  118  299  407  358  977  978  984  985
 25 * De Bruijn            951     7  -35    5   75   42   -7   25   -1   79   60   28  104   88   40   41   28   79   57   33  -48   28   94   50   39    0   -1  -54   -9  -13   37   27   23  -10  -16  -15   49  -13  128   -1   21    0 -113
 26 * Pi                   165    14   23   -2   -5  -13   59   -3    4  -19   27    0   38   34   50  -28   34   33    1   42  -27  -40   27   20   15    1    0    1   17  -35   10  -26  -81    7   15   28  -29  -45   30   22  -11  -11  -12
 27 * Add-drift          -1159   -95 -129 -162 -230  -18  -52  -81  -24 -267    2  -14  -35   15  -85  -88  -86   18  -58    5  -11    4   53   37    0   54   -1    0  -18    9   15   82  -41    1    7  -46   20   55   33    2    5  -19  -16
 28 * Copy-drift         -1852  -230  -28  -34 -236  -57  -75 -112   -3 -291  -60  -50  -67  -97 -105  -16  -18    6  -52  -41  -43   -3  -31 -239  -59    9  -17   18    0    4    7  -17   54   36   23   -2   42   31  -23  -75  -35   -4   38
 29 * Foxtrot            -2144  -380 -395  -28   23 -387  -33 -158    1   24 -442   11  -50  -28  -14   32   24   55    9   43   13  -44  -41   17 -295   13   35   -9   -4    0   22  -30  -17    0   37  -51   31  -39   -2  -17  -46  -20   -4
 30 * Flat               -3095  -217  -52 -112  -95 -152  -76 -112  -36 -102 -172  -53 -150 -182 -127  -23 -187 -108 -185 -206  -93 -102   14 -188 -118  -37  -10  -15   -7  -22    0   28  -10   31    9 -144  -39   -8  230  211  -38    1 -441
 31 * Add-react          -3291  -313 -374 -297 -110  -60  -44 -344  -91 -114  -72  -57  -96  -90 -293  -83 -279  -35 -376  -56  -17   42    0  -55  -85  -27   26  -82   17   30  -28    0   56  -10    0  -56    7  -21    9   83  -21   10   15
 32 * Text               -3374  -109  -89 -189 -146 -141 -190  -80 -137 -154 -144 -110 -183 -177 -157  -99 -180  -79 -154  -56  -32  -32 -177 -123 -156  -23   81   41  -54   17   10  -56    0    8    7   24   25  -18 -185  -74  -11 -185  113
 33 * Switch A Lot       -3665   -33 -110 -318 -268 -209 -105 -108 -164 -204 -138 -174 -182 -145 -155  -57 -154 -173 -118 -306  -66 -151 -116 -326 -126   10   -7   -1  -36    0  -31   10   -8    0   -6 -133    3   -7   38  356   35   27   -9
 34 Knucklehead          -4032  -527 -379 -428 -246 -467 -387 -502 -455 -281 -548 -132 -345 -332 -141 -183 -196 -480 -212  -14 -198 -239 -340  -76 -208   16  -15   -7  -23  -37   -9    0   -7    6    0   -3   -1   23  172  773  448  950  998
 35 Peterbot             -6896  -862 -998 -962 -322 -704 -968 -926 -474 -331  -61 -758 -896 -910 -995 -321 -312 -248 -922  -30  -17   -4 -280   41 -118   15  -28   46    2   51  144   56  -24  133    3    0  285  391  436  982  997 1000  993
 36 Always Switchin'     -7019  -230 -224 -424 -400 -302 -466 -240 -373 -428 -230 -399 -173 -246 -287 -230 -150 -223 -257 -496 -207 -230  -56 -504 -299  -49   29  -20  -42  -31   39   -7  -25   -3    1 -285    0   -4   -6  507    8   18  -75
 37 R-P-S 20-20-60       -9099  -400 -137 -369 -343 -439 -394 -313 -380 -363 -375 -302 -385 -407 -374 -240 -369 -346 -387 -197 -172 -125 -318 -366 -407   13   45  -55  -31   39    8   21   18    7  -23 -391    4    0 -396 -128   -5 -394   77
 38 Beat Frequent Pick  -14353  -945 -938 -944 -588 -550 -830 -605 -753 -588 -593 -556 -594 -591 -596 -422 -587 -585 -589 -597 -476 -465 -539 -999 -358 -128  -30  -33   23    2 -230   -9  185  -38 -172 -436    6  396    0 -600    0  999 1000
 39 Beat The Last Move  -19456  -990 -981 -988 -994 -994 -938 -994 -970 -986 -291 -878 -994 -989 -992 -943 -993   -3 -991 -500  -39  -34 -960 -997 -977    1  -22   -2   75   17 -211  -83   74 -356 -773 -982 -507  128  600    0    1 1000 1000
 40 Rotate R-P-S        -25763  -988 -993 -993 -994 -993 -995 -991 -990 -986 -995 -927 -992 -991 -988 -985 -998 -996 -987 -999 -995 -989 -991 -997 -978  -21   11   -5   35   46   38   21   11  -35 -448 -997   -8    5    0   -1    0    0 -684
 41 Good Ole Rock       -26238  -1000 -995 -998 -997 -998 -996 -998 -997 -996 -998 -968 -999 -998 -997 -970 -998 -998 -998 -998 -991 -998 -996 -999 -984    0   11   19    4   20   -1  -10  185  -27 -950 -1000  -18  394 -999 -1000    0    0  999
 42 * Anti-Flat         -27614  -971 -972 -995 -991 -998 -993 -996 -994 -996 -999 -950 -995 -996 -992 -961 -997 -987 -999 -997 -988 -992 -993 -998 -985  113   12   16  -38    4  441  -15 -113    9 -998 -993   75  -77 -1000 -1000  684 -999    0

 Match results (draw <= 50): 

    Player Name           total  W  L  D   1  2  3  4  5  6  7  8  9 10 11 12 13 14 15 16 17 18 19 20 21 22 23 24 25 26 27 28 29 30 31 32 33 34 35 36 37 38 39 40 41 42
  1 Iocaine Powder          70  29  0 12   1  1  1  1  1  2  2  1  1  1  2  1  2  2  2  2  1  1  2  2  2  2  2  1  2  2  2  2  2  2  2  2  2  2  1  2  2  2  2  2  2  2
  2 Phasenbott              69  28  0 13   1  1  1  2  1  2  2  1  1  1  2  2  1  2  1  2  2  1  2  2  1  2  2  1  1  2  2  2  2  1  2  2  2  2  2  2  2  2  2  2  2  2
  3 Biopic                  64  23  0 18   1  1  1  1  1  1  1  1  1  1  1  1  1  1  1  1  2  1  2  2  2  2  2  1  2  2  1  2  2  2  2  2  2  2  2  2  2  2  2  2  2  2
  4 MegaHAL                 63  23  1 17   1  0  1  1  1  2  1  1  1  1  2  1  1  1  1  1  1  1  2  2  2  2  2  1  2  1  2  2  2  1  2  2  2  2  2  2  2  2  2  2  2  2
  5 Yomi AI                 62  22  1 18   1  1  1  1  1  1  1  1  1  1  1  1  1  1  1  2  2  0  2  1  2  1  2  1  2  2  1  2  2  2  2  2  2  2  2  2  2  2  2  2  2  2
  6 RussRocker4             62  24  3 14   0  0  1  0  1  1  1  1  1  1  2  1  1  1  1  1  1  1  2  2  2  2  2  1  2  2  2  2  2  2  2  2  2  2  2  2  2  2  2  2  2  2
  7 Simple Modeller         60  22  3 16   0  0  1  1  1  1  1  2  1  1  2  1  1  1  1  1  1  0  1  2  1  2  2  1  2  1  2  2  2  2  2  2  2  2  2  2  2  2  2  2  2  2
  8 Bugbrain                60  20  1 20   1  1  1  1  1  1  0  1  1  1  1  1  1  1  1  1  2  1  2  2  1  2  2  1  2  1  2  2  2  1  2  2  2  1  2  2  2  2  2  2  2  2
  9 Boom                    59  18  0 23   1  1  1  1  1  1  1  1  1  1  1  1  1  1  1  1  1  1  2  2  1  2  2  1  2  1  1  2  2  1  2  2  2  1  2  2  2  2  2  2  2  2
 10 Shofar                  57  16  0 25   1  1  1  1  1  1  1  1  1  1  1  1  1  1  1  2  1  1  1  1  1  1  1  1  2  1  1  2  2  1  2  2  2  2  2  2  2  2  2  2  2  2
 11 Simple Predictor        56  21  6 14   0  0  1  0  1  0  0  1  1  1  1  1  1  1  1  1  1  0  1  2  2  2  2  1  2  1  2  2  2  2  2  2  2  2  2  2  2  2  2  2  2  2
 12 Robertot                56  17  2 22   1  0  1  1  1  1  1  1  1  1  1  1  1  1  1  1  2  1  2  1  1  1  1  0  1  1  2  2  2  2  2  1  2  2  2  2  2  2  2  2  2  2
 13 Majikthise              55  15  1 25   0  1  1  1  1  1  1  1  1  1  1  1  1  2  1  1  2  1  2  1  1  1  2  1  2  1  1  2  1  1  2  1  1  2  2  2  2  1  2  2  2  2
 14 ACT-R Lag2              53  17  5 19   0  0  1  1  1  1  1  1  1  1  1  1  0  1  1  1  1  0  2  2  1  2  2  1  2  0  1  2  2  1  2  1  1  2  2  2  2  2  2  2  2  2
 15 Vroomfondel             51  11  1 29   0  1  1  1  1  1  1  1  1  1  1  1  1  1  1  1  1  1  1  1  1  1  2  1  1  1  1  2  1  1  2  1  1  2  2  2  2  1  2  2  2  2
 16 Piedra                  51  15  5 21   0  0  1  1  0  1  1  1  1  0  1  1  1  1  1  1  1  1  1  0  1  1  1  1  1  1  2  2  2  1  2  2  2  2  2  2  2  2  2  2  2  2
 17 Sweet Rocky             49  16  8 17   1  0  0  1  0  1  1  0  1  1  1  0  0  1  1  1  1  1  0  0  1  1  1  1  1  1  2  2  2  2  2  2  2  2  2  2  2  2  2  2  2  2
 18 * De Bruijn             48   9  2 30   1  1  1  1  2  1  2  1  1  1  2  1  1  2  1  1  1  1  2  2  1  2  1  1  2  1  0  1  1  1  1  1  1  1  1  1  1  1  2  0  1  1
 19 Granite                 48  19 12 10   0  0  0  0  0  0  1  0  0  1  1  0  0  0  1  1  2  0  1  1  2  2  2  1  1  1  1  2  2  2  2  2  2  2  2  2  2  2  2  2  2  2
 20 ZQ Bot                  48  18 11 12   0  0  0  0  1  0  0  0  0  1  0  1  1  0  1  2  2  0  1  1  1  1  1  1  1  1  2  2  2  2  2  2  2  2  2  2  2  2  2  2  2  2
 21 * Anti-rotn             47  13  7 21   0  1  0  0  0  0  1  1  1  1  0  1  1  1  1  1  1  1  0  1  1  1  2  1  1  1  1  2  1  1  1  2  2  2  2  2  2  2  2  2  2  2
 22 Marble                  45  16 12 13   0  0  0  0  1  0  0  0  0  1  0  1  1  0  1  1  1  0  0  1  1  1  2  1  1  1  1  2  2  2  2  2  2  2  2  2  2  2  2  2  2  2
 23 Inocencio               41  16 16  9   0  0  0  0  0  0  0  0  0  1  0  1  0  0  0  1  1  1  0  1  0  0  1  1  1  2  1  2  2  2  2  2  2  2  2  2  2  2  2  2  2  2
 24 * Pi                    41   1  1 39   1  1  1  1  1  1  1  1  1  1  1  2  1  1  1  1  1  1  1  1  1  1  1  1  1  1  1  1  1  1  1  1  1  1  1  1  1  0  1  1  1  1
 25 Mixed Strategy          38  11 14 16   0  1  0  0  0  0  0  0  0  0  0  1  0  0  1  1  1  0  1  1  1  1  1  1  1  1  0  1  2  1  2  1  2  1  2  2  2  2  2  2  2  2
 26 * Foxtrot               35   1  7 33   0  0  0  1  0  0  1  1  1  1  1  1  1  2  1  1  1  1  1  1  1  1  0  1  1  1  1  1  0  1  1  1  1  1  1  1  1  1  1  1  1  1
 27 * Add-drift             34   4 11 26   0  0  1  0  1  0  0  0  1  1  0  0  1  1  1  0  0  2  1  0  1  1  1  1  2  1  1  1  1  1  1  2  1  1  1  1  1  1  1  1  1  2
 28 Multi-strategy          32  13 22  6   0  0  0  0  0  0  0  0  0  0  0  0  0  0  0  0  0  1  0  0  0  0  0  1  1  1  1  1  1  2  2  2  2  2  2  2  2  2  2  2  2  2
 29 Peterbot                32  11 20 10   0  0  0  0  0  0  0  0  0  0  0  0  1  0  1  0  0  1  0  0  1  0  0  1  0  2  1  1  1  1  1  2  2  2  2  2  2  1  2  2  2  2
 30 * Copy-drift            28   1 14 26   0  1  0  1  0  0  0  1  1  1  0  0  1  1  1  1  0  1  0  0  1  0  0  1  1  1  1  0  1  1  1  1  0  1  1  1  1  2  1  1  1  1
 31 Knucklehead             23   5 23 13   0  0  0  0  0  0  0  0  0  0  0  0  0  0  0  0  0  1  0  0  1  0  0  1  0  1  1  0  1  1  1  1  2  1  1  1  2  1  2  2  2  1
 32 * Add-react             22   2 21 18   0  0  0  0  0  0  0  0  0  0  0  1  1  1  1  0  0  1  0  0  0  0  0  1  1  1  0  0  0  1  1  1  2  1  1  1  1  2  1  1  1  1
 33 Beat The Last Move      20   6 27  8   0  0  0  0  0  0  0  0  0  0  0  0  1  1  1  0  0  1  0  0  0  0  0  1  0  1  1  0  0  2  0  0  1  0  0  0  2  2  2  2  1  2
 34 * Flat                  20   2 23 16   0  0  0  0  0  0  0  1  1  0  0  0  0  0  0  0  0  1  0  0  0  0  0  1  1  1  1  0  0  1  1  1  2  1  1  1  1  1  2  0  1  1
 35 * Switch A Lot          18   1 24 16   1  0  0  0  0  0  0  0  0  0  0  0  0  0  0  0  0  1  0  0  0  0  0  1  0  1  1  0  0  1  1  1  2  1  1  1  1  1  1  1  1  1
 36 Always Switchin'        16   1 26 14   0  0  0  0  0  0  0  0  0  0  0  0  0  0  0  0  0  1  0  0  0  0  0  1  0  1  1  0  0  1  1  1  2  1  1  1  1  1  1  0  1  1
 37 Good Ole Rock           16   3 28 10   0  0  0  0  0  0  0  0  0  0  0  0  0  0  0  0  0  1  0  0  0  0  0  1  0  1  1  0  0  1  0  1  0  1  1  1  1  2  0  2  1  2
 38 * Text                  16   2 27 12   0  0  0  0  0  0  0  0  0  0  0  0  1  0  1  0  0  1  0  0  0  0  0  2  0  1  1  0  1  0  1  0  0  1  1  1  0  1  0  2  1  1
 39 Beat Frequent Pick      16   4 29  8   0  0  0  0  0  0  0  0  0  0  0  0  0  0  0  0  0  0  0  0  0  0  0  1  0  1  1  0  0  1  0  1  0  0  1  1  2  2  1  2  1  2
 40 * Anti-Flat             14   4 31  6   0  0  0  0  0  0  0  0  0  0  0  0  0  0  0  0  0  2  0  0  0  0  0  1  0  1  1  0  0  1  0  1  0  2  1  2  0  0  0  1  2  0
 41 Rotate R-P-S            14   0 27 14   0  0  0  0  0  0  0  0  0  0  0  0  0  0  0  0  0  1  0  0  0  0  0  1  0  1  1  0  0  1  0  1  1  1  1  1  1  1  1  0  1  1
 42 R-P-S 20-20-60          13   1 29 11   0  0  0  0  0  0  0  0  0  0  0  0  0  0  0  0  0  1  0  0  0  0  0  1  0  1  0  0  0  1  1  1  0  1  1  1  0  1  0  2  1  1


   Yomi AI is match ranked 5

 Tournament results:
    Player Name          total 
  1 Yomi AI               6936 
 19 Iocaine Powder       10871 
 20 Phasenbott           10272 
 21 MegaHAL               9662 
 22 RussRocker4           7746 
 23 Biopic                8456 
 24 Simple Modeller       8707 
 25 Simple Predictor      7158 
 26 Robertot              7919 
 27 Boom                  7444 

   Yomi is tournament ranked 10

