 Playing 1 tournaments with 1000 trials per match...

 Yomi AI            vs Good Ole Rock       Match:  -19 (317+ 336- 347=)
 Yomi AI            vs R-P-S 20-20-60      Match:   34 (341+ 307- 352=)
 Yomi AI            vs Rotate R-P-S        Match:   57 (353+ 296- 351=)
 Yomi AI            vs Beat The Last Move  Match:   12 (336+ 324- 340=)
 Yomi AI            vs Always Switchin'    Match:   22 (336+ 314- 350=)
 Yomi AI            vs Beat Frequent Pick  Match:   -3 (344+ 347- 309=)
 Yomi AI            vs * Pi                Match:   35 (360+ 325- 315=)
 Yomi AI            vs * Switch A Lot      Match:   23 (335+ 312- 353=)
 Yomi AI            vs * Flat              Match:   31 (343+ 312- 345=)
 Yomi AI            vs * Anti-Flat         Match:    9 (339+ 330- 331=)
 Yomi AI            vs * Foxtrot           Match:   30 (337+ 307- 356=)
 Yomi AI            vs * De Bruijn         Match:  -18 (315+ 333- 352=)
 Yomi AI            vs * Text              Match:  -58 (311+ 369- 320=)
 Yomi AI            vs * Anti-rotn         Match:  -33 (326+ 359- 315=)
 Yomi AI            vs * Copy-drift        Match:   25 (360+ 335- 305=)
 Yomi AI            vs * Add-react         Match:   38 (342+ 304- 354=)
 Yomi AI            vs * Add-drift         Match:   15 (343+ 328- 329=)
 Yomi AI            vs Iocaine Powder      Match:  -10 (337+ 347- 316=)
 Yomi AI            vs Phasenbott          Match:  -44 (317+ 361- 322=)
 Yomi AI            vs MegaHAL             Match:    4 (325+ 321- 354=)
 Yomi AI            vs RussRocker4         Match:  -46 (305+ 351- 344=)
 Yomi AI            vs Biopic              Match:   34 (354+ 320- 326=)
 Yomi AI            vs Simple Modeller     Match:    1 (350+ 349- 301=)
 Yomi AI            vs Simple Predictor    Match:  -38 (309+ 347- 344=)
 Yomi AI            vs Robertot            Match:  -16 (324+ 340- 336=)
 Yomi AI            vs Boom                Match:   32 (342+ 310- 348=)
 Yomi AI            vs Shofar              Match:   16 (349+ 333- 318=)
 Yomi AI            vs ACT-R Lag2          Match:   -1 (328+ 329- 343=)
 Yomi AI            vs Majikthise          Match:  -35 (311+ 346- 343=)
 Yomi AI            vs Vroomfondel         Match:   13 (344+ 331- 325=)
 Yomi AI            vs Granite             Match:  -18 (314+ 332- 354=)
 Yomi AI            vs Marble              Match:   12 (350+ 338- 312=)
 Yomi AI            vs ZQ Bot              Match:  -10 (326+ 336- 338=)
 Yomi AI            vs Sweet Rocky         Match:    1 (331+ 330- 339=)
 Yomi AI            vs Piedra              Match:   54 (364+ 310- 326=)
 Yomi AI            vs Mixed Strategy      Match:   -9 (335+ 344- 321=)
 Yomi AI            vs Multi-strategy      Match:  -14 (329+ 343- 328=)
 Yomi AI            vs Inocencio           Match:  -63 (300+ 363- 337=)
 Yomi AI            vs Peterbot            Match:   17 (351+ 334- 315=)
 Yomi AI            vs Bugbrain            Match:   36 (343+ 307- 350=)
 Yomi AI            vs Knucklehead         Match:  -19 (328+ 347- 325=)
 Final results (draw value = 50):

 Tournament results: 

    Player Name          total     1    2    3    4    5    6    7    8    9   10   11   12   13   14   15   16   17   18   19   20   21   22   23   24   25   26   27   28   29   30   31   32   33   34   35   36   37   38   39   40   41   42
  1 Iocaine Powder       11083     0   19   45   64   29  500  143   37   61   62  213   46  102   17  215  -10   70  305  116   46   10  362  219   14   10  -31  331  221  241  558  244  288  104   77  157  884  385  969  986  991  990  993
  2 Phasenbott           10163   -19    0   40   18   24  527  100   47    6   79  220   12   14   -7  221   13   68  278   43   19   52  232  203   35   44  -27  407  107  157  423   25  368   88   50  249  998  151  957  982  995  994  970
  3 MegaHAL               9655   -45  -40    0  -33   62  105   36  -13   27   29  268   23  -10  -20  235  -25   43  286   70   -5   43  227  220   22   -4   29   42  163   34  352  134  283  189  273  419  887  430  944  986  998  995  996
  4 Simple Modeller       8859   -64  -18   33    0    1   -8  250   35   21   58  110    0   32   38   76   75   59  282   59    3  -10  167  588  -57   -1   18   -8  274  196  222  122   96  119  146  421  587  365  595  989  997  995  996
  5 Biopic                8509   -29  -24  -62   -1    0   11   44    5   19   12  112   38   34  -18  133   19   48   84   22   -4  -25  249  203   -4  -34    8  382   -5   74  462  208   81  143  205  292  716  409  721  997 1000  996  988
  6 RussRocker4           8115  -500 -527 -105    8  -11    0   54   25   21   45  162   58   29   -6  202   -6   44  195   47   22    8  266  365  -73   46   -8  184  155  165  495  109  351   43  208  216  906  322  616  994 1000  995  995
  7 Simple Predictor      7932  -143 -100  -36 -250  -44  -54    0  -59   20   39   13   12  -57  -12   40   56   34  168   78 -110  -24  179  551  -73   38   19   -5  241  254  243  106  134  166  216  409  906  418  592  985  996  990  996
  8 Robertot              7820   -37  -47   13  -35   -5  -25   59    0  -15   41   32   33    5  -15  111  -16   40   66   16  -42  -27  265   92   17   16    6    9   77   74  377   43   92  185  124  439  626  376  874  988  998  995  995
  9 Boom                  7093   -61   -6  -27  -21  -19  -21  -20   15    0   20   70   39  -27  -42    5   -2   53  -15   23    5  -38  169   25    9  -32   17  -30   29  116  480   39   64  117  141  439  452  397  753  991  997  989 1000
 10 Piedra                7019   -62  -79  -29  -58  -12  -45  -39  -41  -20    0  -77    0  -64  -30  -12  -33   38  -68   18  -23  -42  121  789  -66  -54   13  -16   70   43  245  168  375  167  181  364  314  423  592  991  996  990  991
 11 Marble                6641  -213 -220 -268 -110 -112 -162  -13  -32  -70   77    0   16 -105  -11    0  -98   39   52    7  -37  -14  186  649  -83  -12    1   55   73   14  314  175  109  179  140  250  921  373  591  990  999  995  996
 12 Sweet Rocky           6591   -46  -12  -23    0  -38  -58  -12  -33  -39    0  -16    0  -43  -30  -57  -56   45  -43    5  -29  -33   37  507  -37   -1  -33   12   71   25  122  151  300  175  122  225  474  398  593  990  997  984  997
 13 ACT-R Lag2            6424  -102  -14   10  -32  -34  -29   57   -5   27   64  105   43    0  -10  132   42    4   95   26   -7   33  261  459  -48    1   14  -19   14   35  531  112   48   69  111  200  237  324  584   99  995  994  998
 14 Shofar                6226   -17    7   20  -38   18    6   12   15   42   30   11   30   10    0   59  -17   44   56   53    9  -14  146   18  -20  -16   15   18   60  107   76   42  -20  113  132  428  196  281  555  874  977  936  972
 15 Granite               6169  -215 -221 -235  -76 -133 -202  -40 -111   -5   12    0   57 -132  -59    0  -64   52   19   68  -37  -44  302   45  -78   18    1   56   24   68  302  219   88  179  163  269  926  384  591  992 1000  991  995
 16 Bugbrain              6009    10  -13   25  -75  -19    6  -56   16    2   33   98   56  -42   17   64    0   59  182   55   -6    7   78   -2   16  -36   -5   24   77   26  109   55   93   24  110  261  227  216  423  990  975  953  976
 17 * Anti-rotn           5787   -70  -68  -43  -59  -48  -44  -34  -40  -53  -38  -39  -45   -4  -44  -52  -59    0  -61  -35   48   42  254  476  -36   33  -41    6   11  -40   61  203   -9   60  352  488  500  133  598  500 1000  996  988
 18 ZQ Bot                5608  -305 -278 -286 -282  -84 -195 -168  -66   15   68  -52   43  -95  -56  -19 -182   61    0  -16  -21  -49  264   59  -30   10    2   27   13   20  318  174  293  155  133  250  906  417  596  989  994  990  995
 19 Mixed Strategy        5172  -116  -43  -70  -59  -22  -47  -78  -16  -23  -18   -7   -5  -26  -53  -68  -55   35   16    0  -12  -42   43   10  -68    9  -23   21   16   55  233   -1  -57  145  162  232  286  397  478  971  994  986  992
 20 Majikthise            4817   -46  -19    5   -3    4  -22  110   42   -5   23   37   29    7   -9   37    6  -48   21   12    0   30  150   96    5   35   46   21    0  -24  236   74   16   23   60  286  -42  183  462    1  994  989  995
 21 Vroomfondel           4784   -10  -52  -43   10   25   -8   24   27   38   42   14   33  -33   14   44   -7  -42   49   42  -30    0  150  109   -9  -13   28   49   44   27  221   71  -33   -5  115  260    8  154  485    8  991  994  993
 22 Multi-strategy        2782  -362 -232 -227 -167 -249 -266 -179 -265 -169 -121 -186  -37 -261 -146 -302  -78 -254 -264  -43 -150 -150    0  -92  -50   14  -20  -30  -19  222   22  162  -29  123  276  471  500  351  999  997  999  997  997
 23 Inocencio              743  -219 -203 -220 -588 -203 -365 -551  -92  -25 -789 -649 -507 -459  -18  -45    2 -476  -59  -10  -96 -109   92    0   -8   63  -18  316   36   97  205  173   96  165  112  265  156  408  356  966  984  986  974
 24 * De Bruijn            735   -14  -35  -22   57    4   73   73  -17   -9   66   83   37   48   20   78  -16   36   30   68   -5    9   50    8    0   18   -1   28   25   11  -20    9    0   23   13  -10  -12  -12  128   -1    0   21 -107
 25 Yomi AI                 97   -10  -44    4    1   34  -46  -38  -16   32   54   12    1   -1   16  -18   36  -33  -10   -9  -35   13  -14  -63  -18    0   35   30   15   25  -19   31   38  -58   23   22   17   34   -3   12  -19   57    9
 26 * Pi                   -79    31   27  -29  -18   -8    8  -19   -6  -17  -13   -1   33  -14  -15   -1    5   41   -2   23  -46  -28   20   18    1  -35    0  -12   -4   24  -13  -13  -33  -81   51    2   20    5   30   22  -11  -11  -10
 27 * Foxtrot            -1855  -331 -407  -42    8 -382 -184    5   -9   30   16  -55  -12   19  -18  -56  -24   -6  -27  -21  -21  -49   30 -316  -28  -30   12    0   17   -7   29  -11    5    1   12    9  -24   -3    1   -1   -4    2   17
 28 * Add-drift          -1962  -221 -107 -163 -274    5 -155 -241  -77  -29  -70  -73  -71  -14  -60  -24  -77  -11  -13  -16    0  -44   19  -36  -25  -15    4  -17    0    2    0  -34  -97   46  -35  -19    3   33  -10   25  -22  -22  -27
 29 * Copy-drift         -2055  -241 -157  -34 -196  -74 -165 -254  -74 -116  -43  -14  -25  -35 -107  -68  -26   40  -20  -55   24  -27 -222  -97  -11  -25  -24    7   -2    0  -57    6   18   18    8   63  -33  -34  -30   -5   -6   18   20
 30 Knucklehead          -2631  -558 -423 -352 -222 -462 -495 -243 -377 -480 -245 -314 -122 -531  -76 -302 -109  -61 -318 -233 -236 -221  -22 -205   20   19   13  -29    0   57    0    6   18  -20   22   40   20   85  172  994  845  740  974
 31 * Flat               -2913  -244  -25 -134 -122 -208 -109 -106  -43  -39 -168 -175 -151 -112  -42 -219  -55 -203 -174    1  -74  -71 -162 -173   -9  -31   13   11   34   -6   -6    0  -17    7   35   -3 -200    3  268  198   -1   11 -412
 32 * Add-react          -2949  -288 -368 -283  -96  -81 -351 -134  -92  -64 -375 -109 -300  -48   20  -88  -93    9 -293   57  -16   33   29  -96    0  -38   33   -5   97  -18  -18   17    0   34    0   -5  -48   14  -16  -20    2   64  -15
 33 * Text               -3065  -104  -88 -189 -119 -143  -43 -166 -185 -117 -167 -179 -175  -69 -113 -179  -24  -60 -155 -145  -23    5 -123 -165  -23   58   81   -1  -46  -18   20   -7  -34    0   31  -64   19  -12 -185  -74 -185  -11  112
 34 * Switch A Lot       -3479   -77  -50 -273 -146 -205 -208 -216 -124 -141 -181 -140 -122 -111 -132 -163 -110 -352 -133 -162  -60 -115 -276 -112  -13  -23  -51  -12   35   -8  -22  -35    0  -31    0  -14 -128   21   11  370  -13   47   -4
 35 Always Switchin'     -6982  -157 -249 -419 -421 -292 -216 -409 -439 -439 -364 -250 -225 -200 -428 -269 -261 -488 -250 -232 -286 -260 -471 -265   10  -22   -2   -9   19  -63  -40    3    5   64   14    0 -237   60    2  509   14   28  -47
 36 Peterbot             -7110  -884 -998 -887 -587 -716 -906 -906 -626 -452 -314 -921 -474 -237 -196 -926 -227 -500 -906 -286   42   -8 -500 -156   12  -17  -20   24   -3   33  -20  200   48  -19  128  237    0  456  442  963  998  999 1000
 37 R-P-S 20-20-60       -9206  -385 -151 -430 -365 -409 -322 -418 -376 -397 -423 -373 -398 -324 -281 -384 -216 -133 -417 -397 -183 -154 -351 -408   12  -34   -5    3  -33   34  -85   -3  -14   12  -21  -60 -456    0 -389 -128 -399    0   55
 38 Beat Frequent Pick  -13949  -969 -957 -944 -595 -721 -616 -592 -874 -753 -592 -591 -593 -584 -555 -591 -423 -598 -596 -478 -462 -485 -999 -356 -128    3  -30   -1   10   30 -172 -268   16  185  -11   -2 -442  389    0 -600  999    0  997
 39 Beat The Last Move  -19519  -986 -982 -986 -989 -997 -994 -985 -988 -991 -991 -990 -990  -99 -874 -992 -990 -500 -989 -971   -1   -8 -997 -966    1  -12  -22    1  -25    5 -994 -198   20   74 -370 -509 -963  128  600    0 1000    1 1000
 40 Good Ole Rock       -25067  -991 -995 -998 -997 -1000 -1000 -996 -998 -997 -996 -999 -997 -995 -977 -1000 -975 -1000 -994 -994 -994 -991 -999 -984    0   19   11    4   22    6 -845    1   -2  185   13  -14 -998  399 -999 -1000    0    0  998
 41 Rotate R-P-S        -25356  -990 -994 -995 -995 -996 -995 -990 -995 -989 -990 -995 -984 -994 -936 -991 -953 -996 -990 -986 -989 -994 -997 -986  -21  -57   11   -2   22  -18 -740  -11  -64   11  -47  -28 -999    0    0   -1    0    0 -692
 42 * Anti-Flat         -26656  -993 -970 -996 -996 -988 -995 -996 -995 -1000 -991 -996 -997 -998 -972 -995 -976 -988 -995 -992 -995 -993 -997 -974  107   -9   10  -17   27  -20 -974  412   15 -112    4   47 -1000  -55 -997 -1000 -998  692    0

 Match results (draw <= 50): 

    Player Name           total  W  L  D   1  2  3  4  5  6  7  8  9 10 11 12 13 14 15 16 17 18 19 20 21 22 23 24 25 26 27 28 29 30 31 32 33 34 35 36 37 38 39 40 41 42
  1 Iocaine Powder          70  29  0 12   1  1  2  1  1  1  2  2  1  1  2  2  1  1  1  2  2  2  1  2  2  2  2  1  1  2  2  2  2  2  2  2  2  2  2  2  2  2  2  2  2  2
  2 Phasenbott              65  24  0 17   1  1  1  1  1  1  2  1  1  1  1  2  1  1  2  2  2  2  1  2  2  1  2  1  1  2  2  2  2  2  2  2  1  2  2  2  1  2  2  2  2  2
  3 Simple Modeller         64  25  2 14   0  1  1  1  1  1  1  1  2  1  1  2  1  1  1  2  2  2  0  2  2  2  2  1  1  1  2  2  2  2  2  2  2  2  2  2  2  2  2  2  2  2
  4 MegaHAL                 63  22  0 19   1  1  1  1  2  1  2  1  1  1  1  1  1  1  1  2  2  1  1  1  2  2  2  1  1  1  2  2  2  1  2  2  2  2  2  2  2  2  2  2  2  2
  5 Biopic                  60  20  1 20   1  1  1  0  1  1  1  1  1  1  1  1  1  1  1  2  2  1  1  1  2  1  2  1  1  2  2  2  2  2  1  2  2  2  2  2  2  2  2  2  2  2
  6 Robertot                60  19  0 22   1  1  1  1  1  1  1  1  1  1  1  2  1  1  1  1  2  1  1  1  2  1  2  1  1  1  2  2  2  2  2  2  1  2  2  2  2  2  2  2  2  2
  7 RussRocker4             59  22  4 15   0  0  1  0  1  1  1  1  1  1  1  2  1  2  1  2  2  1  0  1  2  1  2  1  1  2  2  2  2  2  2  2  2  1  2  2  2  2  2  2  2  2
  8 ACT-R Lag2              59  19  1 21   0  1  1  1  1  1  1  1  1  1  1  2  1  1  1  2  2  2  1  1  2  1  2  1  1  1  2  2  1  1  1  2  2  2  2  2  2  2  2  2  2  2
  9 Bugbrain                59  20  2 19   1  1  0  1  1  1  1  1  1  1  1  0  1  2  1  2  2  1  1  2  2  2  1  1  1  1  2  2  2  1  2  2  2  1  2  2  2  2  2  2  2  2
 10 Shofar                  58  17  0 24   1  1  1  1  1  1  1  1  1  1  1  1  1  1  1  1  2  1  1  1  2  2  1  1  1  1  2  2  1  2  2  2  1  2  2  2  2  2  2  2  2  2
 11 Boom                    56  16  1 24   0  1  1  1  1  1  1  1  1  1  1  1  1  1  1  2  1  1  1  2  1  1  1  1  1  1  2  2  2  2  1  2  1  2  2  2  2  2  2  2  2  2
 12 Simple Predictor        53  20  8 13   0  0  0  1  1  0  0  0  2  1  1  1  0  1  1  1  1  1  0  1  2  2  2  1  1  1  2  2  2  2  2  2  2  2  2  2  2  2  2  2  2  2
 13 Majikthise              53  12  0 29   1  1  1  1  1  1  1  1  1  1  1  2  1  1  1  1  1  1  1  1  1  1  2  1  1  1  2  1  1  1  1  2  2  1  1  2  2  2  2  2  2  2
 14 Sweet Rocky             53  15  3 23   1  1  1  1  1  1  0  1  0  1  1  1  1  1  1  1  0  1  1  1  1  1  2  1  1  1  1  2  2  1  2  2  2  2  2  2  2  2  2  2  2  2
 15 Vroomfondel             51  11  1 29   1  0  1  1  1  1  1  1  1  1  1  1  1  1  1  1  1  1  1  1  1  1  2  1  1  1  2  1  1  1  1  2  2  1  1  2  2  2  2  2  2  2
 16 Marble                  50  19 10 12   0  0  0  0  0  1  0  0  0  1  0  1  1  1  1  1  1  2  0  1  2  1  2  1  1  2  2  2  2  1  2  2  2  2  2  2  2  2  2  2  2  2
 17 Granite                 49  19 11 11   0  0  0  0  0  0  0  0  0  0  1  1  1  2  1  1  1  1  0  2  1  2  1  1  1  2  2  2  2  2  1  2  2  2  2  2  2  2  2  2  2  2
 18 Piedra                  49  16  8 17   0  0  0  1  1  1  1  0  1  1  1  1  1  1  1  0  1  1  0  1  0  1  2  1  0  1  2  2  2  1  2  2  2  2  2  2  2  2  2  2  2  2
 19 * De Bruijn             48   8  1 32   1  1  2  1  1  1  2  1  1  1  1  2  1  1  1  2  2  2  1  1  1  2  1  1  1  1  1  1  1  1  1  1  1  1  1  1  1  1  2  0  1  1
 20 * Anti-rotn             48  14  7 20   0  0  0  1  1  1  1  1  0  1  0  1  1  1  1  1  0  1  1  1  0  1  2  1  1  1  2  2  1  1  1  2  2  2  2  2  2  2  2  2  2  2
 21 ZQ Bot                  46  17 12 12   0  0  0  0  0  0  0  0  0  0  1  0  1  1  1  0  1  2  1  2  1  1  2  1  1  1  2  2  2  1  1  2  2  2  2  2  2  2  2  2  2  2
 22 Mixed Strategy          44  12  9 20   0  1  0  0  1  1  1  1  0  0  1  0  1  1  1  1  0  1  0  1  1  1  1  1  1  1  1  2  0  2  1  2  1  2  2  2  2  2  2  2  2  2
 23 Inocencio               42  17 16  8   0  0  0  0  0  0  0  0  1  1  1  0  0  0  0  0  1  0  1  0  0  1  1  1  2  2  2  2  2  2  1  2  2  2  2  2  2  2  2  2  2  2
 24 * Pi                    41   1  1 39   1  1  1  1  1  1  1  1  1  1  1  1  1  1  1  1  1  1  1  1  1  1  1  1  1  1  1  1  1  1  1  1  1  0  1  1  2  1  1  1  1  1
 25 Yomi AI                 41   2  2 37   1  1  1  1  1  1  1  1  1  1  1  1  1  1  1  1  1  2  1  1  1  1  0  1  1  1  1  1  1  1  1  1  1  0  1  1  1  1  1  1  2  1
 26 * Foxtrot               34   0  7 34   0  0  1  1  0  1  0  1  1  1  1  1  1  1  1  0  0  1  1  1  1  1  0  1  1  1  1  1  1  1  1  1  1  1  1  1  1  1  1  1  1  1
 27 Multi-strategy          33  12 20  9   0  0  0  0  0  0  0  0  0  0  0  0  0  1  0  0  0  0  1  0  0  1  0  1  1  1  1  2  1  2  1  1  2  2  2  2  2  2  2  2  2  2
 28 Peterbot                29   9 21 11   0  0  0  0  0  0  0  0  0  0  0  0  1  0  1  0  0  0  1  0  0  0  0  1  1  1  0  1  1  1  1  1  2  1  2  2  2  2  2  2  2  2
 29 * Add-react             28   3 16 22   0  0  0  0  0  0  0  1  0  1  0  0  1  0  1  0  0  0  1  1  0  2  0  1  1  1  1  1  1  1  2  1  1  1  1  1  1  1  1  1  2  1
 30 * Copy-drift            28   1 14 26   0  0  0  1  0  0  0  1  1  0  0  0  1  1  1  1  0  1  1  1  1  0  0  1  1  1  0  1  1  1  1  0  1  1  1  2  1  1  1  1  1  1
 31 * Add-drift             28   0 13 28   0  0  0  0  1  0  0  1  0  0  1  0  1  0  1  0  1  0  1  1  1  1  1  1  1  1  1  1  0  1  1  1  1  1  1  1  1  1  1  1  1  1
 32 Knucklehead             26   7 22 12   0  0  0  0  0  0  0  0  0  0  0  0  0  0  0  0  0  0  1  0  0  0  0  1  1  1  1  1  1  2  1  1  1  1  2  1  1  2  2  2  2  2
 33 * Flat                  23   2 20 19   0  1  0  0  0  1  0  0  0  1  1  0  0  0  0  0  0  0  1  0  0  1  0  1  1  1  0  0  1  1  1  1  1  1  2  1  1  1  2  0  1  1
 34 * Text                  21   3 23 15   0  0  0  0  0  0  1  0  1  0  0  0  1  0  1  0  0  0  1  0  0  0  0  2  2  1  0  1  1  1  1  1  1  1  0  0  1  0  0  2  1  1
 35 Beat The Last Move      20   5 26 10   0  0  0  0  0  0  0  0  0  0  0  0  1  0  1  0  0  0  1  0  0  0  0  1  1  1  0  0  1  1  1  0  0  2  1  0  0  2  2  2  1  2
 36 Always Switchin'        19   3 25 13   0  0  0  0  0  0  0  0  0  0  0  0  0  0  0  0  0  0  1  0  0  0  0  1  1  1  0  0  1  0  1  1  1  2  2  1  1  1  1  1  1  2
 37 * Switch A Lot          18   1 24 16   0  1  0  0  0  0  0  0  0  0  0  0  0  0  0  0  0  0  1  0  0  0  0  0  1  1  0  0  1  1  1  1  1  1  2  1  1  1  1  1  1  1
 38 Good Ole Rock           17   3 27 11   0  0  0  0  0  0  0  0  0  0  0  0  0  0  0  0  0  0  1  0  0  0  0  1  1  1  0  0  1  1  1  0  1  2  0  1  1  1  0  2  1  2
 39 Beat Frequent Pick      17   4 28  9   0  0  0  0  0  0  0  0  0  0  0  0  0  0  0  0  0  0  0  0  0  0  0  1  1  1  0  0  1  1  1  0  0  2  0  1  1  2  1  2  1  2
 40 * Anti-Flat             14   3 30  8   0  0  0  0  0  0  0  0  0  0  0  0  0  0  0  0  0  0  2  0  0  0  0  1  1  1  0  0  1  1  1  0  2  0  0  1  1  0  0  1  2  0
 41 Rotate R-P-S            13   0 28 13   0  0  0  0  0  0  0  0  0  0  0  0  0  0  0  0  0  0  1  0  0  0  0  1  0  1  0  0  0  1  1  0  1  1  1  1  1  1  1  0  1  1
 42 R-P-S 20-20-60          13   1 29 11   0  0  0  0  0  0  0  0  0  0  0  0  0  0  0  0  0  0  1  0  0  0  0  1  1  1  0  0  1  1  1  0  1  1  0  0  1  0  0  2  1  1


   Yomi AI is match ranked 25

 Tournament results:
    Player Name          total 
  1 Yomi AI                 97 
 13 * De Bruijn            735 
 15 * Anti-rotn           5787 
 19 Iocaine Powder       11083 
 20 Phasenbott           10163 
 21 MegaHAL               9655 
 22 RussRocker4           8115 
 23 Biopic                8509 
 24 Simple Modeller       8859 
 25 Simple Predictor      7932 
 26 Robertot              7820 
 27 Boom                  7093 
 28 Shofar                6226 
 29 ACT-R Lag2            6424 
 30 Majikthise            4817 
 31 Vroomfondel           4784 
 32 Granite               6169 
 33 Marble                6641 
 34 ZQ Bot                5608 
 35 Sweet Rocky           6591 
 36 Piedra                7019 
 37 Mixed Strategy        5172 
 38 Multi-strategy        2782 
 39 Inocencio              743 
 41 Bugbrain              6009 

   Yomi is tournament ranked 25

