 Playing 1 tournaments with 1000 trials per match...

 Yomi AI            vs Good Ole Rock       Match:  998 (999+   1-   0=)
 Yomi AI            vs R-P-S 20-20-60      Match:  396 (594+ 198- 208=)
 Yomi AI            vs Rotate R-P-S        Match:  975 (979+   4-  17=)
 Yomi AI            vs Beat The Last Move  Match:  -12 (332+ 344- 324=)
 Yomi AI            vs Always Switchin'    Match:  194 (468+ 274- 258=)
 Yomi AI            vs Beat Frequent Pick  Match:  579 (739+ 160- 101=)
 Yomi AI            vs * Pi                Match:  -25 (325+ 350- 325=)
 Yomi AI            vs * Switch A Lot      Match:   25 (340+ 315- 345=)
 Yomi AI            vs * Flat              Match:  115 (411+ 296- 293=)
 Yomi AI            vs * Anti-Flat         Match:  968 (977+   9-  14=)
 Yomi AI            vs * Foxtrot           Match:  355 (578+ 223- 199=)
 Yomi AI            vs * De Bruijn         Match:   13 (339+ 326- 335=)
 Yomi AI            vs * Text              Match:  100 (393+ 293- 314=)
 Yomi AI            vs * Anti-rotn         Match:   -6 (325+ 331- 344=)
 Yomi AI            vs * Copy-drift        Match:    3 (334+ 331- 335=)
 Yomi AI            vs * Add-react         Match:  -17 (337+ 354- 309=)
 Yomi AI            vs * Add-drift         Match:   13 (340+ 327- 333=)
 Yomi AI            vs Iocaine Powder      Match:  -54 (316+ 370- 314=)
 Yomi AI            vs Phasenbott          Match:  -23 (322+ 345- 333=)
 Yomi AI            vs MegaHAL             Match:  -39 (319+ 358- 323=)
 Yomi AI            vs RussRocker4         Match:   61 (370+ 309- 321=)
 Yomi AI            vs Biopic              Match:  -10 (344+ 354- 302=)
 Yomi AI            vs Simple Modeller     Match:    0 (337+ 337- 326=)
 Yomi AI            vs Simple Predictor    Match:   16 (375+ 359- 266=)
 Yomi AI            vs Robertot            Match:  -12 (330+ 342- 328=)
 Yomi AI            vs Boom                Match:    3 (328+ 325- 347=)
 Yomi AI            vs Shofar              Match:  -36 (314+ 350- 336=)
 Yomi AI            vs ACT-R Lag2          Match:   15 (352+ 337- 311=)
 Yomi AI            vs Majikthise          Match:   15 (337+ 322- 341=)
 Yomi AI            vs Vroomfondel         Match:  -43 (308+ 351- 341=)
 Yomi AI            vs Granite             Match:   70 (432+ 362- 206=)
 Yomi AI            vs Marble              Match:   36 (412+ 376- 212=)
 Yomi AI            vs ZQ Bot              Match:    1 (355+ 354- 291=)
 Yomi AI            vs Sweet Rocky         Match:   38 (396+ 358- 246=)
 Yomi AI            vs Piedra              Match:   48 (395+ 347- 258=)
 Yomi AI            vs Mixed Strategy      Match:   15 (349+ 334- 317=)
 Yomi AI            vs Multi-strategy      Match:  148 (463+ 315- 222=)
 Yomi AI            vs Inocencio           Match:  166 (493+ 327- 180=)
 Yomi AI            vs Peterbot            Match:  139 (442+ 303- 255=)
 Yomi AI            vs Bugbrain            Match:   20 (352+ 332- 316=)
 Yomi AI            vs Knucklehead         Match:  547 (689+ 142- 169=)
 Final results (draw value = 50):

 Tournament results: 

    Player Name          total     1    2    3    4    5    6    7    8    9   10   11   12   13   14   15   16   17   18   19   20   21   22   23   24   25   26   27   28   29   30   31   32   33   34   35   36   37   38   39   40   41   42
  1 Iocaine Powder       10582     0  101   57   36   57   14  526  179   36  232  -17   86   59  271   33   54  276   50   50    8    4    3  129  191   35  -24  122  209  307  291  102  522  205   50  215  855  379  928  991  989  987  984
  2 Phasenbott            9938  -101    0   66   18   23   59  540  141   32  245  -29   59  -10  232   46   23  275   40   40  -33   23    2  228  173   70   13   73   55  383  334   93  386  145   57  236  998  126  928  990  990  989  980
  3 MegaHAL               9802   -57  -66    0   21   24   39  126   40   52  267  -11  -16   48  263   11   39  289   68   62   12  -43   26  179  210  -25   38  209   71   72  304  142  380  209  179  414  914  391  944  990  998  989 1000
  4 Simple Modeller       9475   -36  -18  -21    0   34   47  -14  289   26  111  -11   27   38  120   98    0  262   74   59  -40  -15   43  218  692  -53   11  212  214  -46  131  124  298  134  231  422  858  386  594  990  996  991  999
  5 Biopic                7991   -57  -23  -24  -34    0   -7  -34   66   -5   96  -39   26   31  147    5   10  114  -10   42  -37    2   33  138  151  -33   40   -2   86  370   44   91  463   91  119  301  773  405  675  994  995  995  993
  6 Robertot              7922   -14  -59  -39  -47    7    0  -21   67   -3   13   17   20   63   27   49   12   86   50   46   -5    2   92  192   11   40  -49   31   58   19  104  171  508  104  113  452  648  376  822  971  998  992  998
  7 RussRocker4           7839  -526 -540 -126   14   34   21    0   76   58  137   27   32   75  167   17  -61  142   20   44   15   15   34  357   96  -17   -8  144  164  167  380  101  482  101  140  229  926  329  587  993  998  995 1000
  8 Simple Predictor      7618  -179 -141  -40 -289  -66  -67  -76    0   55   27  -33  -22   36   23   14  -16  121   54   50    6  -30   21  191  246  -73   19  317  326  -56  131  149  326   93  239  396  932  383  587  986  996  986  996
  9 Boom                  6944   -36  -32  -52  -26    5    3  -58  -55    0   50   -9  -42  -13    9   46   -3   81  -12   36  -19  -19   95  158   12  -31  -47   87   -2   -3   86   83  448   62  202  393  462  354  753  991  997  990 1000
 10 Granite               6583  -232 -245 -267 -111  -96  -13 -137  -27  -50    0  -23  -60   57  -12   39  -70    8  -15   64  -14  -49   58  266  653  -27    5   16   50   37   67  179  327  171  126  235  694  412  591  992  998  993  993
 11 Shofar                6495    17   29   11   11   39  -17  -27   33    9   23    0  -30   49   31   33   36   70  -18   38    8    0   91   66  103  -10   18   -6   65    4  -11  149  139   63  254  415  139  309  552  900  974  949  987
 12 ACT-R Lag2            6485   -86  -59   16  -27  -26  -20  -32   22   42   60   30    0   50  134   29  -15  116  -10   20   -7  -21  164  273    9  -62    9   63  -23  -26   -3  119  473   95  164  204  106  334  587  795  997  995  996
 13 Sweet Rocky           6307   -59   10  -48  -38  -31  -63  -75  -36   13  -57  -49  -50    0  -38  -34  -38  -69  -43   35  -47  -24  -59  132   -7  -15   18  -48  104   19  229  136  130  120  186  248  908  379  591  993 1000  984 1000
 14 Marble                6303  -271 -232 -263 -120 -147  -27 -167  -23   -9   12  -31 -134   38    0   25  -36    0 -108   45  -15   15   37  270  645 -113   24   55   33   67   45  175  300  192  149  223  676  394  594  996  998  996  995
 15 Piedra                5951   -33  -46  -11  -98   -5  -49  -17  -14  -46  -39  -33  -29   34  -25    0  -48  -37  -24   25  -66  -61   17  101  -43  -36  -10   64   20    1  110  159  139  176  155  173  599  364  591  995 1000  999  999
 16 Yomi AI               5795   -54  -23  -39    0  -10  -12   61   16    3   70  -36   15   38   36   48    0    1   20   -6   15  -43   15  148  166   13  -25   13    3  355  -17  100  547  115   25  194  139  396  579  -12  998  975  968
 17 ZQ Bot                5779  -276 -275 -289 -262 -114  -86 -142 -121  -81   -8  -70 -116   69    0   37   -1    0 -167   56  -28  -75   21  252   19  -70   26   70    3   -5  387  144  246  156  197  333 1000  378  595  988 1000  991  997
 18 Bugbrain              5687   -50  -40  -68  -74   10  -50  -20  -54   12   15   18   10   43  108   24  -20  167    0   49   -5    7   29  116    5  -37  -25   79   25  -28   89   59  103   64  156  231  268  208  375  965  985  972  966
 19 * Anti-rotn           5413   -50  -40  -62  -59  -42  -46  -44  -50  -36  -64  -38  -20  -35  -45  -25    6  -56  -49    0   -4   59  -28  266  588  -81  -38   37   -8    3   -3   53  -25  251  301  487   67  161  596  492  998  999  997
 20 Majikthise            4773    -8   33  -12   40   37    5  -15   -6   19   14   -8    7   47   15   66  -15   28    5    4    0    8   47   90   62  -25   21   -2    9   -2    4   17  224   81  102  269   -6  164  440   36  998  992  988
 21 Vroomfondel           4768    -4  -23   43   15   -2   -2  -15   30   19   49    0   21   24  -15   61   43   75   -7  -59   -8    0    3  113   55   34   19  -44   22   10   24   56  202  108  134  252   16  145  431  -27  996  995  979
 22 Mixed Strategy        4748    -3   -2  -26  -43  -33  -92  -34  -21  -95  -58  -91 -164   59  -37  -17  -15  -21  -29   28  -47   -3    0   27   91  -42  -20  -57   -3   -1   81  147  169   46   68  232   11  380  443  973  994  959  994
 23 Multi-strategy        3147  -129 -228 -179 -218 -138 -192 -357 -191 -158 -266  -66 -273 -132 -270 -101 -148 -252 -116 -266  -90 -113  -27    0  -73  -50  -20   21  271   30   -9  123   -5   90  291  519  500  380  999  997  999  997  997
 24 Inocencio             1147  -191 -173 -210 -692 -151  -11  -96 -246  -12 -653 -103   -9    7 -645   43 -166  -19   -5 -588  -62  -55  -91   73    0  -12  -27   -1   68  303   87  132  216  116   90  306  128  372  359  136  981  973  975
 25 * De Bruijn            546   -35  -70   25   53   33  -40   17   73   31   27   10   62   15  113   36  -13   70   37   81   25  -34   42   50   12    0   -1   15   -7  -28  -46   23  -26   24  -11  -18  -12  -18  128   -1    0   21 -117
 26 * Pi                    -7    24  -13  -38  -11  -40   49    8  -19   47   -5  -18   -9  -18  -24   10   25  -26   25   38  -21  -19   20   20   27    1    0    1  -10  -22    8  -81   -7  -40    1   37   28   29   30   22  -11  -11  -14
 27 * Add-drift          -1398  -122  -73 -209 -212    2  -31 -144 -317  -87  -16    6  -63   48  -55  -64  -13  -70  -79  -37    2   44   57  -21    1  -15   -1    0  -39  -17   54   12  -26    6  -29   16   16  -16   53  -24  -10   30   45
 28 * Copy-drift         -1736  -209  -55  -71 -214  -86  -58 -164 -326    2  -50  -65   23 -104  -33  -20   -3   -3  -25    8   -9  -22    3 -271  -68    7   10   39    0   16  -13    2  -32    8   31    4  -29    4   19  -11    8  -16   37
 29 * Foxtrot            -2026  -307 -383  -72   46 -370  -19 -167   56    3  -37   -4   26  -19  -67   -1 -355    5   28   -3    2  -10    1  -30 -303   28   22   17  -16    0  -10  -10  -15   15  -48  -49  -19    2   41   -5   -9  -16   26
 30 * Add-react          -2715  -291 -334 -304 -131  -44 -104 -380 -131  -86  -67   11    3 -229  -45 -110   17 -387  -89    3   -4  -24  -81    9  -87   46   -8  -54   13   10    0   24  -39   -2   22  -51  -41   33   -1   36   60  108   14
 31 * Text               -3055  -102  -93 -142 -124  -91 -171 -101 -149  -83 -179 -149 -119 -136 -175 -159 -100 -144  -59  -53  -17  -56 -147 -123 -132  -23   81  -12   -2   10  -24    0  -17   42  -19   16   29   10 -185  -74 -185  -11  113
 32 Knucklehead          -3073  -522 -386 -380 -298 -463 -508 -482 -326 -448 -327 -139 -473 -130 -300 -139 -547 -246 -103   25 -224 -202 -169    5 -216   26    7   26   32   15   39   17    0  -37   17   23   -5   36   60  740 1000  930  999
 33 * Flat               -3144  -205 -145 -209 -134  -91 -104 -101  -93  -62 -171  -63  -95 -120 -192 -176 -115 -156  -64 -251  -81 -108  -46  -90 -116  -24   40   -6   -8  -15    2  -42   37    0  -23   34 -200   15  254  209    0   16 -445
 34 * Switch A Lot       -3451   -50  -57 -179 -231 -119 -113 -140 -239 -202 -126 -254 -164 -186 -149 -155  -25 -197 -156 -301 -102 -134  -68 -291  -90   11   -1   29  -31   48  -22   19  -17   23    0  -26  -68   14   -2  321   15  -10  -26
 35 Always Switchin'     -7094  -215 -236 -414 -422 -301 -452 -229 -396 -393 -235 -415 -204 -248 -223 -173 -194 -333 -231 -487 -269 -252 -232 -519 -306   18  -37  -16   -4   49   51  -16  -23  -34   26    0 -228   -1  -12  489   -7   67  -37
 36 Peterbot             -7265  -855 -998 -914 -858 -773 -648 -926 -932 -462 -694 -139 -106 -908 -676 -599 -139 -1000 -268  -67    6  -16  -11 -500 -128   12  -28  -16   29   19   41  -29    5  200   68  228    0  425  434  963  998  997 1000
 37 R-P-S 20-20-60       -9201  -379 -126 -391 -386 -405 -376 -329 -383 -354 -412 -309 -334 -379 -394 -364 -396 -378 -208 -161 -164 -145 -380 -380 -372   18  -29   16   -4   -2  -33  -10  -36  -15  -14    1 -425    0 -405 -189 -404   -3  238
 38 Beat Frequent Pick  -14160  -928 -928 -944 -594 -675 -822 -587 -587 -753 -591 -552 -587 -591 -594 -591 -579 -595 -375 -596 -440 -431 -443 -999 -359 -128  -30  -53  -19  -41    1  185  -60 -254    2   12 -434  405    0 -600  999    0  996
 39 Beat The Last Move  -18994  -991 -990 -990 -990 -994 -971 -993 -986 -991 -992 -900 -795 -993 -996 -995   12 -988 -965 -492  -36   27 -973 -997 -136    1  -22   24   11    5  -36   74 -740 -209 -321 -489 -963  189  600    0 1000    1  996
 40 Good Ole Rock       -26327  -989 -990 -998 -996 -995 -998 -998 -996 -997 -998 -974 -997 -1000 -998 -1000 -998 -1000 -985 -998 -998 -996 -994 -999 -981    0   11   10   -8    9  -60  185 -1000    0  -15    7 -998  404 -999 -1000    0    0 1000
 41 Rotate R-P-S        -26445  -987 -989 -989 -991 -995 -992 -995 -986 -990 -993 -949 -995 -984 -996 -999 -975 -991 -972 -999 -992 -995 -959 -997 -973  -21   11  -30   16   16 -108   11 -930  -16   10  -67 -997    3    0   -1    0    0 -659
 42 * Anti-Flat         -27947  -984 -980 -1000 -999 -993 -998 -1000 -996 -1000 -993 -987 -996 -1000 -995 -999 -968 -997 -966 -997 -988 -979 -994 -997 -975  117   14  -45  -37  -26  -14 -113 -999  445   26   37 -1000 -238 -996 -996 -1000  659    0

 Match results (draw <= 50): 

    Player Name           total  W  L  D   1  2  3  4  5  6  7  8  9 10 11 12 13 14 15 16 17 18 19 20 21 22 23 24 25 26 27 28 29 30 31 32 33 34 35 36 37 38 39 40 41 42
  1 Iocaine Powder          69  28  0 13   1  2  2  1  2  2  1  1  2  2  1  1  1  2  1  1  2  1  2  2  1  1  2  2  1  2  2  2  2  2  2  2  2  2  1  2  2  2  2  2  2  2
  2 Phasenbott              67  27  1 13   0  1  2  1  2  1  2  1  2  1  1  1  1  2  1  1  2  1  1  2  1  2  2  2  1  2  2  2  2  2  2  2  2  2  2  2  2  2  2  2  2  2
  3 MegaHAL                 64  25  2 14   0  0  1  1  2  1  1  1  1  1  2  2  1  1  1  1  2  2  1  2  1  1  2  2  1  2  2  2  2  2  2  2  2  2  2  2  2  2  2  2  2  2
  4 Simple Modeller         64  24  1 16   1  1  1  1  1  1  1  1  1  1  1  2  1  2  1  2  2  2  1  2  1  0  2  2  1  1  2  2  2  2  2  2  2  2  2  2  2  2  2  2  2  2
  5 RussRocker4             61  24  4 13   0  0  0  1  1  1  1  1  1  0  2  1  1  2  1  1  2  1  2  2  1  1  2  2  1  2  2  2  2  2  2  2  2  2  2  2  2  2  2  2  2  2
  6 Biopic                  60  20  1 20   0  1  1  1  1  1  1  1  1  1  1  1  1  2  1  1  2  1  1  2  1  1  2  2  1  2  1  2  2  2  1  2  2  2  2  2  2  2  2  2  2  2
  7 Robertot                59  19  1 21   1  0  1  1  1  1  1  1  1  1  1  1  1  2  1  1  1  1  2  1  2  1  2  1  1  1  1  2  2  2  2  2  2  2  2  2  2  2  2  2  2  2
  8 Shofar                  58  17  0 24   1  1  1  1  1  1  1  1  1  1  1  1  1  1  1  1  1  1  1  1  2  1  2  2  1  1  1  2  2  2  1  2  2  2  2  2  2  2  2  2  2  2
  9 ACT-R Lag2              56  18  3 20   0  0  1  1  1  1  1  1  1  1  1  1  1  1  1  1  2  1  1  2  2  0  2  1  1  1  2  2  1  2  1  2  2  2  2  2  2  2  2  2  2  2
 10 Yomi AI                 55  15  1 25   0  1  1  1  2  1  1  1  1  1  1  1  1  1  1  1  2  1  1  1  1  1  1  2  1  2  1  2  1  2  1  2  1  2  1  2  2  2  2  2  2  2
 11 Boom                    55  17  3 21   1  1  0  1  0  1  1  1  1  1  1  1  1  0  1  1  1  1  1  1  2  1  2  1  1  1  2  2  1  2  2  2  2  2  2  2  2  2  2  2  2  2
 12 Bugbrain                55  17  3 21   1  1  0  0  1  1  1  1  1  1  1  1  1  0  1  1  1  1  1  2  1  1  2  1  1  1  2  2  1  2  2  2  2  2  2  2  2  2  2  2  2  2
 13 Vroomfondel             54  14  1 26   1  1  1  1  1  1  1  1  1  1  1  1  1  1  1  2  1  0  1  1  1  1  2  2  1  1  1  2  1  1  1  2  1  2  2  2  2  2  2  2  2  2
 14 Simple Predictor        53  20  8 13   0  0  1  0  0  0  0  1  1  1  2  2  1  1  1  1  1  1  1  1  1  0  2  2  1  0  2  2  2  2  2  2  2  2  2  2  2  2  2  2  2  2
 15 Majikthise              53  12  0 29   1  1  1  1  1  1  1  1  1  1  1  1  1  1  1  2  1  1  1  1  1  1  1  2  1  1  1  2  1  1  1  2  1  2  2  2  1  2  2  2  2  2
 16 Piedra                  53  15  3 23   1  1  1  0  1  1  1  1  1  1  1  1  0  1  0  1  1  1  1  1  1  1  1  1  1  1  2  2  1  2  2  2  2  2  2  2  2  2  2  2  2  2
 17 Granite                 51  18  8 15   0  0  0  0  0  0  1  1  0  0  1  1  1  1  1  1  1  2  2  1  2  1  1  2  1  1  1  2  1  2  2  2  2  2  2  2  2  2  2  2  2  2
 18 * Anti-rotn             50  14  5 22   1  1  0  0  1  1  1  1  1  1  1  1  2  1  1  1  0  1  1  1  1  0  0  2  1  1  1  2  1  2  1  1  2  2  2  2  2  2  2  2  2  2
 19 Sweet Rocky             50  15  6 20   0  1  1  1  0  1  0  1  1  1  1  1  1  1  1  1  0  1  1  1  0  1  0  1  1  1  1  2  2  2  2  2  2  2  2  2  2  2  2  2  2  2
 20 Marble                  48  16  9 16   0  0  0  0  0  0  1  1  0  1  1  0  1  1  1  1  1  1  1  1  1  0  1  2  1  2  2  2  1  2  1  2  2  2  2  2  2  2  2  2  2  2
 21 Mixed Strategy          48  13  6 22   1  1  1  1  1  1  0  0  0  1  0  1  1  1  1  1  0  1  2  1  1  1  1  2  1  1  0  1  1  1  2  2  2  2  2  1  2  2  2  2  2  2
 22 * De Bruijn             46   7  2 32   1  0  1  2  1  1  1  1  2  1  1  1  1  2  1  1  1  2  1  2  1  1  2  1  1  1  1  1  1  1  1  1  1  1  1  1  1  2  1  1  0  1
 23 ZQ Bot                  44  17 14 10   0  0  0  0  0  0  0  0  0  1  0  0  0  0  1  1  1  2  2  1  1  0  1  1  1  1  2  2  1  2  2  2  2  2  2  2  2  2  2  2  2  2
 24 Inocencio               42  16 15 10   0  0  0  0  0  0  1  0  1  0  1  1  0  0  0  1  0  0  1  0  0  1  1  1  1  2  1  2  2  2  2  2  2  2  2  2  2  2  2  2  2  2
 25 * Pi                    40   0  1 40   1  1  1  1  1  1  1  1  1  1  1  1  1  1  1  1  1  1  1  1  1  1  1  1  1  1  1  1  1  1  1  1  1  1  1  1  0  1  1  1  1  1
 26 * Foxtrot               34   1  8 32   0  0  0  1  0  0  1  1  1  0  1  1  1  2  1  1  1  1  1  0  1  1  1  0  1  1  1  1  1  1  1  1  1  1  1  1  1  1  1  1  1  1
 27 * Add-drift             32   3 12 26   0  0  0  0  0  1  1  1  0  1  0  0  1  0  1  0  1  1  1  0  2  1  0  1  1  1  1  1  1  1  2  1  1  1  1  1  1  2  1  1  1  1
 28 Multi-strategy          31  12 22  7   0  0  0  0  0  0  0  0  0  0  0  0  0  0  0  0  0  0  0  0  1  1  0  0  1  1  1  1  2  2  1  1  2  2  2  2  2  2  2  2  2  2
 29 * Copy-drift            29   0 12 29   0  0  0  0  0  0  0  0  1  1  1  1  1  0  1  1  1  1  0  1  1  1  1  0  1  1  1  0  1  1  1  1  1  1  1  1  1  1  1  1  1  1
 30 Peterbot                29   9 21 11   0  0  0  0  0  0  0  0  0  0  0  0  1  0  1  0  0  0  0  0  1  1  0  0  1  1  1  0  1  1  1  1  2  2  2  2  1  2  2  2  2  2
 31 * Add-react             26   2 17 22   0  0  0  0  0  1  0  1  1  1  0  0  1  0  1  0  0  1  0  1  0  1  0  0  1  1  0  1  1  1  1  1  1  0  1  1  1  1  2  1  1  2
 32 Knucklehead             24   5 22 14   0  0  0  0  0  0  0  0  0  0  0  0  0  0  0  0  0  1  0  0  0  1  0  0  1  1  1  1  1  1  1  1  2  1  1  1  1  2  2  1  2  2
 33 Beat The Last Move      20   5 26 10   0  0  0  0  0  0  0  0  0  1  0  0  1  0  1  0  0  0  0  0  0  1  0  0  1  1  1  0  1  0  1  0  1  0  0  0  2  2  2  2  2  1
 34 Always Switchin'        19   3 25 13   0  0  0  0  0  0  0  0  0  0  0  0  0  0  0  0  0  0  0  0  0  1  0  0  1  1  1  0  1  0  2  1  2  1  1  1  1  1  1  1  1  2
 35 * Switch A Lot          19   1 23 17   1  0  0  0  0  0  0  0  0  1  0  0  0  0  0  0  0  0  0  0  0  1  0  0  1  1  1  0  1  0  1  1  2  1  1  1  1  1  1  1  1  1
 36 * Flat                  18   2 25 14   0  0  0  0  0  0  0  0  0  0  0  0  0  0  0  0  0  0  0  0  1  1  0  0  1  1  1  0  1  0  1  1  2  1  1  1  1  2  1  1  0  1
 37 * Text                  17   2 26 13   0  0  0  0  0  0  0  0  0  0  0  0  0  0  1  0  0  0  0  0  0  1  0  0  2  1  1  0  1  1  1  1  0  1  1  1  1  0  0  1  2  1
 38 Beat Frequent Pick      15   4 30  7   0  0  0  0  0  0  0  0  0  0  0  0  0  0  0  0  0  0  0  0  0  0  0  0  1  1  0  0  1  0  1  0  0  1  1  0  2  1  2  2  2  1
 39 Good Ole Rock           15   3 29  9   0  0  0  0  0  0  0  0  0  0  0  0  0  0  0  0  0  0  0  0  0  1  0  0  1  1  1  0  1  0  0  0  0  1  1  1  2  0  1  2  2  1
 40 R-P-S 20-20-60          14   1 28 12   0  0  0  0  0  0  0  0  0  0  0  0  0  0  0  0  0  0  0  0  0  1  0  0  1  1  1  0  1  0  1  1  0  1  1  1  1  0  0  1  2  1
 41 * Anti-Flat             13   3 31  7   0  0  0  0  0  0  0  0  0  0  0  0  0  0  0  0  0  0  0  0  0  2  0  0  1  1  1  0  1  0  1  0  0  1  1  2  0  0  0  0  1  2
 42 Rotate R-P-S            12   0 29 12   0  0  0  0  0  0  0  0  0  0  0  0  0  0  0  0  0  0  0  0  0  1  0  0  1  1  1  0  1  0  0  0  1  0  1  1  1  1  1  1  0  1


   Yomi AI is match ranked 10

 Tournament results:
    Player Name          total 
  1 Yomi AI               5795 
 19 Iocaine Powder       10582 
 20 Phasenbott            9938 
 21 MegaHAL               9802 
 22 RussRocker4           7839 
 23 Biopic                7991 
 24 Simple Modeller       9475 
 25 Simple Predictor      7618 
 26 Robertot              7922 
 27 Boom                  6944 
 28 Shofar                6495 
 29 ACT-R Lag2            6485 
 32 Granite               6583 
 33 Marble                6303 
 35 Sweet Rocky           6307 
 36 Piedra                5951 

   Yomi is tournament ranked 16

