 Playing 1 tournaments with 1000 trials per match...

 Yomi AI            vs Good Ole Rock       Match:  998 (999+   1-   0=)
 Yomi AI            vs R-P-S 20-20-60      Match:  408 (614+ 206- 180=)
 Yomi AI            vs Rotate R-P-S        Match:  967 (971+   4-  25=)
 Yomi AI            vs Beat The Last Move  Match:  194 (470+ 276- 254=)
 Yomi AI            vs Always Switchin'    Match:  331 (518+ 187- 295=)
 Yomi AI            vs Beat Frequent Pick  Match:  633 (772+ 139-  89=)
 Yomi AI            vs * Pi                Match:  -24 (324+ 348- 328=)
 Yomi AI            vs * Switch A Lot      Match:  166 (410+ 244- 346=)
 Yomi AI            vs * Flat              Match:  191 (461+ 270- 269=)
 Yomi AI            vs * Anti-Flat         Match:  996 (997+   1-   2=)
 Yomi AI            vs * Foxtrot           Match:  420 (625+ 205- 170=)
 Yomi AI            vs * De Bruijn         Match:  -58 (305+ 363- 332=)
 Yomi AI            vs * Text              Match:  152 (434+ 282- 284=)
 Yomi AI            vs * Anti-rotn         Match:   47 (372+ 325- 303=)
 Yomi AI            vs * Copy-drift        Match:   39 (359+ 320- 321=)
 Yomi AI            vs * Add-react         Match:   23 (344+ 321- 335=)
 Yomi AI            vs * Add-drift         Match:   57 (375+ 318- 307=)
 Yomi AI            vs Iocaine Powder      Match:    9 (339+ 330- 331=)
 Yomi AI            vs Phasenbott          Match:    8 (343+ 335- 322=)
 Yomi AI            vs MegaHAL             Match:  -27 (333+ 360- 307=)
 Yomi AI            vs RussRocker4         Match:  -24 (334+ 358- 308=)
 Yomi AI            vs Biopic              Match:   26 (342+ 316- 342=)
 Yomi AI            vs Simple Modeller     Match:   38 (361+ 323- 316=)
 Yomi AI            vs Simple Predictor    Match:   25 (377+ 352- 271=)
 Yomi AI            vs Robertot            Match:    4 (378+ 374- 248=)
 Yomi AI            vs Boom                Match:   45 (347+ 302- 351=)
 Yomi AI            vs Shofar              Match:   -1 (345+ 346- 309=)
 Yomi AI            vs ACT-R Lag2          Match:   -3 (332+ 335- 333=)
 Yomi AI            vs Majikthise          Match:   44 (375+ 331- 294=)
 Yomi AI            vs Vroomfondel         Match:    2 (348+ 346- 306=)
 Yomi AI            vs Granite             Match:  128 (459+ 331- 210=)
 Yomi AI            vs Marble              Match:   25 (392+ 367- 241=)
 Yomi AI            vs ZQ Bot              Match:  105 (453+ 348- 199=)
 Yomi AI            vs Sweet Rocky         Match:   26 (361+ 335- 304=)
 Yomi AI            vs Piedra              Match:   51 (387+ 336- 277=)
 Yomi AI            vs Mixed Strategy      Match:   36 (370+ 334- 296=)
 Yomi AI            vs Multi-strategy      Match:  358 (587+ 229- 184=)
 Yomi AI            vs Inocencio           Match:   73 (422+ 349- 229=)
 Yomi AI            vs Peterbot            Match:   85 (395+ 310- 295=)
 Yomi AI            vs Bugbrain            Match:  -49 (320+ 369- 311=)
 Yomi AI            vs Knucklehead         Match:  545 (699+ 154- 147=)
 Final results (draw value = 50):

 Tournament results: 

    Player Name          total     1    2    3    4    5    6    7    8    9   10   11   12   13   14   15   16   17   18   19   20   21   22   23   24   25   26   27   28   29   30   31   32   33   34   35   36   37   38   39   40   41   42
  1 Iocaine Powder       10863     0  160   60   48   24  496   23   -1   -9  254  168  -32  112   32  212   44   55  344   13   39    1   45  206  209   34    7  121  208  333  535  223  345  111   10  897  247  419  898  992  994  999  987
  2 Phasenbott           10159  -160    0   76   79   24  513   73   40   -8  210  127    3   96   59  239   33   27  290   69   45    5   29  199  278   36   15  168   60  373  356   75  337   92   60  896  256  173  946  988  993  997  992
  3 MegaHAL               9409   -60  -76    0  -39   13   55   45   25   27  251   23  -43  -17   23  207   17   17  248   58   89  -18   -9  188  165  -17   16  213   76   54  369  108  289  133  300  961  456  346  932  993  991 1000 1000
  4 Simple Modeller       8779   -48  -79   39    0  -21   21   37   -5  -38  102  275   13  -19   60   93   54   52  299   72   72    4  -64  224  638  -42  -32  258  246  -33  359   89  108  127  241  299  461  345  591  993  992 1000  996
  5 Biopic                8597   -24  -24  -13   21    0    0   91   38  -26   93   26    7   44   30  125   -9   11  120   36   42  -39   -8  259  102  -20    2  -25   94  378  560  131   47  130  104  862  308  340  809  991  992  998  994
  6 RussRocker4           7697  -496 -513  -55  -21    0    0   -4   36   24  122   97   -9    8   69  156  -21   45  149   54   56   -7    0  233  215  -26  -26   83  194  135  480  100  376   54   65  928  246  379  593  994  990  999  995
  7 Robertot              7443   -23  -73  -45  -37  -91    4    0  -23   -4  102    3  -57  -16   66   43  -40   34  112   62   47   -5   33  296   -9  -31  -76   -2   21  -43  408   57   96  150  135  649  484  364  878  982  996  999  997
  8 Boom                  7082     1  -40  -25    5  -38  -36   23    0  -45   71  -20  -38  -41   38   65  -15   40   52   37   49   -7  -48  227   30   37  -25   61    6   13  394   33   59  132  167  416  426  352  753  991  989  997  996
  9 Yomi AI               7069     9    8  -27   38   26  -24    4   45    0   25   25   -1   -3   51  128  -49   26  105   36   47    2   44  358   73  -58  -24   57   39  420  545  191   23  152  166   85  331  408  633  194  967  998  996
 10 Marble                6860  -254 -210 -251 -102  -93 -122 -102  -71  -25    0  -21  -20  -96   45   -5  -40   77   32  -26   54   30  -13  351  652  -79   -8   73   35   64  334  185   94  177  139  925  193  363  592  994  995 1000  994
 11 Simple Predictor      6838  -168 -127  -23 -275  -26  -97   -3   20  -25   21    0    5  -56    5   58   24   27  164   39   25  -19  -85  220  243  -62  -21  264  222    5  250   61  129  149  232  305  393  405  592  986  986  995 1000
 12 Shofar                6605    32   -3   43  -13   -7    9   57   38    1   20   -5    0   25   96   16    3   66   77   93   14    5    3  115   10   22  -16  -13   54  -22  107   46   74  164  191  220  435  315  558  870  943  975  987
 13 ACT-R Lag2            6312  -112  -96   17   19  -44   -8   16   41    3   96   56  -25    0   59  153   -9   25  115   54   26  -10    2  170  784  -49   -7    1  -41  -49  502  115   66   99  146   69  270  284  560   39  991  996  988
 14 Piedra                6255   -32  -59  -23  -60  -30  -69  -66  -38  -51  -45   -5  -96  -59    0  -60  -57   31  -22   19   50  -59  -33   -2  -26  -40  -19   73   25   15  111  164  202  169  223  948  249  361  592  996  994  996  988
 15 Granite               6207  -212 -239 -207  -93 -125 -156  -43  -65 -128    5  -58  -16 -153   60    0  -75   37   68   30   33  -30  -41  207  375  -60   -8   44   59   59  279  142   97  181  199  873  186  401  594  992  995 1000 1000
 16 Bugbrain              5933   -44  -33  -17  -54    9   21   40   15   49   40  -24   -3    9   57   75    0   71  162   46   38   22   20   85   45   26  -18  122    4   -8  160   47  105   47   93  174  193  175  387  926  929  989  953
 17 Sweet Rocky           5912   -55  -27  -17  -52  -11  -45  -34  -40  -26  -77  -27  -66  -25  -31  -37  -71    0  -48   30   53  -34  -13   70  -67    5  -10  -11   64  -39  105  148  392  159  147  323  335  384  589  987  991  996  997
 18 ZQ Bot                5266  -344 -290 -248 -299 -120 -149 -112  -52 -105  -32 -164  -77 -115   22  -68 -162   48    0   32   59    3  -58  319    6  -55   -4   56   34  -12  242  129  270  156  157  911  356  363  588  994  994  996  997
 19 Mixed Strategy        4891   -13  -69  -58  -72  -36  -54  -62  -37  -36   26  -39  -93  -54  -19  -30  -46  -30  -32    0   40  -23  -36   29  195  -68   12  -15   79   -6   73   86   36  178  112    4  199  346  469  979  963  996  997
 20 * Anti-rotn           4772   -39  -45  -89  -72  -42  -56  -47  -49  -47  -54  -25  -14  -26  -50  -33  -38  -53  -59  -40    0  -10  -34  233  123  -33  -60   21  -21  -14    1  264   26   55  319   37  506  165  597  490  997  998  990
 21 Vroomfondel           4740    -1   -5   18   -4   39    7    5    7   -2  -30   19   -5   10   59   30  -22   34   -3   23   10    0   15  162  109   20   12    1   28   19  230   97  -28   23  120   -5  163  167  456   -4  987  993  986
 22 Majikthise            4632   -45  -29    9   64    8    0  -33   48  -44   13   85   -3   -2   33   41  -20   13   58   36   34  -15    0  123  104  -14  -13  -10  -50   -3  211   81   -7   50   83   -8  253  129  460   13  996  993  990
 23 Multi-strategy        2885  -206 -199 -188 -224 -259 -233 -296 -227 -358 -351 -220 -115 -170    2 -207  -85  -70 -319  -29 -233 -162 -123    0 -102  -50  -20  -25  274   23   55  194   43  123  274  500  477  400  999  997  997  999  999
 24 Inocencio             1914  -209 -278 -165 -638 -102 -215    9  -30  -73 -652 -243  -10 -784   26 -375  -45   67   -6 -195 -123 -109 -104  102    0  -30    8   49   85  265  170  131  105  160   97  163  374  380  359  827  978  977  968
 25 * De Bruijn            643   -34  -36   17   42   20   26   31  -37   58   79   62  -22   49   40   60  -26   -5   55   68   33  -20   14   50   30    0   -1   -2   16   53  -12   21  -38   23   23  -14  -27   14  128   -1   21    0 -115
 26 * Pi                   301    -7  -15  -16   32   -2   26   76   25   24    8   21   16    7   19    8   18   10    4  -12   60  -12   13   20   -8    1    0   -8  -17   16  -20   15   28  -81   22   16    5  -11   30   22  -11  -11  -10
 27 * Add-drift          -1574  -121 -168 -213 -258   25  -83    2  -61  -57  -73 -264   13   -1  -73  -44 -122   11  -56   15  -21   -1   10   25  -49    2    8    0  -54    6   17   -1   46   12   21  -37  -26   -5   18  -19   22   20  -40
 28 * Copy-drift         -1697  -208  -60  -76 -246  -94 -194  -21   -6  -39  -35 -222  -54   41  -25  -59   -4  -64  -34  -79   21  -28   50 -274  -85  -16   17   54    0  -13  -54   54   19   19   16  -54  -29  -40   12   79  -29   -8   71
 29 * Foxtrot            -2076  -333 -373  -54   33 -378 -135   43  -13 -420  -64   -5   22   49  -15  -59    8   39   12    6   14  -19    3  -23 -265  -53  -16   -6   13    0   -1  -23  -26  -78   29  -22   21    9  -32    6    4   26    0
 30 Knucklehead          -2854  -535 -356 -369 -359 -560 -480 -408 -394 -545 -334 -250 -107 -502 -111 -279 -160 -105 -242  -73   -1 -230 -211  -55 -170   12   20  -17   54    1    0  -33   20   31   -3 -128   -8   33  155  929  916 1000 1000
 31 * Flat               -3014  -223  -75 -108  -89 -131 -100  -57  -33 -191 -185  -61  -46 -115 -164 -142  -47 -148 -129  -86 -264  -97  -81 -194 -131  -21  -15    1  -54   23   33    0   18   -9   28 -171   12   -5  244  207    4    1 -413
 32 * Add-react          -3323  -345 -337 -289 -108  -47 -376  -96  -59  -23  -94 -129  -74  -66 -202  -97 -105 -392 -270  -36  -26   28    7  -43 -105   38  -28  -46  -19   26  -20  -18    0   37    5  -35  -34    5   16  -18  -24    4   72
 33 * Text               -3377  -111  -92 -133 -127 -130  -54 -150 -132 -152 -177 -149 -164  -99 -169 -181  -47 -159 -156 -178  -55  -23  -50 -123 -160  -23   81  -12  -19   78  -31    9  -37    0  -35   20  -84  -10 -185  -74  -11 -185  112
 34 * Switch A Lot       -3759   -10  -60 -300 -241 -104  -65 -135 -167 -166 -139 -232 -191 -146 -223 -199  -93 -147 -157 -112 -319 -120  -83 -274  -97  -23  -22  -21  -16  -29    3  -28   -5   35    0 -154  -31  -24    8  328  -35   -3   38
 35 Peterbot             -5762  -897 -896 -961 -299 -862 -928 -649 -416  -85 -925 -305 -220  -69 -948 -873 -174 -323 -911   -4  -37    5    8 -500 -163   14  -16   37   54   22  128  171   35  -20  154    0  274  407  437  981  999  998  995
 36 Always Switchin'     -7269  -247 -256 -456 -461 -308 -246 -484 -426 -331 -193 -393 -435 -270 -249 -186 -193 -335 -356 -199 -506 -163 -253 -477 -374   27   -5   26   29  -21    8  -12   34   84   31 -274    0    2   51  514   50    7  -23
 37 R-P-S 20-20-60       -8626  -419 -173 -346 -345 -340 -379 -364 -352 -408 -363 -405 -315 -284 -361 -401 -175 -384 -363 -346 -165 -167 -129 -400 -380  -14   11    5   40   -9  -33    5   -5   10   24 -407   -2    0 -372 -115   17 -395  378
 38 Beat Frequent Pick  -14536  -898 -946 -932 -591 -809 -593 -878 -753 -633 -592 -592 -558 -560 -592 -594 -387 -589 -588 -469 -597 -456 -460 -999 -359 -128  -30  -18  -12   32 -155 -244  -16  185   -8 -437  -51  372    0 -600    0  999 1000
 39 Beat The Last Move  -19446  -992 -988 -993 -993 -991 -994 -982 -991 -194 -994 -986 -870  -39 -996 -992 -926 -987 -994 -979 -490    4  -13 -997 -827    1  -22   19  -79   -6 -929 -207   18   74 -328 -981 -514  115  600    0    1 1000  996
 40 Rotate R-P-S        -26228  -994 -993 -991 -992 -992 -990 -996 -989 -967 -995 -986 -943 -991 -994 -995 -929 -991 -994 -963 -997 -987 -996 -997 -978  -21   11  -22   29   -4 -916   -4   24   11   35 -999  -50  -17    0   -1    0    0 -664
 41 Good Ole Rock       -26340  -999 -997 -1000 -1000 -998 -999 -999 -997 -998 -1000 -995 -975 -996 -996 -1000 -989 -996 -996 -996 -998 -993 -993 -999 -977    0   11  -20    8  -26 -1000   -1   -4  185    3 -998   -7  395 -999 -1000    0    0  999
 42 * Anti-Flat         -28183  -987 -992 -1000 -996 -994 -995 -997 -996 -996 -994 -1000 -987 -988 -988 -1000 -953 -997 -997 -997 -990 -986 -990 -999 -968  115   10   40  -71    0 -1000  413  -72 -112  -38 -995   23 -378 -1000 -996  664 -999    0

 Match results (draw <= 50): 

    Player Name           total  W  L  D   1  2  3  4  5  6  7  8  9 10 11 12 13 14 15 16 17 18 19 20 21 22 23 24 25 26 27 28 29 30 31 32 33 34 35 36 37 38 39 40 41 42
  1 Phasenbott              69  29  1 11   1  0  2  2  2  1  1  1  2  1  1  2  1  2  1  1  2  1  2  1  2  2  2  1  2  2  2  2  2  2  2  2  2  2  2  2  2  2  2  2  2  2
  2 Iocaine Powder          67  26  0 15   2  1  1  2  2  1  1  1  2  1  1  1  1  2  1  2  2  1  2  1  1  1  2  1  2  2  2  2  2  2  2  2  2  2  2  2  1  2  2  2  2  2
  3 Simple Modeller         65  26  2 13   0  1  1  1  1  1  1  1  1  1  2  1  0  2  1  2  2  1  2  2  2  2  2  1  2  2  2  2  1  2  2  2  2  2  2  2  2  2  2  2  2  2
  4 MegaHAL                 63  24  2 15   0  0  1  1  2  1  1  1  1  1  1  1  1  1  1  1  2  1  2  2  2  1  2  1  2  2  2  2  2  2  2  2  2  2  2  2  2  2  2  2  2  2
  5 RussRocker4             63  25  3 13   0  0  1  0  1  1  1  1  1  1  1  1  1  2  1  1  2  1  2  2  2  2  2  1  2  2  2  2  2  2  2  2  2  2  2  2  2  2  2  2  2  2
  6 Biopic                  61  20  0 21   1  1  1  1  1  1  1  1  1  1  1  2  1  1  1  1  2  1  2  1  1  1  2  1  2  2  2  2  2  1  1  2  2  2  2  2  2  2  2  2  2  2
  7 Shofar                  60  19  0 22   1  1  1  1  1  1  1  1  1  1  1  2  1  1  1  2  1  1  1  1  2  2  1  1  2  2  2  2  1  1  2  2  2  2  2  1  2  2  2  2  2  2
  8 Yomi AI                 59  19  1 21   1  1  1  1  1  1  1  1  1  1  1  1  1  1  1  1  1  0  2  1  1  2  2  1  2  2  2  1  2  2  1  2  2  2  2  2  2  2  2  2  2  2
  9 ACT-R Lag2              59  20  2 19   0  0  1  1  1  1  1  1  1  1  1  1  1  2  1  1  2  1  2  1  2  2  2  1  2  2  2  1  1  1  2  2  2  1  2  2  2  2  2  2  2  2
 10 Boom                    58  17  0 24   1  1  1  1  1  1  1  1  1  1  1  1  1  1  1  1  2  1  2  1  1  1  1  1  2  2  2  1  1  2  2  2  2  2  2  1  2  2  2  2  2  2
 11 Bugbrain                57  17  1 23   1  1  0  1  1  1  1  1  1  1  1  1  1  1  1  2  1  1  2  1  1  2  1  1  2  2  2  1  1  2  2  2  1  2  2  1  2  2  2  2  2  2
 12 Robertot                55  18  4 19   0  1  1  1  1  0  0  1  1  1  1  1  1  1  1  1  2  1  1  1  2  2  1  0  2  2  2  1  1  1  2  2  2  2  2  2  2  2  2  2  2  2
 13 Majikthise              55  14  0 27   1  1  2  1  1  1  1  1  1  1  1  1  1  2  1  1  1  1  1  1  1  1  2  1  2  2  1  1  1  1  1  2  1  1  2  2  2  2  2  2  2  2
 14 Simple Predictor        53  19  7 15   0  0  0  1  0  1  1  1  0  1  1  1  0  1  1  1  1  0  2  1  1  1  2  1  2  2  2  2  1  2  2  2  2  2  2  2  2  2  2  2  2  2
 15 Vroomfondel             53  12  0 29   1  1  1  1  1  1  1  1  1  1  1  1  1  1  1  1  1  1  1  1  1  2  2  1  1  2  1  1  1  1  1  2  1  1  2  2  2  2  2  2  2  2
 16 Sweet Rocky             51  16  6 19   1  0  0  1  1  1  0  1  1  1  0  1  1  1  1  1  0  1  1  2  1  1  0  1  1  2  2  2  1  1  2  2  2  2  2  2  2  2  2  2  2  2
 17 Marble                  50  19 10 12   0  0  0  0  0  0  1  1  0  0  1  0  1  1  1  2  1  0  1  2  1  1  2  1  1  2  2  1  2  2  2  2  2  2  2  2  2  2  2  2  2  2
 18 * De Bruijn             48   8  1 32   1  1  1  1  1  1  1  2  1  1  1  1  1  2  1  1  2  1  2  1  2  1  1  1  2  1  1  1  2  1  1  1  1  1  1  1  1  1  2  1  1  0
 19 Granite                 48  19 12 10   0  0  0  0  0  0  1  0  0  0  0  1  1  0  1  1  1  0  1  1  1  2  2  1  2  2  2  2  2  1  2  2  2  2  2  2  2  2  2  2  2  2
 20 * Anti-rotn             46  12  7 22   1  1  0  0  0  1  1  1  1  1  1  1  1  1  1  0  0  1  1  1  1  1  2  0  0  2  1  1  1  1  1  1  2  2  2  2  2  2  2  2  2  2
 21 Mixed Strategy          46  13  8 20   0  1  0  0  0  1  0  1  0  1  1  0  1  1  1  1  1  0  1  1  1  1  2  1  1  1  1  2  1  1  1  2  2  2  2  2  2  2  2  2  2  2
 22 Piedra                  45  14 10 17   0  1  0  1  0  1  0  0  0  1  0  0  1  1  0  1  1  1  0  1  1  1  1  1  1  1  2  1  1  2  2  2  2  2  2  2  2  2  2  2  2  2
 23 Inocencio               43  17 15  9   0  0  0  0  0  0  1  0  0  1  1  1  0  0  0  2  0  1  0  0  0  1  1  1  1  2  2  2  2  1  2  2  2  2  2  2  2  2  2  2  2  2
 24 * Pi                    42   2  1 38   1  1  1  1  1  1  1  1  1  1  1  2  1  1  1  1  1  1  1  2  1  1  1  1  1  1  1  1  1  1  1  1  0  1  1  1  1  1  1  1  1  1
 25 ZQ Bot                  41  16 16  9   0  0  0  0  0  0  0  0  0  0  0  0  0  0  1  1  1  0  0  2  1  1  1  1  1  2  2  1  1  2  2  2  2  2  2  2  2  2  2  2  2  2
 26 Multi-strategy          33  13 21  7   0  0  0  0  0  0  0  0  0  0  0  0  0  0  0  0  0  1  0  0  1  1  0  1  0  1  2  2  1  1  1  2  2  2  2  2  2  2  2  2  2  2
 27 Peterbot                32  11 20 10   0  0  0  0  0  0  0  0  0  0  0  0  1  0  1  0  0  1  0  1  1  0  0  1  0  0  1  2  1  1  1  2  1  2  2  2  2  2  2  2  2  2
 28 * Copy-drift            30   4 15 22   0  0  0  0  0  0  0  1  1  1  1  1  1  0  1  0  1  1  0  1  0  1  0  1  1  0  0  1  1  2  1  0  1  2  1  2  1  1  1  1  1  2
 29 * Foxtrot               30   0 11 30   0  0  1  0  0  0  1  0  1  1  1  1  1  1  1  1  0  0  0  1  1  1  0  1  1  1  1  1  1  1  1  1  0  1  1  1  1  1  1  1  1  1
 30 * Add-drift             28   0 13 28   0  0  0  0  0  1  1  0  1  0  0  1  1  0  1  1  0  1  1  1  1  0  1  1  0  1  1  0  1  1  1  1  1  1  1  1  1  1  1  1  1  1
 31 * Add-react             25   1 17 23   0  0  0  0  0  1  0  1  0  0  0  0  1  0  1  0  0  1  0  1  1  0  0  1  0  1  1  1  1  1  1  1  1  1  1  1  1  1  1  1  1  2
 32 Knucklehead             23   6 24 11   0  0  0  0  0  0  0  0  0  0  0  0  0  0  0  0  0  1  0  1  0  0  0  1  0  0  0  2  1  1  1  1  1  2  1  1  1  2  2  1  2  2
 33 * Text                  19   3 25 13   0  0  0  0  0  0  0  0  0  0  1  0  1  0  1  0  0  1  0  0  0  0  0  2  0  0  1  1  2  1  1  1  1  0  0  1  1  0  0  1  1  2
 34 Beat The Last Move      19   5 27  9   0  0  0  0  0  0  0  0  1  0  0  0  1  0  1  0  0  1  0  0  0  0  0  1  0  0  0  0  1  1  1  0  2  1  0  0  0  2  2  2  1  2
 35 Always Switchin'        19   3 25 13   0  0  0  0  0  0  0  0  0  0  0  0  0  0  0  0  0  1  0  0  0  0  0  1  0  0  0  1  1  1  1  1  2  2  1  1  1  1  2  1  1  1
 36 * Flat                  19   2 24 15   0  0  0  0  0  0  1  0  0  1  1  0  0  0  0  0  0  1  0  0  0  0  0  1  0  0  0  0  1  1  1  1  1  2  1  1  1  1  2  1  1  0
 37 * Switch A Lot          18   1 24 16   0  1  0  0  0  0  0  0  0  0  0  0  0  0  0  0  0  1  0  0  0  0  0  1  0  0  0  1  1  1  1  1  1  2  1  1  1  1  1  1  1  1
 38 Good Ole Rock           16   3 28 10   0  0  0  0  0  0  0  0  0  0  0  0  0  0  0  0  0  1  0  0  0  0  0  1  0  0  0  1  1  1  1  0  2  0  1  1  1  1  0  2  1  2
 39 Beat Frequent Pick      15   4 30  7   0  0  0  0  0  0  0  0  0  0  0  0  0  0  0  0  0  0  0  0  0  0  0  1  0  0  0  1  1  1  1  0  2  0  0  0  1  2  1  2  1  2
 40 R-P-S 20-20-60          14   1 28 12   0  0  0  0  0  0  0  0  0  0  0  0  0  0  0  0  0  1  0  0  0  0  0  1  0  0  0  1  1  1  1  1  1  0  1  1  1  0  0  1  1  2
 41 Rotate R-P-S            14   0 27 14   0  0  0  0  0  0  0  0  0  0  0  0  0  0  0  0  0  1  0  0  0  0  0  1  0  0  0  1  1  1  1  0  1  1  1  1  1  1  1  1  1  0
 42 * Anti-Flat             11   3 33  5   0  0  0  0  0  0  0  0  0  0  0  0  0  0  0  0  0  2  0  0  0  0  0  1  0  0  0  0  1  1  0  0  0  0  1  2  1  0  0  0  2  1


   Yomi AI is match ranked 8

 Tournament results:
    Player Name          total 
  1 Yomi AI               7069 
 19 Iocaine Powder       10863 
 20 Phasenbott           10159 
 21 MegaHAL               9409 
 22 RussRocker4           7697 
 23 Biopic                8597 
 24 Simple Modeller       8779 
 26 Robertot              7443 
 27 Boom                  7082 

   Yomi is tournament ranked 9

