 Playing 1 tournaments with 1000 trials per match...

 Yomi AI            vs Good Ole Rock       Match:  985 (989+   4-   7=)
 Yomi AI            vs R-P-S 20-20-60      Match:  303 (538+ 235- 227=)
 Yomi AI            vs Rotate R-P-S        Match:  975 (979+   4-  17=)
 Yomi AI            vs Beat The Last Move  Match:   46 (361+ 315- 324=)
 Yomi AI            vs Always Switchin'    Match:  278 (461+ 183- 356=)
 Yomi AI            vs Beat Frequent Pick  Match:  462 (647+ 185- 168=)
 Yomi AI            vs * Pi                Match:  -42 (301+ 343- 356=)
 Yomi AI            vs * Switch A Lot      Match:  139 (422+ 283- 295=)
 Yomi AI            vs * Flat              Match:  157 (398+ 241- 361=)
 Yomi AI            vs * Anti-Flat         Match:  966 (974+   8-  18=)
 Yomi AI            vs * Foxtrot           Match:  295 (537+ 242- 221=)
 Yomi AI            vs * De Bruijn         Match:  -63 (293+ 356- 351=)
 Yomi AI            vs * Text              Match:   87 (383+ 296- 321=)
 Yomi AI            vs * Anti-rotn         Match:   48 (356+ 308- 336=)
 Yomi AI            vs * Copy-drift        Match:   41 (355+ 314- 331=)
 Yomi AI            vs * Add-react         Match:   73 (374+ 301- 325=)
 Yomi AI            vs * Add-drift         Match:   12 (334+ 322- 344=)
 Yomi AI            vs Iocaine Powder      Match: -130 (295+ 425- 280=)
 Yomi AI            vs Phasenbott          Match: -111 (298+ 409- 293=)
 Yomi AI            vs MegaHAL             Match:  -46 (334+ 380- 286=)
 Yomi AI            vs RussRocker4         Match:  -14 (370+ 384- 246=)
 Yomi AI            vs Biopic              Match:  -10 (373+ 383- 244=)
 Yomi AI            vs Simple Modeller     Match:  -10 (347+ 357- 296=)
 Yomi AI            vs Simple Predictor    Match:   17 (361+ 344- 295=)
 Yomi AI            vs Robertot            Match:  -57 (348+ 405- 247=)
 Yomi AI            vs Boom                Match:   36 (359+ 323- 318=)
 Yomi AI            vs Shofar              Match:  -71 (306+ 377- 317=)
 Yomi AI            vs ACT-R Lag2          Match:  -24 (345+ 369- 286=)
 Yomi AI            vs Majikthise          Match:  -36 (338+ 374- 288=)
 Yomi AI            vs Vroomfondel         Match:  -22 (339+ 361- 300=)
 Yomi AI            vs Granite             Match:   90 (444+ 354- 202=)
 Yomi AI            vs Marble              Match:  118 (454+ 336- 210=)
 Yomi AI            vs ZQ Bot              Match:   55 (403+ 348- 249=)
 Yomi AI            vs Sweet Rocky         Match:   78 (399+ 321- 280=)
 Yomi AI            vs Piedra              Match:   33 (381+ 348- 271=)
 Yomi AI            vs Mixed Strategy      Match:    4 (371+ 367- 262=)
 Yomi AI            vs Multi-strategy      Match:  214 (483+ 269- 248=)
 Yomi AI            vs Inocencio           Match:  120 (465+ 345- 190=)
 Yomi AI            vs Peterbot            Match:   43 (354+ 311- 335=)
 Yomi AI            vs Bugbrain            Match:  -20 (331+ 351- 318=)
 Yomi AI            vs Knucklehead         Match:  404 (592+ 188- 220=)
 Final results (draw value = 50):

 Tournament results: 

    Player Name          total     1    2    3    4    5    6    7    8    9   10   11   12   13   14   15   16   17   18   19   20   21   22   23   24   25   26   27   28   29   30   31   32   33   34   35   36   37   38   39   40   41   42
  1 Iocaine Powder       11259     0  194  115   74   21   14   47  538   -1  156  279  236   71   50   28   46  319  130   50    4   61  112  217  190   36  -20  179  340  232  557  252   36  111  223  188  910  363  928  997 1000  987  989
  2 Phasenbott           10078  -194    0   61   44   30   81   36  517   62  137  224  204   44   13   23   82  281  111   70   -9    3   22  209  238   42  -28  109  382   90  389  338   76  102   80  272  886  147  944  984  995  990  991
  3 MegaHAL               9747  -115  -61    0   24   -4  -13    7  115   44   82  255  262   39   42  -15   32  269   46   44   34   30   60  167  220   21  -23  158   52  107  346  297  238  189  184  431  902  351  941  996 1000  993 1000
  4 Simple Modeller       9432   -74  -44  -24    0  -25   36   26  -32  -10  312   68   59   12   28   43    4  287   10   45    4   -3   30  789  218   -7   -1  311  -62  228  282   90  238  131  105  485  910  392  588  995  998  993  997
  5 Biopic                8985   -21  -30    4   25    0   38   44    8   -9   51  137   99   29   -5   27   36   97   10   63    1   11   31  154  320  -40    7   26  357   51  484   42  161  131  169  286  994  457  766  988  996  993  997
  6 Robertot              7877   -14  -81   13  -36  -38    0   17   13   38   28   65   82   -1   50   42    7   88   57   72  -32  -53   71   27  205   22  -36   38   -7   88  321  101   58  159   49  456  757  387  914  967  998  996  989
  7 Piedra                7800   -47  -36   -7  -26  -44  -17    0  -35  -27    3    4  -82  -16  -19    7   47  -46  -33   40  -52  -13  -18  787   91   12  -57   45    5   34  179  269  213  178  148  357  997  404  588  992  996  988  991
  8 RussRocker4           7638  -538 -517 -115   32   -8  -13   35    0   30   98  150  166  -33   44   12   41  167   14   54  -50   21   34  122  269  -53   21  103  130  153  498  324  113  108  124  260  921  349  589  994  999  993  997
  9 Boom                  7525     1  -62  -44   10    9  -38   27  -30    0  -12   10   37  -15  -13   14   67   27  -36   44   25  -22  145   64  285   44   37   25   32   16  485   74  165  133  -12  432  486  392  753  991  995  990  994
 10 Simple Predictor      6556  -156 -137  -82 -312  -51  -28   -3  -98   12    0   19   17  -50   10   -3   45  143  -17   40   -7  -63   42   71  191  -79  -21  309  -68  271  274  118  192  154  116  423  322  408  587  984  996  989  998
 11 Marble                6457  -279 -224 -255  -68 -137  -65   -4 -150  -10  -19    0   -6  -94  -55  -57   43  -14 -118   77  -55  -14   40  641  257  -89  -47   45   63   61  336   60  116  181  192  240  918  368  592  994  998  995 1000
 12 Granite               5981  -236 -204 -262  -59  -99  -82   82 -166  -37  -17    6    0 -125  -73  -46   93  -19  -90   46  -21  -57  -29   33  292  -67  -48   27   62   86  321  114  119  181  164  212  911  397  591  996  999  995  991
 13 ACT-R Lag2            5932   -71  -44  -39  -12  -29    1   16   33   15   50   94  125    0   46  -33   56  102   24   48    0    8   36   52  310  -58   -9    0   10  -32  508   37  110  112  110  242  225  329  571   12  994  993  990
 14 Bugbrain              5782   -50  -13  -42  -28    5  -50   19  -44   13  -10   55   73  -46    0   20   31  181   20   64    5   10   57   36  107    5    6   75  -21   17  191   92  107   20   22  208  189  167  435  953  968  939  996
 15 Shofar                5726   -28  -23   15  -43  -27  -42   -7  -12  -14    3   57   46   33  -20    0   39  -15   71   33  -29  -15   33   19  134   11   20   -1    7   79  136  -37  126   67   83  449  -10  280  547  862  972  946  981
 16 Sweet Rocky           5607   -46  -82  -32   -4  -36   -7  -47  -41  -67  -45  -43  -93  -56  -31  -39    0  -22  -78   41  -12  -58  -54  -24   84  -33  -44   90  -11   53  189  290   87  153  193  308  178  376  593  991  998  990  998
 17 ZQ Bot                5515  -319 -281 -269 -287  -97  -88   46 -167  -27 -143   14   19 -102 -181   15   22    0  -55   62  -52  -52    3  -51  244  -65   10   46  -10   38  311  172  178  163  148  285 1000  428  594  995  995  985  988
 18 Yomi AI               5423  -130 -111  -46  -10  -10  -57   33  -14   36   17  118   90  -24  -20  -71   78   55    0   48  -22  -36    4  120  214  -63  -42   12  295   41  404   73  139   87  157  278   43  303  462   46  985  975  966
 19 * Anti-rotn           5287   -50  -70  -44  -45  -63  -72  -40  -54  -44  -40  -77  -46  -48  -64  -33  -41  -62  -48    0  -21  -13   -6  365  250  -41  -42   34  -35   -7   69   -7  337   61  186  481  498  142  500  492  999  998  988
 20 Vroomfondel           4933    -4    9  -34   -4   -1   32   52   50  -25    7   55   21    0   -5   29   12   52   22   21    0   15    2   44  119    1    1   12   25   25  215   41   81   56  116  302   43  133  447  -14  996  992  992
 21 Majikthise            4901   -61   -3  -30    3  -11   53   13  -21   22   63   14   57   -8  -10   15   58   52   36   13  -15    0   12   81  205  -16   56  -33   14   73  218   39   93   31   70  267    6  133  450  -17  992  991  996
 22 Mixed Strategy        4586  -112  -22  -60  -30  -31  -71   18  -34 -145  -42  -40   29  -36  -57  -33   54   -3   -4    6   -2  -12    0  -49  -31  -54  -39  -11  -19   32  177   31   99  141   36  127  -30  384  503  974  996  962  984
 23 Inocencio             2185  -217 -209 -167 -789 -154  -27 -787 -122  -64  -71 -641  -33  -52  -36  -19   24   51 -120 -365  -44  -81   49    0  201   -8   -6  -12  316   30  202  104   46  171  145  266  170  356  344  801  980  980  973
 24 Multi-strategy        1986  -190 -238 -220 -218 -320 -205  -91 -269 -285 -191 -257 -292 -310 -107 -134  -84 -244 -214 -250 -119 -205   31 -201    0  -50  -20   11  -12  292   25   15  300  123  118  481  -85  411  999  997  999  997  998
 25 * De Bruijn            471   -36  -42  -21    7   40  -22  -12   53  -44   79   89   67   58   -5  -11   33   65   63   41   -1   16   54    8   50    0   -1   11   -6  -43  -23  -22  -15   23  -21   20  -24    4  128   -1    0   21 -109
 26 * Pi                   337    20   28   23    1   -7   36   57  -21  -37   21   47   48    9   -6  -20   44  -10   42   42   -1  -56   39    6   20    1    0  -49   22  -19   -1   15   37  -81   40   25   19  -15   30   22  -11  -11  -12
 27 * Add-drift          -1610  -179 -109 -158 -311  -26  -38  -45 -103  -25 -309  -45  -27    0  -75    1  -90  -46  -12  -34  -12   33   11   12  -11  -11   49    0   26    2  -38 -128   20   -4   21    9   -5   11  -11    3   -2   51   -5
 28 * Foxtrot            -1869  -340 -382  -52   62 -357    7   -5 -130  -32   68  -63  -62  -10   21   -7   11   10 -295   35  -25  -14   19 -316   12    6  -22  -26    0    8   -3   19  -39   38   58   31  -29  -17    6  -18    5  -23  -18
 29 * Copy-drift         -2007  -232  -90 -107 -228  -51  -88  -34 -153  -16 -271  -61  -86   32  -17  -79  -53  -38  -41    7  -25  -73  -32  -30 -292   43   19   -2   -8    0  -46   14   14   56   38  -21  -40   10  -51    2    4  -17   36
 30 Knucklehead          -2051  -557 -389 -346 -282 -484 -321 -179 -498 -485 -274 -336 -321 -508 -191 -136 -189 -311 -404  -69 -215 -218 -177 -202  -25   23    1   38    3   46    0   11   16   -1  -12    5  970   23  187  982  941  901  932
 31 * Add-react          -2655  -252 -338 -297  -90  -42 -101 -269 -324  -74 -118  -60 -114  -37  -92   37 -290 -172  -73    7  -41  -39  -31 -104  -15   22  -15  128  -19  -14  -11    0  -21   -3   -3   -9  -33  -31   -9   -8  104   43  153
 32 * Switch A Lot       -3134   -36  -76 -238 -238 -161  -58 -213 -113 -165 -192 -116 -119 -110 -107 -126  -87 -178 -139 -337  -81  -93  -99  -46 -300   15  -37  -20   39  -14  -16   21    0   43   -2   24 -110  -24   89  315  -12   -8   -9
 33 * Text               -3203  -111 -102 -189 -131 -131 -159 -178 -108 -133 -154 -181 -181 -112  -20  -67 -153 -163  -87  -61  -56  -31 -141 -171 -123  -23   81    4  -38  -56    1    3  -43    0   61   18   24   51 -185  -74 -185  -11  112
 34 * Flat               -3353  -223  -80 -184 -105 -169  -49 -148 -124   12 -116 -192 -164 -110  -22  -83 -193 -148 -157 -186 -116  -70  -36 -145 -118   21  -40  -21  -58  -38   12    3    2  -61    0   -1 -197  -29  223  183    1  -27 -400
 35 Always Switchin'     -7530  -188 -272 -431 -485 -286 -456 -357 -260 -432 -423 -240 -212 -242 -208 -449 -308 -285 -278 -481 -302 -267 -127 -266 -481  -20  -25   -9  -31   21   -5    9  -24  -18    1    0 -270    8   49  466   26   43  -15
 36 Peterbot             -7631  -910 -886 -902 -910 -994 -757 -997 -921 -486 -322 -918 -911 -225 -189   10 -178 -1000  -43 -498  -43   -6   30 -170   85   24  -19    5   29   40 -970   33  110  -24  197  270    0  414  429  982 1000  997  993
 37 R-P-S 20-20-60       -9016  -363 -147 -351 -392 -457 -387 -404 -349 -392 -408 -368 -397 -329 -167 -280 -376 -428 -303 -142 -133 -133 -384 -356 -411   -4   15  -11   17  -10  -23   31   24  -51   29   -8 -414    0 -411 -183 -420    9  251
 38 Beat Frequent Pick  -14305  -928 -944 -941 -588 -766 -914 -588 -589 -753 -587 -592 -591 -571 -435 -547 -593 -594 -462 -500 -447 -450 -503 -344 -999 -128  -30   11   -6   51 -187    9  -89  185 -223  -49 -429  411    0 -600  999    0  996
 39 Beat The Last Move  -19043  -997 -984 -996 -995 -988 -967 -992 -994 -991 -984 -994 -996  -12 -953 -862 -991 -995  -46 -492   14   17 -974 -801 -997    1  -22   -3   18   -2 -982    8 -315   74 -183 -466 -982  183  600    0 1000    1  997
 40 Good Ole Rock       -26294  -1000 -995 -1000 -998 -996 -998 -996 -999 -995 -996 -998 -999 -994 -968 -972 -998 -995 -985 -999 -996 -992 -996 -980 -999    0   11    2   -5   -4 -941 -104   12  185   -1  -26 -1000  420 -999 -1000    0    0 1000
 41 Rotate R-P-S        -26305  -987 -990 -993 -993 -993 -996 -988 -993 -990 -989 -995 -995 -993 -939 -946 -990 -985 -975 -998 -992 -991 -962 -980 -997  -21   11  -51   23   17 -901  -43    8   11   27  -43 -997   -9    0   -1    0    0 -686
 42 * Anti-Flat         -28000  -989 -991 -1000 -997 -997 -989 -991 -997 -994 -998 -1000 -991 -990 -996 -981 -998 -988 -966 -988 -992 -996 -984 -973 -998  109   12    5   18  -36 -932 -153    9 -112  400   15 -993 -251 -996 -997 -1000  686    0

 Match results (draw <= 50): 

    Player Name           total  W  L  D   1  2  3  4  5  6  7  8  9 10 11 12 13 14 15 16 17 18 19 20 21 22 23 24 25 26 27 28 29 30 31 32 33 34 35 36 37 38 39 40 41 42
  1 Iocaine Powder          70  29  0 12   1  2  2  1  2  2  1  1  2  1  1  2  1  2  1  2  1  1  1  2  2  2  2  2  1  2  2  2  2  2  2  2  2  1  2  2  2  2  2  2  2  2
  2 Phasenbott              69  29  1 11   0  1  2  1  2  1  2  1  1  2  1  1  1  2  1  2  2  1  2  2  2  1  2  2  1  2  2  2  2  2  2  2  2  2  2  2  2  2  2  2  2  2
  3 MegaHAL                 63  24  2 15   0  0  1  1  2  1  1  1  1  1  1  1  1  1  1  2  1  1  1  2  2  2  2  2  1  2  2  2  2  2  2  2  2  2  2  2  2  2  2  2  2  2
  4 Biopic                  62  21  0 20   1  1  1  1  1  1  1  1  1  1  1  1  1  1  1  2  1  1  2  2  2  1  2  2  1  2  1  2  2  1  2  2  2  2  2  2  2  2  2  2  2  2
  5 RussRocker4             60  23  4 14   0  0  0  1  1  1  1  1  1  1  1  1  1  1  1  2  1  0  2  2  2  1  2  2  1  2  2  2  2  2  2  2  2  2  2  2  2  2  2  2  2  2
  6 Simple Modeller         60  21  2 18   0  1  1  1  1  1  1  1  1  1  1  1  1  1  1  2  1  1  1  2  2  1  2  2  1  0  2  2  2  2  2  2  2  2  2  2  2  2  2  2  2  2
  7 Robertot                59  20  2 19   1  0  1  1  1  1  1  1  0  1  1  1  1  2  1  1  1  1  2  2  2  2  1  2  1  1  1  2  2  2  2  2  2  2  2  1  2  2  2  2  2  2
  8 Bugbrain                59  18  0 23   1  1  1  1  1  1  1  1  1  1  1  1  1  1  1  1  1  1  2  2  2  2  1  2  1  1  2  2  2  2  1  2  2  2  1  1  2  2  2  2  2  2
  9 Majikthise              58  18  1 22   0  1  1  1  1  1  2  1  1  1  1  1  1  1  1  2  2  1  1  2  1  1  2  2  2  1  1  1  2  1  2  2  1  2  1  2  2  2  2  2  2  2
 10 Boom                    56  16  1 24   1  0  1  1  1  1  1  1  1  1  1  1  1  1  1  1  2  1  1  1  1  2  2  1  1  1  1  2  2  2  1  2  2  2  2  1  2  2  2  2  2  2
 11 Shofar                  56  15  0 26   1  1  1  1  1  1  1  1  1  1  1  1  1  2  1  1  1  1  1  1  2  1  1  1  1  1  1  1  2  1  2  2  2  2  2  2  2  2  2  2  2  2
 12 ACT-R Lag2              56  17  2 22   0  1  1  1  1  1  1  1  1  1  1  1  1  1  1  1  2  0  1  2  2  1  2  2  1  1  1  2  2  1  1  2  1  2  2  2  2  2  2  2  2  2
 13 Vroomfondel             55  14  0 27   1  1  1  1  1  1  1  1  1  1  1  1  1  1  2  1  1  1  1  1  2  1  1  2  1  1  1  1  2  1  1  2  1  2  2  2  2  2  2  2  2  2
 14 Yomi AI                 54  18  5 18   0  0  1  1  1  1  0  1  1  1  0  1  1  1  1  1  2  0  1  2  2  1  2  2  1  2  1  1  2  2  1  2  1  2  2  2  2  2  2  2  2  2
 15 Piedra                  53  15  3 23   1  1  1  1  1  1  1  1  1  1  1  1  0  1  1  1  1  1  1  0  1  1  2  1  0  1  1  2  2  2  1  2  2  2  2  2  2  2  2  2  2  2
 16 Simple Predictor        50  18  9 14   0  0  0  0  0  0  1  1  0  1  1  1  1  1  1  1  1  0  1  1  1  1  2  2  1  0  2  2  2  2  2  2  2  2  2  2  2  2  2  2  2  2
 17 Sweet Rocky             50  16  7 18   1  0  1  1  1  1  1  1  0  0  1  0  1  0  1  1  1  1  1  0  1  0  1  1  1  1  2  2  2  2  2  2  2  2  2  2  2  2  2  2  2  2
 18 * De Bruijn             49   9  1 31   1  1  1  1  2  1  1  1  1  1  1  2  1  2  1  2  1  1  1  2  2  2  1  2  1  1  1  1  1  1  1  1  1  1  1  1  1  2  1  1  1  0
 19 * Anti-rotn             48  14  7 20   1  0  1  0  0  1  0  0  1  1  1  1  1  1  1  1  1  1  1  1  0  1  2  0  1  1  1  2  2  1  1  2  2  2  2  2  2  2  2  2  2  2
 20 Granite                 47  18 12 11   0  0  0  0  0  0  0  0  0  1  1  0  1  0  2  1  2  0  1  1  1  1  1  1  1  2  1  2  2  2  2  2  2  2  2  2  2  2  2  2  2  2
 21 Marble                  46  18 13 10   0  0  0  0  0  0  0  0  1  1  0  0  0  0  1  1  1  0  2  1  1  1  2  1  1  2  1  2  2  2  2  2  2  2  2  2  2  2  2  2  2  2
 22 Mixed Strategy          46  11  6 24   0  1  0  1  1  1  0  0  1  0  1  1  1  1  1  1  2  0  1  1  1  1  1  1  1  1  1  1  1  1  1  2  2  2  2  1  2  2  2  2  2  2
 23 Inocencio               42  15 14 12   0  0  0  0  0  0  1  1  0  0  1  0  1  0  0  0  1  1  0  1  0  1  1  2  1  2  1  2  2  2  1  2  2  1  2  2  2  2  2  2  2  2
 24 ZQ Bot                  41  15 15 11   0  0  0  0  0  0  0  0  0  1  1  0  0  0  1  0  1  0  2  1  1  1  0  1  1  1  1  2  2  2  1  2  2  2  2  2  2  2  2  2  2  2
 25 * Pi                    40   1  2 38   1  1  1  1  1  1  1  1  0  1  1  1  1  1  2  1  1  1  1  1  1  1  1  1  1  1  1  1  1  1  1  1  1  1  0  1  1  1  1  1  1  1
 26 * Foxtrot               35   3  9 29   0  0  0  0  0  2  1  1  1  1  1  1  1  0  1  2  1  1  1  0  0  1  0  1  1  1  1  1  1  1  1  1  1  1  1  2  1  1  1  1  1  1
 27 * Add-drift             33   1  9 31   0  0  0  1  0  0  1  0  1  1  1  1  1  1  1  0  0  1  1  1  1  1  1  1  1  1  1  1  1  0  1  1  1  1  1  1  1  1  1  1  2  1
 28 Peterbot                32  10 19 12   0  0  0  0  0  0  0  0  1  0  1  0  1  1  0  0  0  1  0  0  0  1  0  0  1  1  1  1  2  1  1  0  2  2  1  2  2  2  2  2  2  2
 29 Multi-strategy          29  11 23  7   0  0  0  0  0  0  0  0  0  0  0  0  0  0  0  0  0  1  0  0  0  1  0  0  1  1  1  0  1  1  2  1  2  2  2  2  2  2  2  2  2  2
 30 * Add-react             28   3 16 22   0  0  0  1  0  0  0  0  1  0  1  1  1  0  0  0  0  1  1  0  0  1  0  0  1  1  2  1  1  1  1  1  1  1  1  1  1  1  2  1  1  2
 31 * Copy-drift            27   1 15 25   0  0  0  0  0  0  0  1  0  1  0  1  1  1  1  0  0  1  1  0  0  1  1  1  1  1  1  1  0  1  1  1  1  1  2  1  1  0  1  1  1  1
 32 Knucklehead             24   6 23 12   0  0  0  0  0  0  0  0  0  0  0  0  0  0  0  0  0  1  0  0  0  0  0  0  1  1  1  2  1  1  1  1  2  1  1  1  1  2  2  1  2  2
 33 Beat The Last Move      21   5 25 11   0  0  0  0  0  0  0  0  1  0  0  1  1  1  0  0  0  1  0  0  0  0  0  0  1  1  1  0  0  1  1  0  1  0  2  0  0  2  2  2  1  2
 34 * Switch A Lot          20   2 23 16   1  0  0  0  0  0  0  0  0  0  0  0  0  0  0  0  0  1  0  0  0  0  1  0  1  1  1  0  0  1  1  1  2  1  1  1  1  2  1  1  1  1
 35 * Text                  19   4 26 11   0  0  0  0  0  0  0  1  1  0  0  0  0  0  0  0  0  1  0  0  0  0  0  0  2  1  1  1  0  1  0  1  0  1  1  2  1  0  0  2  1  2
 36 * Flat                  19   2 24 15   0  0  0  0  0  0  1  1  0  1  0  0  0  0  0  0  0  1  0  0  0  1  0  0  1  0  1  0  0  1  1  1  2  1  0  1  1  2  1  1  1  0
 37 Always Switchin'        17   1 25 15   0  0  0  0  0  0  0  0  0  0  0  0  0  0  0  0  0  1  0  0  0  0  0  0  1  1  1  0  0  1  1  1  2  1  1  1  1  1  1  1  1  1
 38 Beat Frequent Pick      16   5 30  6   0  0  0  0  0  0  0  0  0  0  0  0  0  0  0  0  0  0  0  0  0  0  0  0  1  1  1  0  0  1  2  0  0  0  2  0  1  1  2  2  1  2
 39 Good Ole Rock           15   3 29  9   0  0  0  0  0  0  0  0  0  0  0  0  0  0  0  0  0  1  0  0  0  0  0  0  1  1  1  0  0  0  1  0  0  1  2  1  1  0  1  2  1  2
 40 R-P-S 20-20-60          13   1 29 11   0  0  0  0  0  0  0  0  0  0  0  0  0  0  0  0  0  1  0  0  0  0  0  0  1  1  1  0  0  1  1  1  0  1  0  1  1  0  0  1  1  2
 41 Rotate R-P-S            13   0 28 13   0  0  0  0  0  0  0  0  0  0  0  0  0  0  0  0  0  1  0  0  0  0  0  0  1  1  0  0  0  1  1  0  1  1  1  1  1  1  1  1  1  0
 42 * Anti-Flat             12   3 32  6   0  0  0  0  0  0  0  0  0  0  0  0  0  0  0  0  0  2  0  0  0  0  0  0  1  1  1  0  0  0  1  0  0  1  0  2  1  0  0  0  2  1


   Yomi AI is match ranked 14

 Tournament results:
    Player Name          total 
  1 Yomi AI               5423 
 19 Iocaine Powder       11259 
 20 Phasenbott           10078 
 21 MegaHAL               9747 
 22 RussRocker4           7638 
 23 Biopic                8985 
 24 Simple Modeller       9432 
 25 Simple Predictor      6556 
 26 Robertot              7877 
 27 Boom                  7525 
 28 Shofar                5726 
 29 ACT-R Lag2            5932 
 32 Granite               5981 
 33 Marble                6457 
 34 ZQ Bot                5515 
 35 Sweet Rocky           5607 
 36 Piedra                7800 
 41 Bugbrain              5782 

   Yomi is tournament ranked 18

