 Playing 1 tournaments with 1000 trials per match...

 Yomi AI            vs Good Ole Rock       Match:   25 (343+ 318- 339=)
 Yomi AI            vs R-P-S 20-20-60      Match:   90 (393+ 303- 304=)
 Yomi AI            vs Rotate R-P-S        Match:  -13 (312+ 325- 363=)
 Yomi AI            vs Beat The Last Move  Match:   -2 (351+ 353- 296=)
 Yomi AI            vs Always Switchin'    Match:   25 (350+ 325- 325=)
 Yomi AI            vs Beat Frequent Pick  Match:   45 (409+ 364- 227=)
 Yomi AI            vs * Pi                Match:   13 (331+ 318- 351=)
 Yomi AI            vs * Switch A Lot      Match:    9 (346+ 337- 317=)
 Yomi AI            vs * Flat              Match:  -25 (316+ 341- 343=)
 Yomi AI            vs * Anti-Flat         Match:  756 (825+  69- 106=)
 Yomi AI            vs * Foxtrot           Match:    3 (326+ 323- 351=)
 Yomi AI            vs * De Bruijn         Match:   28 (352+ 324- 324=)
 Yomi AI            vs * Text              Match:   57 (368+ 311- 321=)
 Yomi AI            vs * Anti-rotn         Match:  -23 (316+ 339- 345=)
 Yomi AI            vs * Copy-drift        Match:  -22 (320+ 342- 338=)
 Yomi AI            vs * Add-react         Match:    4 (339+ 335- 326=)
 Yomi AI            vs * Add-drift         Match:   32 (355+ 323- 322=)
 Yomi AI            vs Iocaine Powder      Match:   -2 (331+ 333- 336=)
 Yomi AI            vs Phasenbott          Match:    3 (327+ 324- 349=)
 Yomi AI            vs MegaHAL             Match:   20 (343+ 323- 334=)
 Yomi AI            vs RussRocker4         Match:    2 (339+ 337- 324=)
 Yomi AI            vs Biopic              Match:  -40 (312+ 352- 336=)
 Yomi AI            vs Simple Modeller     Match:  -21 (313+ 334- 353=)
 Yomi AI            vs Simple Predictor    Match:    8 (343+ 335- 322=)
 Yomi AI            vs Robertot            Match:   44 (369+ 325- 306=)
 Yomi AI            vs Boom                Match:  -42 (313+ 355- 332=)
 Yomi AI            vs Shofar              Match:  -21 (334+ 355- 311=)
 Yomi AI            vs ACT-R Lag2          Match:   73 (372+ 299- 329=)
 Yomi AI            vs Majikthise          Match:    3 (321+ 318- 361=)
 Yomi AI            vs Vroomfondel         Match:  -13 (319+ 332- 349=)
 Yomi AI            vs Granite             Match:  -19 (346+ 365- 289=)
 Yomi AI            vs Marble              Match:    2 (387+ 385- 228=)
 Yomi AI            vs ZQ Bot              Match:  -28 (336+ 364- 300=)
 Yomi AI            vs Sweet Rocky         Match:   40 (355+ 315- 330=)
 Yomi AI            vs Piedra              Match:   41 (365+ 324- 311=)
 Yomi AI            vs Mixed Strategy      Match:    8 (357+ 349- 294=)
 Yomi AI            vs Multi-strategy      Match:  -33 (315+ 348- 337=)
 Yomi AI            vs Inocencio           Match:   -8 (315+ 323- 362=)
 Yomi AI            vs Peterbot            Match:  -23 (321+ 344- 335=)
 Yomi AI            vs Bugbrain            Match:   29 (347+ 318- 335=)
 Yomi AI            vs Knucklehead         Match:   46 (342+ 296- 362=)
 Final results (draw value = 50):

 Tournament results: 

    Player Name          total     1    2    3    4    5    6    7    8    9   10   11   12   13   14   15   16   17   18   19   20   21   22   23   24   25   26   27   28   29   30   31   32   33   34   35   36   37   38   39   40   41   42
  1 Iocaine Powder       10972     0  108   79   19   44  159  535   36   48  272   47   65  231   23  274   27   81   75   20  -28   73  300  310    2   45  -20   80  341  584  231  212  117  227   33  880  222  379  896  988  981 1000  976
  2 Phasenbott            9721  -108    0   61   18   36  121  518   19   30  225   20   26  200   60  233    6   81   52  -12   30   48  189  158   -3   30  -13   99  358  411  107   82   70  364   26  887  264  174  909  979  988  997  981
  3 MegaHAL               9205   -79  -61    0  -12    6   46   77   19   54  226    2  -32  205   68  244  -39   38   11  -50  -35   46  261  227  -20  -16   29  145   63  362   16  140  133  278  211  864  455  402  948  985  994  998  996
  4 Simple Modeller       8960   -19  -18   12    0   58  253   -8    6  -15   77   27   -3  100   51  314   69    1  136   -4   18   40  189  621   21  -67  -19  254  -34  268  258  124  162  105  167  335  476  432  594  997  995  996  991
  5 Biopic                8716   -44  -36   -6  -58    0   39   20    6  -28  122   49  -42  129   40   96   18   44   66  -17  -20   53  258  180   40  -59  -40   27  409  554    1  155  158   66  184  816  328  412  822  994  992  996  992
  6 Simple Predictor      8285  -159 -121  -46 -253  -39    0  -86  -55   -2   66  -39  -22   -4   50  200   21   76   70  -52  -31   18  220  794   -8  -79   19  283  -36  251  277   93  166  147  218  941  438  419  587  985  989  993  996
  7 RussRocker4           8274  -535 -518  -77    8  -20   86    0  -14   27  146   10   14  128   18  162   54   24   72  -12   30   63  210  800   -2  -20   10  112  187  529  103   50   55  366  140  913  248  322  597  994  995  999 1000
  8 Boom                  7621   -36  -19  -19   -6   -6   55   14    0   15   48   43  -24   80    0   70    8   70   54   26  -31   34  227   56   42   33  -20    5   28  414   44   19  150   92  119  479  466  371  753  984  990  997  996
  9 Robertot              6957   -48  -30  -54   15   28    2  -27  -15    0   26  -39   72   92   34   77  -80   -9   15  -24  -23   23  182   51  -44  -26  -39    9  -15  373   31   66  165   69   89  459  462  396  879  821  999  998  997
 10 Marble                6754  -272 -225 -226  -77 -122  -66 -146  -48  -26    0  -66  -54  -15   59   -3  -99   56  -15  -64   -5   55  245  653   -2  -63   -9   14   31  358   -8  176  178   78  253  926  305  409  591  992  995  999  992
 11 ACT-R Lag2            6686   -47  -20   -2  -27  -49   39  -10  -43   39   66    0   15   90   37   83   27   12   61  -11  -26   18  249   66  -73  -93    7   16   17  511   39  127   54   96  132  248  289  314  572  877  991  998  997
 12 Shofar                6343   -65  -26   32    3   42   22  -14   24  -72   54  -15    0   99   46   87  -60   37   75  -15    9   46  146   11   21  -13   -7   28   33  135   77   55  109   22  200   88  439  351  556  902  924  989  968
 13 Granite               6132  -231 -200 -205 -100 -129    4 -128  -80  -92   15  -90  -99    0   43   21  -83   38   51  -82  -12   64  244   16   19  -62   -6  101    4  338   17  226  181   75  119  949  269  365  591  994  993  998  996
 14 Piedra                6060   -23  -60  -68  -51  -40  -50  -18    0  -34  -59  -37  -46  -43    0  -52  -38  -17    5  -62  -78   51  130  -27  -41   -2  -14   44  -28  208   39  134  160  337  173  513  201  389  591  989  990  996  998
 15 ZQ Bot                5946  -274 -233 -244 -314  -96 -200 -162  -70  -77    3  -83  -87  -21   52    0 -167   32   16  -83  -43   53  189  514   28  -43  -30   61   47  249   20  121  154  336  171  926  247  377  592  993  992 1000 1000
 16 Bugbrain              5746   -27   -6   39  -69  -18  -21  -54   -8   80   99  -27   60   83   38  167    0   46   39   13    7   59  111   30  -29  -27  -41   76   25  132   96   10   27   77  121  109  190  152  395  933  948  965  946
 17 Sweet Rocky           5666   -81  -81  -38   -1  -44  -76  -24  -70    9  -56  -12  -37  -38   17  -32  -46    0    9    4  -10   24   57  -57  -40  -38  -21   26  -33  206  -11   80  157  258  211  317  193  378  590 1000  986 1000  990
 18 Mixed Strategy        5220   -75  -52  -11 -136  -66  -70  -72  -54  -15   15  -61  -75  -51   -5  -16  -39   -9    0  -30  -22   65   23  248   -8  -78  -22   27  -39  153   27   98  157    0  180  197  139  411  541  977  975  998  995
 19 Majikthise            4949   -20   12   50    4   17   52   12  -26   24   64   11   15   82   62   83  -13   -4   30    0   25   -8  113   62   -3   -4   22   -4    4  244    1   69   25  -33  163  -15  220  163  451   23  992  992  992
 20 Vroomfondel           4631    28  -30   35  -18   20   31  -30   31   23    5   26   -9   12   78   43   -7   10   22  -25    0   -8  136   85   13  -29  -43   -1  -17  249  -28   79   23   37   95   14  259  146  455  -34  989  993  973
 21 * Anti-rotn           4591   -73  -48  -46  -40  -53  -18  -63  -34  -23  -55  -18  -46  -64  -51  -53  -59  -24  -65    8    8    0  223  -40   23  -75  -46   21  -12   32    9  156   55    6  287   26  476  198  596  495  999  998  981
 22 Multi-strategy        3004  -300 -189 -261 -189 -258 -220 -210 -227 -182 -245 -249 -146 -244 -130 -189 -111  -57  -23 -113 -136 -223    0 -126   33  -50  -20   -7  -49    9  222  181  123   26  243  500  441  391  999  997  997  999  997
 23 Inocencio             1602  -310 -158 -227 -621 -180 -794 -800  -56  -51 -653  -66  -11  -16   27 -514  -30   57 -248  -62  -85   40  126    0    8  -16  -32  -40  303  280   82  192  159   93  141   92  325  404  360  942  981  976  984
 24 Yomi AI               1071    -2    3   20  -21  -40    8    2  -42   44    2   73  -21  -19   41  -28   29   40    8    3  -13  -23  -33   -8    0   28   13   32    3   46  -22  -25   57    4    9  -23   25   90   45   -2  -13   25  756
 25 * De Bruijn            701   -45  -30   16   67   59   79   20  -33   26   63   93   13   62    2   43   27   38   78    4   29   75   50   16  -28    0   -1   26  -27   -2    3   15   23  -23  -51  -26  -15   12  128   -1   21    0 -105
 26 * Pi                   288    20   13  -29   19   40  -19  -10   20   39    9   -7    7    6   14   30   41   21   22  -22   43   46   20   32  -13    1    0   -7  -27  -22  -29   49  -81   44  -21   32  -18    1   30   22  -11  -11   -6
 27 * Add-drift          -1525   -80  -99 -145 -254  -27 -283 -112   -5   -9  -14  -16  -28 -101  -44  -61  -76  -26  -27    4    1  -21    7   40  -32  -26    7    0  -13  -13   43  -36   36  -39  -25  -36    1   17   30   21  -59   -3  -22
 28 * Foxtrot            -1581  -341 -358  -63   34 -409   36 -187  -28   15  -31  -17  -33   -4   28  -47  -25   33   39   -4   17   12   49 -303   -3   27   27   13    0   47  -13  -20   -8   18  -28  -12   41  -42   24   -9  -35   -7  -14
 29 Knucklehead          -1665  -584 -411 -362 -268 -554 -251 -529 -414 -373 -358 -511 -135 -338 -208 -249 -132 -206 -153 -244 -249  -32   -9 -280  -46    2   22   13  -47    0   90   18   21   52   -5 1000   17   94   89  997  898  972  998
 30 * Copy-drift         -1694  -231 -107  -16 -258   -1 -277 -103  -44  -31    8  -39  -77  -17  -39  -20  -96   11  -27   -1   28   -9 -222  -82   22   -3   29  -43   13  -90    0   -7   21   -8   29   -8   31  -47    5  -19  -29   41   19
 31 * Flat               -2773  -212  -82 -140 -124 -155  -93  -50  -19  -66 -176 -127  -55 -226 -134 -121  -10  -80  -98  -69  -79 -156 -181 -192   25  -15  -49   36   20  -18    7    0  -30   -7   20 -198   10   13  269  202   13   -1 -425
 32 * Text               -3091  -117  -70 -133 -162 -158 -166  -55 -150 -165 -178  -54 -109 -181 -160 -154  -27 -157 -157  -25  -23  -55 -123 -159  -57  -23   81  -36    8  -21  -21   30    0  -12   15   -2   43  -14 -185  -74  -11 -185  111
 33 * Add-react          -3106  -227 -364 -278 -105  -66 -147 -366  -92  -69  -78  -96  -22  -75 -337 -336  -77 -258    0   33  -37   -6  -26  -93   -4   23  -44   39  -18  -52    8    7   12    0   -8  -62   37   68    1   16   69  -30  -46
 34 * Switch A Lot       -3427   -33  -26 -211 -167 -184 -218 -140 -119  -89 -253 -132 -200 -119 -173 -171 -121 -211 -180 -163  -95 -287 -243 -141   -9   51   21   25   28    5  -29  -20  -15    8    0 -128   22  -14   32  287    8  -10  -13
 35 Peterbot             -6954  -880 -887 -864 -335 -816 -941 -913 -479 -459 -926 -248  -88 -949 -513 -926 -109 -317 -197   15  -14  -26 -500  -92   23   26  -32   36   12 -1000    8  198    2   62  128    0  241  394  435  981  997  999 1000
 36 Always Switchin'     -7213  -222 -264 -455 -476 -328 -438 -248 -466 -462 -305 -289 -439 -269 -201 -247 -190 -193 -139 -220 -259 -476 -441 -325  -25   15   18   -1  -41  -17  -31  -10  -43  -37  -22 -241    0    4   75  490   -3   22  -14
 37 R-P-S 20-20-60       -9229  -379 -174 -402 -432 -412 -419 -322 -371 -396 -409 -314 -351 -365 -389 -377 -152 -378 -411 -163 -146 -198 -391 -404  -90  -12   -1  -17   42  -94   47  -13   14  -68   14 -394   -4    0 -421 -161  -12 -349   45
 38 Beat Frequent Pick  -14027  -896 -909 -948 -594 -822 -587 -597 -753 -879 -591 -572 -556 -591 -591 -592 -395 -590 -541 -451 -455 -596 -999 -360  -45 -128  -30  -30  -24  -89   -5 -269  185   -1  -32 -435  -75  421    0 -600    0  999  996
 39 Beat The Last Move  -19960  -988 -979 -985 -997 -994 -985 -994 -984 -821 -992 -877 -902 -994 -989 -993 -933 -1000 -977  -23   34 -495 -997 -942    2    1  -22  -21    9 -997   19 -202   74  -16 -287 -981 -490  161  600    0    1 1000  996
 40 Rotate R-P-S        -25172  -981 -988 -994 -995 -992 -989 -995 -990 -999 -995 -991 -924 -993 -990 -992 -948 -986 -975 -992 -989 -999 -997 -981   13  -21   11   59   35 -898   29  -13   11  -69   -8 -997    3   12    0   -1    0    0 -663
 41 Good Ole Rock       -25339  -1000 -997 -998 -996 -996 -993 -999 -997 -998 -999 -998 -989 -998 -996 -1000 -965 -1000 -998 -992 -993 -998 -999 -976  -25    0   11    3    7 -972  -41    1  185   30   10 -999  -22  349 -999 -1000    0    0  998
 42 * Anti-Flat         -27345  -976 -981 -996 -991 -992 -996 -1000 -996 -997 -992 -997 -968 -996 -998 -1000 -946 -990 -995 -992 -973 -981 -997 -984 -756  105    6   22   14 -998  -19  425 -111   46   13 -1000   14  -45 -996 -996  663 -998    0

 Match results (draw <= 50): 

    Player Name           total  W  L  D   1  2  3  4  5  6  7  8  9 10 11 12 13 14 15 16 17 18 19 20 21 22 23 24 25 26 27 28 29 30 31 32 33 34 35 36 37 38 39 40 41 42
  1 Iocaine Powder          69  28  0 13   1  2  1  2  2  1  1  1  1  1  1  2  2  1  2  1  1  2  2  2  1  2  2  2  1  2  2  2  2  2  2  2  2  1  2  2  2  2  2  2  2  2
  2 Phasenbott              66  26  1 14   0  1  1  2  2  1  1  1  1  1  1  1  2  1  2  2  1  2  2  2  1  2  2  1  1  2  2  2  2  2  2  2  2  1  2  2  2  2  2  2  2  2
  3 Simple Modeller         65  25  1 15   1  1  1  1  1  2  1  2  1  1  1  1  2  1  1  2  0  2  2  2  1  2  2  1  1  1  2  2  2  2  2  2  2  2  2  2  2  2  2  2  2  2
  4 MegaHAL                 62  23  2 16   0  0  1  1  2  1  1  1  1  2  1  1  1  1  1  2  1  2  2  2  1  1  2  1  1  2  2  2  1  2  2  2  2  2  2  2  2  2  2  2  2  2
  5 RussRocker4             62  24  3 14   0  0  1  0  1  1  1  2  1  1  1  1  2  1  1  1  1  2  2  2  1  2  2  2  1  2  2  2  2  2  2  2  1  2  2  2  2  2  2  2  2  2
  6 Biopic                  60  21  2 18   1  1  0  1  1  1  1  1  1  1  1  1  1  1  1  1  0  2  2  2  1  2  2  2  1  2  2  1  1  2  2  2  2  2  2  2  2  2  2  2  2  2
  7 Boom                    60  19  0 22   1  1  1  1  1  1  1  1  1  1  1  1  2  1  2  1  1  1  2  2  1  2  2  1  1  1  2  1  1  2  2  2  1  2  2  2  2  2  2  2  2  2
  8 Bugbrain                59  20  2 19   1  1  0  1  0  1  1  1  1  2  1  2  1  1  1  1  1  2  2  2  1  1  1  2  1  1  2  2  2  2  2  2  1  2  2  2  1  2  2  2  2  2
  9 ACT-R Lag2              58  19  2 20   1  1  1  1  1  1  1  1  1  1  1  1  1  1  1  1  0  2  2  2  0  2  2  1  1  1  2  1  1  2  2  2  2  2  2  2  2  2  2  2  2  2
 10 Robertot                57  18  2 21   1  1  1  0  1  1  1  0  1  1  1  2  1  1  1  1  1  1  2  2  1  1  2  1  1  1  2  1  1  2  2  2  2  2  2  2  2  2  2  2  2  2
 11 Majikthise              57  16  0 25   1  1  1  1  1  1  1  1  1  1  1  1  2  1  1  2  1  2  2  2  1  1  2  1  1  1  2  1  1  1  2  1  2  2  1  2  1  2  2  2  2  2
 12 Shofar                  56  18  3 20   0  1  1  1  1  1  1  0  1  0  1  1  1  1  1  1  1  2  2  2  1  2  1  1  1  1  2  1  2  2  2  1  2  2  2  2  2  2  2  2  2  2
 13 Simple Predictor        55  21  7 13   0  0  0  1  0  1  0  1  1  1  0  1  1  1  2  1  0  2  2  1  1  2  2  1  1  1  2  2  2  2  2  2  2  2  2  2  2  2  2  2  2  2
 14 Vroomfondel             53  12  0 29   1  1  1  1  1  1  1  1  1  1  1  1  1  1  1  2  1  1  1  1  1  1  2  1  1  1  2  1  1  1  2  1  2  2  1  2  1  2  2  2  2  2
 15 Sweet Rocky             49  14  6 21   0  0  1  1  1  1  0  1  1  1  1  1  0  1  1  1  1  0  1  1  1  1  0  1  1  1  2  1  1  2  2  2  2  2  2  2  2  2  2  2  2  2
 16 Piedra                  49  15  7 19   1  0  0  0  1  1  1  1  1  1  0  1  1  0  1  1  1  0  0  1  1  1  1  2  1  1  2  1  1  2  2  2  2  2  2  2  2  2  2  2  2  2
 17 * De Bruijn             48   9  2 30   1  1  2  1  1  2  1  1  2  1  1  1  2  1  1  1  1  2  1  2  1  2  1  2  1  1  1  1  1  1  1  1  1  0  1  1  1  1  2  1  0  1
 18 Marble                  47  18 12 11   0  0  0  0  0  0  1  0  0  1  0  0  0  1  2  2  0  1  1  1  1  1  2  2  1  1  2  1  1  2  2  2  2  2  2  2  2  2  2  2  2  2
 19 ZQ Bot                  46  18 13 10   0  0  0  0  0  0  0  0  0  0  0  0  0  1  1  2  1  1  1  1  1  1  2  2  1  1  2  2  1  2  2  2  2  2  2  2  2  2  2  2  2  2
 20 Granite                 45  17 13 11   0  0  0  0  0  0  0  0  0  0  0  0  1  1  1  1  0  1  1  1  1  2  1  2  1  1  2  2  1  2  2  2  2  2  2  2  2  2  2  2  2  2
 21 Yomi AI                 45   4  0 37   1  1  1  1  1  1  1  1  2  1  1  1  1  1  1  1  1  1  1  1  1  1  1  1  1  1  1  1  1  1  1  1  1  1  1  1  2  1  1  1  2  2
 22 Mixed Strategy          44  14 11 16   0  0  0  1  0  0  0  1  0  1  1  0  0  1  1  1  0  1  1  0  1  1  2  2  1  1  1  1  1  2  2  1  2  2  2  2  2  2  2  2  2  2
 23 Inocencio               43  17 15  9   0  0  0  0  0  0  0  1  0  0  0  1  0  0  2  1  1  0  0  1  1  0  1  1  1  2  2  1  2  2  2  2  2  2  2  2  2  2  2  2  2  2
 24 * Anti-rotn             42  11 10 20   0  1  1  1  0  0  1  0  1  1  1  1  1  1  1  0  0  0  0  0  1  0  1  1  1  1  2  1  1  1  1  1  2  2  2  2  2  2  2  2  2  2
 25 * Pi                    40   0  1 40   1  1  1  1  1  1  1  1  1  1  1  1  1  1  1  1  1  1  1  1  1  1  1  1  1  1  1  1  1  1  1  1  1  1  1  1  0  1  1  1  1  1
 26 * Foxtrot               35   0  6 35   0  0  1  0  0  0  1  1  1  1  1  1  1  1  1  1  1  1  1  1  1  1  0  1  1  1  1  1  1  1  1  1  1  1  1  1  1  1  1  1  1  1
 27 Multi-strategy          32  12 21  8   0  0  0  0  0  0  0  0  0  0  0  0  0  0  0  0  1  0  0  0  1  1  0  0  1  1  1  1  2  2  1  1  2  2  2  2  2  2  2  2  2  2
 28 * Add-drift             31   0 10 31   0  0  0  0  0  1  1  0  1  1  1  1  0  1  1  1  1  1  0  0  1  1  1  1  1  1  1  1  1  1  1  1  1  1  1  1  1  1  1  0  1  1
 29 * Copy-drift            31   0 10 31   0  0  0  1  0  1  1  0  1  1  1  0  0  1  1  1  1  1  1  1  1  1  0  1  1  1  0  1  1  1  0  1  1  1  1  1  1  1  1  1  1  1
 30 Peterbot                30  10 21 10   0  0  0  0  0  0  0  0  0  0  1  0  0  1  0  0  1  0  0  0  1  0  0  1  1  1  0  1  1  1  0  2  2  2  2  2  1  2  2  2  2  2
 31 Knucklehead             29   9 21 11   0  0  0  0  0  0  0  0  0  0  0  0  0  0  0  0  1  0  0  0  1  0  0  1  1  1  1  1  2  2  1  2  1  1  2  1  1  2  2  2  2  2
 32 * Add-react             24   2 19 20   0  0  0  0  0  0  0  0  0  0  1  1  0  1  0  0  1  0  0  0  1  1  0  1  1  1  1  1  1  0  0  1  1  1  1  1  1  1  1  2  1  2
 33 * Flat                  21   2 22 17   0  0  0  0  1  0  1  1  0  0  0  0  0  0  0  0  1  0  0  0  1  0  0  0  1  1  0  1  1  0  1  1  1  1  2  1  1  1  2  1  0  1
 34 * Switch A Lot          21   2 22 17   1  1  0  0  0  0  0  0  0  0  0  0  0  0  0  0  2  0  0  0  1  0  0  0  1  1  0  1  1  0  1  1  1  1  2  1  1  1  1  1  1  1
 35 Beat The Last Move      20   5 26 10   0  0  0  0  0  0  0  0  0  0  1  0  0  1  0  0  1  0  0  0  1  0  0  0  1  1  0  1  1  0  0  1  0  0  1  0  2  2  2  1  2  2
 36 Always Switchin'        19   2 24 15   0  0  0  0  0  0  0  0  0  0  0  0  0  0  0  0  1  0  0  0  1  0  0  0  1  1  0  1  1  0  1  1  1  1  2  1  1  1  2  1  1  1
 37 * Text                  19   2 24 15   0  0  0  0  0  0  0  1  0  0  1  0  0  1  0  0  1  0  0  0  0  0  0  0  2  1  0  1  1  1  1  1  1  1  0  1  1  0  0  1  2  1
 38 Good Ole Rock           17   3 27 11   0  0  0  0  0  0  0  0  0  0  0  0  0  0  0  0  1  0  0  0  1  0  0  0  1  1  0  1  1  0  0  1  1  1  0  1  2  1  0  1  2  2
 39 Beat Frequent Pick      16   4 29  8   0  0  0  0  0  0  0  0  0  0  0  0  0  0  0  0  0  0  0  0  1  0  0  0  1  1  0  1  1  0  0  1  0  1  0  0  2  2  1  1  2  2
 40 Rotate R-P-S            15   1 27 13   0  0  0  0  0  0  0  0  0  0  0  0  0  0  0  0  1  0  0  0  1  0  0  0  1  1  0  2  1  0  0  0  1  1  1  1  1  1  1  1  0  1
 41 * Anti-Flat             14   3 30  8   0  0  0  0  0  0  0  0  0  0  0  0  0  0  0  0  2  0  0  0  0  0  0  0  1  1  0  1  1  0  0  1  2  1  0  1  0  0  0  2  1  1
 42 R-P-S 20-20-60          11   0 30 11   0  0  0  0  0  0  0  0  0  0  0  0  0  0  0  0  1  0  0  0  0  0  0  0  1  1  0  1  1  0  0  0  1  1  0  1  1  0  0  1  1  1


   Yomi AI is match ranked 21

 Tournament results:
    Player Name          total 
  1 Yomi AI               1071 
 15 * Anti-rotn           4591 
 19 Iocaine Powder       10972 
 20 Phasenbott            9721 
 21 MegaHAL               9205 
 22 RussRocker4           8274 
 23 Biopic                8716 
 24 Simple Modeller       8960 
 25 Simple Predictor      8285 
 26 Robertot              6957 
 27 Boom                  7621 
 28 Shofar                6343 
 29 ACT-R Lag2            6686 
 30 Majikthise            4949 
 31 Vroomfondel           4631 
 32 Granite               6132 
 33 Marble                6754 
 34 ZQ Bot                5946 
 35 Sweet Rocky           5666 
 36 Piedra                6060 
 37 Mixed Strategy        5220 
 38 Multi-strategy        3004 
 39 Inocencio             1602 
 41 Bugbrain              5746 

   Yomi is tournament ranked 24

