 Playing 1 tournaments with 1000 trials per match...

 Yomi AI            vs Good Ole Rock       Match:  998 (999+   1-   0=)
 Yomi AI            vs R-P-S 20-20-60      Match:   68 (382+ 314- 304=)
 Yomi AI            vs Rotate R-P-S        Match:   11 (336+ 325- 339=)
 Yomi AI            vs Beat The Last Move  Match:   12 (346+ 334- 320=)
 Yomi AI            vs Always Switchin'    Match:  -19 (326+ 345- 329=)
 Yomi AI            vs Beat Frequent Pick  Match:   51 (431+ 380- 189=)
 Yomi AI            vs * Pi                Match:    0 (321+ 321- 358=)
 Yomi AI            vs * Switch A Lot      Match:   16 (337+ 321- 342=)
 Yomi AI            vs * Flat              Match:  -38 (306+ 344- 350=)
 Yomi AI            vs * Anti-Flat         Match:  977 (982+   5-  13=)
 Yomi AI            vs * Foxtrot           Match:  -16 (319+ 335- 346=)
 Yomi AI            vs * De Bruijn         Match:  -14 (336+ 350- 314=)
 Yomi AI            vs * Text              Match:    5 (330+ 325- 345=)
 Yomi AI            vs * Anti-rotn         Match:  -13 (321+ 334- 345=)
 Yomi AI            vs * Copy-drift        Match:   -5 (336+ 341- 323=)
 Yomi AI            vs * Add-react         Match:  -17 (328+ 345- 327=)
 Yomi AI            vs * Add-drift         Match:   44 (354+ 310- 336=)
 Yomi AI            vs Iocaine Powder      Match:    2 (330+ 328- 342=)
 Yomi AI            vs Phasenbott          Match:   -3 (343+ 346- 311=)
 Yomi AI            vs MegaHAL             Match:    2 (326+ 324- 350=)
 Yomi AI            vs RussRocker4         Match:  -61 (332+ 393- 275=)
 Yomi AI            vs Biopic              Match:   14 (353+ 339- 308=)
 Yomi AI            vs Simple Modeller     Match:   -5 (335+ 340- 325=)
 Yomi AI            vs Simple Predictor    Match:   25 (353+ 328- 319=)
 Yomi AI            vs Robertot            Match:  -52 (330+ 382- 288=)
 Yomi AI            vs Boom                Match:   -3 (326+ 329- 345=)
 Yomi AI            vs Shofar              Match:   -1 (331+ 332- 337=)
 Yomi AI            vs ACT-R Lag2          Match:  -40 (339+ 379- 282=)
 Yomi AI            vs Majikthise          Match:   24 (340+ 316- 344=)
 Yomi AI            vs Vroomfondel         Match:   -6 (328+ 334- 338=)
 Yomi AI            vs Granite             Match:   18 (378+ 360- 262=)
 Yomi AI            vs Marble              Match:   13 (367+ 354- 279=)
 Yomi AI            vs ZQ Bot              Match:  -18 (349+ 367- 284=)
 Yomi AI            vs Sweet Rocky         Match:    9 (344+ 335- 321=)
 Yomi AI            vs Piedra              Match:  -18 (356+ 374- 270=)
 Yomi AI            vs Mixed Strategy      Match:  -84 (337+ 421- 242=)
 Yomi AI            vs Multi-strategy      Match:   12 (339+ 327- 334=)
 Yomi AI            vs Inocencio           Match:  -20 (328+ 348- 324=)
 Yomi AI            vs Peterbot            Match:   30 (374+ 344- 282=)
 Yomi AI            vs Bugbrain            Match:  -34 (305+ 339- 356=)
 Yomi AI            vs Knucklehead         Match:  -13 (326+ 339- 335=)
 Final results (draw value = 50):

 Tournament results: 

    Player Name          total     1    2    3    4    5    6    7    8    9   10   11   12   13   14   15   16   17   18   19   20   21   22   23   24   25   26   27   28   29   30   31   32   33   34   35   36   37   38   39   40   41   42
  1 Iocaine Powder       10745     0   21   33   40   58   14   52  502  177    4  261   38  250   21  324   56   12   58   27  -57   31  205   -2  -28    6  219  350  102  255  356  566  199  131  127  180  893  363  921 1000  993  994  993
  2 Phasenbott            9858   -21    0   71   33   45  -10    3  519  125   12  241   82  232   42  253   63   20   41   10  -47   26  213    3   19  -21  151  391   83   24  342  413  101   88   81  242  947  141  933  985  990  999  993
  3 MegaHAL               9828   -33  -71    0   51   -7  -20   -2  108   54   10  214   39  227   44  275   62   82   51   62    1   36  237   -2  -11  -29  195   62  218   71  293  395  107  189  307  418  883  392  944  989  987 1000 1000
  4 Biopic                8877   -40  -33  -51    0  -24   21   30    0   16   21  132   39  151   16  108   50   62   61   39   29   15  316  -14   55  -11  156  410   12   86   62  514  152  139  217  320  686  365  785  996  995  999  995
  5 Simple Modeller       8661   -58  -45    7   24    0   45   -3   -9  262   -2  101   -8   80   53  296   63   36   65   69   -6   31  230    5  -65   15  397  -18  280  239  113  239  142  135  266  450  308  352  595  994  991  996  996
  6 Boom                  8072   -14   10   20  -21  -45    0   12  -17  -11  -32   42  -19   23  -38   49   62   42   67   67  -22  -32  189    3  -24  -11  897  -50   30  -20   99  444   35  120  171  425  549  349  753  984  989  997 1000
  7 Robertot              8004   -52   -3    2  -30    3  -12    0  -23   72   40  130    2   48    7  103   72   64   72   51   -5   68  203   52    8   -7   35    8   29   91    9  376   78  169  149  477  645  382  727  975  998  998  993
  8 RussRocker4           7769  -502 -519 -108    0    9   17   23    0   19  -23  121    8  184   45  169   60   71   41   38   11   41  349   61   35  -38  155  161  169   60  348  477   68   64   47  261  946  326  589  994  992 1000 1000
  9 Simple Predictor      7568  -177 -125  -54  -16 -262   11  -72  -19    0   -8   14  -78  -14   39  186   -2   60   52   53   -9  -36  220  -25  -79   19  367  -22  300  236  109  265   64  149  198  355  919  398  592  984  986  993  997
 10 Shofar                6726    -4  -12  -10  -21    2   32  -40   23    8    0   54   49   46  -12   74   12   59   31   -8  -47   33  111    1    7   -1  499   -9   22   58  -26  186   37  157  210  427  153  308  556  886  949  977  949
 11 Marble                6603  -261 -241 -214 -132 -101  -42 -130 -121  -14  -54    0  -69   -4  -70   49   22   31   58   34  -31  -41  218  -13  -81   19  490   27   93   89   89  385  174  178  180  209  926  386  592  992  996  999  986
 12 ACT-R Lag2            6495   -38  -82  -39  -39    8   19   -2   -8   78  -49   69    0  172    1   83   53   73   27   17   15  -10  238   40  -99  -36  766  -69   29    8   98  551  109   73  156  232  203  282  577    6  997  994  992
 13 Granite               6292  -250 -232 -227 -151  -80  -23  -48 -184   14  -46    4 -172    0  -74   55   46   21   90   21  -80  -40  213  -18 -104  -31  409   17   47   31  115  309  141  181  228  250  897  392  591  991  995  999  995
 14 Bugbrain              6026   -21  -42  -44  -16  -53   38   -7  -45  -39   12   70   -1   74    0  196   74   35   43  119   40  -44  131   34   -9   12   60    7   98   47   92  136   58   24   96  244  224  184  394  915  969  938  983
 15 ZQ Bot                5941  -324 -253 -275 -108 -296  -49 -103 -169 -186  -74  -49  -83  -55 -196    0   28   32   44   71  -25  -22  241   18  -27  -18  458   31  121   57  201  348  189  170  159  195  932  384  589  999  993  996  997
 16 Sweet Rocky           5889   -56  -63  -62  -50  -63  -62  -72  -60    2  -12  -22  -53  -46  -74  -28    0   12   52   10  -22  -27   58   -9  -46  -31  693  -27   34   34    1  148  138  153  106  234  150  379  589 1000  990  998  993
 17 Piedra                5437   -12  -20  -82  -62  -36  -42  -64  -71  -60  -59  -31  -73  -21  -35  -32  -12    0   67   12  -35  -15   37   18  -53  -12  -30  -15   58  -19  -33  179  143  174  211  221  311  366  587  993  996  996  992
 18 * Anti-rotn           5415   -58  -41  -51  -61  -65  -67  -72  -41  -52  -31  -58  -27  -90  -43  -44  -52  -67    0   -3    3  -15  266   13  -40  -57  799  -46  -26  -12   -7   19  235   60  320  506   40  194  599  494 1000  996  997
 19 Mixed Strategy        4935   -27  -10  -62  -39  -69  -67  -51  -38  -53    8  -34  -17  -21 -119  -71  -10  -12    3    0  -36  -14   39   84  -45  -31  -15  -21  -17   -4   36  312   10  171  109  147  227  276  476  979  950  996  995
 20 Vroomfondel           4865    57   47   -1  -29    6   22    5  -11    9   47   31  -15   80  -40   25   22   35   -3   36    0   14  189    6   -6    7   59   12  -23   37   10  176   67    1  129  221   58  177  437   -1  991  992  989
 21 Majikthise            4414   -31  -26  -36  -15  -31   32  -68  -41   36  -33   41   10   40   44   22   27   15   15   14  -14    0  135  -24  -29   20   55   21  -14   26  -31  218   98    2  109  262  -20  115  441   52  998  992  987
 22 Multi-strategy        3054  -205 -213 -237 -316 -230 -189 -203 -349 -220 -111 -218 -238 -213 -131 -241  -58  -37 -266  -39 -189 -135    0  -12  -50  -20  -90   25   24  265   -8   34  153  123  280  473  500  405  999  997  997  999  998
 23 Yomi AI               1851     2   -3    2   14   -5   -3  -52  -61   25   -1   13  -40   18  -34  -18    9  -18  -13  -84   -6   24   12    0  -14    0  -20  -16   44   -5  -17  -13  -38    5   16  -19   30   68   51   12   11  998  977
 24 * De Bruijn            782    28  -19   11  -55   65   24   -8  -35   79   -7   81   99  104    9   27   46   53   40   45    6   29   50   14    0   -1    4   75  -68    7    0   39   22   23   -8  -26  -12    2  128   -1   21    0 -109
 25 * Pi                   214    -6   21   29   11  -15   11    7   38  -19    1  -19   36   31  -12   18   31   12   57   31   -7  -20   20    0    1    0   29   30  -36   -9  -24   44  -31  -81    9    9   25  -30   30   22  -11  -11   -8
 26 Inocencio             -709  -219 -151 -195 -156 -397 -897  -35 -155 -367 -499 -490 -766 -409  -60 -458 -693   30 -799   15  -59  -55   90   20   -4  -29    0  267   -7   83   94  226  172  154  106  267   92  340  356  945  978  987  969
 27 * Foxtrot            -1605  -350 -391  -62 -410   18   50   -8 -161   22    9  -27   69  -17   -7  -31   27   15   46   21  -12  -21  -25   16  -75  -30 -267    0   21   35    3   18  -23  -30    7  -47  -22   -8    6   23    6   37  -30
 28 * Add-drift          -1662  -102  -83 -218  -12 -280  -30  -29 -169 -300  -22  -93  -29  -47  -98 -121  -34  -58   26   17   23   14  -24  -44   68   36    7  -21    0   16   34   20  -33  -31   10   -8  -28  -18  -27   25  -40   38    3
 29 * Copy-drift         -1747  -255  -24  -71  -86 -239   20  -91  -60 -236  -58  -89   -8  -31  -47  -57  -34   19   12    4  -37  -26 -265    5   -7    9  -83  -35  -16    0   33  -42   10   55   -3   13  -40  -29   -5    4   12  -12   43
 30 * Add-react          -2384  -356 -342 -293  -62 -113  -99   -9 -348 -109   26  -89  -98 -115  -92 -201   -1   33    7  -36  -10   31    8   17    0   24  -94   -3  -34  -33    0  -33  -14   11   -6  -20  -15    8   -9   37  -20  -13   81
 31 Knucklehead          -2492  -566 -413 -395 -514 -239 -444 -376 -477 -265 -186 -385 -551 -309 -136 -348 -148 -179  -19 -312 -176 -218  -34   13  -39  -44 -226  -18  -20   42   33    0  -19   17   18    5 1000   45  149  655  676  942  969
 32 * Flat               -2621  -199 -101 -107 -152 -142  -35  -78  -68  -64  -37 -174 -109 -141  -58 -189 -138 -143 -235  -10  -67  -98 -153   38  -22   31 -172   23   33  -10   14   19    0  -40  -36   56 -174   -8  252  212   65    1 -405
 33 * Text               -3070  -131  -88 -189 -139 -135 -120 -169  -64 -149 -157 -178  -73 -181  -24 -170 -153 -174  -60 -171   -1   -2 -123   -5  -23   81 -154   30   31  -55  -11  -17   40    0  -21    7   25   -4 -185  -74  -11 -185  112
 34 * Switch A Lot       -3822  -127  -81 -307 -217 -266 -171 -149  -47 -198 -210 -180 -156 -228  -96 -159 -106 -211 -320 -109 -129 -109 -280  -16    8   -9 -106   -7  -10    3    6  -18   36   21    0  -53 -103  -14   24  312  -36   -6    2
 35 Always Switchin'     -6761  -180 -242 -418 -320 -450 -425 -477 -261 -355 -427 -209 -232 -250 -244 -195 -234 -221 -506 -147 -221 -262 -473   19   26   -9 -267   47    8  -13   20   -5  -56   -7   53    0 -280    4  -33  510   25    0  -54
 36 Peterbot             -7063  -893 -947 -883 -686 -308 -549 -645 -946 -919 -153 -926 -203 -897 -224 -932 -150 -311  -40 -227  -58   20 -500  -30   12  -25  -92   22   28   40   15 -1000  174  -25  103  280    0  403  437  981  997  999  995
 37 R-P-S 20-20-60       -8176  -363 -141 -392 -365 -352 -349 -382 -326 -398 -308 -386 -282 -392 -184 -384 -379 -366 -194 -276 -177 -115 -405  -68   -2   30 -340    8   18   29   -8  -45    8    4   14   -4 -403    0 -383 -128   -7 -400  417
 38 Beat Frequent Pick  -13658  -921 -933 -944 -785 -595 -753 -727 -589 -592 -556 -592 -577 -591 -394 -589 -589 -587 -599 -476 -437 -441 -999  -51 -128  -30 -356   -6   27    5    9 -149 -252  185  -24   33 -437  383    0 -600    0  999 1000
 39 Beat The Last Move  -19138  -1000 -985 -989 -996 -994 -984 -975 -994 -984 -886 -992   -6 -991 -915 -999 -1000 -993 -494 -979    1  -52 -997  -12    1  -22 -945  -23  -25   -4  -37 -655 -212   74 -312 -510 -981  128  600    0    1 1000 1000
 40 Rotate R-P-S        -25060  -993 -990 -987 -995 -991 -989 -998 -992 -986 -949 -996 -997 -995 -969 -993 -990 -996 -1000 -950 -991 -998 -997  -11  -21   11 -978   -6   40  -12   20 -676  -65   11   36  -25 -997    7    0   -1    0    0 -651
 41 Good Ole Rock       -26223  -994 -999 -1000 -999 -996 -997 -998 -1000 -993 -977 -999 -994 -999 -938 -996 -998 -996 -996 -996 -992 -992 -999 -998    0   11 -987  -37  -38   12   13 -942   -1  185    6    0 -999  400 -999 -1000    0    0  999
 42 * Anti-Flat         -28130  -993 -993 -1000 -995 -996 -1000 -993 -1000 -997 -949 -986 -992 -995 -983 -997 -993 -992 -997 -995 -989 -987 -998 -977  109    8 -969   30   -3  -43  -81 -969  405 -112   -2   54 -995 -417 -1000 -1000  651 -999    0

 Match results (draw <= 50): 

    Player Name           total  W  L  D   1  2  3  4  5  6  7  8  9 10 11 12 13 14 15 16 17 18 19 20 21 22 23 24 25 26 27 28 29 30 31 32 33 34 35 36 37 38 39 40 41 42
  1 MegaHAL                 68  28  1 12   1  1  0  1  2  1  2  1  1  1  1  2  1  1  2  2  2  2  2  1  2  1  2  1  2  2  2  2  2  2  2  2  2  2  2  2  2  2  2  2  2  2
  2 Iocaine Powder          67  27  1 13   1  1  1  2  1  2  2  1  1  1  1  2  0  1  2  2  2  2  1  1  1  1  2  1  2  2  2  2  2  2  2  2  2  2  2  2  2  2  2  2  2  2
  3 Phasenbott              66  25  0 16   2  1  1  1  1  1  2  1  1  1  2  2  1  1  2  2  2  2  1  1  1  1  1  1  2  2  2  2  1  2  2  2  2  2  2  2  2  2  2  2  2  2
  4 Simple Modeller         64  25  2 14   1  0  1  1  1  1  1  2  1  1  1  2  1  1  2  2  2  2  1  0  2  1  2  1  2  1  2  2  2  2  2  2  2  2  2  2  2  2  2  2  2  2
  5 Biopic                  63  23  1 17   0  1  1  1  1  1  1  1  1  1  1  1  1  1  2  2  2  1  2  2  1  1  2  1  2  2  2  1  2  2  2  2  2  2  2  2  2  2  2  2  2  2
  6 Robertot                63  23  1 17   1  0  1  1  1  1  1  1  1  1  1  2  1  2  1  2  2  2  2  1  2  2  2  1  1  1  2  1  2  1  2  2  2  2  2  2  2  2  2  2  2  2
  7 RussRocker4             61  23  3 15   0  0  0  1  1  1  1  1  1  1  1  1  1  1  2  2  2  2  2  1  1  2  1  1  2  2  2  2  2  2  2  2  2  2  2  1  2  2  2  2  2  2
  8 Bugbrain                60  20  1 20   1  1  1  0  1  1  1  1  1  1  1  1  1  1  2  2  2  2  1  1  2  1  1  1  2  1  2  2  1  2  2  2  2  2  1  2  2  2  2  2  2  2
  9 Boom                    58  17  0 24   1  1  1  1  1  1  1  1  1  1  1  1  1  1  1  1  1  2  1  1  2  1  2  1  2  1  2  1  1  2  2  2  1  2  2  2  2  2  2  2  2  2
 10 Shofar                  58  17  0 24   1  1  1  1  1  1  1  1  1  1  1  1  1  1  1  2  2  1  2  1  1  1  1  1  2  1  2  1  2  1  2  2  1  2  2  2  2  2  2  2  2  2
 11 ACT-R Lag2              58  20  3 18   1  1  0  1  1  1  1  1  1  1  1  2  1  1  2  2  2  2  2  0  1  1  1  1  2  0  2  1  1  2  2  2  2  1  2  2  2  2  2  2  2  2
 12 Simple Predictor        55  21  7 13   0  0  0  0  1  0  1  1  1  1  0  1  1  1  1  1  2  1  2  0  2  1  2  1  2  1  2  2  2  2  2  2  2  2  2  2  2  2  2  2  2  2
 13 Vroomfondel             55  14  0 27   1  2  1  1  1  1  1  1  1  1  1  1  1  1  2  1  1  1  1  1  1  1  1  1  2  1  2  1  1  1  2  2  2  1  1  2  2  2  2  2  2  2
 14 Majikthise              52  12  1 28   1  1  1  1  1  0  1  1  1  1  1  1  1  1  1  1  1  1  1  1  1  1  1  1  2  1  2  1  1  1  1  2  2  2  1  2  2  2  2  2  2  2
 15 Granite                 48  17 10 14   0  0  0  0  0  1  0  0  1  1  0  1  0  1  1  1  2  1  1  0  1  1  2  1  2  1  2  1  1  2  2  2  2  2  2  2  2  2  2  2  2  2
 16 Marble                  48  18 11 12   0  0  0  0  0  0  0  0  1  0  0  1  1  1  1  1  1  1  1  0  1  1  2  1  2  1  2  2  2  2  2  2  2  2  2  2  2  2  2  2  2  2
 17 ZQ Bot                  47  18 12 11   0  0  0  0  0  0  0  0  1  0  0  0  1  1  0  1  1  1  1  1  2  1  1  1  2  1  2  2  2  2  2  2  2  2  2  2  2  2  2  2  2  2
 18 Sweet Rocky             47  15  9 17   0  0  0  0  1  0  0  0  0  1  0  1  1  1  1  1  1  1  1  1  1  1  2  1  2  1  2  1  1  1  2  2  2  2  2  2  2  2  2  2  2  2
 19 Piedra                  47  14  8 19   0  1  1  1  0  0  0  1  1  0  0  0  1  1  1  1  1  1  1  0  1  1  2  1  1  1  1  2  1  1  2  2  2  2  2  2  2  2  2  2  2  2
 20 * De Bruijn             46   8  3 30   1  1  1  2  0  1  1  1  1  1  2  2  1  1  2  2  1  1  2  1  1  1  1  1  1  2  1  0  1  1  1  1  1  1  1  1  1  1  2  1  1  0
 21 Mixed Strategy          46  12  7 22   0  1  1  0  1  0  1  0  0  1  1  0  1  1  1  1  0  1  1  1  1  2  1  1  1  1  1  1  1  1  2  2  1  2  2  2  2  2  2  2  2  2
 22 Yomi AI                 42   4  3 34   1  1  1  1  1  0  0  1  1  1  1  1  1  1  1  1  1  1  1  1  0  1  1  1  1  1  1  1  1  1  1  1  1  1  1  1  1  2  2  2  1  2
 23 * Anti-rotn             41  12 12 17   0  0  1  0  0  0  1  1  0  1  1  0  1  1  0  0  1  0  0  1  1  1  1  0  2  1  2  1  1  1  1  1  2  2  2  2  2  2  2  2  2  2
 24 * Pi                    41   1  1 39   1  1  1  1  1  1  1  1  1  1  1  1  1  1  1  1  1  1  1  1  1  1  2  1  1  1  1  1  1  1  1  1  1  1  0  1  1  1  1  1  1  1
 25 Inocencio               39  16 18  7   0  0  0  0  0  1  0  0  0  0  0  0  0  0  0  0  0  0  1  1  1  1  0  1  1  2  2  1  2  2  2  2  2  2  2  2  2  2  2  2  2  2
 26 * Foxtrot               35   1  7 33   0  0  0  1  0  1  0  1  1  1  2  1  1  1  1  1  1  1  1  0  1  1  1  1  0  1  1  1  1  1  1  1  1  1  1  1  1  1  1  1  1  1
 27 Multi-strategy          33  12 20  9   0  0  0  0  0  0  0  0  0  0  0  0  0  0  0  0  0  0  1  1  1  1  0  1  0  1  1  1  2  1  2  1  2  2  2  2  2  2  2  2  2  2
 28 * Add-drift             32   1 10 30   0  0  0  0  1  1  0  0  1  1  1  0  1  1  1  0  0  1  0  2  1  1  1  1  1  1  1  1  1  1  1  1  1  1  1  1  1  1  1  1  1  1
 29 * Copy-drift            30   1 12 28   0  0  1  0  0  0  0  1  1  0  1  0  1  1  1  0  0  1  1  1  1  1  1  1  0  1  0  1  1  1  1  1  1  1  2  1  1  1  1  1  1  1
 30 * Add-react             28   1 14 26   0  0  0  0  0  1  0  0  0  1  0  0  1  1  0  0  0  1  1  1  1  1  1  1  0  1  1  1  1  1  1  1  1  1  1  1  1  1  1  1  1  2
 31 Peterbot                28   9 22 10   0  0  0  0  0  0  0  0  0  0  0  0  0  1  0  0  0  0  0  1  0  1  1  1  0  1  0  1  1  1  1  0  2  2  1  2  2  2  2  2  2  2
 32 Knucklehead             26   6 21 14   0  0  0  0  0  0  0  0  0  0  0  0  0  0  0  0  0  0  0  1  0  1  1  1  0  1  1  1  1  1  2  1  1  2  1  1  1  2  2  1  2  2
 33 * Flat                  23   4 22 15   0  0  0  0  0  0  0  0  1  1  0  0  0  0  0  0  0  0  0  1  1  1  0  1  0  1  0  1  1  1  0  1  1  2  1  1  2  1  2  1  2  0
 34 Beat The Last Move      20   5 26 10   0  0  0  0  0  0  0  0  0  0  1  0  1  0  0  0  0  0  0  1  0  1  0  1  0  1  0  1  1  1  0  0  0  1  2  0  0  2  2  2  1  2
 35 * Text                  19   2 24 15   0  0  0  0  0  0  0  1  0  0  0  0  1  1  0  0  0  0  0  1  0  1  0  2  0  1  0  1  0  1  1  1  1  0  1  1  1  0  0  1  1  2
 36 * Switch A Lot          18   1 24 16   0  0  0  0  0  0  1  0  0  0  0  0  0  0  0  0  0  0  0  1  0  1  0  1  0  1  0  1  1  1  0  1  1  2  1  1  0  1  1  1  1  1
 37 Always Switchin'        17   2 26 13   0  0  0  0  0  0  0  0  0  0  0  0  0  0  0  0  0  0  0  1  0  1  0  1  0  1  0  1  1  1  0  1  0  2  1  2  1  1  1  1  1  0
 38 Good Ole Rock           16   3 28 10   0  0  0  0  0  0  0  0  0  0  0  0  0  0  0  0  0  0  0  1  0  0  0  1  0  1  0  1  1  1  0  0  1  0  2  1  1  1  0  2  1  2
 39 Beat Frequent Pick      16   4 29  8   0  0  0  0  0  0  0  0  0  0  0  0  0  0  0  0  0  0  0  0  0  0  0  1  0  1  0  1  1  1  0  0  0  0  2  1  1  2  1  2  1  2
 40 R-P-S 20-20-60          14   1 28 12   0  0  0  0  0  0  0  0  0  0  0  0  0  0  0  0  0  0  0  1  0  0  0  1  0  1  0  1  1  1  0  1  1  0  1  1  1  0  0  1  1  2
 41 Rotate R-P-S            14   0 27 14   0  0  0  0  0  0  0  0  0  0  0  0  0  0  0  0  0  0  0  1  0  1  0  1  0  1  0  1  1  1  0  0  0  1  1  1  1  1  1  1  1  0
 42 * Anti-Flat             13   4 32  5   0  0  0  0  0  0  0  0  0  0  0  0  0  0  0  0  0  0  0  2  0  0  0  1  0  1  0  1  1  0  0  0  2  0  0  1  2  0  0  0  2  1


   Yomi AI is match ranked 22

 Tournament results:
    Player Name          total 
  1 Yomi AI               1851 
 15 * Anti-rotn           5415 
 19 Iocaine Powder       10745 
 20 Phasenbott            9858 
 21 MegaHAL               9828 
 22 RussRocker4           7769 
 23 Biopic                8877 
 24 Simple Modeller       8661 
 25 Simple Predictor      7568 
 26 Robertot              8004 
 27 Boom                  8072 
 28 Shofar                6726 
 29 ACT-R Lag2            6495 
 30 Majikthise            4414 
 31 Vroomfondel           4865 
 32 Granite               6292 
 33 Marble                6603 
 34 ZQ Bot                5941 
 35 Sweet Rocky           5889 
 36 Piedra                5437 
 37 Mixed Strategy        4935 
 38 Multi-strategy        3054 
 41 Bugbrain              6026 

   Yomi is tournament ranked 23

