 Playing 1 tournaments with 1000 trials per match...

 Yomi AI            vs Good Ole Rock       Match:  998 (999+   1-   0=)
 Yomi AI            vs R-P-S 20-20-60      Match:   66 (382+ 316- 302=)
 Yomi AI            vs Rotate R-P-S        Match:  -28 (321+ 349- 330=)
 Yomi AI            vs Beat The Last Move  Match:  -40 (306+ 346- 348=)
 Yomi AI            vs Always Switchin'    Match:  -26 (317+ 343- 340=)
 Yomi AI            vs Beat Frequent Pick  Match:   30 (377+ 347- 276=)
 Yomi AI            vs * Pi                Match:   -8 (312+ 320- 368=)
 Yomi AI            vs * Switch A Lot      Match:  -18 (323+ 341- 336=)
 Yomi AI            vs * Flat              Match:  -15 (342+ 357- 301=)
 Yomi AI            vs * Anti-Flat         Match:  986 (987+   1-  12=)
 Yomi AI            vs * Foxtrot           Match:    7 (346+ 339- 315=)
 Yomi AI            vs * De Bruijn         Match:  -26 (322+ 348- 330=)
 Yomi AI            vs * Text              Match:    7 (347+ 340- 313=)
 Yomi AI            vs * Anti-rotn         Match:    7 (343+ 336- 321=)
 Yomi AI            vs * Copy-drift        Match:   12 (338+ 326- 336=)
 Yomi AI            vs * Add-react         Match:   22 (351+ 329- 320=)
 Yomi AI            vs * Add-drift         Match:   37 (357+ 320- 323=)
 Yomi AI            vs Iocaine Powder      Match:   36 (358+ 322- 320=)
 Yomi AI            vs Phasenbott          Match:   29 (352+ 323- 325=)
 Yomi AI            vs MegaHAL             Match:  -35 (314+ 349- 337=)
 Yomi AI            vs RussRocker4         Match:  -62 (312+ 374- 314=)
 Yomi AI            vs Biopic              Match:   19 (345+ 326- 329=)
 Yomi AI            vs Simple Modeller     Match:   22 (342+ 320- 338=)
 Yomi AI            vs Simple Predictor    Match:  -34 (316+ 350- 334=)
 Yomi AI            vs Robertot            Match:   34 (368+ 334- 298=)
 Yomi AI            vs Boom                Match:  -15 (335+ 350- 315=)
 Yomi AI            vs Shofar              Match:    5 (334+ 329- 337=)
 Yomi AI            vs ACT-R Lag2          Match:    2 (335+ 333- 332=)
 Yomi AI            vs Majikthise          Match:   20 (332+ 312- 356=)
 Yomi AI            vs Vroomfondel         Match:   14 (344+ 330- 326=)
 Yomi AI            vs Granite             Match:   -5 (375+ 380- 245=)
 Yomi AI            vs Marble              Match:   18 (349+ 331- 320=)
 Yomi AI            vs ZQ Bot              Match:  -39 (326+ 365- 309=)
 Yomi AI            vs Sweet Rocky         Match:   27 (352+ 325- 323=)
 Yomi AI            vs Piedra              Match:   29 (363+ 334- 303=)
 Yomi AI            vs Mixed Strategy      Match:   47 (389+ 342- 269=)
 Yomi AI            vs Multi-strategy      Match:   -6 (330+ 336- 334=)
 Yomi AI            vs Inocencio           Match:  -71 (303+ 374- 323=)
 Yomi AI            vs Peterbot            Match:  -20 (325+ 345- 330=)
 Yomi AI            vs Bugbrain            Match:   22 (348+ 326- 326=)
 Yomi AI            vs Knucklehead         Match:   -4 (326+ 330- 344=)
 Final results (draw value = 50):

 Tournament results: 

    Player Name          total     1    2    3    4    5    6    7    8    9   10   11   12   13   14   15   16   17   18   19   20   21   22   23   24   25   26   27   28   29   30   31   32   33   34   35   36   37   38   39   40   41   42
  1 Iocaine Powder       11167     0  164   15   70   54  193   70  553   63   44  199   57   18    8   29  277  340   59    1   47  153  320  -36  195   15    3   95  388  230  544  165   15  313   94  897  259  403  896  990  986  994  987
  2 Phasenbott            9854  -164    0  -13   37   32  139   63  545   70  -14  215  -40   43   12   62  209  272   49    3   37   61  239  -29  206   38   35  129  379   28  414  108   98  374   77  916  202  127  938  984  991  993  989
  3 Simple Modeller       9283   -15   13    0   25   13  250  -24    8  -20   39   89    0   50   45   51  113  318   81  -20   17   51  179  -22  660  -48   -9  230  -48  236  243   39  249  110  151  828  466  363  591  992  992  997 1000
  4 MegaHAL               9167   -70  -37  -25    0   -5   34   31  120  -55   37  248   -8   -3   37   65  284  239   76  -59  -11    9  188   35  188  -35  -61  162   12   34  346   87  210  297  133  874  472  401  944  984  989 1000 1000
  5 Biopic                8534   -54  -32  -13    5    0   40   -9   13   59   59  143    3  -10   42   32  126  105   47   -7   35   49  202  -19  179  -37  -17   18  381   57  522  202  143   60  148  858  306  376  551  990  993  996  992
  6 Simple Predictor      7915  -193 -139 -250  -34  -40    0    4  -56  -20   27   47    1    1   67   29   23  192   52  -41   22   76  179   34  557  -79  -21  267  -15  291  250   44  169  114  166  868  424  342  592  986  986  993 1000
  7 Robertot              7742   -70  -63   24  -31    9   -4    0  -22   -5  -12   21   18   17   40    7   58   81   76   23  -24   88  347  -34   47    9  -36   52   -3   75  361  104   90   44  171  616  459  372  882  967  997  997  994
  8 RussRocker4           7488  -553 -545   -8 -120  -13   56   22    0   28   67  152   11   65   11   38  148  159   49    7  -57   24  298   62  156  -68   -4   81  158  112  479   96  123  344   70  932  243  294  588  994  993 1000  996
  9 ACT-R Lag2            7197   -63  -70   20   55  -59   20    5  -28    0  -12  136  -67  -16   28   54  146  108    6  -41   -1   58  308   -2  763  -59  -10  -18  -15   -6  507  139  150   35   99  132  242  246  575  844  994  997  997
 10 Boom                  7123   -44   14  -39  -37  -59  -27   12  -67   12    0   78  -21  -40   44   63   64   95   54  -35  -22   85  256   15   73   21  -38   24  -34    3  398   68  128   91  116  322  446  375  753  991  990  995 1000
 11 Granite               6631  -199 -215  -89 -248 -143  -47  -21 -152 -136  -78    0  -10  -76   24   61  -17    9   69  -30  -15   42  233    5  653  -61   -4   35   -7   67  359  183  148   96  178  869  203  379  592  987  995  998  994
 12 Shofar                6193   -57   40    0    8   -3   -1  -18  -11   67   21   10    0  -41   -2   69   97   25   43    8  -35   42  132   -5   39  -43   -7   17   -2   79  126   84  159   41  163   78  381  367  558  903  925  948  988
 13 Bugbrain              5858   -18  -43  -50    3   10   -1  -17  -65   16   40   76   41    0   33   45   83  161   44   -1  -30   70   79  -22   96   14  -37   91   -6   16  101  130   70   83   37  115  211  211  397  967  970  961  977
 14 Piedra                5834    -8  -12  -45  -37  -42  -67  -40  -11  -28  -44  -24    2  -33    0  -54    1  -40   29  -58   20  -51  131  -29  -31   30  -53   86   25   18  176  118   92  279  172  169  269  360  594  988  992  996  994
 15 Sweet Rocky           5815   -29  -62  -51  -65  -32  -29   -7  -38  -54  -63  -61  -69  -45   54    0  -27  -29   39  -29  -46  -61   94  -27  -60  -58  -29   85  -15  105  213  122  189  293  129  313  210  405  591  991  987  993  988
 16 Marble                5786  -277 -209 -113 -284 -126  -23  -58 -148 -146  -64   17  -97  -83   -1   27    0    3   44  -69  -27   25  316  -18  -27  -47   19  -15   79   97  319  181  128   90  178  911  212  405  591  990  995  998  993
 17 ZQ Bot                5604  -340 -272 -318 -239 -105 -192  -81 -159 -108  -95   -9  -25 -161   40   29   -3    0   49  -45  -48   79  180   39  -25   -8  -15   58   14   52  236  133  126  376  176  919  381  390  596  995  989  995 1000
 18 * Anti-rotn           5226   -59  -49  -81  -76  -47  -52  -76  -49   -6  -54  -69  -43  -44  -29  -39  -44  -49    0  -17   16   -7  230   -7  628  -51  -43  -34  -11  -29   14  183  343   39   55   30  510  159  597  499  999  999  990
 19 Vroomfondel           5078    -1   -3   20   59    7   41  -23   -7   41   35   30   -8    1   58   29   69   45   17    0  -25   41  219  -14   64  -23   13   -4   20    3  278  119   82  -42   18   15  207  189  494   32  995  992  995
 20 Majikthise            4833   -47  -37  -17   11  -35  -22   24   57    1   22   15   35   30  -20   46   27   48  -16   25    0   28  211  -20   25  -21    7   11   52   43  225   52   98   17   37   40  248  185  440   31  993  991  993
 21 Mixed Strategy        4533  -153  -61  -51   -9  -49  -76  -88  -24  -58  -85  -42  -42  -70   51   61  -25  -79    7  -41  -28    0   12  -47  108  -60   -5  -53  -12   31  193    9  111    0  177  118   94  337  455  972  981  996  978
 22 Multi-strategy        2642  -320 -239 -179 -188 -202 -179 -347 -298 -308 -256 -233 -132  -79 -131  -94 -316 -180 -230 -219 -211  -12    0    6  -99  -50  -20  -37   20  239   48  142  260   55  123  500  466  351  999  997  997  999  999
 23 Yomi AI               2044    36   29   22  -35   19  -34   34  -62    2  -15   -5    5   22   29   27   18  -39    7   14   20   47   -6    0  -71  -26   -8   37    7   12   -4  -15  -18   22    7  -20  -26   66   30  -40  -28  998  986
 24 Inocencio             1725  -195 -206 -660 -188 -179 -557  -47 -156 -763  -73 -653  -39  -96   31   60   27   25 -628  -64  -25 -108   99   71    0   -9  -29  -49  307   59  211  154  119   85  158  132  292  372  359  950  983  980  975
 25 * De Bruijn            534   -15  -38   48   35   37   79   -9   68   59  -21   61   43  -14  -30   58   47    8   51   23   21   60   50   26    9    0   -1   20  -24   -3  -69  -10   -6  -29   23   -3  -63    6  128   -1   21    0 -111
 26 * Pi                   318    -3  -35    9   61   17   21   36    4   10   38    4    7   37   53   29  -19   15   43  -13   -7    5   20    8   29    1    0    3  -34  -13   -8   36  -15   37  -81   31  -16  -11   30   22  -11  -11  -11
 27 * Add-drift          -1395   -95 -129 -230 -162  -18 -267  -52  -81   18  -24  -35  -17  -91  -86  -85   15  -58   34    4  -11   53   37  -37   49  -20   -3    0  -35  -18   22   -2  -36   82  -17   -8  -29   28  -14   37  -27  -67  -20
 28 * Foxtrot            -1520  -388 -379   48  -12 -381   15    3 -158   15   34    7    2    6  -25   15  -79  -14   11  -20  -52   12  -20   -7 -307   24   34   35    0   68  -12    5   14   -4   18  -15    5    4   12   23    0  -63    6
 29 * Copy-drift         -1894  -230  -28 -236  -34  -57 -291  -75 -112    6   -3  -67  -79  -16  -18 -105  -97  -52   29   -3  -43  -31 -239  -12  -59    3   13   18  -68    0   23  -19  -10  -17    0   -2  -24    9   32   -1    7  -39   33
 30 Knucklehead          -2707  -544 -414 -243 -346 -522 -250 -361 -479 -507 -398 -359 -126 -101 -176 -213 -319 -236  -14 -278 -225 -193  -48    4 -211   69    8  -22   12  -23    0    6   32    0   37   -1   12   23  191  980  548  991  989
 31 * Flat               -2874  -165 -108  -39  -87 -202  -44 -104  -96 -139  -68 -183  -84 -130 -118 -122 -181 -133 -183 -119  -52   -9 -142   15 -154   10  -36    2   -5   19   -6    0   33  -36  -15 -174  -41  -27  223  217    9    1 -401
 32 * Switch A Lot       -3011   -15  -98 -249 -210 -143 -169  -90 -123 -150 -128 -148 -159  -70  -92 -189 -128 -126 -343  -82  -98 -111 -260   18 -119    6   15   36  -14   10  -32  -33    0   18   34 -157   41   -2    9  329    0    6    5
 33 * Add-react          -3112  -313 -374 -110 -297  -60 -114  -44 -344  -35  -91  -96  -41  -83 -279 -293  -90 -376  -39   42  -17    0  -55  -22  -85   29  -37  -82    4   17    0   36  -18    0   18  -56  -69   11   29   22   63  107   30
 34 * Text               -3152   -94  -77 -151 -133 -148 -166 -171  -70  -99 -116 -178 -163  -37 -172 -129 -178 -176  -55  -18  -37 -177 -123   -7 -158  -23   81   17  -18    0  -37   15  -34  -18    0   39   11   -9 -185  -74  -11 -185  112
 35 Peterbot             -6086  -897 -916 -828 -874 -858 -868 -616 -932 -132 -322 -869  -78 -115 -169 -313 -911 -919  -30  -15  -40 -118 -500   20 -132    3  -31    8   15    2    1  174  157   56  -39    0  208  401  435  963  999  999  995
 36 Always Switchin'     -6779  -259 -202 -466 -472 -306 -424 -459 -243 -242 -446 -203 -381 -211 -269 -210 -212 -381 -510 -207 -248  -94 -466   26 -292   63   16   29   -5   24  -12   41  -41   69  -11 -208    0  -13   -8  499   29  -10  -64
 37 R-P-S 20-20-60       -8677  -403 -127 -363 -401 -376 -342 -372 -294 -246 -375 -379 -367 -211 -360 -405 -405 -390 -159 -189 -185 -337 -351  -66 -372   -6   11  -28   -4   -9  -23   27    2  -11    9 -401   13    0 -417 -164   25 -355  129
 38 Beat Frequent Pick  -13669  -896 -938 -591 -944 -551 -592 -882 -588 -575 -753 -592 -558 -397 -594 -591 -591 -596 -597 -494 -440 -455 -999  -30 -359 -128  -30   14  -12  -32 -191 -223   -9  -29  185 -435    8  417    0 -600    0  999 1000
 39 Beat The Last Move  -20235  -990 -984 -992 -984 -990 -986 -967 -994 -844 -991 -987 -903 -967 -988 -991 -990 -995 -499  -32  -31 -972 -997   40 -950    1  -22  -37  -23    1 -980 -217 -329  -22   74 -963 -499  164  600    0    1 1000 1000
 40 Rotate R-P-S        -24967  -986 -991 -992 -989 -993 -986 -997 -993 -994 -990 -995 -925 -970 -992 -987 -995 -989 -999 -995 -993 -981 -997   28 -983  -21   11   27    0   -7 -548   -9    0  -63   11 -999  -29  -25    0   -1    0    0 -630
 41 Good Ole Rock       -26180  -994 -993 -997 -1000 -996 -993 -997 -1000 -997 -995 -998 -948 -961 -996 -993 -998 -995 -999 -992 -991 -996 -999 -998 -980    0   11   67   63   39 -991   -1   -6 -107  185 -999   10  355 -999 -1000    0    0  999
 42 * Anti-Flat         -27866  -987 -989 -1000 -1000 -992 -1000 -994 -996 -997 -1000 -994 -988 -977 -994 -988 -993 -1000 -990 -995 -993 -978 -999 -986 -975  111   11   20   -6  -33 -989  401   -5  -30 -112 -995   64 -129 -1000 -1000  630 -999    0

 Match results (draw <= 50): 

    Player Name           total  W  L  D   1  2  3  4  5  6  7  8  9 10 11 12 13 14 15 16 17 18 19 20 21 22 23 24 25 26 27 28 29 30 31 32 33 34 35 36 37 38 39 40 41 42
  1 Iocaine Powder          71  30  0 11   1  2  1  2  2  1  2  1  2  2  2  2  1  1  1  2  1  2  1  2  2  2  2  1  1  2  2  2  2  2  2  2  2  2  2  2  1  2  2  2  2  2
  2 Phasenbott              66  26  1 14   0  1  1  1  2  1  1  1  2  1  2  2  1  1  1  2  2  2  1  2  1  2  2  1  1  2  2  2  2  1  2  2  2  2  2  2  2  2  2  2  2  2
  3 Simple Modeller         64  23  0 18   1  1  1  1  1  1  1  1  1  1  2  1  1  1  1  2  2  2  1  2  2  2  2  1  1  1  2  2  2  2  2  2  1  2  2  2  2  2  2  2  2  2
  4 Biopic                  62  22  1 18   0  1  1  1  1  2  1  1  1  1  1  2  1  1  1  2  1  2  1  2  1  2  1  1  1  2  2  1  2  2  2  2  2  2  2  2  2  2  2  2  2  2
  5 RussRocker4             61  25  5 11   0  0  1  1  1  2  0  2  1  1  2  1  1  0  1  2  1  2  0  2  1  2  1  2  1  2  2  2  2  2  2  2  2  2  2  2  2  2  2  2  2  2
  6 Boom                    60  21  2 18   1  1  1  0  0  1  1  1  1  1  1  1  1  1  1  2  2  2  1  2  2  2  2  1  1  1  2  1  2  1  2  2  2  2  2  2  2  2  2  2  2  2
  7 MegaHAL                 59  22  4 15   0  1  1  1  2  1  1  1  1  1  1  0  0  1  1  2  2  2  1  2  2  2  1  1  0  1  2  2  2  1  2  2  2  2  2  2  2  2  2  2  2  2
  8 Bugbrain                59  19  1 21   1  1  1  1  0  1  1  1  1  1  1  1  1  1  1  2  1  2  1  2  1  2  2  1  1  1  2  2  2  1  2  2  2  1  2  2  2  2  2  2  2  2
  9 Robertot                58  19  2 20   0  0  1  1  1  1  1  1  1  1  1  1  1  1  1  1  1  2  1  2  2  1  2  1  1  1  2  2  2  2  2  1  2  2  2  2  2  2  2  2  2  2
 10 Shofar                  57  17  1 23   0  1  1  1  1  1  1  1  1  1  1  2  1  1  1  1  2  1  1  2  1  1  1  1  1  1  2  1  2  2  2  1  2  2  2  2  2  2  2  2  2  2
 11 Simple Predictor        56  20  5 16   0  0  0  1  0  1  1  1  1  1  1  1  1  1  2  1  1  2  0  1  2  2  2  1  1  1  2  2  2  2  2  2  1  2  2  2  2  2  2  2  2  2
 12 ACT-R Lag2              56  20  5 16   0  0  1  0  1  1  2  1  1  0  1  1  1  1  1  2  2  2  0  2  1  2  2  1  1  1  2  1  2  1  2  1  2  2  2  2  2  2  2  2  2  2
 13 Vroomfondel             55  14  0 27   1  1  1  1  1  1  2  1  1  1  1  1  1  1  2  1  1  1  1  2  1  2  1  1  1  1  2  1  1  1  2  1  2  1  1  2  2  2  2  2  2  2
 14 Majikthise              53  12  0 29   1  1  1  1  2  1  1  1  1  1  1  1  1  1  1  1  1  1  1  1  1  1  1  1  1  2  2  1  1  1  2  1  2  1  1  2  2  2  2  2  2  2
 15 Piedra                  51  15  5 21   1  1  1  1  1  1  1  1  1  1  0  1  0  1  1  1  0  1  1  1  1  1  0  1  0  1  2  2  2  1  2  2  2  2  2  2  2  2  2  2  2  2
 16 Granite                 49  18 10 13   0  0  0  0  0  0  0  0  1  1  1  0  1  1  1  1  2  1  0  1  2  2  1  1  1  1  2  1  2  2  2  2  2  2  2  2  2  2  2  2  2  2
 17 Sweet Rocky             48  17 10 14   1  0  0  1  1  0  0  1  1  0  1  0  1  1  2  0  1  1  0  1  1  0  0  1  1  1  2  2  2  2  2  2  2  2  2  2  2  2  2  2  2  2
 18 ZQ Bot                  47  17 11 13   0  0  0  0  0  0  0  0  0  1  0  0  1  1  1  1  1  1  1  1  1  1  2  1  1  1  2  2  2  2  2  2  2  2  2  2  2  2  2  2  2  2
 19 * De Bruijn             46   8  3 30   1  1  1  1  2  1  1  1  1  1  2  2  1  1  1  2  2  1  1  1  2  1  2  1  1  1  1  1  1  1  0  1  1  1  1  0  1  2  1  1  0  1
 20 Marble                  45  16 12 13   0  0  0  0  0  0  0  0  0  0  1  0  0  1  1  1  1  1  1  1  1  1  1  1  1  2  2  1  2  2  2  2  2  2  2  2  2  2  2  2  2  2
 21 * Anti-rotn             45  12  8 21   0  1  0  1  1  0  0  1  0  1  0  1  1  1  1  0  1  1  0  1  1  2  1  1  1  1  2  1  1  1  1  1  2  2  2  2  2  2  2  2  2  2
 22 Inocencio               45  18 14  9   0  0  0  0  0  0  0  0  1  1  0  0  0  1  1  0  2  1  1  1  0  1  0  2  1  2  2  1  2  2  2  2  2  2  2  2  2  2  2  2  2  2
 23 Mixed Strategy          44  14 11 16   0  0  0  1  1  0  1  0  0  1  0  0  1  1  2  1  2  0  0  1  1  2  1  1  1  1  1  0  2  1  2  1  1  2  2  2  2  2  2  2  2  2
 24 Yomi AI                 42   3  2 36   1  1  1  1  0  1  1  1  1  1  1  1  1  1  1  1  1  1  1  1  1  0  1  1  1  1  1  1  1  1  1  1  1  1  1  1  1  1  2  1  2  2
 25 * Pi                    42   2  1 38   1  1  1  1  1  1  2  1  1  1  1  1  1  1  2  1  1  1  1  1  1  1  1  1  1  1  1  1  1  1  1  1  1  0  1  1  1  1  1  1  1  1
 26 * Foxtrot               34   1  8 32   0  0  1  0  0  1  1  1  1  1  1  1  1  0  1  1  1  1  1  0  1  0  1  1  1  1  1  1  1  2  1  1  1  1  1  1  1  1  0  1  1  1
 27 Multi-strategy          33  13 21  7   0  0  0  0  0  0  0  0  0  0  0  0  0  0  0  0  0  0  1  0  0  0  1  1  1  1  1  1  2  2  1  2  2  2  2  2  2  2  2  2  2  2
 28 * Add-drift             31   2 12 27   0  0  0  1  0  1  0  0  0  1  0  1  1  1  0  1  0  0  1  1  1  1  2  1  1  1  1  1  1  1  1  2  1  1  1  1  1  1  0  1  1  1
 29 Peterbot                31  10 20 11   0  0  0  0  0  0  0  0  0  0  0  0  1  1  0  0  0  0  1  0  1  0  0  1  1  1  0  1  1  1  1  2  2  1  2  2  2  2  2  2  2  2
 30 * Copy-drift            27   0 14 27   0  1  0  0  0  1  1  1  0  0  0  1  1  1  1  0  0  0  1  0  1  0  1  1  1  0  0  1  1  1  1  1  1  1  1  1  1  1  1  1  1  1
 31 Knucklehead             26   6 21 14   0  0  0  0  0  0  0  0  0  0  0  0  0  0  0  0  0  0  2  0  1  0  0  1  1  1  1  1  1  1  1  1  1  1  2  1  1  2  2  2  2  1
 32 * Add-react             24   2 19 20   0  0  0  0  0  0  0  0  1  1  0  1  1  1  0  0  0  0  1  0  1  0  1  1  1  1  0  0  0  1  1  1  1  1  1  0  1  1  2  2  1  1
 33 * Flat                  21   2 22 17   0  0  1  0  0  0  0  0  0  0  1  0  0  0  0  0  0  0  1  0  0  0  1  1  1  1  0  1  0  1  1  1  1  1  2  1  1  2  1  1  0  1
 34 * Text                  20   2 23 16   0  0  0  0  0  0  0  1  0  0  0  0  1  1  0  0  0  0  1  0  0  0  0  1  2  1  0  1  1  1  1  1  1  1  0  1  1  0  0  1  2  1
 35 Beat The Last Move      20   5 26 10   0  0  0  0  0  0  0  0  0  0  0  0  1  1  0  0  0  0  1  0  0  0  0  1  1  1  0  1  0  1  0  1  0  2  1  0  0  2  2  1  2  2
 36 Always Switchin'        19   3 25 13   0  0  0  0  0  0  0  0  0  0  0  0  0  0  0  0  0  0  2  0  0  0  0  1  1  1  0  1  0  1  1  2  1  1  2  1  1  1  1  1  0  1
 37 * Switch A Lot          19   1 23 17   1  0  0  0  0  0  0  0  0  0  0  0  0  0  0  0  0  0  1  0  0  0  0  1  1  1  0  1  0  1  1  1  1  1  2  1  1  1  1  1  1  1
 38 Beat Frequent Pick      17   4 28  9   0  0  0  0  0  0  0  0  0  0  0  0  0  0  0  0  0  0  0  0  0  0  0  1  1  1  0  1  0  1  0  1  0  2  0  1  1  1  2  1  2  2
 39 Good Ole Rock           17   5 29  7   0  0  0  0  0  0  0  0  0  0  0  0  0  0  0  0  0  0  1  0  0  0  0  0  1  2  0  2  0  1  0  0  1  2  0  1  1  0  1  1  2  2
 40 Rotate R-P-S            14   0 27 14   0  0  0  0  0  0  0  0  0  0  0  0  0  0  0  0  0  0  1  0  0  0  0  1  1  1  0  1  0  1  0  0  1  1  1  1  1  1  1  1  0  1
 41 * Anti-Flat             14   4 31  6   0  0  0  0  0  0  0  0  0  0  0  0  0  0  0  0  0  0  2  0  0  0  0  0  1  1  0  1  0  1  0  1  2  0  0  2  1  0  0  2  1  0
 42 R-P-S 20-20-60          14   1 28 12   0  0  0  0  0  0  0  0  0  0  0  0  0  0  0  0  0  0  1  0  0  0  0  0  1  1  0  1  0  1  1  1  1  1  0  1  1  0  0  1  2  1


   Yomi AI is match ranked 24

 Tournament results:
    Player Name          total 
  1 Yomi AI               2044 
 15 * Anti-rotn           5226 
 19 Iocaine Powder       11167 
 20 Phasenbott            9854 
 21 MegaHAL               9167 
 22 RussRocker4           7488 
 23 Biopic                8534 
 24 Simple Modeller       9283 
 25 Simple Predictor      7915 
 26 Robertot              7742 
 27 Boom                  7123 
 28 Shofar                6193 
 29 ACT-R Lag2            7197 
 30 Majikthise            4833 
 31 Vroomfondel           5078 
 32 Granite               6631 
 33 Marble                5786 
 34 ZQ Bot                5604 
 35 Sweet Rocky           5815 
 36 Piedra                5834 
 37 Mixed Strategy        4533 
 38 Multi-strategy        2642 
 41 Bugbrain              5858 

   Yomi is tournament ranked 23

