 Playing 1 tournaments with 1000 trials per match...

 Yomi AI            vs Good Ole Rock       Match:  998 (999+   1-   0=)
 Yomi AI            vs R-P-S 20-20-60      Match:  317 (538+ 221- 241=)
 Yomi AI            vs Rotate R-P-S        Match:  973 (980+   7-  13=)
 Yomi AI            vs Beat The Last Move  Match:   96 (410+ 314- 276=)
 Yomi AI            vs Always Switchin'    Match:  177 (433+ 256- 311=)
 Yomi AI            vs Beat Frequent Pick  Match:  504 (673+ 169- 158=)
 Yomi AI            vs * Pi                Match:   19 (346+ 327- 327=)
 Yomi AI            vs * Switch A Lot      Match:  115 (418+ 303- 279=)
 Yomi AI            vs * Flat              Match:  104 (420+ 316- 264=)
 Yomi AI            vs * Anti-Flat         Match: 1000 (1000+   0-   0=)
 Yomi AI            vs * Foxtrot           Match:  251 (507+ 256- 237=)
 Yomi AI            vs * De Bruijn         Match:  -19 (311+ 330- 359=)
 Yomi AI            vs * Text              Match:  108 (406+ 298- 296=)
 Yomi AI            vs * Anti-rotn         Match:  -36 (310+ 346- 344=)
 Yomi AI            vs * Copy-drift        Match:   41 (360+ 319- 321=)
 Yomi AI            vs * Add-react         Match:   75 (382+ 307- 311=)
 Yomi AI            vs * Add-drift         Match:  -60 (301+ 361- 338=)
 Yomi AI            vs Iocaine Powder      Match:  -41 (313+ 354- 333=)
 Yomi AI            vs Phasenbott          Match:  -37 (319+ 356- 325=)
 Yomi AI            vs MegaHAL             Match:   -9 (360+ 369- 271=)
 Yomi AI            vs RussRocker4         Match:  -43 (327+ 370- 303=)
 Yomi AI            vs Biopic              Match:   -5 (350+ 355- 295=)
 Yomi AI            vs Simple Modeller     Match:  -16 (340+ 356- 304=)
 Yomi AI            vs Simple Predictor    Match:   -3 (338+ 341- 321=)
 Yomi AI            vs Robertot            Match:  -26 (335+ 361- 304=)
 Yomi AI            vs Boom                Match:  -23 (323+ 346- 331=)
 Yomi AI            vs Shofar              Match:  -12 (338+ 350- 312=)
 Yomi AI            vs ACT-R Lag2          Match:  -15 (323+ 338- 339=)
 Yomi AI            vs Majikthise          Match:   -8 (347+ 355- 298=)
 Yomi AI            vs Vroomfondel         Match:    2 (344+ 342- 314=)
 Yomi AI            vs Granite             Match:  145 (463+ 318- 219=)
 Yomi AI            vs Marble              Match:   76 (433+ 357- 210=)
 Yomi AI            vs ZQ Bot              Match:   24 (353+ 329- 318=)
 Yomi AI            vs Sweet Rocky         Match:   77 (399+ 322- 279=)
 Yomi AI            vs Piedra              Match:   39 (380+ 341- 279=)
 Yomi AI            vs Mixed Strategy      Match:   29 (376+ 347- 277=)
 Yomi AI            vs Multi-strategy      Match:  249 (512+ 263- 225=)
 Yomi AI            vs Inocencio           Match:  193 (499+ 306- 195=)
 Yomi AI            vs Peterbot            Match:  201 (494+ 293- 213=)
 Yomi AI            vs Bugbrain            Match:   -3 (338+ 341- 321=)
 Yomi AI            vs Knucklehead         Match:  433 (617+ 184- 199=)
 Final results (draw value = 50):

 Tournament results: 

    Player Name          total     1    2    3    4    5    6    7    8    9   10   11   12   13   14   15   16   17   18   19   20   21   22   23   24   25   26   27   28   29   30   31   32   33   34   35   36   37   38   39   40   41   42
  1 Iocaine Powder       10710     0  156   87   38   33  502   22   12   12   80  176  231    7    2   41  231   10   47  305   17   19   24  295   49  150  -21  110  355  202  309  229  122  -22  544  891  257  315  901  993  981  999  999
  2 Phasenbott           10194  -156    0   40   73   33  510   34   19   34   66  117  243   52   55   37  205   58   51  261   64   56   13  292   49  250  -21   96  379  114  317  101   74   78  402  923  219  185  919  982  996  994  980
  3 MegaHAL               9463   -87  -40    0  -24   14  129   22   52   34  -52   82  260  -38    0    9  229   57   55  232   77   11  -15  150   -6  220   -1  186   46  109  313  112  142  199  353  893  453  378  932  990  987 1000 1000
  4 Simple Modeller       8428   -38  -73   24    0    6    4   19   12   55   23  232   41    5   61   16  103   64   47  326   25   40  -10  270  -28   86  -11  268   10  194   97  140  140  275  263  338  419  413  595  990  996  997  994
  5 Biopic                8275   -33  -33  -14   -6    0  -60  -12   19   35  102   45  142    8   -8    5  131   30   46   97    0    3  -24  224  -20  153    7   -7  374   67  -58  116  153  176  503  789  325  354  663  996  993  996  998
  6 RussRocker4           7940  -502 -510 -129   -4   60    0   18   31   52   -1   72  125  -15   -7   43  170   31   64  196   63  -46   25  217  -43  171   -9  182  253  116  313  166   83  113  553  948  209  349  608  988  991  999  997
  7 Robertot              7940   -22  -34  -22  -19   12  -18    0   27   60   -8   75  -18  -38  -42   26  111   20   55   45   53  -25   15  292  -53   45  -14   -6    8   55   66  113  175   96  398  845  438  429  835  988  989  996  992
  8 Boom                  7878   -12  -19  -52  -12  -19  -31  -27    0   22  -15  -14   45  -24  -32   23   49   43   39   44   38    5  -32  257   -5  849   37   19  -26  100  108   26  107  138  454  319  361  388  753  991  990  997  996
  9 Piedra                7364   -12  -34  -34  -55  -35  -52  -60  -22    0  -31  -75  -31  -38  -62  -39   -8   -6   49  -50  -20  -54  -25  -33   -8  789   -6  107   18   21  224  168  186  115  179  992  322  421  592  990  990  998  993
 10 ACT-R Lag2            7191   -80  -66   52  -23 -102    1    8   15   31    0   61  132   -6   -2   15  132   65   -6  120   93  -23  -27  236  -59  603   21   -1  -64   24   29  156   98  109  548   64  275  270  585  918  995  995  999
 11 Simple Predictor      6903  -176 -117  -82 -232  -45  -72  -75   14   75  -61    0  -22    1   60    3  -33   62   55  122   58    1  -14  220  -73  117   19  322    4  256  176   62  149  204  233  311  410  415  592  985  986  995  998
 12 Granite               6609  -231 -243 -260  -41 -142 -125   18  -45   31 -132   22    0   -3 -109 -145  -32   51   97  -20   12  -65  -23  279  -74  641  -19   26   45   66  140  160  173  155  327  858  242  402  594  994  995  999  991
 13 Shofar                6462    -7  -52   38   -5   -8   15   38   24   38    6   -1    3    0  -37   12   64   33   31   47   42   -6   17  162  -18  379  -21  -16  -14   94   72   63  118  106  117   87  417  301  554  904  907  981  977
 14 Bugbrain              6179    -2  -55    0  -61    8    7   42   32   62    2  -60  109   37    0    3  121   41   51  187   29   19   -4  100  -39   93  -11   92  -26   21   82   39   51  127   80  258  284  194  417  959  957  958  975
 15 Yomi AI               5890   -41  -37   -9  -16   -5  -43  -26  -23   39  -15   -3  145  -12   -3    0   76   77  -36   24   29    2   -8  249  -19  193   19  -60  251   41   75  104  108  115  433  201  177  317  504   96  973  998 1000
 16 Marble                5769  -231 -205 -229 -103 -131 -170 -111  -49    8 -132   33   32  -64 -121  -76    0   39   43   15   20  -18  -74  260  -80   25  -13   22   53   17  102  193  180  200  296  802  218  435  594  994  997  998 1000
 17 Sweet Rocky           5751   -10  -58  -57  -64  -30  -31  -20  -43    6  -65  -62  -51  -33  -41  -77  -39    0   44  -35   -3  -29  -15  104  -52  -39  -17   37   16   52  113  198  147  228  192  333  197  383  594  994  989  996  999
 18 * Anti-rotn           5420   -47  -51  -55  -47  -46  -64  -55  -39  -49    6  -55  -97  -31  -51   36  -43  -44    0  -50   30   22   18  274  -68  653  -52  -45  -69    6   30  194   56  321   50   38  493  160  597  500  998  999  997
 19 ZQ Bot                5404  -305 -261 -232 -326  -97 -196  -45  -44   50 -120 -122   20  -47 -187  -24  -15   35   50    0    1  -48  -11  263  -18  -30  -39   48  -55   17  326  170  142  153  288  867  263  368  592  994  990  996  993
 20 Mixed Strategy        4845   -17  -64  -77  -25    0  -63  -53  -38   20  -93  -58  -12  -42  -29  -29  -20    3  -30   -1    0  -43  -21   22  -34   54  -30   26  -22   77   86   63  132   69  111  215   78  373  510  988  953  991  875
 21 Vroomfondel           4789   -19  -56  -11  -40   -3   46   25   -5   54   23   -1   65    6  -19   -2   18   29  -22   48   43    0   17  240  -25   60   17   -1   -2    4   22   20   30  115  177    5  338  167  461  -10  993  995  987
 22 Majikthise            4610   -24  -13   15   10   24  -25  -15   32   25   27   14   23  -17    4    8   74   15  -18   11   21  -17    0  150  -48   52   20    4   24    4  -43   58   19   65  187   26  243  187  462   43  994  996  993
 23 Multi-strategy        2607  -295 -292 -150 -270 -224 -217 -292 -257   33 -236 -220 -279 -162 -100 -249 -260 -104 -274 -263  -22 -240 -150    0  -50 -139  -20   54   18  277  107  130  123  296  -23  500  500  366  999  997  997  999  999
 24 * De Bruijn            700   -49  -49    6   28   20   43   53    5    8   59   73   74   18   39   19   80   52   68   18   34   25   48   50    0   23   -1  -10   11  -11   33    9   23  -48  -42   -2  -27  -16  128   -1   21    0 -112
 25 Inocencio              578  -150 -250 -220  -86 -153 -171  -45 -849 -789 -603 -117 -641 -379  -93 -193  -25   39 -653   30  -54  -60  -52  139  -23    0  -34   35  318   97   59   84  159  111  171  185  318  431  363  751  977  974  977
 26 * Pi                    95    21   21    1   11   -7    9   14  -37    6  -21  -19   19   21   11  -19   13   17   52   39   30  -17  -20   20    1   34    0    2    7   33   -1  -23  -81  -31  -13   32  -22  -25   30   22  -11  -11  -13
 27 * Add-drift          -1574  -110  -96 -186 -268    7 -182    6  -19 -107    1 -322  -26   16  -92   60  -22  -37   45  -48  -26    1   -4  -54   10  -35   -2    0  -34   -1   46   65  -22  -11  -68  -31  -11    1  -18  -21   31  -32   22
 28 * Foxtrot            -1834  -355 -379  -46  -10 -374 -253   -8   26  -18   64   -4  -45   14   26 -251  -53  -16   69   55   22    2  -24  -18  -11 -318   -7   34    0  -34   13    6   -8   31   24    8  -31  -20  -10   21   -5   42    7
 29 * Copy-drift         -1978  -202 -114 -109 -194  -67 -116  -55 -100  -21  -24 -256  -66  -94  -21  -41  -17  -52   -6  -17  -77   -4   -4 -277   11  -97  -33    1   34    0   -6   52  -29   -2   10  -29  -17  -23  -12    0   25   25   46
 30 * Add-react          -2988  -309 -317 -313  -97   58 -313  -66 -108 -224  -29 -176 -140  -72  -82  -75 -102 -113  -30 -326  -86  -22   43 -107  -33  -59    1  -46  -13    6    0  -12   38   20   42  -23    5  -16   -8   -4   50   -1   71
 31 * Flat               -3085  -229 -101 -112 -140 -116 -166 -113  -26 -168 -156  -62 -160  -63  -39 -104 -193 -198 -194 -170  -63  -20  -58 -130   -9  -84   23  -65   -6  -52   12    0   30   15   22 -179  -76  -17  233  229   34    1 -415
 32 * Text               -3147  -122  -74 -142 -140 -153  -83 -175 -107 -186  -98 -149 -173 -118  -51 -108 -180 -147  -56 -142 -132  -30  -19 -123  -23 -159   81   22    8   29  -38  -30    0  -10   39   19    7  -42 -185  -74  -11 -185  113
 33 * Switch A Lot       -3326    22  -78 -199 -275 -176 -113  -96 -138 -115 -109 -204 -155 -106 -127 -115 -200 -228 -321 -153  -69 -115  -65 -296   48 -111   31   11  -31    2  -20  -15   10    0   12 -182    1   36    0  342   27  -19  -37
 34 Knucklehead          -3843  -544 -402 -353 -263 -503 -553 -398 -454 -179 -548 -233 -327 -117  -80 -433 -296 -192  -50 -288 -111 -177 -187   23   42 -171   13   68  -24  -10  -42  -22  -39  -12    0  -62    3  -14  178  956  -33 1000  991
 35 Peterbot             -6185  -891 -923 -893 -338 -789 -948 -845 -319 -992  -64 -311 -858  -87 -258 -201 -802 -333  -38 -867 -215   -5  -26 -500    2 -185  -32   31   -8   29   23  179  -19  182   62    0  266  378  436  982  999 1000  993
 36 Always Switchin'     -6984  -257 -219 -453 -419 -325 -209 -438 -361 -322 -275 -410 -242 -417 -284 -177 -218 -197 -493 -263  -78 -338 -243 -500   27 -318   22   11   31   17   -5   76   -7   -1   -3 -266    0   -2   58  481   31    2    0
 37 R-P-S 20-20-60       -9157  -315 -185 -378 -413 -354 -349 -429 -388 -421 -270 -415 -402 -301 -194 -317 -435 -383 -160 -368 -373 -167 -187 -366   16 -431   25   -1   20   23   16   17   42  -36   14 -378    2    0 -418 -170   11 -428   89
 38 Beat Frequent Pick  -14232  -901 -919 -932 -595 -663 -608 -835 -753 -592 -585 -592 -594 -554 -417 -504 -594 -594 -597 -592 -510 -461 -462 -999 -128 -363  -30   18   10   12    8 -233  185    0 -178 -436  -58  418    0 -600    0  999  997
 39 Beat The Last Move  -20180  -993 -982 -990 -990 -996 -988 -988 -991 -990 -918 -985 -994 -904 -959  -96 -994 -994 -500 -994 -988   10  -43 -997    1 -751  -22   21  -21    0    4 -229   74 -342 -956 -982 -481  170  600    0    1 1000  997
 40 Rotate R-P-S        -25433  -981 -996 -987 -996 -993 -991 -989 -990 -990 -995 -986 -995 -907 -957 -973 -997 -989 -998 -990 -953 -993 -994 -997  -21 -977   11  -31    5  -25  -50  -34   11  -27   33 -999  -31  -11    0   -1    0    0 -649
 41 Good Ole Rock       -26239  -999 -994 -1000 -997 -996 -999 -996 -997 -998 -995 -995 -999 -981 -958 -998 -998 -996 -999 -996 -991 -995 -996 -999    0 -974   11   32  -42  -25    1   -1  185   19 -1000 -1000   -2  428 -999 -1000    0    0 1000
 42 * Anti-Flat         -27809  -999 -980 -1000 -994 -998 -997 -992 -996 -993 -999 -998 -991 -977 -975 -1000 -1000 -999 -997 -993 -875 -987 -993 -999  112 -977   13  -22   -7  -46  -71  415 -113   37 -991 -993    0  -89 -997 -997  649 -1000    0

 Match results (draw <= 50): 

    Player Name           total  W  L  D   1  2  3  4  5  6  7  8  9 10 11 12 13 14 15 16 17 18 19 20 21 22 23 24 25 26 27 28 29 30 31 32 33 34 35 36 37 38 39 40 41 42
  1 Phasenbott              71  31  1  9   1  0  1  2  2  1  1  1  2  2  2  2  1  1  2  1  2  2  1  2  2  2  2  1  2  2  2  2  2  2  2  2  2  2  2  2  2  2  2  2  2  2
  2 Iocaine Powder          66  25  0 16   2  1  2  2  1  1  1  1  1  1  2  2  1  1  1  1  1  2  1  1  2  1  2  1  2  2  2  2  2  2  2  2  2  2  2  1  2  2  2  2  2  2
  3 MegaHAL                 65  26  2 13   1  0  1  2  1  1  1  1  1  1  0  2  2  1  1  1  2  2  1  2  2  2  2  1  2  1  2  2  2  2  2  2  2  2  2  2  2  2  2  2  2  2
  4 RussRocker4             64  26  3 12   0  0  0  1  1  1  1  2  1  1  1  2  1  1  1  2  2  2  1  1  2  2  2  1  2  2  2  2  2  2  2  2  2  2  2  2  2  2  2  2  2  2
  5 Simple Modeller         63  23  1 17   0  1  1  1  1  1  1  1  2  1  1  2  1  1  1  2  1  1  1  2  2  1  2  1  2  1  2  2  2  2  2  2  2  2  2  2  2  2  2  2  2  2
  6 Robertot                60  20  1 20   1  1  1  1  1  1  1  1  1  1  1  2  1  1  1  2  2  1  0  1  1  2  2  1  1  1  2  1  2  2  2  2  2  2  2  2  2  2  2  2  2  2
  7 Yomi AI                 59  19  1 21   1  1  1  1  1  1  1  1  1  1  1  1  1  1  1  1  1  2  1  2  1  1  2  1  2  2  2  0  2  1  2  2  2  2  2  2  2  2  2  2  2  2
  8 Biopic                  59  20  2 19   1  1  1  0  1  1  1  1  1  1  2  1  1  1  1  1  1  2  1  1  2  1  2  1  2  2  2  1  2  2  0  2  2  2  2  2  2  2  2  2  2  2
  9 Bugbrain                58  20  3 18   0  1  1  1  0  1  1  1  1  1  1  0  1  1  1  2  1  2  1  1  2  2  2  1  2  1  2  2  2  1  2  2  2  2  2  2  1  2  2  2  2  2
 10 Shofar                  57  17  1 23   0  1  1  1  1  1  1  1  1  1  1  1  1  1  1  1  1  1  1  1  1  1  2  1  2  1  2  1  2  2  2  2  2  2  2  2  2  2  2  2  2  2
 11 ACT-R Lag2              57  21  5 15   0  0  2  1  1  1  1  0  1  1  1  2  1  1  1  1  2  2  0  2  2  1  2  1  2  0  2  1  2  1  1  2  2  2  2  2  2  2  2  2  2  2
 12 Simple Predictor        56  23  8 10   0  0  0  0  0  0  1  1  2  1  0  1  1  1  1  2  2  1  0  2  2  2  1  1  2  1  2  2  2  2  2  2  2  2  2  2  2  2  2  2  2  2
 13 Boom                    55  15  1 25   1  1  0  1  1  1  1  1  1  1  1  1  1  1  1  1  1  1  1  1  1  1  1  1  2  1  2  1  2  2  2  2  2  2  2  2  1  2  2  2  2  2
 14 Majikthise              53  12  0 29   1  1  1  1  1  1  1  1  1  1  1  1  1  1  1  1  1  1  1  1  1  1  2  1  2  1  2  1  1  1  1  2  1  2  1  2  2  2  2  2  2  2
 15 Vroomfondel             52  12  1 28   0  1  1  1  1  1  1  1  1  1  1  1  1  1  1  2  1  2  1  1  1  1  1  1  2  1  2  1  1  1  1  2  1  2  1  2  1  2  2  2  2  2
 16 Piedra                  50  15  6 20   1  1  1  0  0  0  1  1  0  1  1  0  1  1  0  1  1  1  1  1  1  1  1  1  2  1  1  2  2  1  2  2  2  2  2  2  2  2  2  2  2  2
 17 Mixed Strategy          50  15  6 20   0  1  0  0  1  0  1  1  1  1  0  0  1  1  1  1  1  1  1  1  1  1  1  1  2  1  1  1  2  2  2  2  2  2  2  2  2  2  2  2  2  2
 18 Granite                 49  18 10 13   0  0  0  0  1  1  0  0  0  1  0  1  1  1  0  1  1  1  0  2  1  2  1  1  2  1  2  1  2  2  2  2  2  2  2  2  2  2  2  2  2  2
 19 * De Bruijn             48   8  1 32   1  1  1  1  1  2  1  1  1  1  2  2  1  1  1  1  1  2  1  2  1  2  2  1  1  1  1  1  1  1  1  1  1  1  1  1  1  1  2  1  1  0
 20 Sweet Rocky             48  15  8 18   0  1  0  1  0  1  0  1  1  1  0  0  1  1  1  1  1  0  0  1  1  1  1  1  1  1  2  1  2  2  2  2  2  2  2  2  2  2  2  2  2  2
 21 ZQ Bot                  45  14 10 17   0  0  0  0  0  1  1  0  0  1  0  0  1  1  1  1  1  1  1  1  1  1  1  1  1  0  2  1  2  1  2  2  2  2  2  2  2  2  2  2  2  2
 22 * Anti-rotn             43  12 10 19   0  1  0  0  1  0  1  1  0  1  1  0  1  1  1  1  1  0  0  1  1  1  1  0  2  0  2  1  1  1  1  1  2  2  2  2  2  2  2  2  2  2
 23 Marble                  43  15 13 13   0  0  0  0  0  0  0  0  0  0  0  1  1  0  1  1  1  1  0  1  1  1  1  1  1  2  2  1  2  1  2  2  2  2  2  2  2  2  2  2  2  2
 24 * Pi                    41   1  1 39   1  1  1  1  1  1  1  1  1  1  1  1  1  1  1  1  1  1  1  1  1  2  1  1  1  1  1  1  1  1  1  1  1  1  0  1  1  1  1  1  1  1
 25 Inocencio               39  16 18  7   0  0  0  0  0  1  0  0  0  0  0  0  0  0  0  0  0  0  1  1  1  0  1  1  1  2  2  1  2  2  2  2  2  2  2  2  2  2  2  2  2  2
 26 * Foxtrot               37   3  7 31   0  0  1  0  1  1  0  0  1  1  2  1  1  1  1  1  1  1  1  1  2  2  0  1  0  1  1  1  1  1  1  1  1  1  1  1  1  1  1  1  1  1
 27 Multi-strategy          34  14 21  6   0  0  0  0  0  0  0  0  0  0  0  0  0  0  0  1  1  0  1  0  0  0  0  1  0  1  1  2  2  2  2  1  2  2  2  2  2  2  2  2  2  2
 28 * Add-drift             33   2 10 29   0  0  0  0  0  1  2  1  0  1  1  0  1  1  1  0  1  1  1  1  1  1  1  1  1  1  0  1  1  1  1  0  1  1  1  1  2  1  1  1  1  1
 29 Peterbot                30  10 21 10   0  0  0  0  0  0  0  0  0  0  0  0  0  1  1  0  0  0  1  0  0  1  0  1  0  1  0  1  1  1  1  2  2  2  1  2  2  2  2  2  2  2
 30 * Copy-drift            27   1 15 25   0  0  0  0  0  0  1  0  1  0  1  0  0  1  1  1  0  0  1  0  1  1  1  1  0  1  0  1  1  1  1  1  1  1  1  1  2  1  1  1  1  1
 31 * Add-react             24   2 19 20   0  0  0  0  0  0  0  2  0  0  1  0  0  1  1  0  0  0  1  0  0  1  0  1  0  1  0  1  1  1  1  1  1  1  1  1  1  1  1  1  1  2
 32 Knucklehead             23   5 23 13   0  0  0  0  0  0  0  0  0  0  0  0  0  0  0  0  0  0  1  0  0  1  0  1  0  1  1  2  0  1  1  1  2  1  1  1  1  2  2  1  1  2
 33 Beat The Last Move      19   5 27  9   0  0  0  0  0  0  0  0  0  0  0  0  0  1  1  0  0  0  1  0  0  0  0  1  0  1  0  1  0  1  1  0  1  0  2  0  0  2  2  1  2  2
 34 Always Switchin'        19   3 25 13   0  0  0  0  0  0  0  0  0  0  0  0  0  0  0  0  0  0  1  0  0  0  0  1  0  1  0  1  0  1  1  1  2  1  1  1  2  1  2  1  1  1
 35 * Text                  18   2 25 14   0  0  0  0  0  0  0  0  0  0  0  0  0  1  1  0  0  0  1  0  0  0  0  2  0  1  0  1  1  1  1  1  0  1  1  1  1  0  0  1  1  2
 36 * Switch A Lot          18   1 24 16   0  1  0  0  0  0  0  0  0  0  0  0  0  0  0  0  0  0  1  0  0  0  0  1  0  1  0  1  0  1  1  1  2  1  1  1  1  1  1  1  1  1
 37 * Flat                  17   2 26 13   0  0  0  0  0  0  0  0  1  0  0  0  1  0  1  0  0  0  1  0  0  0  0  1  0  1  0  0  0  0  1  1  2  0  1  1  1  1  2  1  1  0
 38 Good Ole Rock           16   3 28 10   0  0  0  0  0  0  0  0  0  0  0  0  0  0  0  0  0  0  1  0  0  0  0  1  0  1  0  1  0  1  1  0  0  1  2  1  1  1  0  1  2  2
 39 Beat Frequent Pick      15   4 30  7   0  0  0  0  0  0  0  0  0  0  0  0  0  0  0  0  0  0  0  0  0  0  0  1  0  1  0  1  0  1  1  0  0  0  2  1  0  2  1  1  2  2
 40 Rotate R-P-S            15   0 26 15   0  0  0  0  0  0  0  0  0  0  0  0  0  0  0  0  0  0  1  0  0  0  0  1  0  1  0  1  0  1  1  1  1  1  1  1  1  1  1  1  1  0
 41 R-P-S 20-20-60          14   1 28 12   0  0  0  0  0  0  0  0  0  0  0  0  0  0  0  0  0  0  1  0  0  0  0  1  0  1  0  1  0  1  1  1  0  1  1  1  1  0  0  1  1  2
 42 * Anti-Flat             12   3 32  6   0  0  0  0  0  0  0  0  0  0  0  0  0  0  0  0  0  0  2  0  0  0  0  1  0  1  0  1  0  1  0  0  0  1  0  1  2  0  0  2  0  1


   Yomi AI is match ranked 7

 Tournament results:
    Player Name          total 
  1 Yomi AI               5890 
 19 Iocaine Powder       10710 
 20 Phasenbott           10194 
 21 MegaHAL               9463 
 22 RussRocker4           7940 
 23 Biopic                8275 
 24 Simple Modeller       8428 
 25 Simple Predictor      6903 
 26 Robertot              7940 
 27 Boom                  7878 
 28 Shofar                6462 
 29 ACT-R Lag2            7191 
 32 Granite               6609 
 36 Piedra                7364 
 41 Bugbrain              6179 

   Yomi is tournament ranked 15

