 Playing 1 tournaments with 1000 trials per match...

 Yomi AI            vs Good Ole Rock       Match:  998 (999+   1-   0=)
 Yomi AI            vs R-P-S 20-20-60      Match:  260 (514+ 254- 232=)
 Yomi AI            vs Rotate R-P-S        Match:  960 (969+   9-  22=)
 Yomi AI            vs Beat The Last Move  Match:  154 (441+ 287- 272=)
 Yomi AI            vs Always Switchin'    Match:  191 (479+ 288- 233=)
 Yomi AI            vs Beat Frequent Pick  Match:  502 (686+ 184- 130=)
 Yomi AI            vs * Pi                Match:   -8 (330+ 338- 332=)
 Yomi AI            vs * Switch A Lot      Match:   95 (381+ 286- 333=)
 Yomi AI            vs * Flat              Match:   13 (334+ 321- 345=)
 Yomi AI            vs * Anti-Flat         Match:  974 (979+   5-  16=)
 Yomi AI            vs * Foxtrot           Match:  290 (520+ 230- 250=)
 Yomi AI            vs * De Bruijn         Match:   29 (351+ 322- 327=)
 Yomi AI            vs * Text              Match:   77 (374+ 297- 329=)
 Yomi AI            vs * Anti-rotn         Match:  -37 (308+ 345- 347=)
 Yomi AI            vs * Copy-drift        Match:   10 (348+ 338- 314=)
 Yomi AI            vs * Add-react         Match:   18 (353+ 335- 312=)
 Yomi AI            vs * Add-drift         Match:   -7 (331+ 338- 331=)
 Yomi AI            vs Iocaine Powder      Match:   20 (356+ 336- 308=)
 Yomi AI            vs Phasenbott          Match:   31 (351+ 320- 329=)
 Yomi AI            vs MegaHAL             Match:    1 (349+ 348- 303=)
 Yomi AI            vs RussRocker4         Match:  -43 (306+ 349- 345=)
 Yomi AI            vs Biopic              Match:   46 (368+ 322- 310=)
 Yomi AI            vs Simple Modeller     Match:   -9 (326+ 335- 339=)
 Yomi AI            vs Simple Predictor    Match:   28 (355+ 327- 318=)
 Yomi AI            vs Robertot            Match:    6 (343+ 337- 320=)
 Yomi AI            vs Boom                Match:   37 (354+ 317- 329=)
 Yomi AI            vs Shofar              Match:  -70 (308+ 378- 314=)
 Yomi AI            vs ACT-R Lag2          Match:  -19 (334+ 353- 313=)
 Yomi AI            vs Majikthise          Match:   -6 (341+ 347- 312=)
 Yomi AI            vs Vroomfondel         Match:   34 (369+ 335- 296=)
 Yomi AI            vs Granite             Match:   69 (435+ 366- 199=)
 Yomi AI            vs Marble              Match:   24 (389+ 365- 246=)
 Yomi AI            vs ZQ Bot              Match:   17 (370+ 353- 277=)
 Yomi AI            vs Sweet Rocky         Match:   45 (384+ 339- 277=)
 Yomi AI            vs Piedra              Match:   61 (378+ 317- 305=)
 Yomi AI            vs Mixed Strategy      Match:   -7 (369+ 376- 255=)
 Yomi AI            vs Multi-strategy      Match:  232 (494+ 262- 244=)
 Yomi AI            vs Inocencio           Match:   46 (385+ 339- 276=)
 Yomi AI            vs Peterbot            Match:   68 (385+ 317- 298=)
 Yomi AI            vs Bugbrain            Match:  -12 (342+ 354- 304=)
 Yomi AI            vs Knucklehead         Match:  437 (620+ 183- 197=)
 Final results (draw value = 50):

 Tournament results: 

    Player Name          total     1    2    3    4    5    6    7    8    9   10   11   12   13   14   15   16   17   18   19   20   21   22   23   24   25   26   27   28   29   30   31   32   33   34   35   36   37   38   39   40   41   42
  1 Iocaine Powder       11172     0   62   55   29   39  533   58  164  -12   59  208   90   70   29  300   -1  254  -20   58   47   -5   19  268   16    2  660  136  178  335  187   40  122  310  532  898  245  328  921  987  988  991  992
  2 Phasenbott            9866   -62    0   63   35   34  530   32  126   34   66  198   47   36    5  297   38  205  -31   32   51   36   21  161   38   15  221   78   43  395   95   97   74  285  386  908  193  157  955  989  987  996 1000
  3 MegaHAL               9337   -55  -63    0    5   16   70   18   63   11   20  253  -13   21  -34  257   35  194   -1   61   55  -20   16  166  -28   13  170  235  101   19  147  230  142  261  358  906  433  367  934  987  993 1000  994
  4 Biopic                8409   -29  -35   -5    0    7  -51   63   45   25   61   70   -4   70   11   73   27  133  -46  -37   46    3    8  238  -19  -25  136   -7   31  407  173  132  153   82  507  756  315  327  777  998  998  998  997
  5 Simple Modeller       8217   -39  -34  -16   -7    0   21  -21  313   24   41  104  -24   30   -6  329    8  123    9   67   47  -40   11  217  -50   -3  257  273  239    5   58  190  140   97  191  293  406  397  594  994  991  996  992
  6 RussRocker4           7868  -533 -530  -70   51  -21    0   79  100   20   49  138   27    5   -4  167   17  126   43   78   64   46   70  230  -77   -6  114  175  104  177   88  136   83  319  462  943  255  371  589  994  991  998 1000
  7 Robertot              7681   -58  -32  -18  -63   21  -79    0   75  -17   18   73    2   71    1  118   20   87   -6   25   55  -17  -46  233  -50   -5   25   37   84  -49   53   97  175   68  396  676  469  401  883  977  995  995  991
  8 Simple Predictor      7199  -164 -126  -63  -45 -313 -100  -75    0  -22   65   -4  -18   40  -27  189   24    7  -28   51   55  -43   15  191  -79  -14  667  263  232  -13   88  213  149   93  284  337  386  432  588  986  986  996  996
  9 Boom                  7195    12  -34  -11  -25  -24  -20   17   22    0   48   37  -21   10  -58   43  -32   46  -37   12   39  -30  -28  192   23  -15   17    6   63   -3   33  257  107   78  499  438  429  376  753  991  990  995 1000
 10 Sweet Rocky           6748   -59  -66  -20  -61  -41  -49  -18  -65  -48    0  -12  -54    0  -43  -46  -27  -46  -45   14   68  -18  -40  102  -51   45  764   68    8   13  182  119  147  226   78  538  229  386  594  990  994  997  995
 11 Granite               6634  -208 -198 -253  -70 -104 -138  -73    4  -37   12    0 -128   40  -58   -4  -83    5  -69  -16   59   -3  -66  251  -70   -2  645   55   45   30  172  185  173   71  332  925  253  389  592  992  993  998  993
 12 ACT-R Lag2            6609   -90  -47   13    4   24  -27   -2   18   21   54  128    0   35   -5  118   -2  121   19   49   19   -7  -29  181  -95  -18  779    3   18  -37  144  138   98   19  485  285  271  329  583   27  994  996  995
 13 Piedra                6452   -70  -36  -21  -70  -30   -5  -71  -40  -10    0  -40  -35    0  -31  -10  -20  -29  -61   11   41  -73  -26  127  -23  -10  -73   40   41  -46  146  197  186  318   80  928  191  403  592  999  988  996  998
 14 Shofar                6200   -29   -5   34  -11    6    4   -1   27   58   43   58    5   31    0   71   14   68   70   20   36  -24  -23  145  -40   17   14   32   68   13   45  136   68   17   72   97  417  313  563  904  927  969  971
 15 ZQ Bot                6120  -300 -297 -257  -73 -329 -167 -118 -189  -43   46    4 -118   10  -71    0 -161  -38  -17   36   57  -49   -6  234   -5  -43  746  110   66  -32  123  123  142  356  254  823  373  375  591  993  992  995  984
 16 Bugbrain              5839     1  -38  -35  -27   -8  -17  -20  -24   32   27   83    2   20  -14  161    0   73   12   78   34  -37   17   45  -10  -10   35   63   97  -15   11   85   51  104  144  224  247  199  410  939  955  969  976
 17 Marble                5778  -254 -205 -194 -133 -123 -126  -87   -7  -46   46   -5 -121   29  -68   38  -73    0  -24   -2   52  -11   -2  287  -84  -28   31   25    3   50  172  147  180   93  306  716  188  438  592  994  991 1000  993
 18 Yomi AI               5555    20   31    1   46   -9  -43    6   28   37   45   69  -19   61  -70   17  -12   24    0   -7  -37   -6   34  232   29   -8   46   -7   10  290   13   95   77   18  437   68  191  260  502  154  960  998  974
 19 Mixed Strategy        4933   -58  -32  -61   37  -67  -78  -25  -51  -12  -14   16  -49  -11  -20  -36  -78    2    7    0   46  -69  -26   46  -82  -12  -15   20   21   14    9   18  132   62  126  215   69  390  562  982  960  998  997
 20 * Anti-rotn           4707   -47  -51  -55  -46  -47  -64  -55  -55  -39  -68  -59  -19  -41  -36  -57  -34  -52   37  -46    0   45  -14    6  -42  -47  336  -45    6  -23  193  313   56   30   24   39  509  178  500  492  999 1000  986
 21 Majikthise            4666     5  -36   20   -3   40  -46   17   43   30   18    3    7   73   24   49   37   11    6   69  -45    0   37  100    0  -33   25   -6  -29   22   75  121   19  -15  208  -15  229  115  468   41  993  996  993
 22 Vroomfondel           4630   -19  -21  -16   -8  -11  -70   46  -15   28   40   66   29   26   23    6  -17    2  -34   26   14  -37    0  110    3   -6  100    7  -38   -4   47   27   30   14  292   47  357  168  456   -5  994  995  978
 23 Multi-strategy        3284  -268 -161 -166 -238 -217 -230 -233 -191 -192 -102 -251 -181 -127 -145 -234  -45 -287 -232  -46   -6 -100 -110    0  -50  -20  -99   31  236   16  147  230  123   18   33  500  528  363  999  997  997  999  998
 24 * De Bruijn            902   -16  -38   28   19   50   77   50   79  -23   51   70   95   23   40    5   10   84  -29   82   42    0   -3   50    0   -1   20  -11  -24   -1   24    3   23   31   42    0   -4   12  128   -1   21    0 -106
 25 * Pi                    51    -2  -15  -13   25    3    6    5   14   15  -45    2   18   10  -17   43   10   28    8   12   47   33    6   20    1    0    6  -51   -4   10  -25   -5  -81  -23  -32   -8   23    7   30   22  -11  -11  -10
 26 Inocencio             -882  -660 -221 -170 -136 -257 -114  -25 -667  -17 -764 -645 -779   73  -14 -746  -35  -31  -46   15 -336  -25 -100   99  -20   -6    0   29  102  334  188   40  159   74  245  113  238  402  361 -482  986  982  974
 27 * Add-drift          -1554  -136  -78 -235    7 -273 -175  -37 -263   -6  -68  -55   -3  -40  -32 -110  -63  -25    7  -20   45    6   -7  -31   11   51  -29    0   34   -3  -21    3  -22   45  -15    8  -28  -12   16    4   -5    1    0
 28 * Copy-drift         -1778  -178  -43 -101  -31 -239 -104  -84 -232  -63   -8  -45  -18  -41  -68  -66  -97   -3  -10  -21   -6   29   38 -236   24    4 -102  -34    0   10   -9  -42  -29   11  -57  -31   30   10  -20    7   34   17   26
 29 * Foxtrot            -1881  -335 -395  -19 -407   -5 -177   49   13    3  -13  -30   37   46  -13   32   15  -50 -290  -14   23  -22    4  -16    1  -10 -334    3  -10    0  -12    0    1  -28    3  -47   47   13   14   11  -14   27   18
 30 * Flat               -2852  -187  -95 -147 -173  -58  -88  -53  -88  -33 -182 -172 -144 -146  -45 -123  -11 -172  -13   -9 -193  -75  -47 -147  -24   25 -188   21    9   12    0  -23    6  -28   22 -167  -49    9  191  225  -59    0 -433
 31 * Switch A Lot       -2987   -40  -97 -230 -132 -190 -136  -97 -213 -257 -119 -185 -138 -197 -136 -123  -85 -147  -95  -18 -313 -121  -27 -230   -3    5  -40   -3   42    0   23    0   14   78   19 -128   27  -29    8  335  -10  -16   17
 32 * Text               -2993  -122  -74 -142 -153 -140  -83 -175 -149 -107 -147 -173  -98 -186  -68 -142  -51 -180  -77 -132  -56  -19  -30 -123  -23   81 -159   22   29   -1   -6  -14    0  -38   39   19    3   24 -185  -74  -11 -185  113
 33 * Add-react          -3196  -310 -285 -261  -82  -97 -319  -68  -93  -78 -226  -71  -19 -318  -17 -356 -104  -93  -18  -62  -30   15  -14  -18  -31   23  -74  -45  -11   28   28  -78   38    0  -67  -31  -33   -4   16   41  -57    3  -18
 34 Knucklehead          -3629  -532 -386 -358 -507 -191 -462 -396 -284 -499  -78 -332 -485  -80  -72 -254 -144 -306 -437 -126  -24 -208 -292  -33  -42   32 -245   15   57   -3  -22  -19  -39   67    0    0    1  -22  129  972  -24 1000 1000
 35 Peterbot             -6196  -898 -908 -906 -756 -293 -943 -676 -337 -438 -538 -925 -285 -928  -97 -823 -224 -716  -68 -215  -39   15  -47 -500    0    8 -113   -8   31   47  167  128  -19   31    0    0  254  418  433  981  998  998  995
 36 Always Switchin'     -7208  -245 -193 -433 -315 -406 -255 -469 -386 -429 -229 -253 -271 -191 -417 -373 -247 -188 -191  -69 -509 -229 -357 -528    4  -23 -238   28  -30  -47   49  -27   -3   33   -1 -254    0  -19   43  478   -2  -11   -5
 37 R-P-S 20-20-60       -9211  -328 -157 -367 -327 -397 -371 -401 -432 -376 -386 -389 -329 -403 -313 -375 -199 -438 -260 -390 -178 -115 -168 -363  -12   -7 -402   12  -10  -13   -9   29  -24    4   22 -418   19    0 -376 -167    1 -406    8
 38 Beat Frequent Pick  -14391  -921 -955 -934 -777 -594 -589 -883 -588 -753 -594 -592 -583 -592 -563 -591 -410 -592 -502 -562 -500 -468 -456 -999 -128  -30 -361  -16   20  -14 -191   -8  185  -16 -129 -433  -43  376    0 -600    0  999  996
 39 Beat The Last Move  -18156  -987 -989 -987 -998 -994 -994 -977 -986 -991 -990 -992  -27 -999 -904 -993 -939 -994 -154 -982 -492  -41    5 -997    1  -22  482   -4   -7  -11 -225 -335   74  -41 -972 -981 -478  167  600    0    1 1000  997
 40 Rotate R-P-S        -25158  -988 -987 -993 -998 -991 -991 -995 -986 -990 -994 -993 -994 -988 -927 -992 -955 -991 -960 -960 -999 -993 -994 -997  -21   11 -986    5  -34   14   59   10   11   57   24 -998    2   -1    0   -1    0    0 -654
 41 Good Ole Rock       -26269  -991 -996 -1000 -998 -996 -998 -995 -996 -995 -997 -998 -996 -996 -969 -995 -969 -1000 -998 -998 -1000 -996 -995 -999    0   11 -982   -1  -17  -27    0   16  185   -3 -1000 -998   11  406 -999 -1000    0    0 1000
 42 * Anti-Flat         -27711  -992 -1000 -994 -997 -992 -1000 -991 -996 -1000 -995 -993 -995 -998 -971 -984 -976 -993 -974 -997 -986 -993 -978 -998  106   10 -974    0  -26  -18  433  -17 -113   18 -1000 -995    5   -8 -996 -997  654 -1000    0

 Match results (draw <= 50): 

    Player Name           total  W  L  D   1  2  3  4  5  6  7  8  9 10 11 12 13 14 15 16 17 18 19 20 21 22 23 24 25 26 27 28 29 30 31 32 33 34 35 36 37 38 39 40 41 42
  1 Iocaine Powder          70  29  0 12   1  2  2  2  1  1  2  1  1  2  1  2  1  1  2  1  2  1  2  2  2  2  1  2  1  2  2  2  2  2  2  2  2  1  2  2  2  2  2  2  2  2
  2 Phasenbott              65  25  1 15   0  1  2  2  1  1  1  1  1  1  1  2  1  1  2  1  1  1  2  2  2  1  2  2  1  2  2  2  2  1  2  2  2  2  2  2  2  2  2  2  2  2
  3 RussRocker4             64  27  4 10   0  0  1  0  1  2  2  1  1  1  1  2  1  1  1  2  1  0  2  2  2  2  2  2  1  2  2  2  2  2  2  2  2  2  2  2  2  2  2  2  2  2
  4 MegaHAL                 63  24  2 15   0  0  2  1  1  1  1  1  1  1  1  2  1  1  1  1  1  1  2  2  2  2  2  2  1  1  2  2  2  2  2  2  2  2  2  2  2  2  2  2  2  2
  5 Simple Modeller         63  22  0 19   1  1  1  1  1  1  1  1  1  1  1  2  1  1  1  1  1  1  2  2  2  2  1  2  1  1  2  2  2  2  2  2  2  2  2  2  2  2  2  2  2  2
  6 Biopic                  62  22  1 18   1  1  0  1  1  1  2  1  1  1  1  1  1  1  2  1  2  1  2  2  2  1  1  2  1  2  2  1  2  1  2  2  2  2  2  2  2  2  2  2  2  2
  7 Robertot                59  21  3 17   0  1  0  1  1  0  1  1  1  1  1  2  1  1  1  1  2  1  2  2  2  1  2  1  1  1  2  1  2  2  2  2  2  2  2  2  2  2  2  2  2  2
  8 Shofar                  59  18  0 23   1  1  1  1  1  1  1  1  1  1  2  1  2  1  1  1  1  1  2  2  2  1  1  1  1  1  2  1  2  2  2  2  1  2  1  2  2  2  2  2  2  2
  9 Bugbrain                59  18  0 23   1  1  1  1  1  1  1  1  1  1  1  1  1  1  1  1  1  1  2  2  2  2  1  1  1  1  1  2  2  2  2  2  1  2  2  2  2  2  2  2  2  2
 10 ACT-R Lag2              56  17  2 22   0  1  1  1  1  1  1  1  1  1  1  1  1  1  2  1  1  0  2  2  2  1  1  2  1  1  2  1  2  1  2  1  2  2  1  2  2  2  2  2  2  2
 11 Yomi AI                 55  15  1 25   1  1  1  1  1  1  1  0  1  1  1  1  1  1  1  1  2  1  1  2  1  1  1  1  1  2  2  1  2  1  2  2  1  2  1  2  2  2  2  2  2  2
 12 Simple Predictor        55  21  7 13   0  0  0  0  0  1  0  1  1  1  1  1  1  1  2  1  1  0  2  1  1  2  2  2  1  1  2  2  2  2  2  2  2  2  2  2  2  2  2  2  2  2
 13 Boom                    54  14  1 26   1  1  1  1  1  1  1  0  1  1  1  1  1  1  1  1  1  1  1  1  1  1  1  1  1  1  2  1  2  2  2  2  1  2  2  2  2  2  2  2  2  2
 14 Majikthise              53  12  0 29   1  1  1  1  1  1  1  1  1  1  1  1  1  1  1  1  2  1  1  1  1  2  1  1  1  1  2  1  1  1  2  1  2  2  1  1  2  2  2  2  2  2
 15 Sweet Rocky             52  17  6 18   0  0  1  1  1  0  1  1  1  0  1  0  1  1  1  1  1  0  1  1  1  1  2  2  1  1  2  2  2  1  2  2  2  2  2  2  2  2  2  2  2  2
 16 Vroomfondel             50  10  1 30   1  1  0  1  1  1  1  1  1  1  1  1  1  1  1  1  1  1  1  2  1  1  1  2  1  1  2  1  1  1  2  1  1  1  1  1  2  2  2  2  2  2
 17 Piedra                  49  14  6 21   0  1  1  1  1  0  0  1  1  1  0  1  1  0  1  1  1  1  1  1  1  1  1  0  1  1  2  1  2  1  2  2  2  2  2  2  2  2  2  2  2  2
 18 * De Bruijn             48   8  1 32   1  1  2  1  1  1  1  1  1  2  1  2  1  1  2  1  1  1  1  2  2  2  1  1  1  1  1  1  1  1  1  1  1  1  1  1  1  1  1  2  0  1
 19 ZQ Bot                  48  18 11 12   0  0  0  0  0  0  0  0  0  0  1  0  1  1  1  1  1  1  1  1  1  1  2  2  1  1  2  2  2  2  2  2  2  2  2  2  2  2  2  2  2  2
 20 Granite                 45  17 13 11   0  0  0  0  0  0  0  0  0  0  0  1  1  1  1  0  1  0  1  1  1  1  2  2  1  1  2  2  2  1  2  2  2  2  2  2  2  2  2  2  2  2
 21 Marble                  45  15 11 15   0  0  0  0  0  0  0  0  0  0  1  1  1  1  1  1  1  0  1  1  1  1  2  1  1  1  2  1  2  1  2  2  2  2  2  2  2  2  2  2  2  2
 22 Mixed Strategy          44  11  8 22   0  1  0  0  0  1  1  1  0  1  1  0  1  0  1  1  1  0  1  1  1  1  1  1  1  1  1  1  2  1  2  2  1  1  2  2  2  2  2  2  2  2
 23 * Anti-rotn             43  11  9 21   1  0  0  0  1  1  0  1  1  1  1  0  1  1  0  1  1  1  0  0  0  1  1  2  1  1  1  1  1  1  1  2  2  2  1  2  2  2  2  2  2  2
 24 Inocencio               42  15 14 12   0  0  0  0  0  0  1  1  1  0  1  0  1  1  0  0  2  1  0  0  1  1  0  1  1  2  2  1  2  2  2  0  2  1  2  2  2  2  2  2  2  2
 25 * Pi                    39   0  2 39   1  1  1  1  1  1  1  1  1  1  1  1  1  1  1  1  1  1  1  1  1  1  1  1  1  1  1  0  1  1  1  1  1  1  1  0  1  1  1  1  1  1
 26 * Foxtrot               35   0  6 35   0  0  0  1  1  0  1  1  1  1  0  1  1  1  1  1  1  1  1  1  1  1  1  0  1  1  1  1  1  1  1  1  1  1  1  1  1  1  1  1  1  1
 27 Multi-strategy          33  12 20  9   0  0  0  0  0  0  0  0  1  0  0  0  0  0  0  0  0  1  0  0  0  1  1  0  1  1  1  1  2  2  1  2  2  2  1  2  2  2  2  2  2  2
 28 * Add-drift             32   1 10 30   0  0  0  0  0  1  1  1  0  1  1  0  1  1  0  1  1  1  0  0  1  1  1  1  2  1  1  1  1  1  1  1  1  1  1  1  1  1  1  1  1  1
 29 Peterbot                29   9 21 11   0  0  0  0  0  0  0  0  0  0  0  0  0  1  0  1  0  1  0  0  0  0  1  0  1  1  0  1  1  1  1  2  2  2  1  1  2  2  2  2  2  2
 30 * Copy-drift            28   0 13 28   0  1  0  0  0  1  0  0  0  1  1  0  0  1  1  1  1  1  0  1  1  1  1  0  1  1  0  1  1  1  0  1  1  1  1  1  1  1  1  1  1  1
 31 Knucklehead             25   6 22 13   0  0  0  0  0  0  0  0  0  0  0  0  0  0  0  0  0  1  0  0  0  0  1  0  1  1  1  1  1  2  1  2  1  1  2  1  1  1  2  2  2  1
 32 Beat The Last Move      22   6 25 10   0  0  0  0  0  0  0  0  0  1  0  0  0  1  0  1  0  1  0  0  0  0  0  2  1  1  0  1  0  1  0  1  0  0  1  2  1  0  2  2  2  2
 33 * Flat                  22   2 21 18   0  0  0  0  0  0  0  1  1  0  1  0  1  0  0  1  0  1  0  0  0  1  0  0  1  1  0  1  0  1  1  2  1  1  1  1  0  1  1  2  0  1
 34 * Switch A Lot          22   2 21 18   1  0  0  0  0  0  0  0  0  0  0  0  0  0  0  1  0  1  0  0  0  1  0  1  1  1  0  1  0  1  1  2  1  1  2  1  1  1  1  1  1  1
 35 * Add-react             21   0 20 21   0  0  0  0  0  0  0  1  0  1  1  0  0  1  0  1  0  1  0  0  0  0  1  0  1  1  1  1  1  1  0  1  1  0  1  1  0  1  1  1  1  1
 36 * Text                  18   2 25 14   0  0  0  0  0  0  0  0  0  0  0  0  0  1  0  1  0  1  0  0  0  0  0  0  2  1  0  1  1  1  1  0  1  1  1  1  1  1  0  0  2  1
 37 Rotate R-P-S            17   2 26 13   0  0  0  0  0  0  0  0  0  0  0  0  0  0  0  0  0  1  0  0  0  0  0  0  1  1  0  1  0  1  1  1  2  1  2  1  1  1  1  1  0  1
 38 Always Switchin'        17   1 25 15   0  0  0  0  0  0  0  0  0  0  0  0  0  0  0  0  0  1  0  0  0  0  0  0  1  1  0  1  0  1  1  2  1  1  1  1  1  1  1  1  1  1
 39 Good Ole Rock           16   3 28 10   0  0  0  0  0  0  0  0  0  0  0  0  0  0  0  0  0  1  0  0  0  0  0  0  1  1  0  1  0  1  0  0  1  1  1  2  1  1  1  0  2  2
 40 Beat Frequent Pick      16   4 29  8   0  0  0  0  0  0  0  0  0  0  0  0  0  0  0  0  0  0  0  0  0  0  0  0  1  1  0  1  0  1  0  0  0  1  1  2  1  1  2  1  2  2
 41 * Anti-Flat             14   3 30  8   0  0  0  0  0  0  0  0  0  0  0  0  0  0  0  0  0  2  0  0  0  0  0  0  1  1  0  1  0  1  0  0  2  1  1  0  2  1  0  0  1  1
 42 R-P-S 20-20-60          13   0 28 13   0  0  0  0  0  0  0  0  0  0  0  0  0  0  0  0  0  1  0  0  0  0  0  0  1  1  0  1  0  1  1  0  1  1  1  1  1  1  0  0  1  1


   Yomi AI is match ranked 11

 Tournament results:
    Player Name          total 
  1 Yomi AI               5555 
 19 Iocaine Powder       11172 
 20 Phasenbott            9866 
 21 MegaHAL               9337 
 22 RussRocker4           7868 
 23 Biopic                8409 
 24 Simple Modeller       8217 
 25 Simple Predictor      7199 
 26 Robertot              7681 
 27 Boom                  7195 
 28 Shofar                6200 
 29 ACT-R Lag2            6609 
 32 Granite               6634 
 33 Marble                5778 
 34 ZQ Bot                6120 
 35 Sweet Rocky           6748 
 36 Piedra                6452 
 41 Bugbrain              5839 

   Yomi is tournament ranked 18

