 Playing 1 tournaments with 1000 trials per match...

 Yomi AI            vs Good Ole Rock       Match: 1000 (1000+   0-   0=)
 Yomi AI            vs R-P-S 20-20-60      Match:  394 (598+ 204- 198=)
 Yomi AI            vs Rotate R-P-S        Match:  997 (998+   1-   1=)
 Yomi AI            vs Beat The Last Move  Match:  824 (882+  58-  60=)
 Yomi AI            vs Always Switchin'    Match:  205 (504+ 299- 197=)
 Yomi AI            vs Beat Frequent Pick  Match:  592 (794+ 202-   4=)
 Yomi AI            vs * Pi                Match:  -44 (313+ 357- 330=)
 Yomi AI            vs * Switch A Lot      Match:  182 (444+ 262- 294=)
 Yomi AI            vs * Flat              Match:  145 (442+ 297- 261=)
 Yomi AI            vs * Anti-Flat         Match: 1000 (1000+   0-   0=)
 Yomi AI            vs * Foxtrot           Match:  422 (624+ 202- 174=)
 Yomi AI            vs * De Bruijn         Match: -240 (176+ 416- 408=)
 Yomi AI            vs * Text              Match:  139 (425+ 286- 289=)
 Yomi AI            vs * Anti-rotn         Match:   36 (368+ 332- 300=)
 Yomi AI            vs * Copy-drift        Match:   37 (353+ 316- 331=)
 Yomi AI            vs * Add-react         Match:   81 (390+ 309- 301=)
 Yomi AI            vs * Add-drift         Match:   11 (351+ 340- 309=)
 Yomi AI            vs Iocaine Powder      Match: -318 (243+ 561- 196=)
 Yomi AI            vs Phasenbott          Match: -191 (282+ 473- 245=)
 Yomi AI            vs MegaHAL             Match: -212 (318+ 530- 152=)
 Yomi AI            vs RussRocker4         Match: -136 (367+ 503- 130=)
 Yomi AI            vs Biopic              Match: -201 (326+ 527- 147=)
 Yomi AI            vs Simple Modeller     Match:  -40 (331+ 371- 298=)
 Yomi AI            vs Simple Predictor    Match:  -10 (360+ 370- 270=)
 Yomi AI            vs Robertot            Match:  -33 (406+ 439- 155=)
 Yomi AI            vs Boom                Match:   -4 (343+ 347- 310=)
 Yomi AI            vs Shofar              Match:  -11 (331+ 342- 327=)
 Yomi AI            vs ACT-R Lag2          Match:  -23 (345+ 368- 287=)
 Yomi AI            vs Majikthise          Match:    7 (343+ 336- 321=)
 Yomi AI            vs Vroomfondel         Match:    6 (351+ 345- 304=)
 Yomi AI            vs Granite             Match:  -31 (435+ 466-  99=)
 Yomi AI            vs Marble              Match:   -8 (441+ 449- 110=)
 Yomi AI            vs ZQ Bot              Match:   73 (472+ 399- 129=)
 Yomi AI            vs Sweet Rocky         Match:   62 (407+ 345- 248=)
 Yomi AI            vs Piedra              Match:   48 (391+ 343- 266=)
 Yomi AI            vs Mixed Strategy      Match:   21 (384+ 363- 253=)
 Yomi AI            vs Multi-strategy      Match:  312 (558+ 246- 196=)
 Yomi AI            vs Inocencio           Match:  -10 (421+ 431- 148=)
 Yomi AI            vs Peterbot            Match:  251 (513+ 262- 225=)
 Yomi AI            vs Bugbrain            Match:  -41 (330+ 371- 299=)
 Yomi AI            vs Knucklehead         Match:  570 (716+ 146- 138=)
 Final results (draw value = 50):

 Tournament results: 

    Player Name          total     1    2    3    4    5    6    7    8    9   10   11   12   13   14   15   16   17   18   19   20   21   22   23   24   25   26   27   28   29   30   31   32   33   34   35   36   37   38   39   40   41   42
  1 Iocaine Powder       11106     0  131   67   56   30   66  513  201   27   25  262  231   62   75  -34   51  326  318   49   38   28  -10  249  191    9  -42  123  178  389  230  581  105  289   17  170  905  334  898  993  988  995  992
  2 Phasenbott           10257  -131    0   27   43   66   20  541  132   22   68  234  241   79   18   11   37  304  191   62   50   51  -36  207  156   51   23   65   60  403   56  375   83  337  113  245  998  136  948  986  996  995  994
  3 MegaHAL               9585   -67  -27    0    3  -40   -2   70   31   48   34  243  198   -8   72  -58   -9  275  212   50  -11   92   -7  215  157  -37  -13  152   44   75  151  399  189  288  208  415  907  418  941  990  988  999 1000
  4 Biopic                8661   -56  -43   -3    0   30   23   13   61  -13   76  105  147   37   36  -42    4   75  201   57  -51   19   32  253  165  -42   51   96  101  388  155  475  132   68  179  283  692  398  575  995  994  998  997
  5 Simple Modeller       8064   -30  -66   40  -30    0   -3   17  265  -17  -17   70   77  -16   27  -28   14  262   40   63  -12   62    5  169  198    9   -1  257  256  -51  112  215  121  103  224  443  319  393  592  991  994  997 1000
  6 Robertot              8022   -66  -20    2  -23    3    0  -58   43  -23   30   56   40   19   60   15   -3  101   33   46  -11   76    0  302   -4  -10  -42   42   85  -17   46  463  173  117   88  499  775  394  830  973  992 1000  996
  7 RussRocker4           7673  -513 -541  -70  -13  -17   58    0   56   18   28  153  145   28   18    6    1  142  136   46  -61   51    7  284  169  -42  -11  160   96  200   65  515   92  351  115  235  938  244  600  994  993 1000  997
  8 Simple Predictor      7192  -201 -132  -31  -61 -265  -43  -56    0    3   47  -42   28  -30   21  -28   44  198   10   59  -12   90  -25  179  431  -73  -21  269  300  -17  111  273  149  156  170  405  323  402  592  986  990  996  997
  9 Boom                  7162   -27  -22  -48   13   17   23  -18   -3    0   69   65   19  -39   44   27  -14   85    4   45  -25   50    6  236  -19    3   12   81   22  -15   41  461  122  104  212  394  108  402  753  991  990  997  996
 10 Piedra                7128   -25  -68  -34  -76   17  -30  -28  -47  -69    0  -78  -34  -58   10  -54  -72  -38  -48   57  -38  -56  -53  136  628  -53   -8   93   56  -41  147  193  186  258  135  398  927  326  591  992  991  998  997
 11 Granite               6872  -262 -234 -243 -105  -70  -56 -153   42  -65   78    0    2  -95   75  -45  -84  -11   31   51   -9   84  -78  346  652 -110   -3  -25   14   54  144  344  181  102  185  233  926  405  593  996  992  998  992
 12 Marble                6860  -231 -241 -198 -147  -77  -40 -145  -28  -19   34   -2    0 -142   45  -41 -113   52    8   79  -56   33  -21  245  645   -9  -19   27   59   56  171  278  177  154  175  216  938  423  594  994  995  998  993
 13 ACT-R Lag2            6813   -62  -79    8  -37   16  -19  -28   30   39   58   95  142    0   28  -13  -16   36   23   67  -31   39   -2  337   53  -38   22    5  -17   -7  125  490  105   65  132  231  225  344  580  894  996  996  981
 14 Sweet Rocky           6509   -75  -18  -72  -36  -27  -60  -18  -21  -44  -10  -75  -45  -28    0  -24  -46  -42  -62   42  -42  -13   -5  101  -60  -15   -9   73   32   11  176  188  174  308  107  233 1000  358  588  992  987  994  992
 15 Shofar                6126    34  -11   58   42   28  -15   -6   28  -27   54   45   41   13   24    0  -26  146   11   38  -24   10  -30  122   43  -35  -14  -47   88  -12   52   88  115   46  116  430  118  246  554  902  927  975  979
 16 Bugbrain              6077   -51  -37    9   -4  -14    3   -1  -44   14   72   84  113   16   46   26    0  191   41   14  -24   46   30   92   54  -22    7  129   45  -20  -11  110   14   86  130  265  249  135  399  947  973  981  984
 17 ZQ Bot                5971  -326 -304 -275  -75 -262 -101 -142 -198  -85   38   11  -52  -36   42 -146 -191    0  -73   48  -68   -4  -61  148  783  -33  -11    5   27   29  122  276  157  286  160  342  958  404  594  991  998 1000  995
 18 Yomi AI               5862  -318 -191 -212 -201  -40  -33 -136  -10   -4   48  -31   -8  -23   62  -11  -41   73    0   36    6   21    7  312  -10 -240  -44   11   37  422  145  570  139   81  182  205  251  394  592  824  997 1000 1000
 19 * Anti-rotn           5611   -49  -62  -50  -57  -63  -46  -46  -59  -45  -57  -51  -79  -67  -42  -38  -14  -48  -36    0   31  -38   33  243  533  -48  -50  -31   38  -10  201   51   55    7  300  513  500  108  597  500  997  999  991
 20 Vroomfondel           4857   -38  -50   11   51   12   11   61   12   25   38    9   56   31   42   24   24   68   -6  -31    0   41  -11  148   69  -11    7   26   -4   60   51  210   19  -20   71  207   22  208  449   -8  989  995  989
 21 Mixed Strategy        4856   -28  -51  -92  -19  -62  -76  -51  -90  -50   56  -84  -33  -39   13  -10  -46    4  -21   38  -41    0  -20   12   30  -60  -24    5    1   11   41  172  173   79   89   -3  240  377  525  961  947  993  989
 22 Majikthise            4668    10   36    7  -32   -5    0   -7   25   -6   53   78   21    2    5   30  -30   61   -7  -33   11   20    0  182   10   -4   22  -71   -9   40   37  221   35   -8   94  264   12  160  475  -13  991  994  997
 23 Multi-strategy        2440  -249 -207 -215 -253 -169 -302 -284 -179 -236 -136 -346 -245 -337 -101 -122  -92 -148 -312 -243 -148  -12 -182    0 -105  -50  -20  -42  229    8  164   43  123    4  265  489  500  360  999  997  997  999  998
 24 Inocencio             1358  -191 -156 -157 -165 -198    4 -169 -431   19 -628 -652 -645  -53   60  -43  -54 -783   10 -533  -69  -30  -10  105    0  -15  -14   89  105  334  107  199  164   97   68  209  123  411  358  939  980  986  987
 25 * De Bruijn            974    -9  -51   37   42   -9   10   42   73   -3   53  110    9   38   15   35   22   33  240   48   11   60    4   50   15    0   -1   -6  -22  -16  -35  -11   23   63  -33   37   13   50  128   -1   21    0 -111
 26 * Pi                   197    42  -23   13  -51    1   42   11   21  -12    8    3   19  -22    9   14   -7   11   44   50   -7   24  -22   20   14    1    0    0   27   13   -1   11  -81  -17   21  -21   17    4   30   22  -11  -11   -9
 27 * Add-drift          -1636  -123  -65 -152  -96 -257  -42 -160 -269  -81  -93   25  -27   -5  -73   47 -129   -5  -11   31  -26   -5   71   42  -89    6    0    0  -11  -25   -5  -11  -35 -107   19   -6    8  -25   14  -37    8   75  -12
 28 * Copy-drift         -1882  -178  -60  -44 -101 -256  -85  -96 -300  -22  -56  -14  -59   17  -32  -88  -45  -27  -37  -38    4   -1    9 -229 -105   22  -27   11    0  -11  -30  -48   -3   -9   -5   35  -21   48    6  -25    2   12    4
 29 * Foxtrot            -2280  -389 -403  -75 -388   51   17 -200   17   15   41  -54  -56    7  -11   12   20  -29 -422   10  -60  -11  -40   -8 -334   16  -13   25   11    0    6  -20   -7  -19   37   32  -16    0  -33  -25    1   -1   16
 30 * Flat               -2733  -230  -56 -151 -155 -112  -46  -65 -111  -41 -147 -144 -171 -125 -176  -52   11 -122 -145 -201  -51  -41  -37 -164 -107   35    1    5   30   -6    0  -24   30  -27   51  -11 -189   26  212  224  -26   -1 -424
 31 Knucklehead          -3134  -581 -375 -399 -475 -215 -463 -515 -273 -461 -193 -344 -278 -490 -188  -88 -110 -276 -570  -51 -210 -172 -221  -43 -199   11  -11   11   48   20   24    0    7   -7   23    9   14  -38  140  993  931  907  974
 32 * Text               -3249  -105  -83 -189 -132 -121 -173  -92 -149 -122 -186 -181 -177 -105 -174 -115  -14 -157 -139  -55  -19 -173  -35 -123 -164  -23   81   35    3    7  -30   -7    0   37  -11  -39   24    0 -185  -74  -11 -185  112
 33 * Add-react          -3338  -289 -337 -288  -68 -103 -117 -351 -156 -104 -258 -102 -154  -65 -308  -46  -86 -286  -81   -7   20  -79    8   -4  -97  -63   17  107    9   19   27    7  -37    0   42    6  -25   -1    5  -31 -109   -3   50
 34 * Switch A Lot       -3458   -17 -113 -208 -179 -224  -88 -115 -170 -212 -135 -185 -175 -132 -107 -116 -130 -160 -182 -300  -71  -89  -94 -265  -68   33  -21  -19    5  -37  -51  -23   11  -42    0  -71 -109  -23   55  333   33   11   -8
 35 Always Switchin'     -7031  -170 -245 -415 -283 -443 -499 -235 -405 -394 -398 -233 -216 -231 -233 -430 -265 -342 -205 -513 -207    3 -264 -489 -209  -37   21    6  -35  -32   11   -9   39   -6   71    0 -239    3  -26  513   47    7  -44
 36 Peterbot             -7655  -905 -998 -907 -692 -319 -775 -938 -323 -108 -927 -926 -938 -225 -1000 -118 -249 -958 -251 -500  -22 -240  -12 -500 -123  -13  -17   -8   21   16  189  -14  -24   25  109  239    0  378  437  963  998 1000 1000
 37 R-P-S 20-20-60       -9208  -334 -136 -418 -398 -393 -394 -244 -402 -402 -326 -405 -423 -344 -358 -246 -135 -404 -394 -108 -208 -377 -160 -360 -411  -50   -4   25  -48    0  -26   38    0    1   23   -3 -378    0 -418 -185  -11 -430   38
 38 Beat Frequent Pick  -14187  -898 -948 -941 -575 -592 -830 -600 -592 -753 -591 -593 -594 -580 -588 -554 -399 -594 -592 -597 -449 -525 -475 -999 -358 -128  -30  -14   -6   33 -212 -140  185   -5  -55   26 -437  418    0 -600    0  999  996
 39 Beat The Last Move  -20880  -993 -986 -990 -995 -991 -973 -994 -986 -991 -992 -996 -994 -894 -992 -902 -947 -991 -824 -500    8 -961   13 -997 -939    1  -22   37   25   25 -224 -993   74   31 -333 -513 -963  185  600    0    1 1000  996
 40 Rotate R-P-S        -26223  -988 -996 -988 -994 -994 -992 -993 -990 -990 -991 -992 -995 -996 -987 -927 -973 -998 -997 -997 -989 -947 -991 -997 -980  -21   11   -8   -2   -1   26 -931   11  109  -33  -47 -998   11    0   -1    0    0 -667
 41 Good Ole Rock       -26265  -995 -995 -999 -998 -997 -1000 -1000 -996 -997 -998 -998 -998 -996 -994 -975 -981 -1000 -1000 -999 -995 -993 -994 -999 -986    0   11  -75  -12    1    1 -907  185    3  -11   -7 -1000  430 -999 -1000    0    0  998
 42 * Anti-Flat         -27742  -992 -994 -1000 -997 -1000 -996 -997 -997 -996 -997 -992 -993 -981 -992 -979 -984 -995 -1000 -991 -989 -989 -997 -998 -987  111    9   12   -4  -16  424 -974 -112  -50    8   44 -1000  -38 -996 -996  667 -998    0

 Match results (draw <= 50): 

    Player Name           total  W  L  D   1  2  3  4  5  6  7  8  9 10 11 12 13 14 15 16 17 18 19 20 21 22 23 24 25 26 27 28 29 30 31 32 33 34 35 36 37 38 39 40 41 42
  1 Iocaine Powder          71  30  0 11   1  2  2  2  2  1  1  1  2  2  2  1  2  2  1  2  2  2  1  1  1  1  2  2  1  2  2  2  2  2  2  2  2  2  2  2  1  2  2  2  2  2
  2 Phasenbott              70  30  1 10   0  1  1  1  2  2  1  1  2  1  1  1  2  2  1  2  1  2  2  2  2  2  2  2  1  2  2  2  2  2  2  2  2  2  2  2  2  2  2  2  2  2
  3 Biopic                  65  26  2 13   0  1  1  1  1  1  1  1  1  1  1  0  2  2  1  2  1  2  2  2  1  1  2  2  2  2  2  2  2  2  2  2  2  2  2  2  2  2  2  2  2  2
  4 MegaHAL                 63  24  2 15   0  1  1  1  2  1  1  0  1  1  1  1  1  2  1  2  2  2  1  1  1  2  2  2  1  2  2  2  1  2  2  2  2  2  2  2  2  2  2  2  2  2
  5 RussRocker4             62  25  4 12   0  0  1  0  1  1  1  1  1  1  2  0  2  2  1  2  1  2  1  1  1  2  2  2  1  2  2  2  2  2  2  2  2  2  2  2  2  2  2  2  2  2
  6 Simple Modeller         62  23  2 16   1  0  1  1  1  1  1  1  1  1  1  1  2  1  1  2  1  2  1  2  1  2  2  2  1  0  2  2  2  2  2  2  2  2  2  2  2  2  2  2  2  2
  7 Boom                    58  17  0 24   1  1  1  1  1  1  1  1  1  1  1  1  1  1  1  1  1  2  2  1  1  1  1  2  1  1  2  2  1  2  1  2  2  2  2  2  2  2  2  2  2  2
  8 Shofar                  58  17  0 24   1  1  1  2  1  1  1  1  1  1  1  1  1  1  1  1  1  1  2  1  1  1  1  2  1  1  2  1  2  2  2  2  1  2  2  2  2  2  2  2  2  2
  9 ACT-R Lag2              58  19  2 20   0  0  1  1  1  1  1  1  1  1  1  1  1  1  1  2  1  2  2  2  1  1  2  1  1  1  2  1  1  2  2  2  2  2  2  2  2  2  2  2  2  2
 10 Bugbrain                58  18  1 22   0  1  1  1  1  1  1  1  1  1  1  1  1  1  1  2  1  2  2  1  1  1  2  2  1  1  2  2  1  2  1  2  2  2  1  2  2  2  2  2  2  2
 11 Robertot                57  18  2 21   0  1  1  1  0  1  1  1  1  1  1  1  1  1  1  1  2  2  1  1  1  2  1  2  1  1  2  1  2  2  1  2  2  2  2  2  2  2  2  2  2  2
 12 Vroomfondel             57  16  0 25   1  1  2  1  2  1  1  1  1  1  1  1  1  1  1  2  1  1  1  1  1  1  2  2  1  2  2  1  1  1  2  2  1  2  1  1  2  2  2  2  2  2
 13 Simple Predictor        55  20  6 15   0  0  0  1  0  0  1  1  1  1  1  1  1  1  1  1  1  1  1  2  0  2  2  2  1  1  2  2  2  2  2  2  2  2  2  2  2  2  2  2  2  2
 14 Yomi AI                 52  17  6 18   0  0  0  0  0  1  1  1  1  1  1  1  1  1  1  1  2  1  1  1  0  1  1  2  1  2  2  1  1  2  2  2  2  2  2  2  2  2  2  2  2  2
 15 Majikthise              52  12  1 28   1  1  1  1  1  1  1  1  1  1  1  1  1  1  1  1  1  2  2  1  1  1  1  2  1  1  2  0  1  1  1  2  1  2  1  1  2  2  2  2  2  2
 16 Marble                  51  19  9 13   0  0  0  0  0  0  1  1  0  0  1  0  1  1  1  1  1  1  1  2  1  1  2  2  1  2  2  1  2  2  2  2  2  2  2  2  2  2  2  2  2  2
 17 Sweet Rocky             50  15  6 20   0  1  1  0  1  1  1  1  1  1  0  1  1  0  1  1  1  0  1  1  1  1  0  1  1  1  2  2  1  2  2  2  2  2  2  2  2  2  2  2  2  2
 18 Granite                 49  20 12  9   0  0  0  0  0  0  0  1  0  0  0  1  1  1  0  1  2  1  2  2  0  2  2  1  1  2  2  1  1  2  2  2  2  2  2  2  2  2  2  2  2  2
 19 Piedra                  49  18 10 13   1  0  0  1  1  1  0  0  0  0  1  1  1  1  0  1  1  0  1  2  0  0  2  1  1  1  2  2  2  2  2  2  2  2  2  2  2  2  2  2  2  2
 20 * Anti-rotn             47  14  8 19   1  0  0  1  1  0  1  1  0  1  1  1  0  1  1  0  1  0  0  1  1  1  2  1  1  1  2  1  1  2  2  2  1  2  2  2  2  2  2  2  2  2
 21 * De Bruijn             46   7  2 32   1  0  1  1  1  1  1  1  1  1  1  1  2  2  1  1  1  2  2  1  1  2  1  1  1  1  1  1  1  1  1  1  2  1  1  1  1  2  1  1  0  1
 22 Mixed Strategy          45  12  8 21   1  0  1  0  0  0  1  1  1  1  0  1  0  1  1  1  1  0  2  1  0  1  1  1  1  1  1  1  1  2  1  2  2  1  2  2  2  2  2  2  2  2
 23 Inocencio               44  18 15  8   0  0  0  0  0  0  1  1  0  0  1  0  0  1  1  0  2  0  0  0  1  1  1  0  1  2  2  2  2  2  2  2  2  2  2  2  2  2  2  2  2  2
 24 ZQ Bot                  41  15 15 11   0  0  0  0  0  0  0  0  1  0  0  0  0  0  0  0  1  1  1  1  1  1  2  1  1  1  2  1  1  2  2  2  2  2  2  2  2  2  2  2  2  2
 25 * Pi                    39   0  2 39   1  1  0  1  1  1  1  1  1  1  1  1  1  1  1  1  1  1  1  1  1  1  1  1  1  1  1  1  1  1  1  1  1  1  0  1  1  1  1  1  1  1
 26 * Foxtrot               32   1 10 30   0  0  0  0  0  2  1  1  1  1  1  0  1  0  1  0  1  0  1  1  1  1  0  1  1  1  1  1  1  1  1  1  1  1  1  1  1  1  1  1  1  1
 27 Multi-strategy          31  12 22  7   0  0  0  0  0  0  0  0  0  0  0  0  0  0  0  0  0  0  0  0  1  1  0  0  1  1  1  1  2  2  2  1  1  2  2  2  2  2  2  2  2  2
 28 * Add-drift             30   2 13 26   0  0  0  0  0  0  0  1  1  0  1  1  0  1  2  1  0  1  0  1  1  1  0  1  1  1  1  1  1  1  1  1  0  1  1  1  1  1  2  1  1  1
 29 * Copy-drift            29   0 12 29   0  0  0  1  0  0  1  0  1  1  0  1  0  1  1  0  1  1  0  1  1  1  0  1  1  1  0  1  1  1  1  1  1  1  1  1  1  1  1  1  1  1
 30 Peterbot                28   9 22 10   0  0  0  0  0  0  0  0  0  0  0  1  0  0  1  0  0  0  0  0  1  0  0  0  1  1  0  1  1  1  2  1  1  2  1  2  2  2  2  2  2  2
 31 * Flat                  23   3 21 17   0  0  0  0  0  0  1  0  0  1  1  0  0  0  1  0  0  0  0  0  1  1  0  0  1  1  0  1  1  0  1  1  1  1  1  2  2  2  1  1  0  1
 32 Knucklehead             23   5 23 13   0  0  0  0  0  0  0  0  0  0  0  0  0  0  0  0  0  0  0  0  1  0  0  0  1  1  1  1  1  1  1  1  1  1  1  2  1  2  2  2  2  1
 33 * Add-react             21   1 21 19   0  0  0  0  0  0  0  1  0  0  0  1  0  0  1  0  0  0  0  1  0  0  0  0  1  1  1  2  1  1  1  1  1  1  1  1  1  1  1  0  1  1
 34 Always Switchin'        19   2 24 15   0  0  0  0  0  0  0  0  0  0  0  0  0  0  0  0  0  0  0  0  1  1  0  0  1  1  0  1  1  0  1  1  1  1  1  2  2  1  1  1  1  1
 35 * Text                  19   2 24 15   0  0  0  0  0  0  0  0  0  1  0  1  0  0  1  0  0  0  0  0  1  0  0  0  2  1  0  1  1  1  1  1  1  1  1  0  1  0  0  1  2  1
 36 Beat The Last Move      19   5 27  9   0  0  0  0  0  0  0  0  0  0  0  1  0  0  1  0  0  0  0  0  1  0  0  0  1  1  0  1  1  0  0  0  1  0  2  1  0  2  2  1  2  2
 37 * Switch A Lot          17   2 26 13   1  0  0  0  0  0  0  0  0  0  0  0  0  0  0  0  0  0  0  0  1  0  0  0  1  1  0  1  1  0  0  1  1  0  1  2  1  2  1  1  1  1
 38 Beat Frequent Pick      15   4 30  7   0  0  0  0  0  0  0  0  0  0  0  0  0  0  0  0  0  0  0  0  0  0  0  0  1  1  0  1  1  0  0  0  1  1  2  0  0  1  2  1  2  2
 39 Good Ole Rock           15   3 29  9   0  0  0  0  0  0  0  0  0  0  0  0  0  0  0  0  0  0  0  0  1  0  0  0  1  1  0  0  1  0  1  0  1  1  2  0  1  0  1  1  2  2
 40 Rotate R-P-S            15   1 27 13   0  0  0  0  0  0  0  0  0  0  0  0  0  0  0  0  0  0  0  0  1  0  0  0  1  1  0  1  1  0  1  0  2  1  1  1  1  1  1  1  0  1
 41 * Anti-Flat             14   3 30  8   0  0  0  0  0  0  0  0  0  0  0  0  0  0  0  0  0  0  0  0  2  0  0  0  1  1  0  1  1  0  2  0  1  1  0  0  1  0  0  2  1  1
 42 R-P-S 20-20-60          13   0 28 13   0  0  0  0  0  0  0  0  0  0  0  0  0  0  0  0  0  0  0  0  1  0  0  0  1  1  0  1  1  0  1  1  1  1  1  0  1  0  0  1  1  1


   Yomi AI is match ranked 14

 Tournament results:
    Player Name          total 
  1 Yomi AI               5862 
 19 Iocaine Powder       11106 
 20 Phasenbott           10257 
 21 MegaHAL               9585 
 22 RussRocker4           7673 
 23 Biopic                8661 
 24 Simple Modeller       8064 
 25 Simple Predictor      7192 
 26 Robertot              8022 
 27 Boom                  7162 
 28 Shofar                6126 
 29 ACT-R Lag2            6813 
 32 Granite               6872 
 33 Marble                6860 
 34 ZQ Bot                5971 
 35 Sweet Rocky           6509 
 36 Piedra                7128 
 41 Bugbrain              6077 

   Yomi is tournament ranked 18

