 Playing 1 tournaments with 1000 trials per match...

 Yomi AI            vs Good Ole Rock       Match: 1000 (1000+   0-   0=)
 Yomi AI            vs R-P-S 20-20-60      Match:  244 (494+ 250- 256=)
 Yomi AI            vs Rotate R-P-S        Match:  997 (998+   1-   1=)
 Yomi AI            vs Beat The Last Move  Match:  288 (540+ 252- 208=)
 Yomi AI            vs Always Switchin'    Match:  256 (500+ 244- 256=)
 Yomi AI            vs Beat Frequent Pick  Match:  585 (740+ 155- 105=)
 Yomi AI            vs * Pi                Match:   -4 (346+ 350- 304=)
 Yomi AI            vs * Switch A Lot      Match:  124 (390+ 266- 344=)
 Yomi AI            vs * Flat              Match:  128 (418+ 290- 292=)
 Yomi AI            vs * Anti-Flat         Match: 1000 (1000+   0-   0=)
 Yomi AI            vs * Foxtrot           Match:  425 (616+ 191- 193=)
 Yomi AI            vs * De Bruijn         Match:  -45 (316+ 361- 323=)
 Yomi AI            vs * Text              Match:  137 (428+ 291- 281=)
 Yomi AI            vs * Anti-rotn         Match:   33 (357+ 324- 319=)
 Yomi AI            vs * Copy-drift        Match:   -2 (333+ 335- 332=)
 Yomi AI            vs * Add-react         Match:   61 (378+ 317- 305=)
 Yomi AI            vs * Add-drift         Match:   27 (353+ 326- 321=)
 Yomi AI            vs Iocaine Powder      Match: -805 ( 12+ 817- 171=)
 Yomi AI            vs Phasenbott          Match: -808 ( 14+ 822- 164=)
 Yomi AI            vs MegaHAL             Match:   -5 (340+ 345- 315=)
 Yomi AI            vs RussRocker4         Match:  -48 (358+ 406- 236=)
 Yomi AI            vs Biopic              Match:  -81 (422+ 503-  75=)
 Yomi AI            vs Simple Modeller     Match:  -40 (344+ 384- 272=)
 Yomi AI            vs Simple Predictor    Match:   80 (401+ 321- 278=)
 Yomi AI            vs Robertot            Match:   11 (366+ 355- 279=)
 Yomi AI            vs Boom                Match:   23 (363+ 340- 297=)
 Yomi AI            vs Shofar              Match:  -13 (335+ 348- 317=)
 Yomi AI            vs ACT-R Lag2          Match:  -17 (327+ 344- 329=)
 Yomi AI            vs Majikthise          Match:   -3 (350+ 353- 297=)
 Yomi AI            vs Vroomfondel         Match:  -27 (320+ 347- 333=)
 Yomi AI            vs Granite             Match:  104 (472+ 368- 160=)
 Yomi AI            vs Marble              Match:   94 (453+ 359- 188=)
 Yomi AI            vs ZQ Bot              Match:   85 (413+ 328- 259=)
 Yomi AI            vs Sweet Rocky         Match:   19 (371+ 352- 277=)
 Yomi AI            vs Piedra              Match:   46 (377+ 331- 292=)
 Yomi AI            vs Mixed Strategy      Match:  102 (416+ 314- 270=)
 Yomi AI            vs Multi-strategy      Match:  218 (487+ 269- 244=)
 Yomi AI            vs Inocencio           Match:  112 (425+ 313- 262=)
 Yomi AI            vs Peterbot            Match:  143 (417+ 274- 309=)
 Yomi AI            vs Bugbrain            Match:   -4 (345+ 349- 306=)
 Yomi AI            vs Knucklehead         Match:  429 (631+ 202- 167=)
 Final results (draw value = 50):

 Tournament results: 

    Player Name          total     1    2    3    4    5    6    7    8    9   10   11   12   13   14   15   16   17   18   19   20   21   22   23   24   25   26   27   28   29   30   31   32   33   34   35   36   37   38   39   40   41   42
  1 Iocaine Powder       11452     0   97   37   29   12  534    4   62   19  147  212   42  239   27  316   58  -15   41   67  805   37    4  242   31  -33  233  121  201  308  221  555   89  266   80  875  258  337  919  992  992  992  999
  2 Phasenbott           10650   -97    0    9   44   26  538   -1   58   77  118  221   60  224  -18  276   16  101   48   76  808   13   47  183   44    6  156  109   16  366  125  397   59  354   40  878  241  144  930  981  990  994  993
  3 MegaHAL               9465   -37   -9    0  -11  -14   80   17   -9   17   28  241   59  220    7  267   -1   69   61   90    5  -41  -26  176   10  -34  154  179   54  103   74  444  189  273  216  883  404  406  944  990  989  998 1000
  4 Biopic                9110   -29  -44   11    0   17    3    4   13   65   63  130   29  107  -11   62   32   10    9   67   81    3  -27  237  -10   36  170   29   54  356  105  529  166   72  218 1000  334  362  870  993  996 1000  998
  5 Simple Modeller       8203   -12  -26   14  -17    0  -17   -5   -5   17  212   52   41   80  -11  281   33  -13   59   53   40   -3   12  185  -54    3   79  259  282    7  124  275  111  102  264  317  493  398  595  990  994  999  995
  6 RussRocker4           8052  -534 -538  -80   -3   17    0   47  -22    9  102  142   39  103  -38  158   54   36   27   41   48   -2    5  170  -45  -65  801  109  135  198   42  475   77  362  143  941  253  280  588  988  994 1000  995
  7 Boom                  7417    -4    1  -17   -4    5  -47    0  -21   11   32   22   11   73  -16   62   33   55   -3   61  -23   18  -48  247  -25  -30   27   52  -19   -5   37  425  135   92  212  563  378  401  753  991  990  997  995
  8 ACT-R Lag2            7311   -62  -58    9  -13    5   22   21    0    6   29   98   27  128   -4   95   32   11   19   50   17  -27   14  331  -99  -43  528   -3   20  -44  132  511  108  102  148  210  214  351  572  873  993  998  990
  9 Robertot              7292   -19  -77  -17  -65  -17   -9  -11   -6    0   35   70   16   92   -8  126   41   57    3   64  -11  -12  -40  218  -57  -25   18   66   74   34   14  418  158   53   96  463  502  394  855  815  997  998  989
 10 Simple Predictor      7079  -147 -118  -28  -63 -212 -102  -32  -29  -35    0    0   92  -25  -39  178   30   60   24   43  -80  -19  -14  220  -62  -21  104  287  321  -15   42  348  154  106  189  556  405  406  588  985  989  995  998
 11 Marble                6863  -212 -221 -241 -130  -52 -142  -22  -98  -70    0    0   51   22  -39   72   81   -2  -89   63  -94   -9  -11  315  -53   -4  420   41   76   74  183  332  179   89  143  937  304  392  591  994  995  998 1000
 12 Piedra                6734   -42  -60  -59  -29  -41  -39  -11  -27  -16  -92  -51    0   -5    0  -32   55   56  -23   27  -46  -36  -60  130  -57   -3  -17   32   22    8  179  102  164  298  143  933  429  327  594  997  993  996  995
 13 Granite               6674  -239 -224 -220 -107  -80 -103  -73 -128  -92   25  -22    5    0  -39   26   29   22  -95   39 -104  -23    1  266   57   -3  520    0   43   46  179  319  183   99  161  925  260  442  594  994  995 1000  996
 14 Shofar                6150   -27   18   -7   11   11   38   16    4    8   39   39    0   39    0  128   40   87   36   37   13  -21   11  150  -41   10   64  -50   55   -5   33   31  101   52  119  100  428  250  563  876  941  985  968
 15 ZQ Bot                6141  -316 -276 -267  -62 -281 -158  -62  -95 -126 -178  -72   32  -26 -128    0   14   34 -193   43  -85  -39  -69  338  -46  -31  731   47   35   58   54  339  162  364  168  989  247  425  593  993  989  999  997
 16 Sweet Rocky           5704   -58  -16    1  -32  -33  -54  -33  -32  -41  -30  -81  -55  -29  -40  -14    0  -27   -4   79  -19  -73  -21  130  -48  -13  -60   29   92   44  139  113  169  323   97  156  228  344  594  993  990 1000  996
 17 Mixed Strategy        5582    15 -101  -69  -10   13  -36  -55  -11  -57  -60    2  -56  -22  -87  -34   27    0   12   33 -102    6    6   57  -88   -5  731   31   59  -18  -19  133  165   80   75  277   26  354  534  955  981  974  866
 18 Bugbrain              5555   -41  -48  -61   -9  -59  -27    3  -19   -3  -24   89   23   95  -36  193    4  -12    0   40    4  -53  -37  129   22   31    1   92   92  -11   53   95   69  108  138   71  258  133  406  987  938  931  990
 19 * Anti-rotn           5120   -67  -76  -90  -67  -53  -41  -61  -50  -64  -43  -63  -27  -39  -37  -43  -79  -33  -40    0  -33  -16   53  269  -37  -39  546    0    1  -35  228   25   53   10  309   35  518  120  597  500  997  996  996
 20 Yomi AI               4869  -805 -808   -5  -81  -40  -48   23  -17   11   80   94   46  104  -13   85   19  102   -4   33    0  -27   -3  218  -45   -4  112   27   -2  425  128  429  137   61  124  143  256  244  585  288  997 1000 1000
 21 Vroomfondel           4842   -37  -13   41   -3    3    2  -18   27   12   19    9   36   23   21   39   73   -6   53   16   27    0   28  205  -19   21   78  -19   -2  -39  136  207    2   -4  119   35  220  202  414  -34  988  994  986
 22 Majikthise            4568    -4  -47   26   27  -12   -5   48  -14   40   14   11   60   -1  -11   69   21   -6   37  -53    3  -28    0  198  -11   14   23   13  -19   10   59  176   55  -42   66    3  288  158  449  -19  994  994  984
 23 Multi-strategy        2518  -242 -183 -176 -237 -185 -170 -247 -331 -218 -220 -315 -130 -266 -150 -338 -130  -57 -129 -269 -218 -205 -198    0  -50  -20  -82  -28  257   10  185   37  123   35  312  500  483  379  999  997  997  999  999
 24 * De Bruijn            732   -31  -44  -10   10   54   45   25   99   57   62   53   57  -57   41   46   48   88  -22   37   45   19   11   50    0   -1   44    1  -23  -18   -8   -2   23   33   -4  -15    2  -22  128   -1   21    0 -109
 25 * Pi                   321    33   -6   34  -36   -3   65   30   43   25   21    4    3    3  -10   31   13    5  -31   39    4  -21  -14   20    1    0   28    4  -18  -32   35    8  -81   16   25   13   20   30   30   22  -11  -11  -10
 26 Inocencio             -801  -233 -156 -154 -170  -79 -801  -27 -528  -18 -104 -420   17 -520  -64 -731   60 -731   -1 -546 -112  -78  -23   82  -44  -28    0    9   52  324  122  227  160   68   77   89  206  407  362 -441  984  979  983
 27 * Add-drift          -1449  -121 -109 -179  -29 -259 -109  -52    3  -66 -287  -41  -32    0   50  -47  -29  -31  -92    0  -27   19  -13   28   -1   -4   -9    0  -20  -60   64  -46   19   30    2  -14  -36  -30    6  -35   -6   79   35
 28 * Copy-drift         -1878  -201  -16  -54  -54 -282 -135   19  -20  -74 -321  -76  -22  -43  -55  -35  -92  -59  -92   -1    2    2   19 -257   23   18  -52   20    0  -19  -23  -41  -19   26  -35  -21  -30   50    8  -13   14   23   40
 29 * Foxtrot            -2069  -308 -366 -103 -356   -7 -198    5   44  -34   15  -74   -8  -46    5  -58  -44   18   11   35 -425   39  -10  -10   18   32 -324   60   19    0  -28   -7   39  -12   40  -29   23  -24    5  -21   -4    4   15
 30 * Flat               -2906  -221 -125  -74 -105 -124  -42  -37 -132  -14  -42 -183 -179 -179  -33  -54 -139   19  -53 -228 -128 -136  -59 -185    8  -35 -122  -64   23   28    0  -38   -8  -62    1 -198   12  -18  229  217  -17    1 -410
 31 Knucklehead          -3187  -555 -397 -444 -529 -275 -475 -425 -511 -418 -348 -332 -102 -319  -31 -339 -113 -133  -95  -25 -429 -207 -176  -37    2   -8 -227   46   41    7   38    0   15   84   -7   30    3  -27   86  599  854 1000  992
 32 * Text               -3273   -89  -59 -189 -166 -111  -77 -135 -108 -158 -154 -179 -164 -183 -101 -162 -169 -165  -69  -53 -137   -2  -55 -123  -23   81 -160  -19   19  -39    8  -15    0   -1   -5    2   26    4 -185  -74  -11 -185  112
 33 * Add-react          -3492  -266 -354 -273  -72 -102 -362  -92 -102  -53 -106  -89 -298  -99  -52 -364 -323  -80 -108  -10  -61    4   42  -35  -33  -16  -68  -30  -26   12   62  -84    1    0   30  -22   11    5    8  -30  -56   -6    5
 34 * Switch A Lot       -3530   -80  -40 -216 -218 -264 -143 -212 -148  -96 -189 -143 -143 -161 -119 -168  -97  -75 -138 -309 -124 -119  -66 -312    4  -25  -77   -2   35  -40   -1    7    5  -30    0 -139  -62    3   14  321   35   17  -15
 35 Peterbot             -6438  -875 -878 -883 -1000 -317 -941 -563 -210 -463 -556 -937 -933 -925 -100 -989 -156 -277  -71  -35 -143  -35   -3 -500   15  -13  -89   14   21   29  198  -30   -2   22  139    0  243  405  428  982  999  998  993
 36 Always Switchin'     -7309  -258 -241 -404 -334 -493 -253 -378 -214 -502 -405 -304 -429 -260 -428 -247 -228  -26 -258 -518 -256 -220 -288 -483   -2  -20 -206   36   30  -23  -12   -3  -26  -11   62 -243    0    2   -9  515   46    9  -27
 37 R-P-S 20-20-60       -9048  -337 -144 -406 -362 -398 -280 -401 -351 -394 -406 -392 -327 -442 -250 -425 -344 -354 -133 -120 -244 -202 -158 -379   22  -30 -407   30  -50   24   18   27   -4   -5   -3 -405   -2    0 -421 -191    6 -435   27
 38 Beat Frequent Pick  -14421  -919 -930 -944 -870 -595 -588 -753 -572 -855 -588 -591 -594 -594 -563 -593 -594 -534 -406 -597 -585 -414 -449 -999 -128  -30 -362   -6   -8   -5 -229  -86  185   -8  -14 -428    9  421    0 -600    0  999  996
 39 Beat The Last Move  -18372  -992 -981 -990 -993 -990 -988 -991 -873 -815 -985 -994 -997 -994 -876 -993 -993 -955 -987 -500 -288   34   19 -997    1  -22  441   35   13   21 -217 -599   74   30 -321 -982 -515  191  600    0    1 1000  996
 40 Rotate R-P-S        -26238  -992 -990 -989 -996 -994 -994 -990 -993 -997 -989 -995 -993 -995 -941 -989 -990 -981 -938 -997 -997 -988 -994 -997  -21   11 -984    6  -14    4   17 -854   11   56  -35 -999  -46   -6    0   -1    0    0 -664
 41 Good Ole Rock       -26309  -992 -994 -998 -1000 -999 -1000 -997 -998 -998 -995 -998 -996 -1000 -985 -999 -1000 -974 -931 -996 -1000 -994 -994 -999    0   11 -979  -79  -23   -4   -1 -1000  185    6  -17 -998   -9  435 -999 -1000    0    0 1000
 42 * Anti-Flat         -27684  -999 -993 -1000 -998 -995 -995 -995 -990 -989 -998 -1000 -995 -996 -968 -997 -996 -866 -990 -996 -1000 -986 -984 -999  109   10 -983  -35  -40  -15  410 -992 -112   -5   15 -993   27  -27 -996 -996  664 -1000    0

 Match results (draw <= 50): 

    Player Name           total  W  L  D   1  2  3  4  5  6  7  8  9 10 11 12 13 14 15 16 17 18 19 20 21 22 23 24 25 26 27 28 29 30 31 32 33 34 35 36 37 38 39 40 41 42
  1 Iocaine Powder          69  28  0 13   1  2  1  1  1  2  2  1  1  1  1  2  1  2  1  2  2  1  1  2  1  2  2  1  2  2  2  2  2  2  2  2  2  2  2  2  2  2  2  2  2  2
  2 Phasenbott              67  27  1 13   0  1  1  1  1  2  2  1  2  1  1  2  1  2  1  2  1  2  1  2  2  2  2  1  2  2  2  2  2  1  2  2  2  2  2  2  1  2  2  2  2  2
  3 MegaHAL                 67  26  0 15   1  1  1  1  1  1  2  1  1  1  2  1  1  1  1  2  1  2  1  2  2  2  2  1  2  2  2  2  2  2  2  2  2  2  2  2  2  2  2  2  2  2
  4 Biopic                  65  24  0 17   1  1  1  1  1  2  1  1  2  1  1  1  1  2  1  2  1  1  1  2  1  2  2  1  2  2  1  2  2  2  2  2  2  2  2  2  2  2  2  2  2  2
  5 Simple Modeller         63  23  1 17   1  1  1  1  1  1  1  1  1  1  2  1  1  2  1  2  1  1  0  2  1  2  2  1  2  1  2  2  2  2  2  2  2  2  2  2  2  2  2  2  2  2
  6 Yomi AI                 59  21  3 17   0  0  1  0  1  1  1  1  1  1  1  1  1  2  1  2  1  1  1  2  2  1  2  1  2  2  1  2  2  1  2  2  2  2  2  2  2  2  2  2  2  2
  7 RussRocker4             59  22  4 15   0  0  0  1  1  1  1  1  1  1  1  1  1  2  1  2  2  1  1  2  1  1  2  0  2  2  2  2  2  2  2  2  1  2  2  2  2  2  2  2  2  2
  8 Boom                    59  18  0 23   1  1  1  1  1  1  1  1  1  1  1  1  1  1  1  1  1  1  1  2  2  2  2  1  1  1  2  2  2  1  2  2  1  2  2  2  2  2  2  2  2  2
  9 Robertot                58  20  3 18   1  0  1  0  1  1  1  1  1  1  1  1  1  1  1  2  1  1  0  2  2  2  2  1  1  1  2  2  2  2  2  2  1  2  2  2  2  2  2  2  2  2
 10 Shofar                  57  16  0 25   1  1  1  1  1  1  1  1  1  1  1  1  1  1  1  1  1  1  1  1  2  1  2  1  2  1  1  2  2  2  1  2  1  2  2  2  2  2  2  2  2  2
 11 Bugbrain                57  19  3 19   1  1  0  1  0  1  1  1  1  1  1  1  0  1  1  2  1  1  1  2  1  1  2  1  1  1  2  2  2  2  2  2  2  2  2  2  2  2  2  2  2  2
 12 ACT-R Lag2              56  18  3 20   0  0  1  1  1  1  1  1  1  1  1  1  1  1  1  2  1  1  0  2  1  1  2  1  2  1  1  2  2  1  2  2  2  2  2  2  2  2  2  2  2  2
 13 Vroomfondel             54  13  0 28   1  1  1  1  1  1  1  1  1  1  2  1  1  1  1  1  2  1  1  1  1  1  1  1  2  1  1  2  1  1  2  1  2  1  2  1  2  2  2  2  2  2
 14 Simple Predictor        53  19  7 15   0  0  1  0  0  0  0  1  1  1  1  1  1  1  1  1  1  2  0  1  2  1  2  1  2  1  2  2  2  2  2  2  1  2  2  2  2  2  2  2  2  2
 15 Majikthise              53  13  1 27   1  1  1  1  1  1  1  1  1  1  1  1  1  1  1  1  1  2  1  1  1  0  2  1  1  1  1  2  1  1  2  1  2  1  2  2  2  2  2  2  2  2
 16 Marble                  51  21 11  9   0  0  0  0  0  0  0  1  0  1  0  0  1  1  1  1  2  2  0  1  1  2  2  1  2  2  1  2  2  2  2  2  2  2  2  2  2  2  2  2  2  2
 17 Sweet Rocky             51  16  6 19   0  1  1  1  1  1  0  1  1  1  1  1  0  1  1  0  1  0  1  1  1  2  1  1  0  1  1  2  2  2  2  2  2  2  2  2  2  2  2  2  2  2
 18 Piedra                  51  16  6 19   1  0  0  1  1  1  1  1  1  1  1  1  1  0  0  0  2  1  0  1  2  1  1  1  1  1  1  2  2  1  2  2  2  2  2  2  2  2  2  2  2  2
 19 * De Bruijn             47   8  2 31   1  1  1  1  2  1  1  1  2  1  1  2  1  2  1  2  1  2  1  0  2  1  1  1  1  1  1  1  1  1  1  1  1  1  1  1  1  2  1  1  0  1
 20 Granite                 46  16 11 14   0  0  0  0  0  0  0  0  0  1  0  0  1  1  1  1  1  1  2  1  1  1  1  1  2  1  1  2  2  1  2  2  2  2  2  2  2  2  2  2  2  2
 21 Mixed Strategy          46  14  9 18   1  0  0  1  1  0  1  0  0  0  1  1  1  0  1  1  1  0  0  1  1  1  1  1  2  1  1  2  2  2  2  2  1  2  1  2  2  2  2  2  2  2
 22 * Anti-rotn             45  13  9 19   0  0  0  0  0  1  1  0  0  1  1  1  1  1  2  0  0  1  1  1  1  1  1  1  2  1  1  2  1  1  1  2  2  1  2  2  2  2  2  2  2  2
 23 ZQ Bot                  42  16 15 10   0  0  0  0  0  0  0  0  0  0  0  0  1  0  0  0  1  1  1  1  1  1  1  1  2  2  1  2  2  1  2  2  2  2  2  2  2  2  2  2  2  2
 24 * Pi                    41   1  1 39   1  1  1  1  1  1  2  1  1  1  1  1  1  1  1  1  1  1  1  1  1  1  1  1  1  1  1  1  1  1  1  1  1  1  1  0  1  1  1  1  1  1
 25 Inocencio               40  16 17  8   0  0  0  0  0  0  0  1  1  0  1  0  0  0  1  0  2  1  1  0  0  0  0  1  1  2  1  2  2  2  2  0  2  2  2  2  2  2  2  2  2  2
 26 * Foxtrot               33   1  9 31   0  0  0  0  1  0  0  1  1  1  1  1  1  1  1  0  1  1  1  1  1  1  0  1  0  1  2  1  1  1  1  1  1  1  1  1  1  1  1  1  1  1
 27 * Add-drift             33   2 10 29   0  0  0  1  0  1  0  0  0  1  0  1  1  0  1  1  1  1  1  1  1  1  1  1  1  0  1  1  1  1  1  1  2  1  1  1  1  1  2  1  1  1
 28 Multi-strategy          30  12 23  6   0  0  0  0  0  0  0  0  0  0  0  0  0  0  0  0  0  0  1  0  0  0  0  1  0  1  1  1  2  2  1  2  2  1  2  2  2  2  2  2  2  2
 29 Peterbot                29   9 21 11   0  0  0  0  0  0  0  0  0  0  0  0  1  0  1  0  0  0  1  0  0  1  0  1  0  1  1  0  1  1  1  2  2  1  2  1  2  2  2  2  2  2
 30 * Copy-drift            27   0 14 27   0  1  0  0  0  1  0  1  0  0  0  1  1  0  1  0  0  1  1  1  0  1  1  1  0  1  1  0  1  1  1  1  1  1  1  1  1  1  1  1  1  1
 31 Knucklehead             26   6 21 14   0  0  0  0  0  0  0  0  0  1  0  0  0  0  0  0  0  0  1  0  0  1  0  1  0  1  1  1  1  1  1  2  1  2  1  1  1  2  2  2  2  1
 32 Beat The Last Move      21   6 26  9   0  0  0  0  0  0  0  0  0  0  0  0  1  0  1  0  0  0  1  0  0  0  0  1  2  1  1  0  0  1  0  1  0  1  0  2  0  2  2  1  2  2
 33 * Flat                  21   2 22 17   0  0  0  0  0  0  1  1  1  1  0  0  0  1  0  0  0  0  1  0  1  0  0  1  0  1  0  0  0  1  1  2  1  0  1  1  1  2  1  1  0  1
 34 * Add-react             20   1 22 18   0  0  0  0  0  0  0  0  0  0  0  0  1  0  1  0  0  0  1  0  0  1  0  1  0  1  1  1  1  1  0  1  2  1  1  1  1  1  1  0  1  1
 35 Always Switchin'        19   2 24 15   0  0  0  0  0  0  0  0  0  0  0  0  0  0  0  0  0  0  1  0  1  0  0  1  0  1  1  0  0  1  1  2  1  1  1  1  2  1  1  1  1  1
 36 * Text                  17   2 26 13   0  0  0  0  0  0  0  0  0  0  0  0  1  0  0  0  0  0  1  0  0  0  0  2  0  1  1  0  1  1  1  0  1  1  1  1  1  0  0  1  2  1
 37 * Switch A Lot          17   1 25 15   0  1  0  0  0  0  0  0  0  0  0  0  0  0  0  0  0  0  1  0  0  0  0  1  0  1  1  0  0  1  1  2  1  1  0  1  1  1  1  1  1  1
 38 Beat Frequent Pick      16   4 29  8   0  0  0  0  0  0  0  0  0  0  0  0  0  0  0  0  0  0  0  0  0  0  0  1  0  1  1  0  0  1  0  0  0  1  1  2  1  1  2  1  2  2
 39 Good Ole Rock           15   3 29  9   0  0  0  0  0  0  0  0  0  0  0  0  0  0  0  0  0  0  1  0  0  0  0  1  0  1  0  0  0  1  0  0  1  1  1  2  1  0  1  1  2  2
 40 Rotate R-P-S            15   1 27 13   0  0  0  0  0  0  0  0  0  0  0  0  0  0  0  0  0  0  1  0  0  0  0  1  0  1  1  0  0  1  0  1  1  2  1  1  1  1  1  1  0  1
 41 * Anti-Flat             14   3 30  8   0  0  0  0  0  0  0  0  0  0  0  0  0  0  0  0  0  0  2  0  0  0  0  1  0  1  1  0  0  1  0  0  2  1  1  0  1  0  0  2  1  1
 42 R-P-S 20-20-60          13   0 28 13   0  0  0  0  0  0  0  0  0  0  0  0  0  0  0  0  0  0  1  0  0  0  0  1  0  1  1  0  0  1  1  0  1  1  1  1  1  0  0  1  1  1


   Yomi AI is match ranked 6

 Tournament results:
    Player Name          total 
  1 Yomi AI               4869 
 15 * Anti-rotn           5120 
 19 Iocaine Powder       11452 
 20 Phasenbott           10650 
 21 MegaHAL               9465 
 22 RussRocker4           8052 
 23 Biopic                9110 
 24 Simple Modeller       8203 
 25 Simple Predictor      7079 
 26 Robertot              7292 
 27 Boom                  7417 
 28 Shofar                6150 
 29 ACT-R Lag2            7311 
 32 Granite               6674 
 33 Marble                6863 
 34 ZQ Bot                6141 
 35 Sweet Rocky           5704 
 36 Piedra                6734 
 37 Mixed Strategy        5582 
 41 Bugbrain              5555 

   Yomi is tournament ranked 20

