 Playing 1 tournaments with 1000 trials per match...

 Yomi AI            vs Good Ole Rock       Match: 1000 (1000+   0-   0=)
 Yomi AI            vs R-P-S 20-20-60      Match:  246 (495+ 249- 256=)
 Yomi AI            vs Rotate R-P-S        Match:  997 (998+   1-   1=)
 Yomi AI            vs Beat The Last Move  Match:  388 (610+ 222- 168=)
 Yomi AI            vs Always Switchin'    Match:  244 (492+ 248- 260=)
 Yomi AI            vs Beat Frequent Pick  Match:  733 (847+ 114-  39=)
 Yomi AI            vs * Pi                Match:   -6 (346+ 352- 302=)
 Yomi AI            vs * Switch A Lot      Match:  110 (388+ 278- 334=)
 Yomi AI            vs * Flat              Match:   39 (366+ 327- 307=)
 Yomi AI            vs * Anti-Flat         Match:  999 (999+   0-   1=)
 Yomi AI            vs * Foxtrot           Match:  392 (590+ 198- 212=)
 Yomi AI            vs * De Bruijn         Match:  -45 (314+ 359- 327=)
 Yomi AI            vs * Text              Match:  144 (431+ 287- 282=)
 Yomi AI            vs * Anti-rotn         Match:   40 (356+ 316- 328=)
 Yomi AI            vs * Copy-drift        Match:  -38 (323+ 361- 316=)
 Yomi AI            vs * Add-react         Match:   98 (412+ 314- 274=)
 Yomi AI            vs * Add-drift         Match:  -24 (313+ 337- 350=)
 Yomi AI            vs Iocaine Powder      Match: -795 ( 11+ 806- 183=)
 Yomi AI            vs Phasenbott          Match: -815 (  9+ 824- 167=)
 Yomi AI            vs MegaHAL             Match:  -25 (353+ 378- 269=)
 Yomi AI            vs RussRocker4         Match:    1 (363+ 362- 275=)
 Yomi AI            vs Biopic              Match:  -86 (431+ 517-  52=)
 Yomi AI            vs Simple Modeller     Match:    4 (339+ 335- 326=)
 Yomi AI            vs Simple Predictor    Match:   81 (407+ 326- 267=)
 Yomi AI            vs Robertot            Match:   19 (378+ 359- 263=)
 Yomi AI            vs Boom                Match:   28 (344+ 316- 340=)
 Yomi AI            vs Shofar              Match:  -19 (332+ 351- 317=)
 Yomi AI            vs ACT-R Lag2          Match:   20 (356+ 336- 308=)
 Yomi AI            vs Majikthise          Match:   37 (356+ 319- 325=)
 Yomi AI            vs Vroomfondel         Match:  -15 (337+ 352- 311=)
 Yomi AI            vs Granite             Match:   81 (447+ 366- 187=)
 Yomi AI            vs Marble              Match:  126 (477+ 351- 172=)
 Yomi AI            vs ZQ Bot              Match:   88 (439+ 351- 210=)
 Yomi AI            vs Sweet Rocky         Match:   38 (377+ 339- 284=)
 Yomi AI            vs Piedra              Match:   40 (361+ 321- 318=)
 Yomi AI            vs Mixed Strategy      Match:   63 (391+ 328- 281=)
 Yomi AI            vs Multi-strategy      Match:  234 (498+ 264- 238=)
 Yomi AI            vs Inocencio           Match:   83 (411+ 328- 261=)
 Yomi AI            vs Peterbot            Match:  213 (477+ 264- 259=)
 Yomi AI            vs Bugbrain            Match:  -11 (338+ 349- 313=)
 Yomi AI            vs Knucklehead         Match:  460 (637+ 177- 186=)
 Final results (draw value = 50):

 Tournament results: 

    Player Name          total     1    2    3    4    5    6    7    8    9   10   11   12   13   14   15   16   17   18   19   20   21   22   23   24   25   26   27   28   29   30   31   32   33   34   35   36   37   38   39   40   41   42
  1 Iocaine Powder       11747     0  217   61   45   28  191  504   38   16   37  279   60  108  -11  215   47   55  346  795   -2  -17  125  367  157  -29  -40  183  139  365  197    2  261  124  557  245  871  356  913  991  987  993  971
  2 Phasenbott           11091  -217    0   56   23   16  109  533   53   16   45  239   65   65  -32  256   73   27  264  815   19   50  134  251  440   -2  -14   82  132  352   46   69  331   77  396  253  998  161  929  992  993  996 1000
  3 MegaHAL               9488   -61  -56    0  -46   -2   60   87   33    3   15  220   44   47   49  281   46  -37  303   25  -34   59   42  247  181  -10   -5  216   20   17  141  214  242  142  353  436  895  374  975  991  993  998  990
  4 Simple Modeller       9378   -45  -23   46    0   -9  250  -24  -20   31    8  101   36  -15   36  107   54   74  287   -4    5   21   40  176  588  -36   35  205  250  -26  109  243   86  121  297  440  943  423  592  990  991  999  996
  5 Biopic                8444   -28  -16    2    9    0    1  -42   -4  -14   70  104   37   52   -2  119   44    5  125   86  -26    1   16  352  165  -59   14  -65   62  438  188  129   36  149  544  312  722  405  528  997  992  998  998
  6 Simple Predictor      8079  -191 -109  -60 -250   -1    0  -98  -72   -6   61   52   24 -102    5   20   59   28  143  -81  -14   12   81  179  797  -62  -14  275  294   -2   61  175  127  149  271  462  923  389  592  984  990  995  993
  7 RussRocker4           7885  -504 -533  -87   24   42   98    0   30   23   36  138   37    9   51  127   45   34  136   -1   -6   39   60  299  131  -21  -19  105  105  210  179  108  324  116  497  283  946  247  596  992  993  999  997
  8 Robertot              7451   -38  -53  -33   20    4   72  -30    0  -16   35   21   52  -20    4   67   35   44   34  -19   17  -59  147  257   56  -34  -34   39   71   30   76   46  117  170  446  446  462  349  727  960  998  996  989
  9 Boom                  7147   -16  -16   -3  -31   14    6  -23   16    0    7   60   49  -32  -36   23   62  -22   41  -28  -23   -5   53  298  -29  -23  -10  102   21   -9   98  143   76  155  345  431  335  393  753  991  990  997  994
 10 Piedra                7086   -37  -45  -15   -8  -70  -61  -36  -35   -7    0  -61  -13   -9  -44  -23   43  -31  -34  -40   -7  -41  -25  135  798  -42    1   63   75  -34   92  115  330  184  198  243  539  413  590  993  995  998  999
 11 Granite               6553  -279 -239 -220 -101 -104  -52 -138  -21  -60   61    0   47 -146  -67   13   67 -103   14  -81  -30  -32  -25  298  518  -78  -24   46   59   90  151  121  138  173  353  275  923  423  593  994  998  998 1000
 12 Sweet Rocky           6264   -60  -65  -44  -36  -37  -24  -37  -52  -49   13  -47    0  -22  -19  -46   46   -8  -55  -38  -43  -19    8   88  -58  -28  -38   93    8  -28  128  154  359  159  144  205  799  347  594  989  997  996  990
 13 ACT-R Lag2            6259  -108  -65  -47   15  -52  102   -9   20   32    9  146   22    0  -12   92   27   -4   83  -20  -15  -10   69  246  363  -30  -49   15   -6    1   95  143   21  101  492  263  270  324  579  170  994  998  994
 14 Shofar                6050    11   32  -49  -36    2   -5  -51   -4   36   44   67   19   12    0   22   22   -9   52   19   -5    4   64  124   53   -6  -32   16   79   19   -6  157    0  144  115  434  117  256  550  899  947  981  956
 15 Marble                5974  -215 -256 -281 -107 -119  -20 -127  -67  -23   23  -13   46  -92  -22    0   55 -100   66 -126  -55  -45   27  198   53  -85    6   53   83   43  180  159   81  181  299  242  911  445  591  991  995  999 1000
 16 * Anti-rotn           5971   -47  -73  -46  -54  -44  -59  -45  -35  -62  -43  -67  -46  -27  -22  -55    0  -25  -60  -40  -27  -17  -12  219  465  -90  -37   17   23  -28  190  303  -15   53   73  499  498  111  597 1000 1000  999 1000
 17 Bugbrain              5876   -55  -27   37  -74   -5  -28  -34  -44   22   31  103    8    4    9  100   25    0  157   11  -22  -41   41  133   71  -31   41  128   57  -10   24  100   91   53  107  245  178  177  393  962  984  985  970
 18 ZQ Bot                5321  -346 -264 -303 -287 -125 -143 -136  -34  -41   34  -14   55  -83  -52  -66   60 -157    0  -88  -42  -53  -22  204  -24  -52   10   53   54    7  188  152  337  150  289  248  907  342  594  987  988  997  997
 19 Yomi AI               5167  -795 -815  -25    4  -86   81    1   19   28   40   81   38   20  -19  126   40  -11   88    0   37  -15   63  234   83  -45   -6  -24  -38  392   39  110   98  144  460  244  213  246  733  388  997 1000  999
 20 Majikthise            4842     2  -19   34   -5   26   14    6  -17   23    7   30   43   15    5   55   27   22   42  -37    0  -19    7  224  134  -16   -1   -1   -6   -1   70   66  -23    1  235  287   37  174  453  -28  990  994  992
 21 Vroomfondel           4670    17  -50  -59  -21   -1  -12  -39   59    5   41   32   19   10   -4   45   17   41   53   15   19    0   32  160   65  -30  -41    9  -20   -4   89  129  -14   27  196  279   38  181  443  -34  993  993  992
 22 Mixed Strategy        4209  -125 -134  -42  -40  -16  -81  -60 -147  -53   25   25   -8  -69  -64  -27   12  -41   22  -63   -7  -32    0  -17  -34 -104  -36   40  -32  -15  -25   89   19  152  200   38  134  358  442  977  964  985  999
 23 Multi-strategy        2506  -367 -251 -247 -176 -352 -179 -299 -257 -298 -135 -298  -88 -246 -124 -198 -219 -133 -204 -234 -224 -160   17    0 -100  -50  -20   -6  260  -35  171  285   78  123  116  464  500  403  999  997  997  999  997
 24 Inocencio             1427  -157 -440 -181 -588 -165 -797 -131  -56   29 -798 -518   58 -363  -53  -53 -465  -71   24  -83 -134  -65   34  100    0  -17  -28   74   78  314  141  122   77  155  322  270  163  388  363  934  986  979  979
 25 * De Bruijn           1109    29    2   10   36   59   62   21   34   23   42   78   28   30    6   85   90   31   52   45   16   30  104   50   17    0   -1  -13  -13   39   17  -23   21   23   48   25  -23  -15  128   -1   21    0 -104
 26 * Pi                   268    40   14    5  -35  -14   14   19   34   10   -1   24   38   49   32   -6   37  -41  -10    6    1   41   36   20   28    1    0   14  -22   23  -28  -23    5  -81    1   -8   12   15   30   22  -11  -11  -12
 27 * Add-drift          -1622  -183  -82 -216 -205   65 -275 -105  -39 -102  -63  -46  -93  -15  -16  -53  -17 -128  -53   24    1   -9  -40    6  -74   13  -14    0   60   10   23  -12   15   34   -4  -42  -17    7  -18   -2   43   13  -13
 28 * Copy-drift         -1842  -139 -132  -20 -250  -62 -294 -105  -71  -21  -75  -59   -8    6  -79  -83  -23  -57  -54   38    6   20   32 -260  -78   13   22  -60    0   -9    1    0   29    5  -53   33  -33   12  -23    8   -7  -44   32
 29 * Foxtrot            -2125  -365 -352  -17   26 -438    2 -210  -30    9   34  -90   28   -1  -19  -43   28   10   -7 -392    1    4   15   35 -314  -39  -23  -10    9    0   -1  -35   26   44   17  -21  -32   -5   22  -27  -11   15   32
 30 * Flat               -2792  -197  -46 -141 -109 -188  -61 -179  -76  -98  -92 -151 -128  -95    6 -180 -190  -24 -188  -39  -70  -89   25 -171 -141  -17   28  -23   -1    1    0   22  -70   17   -6   27 -137    3  195  183   28   -1 -419
 31 * Switch A Lot       -3158    -2  -69 -214 -243 -129 -175 -108  -46 -143 -115 -121 -154 -143 -157 -159 -303 -100 -152 -110  -66 -129  -89 -285 -122   23   23   12    0   35  -22    0    6   -4    1    1 -122    6  -19  326  -25    4  -69
 32 * Add-react          -3258  -261 -331 -242  -86  -36 -127 -324 -117  -76 -330 -138 -359  -21    0  -81   15  -91 -337  -98   23   14  -19  -78  -77  -21   -5  -15  -29  -26   70   -6    0   26  -10    9  -15   12   -4  -16  -65    9    5
 33 * Text               -3389  -124  -77 -142 -121 -149 -149 -116 -170 -155 -184 -173 -159 -101 -144 -181  -53  -53 -150 -144   -1  -27 -152 -123 -155  -23   81  -34   -5  -44  -17    4  -26    0  -42   17   33   12 -185  -74  -11 -185  113
 34 Knucklehead          -4136  -557 -396 -353 -297 -544 -271 -497 -446 -345 -198 -353 -144 -492 -115 -299  -73 -107 -289 -460 -235 -196 -200 -116 -322  -48   -1    4   53  -17    6   -1   10   42    0   37   29  -19  208  924  -19  961 1000
 35 Always Switchin'     -7323  -245 -253 -436 -440 -312 -462 -283 -446 -431 -243 -275 -205 -263 -434 -242 -499 -245 -248 -244 -287 -279  -38 -464 -270  -25    8   42  -33   21  -27   -1   -9  -17  -37    0 -220   -6   67  493   26    8  -69
 36 Peterbot             -8055  -871 -998 -895 -943 -722 -923 -946 -462 -335 -539 -923 -799 -270 -117 -911 -498 -178 -907 -213  -37  -38 -134 -500 -163   23  -12   17   33   32  137  122   15  -33  -29  220    0  346  430  982  998  999  987
 37 R-P-S 20-20-60       -9016  -356 -161 -374 -423 -405 -389 -247 -349 -393 -413 -423 -347 -324 -256 -445 -111 -177 -342 -246 -174 -181 -358 -403 -388   15  -15   -7  -12    5   -3   -6  -12  -12   19    6 -346    0 -430 -147  -17 -388   19
 38 Beat Frequent Pick  -14124  -913 -929 -975 -592 -528 -592 -596 -727 -753 -590 -593 -594 -579 -550 -591 -597 -393 -594 -733 -453 -443 -442 -999 -363 -128  -30   18   23  -22 -195   19    4  185 -208  -67 -430  430    0 -600    0  999  997
 39 Beat The Last Move  -20180  -991 -992 -991 -990 -997 -984 -992 -960 -991 -993 -994 -989 -170 -899 -991 -1000 -962 -987 -388   28   34 -977 -997 -934    1  -22    2   -8   27 -183 -326   16   74 -924 -493 -982  147  600    0    1 1000  997
 40 Rotate R-P-S        -25370  -987 -993 -993 -991 -992 -990 -993 -998 -990 -995 -998 -997 -994 -947 -995 -1000 -984 -988 -997 -990 -993 -964 -997 -986  -21   11  -43    7   11  -28   25   65   11   19  -26 -998   17    0   -1    0    0 -667
 41 Good Ole Rock       -26251  -993 -996 -998 -999 -998 -995 -999 -996 -997 -998 -998 -996 -998 -981 -999 -999 -985 -997 -1000 -994 -993 -985 -999 -979    0   11  -13   44  -15    1   -4   -9  185 -961   -8 -999  388 -999 -1000    0    0 1000
 42 * Anti-Flat         -27621  -971 -1000 -990 -996 -998 -993 -997 -989 -994 -999 -1000 -990 -994 -956 -1000 -1000 -970 -997 -999 -992 -992 -999 -997 -979  104   12   13  -32  -32  419   69   -5 -113 -1000   69 -987  -19 -997 -997  667 -1000    0

 Match results (draw <= 50): 

    Player Name           total  W  L  D   1  2  3  4  5  6  7  8  9 10 11 12 13 14 15 16 17 18 19 20 21 22 23 24 25 26 27 28 29 30 31 32 33 34 35 36 37 38 39 40 41 42
  1 Iocaine Powder          70  29  0 12   1  2  1  2  2  1  1  2  1  2  1  2  1  2  1  1  2  2  1  1  2  2  2  2  1  2  2  2  2  2  2  2  2  2  2  2  1  2  2  2  2  2
  2 Phasenbott              69  29  1 11   0  1  1  2  2  1  1  2  2  1  1  2  1  2  1  1  2  2  1  2  2  2  2  2  1  2  2  2  2  2  2  2  1  2  2  2  2  2  2  2  2  2
  3 Simple Modeller         64  23  0 18   1  1  1  1  1  1  1  1  1  2  1  1  1  2  1  1  1  2  1  2  2  2  1  2  1  1  2  2  2  2  2  2  2  2  2  2  2  2  2  2  2  2
  4 RussRocker4             62  24  3 14   0  0  1  1  0  1  1  1  1  1  2  1  1  2  1  1  1  2  1  1  2  2  2  2  1  2  2  2  2  2  2  2  2  2  2  2  2  2  2  2  2  2
  5 MegaHAL                 61  22  2 17   0  0  1  2  1  1  1  1  1  1  1  1  1  2  1  2  1  2  1  1  2  2  1  2  1  1  2  2  2  1  2  2  2  2  2  2  2  2  2  2  2  2
  6 Biopic                  61  22  2 17   1  1  1  1  1  1  1  2  1  1  1  2  2  1  1  1  1  2  0  1  2  2  1  2  1  2  2  0  2  2  1  2  2  2  2  2  2  2  2  2  2  2
  7 Boom                    59  18  0 23   1  1  1  1  1  1  1  1  1  1  1  1  1  1  1  1  1  1  1  2  2  1  2  1  1  1  2  2  2  1  2  2  2  2  2  2  2  2  2  2  2  2
  8 Yomi AI                 58  20  3 18   0  0  1  1  1  0  1  1  1  1  1  1  1  2  1  1  1  2  1  1  2  2  2  2  1  2  2  1  2  1  2  2  1  2  2  2  2  2  2  2  2  2
  9 Robertot                58  19  2 20   1  0  1  1  1  1  1  1  1  1  1  1  1  2  1  0  2  2  1  1  1  1  2  2  1  1  2  1  2  2  2  2  2  2  2  2  1  2  2  2  2  2
 10 Bugbrain                58  19  2 20   0  1  0  1  1  1  1  1  1  1  1  1  1  1  1  1  1  2  1  1  2  2  1  2  1  1  2  2  2  2  2  2  1  2  2  2  2  2  2  2  2  2
 11 Shofar                  57  17  1 23   1  1  1  0  1  1  1  1  1  1  1  1  1  1  1  1  1  1  1  1  2  2  2  2  1  1  2  1  2  2  1  2  1  2  2  2  2  2  2  2  2  2
 12 ACT-R Lag2              57  19  3 19   0  0  1  1  1  0  1  1  1  1  1  1  1  2  1  1  1  2  1  1  2  2  2  2  1  1  2  1  2  1  1  2  2  2  2  2  2  2  2  2  2  2
 13 Piedra                  55  17  3 21   1  1  1  1  1  0  1  1  1  1  1  1  1  0  1  1  1  1  1  1  0  1  1  2  1  1  2  2  2  2  2  2  2  2  2  2  2  2  2  2  2  2
 14 Simple Predictor        54  22  9 10   0  0  0  0  0  1  1  0  0  1  1  0  2  1  1  1  1  1  0  2  2  2  2  2  1  1  2  2  2  2  2  2  2  2  2  2  2  2  2  2  2  2
 15 Majikthise              53  12  0 29   1  1  1  1  1  1  1  1  1  1  1  1  1  1  1  1  1  2  1  1  1  1  1  2  1  1  2  1  1  1  1  2  2  1  1  2  2  2  2  2  2  2
 16 Vroomfondel             53  13  1 27   1  1  1  1  0  1  1  1  2  1  1  1  1  1  1  1  1  1  1  1  1  2  1  2  1  1  2  1  1  1  1  2  2  1  1  2  2  2  2  2  2  2
 17 Sweet Rocky             51  15  5 21   0  0  1  1  1  1  1  1  0  1  1  1  1  1  1  1  1  1  1  1  1  0  1  0  1  1  2  2  2  1  2  2  2  2  2  2  2  2  2  2  2  2
 18 Marble                  48  19 12 10   0  0  0  0  0  0  1  0  0  0  1  0  1  1  0  1  1  1  0  2  1  2  1  2  1  1  2  2  2  2  2  2  2  2  2  2  2  2  2  2  2  2
 19 * De Bruijn             48   8  1 32   1  1  1  1  1  2  1  1  1  1  1  1  1  2  1  1  1  2  1  2  2  2  2  1  1  1  1  1  1  1  1  1  1  1  1  1  1  1  0  1  2  1
 20 * Anti-rotn             47  14  8 19   1  0  0  1  1  1  0  1  1  1  1  1  1  0  1  1  1  0  0  1  0  0  1  2  1  1  2  1  2  1  1  2  2  2  2  2  2  2  2  2  2  2
 21 Granite                 47  19 13  9   0  0  0  0  0  0  0  0  1  0  0  0  2  0  1  1  1  1  0  2  1  1  1  2  1  2  2  1  2  2  2  2  2  2  2  2  2  2  2  2  2  2
 22 ZQ Bot                  45  18 14  9   0  0  0  0  0  0  1  0  1  0  0  0  1  0  1  0  2  0  0  2  1  1  1  1  1  1  2  2  2  2  2  2  2  2  2  2  2  2  2  2  2  2
 23 Mixed Strategy          41  10 10 21   0  0  1  0  1  1  0  0  0  1  0  0  1  0  1  1  1  1  0  1  1  1  1  1  1  1  1  1  2  1  1  2  1  2  2  1  2  2  2  2  2  2
 24 Inocencio               41  18 18  5   0  0  0  0  0  0  1  0  0  0  0  0  0  0  0  0  2  0  1  0  0  1  1  1  1  2  2  2  2  2  2  2  2  2  2  2  2  2  2  2  2  2
 25 * Pi                    40   0  1 40   1  1  1  1  1  1  1  1  1  1  1  1  1  1  1  1  1  1  1  1  1  1  1  1  1  1  1  1  1  1  1  1  1  1  0  1  1  1  1  1  1  1
 26 * Foxtrot               34   0  7 34   0  0  1  0  1  0  1  0  1  1  1  1  1  1  1  1  1  1  1  1  0  1  1  0  1  1  1  1  1  1  1  1  1  1  1  1  1  1  1  1  1  1
 27 Multi-strategy          33  14 22  5   0  0  0  0  0  0  0  0  0  0  0  0  0  0  0  0  0  0  1  0  0  0  1  0  1  1  1  1  2  2  2  2  2  2  2  2  2  2  2  2  2  2
 28 * Add-drift             30   2 13 26   0  0  0  0  0  2  0  1  1  0  1  1  0  0  1  1  0  0  1  1  1  0  1  0  1  1  1  1  1  2  1  1  1  1  1  1  1  1  1  1  1  1
 29 Peterbot                28   9 22 10   0  0  0  0  0  0  0  0  0  0  0  0  0  0  1  1  0  0  1  0  0  0  0  0  1  1  0  1  1  1  1  1  2  2  1  2  2  2  2  2  2  2
 30 * Copy-drift            24   0 17 24   0  0  0  0  1  0  1  1  0  0  0  1  0  0  1  1  1  0  1  1  0  0  1  0  1  1  0  0  1  1  1  0  1  1  1  1  1  1  1  1  1  1
 31 * Add-react             24   1 18 22   0  0  0  0  0  1  0  0  0  0  1  1  0  0  1  1  0  0  1  1  0  0  1  0  1  1  0  1  1  1  1  1  2  1  1  1  1  1  1  0  1  1
 32 Knucklehead             22   5 24 12   0  0  0  0  0  0  0  0  0  0  0  0  0  0  0  0  0  0  1  0  0  0  0  0  1  1  0  1  1  2  1  1  1  2  1  1  1  2  2  1  2  1
 33 * Flat                  21   2 22 17   0  1  0  0  0  0  0  1  0  1  1  0  0  0  0  0  0  0  1  0  0  0  1  0  1  1  0  1  0  1  0  1  1  2  1  1  1  1  0  1  2  1
 34 Beat The Last Move      19   5 27  9   0  0  0  0  0  0  0  0  0  0  0  0  0  0  1  1  0  0  1  0  0  0  0  0  1  1  0  1  0  1  1  0  0  1  2  0  0  2  2  1  2  2
 35 * Text                  18   2 25 14   0  0  0  0  0  0  0  0  0  0  0  0  0  0  1  1  0  0  1  0  0  0  0  0  2  1  0  1  1  1  1  1  1  0  1  1  1  0  2  1  0  1
 36 Always Switchin'        18   2 25 14   0  0  0  0  0  0  0  0  0  0  0  0  0  0  0  0  0  0  1  0  0  0  1  0  1  1  0  1  0  1  1  1  1  2  1  1  1  1  0  1  2  1
 37 * Switch A Lot          18   1 24 16   1  0  0  0  0  0  0  0  1  0  0  0  0  0  0  0  0  0  1  0  0  0  0  0  1  1  0  1  0  1  1  1  1  2  1  1  1  1  0  1  1  1
 38 Good Ole Rock           16   3 28 10   0  0  0  0  0  0  0  0  0  0  0  0  0  0  0  0  0  0  1  0  0  0  0  0  1  1  0  1  0  1  1  0  1  0  2  1  1  1  2  1  0  2
 39 * Anti-Flat             16   5 30  6   0  0  0  0  0  0  0  0  0  0  0  0  0  0  0  0  0  0  2  0  0  0  0  0  1  1  0  1  0  1  1  0  2  0  0  2  2  0  1  2  0  1
 40 Rotate R-P-S            16   1 26 14   0  0  0  0  0  0  0  0  0  0  0  0  0  0  0  0  0  0  1  0  0  0  0  0  1  1  0  1  0  1  2  1  1  1  1  1  1  1  0  1  1  1
 41 Beat Frequent Pick      15   4 30  7   0  0  0  0  0  0  0  0  0  0  0  0  0  0  0  0  0  0  0  0  0  0  0  0  1  1  0  1  0  1  1  0  0  0  2  0  1  2  2  1  1  2
 42 R-P-S 20-20-60          13   0 28 13   0  0  0  0  0  0  0  0  0  0  0  0  0  0  0  0  0  0  1  0  0  0  0  0  1  1  0  1  0  1  1  1  1  0  1  1  1  0  1  1  0  1


   Yomi AI is match ranked 8

 Tournament results:
    Player Name          total 
  1 Yomi AI               5167 
 15 * Anti-rotn           5971 
 19 Iocaine Powder       11747 
 20 Phasenbott           11091 
 21 MegaHAL               9488 
 22 RussRocker4           7885 
 23 Biopic                8444 
 24 Simple Modeller       9378 
 25 Simple Predictor      8079 
 26 Robertot              7451 
 27 Boom                  7147 
 28 Shofar                6050 
 29 ACT-R Lag2            6259 
 32 Granite               6553 
 33 Marble                5974 
 34 ZQ Bot                5321 
 35 Sweet Rocky           6264 
 36 Piedra                7086 
 41 Bugbrain              5876 

   Yomi is tournament ranked 19

