 Playing 1 tournaments with 1000 trials per match...

 Yomi AI            vs Good Ole Rock       Match: 1000 (1000+   0-   0=)
 Yomi AI            vs R-P-S 20-20-60      Match:  258 (502+ 244- 254=)
 Yomi AI            vs Rotate R-P-S        Match:  997 (998+   1-   1=)
 Yomi AI            vs Beat The Last Move  Match:  450 (653+ 203- 144=)
 Yomi AI            vs Always Switchin'    Match:  232 (490+ 258- 252=)
 Yomi AI            vs Beat Frequent Pick  Match:  671 (798+ 127-  75=)
 Yomi AI            vs * Pi                Match:   -2 (348+ 350- 302=)
 Yomi AI            vs * Switch A Lot      Match:  121 (396+ 275- 329=)
 Yomi AI            vs * Flat              Match:   57 (372+ 315- 313=)
 Yomi AI            vs * Anti-Flat         Match:  998 (999+   1-   0=)
 Yomi AI            vs * Foxtrot           Match:  411 (604+ 193- 203=)
 Yomi AI            vs * De Bruijn         Match:  -44 (313+ 357- 330=)
 Yomi AI            vs * Text              Match:  137 (427+ 290- 283=)
 Yomi AI            vs * Anti-rotn         Match:    6 (333+ 327- 340=)
 Yomi AI            vs * Copy-drift        Match:  -21 (329+ 350- 321=)
 Yomi AI            vs * Add-react         Match:   47 (369+ 322- 309=)
 Yomi AI            vs * Add-drift         Match:   23 (344+ 321- 335=)
 Yomi AI            vs Iocaine Powder      Match: -777 ( 18+ 795- 187=)
 Yomi AI            vs Phasenbott          Match: -746 (  9+ 755- 236=)
 Yomi AI            vs MegaHAL             Match:   17 (376+ 359- 265=)
 Yomi AI            vs RussRocker4         Match:  -22 (370+ 392- 238=)
 Yomi AI            vs Biopic              Match:  -18 (413+ 431- 156=)
 Yomi AI            vs Simple Modeller     Match:  -37 (322+ 359- 319=)
 Yomi AI            vs Simple Predictor    Match:   19 (362+ 343- 295=)
 Yomi AI            vs Robertot            Match:   34 (386+ 352- 262=)
 Yomi AI            vs Boom                Match:   35 (355+ 320- 325=)
 Yomi AI            vs Shofar              Match:   33 (349+ 316- 335=)
 Yomi AI            vs ACT-R Lag2          Match:   30 (359+ 329- 312=)
 Yomi AI            vs Majikthise          Match:   37 (358+ 321- 321=)
 Yomi AI            vs Vroomfondel         Match:   21 (338+ 317- 345=)
 Yomi AI            vs Granite             Match:   98 (446+ 348- 206=)
 Yomi AI            vs Marble              Match:  131 (480+ 349- 171=)
 Yomi AI            vs ZQ Bot              Match:  106 (467+ 361- 172=)
 Yomi AI            vs Sweet Rocky         Match:   31 (387+ 356- 257=)
 Yomi AI            vs Piedra              Match:   46 (379+ 333- 288=)
 Yomi AI            vs Mixed Strategy      Match:   73 (385+ 312- 303=)
 Yomi AI            vs Multi-strategy      Match:  169 (460+ 291- 249=)
 Yomi AI            vs Inocencio           Match:  776 (880+ 104-  16=)
 Yomi AI            vs Peterbot            Match:  130 (429+ 299- 272=)
 Yomi AI            vs Bugbrain            Match:   35 (352+ 317- 331=)
 Yomi AI            vs Knucklehead         Match:  458 (638+ 180- 182=)
 Final results (draw value = 50):

 Tournament results: 

    Player Name          total     1    2    3    4    5    6    7    8    9   10   11   12   13   14   15   16   17   18   19   20   21   22   23   24   25   26   27   28   29   30   31   32   33   34   35   36   37   38   39   40   41   42
  1 Iocaine Powder       11622     0   82   82   12   51   46  519  103   13  178   55  242  242   28  -54  777   75   54  317   49    9  -14  245    9  -42  289  147  155  389  230  346  105   17  557  186  912  352  898  981  989  999  992
  2 Phasenbott           10789   -82    0   44  -14   20   65  532   31   42  133    2  197  244  -50   53  746   20   38  230   62  -22   75  294   51   23  196  114  104  403   56  319   83  113  447  258  909  133  948  983  996  999  994
  3 MegaHAL               9643   -82  -44    0   -3   16  -11   90   46   26   78   50  238  305  -45  -12  -17   34   29  255   50    3  -16  223  -37  -13  195  202  122   75  151  234  189  208  416  475  882  413  941  990  988  999 1000
  4 Simple Modeller       9337   -12   14    3    0   51    9  -29   -5   34  265   78   79   67   50  -28   37  169   39  295   63  -55    5  173    9   -1  614  242  271  -51  112  143  121  224  246  488  674  367  592  995  991  998 1000
  5 Biopic                8671   -51  -20  -16  -51    0   31  -46   26   37    8   21  112  143  -31   14   18  -22   33  109   57    0   -1  285  -42   51  196   63   31  388  155   39  132  179  492  370 1000  405  575  991  995  998  997
  6 Robertot              8108   -46  -65   11   -9  -31    0  -42  -60    0   29   18   71   17   15  -56  -34   88   49  142   46   24   13  309  -10  -42   76   32   64  -17   46  112  173   88  436  499 1000  382  830  968  991  995  996
  7 RussRocker4           8104  -519 -532  -90   29   46   42    0  -11   43  127    5  138   96   35  -23   22    6   42  136   46  -17  -39  247  -42  -11  806   60  107  200   65  363   92  115  464  236  930  308  600  994  991 1000  997
  8 ACT-R Lag2            7784  -103  -31  -46    5  -26   60   11    0   31   70   29  129   33   31  -37  -30   42   45   77   30   -1  -11  365  -38   22  454   49   -8   -7  125   62  105  132  561  263  642  396  580  801  993  998  981
  9 Boom                  7179   -13  -42  -26  -34  -37    0  -43  -31    0  -18   41   50   79  -46  -27  -35   23   34   39   45  -18  -30  212    3   12   26   71    1  -15   41  110  122  212  445  406  544  353  753  991  990  995  996
 10 Simple Predictor      7061  -178 -133  -78 -265   -8  -29 -127  -70   18    0  -15   30   72   49    4  -19   -2   65  169   59  -46  -10  220  -73  -21  265  321  245  -17  111  163  149  170  293  436  321  431  592  986  990  996  997
 11 Sweet Rocky           6810   -55   -2  -50  -78  -21  -18   -5  -29  -41   15    0  -32  -47  -46  -55  -31  -19   38  -66   42  -49  -13   79  -15   -9  -56    6   38   11  176  358  174  107  281  326 1000  339  588  992  991  994  992
 12 Granite               6572  -242 -197 -238  -79 -112  -71 -138 -129  -50  -30   32    0   -6  -61  -74  -98   27   34   22   42    3   17  256 -110   -3  641  -17   39   54  144   89  181  185  287  275  921  402  593  996  996  999  992
 13 Marble                6544  -242 -244 -305  -67 -143  -17  -96  -33  -79  -72   47    6    0  -74  -23 -131   36   33   32   59   19    1  195   -9  -19  409    2   81   56  171  138  177  175  350  230  879  432  594  991  992 1000  993
 14 Bugbrain              6283   -28   50   45  -50   31  -15  -35  -31   46  -49   46   61   74    0   33  -35   62   35  184   75  -40  -20  159  -22    7   59  121   26  -20  -11   85   14  130  138  225  536  128  399  946  967  973  984
 15 Shofar                6205    54  -53   12   28  -14   56   23   37   27   -4   55   74   23  -33    0  -33   53   36   61   59  -29   15  131  -14   19   27   31   63   -9    3   13   94   88   63  424  247  247  558  903  925  973  972
 16 Yomi AI               6020  -777 -746   17  -37  -18   34  -22   30   35   19   31   98  131   35   33    0   73   46  106    6   21   37  169  -44   -2  776   23  -21  411   57   47  137  121  458  232  130  258  671  450  997 1000  998
 17 Mixed Strategy        6006   -75  -20  -34 -169   22  -88   -6  -42  -23    2   19  -27  -36  -62  -53  -73    0   18   -9   23  -24  -33   30  -60  -24  744   44  -10   11   41   88  173   89  155  249  336  387  525  965  979  985  989
 18 Piedra                5457   -54  -38  -29  -39  -33  -49  -42  -45  -34  -65  -38  -34  -33  -35  -36  -46  -18    0  -47   26  -22  -13  124  -53   -8  -12   -5   98  -41  147  136  186  135   57  375  132  337  591  996  993  996  997
 19 ZQ Bot                5352  -317 -230 -255 -295 -109 -142 -136  -77  -39 -169   66  -22  -32 -184  -61 -106    9   47    0   43  -34  -84  237  -33  -11  -70   61   33   29  122  291  157  160  294  247  997  396  594  995  990  995  995
 20 * Anti-rotn           5331   -49  -62  -50  -63  -57  -46  -46  -30  -45  -59  -42  -42  -59  -75  -59   -6  -23  -26  -43    0   25  -18  247  -48  -50  621  -31   38  -10  201    7   55  300   69  510   63  151  597  499  998  998  991
 21 Vroomfondel           4691    -9   22   -3   55    0  -24   17    1   18   46   49   -3  -19   40   29  -21   24   22   34  -25    0  -32  150  -11    7   95   38    0   60   51  -58   19   71  171  230   97  166  449  -36  988  994  989
 22 Majikthise            4630    14  -75   16   -5    1  -13   39   11   30   10   13  -17   -1   20  -15  -37   33   13   84   18   32    0  140   -4   22   76  -18  -12   40   37  -28   35   94  261  250   31   96  475  -22  994  995  997
 23 Multi-strategy        2432  -245 -294 -223 -173 -285 -309 -247 -365 -212 -220  -79 -256 -195 -159 -131 -169  -30 -124 -237 -247 -150 -140    0  -50  -20 -134  -50  252    8  164    0  123  265   16  488  500  370  999  997  997  999  998
 24 * De Bruijn            703    -9  -51   37   -9   42   10   42   38   -3   73   15  110    9   22   14   44   60   53   33   48   11    4   50    0   -1   15   -6  -22  -16  -35   63   23  -33  -11   43   13  -10  128   -1   21    0 -111
 25 * Pi                   117    42  -23   13    1  -51   42   11  -22  -12   21    9    3   19   -7  -19    2   24    8   11   50   -7  -22   20    1    0   14    0   27   13   -1  -17  -81   21   11  -18   17   -4   30   22  -11  -11   -9
 26 Inocencio             -178  -289 -196 -195 -614 -196  -76 -806 -454  -26 -265   56 -641 -409  -59  -27 -776 -744   12   70 -621  -95  -76  134  -15  -14    0   27  113  334  107   94  164   68  238  206  133  396  358  964  976  979  987
 27 * Add-drift          -1733  -147 -114 -202 -242  -63  -32  -60  -49  -71 -321   -6   17   -2 -121  -31  -23  -44    5  -61   31  -38   18   50    6    0  -27    0  -14  -25   -5 -100  -35   19   31  -53   -6  -53   14  -23    9   47  -12
 28 * Copy-drift         -2018  -155 -104 -122 -271  -31  -64 -107    8   -1 -245  -38  -39  -81  -26  -63   21   10  -98  -33  -38    0   12 -252   22  -27 -113   14    0  -11  -30   -9   -3   -5  -32  -13  -50   10    6  -40   -8  -16    4
 29 * Foxtrot            -2289  -389 -403  -75   51 -388   17 -200    7   15   17  -11  -54  -56   20    9 -411  -11   41  -29   10  -60  -40   -8   16  -13 -334   25   11    0    6  -19   -7   37  -20   11  -16  -19  -33    8    2  -12   16
 30 * Flat               -2520  -230  -56 -151 -112 -155  -46  -65 -125  -41 -111 -176 -144 -171   11   -3  -57  -41 -147 -122 -201  -51  -37 -164   35    1 -107    5   30   -6    0  -27   30   51  -24  -14 -189   39  212  231   32    0 -424
 31 * Add-react          -2884  -346 -319 -234 -143  -39 -112 -363  -62 -110 -163 -358  -89 -138  -85  -13  -47  -88 -136 -291   -7   58   28    0  -63   17  -94  100    9   19   27    0  -37   42   35    6  -53    3    5   -4  107    4   50
 32 * Text               -3211  -105  -83 -189 -121 -132 -173  -92 -105 -122 -149 -174 -181 -177  -14  -94 -137 -173 -186 -157  -55  -19  -35 -123  -23   81 -164   35    3    7  -30   37    0  -11   -7   -4   24  -20 -185  -74  -11 -185  112
 33 * Switch A Lot       -3419   -17 -113 -208 -224 -179  -88 -115 -132 -212 -170 -107 -185 -175 -130  -88 -121  -89 -135 -160 -300  -71  -94 -265   33  -21  -68  -19    5  -37  -51  -42   11    0  -23  -52 -109  -36   55  311   -2   12   -8
 34 Knucklehead          -3649  -557 -447 -416 -246 -492 -436 -464 -561 -445 -293 -281 -287 -350 -138  -63 -458 -155  -57 -294  -69 -171 -261  -16   11  -11 -238  -31   32   20   24  -35    7   23    0    5    8  -13  140  721  675  996  974
 35 Always Switchin'     -7477  -186 -258 -475 -488 -370 -499 -236 -263 -406 -436 -326 -275 -230 -225 -424 -232 -249 -375 -247 -510 -230 -250 -488  -43   18 -206   53   13  -11   14   -6    4   52   -5    0 -248    6   56  506  -24   16    6
 36 Peterbot             -8409  -912 -909 -882 -674 -1000 -1000 -930 -642 -544 -321 -1000 -921 -879 -536 -247 -130 -336 -132 -997  -63  -97  -31 -500  -13  -17 -133    6   50   16  189   53  -24  109   -8  248    0  401  437  963  997 1000 1000
 37 R-P-S 20-20-60       -9001  -352 -133 -413 -367 -405 -382 -308 -396 -353 -431 -339 -402 -432 -128 -247 -258 -387 -337 -396 -151 -166  -96 -370   10    4 -396   53  -10   19  -39   -3   20   36   13   -6 -401    0 -441 -194    9 -444   18
 38 Beat Frequent Pick  -14329  -898 -948 -941 -592 -575 -830 -600 -580 -753 -592 -588 -593 -594 -399 -558 -671 -525 -591 -594 -597 -449 -475 -999 -128  -30 -358  -14   -6   33 -212   -5  185  -55 -140  -56 -437  441    0 -600    0  999  996
 39 Beat The Last Move  -20141  -981 -983 -990 -995 -991 -968 -994 -801 -991 -986 -992 -996 -991 -946 -903 -450 -965 -996 -995 -499   36   22 -997    1  -22 -964   23   40   -8 -231    4   74 -311 -721 -506 -963  194  600    0    1 1000 1000
 40 Rotate R-P-S        -26180  -989 -996 -988 -991 -995 -991 -991 -993 -990 -990 -991 -996 -992 -967 -925 -997 -979 -993 -990 -998 -988 -994 -997  -21   11 -976   -9    8   -2  -32 -107   11    2 -675   24 -997   -9    0   -1    0    0 -686
 41 Good Ole Rock       -26263  -999 -999 -999 -998 -998 -995 -1000 -998 -995 -996 -994 -999 -1000 -973 -973 -1000 -985 -996 -995 -998 -994 -995 -999    0   11 -979  -47   16   12    0   -4  185  -12 -996  -16 -1000  444 -999 -1000    0    0 1000
 42 * Anti-Flat         -27750  -992 -994 -1000 -1000 -997 -996 -997 -981 -996 -997 -992 -992 -993 -984 -972 -998 -989 -997 -995 -991 -989 -997 -998  111    9 -987   12   -4  -16  424  -50 -112    8 -974   -6 -1000  -18 -996 -1000  686 -1000    0

 Match results (draw <= 50): 

    Player Name           total  W  L  D   1  2  3  4  5  6  7  8  9 10 11 12 13 14 15 16 17 18 19 20 21 22 23 24 25 26 27 28 29 30 31 32 33 34 35 36 37 38 39 40 41 42
  1 Iocaine Powder          70  30  1 10   1  2  1  2  2  2  0  1  2  2  1  1  2  1  2  1  2  2  1  2  1  2  2  2  1  2  2  2  2  2  2  2  2  2  2  2  1  2  2  2  2  2
  2 Phasenbott              69  29  1 11   0  1  1  1  2  1  2  1  1  2  2  1  2  1  1  2  1  2  2  1  2  2  2  2  1  2  2  2  2  2  2  2  2  2  2  2  2  2  2  2  2  2
  3 Simple Modeller         64  25  2 14   1  1  1  1  1  2  1  1  1  1  1  1  2  0  1  1  2  2  2  2  1  2  2  2  1  0  2  2  2  2  2  2  2  2  2  2  2  2  2  2  2  2
  4 MegaHAL                 63  23  1 17   0  1  1  1  2  1  1  1  1  1  1  1  2  1  1  1  1  2  1  1  1  2  2  2  1  2  2  2  2  2  2  2  2  2  2  2  2  2  2  2  2  2
  5 RussRocker4             60  22  3 16   0  0  1  0  1  1  1  1  1  1  1  1  2  1  1  1  1  2  1  1  1  2  2  2  1  2  2  2  2  2  2  2  2  2  2  2  2  2  2  2  2  2
  6 Biopic                  60  21  2 18   0  1  0  1  1  1  1  1  1  1  1  1  1  1  1  1  1  2  2  1  1  2  2  2  2  2  2  1  2  2  1  2  2  2  2  2  2  2  2  2  2  2
  7 Shofar                  60  20  1 20   2  0  1  1  1  1  1  1  1  1  2  1  1  1  1  1  2  1  2  2  1  2  2  1  1  1  2  2  1  2  1  1  2  2  2  2  2  2  2  2  2  2
  8 Bugbrain                60  19  0 22   1  1  1  1  1  1  1  1  1  1  1  1  1  1  1  1  1  2  2  2  1  2  2  2  1  1  2  1  2  2  2  1  2  2  1  2  2  2  2  2  2  2
  9 ACT-R Lag2              59  19  1 21   0  1  1  1  1  1  1  1  1  1  2  1  2  1  1  1  1  1  1  1  1  2  2  2  1  1  2  1  1  2  2  2  2  2  2  2  2  2  2  2  2  2
 10 Yomi AI                 58  19  2 20   0  0  1  1  1  1  1  1  1  1  1  1  1  1  1  1  1  2  1  2  1  2  2  2  1  2  2  1  1  2  1  2  2  2  2  2  2  2  2  2  2  2
 11 Robertot                56  18  3 20   1  0  1  1  1  1  0  1  0  1  1  1  1  1  1  1  1  1  1  2  1  2  2  2  1  1  2  2  1  2  2  1  2  2  2  2  2  2  2  2  2  2
 12 Boom                    56  15  0 26   1  1  1  1  1  1  1  1  1  1  1  1  1  1  1  1  1  2  1  1  1  1  1  1  1  1  2  1  2  2  2  1  2  2  2  2  2  2  2  2  2  2
 13 Simple Predictor        55  21  7 13   0  0  0  0  0  1  1  1  0  1  1  1  1  1  2  1  1  2  2  1  0  1  2  2  1  1  2  2  2  2  2  2  2  2  2  2  2  2  2  2  2  2
 14 Vroomfondel             54  14  1 26   1  1  2  1  1  1  1  1  1  1  1  1  1  1  1  1  1  1  1  1  1  1  1  2  1  2  2  1  1  2  0  2  2  2  1  1  2  2  2  2  2  2
 15 Piedra                  53  15  3 23   0  1  1  1  1  1  1  1  1  1  1  1  0  1  1  1  1  1  1  1  0  1  1  1  1  1  2  2  1  2  2  2  2  2  2  2  2  2  2  2  2  2
 16 Majikthise              51  11  1 29   1  0  1  1  1  1  1  1  1  1  1  1  1  1  1  1  1  1  1  1  1  1  2  2  1  1  2  1  1  1  1  1  2  2  1  1  2  2  2  2  2  2
 17 Sweet Rocky             50  14  5 22   0  1  0  1  1  1  0  1  1  1  1  1  1  1  1  1  1  1  1  1  1  1  0  0  1  1  2  1  1  2  2  2  2  2  2  2  2  2  2  2  2  2
 18 Marble                  49  18 10 13   0  0  0  0  0  0  1  0  1  0  1  0  0  1  1  1  1  1  2  1  1  1  1  2  1  2  2  2  1  2  2  2  2  2  2  2  2  2  2  2  2  2
 19 * Anti-rotn             48  14  7 20   1  0  0  1  1  0  0  0  1  1  1  1  0  1  1  1  1  0  1  1  1  1  1  2  1  1  2  1  1  2  1  2  2  2  2  2  2  2  2  2  2  2
 20 Mixed Strategy          47  13  7 21   0  1  0  1  1  1  0  0  1  0  0  1  1  1  1  1  1  1  1  1  0  1  1  2  1  1  1  1  1  2  2  1  2  2  2  2  2  2  2  2  2  2
 21 * De Bruijn             45   6  2 33   1  0  1  1  1  1  1  1  1  1  1  1  2  1  2  1  1  1  1  2  1  2  1  1  1  1  1  1  1  1  2  1  1  1  1  1  1  1  1  2  0  1
 22 Granite                 45  16 12 13   0  0  0  0  0  0  0  0  0  0  0  1  1  1  1  1  1  1  1  1  0  1  1  2  1  2  2  1  1  2  2  2  2  2  2  2  2  2  2  2  2  2
 23 ZQ Bot                  43  16 14 11   0  0  0  0  0  0  0  0  0  0  0  1  0  1  1  0  2  1  1  1  1  1  1  0  1  1  2  1  2  2  2  2  2  2  2  2  2  2  2  2  2  2
 24 Inocencio               42  18 17  6   0  0  0  0  0  0  1  0  0  0  0  1  0  0  1  0  2  0  0  0  1  0  2  1  1  2  2  2  1  2  2  2  2  2  2  2  2  2  2  2  2  2
 25 * Pi                    39   0  2 39   1  1  1  1  1  0  1  1  1  1  1  1  1  1  1  1  1  1  1  1  1  1  1  1  1  1  1  1  1  1  1  1  1  1  0  1  1  1  1  1  1  1
 26 * Foxtrot               32   1 10 30   0  0  2  0  0  0  1  1  1  0  1  1  1  0  1  1  1  0  1  1  1  0  1  0  1  1  1  1  1  1  1  1  1  1  1  1  1  1  1  1  1  1
 27 Multi-strategy          31  12 22  7   0  0  0  0  0  0  0  0  0  0  0  0  0  0  0  0  0  0  0  1  1  0  0  0  1  1  1  2  1  2  1  2  1  2  2  2  2  2  2  2  2  2
 28 * Copy-drift            29   0 12 29   0  0  0  0  0  1  0  1  1  1  0  1  0  1  0  1  1  0  1  1  1  1  1  0  1  1  0  1  1  1  1  1  1  1  1  1  1  1  1  1  1  1
 29 * Add-drift             28   0 13 28   0  0  0  0  0  0  1  0  1  1  1  0  0  1  1  1  1  1  1  1  1  1  0  1  1  1  1  1  1  1  0  1  1  0  1  1  1  1  0  1  1  1
 30 Peterbot                28  10 23  8   0  0  0  0  0  0  0  0  0  0  0  0  0  0  0  1  0  0  0  0  1  0  0  0  1  1  0  1  1  1  2  2  1  2  1  2  2  2  2  2  2  2
 31 * Add-react             25   3 19 19   0  0  0  0  0  1  1  0  0  1  0  0  0  2  0  1  0  0  1  0  0  0  0  0  1  1  1  1  2  0  1  1  1  1  1  1  1  1  1  1  1  2
 32 * Flat                  24   3 20 18   0  0  0  0  0  0  1  1  0  0  1  1  0  0  0  1  0  0  0  1  1  0  0  0  1  1  0  1  1  0  1  1  1  1  1  2  2  1  1  2  0  1
 33 Knucklehead             23   5 23 13   0  0  0  0  0  0  0  0  0  0  0  0  0  0  0  0  0  0  0  0  1  0  0  0  1  1  1  1  1  1  1  1  1  1  1  2  1  2  1  2  2  2
 34 Always Switchin'        20   4 25 12   0  0  0  0  0  0  0  0  0  0  0  0  0  0  0  0  0  0  0  0  1  0  0  0  1  1  0  1  2  0  1  1  1  1  1  2  2  1  1  2  1  1
 35 * Text                  19   2 24 15   0  0  0  0  0  0  0  1  0  0  0  0  0  1  0  1  0  0  0  0  1  0  0  0  2  1  0  1  1  1  1  1  1  1  1  0  1  0  1  0  2  1
 36 Beat The Last Move      19   5 27  9   0  0  0  0  0  0  0  0  0  0  0  0  0  1  0  1  0  0  0  0  1  0  0  0  1  1  0  1  1  0  1  0  0  0  2  1  0  2  2  2  2  1
 37 * Switch A Lot          17   2 26 13   1  0  0  0  0  0  0  0  0  0  0  0  0  0  0  0  0  0  0  0  1  0  0  0  1  1  0  1  1  0  1  0  1  0  1  2  1  1  1  2  1  1
 38 Good Ole Rock           16   3 28 10   0  0  0  0  0  0  0  0  0  0  0  0  0  0  0  0  0  0  0  0  1  0  0  0  1  1  0  1  1  0  1  1  0  1  2  0  1  1  2  0  2  1
 39 R-P-S 20-20-60          14   1 28 12   0  0  0  0  0  0  0  0  0  0  0  0  0  0  0  0  0  0  0  0  1  0  0  0  1  1  0  1  2  0  1  1  1  1  1  0  1  0  1  0  1  1
 40 Beat Frequent Pick      14   4 31  6   0  0  0  0  0  0  0  0  0  0  0  0  0  0  0  0  0  0  0  0  0  0  0  0  1  1  0  1  1  0  1  0  0  0  2  0  0  2  2  1  2  1
 41 * Anti-Flat             14   3 30  8   0  0  0  0  0  0  0  0  0  0  0  0  0  0  0  0  0  0  0  0  2  0  0  0  1  1  0  1  1  0  1  2  0  1  0  0  1  0  1  0  1  2
 42 Rotate R-P-S            13   0 28 13   0  0  0  0  0  0  0  0  0  0  0  0  0  0  0  0  0  0  0  0  1  0  0  0  1  1  0  1  1  0  0  1  0  1  1  1  1  1  1  1  0  1


   Yomi AI is match ranked 10

 Tournament results:
    Player Name          total 
  1 Yomi AI               6020 
 19 Iocaine Powder       11622 
 20 Phasenbott           10789 
 21 MegaHAL               9643 
 22 RussRocker4           8104 
 23 Biopic                8671 
 24 Simple Modeller       9337 
 25 Simple Predictor      7061 
 26 Robertot              8108 
 27 Boom                  7179 
 28 Shofar                6205 
 29 ACT-R Lag2            7784 
 32 Granite               6572 
 33 Marble                6544 
 35 Sweet Rocky           6810 
 41 Bugbrain              6283 

   Yomi is tournament ranked 16

