 Playing 1 tournaments with 1000 trials per match...

 Yomi AI            vs Good Ole Rock       Match: 1000 (1000+   0-   0=)
 Yomi AI            vs R-P-S 20-20-60      Match:  336 (555+ 219- 226=)
 Yomi AI            vs Rotate R-P-S        Match:  997 (998+   1-   1=)
 Yomi AI            vs Beat The Last Move  Match:  601 (740+ 139- 121=)
 Yomi AI            vs Always Switchin'    Match:  234 (517+ 283- 200=)
 Yomi AI            vs Beat Frequent Pick  Match:  657 (818+ 161-  21=)
 Yomi AI            vs * Pi                Match:  -34 (325+ 359- 316=)
 Yomi AI            vs * Switch A Lot      Match:  139 (413+ 274- 313=)
 Yomi AI            vs * Flat              Match:   57 (386+ 329- 285=)
 Yomi AI            vs * Anti-Flat         Match:  999 (999+   0-   1=)
 Yomi AI            vs * Foxtrot           Match:  412 (610+ 198- 192=)
 Yomi AI            vs * De Bruijn         Match:  -22 (324+ 346- 330=)
 Yomi AI            vs * Text              Match:  162 (438+ 276- 286=)
 Yomi AI            vs * Anti-rotn         Match:   -1 (346+ 347- 307=)
 Yomi AI            vs * Copy-drift        Match:  -21 (334+ 355- 311=)
 Yomi AI            vs * Add-react         Match:   85 (397+ 312- 291=)
 Yomi AI            vs * Add-drift         Match:   -9 (347+ 356- 297=)
 Yomi AI            vs Iocaine Powder      Match: -519 (112+ 631- 257=)
 Yomi AI            vs Phasenbott          Match: -586 ( 70+ 656- 274=)
 Yomi AI            vs MegaHAL             Match:    7 (359+ 352- 289=)
 Yomi AI            vs RussRocker4         Match:  -43 (352+ 395- 253=)
 Yomi AI            vs Biopic              Match:  -43 (396+ 439- 165=)
 Yomi AI            vs Simple Modeller     Match:  -12 (350+ 362- 288=)
 Yomi AI            vs Simple Predictor    Match:   25 (378+ 353- 269=)
 Yomi AI            vs Robertot            Match:   -3 (379+ 382- 239=)
 Yomi AI            vs Boom                Match:   -9 (347+ 356- 297=)
 Yomi AI            vs Shofar              Match:    7 (347+ 340- 313=)
 Yomi AI            vs ACT-R Lag2          Match:  -16 (339+ 355- 306=)
 Yomi AI            vs Majikthise          Match:  -12 (329+ 341- 330=)
 Yomi AI            vs Vroomfondel         Match:  -64 (305+ 369- 326=)
 Yomi AI            vs Granite             Match:   91 (461+ 370- 169=)
 Yomi AI            vs Marble              Match:   79 (438+ 359- 203=)
 Yomi AI            vs ZQ Bot              Match:  145 (483+ 338- 179=)
 Yomi AI            vs Sweet Rocky         Match:   70 (397+ 327- 276=)
 Yomi AI            vs Piedra              Match:   38 (396+ 358- 246=)
 Yomi AI            vs Mixed Strategy      Match:   59 (397+ 338- 265=)
 Yomi AI            vs Multi-strategy      Match:  257 (520+ 263- 217=)
 Yomi AI            vs Inocencio           Match:  780 (882+ 102-  16=)
 Yomi AI            vs Peterbot            Match:  382 (594+ 212- 194=)
 Yomi AI            vs Bugbrain            Match:  -14 (335+ 349- 316=)
 Yomi AI            vs Knucklehead         Match:  543 (704+ 161- 135=)
 Final results (draw value = 50):

 Tournament results: 

    Player Name          total     1    2    3    4    5    6    7    8    9   10   11   12   13   14   15   16   17   18   19   20   21   22   23   24   25   26   27   28   29   30   31   32   33   34   35   36   37   38   39   40   41   42
  1 Iocaine Powder       11618     0   63   77   29  540   27   44   20   54  176  519  289   24  218   39  -26   15  310   55   27   67   39  347   -2   23  450  152  214  341  304  187  571  132  -27  869  229  341  913  987  994  987 1000
  2 Phasenbott           10486   -63    0   41    8  509    9   24   29   44  127  586  256   61  225   10   39   34  268   50    4   68   12  203    5   36  211   30  125  425  341   85  427   73   66  875  257  115  913  976  995  991  996
  3 MegaHAL              10208   -77  -41    0   28   86   40  -61   30   23   70   -7  233   42  232   55   17   19  270   43  -40    2   -5  259  -21  -43  936  109  185   19  273  122  382  142  214  943  411  401  944  990  999  987  997
  4 Biopic                8606   -29   -8  -28    0  -52  103  -15    8   41   51   43  152   35  120   53  -11   36  116   26  -47   40   -9  252   13  -20  120   28   18  416   56  163  488  138  142  765  362  420  633  995  998  995  999
  5 RussRocker4           8351  -540 -509  -86   52    0   35    2   31   25   64   43  134   54  149   53    0   27  155   62    7   61  -34  301  -38   -3  795   99  138  151  353   45  483   83  154  952  216  262  588  994 1000  993 1000
  6 Robertot              8097   -27   -9  -40 -103  -35    0  -15   74   27   17    3   17   34   51   56    2   -8  133   42    9   67   11  225   -5    2   48   54   56   21   97    1  505  192  128  743  480  409  860  994  996  990  995
  7 Simple Modeller       8059   -44  -24   61   15   -2   15    0   21  -28  265   12   64   42   43   58  -57   33  277   66   -3   70   23  233  -85   -2   73  223  213  -19  101   88  200  112  254  306  445  434  592  994  999  996  995
  8 Boom                  7616   -20  -29  -30   -8  -31  -74  -21    0  -34  -14    9   44   49   95    6  -43  -24  -11   72  -17   98  -20  210   23   -1  475    4  129    7  100    7  375  128  156  490  440  347  753  991  996  990  999
  9 ACT-R Lag2            7548   -54  -44  -23  -41  -25  -27   28   34    0   89   16  110   37  135   28  -21    3   97   72  -10   94   48  387 -106  -26   42  -36  -40   39   66  146  517  120  157 1000  267  310  577  596  996  997  993
 10 Simple Predictor      7234  -176 -127  -70  -51  -64  -17 -265   14  -89    0  -25  -10   26    5   43  -14   28  167   55   -2   13  -52  191  -62  -21  613  296  283  -38  118   99  294  154  246  323  426  371  588  986  995  989  994
 11 Yomi AI               6754  -519 -586    7  -43  -43   -3  -12   -9  -16   25    0   91   38   79   70    7  -14  145   -1  -64   59  -12  257  -22  -34  780  -21   -9  412   85   57  543  162  139  382  234  336  657  601 1000  997  999
 12 Granite               6609  -289 -256 -233 -152 -134  -17  -64  -44 -110   10  -91    0   25  -54   57   -2 -100   24   42   -9   23  -10  268  -91  -47  644   60   39   54  114  214  338  181  138  858  250  397  593  989  999  995 1000
 13 Piedra                6591   -24  -61  -42  -35  -54  -34  -42  -49  -37  -26  -38  -25    0  -28   31  -46  -67  -33   66  -36  -59  -36   86  -16  -31  790   58   47   61  197  141  109  190  153  290  296  326  595  992  998  990  994
 14 Marble                6463  -218 -225 -232 -120 -149  -51  -43  -95 -135   -5  -79   54   28    0   -6  -73  -68   -6   59  -43   -1  -34  259 -117    2  638   65   25   92   84  185  266  177  118  922  209  396  594  996  999  995 1000
 15 Sweet Rocky           6237   -39  -10  -55  -53  -53  -56  -58   -6  -28  -43  -70  -57  -31    6    0  -56  -36  -46   47  -42  -40  -92  121  -17   29   -9   34   17   -1  396  103  147  150  128  808  244  336  591  992  995  994  997
 16 Shofar                6179    26  -39  -17   11    0   -2   57   43   21   14   -7    2   46   73   56    0  -29   79   54  -40   26  -28  130  -55   34   41   78   48   -5   56   25   76  171  130  103  422  243  557  881  968  946  984
 17 Bugbrain              5996   -15  -34  -19  -36  -27    8  -33   24   -3  -28   14  100   67   68   36   29    0  202   20  -18  104    9   52  -41   17  116   82   81  -15   84   26   95   34  123  266  239  175  392  927  977  918  980
 18 ZQ Bot                5361  -310 -268 -270 -116 -155 -133 -277   11  -97 -167 -145  -24   33    6   46  -79 -202    0   49  -46   38  -48  231  -36    6   14   98   31   20  204  176  290  161  180  906  256  408  592  996 1000  993  989
 19 * Anti-rotn           5055   -55  -50  -43  -26  -62  -42  -66  -72  -72  -55    1  -42  -66  -59  -47  -54  -20  -49    0   25  -39    9  225  -76  -56  532   -7  -42    1    3  218   32   53  337   43  498  106  596  491  998  999  988
 20 Vroomfondel           5011   -27   -4   40   47   -7   -9    3   17   10    2   64    9   36   43   42   40   18   46  -25    0   56  -16  200  -15   24   89  -27   34   42  -30   98  201   41   76    6  295  166  461   -6  991  987  993
 21 Mixed Strategy        4685   -67  -68   -2  -40  -61  -67  -70  -98  -94  -13  -59  -23   59    1   40  -26 -104  -38   39  -56    0   34   61 -108  -46  -38   51  -29    6   38   35  134  174   -3  314   44  396  474  964  995  953  983
 22 Majikthise            4602   -39  -12    5    9   34  -11  -23   20  -48   52   12   10   36   34   92   28   -9   48   -9   16  -34    0  175  -34  -16  109   24   -4  -11  -15   95  153   -4  129    6  247  103  451    3  996  993  991
 23 Multi-strategy        1841  -347 -203 -259 -252 -301 -225 -233 -210 -387 -191 -257 -268  -86 -259 -121 -130  -52 -231 -225 -200  -61 -175    0  -50  -20 -102  231   13    7   17  184   51  123  258  -24  474  362  999  997  999  997  998
 24 * De Bruijn           1043     2   -5   21  -13   38    5   85  -23  106   62   22   91   16  117   17   55   41   36   76   15  108   34   50    0   -1   32   -5   30   10  -32   46   12   23  -61  -18   -5   14  128   -1    0   21 -106
 25 * Pi                    74   -23  -36   43   20    3   -2    2    1   26   21   34   47   31   -2  -29  -34  -17   -6   56  -24   46   16   20    1    0   24    2  -27    2   -2   -6   -2  -81   -1   30  -76   -1   30   22  -11  -11  -12
 26 Inocencio            -1251  -450 -211 -936 -120 -795  -48  -73 -475  -42 -613 -780 -644 -790 -638    9  -41 -116  -14 -532  -89   38 -109  102  -32  -24    0  145   -2  335   80  177  198  155  103   94  216  430  359  939  979  979  985
 27 * Copy-drift         -1632  -152  -30 -109  -28  -99  -54 -223   -4   36 -296   21  -60  -58  -65  -34  -78  -82  -98    7   27  -51  -24 -231    5   -2 -145    0   17   21   -4    6  -22   46   17   13   63  -12  -12   22    8    6   26
 28 * Add-drift          -1667  -214 -125 -185  -18 -138  -56 -213 -129   40 -283    9  -39  -47  -25  -17  -48  -81  -31   42  -34   29    4  -13  -30   27    2  -17    0   -4  -61   31   -2   29    7  -21    5   -1  -13  -16  -13  -46   28
 29 * Foxtrot            -2506  -341 -425  -19 -416 -151  -21   19   -7  -39   38 -412  -54  -61  -92    1    5   15  -20   -1  -42   -6   11   -7  -10   -2 -335  -21    4    0  -41   44  -27   18   37  -32   19  -48   -1   -8  -28   -5  -45
 30 * Add-react          -2903  -304 -341 -273  -56 -353  -97 -101 -100  -66 -118  -85 -114 -197  -84 -396  -56  -84 -204   -3   30  -38   15  -17   32    2  -80    4   61   41    0   33   22   -5   62  -56  -43   -3   13   -2  -10  -44  112
 31 * Flat               -2964  -187  -85 -122 -163  -45   -1  -88   -7 -146  -99  -57 -214 -141 -185 -103  -25  -26 -176 -218  -98  -35  -95 -184  -46    6 -177   -6  -31  -44  -33    0    7    6   61 -205    6   16  212  207   -1    0 -442
 32 Knucklehead          -3266  -571 -427 -382 -488 -483 -505 -200 -375 -517 -294 -543 -338 -109 -266 -147  -76  -95 -290  -32 -201 -134 -153  -51  -12    2 -198   22    2   27  -22   -7    0   -5   36  -25  -22  -30  128  883  736  896 1000
 33 * Text               -3374  -132  -73 -142 -138  -83 -192 -112 -128 -120 -154 -162 -181 -190 -177 -150 -171  -34 -161  -53  -41 -174    4 -123  -23   81 -155  -46  -29  -18    5   -6    5    0   40   25  -41   19 -185  -74 -185  -11  111
 34 * Switch A Lot       -3610    27  -66 -214 -142 -154 -128 -254 -156 -157 -246 -139 -138 -153 -118 -128 -130 -123 -180 -337  -76    3 -129 -258   61    1 -103  -17   -7  -37  -62  -61  -36  -40    0 -132  -76  -14    6  301   16   18  -32
 35 Peterbot             -6786  -869 -875 -943 -765 -952 -743 -306 -490 -1000 -323 -382 -858 -290 -922 -808 -103 -266 -906  -43   -6 -314   -6   24   18  -30  -94  -13   21   32   56  205   25  -25  132    0  233  402  433  981  999  999  986
 36 Always Switchin'     -6964  -229 -257 -411 -362 -216 -480 -445 -440 -267 -426 -234 -250 -296 -209 -244 -422 -239 -256 -498 -295  -44 -247 -474    5   76 -216  -63   -5  -19   43   -6   22   41   76 -233    0   -5   -6  534  -18   63  -12
 37 R-P-S 20-20-60       -8843  -341 -115 -401 -420 -262 -409 -434 -347 -310 -371 -336 -397 -326 -396 -336 -243 -175 -408 -106 -166 -396 -103 -362  -14    1 -430   12    1   48    3  -16   30  -19   14 -402    5    0 -416 -198 -413   -1  112
 38 Beat Frequent Pick  -14194  -913 -913 -944 -633 -588 -860 -592 -753 -577 -588 -657 -593 -595 -594 -591 -557 -392 -592 -596 -461 -474 -451 -999 -128  -30 -359   12   13    1  -13 -212 -128  185   -6 -433    6  416    0 -600  999    0  996
 39 Beat The Last Move  -20319  -987 -976 -990 -995 -994 -994 -994 -991 -596 -986 -601 -989 -992 -996 -992 -881 -927 -996 -491    6 -964   -3 -997    1  -22 -939  -22   16    8    2 -207 -883   74 -301 -981 -534  198  600    0 1000    1  996
 40 Good Ole Rock       -25941  -994 -995 -999 -998 -1000 -996 -999 -996 -996 -995 -1000 -999 -998 -999 -995 -968 -977 -1000 -998 -991 -995 -996 -999    0   11 -979   -8   13   28   10    1 -736  185  -16 -999   18  413 -999 -1000    0    0 1000
 41 Rotate R-P-S        -26214  -987 -991 -987 -995 -993 -990 -996 -990 -997 -989 -997 -995 -990 -995 -994 -946 -918 -993 -999 -987 -953 -993 -997  -21   11 -979   -6   46    5   44    0 -896   11  -18 -999  -63    1    0   -1    0    0 -677
 42 * Anti-Flat         -27890  -1000 -996 -997 -999 -1000 -995 -995 -999 -993 -994 -999 -1000 -994 -1000 -997 -984 -980 -989 -988 -993 -983 -991 -998  106   12 -985  -26  -28   45 -112  442 -1000 -111   32 -986   12 -112 -996 -996 -1000  677    0

 Match results (draw <= 50): 

    Player Name           total  W  L  D   1  2  3  4  5  6  7  8  9 10 11 12 13 14 15 16 17 18 19 20 21 22 23 24 25 26 27 28 29 30 31 32 33 34 35 36 37 38 39 40 41 42
  1 Iocaine Powder          69  28  0 13   1  2  2  1  2  1  1  1  2  1  2  1  1  1  1  2  2  2  1  1  2  2  2  2  1  2  2  2  2  2  2  2  2  2  2  2  1  2  2  2  2  2
  2 Phasenbott              65  25  1 15   0  1  2  1  1  1  1  1  2  1  1  1  2  1  1  2  2  2  1  1  2  1  2  2  1  2  2  2  2  1  2  2  2  2  2  2  2  2  2  2  2  2
  3 RussRocker4             64  26  3 12   0  0  1  1  0  2  1  1  1  1  1  1  2  1  1  2  2  2  1  2  2  2  2  2  1  2  2  2  2  2  2  1  2  2  2  2  2  2  2  2  2  2
  4 Simple Modeller         63  24  2 15   1  1  1  1  2  1  1  1  1  0  1  1  1  1  1  2  2  1  0  2  2  2  2  2  1  1  2  2  2  2  2  2  2  2  2  2  2  2  2  2  2  2
  5 MegaHAL                 62  23  2 16   0  1  2  0  1  1  1  1  1  1  1  1  1  1  1  2  2  2  1  2  2  1  1  2  1  1  2  2  2  2  2  2  2  2  2  2  2  2  2  2  2  2
  6 Biopic                  62  22  1 18   1  1  0  1  1  1  1  2  1  1  1  1  1  1  1  2  2  2  1  2  2  1  1  2  1  2  1  2  2  1  2  2  2  2  2  2  2  2  2  2  2  2
  7 Bugbrain                61  20  0 21   1  1  1  1  1  1  1  1  1  1  1  1  2  1  1  1  2  2  1  1  2  1  2  2  1  1  2  2  2  2  2  1  2  2  2  1  2  2  2  2  2  2
  8 Robertot                60  20  1 20   1  1  1  1  1  0  1  1  1  1  1  2  1  1  1  1  1  2  1  2  2  1  2  1  1  1  2  2  2  2  2  1  2  2  2  2  2  2  2  2  2  2
  9 Yomi AI                 59  21  3 17   0  0  1  1  1  1  1  1  1  1  1  1  1  1  0  1  2  2  1  2  2  1  2  2  1  2  1  2  2  1  2  2  2  2  2  2  2  2  2  2  2  2
 10 Shofar                  59  19  1 21   1  1  1  2  1  1  1  1  1  1  1  1  1  1  1  1  1  2  0  2  2  2  1  1  1  1  1  2  2  2  2  1  2  2  2  2  2  2  2  2  2  2
 11 ACT-R Lag2              59  20  2 19   0  1  1  1  1  1  1  1  1  1  1  1  1  1  1  2  2  2  0  1  2  2  2  1  1  1  1  2  2  1  2  2  2  2  2  2  2  2  2  2  2  2
 12 Boom                    58  18  1 22   1  1  1  1  1  1  1  0  1  1  1  1  1  1  1  1  1  2  1  1  1  2  2  2  1  1  2  2  2  1  2  1  2  2  2  2  2  2  2  2  2  2
 13 Piedra                  55  18  4 19   1  0  0  1  1  1  0  1  1  1  1  1  1  1  1  1  1  1  1  1  1  2  0  2  1  2  1  2  2  2  2  2  2  2  2  2  2  2  2  2  2  2
 14 Majikthise              54  13  0 28   1  1  1  1  1  1  1  1  1  1  1  1  1  1  1  2  1  1  1  2  1  1  1  2  1  1  1  1  2  1  1  2  2  2  1  1  2  2  2  2  2  2
 15 Vroomfondel             54  13  0 28   1  1  1  1  1  1  1  1  2  1  1  1  1  1  1  1  1  1  1  1  1  1  2  2  1  1  1  1  2  1  1  2  2  2  1  1  2  2  2  2  2  2
 16 Simple Predictor        51  19  9 13   0  0  0  0  0  0  1  1  1  1  0  1  1  0  1  1  1  1  0  1  2  2  1  2  1  1  2  2  2  2  2  2  2  2  2  2  2  2  2  2  2  2
 17 Granite                 48  18 11 12   0  0  0  0  0  0  0  1  0  1  0  1  1  1  1  1  1  0  0  2  1  1  1  2  1  2  1  2  2  2  2  2  2  2  2  2  2  2  2  2  2  2
 18 Marble                  48  19 12 10   0  0  0  1  0  0  0  0  0  0  0  0  1  1  1  1  2  1  0  1  1  2  1  2  1  2  1  2  2  2  2  2  2  2  2  2  2  2  2  2  2  2
 19 * De Bruijn             48   9  2 30   1  1  1  2  1  1  1  1  1  2  2  1  1  1  1  2  2  2  1  1  1  2  2  1  1  1  1  1  1  1  1  1  1  1  1  1  0  2  1  1  1  0
 20 Sweet Rocky             46  14  9 18   1  1  0  0  0  0  1  0  0  0  1  1  1  0  1  1  0  1  1  1  1  1  1  1  1  1  1  2  2  1  2  2  2  2  2  2  2  2  2  2  2  2
 21 ZQ Bot                  44  15 12 14   0  0  0  0  0  0  0  0  0  0  0  1  1  1  1  0  1  1  1  1  1  1  1  1  1  1  1  2  2  2  2  2  2  2  2  2  2  2  2  2  2  2
 22 * Anti-rotn             42  12 11 18   0  1  0  0  1  1  1  1  1  0  0  0  0  1  1  0  1  0  0  1  1  1  1  2  0  1  1  1  2  1  1  2  1  2  2  2  2  2  2  2  2  2
 23 Mixed Strategy          42  12 11 18   0  0  0  0  1  1  0  0  0  1  0  0  2  1  0  1  1  1  0  1  1  1  1  1  1  1  1  2  2  2  1  1  2  1  2  2  1  2  2  2  2  2
 24 Inocencio               41  16 16  9   0  0  0  0  0  0  0  1  0  1  1  0  0  0  0  0  0  0  1  1  1  0  1  1  1  2  1  2  2  2  2  2  2  2  2  2  2  2  2  2  2  2
 25 * Pi                    40   1  2 38   1  1  1  1  1  1  1  1  1  1  1  1  1  1  1  1  1  1  1  1  1  2  1  1  1  1  1  1  1  1  1  1  1  0  1  0  1  1  1  1  1  1
 26 * Foxtrot               32   0  9 32   0  0  0  1  1  0  1  1  0  1  1  1  0  1  1  1  0  0  1  1  1  1  1  0  1  1  1  1  1  1  1  1  1  1  1  1  1  1  1  1  1  1
 27 * Add-drift             31   0 10 31   0  0  0  0  0  1  0  0  1  1  1  0  1  1  1  0  1  1  1  1  1  1  1  1  1  1  1  1  1  1  0  1  1  1  1  1  1  1  1  1  1  1
 28 Peterbot                31  10 20 11   0  0  0  0  0  0  0  0  0  0  0  0  0  1  1  0  0  0  1  0  0  1  0  0  1  1  1  1  1  1  2  2  1  2  2  1  2  2  2  2  2  2
 29 Multi-strategy          30  12 23  6   0  0  0  0  0  0  0  0  0  0  0  0  0  0  0  0  0  0  1  0  0  0  0  0  1  1  1  1  1  2  1  2  2  2  2  2  2  2  2  2  2  2
 30 * Copy-drift            27   1 15 25   0  1  0  0  0  1  0  0  1  0  1  1  0  1  1  0  0  0  1  1  0  1  0  0  1  1  1  1  0  1  1  1  1  2  1  1  1  1  1  1  1  1
 31 * Add-react             24   3 20 18   0  0  0  0  0  0  0  0  0  0  0  0  0  1  1  0  0  0  1  0  0  1  1  0  1  1  2  0  1  1  1  1  1  1  1  1  2  1  1  1  1  2
 32 * Flat                  24   3 20 18   0  0  1  0  0  0  1  1  0  1  0  1  0  0  0  0  0  0  1  0  0  0  1  0  1  1  1  0  0  1  1  1  1  1  2  1  2  2  1  1  1  0
 33 Knucklehead             23   5 23 13   0  0  0  0  0  0  0  0  0  0  0  0  0  0  0  0  0  0  1  0  0  1  0  0  1  1  1  1  0  1  1  1  1  1  2  1  1  2  2  1  2  2
 34 Always Switchin'        20   4 25 12   0  0  0  0  0  0  0  0  0  0  0  0  0  0  0  0  0  0  1  0  0  0  1  0  2  1  1  0  0  0  1  1  1  1  2  1  2  1  1  1  2  1
 35 Beat The Last Move      19   5 27  9   0  0  0  0  0  0  0  0  0  0  0  0  0  1  1  0  0  0  1  0  0  0  0  0  1  1  1  0  0  1  1  0  0  0  1  2  0  2  2  2  1  2
 36 * Text                  19   2 24 15   0  0  0  0  0  0  1  0  0  0  0  0  0  1  1  0  0  0  1  0  0  0  0  0  2  1  1  1  0  1  1  1  1  1  0  1  1  0  0  1  1  2
 37 * Switch A Lot          17   2 26 13   1  0  0  0  0  0  0  0  0  0  0  0  0  0  0  0  0  0  2  0  0  0  1  0  1  1  1  0  0  1  0  0  1  0  2  1  1  1  1  1  1  1
 38 Beat Frequent Pick      16   4 29  8   0  0  0  0  0  0  0  0  0  0  0  0  0  0  0  0  0  0  0  0  0  0  0  0  1  1  1  0  0  1  1  0  0  1  0  2  1  1  2  2  1  2
 39 Good Ole Rock           16   3 28 10   0  0  0  0  0  0  0  0  0  0  0  0  0  0  0  0  0  0  1  0  0  0  0  0  1  1  1  0  0  1  1  1  0  1  0  2  1  0  1  2  1  2
 40 R-P-S 20-20-60          14   1 28 12   0  0  0  0  0  0  0  0  0  0  0  0  0  0  0  0  0  0  1  0  0  0  0  0  1  1  1  0  0  1  1  1  1  1  0  1  1  0  0  1  1  2
 41 Rotate R-P-S            13   0 28 13   0  0  0  0  0  0  0  0  0  0  0  0  0  0  0  0  0  0  1  0  0  0  0  0  1  1  1  0  0  1  1  1  0  0  1  1  1  1  1  1  1  0
 42 * Anti-Flat             12   3 32  6   0  0  0  0  0  0  0  0  0  0  0  0  0  0  0  0  0  0  2  0  0  0  0  0  1  1  1  0  0  1  0  2  0  1  0  0  1  0  0  0  2  1


   Yomi AI is match ranked 9

 Tournament results:
    Player Name          total 
  1 Yomi AI               6754 
 19 Iocaine Powder       11618 
 20 Phasenbott           10486 
 21 MegaHAL              10208 
 22 RussRocker4           8351 
 23 Biopic                8606 
 24 Simple Modeller       8059 
 25 Simple Predictor      7234 
 26 Robertot              8097 
 27 Boom                  7616 
 29 ACT-R Lag2            7548 

   Yomi is tournament ranked 11

