 Playing 1 tournaments with 1000 trials per match...

 Yomi AI            vs Good Ole Rock       Match: 1000 (1000+   0-   0=)
 Yomi AI            vs R-P-S 20-20-60      Match:  244 (494+ 250- 256=)
 Yomi AI            vs Rotate R-P-S        Match:  997 (998+   1-   1=)
 Yomi AI            vs Beat The Last Move  Match:  288 (540+ 252- 208=)
 Yomi AI            vs Always Switchin'    Match:  256 (500+ 244- 256=)
 Yomi AI            vs Beat Frequent Pick  Match:  638 (781+ 143-  76=)
 Yomi AI            vs * Pi                Match:   -5 (346+ 351- 303=)
 Yomi AI            vs * Switch A Lot      Match:  140 (405+ 265- 330=)
 Yomi AI            vs * Flat              Match:   52 (382+ 330- 288=)
 Yomi AI            vs * Anti-Flat         Match:  998 (999+   1-   0=)
 Yomi AI            vs * Foxtrot           Match:  427 (614+ 187- 199=)
 Yomi AI            vs * De Bruijn         Match:  -54 (309+ 363- 328=)
 Yomi AI            vs * Text              Match:  136 (428+ 292- 280=)
 Yomi AI            vs * Anti-rotn         Match:   14 (349+ 335- 316=)
 Yomi AI            vs * Copy-drift        Match:  -60 (304+ 364- 332=)
 Yomi AI            vs * Add-react         Match:   43 (368+ 325- 307=)
 Yomi AI            vs * Add-drift         Match:   16 (339+ 323- 338=)
 Yomi AI            vs Iocaine Powder      Match: -815 (  5+ 820- 175=)
 Yomi AI            vs Phasenbott          Match: -764 ( 14+ 778- 208=)
 Yomi AI            vs MegaHAL             Match:  -37 (359+ 396- 245=)
 Yomi AI            vs RussRocker4         Match:   17 (376+ 359- 265=)
 Yomi AI            vs Biopic              Match:  -21 (366+ 387- 247=)
 Yomi AI            vs Simple Modeller     Match:    1 (354+ 353- 293=)
 Yomi AI            vs Simple Predictor    Match:   56 (397+ 341- 262=)
 Yomi AI            vs Robertot            Match:   39 (377+ 338- 285=)
 Yomi AI            vs Boom                Match:   34 (352+ 318- 330=)
 Yomi AI            vs Shofar              Match:  -10 (335+ 345- 320=)
 Yomi AI            vs ACT-R Lag2          Match:   11 (347+ 336- 317=)
 Yomi AI            vs Majikthise          Match:    1 (343+ 342- 315=)
 Yomi AI            vs Vroomfondel         Match:  -29 (333+ 362- 305=)
 Yomi AI            vs Granite             Match:   89 (436+ 347- 217=)
 Yomi AI            vs Marble              Match:  122 (479+ 357- 164=)
 Yomi AI            vs ZQ Bot              Match:  122 (462+ 340- 198=)
 Yomi AI            vs Sweet Rocky         Match:   37 (384+ 347- 269=)
 Yomi AI            vs Piedra              Match:   65 (395+ 330- 275=)
 Yomi AI            vs Mixed Strategy      Match:   11 (348+ 337- 315=)
 Yomi AI            vs Multi-strategy      Match:  158 (441+ 283- 276=)
 Yomi AI            vs Inocencio           Match:  130 (469+ 339- 192=)
 Yomi AI            vs Peterbot            Match:  141 (425+ 284- 291=)
 Yomi AI            vs Bugbrain            Match:   26 (357+ 331- 312=)
 Yomi AI            vs Knucklehead         Match:  490 (675+ 185- 140=)
 Final results (draw value = 50):

 Tournament results: 

    Player Name          total     1    2    3    4    5    6    7    8    9   10   11   12   13   14   15   16   17   18   19   20   21   22   23   24   25   26   27   28   29   30   31   32   33   34   35   36   37   38   39   40   41   42
  1 Iocaine Powder       11828     0  171   36   19   71  548  221    8  -13   61   69   49  264  254  -37   -4   55  301  815   35   27  117  275   35   10  217  144  153  365  286  218  578  132   28  229  862  331  937  991  987  994  989
  2 Phasenbott           10774  -171    0   83   46   41  523  121   64   66   51   16   55  252  207    1   26   50  266  764    7   24   28  271   47  -14  199   60   65  358  343   97  411   73  102  266  915  176  927  991  989  994  984
  3 MegaHAL               9522   -36  -83    0  -33    0   64   38   43   45   24   66   34  255  278   -8  -17   43  262   37   19  -36   30  177   35  -22  203   85  203  116  275   54  384  142  180  451  903  396  944  990  986  999  996
  4 Simple Modeller       8892   -19  -46   33    0  -24  -39  273   52   76   43   42   21   65  107    9   13   66  280   -1  -42    1   47  181  -33  -58  109  209  210   31  111  122  298  112  234  481  945  413  593  989  996  997  995
  5 Biopic                8839   -71  -41    0   24    0    8   56   17   27   -6   37   68  118  130   19   -9   26   97   21    1   -9   63  280  -26   34  140   57   17  402   89  148  485  138  107  358  791  399  863  992  997  999  993
  6 RussRocker4           7817  -548 -523  -64   39   -8    0  103   43   65   31   38  -19  179  142   29   -5   62  168  -17  -27  -10  138  339  -23  -11  163  124  127  155  333   67  516   83  115  203  936  295  593  993  993 1000 1000
  7 Simple Predictor      7706  -221 -121  -38 -273  -56 -103    0  -42   46    2   28  -28   51    1   -8   33   55  183  -56  -29  -43   87  179  -62  -21  559  285  239   31   93   63  293  154  180  435  859  401  588  986  990  993  993
  8 Robertot              7399    -8  -64  -43  -52  -17  -43   42    0   50   48   32  -16  113   61    9  -17   42   57  -39   23  -30   56  283  -11  -51   20   43   56   -8   98   40  435  192  144  513  408  349  883  813  995  998  995
  9 Piedra                7054    13  -66  -45  -76  -27  -65  -46  -50    0  -45   47  -35  -20  -19  -54  -27   48  -27  -65  -56   -1  -42   71  -46  -48  665   34   75   54   74  168  109  190  134  300 1000  347  596  994  997  999  999
 10 Boom                  6967   -61  -51  -24  -43    6  -31   -2  -48   45    0   18  -39   11   32    1  -23   72   43  -34  -26  -27   38  214  -16  -11   44   20   14   19   82  135  411  128  159  423  340  417  753  991  990  997 1000
 11 Sweet Rocky           6654   -69  -16  -66  -42  -37  -38  -28  -32  -47  -18    0  -38  -22    5  -39  -37   54  -37  -37  -75   -2   20   84    9   -2  -15   44  -20   24  253  133  195  150  189  332  957  353  594  990  990  995 1000
 12 ACT-R Lag2            6571   -49  -55  -34  -21  -68   19   28   16   35   39   38    0  112  130   -9   18   -3  108  -11    0  -14   32  260  -50  -15  731   23   -1  -18   12   93  498  120  157  243  237  421  567   -4  993  995  998
 13 Granite               6549  -264 -252 -255  -65 -118 -179  -51 -113   20  -11   22 -112    0  -15  -31  -49   54  -12  -89  -29  -23   14  355  -84  -19  655   37   42   38   75  188  326  181  130  236  983  395  594  989  993  998  995
 14 Marble                6311  -254 -207 -278 -107 -130 -142   -1  -61   19  -32   -5 -130   15    0  -83  -57   62   16 -122  -10   -5    9  248  -93  -40  651   53   42   30   92  172  295  177  103  225  856  432  591  991  995  999  995
 15 Bugbrain              6043    37   -1    8   -9  -19  -29    8   -9   54   -1   39    9   31   83    0    0   49  191  -26  -27   34   41  164  -11   30   54   17   60   -6   84   77  142   34  132  221  171  152  381  983  955  977  963
 16 Shofar                5958     4  -26   17  -13    9    5  -33   17   27   23   37  -18   49   57    0    0   29   66   10  -12  -62   37  139  -39  -13   39   93    6    6   33    9   49  138  152  431  105  260  553  900  930  964  980
 17 * Anti-rotn           5491   -55  -50  -43  -66  -26  -62  -55  -42  -48  -72  -54    3  -54  -62  -49  -29    0  -65  -14    2    7   28  255  -51  -43  660   -7  -42  -15    3  253   76   53  341  514   48  160  598  500  998  999  997
 18 ZQ Bot                5483  -301 -266 -262 -280  -97 -168 -183  -57   27  -43   37 -108   12  -16 -191  -66   65    0 -122  -43  -21  -20  186  -45  -25  320   30   64   17  269  110  295  161  154  222  900  359  591  992  996  996  994
 19 Yomi AI               5004  -815 -764  -37    1  -21   17   56   39   65   34   37   11   89  122   26  -10   14  122    0  -29    1   11  158  -54   -5  130  -60   16  427   43   52  490  136  140  256  141  244  638  288  997 1000  998
 20 Vroomfondel           4880   -35   -7  -19   42   -1   27   29  -23   56   26   75    0   29   10   27   12   -2   43   29    0  -43   77  141    7    3   95    6   53    7    6   87  193   41  110  233  -11  153  448  -23  991  995  993
 21 Majikthise            4791   -27  -24   36   -1    9   10   43   30    1   27    2   14   23    5  -34   62   -7   21   -1   43    0   34  179  -29  -28   71   -8    2   68  -13   88  214   -4   89  229  146  127  445  -16  989  991  985
 22 Mixed Strategy        4656  -117  -28  -30  -47  -63 -138  -87  -56   42  -38  -20  -32  -14   -9  -41  -37  -28   20  -11  -77  -34    0  -45  -56    0  -36  -11   30    9   16  -79  230  174   81   89  358  395  547  978  859  983  979
 23 Multi-strategy        2586  -275 -271 -177 -181 -280 -339 -179 -283  -71 -214  -84 -260 -355 -248 -164 -139 -255 -186 -158 -141 -179   45    0  -50  -20  -96  253   18  -22   37  147  -39  123  273  470  500  397  999  997  997  999  997
 24 * De Bruijn            840   -35  -47  -35   33   26   23   62   11   46   16   -9   50   84   93   11   39   51   45   54   -7   29   56   50    0   -1   49    0  -19   -1   -2   18   43   23   34  -24    3   30  128   -1   21    0 -107
 25 * Pi                   373   -10   14   22   58  -34   11   21   51   48   11    2   15   19   40  -30   13   43   25    5   -3   28    0   20    1    0   27   29    9  -14  -14   -7    5  -81    2   15   22  -10   30   22  -11  -11  -10
 26 Inocencio              269  -217 -199 -203 -109 -140 -163 -559  -20 -665  -44   15 -731 -655 -651  -54  -39 -660 -320 -130  -95  -71   36   96  -49  -27    0   95   11  267   91  109  216  155  102  243  130  353  355  868  980  975  973
 27 * Copy-drift         -1619  -144  -60  -85 -209  -57 -124 -285  -43  -34  -20  -44  -23  -37  -53  -17  -93    7  -30   60   -6    8   11 -253    0  -29  -95    0  -13   55  -11  -29  -36   46   26   -1   -2   -1  -10  -27  -12   15   36
 28 * Add-drift          -1694  -153  -65 -203 -210  -17 -127 -239  -56  -75  -14   20    1  -42  -42  -60   -6   42  -64  -16  -53   -2  -30  -18   19   -9  -11   13    0    9 -118   -3  -29   29   17  -35  -12  -67   -6   -8  -64   25  -15
 29 * Foxtrot            -2596  -365 -358 -116  -31 -402 -155  -31    8  -54  -19  -24   18  -38  -30    6   -6   15  -17 -427   -7  -68   -9   22    1   14 -267  -55   -9    0  -14   48  -49  -13  -21   -7  -39  -30   -1   23  -46   -8  -35
 30 * Add-react          -2633  -286 -343 -275 -111  -89 -333  -93  -98  -74  -82 -253  -12  -75  -92  -84  -33   -3 -269  -43   -6   13  -16  -37    2   14  -91   11  118   14    0    7  -57   -5   32    3  -43   12    2  -32   73   -9   10
 31 * Flat               -2765  -218  -97  -54 -122 -148  -67  -63  -40 -168 -135 -133  -93 -188 -172  -77   -9 -253 -110  -52  -87  -88   79 -147  -18    7 -109   29    3  -48   -7    0  -34   14  -28   17 -188  -17  210  250   13    1 -418
 32 Knucklehead          -3048  -578 -411 -384 -298 -485 -516 -293 -435 -109 -411 -195 -498 -326 -295 -142  -49  -76 -295 -490 -193 -214 -230   39  -43   -5 -216   36   29   49   57   34    0   -5   19    2  -87   41   88  944  941  983  969
 33 * Text               -3308  -132  -73 -142 -112 -138  -83 -154 -192 -190 -128 -150 -120 -181 -177  -34 -138  -53 -161 -136  -41    4 -174 -123  -23   81 -155  -46  -29   13    5  -14    5    0   49  -40   25   -9 -185  -74  -11 -185  113
 34 * Switch A Lot       -3492   -28 -102 -180 -234 -107 -115 -180 -144 -134 -159 -189 -157 -130 -103 -132 -152 -341 -154 -140 -110  -89  -81 -273  -34   -2 -102  -26  -17   21  -32   28  -19  -49    0  -43 -119    6   30  292   39    5  -36
 35 Always Switchin'     -7302  -229 -266 -451 -481 -358 -203 -435 -513 -300 -423 -332 -243 -236 -225 -221 -431 -514 -222 -256 -233 -229  -89 -470   24  -15 -243    1   35    7   -3  -17   -2   40   43    0 -262   24    3  492  -24    0  -45
 36 Peterbot             -7993  -862 -915 -903 -945 -791 -936 -859 -408 -1000 -340 -957 -237 -983 -856 -171 -105  -48 -900 -141   11 -146 -358 -500   -3  -22 -130    2   12   39   43  188   87  -25  119  262    0  403  436  963  998  999  986
 37 R-P-S 20-20-60       -9165  -331 -176 -396 -413 -399 -295 -401 -349 -347 -417 -353 -421 -395 -432 -152 -260 -160 -359 -244 -153 -127 -395 -397  -30   10 -353    1   67   30  -12   17  -41    9   -6  -24 -403    0 -445 -182  -13 -441   23
 38 Beat Frequent Pick  -14463  -937 -927 -944 -593 -863 -593 -588 -883 -596 -753 -594 -567 -594 -591 -381 -553 -598 -591 -638 -448 -445 -547 -999 -128  -30 -355   10    6    1   -2 -210  -88  185  -30   -3 -436  445    0 -600    0  999  996
 39 Beat The Last Move  -19228  -991 -991 -990 -989 -992 -993 -986 -813 -994 -991 -990    4 -989 -991 -983 -900 -500 -992 -288   23   16 -978 -997    1  -22 -868   27    8  -23   32 -250 -944   74 -292 -492 -963  182  600    0    1 1000  996
 40 Rotate R-P-S        -26141  -987 -989 -986 -996 -997 -993 -990 -995 -997 -990 -990 -993 -993 -995 -955 -930 -998 -996 -997 -991 -989 -859 -997  -21   11 -980   12   64   46  -73  -13 -941   11  -39   24 -998   13    0   -1    0    0 -653
 41 Good Ole Rock       -26210  -994 -994 -999 -997 -999 -1000 -993 -998 -999 -997 -995 -995 -998 -999 -977 -964 -999 -996 -1000 -995 -991 -983 -999    0   11 -975  -15  -25    8    9   -1 -983  185   -5    0 -999  441 -999 -1000    0    0  999
 42 * Anti-Flat         -27600  -989 -984 -996 -995 -993 -1000 -993 -995 -999 -1000 -1000 -998 -995 -995 -963 -980 -997 -994 -998 -993 -985 -979 -997  107   10 -973  -36   15   35  -10  418 -969 -113   36   45 -986  -23 -996 -996  653 -999    0

 Match results (draw <= 50): 

    Player Name           total  W  L  D   1  2  3  4  5  6  7  8  9 10 11 12 13 14 15 16 17 18 19 20 21 22 23 24 25 26 27 28 29 30 31 32 33 34 35 36 37 38 39 40 41 42
  1 Iocaine Powder          70  29  0 12   1  2  1  1  2  2  1  2  1  1  2  1  1  2  1  2  1  1  2  2  2  2  2  1  2  2  2  2  2  2  2  2  2  2  2  1  2  2  2  2  2  2
  2 Phasenbott              69  29  1 11   0  1  1  2  2  1  1  2  2  1  2  2  1  2  1  1  2  1  2  2  2  1  1  1  2  2  2  2  2  2  2  2  2  2  2  2  2  2  2  2  2  2
  3 Simple Modeller         64  24  1 16   1  1  1  1  1  1  1  1  2  1  2  1  1  1  1  1  2  1  2  2  2  2  1  0  2  2  1  2  2  2  2  2  2  2  2  2  2  2  2  2  2  2
  4 MegaHAL                 63  23  1 17   1  0  1  1  2  1  1  1  1  1  1  1  1  1  1  2  1  1  2  2  2  1  1  1  2  2  2  2  2  2  2  2  2  2  2  2  2  2  2  2  2  2
  5 RussRocker4             63  25  3 13   0  0  1  0  1  1  1  1  1  1  2  1  1  1  1  1  2  1  2  2  2  2  2  1  2  2  2  2  2  2  2  2  2  2  2  2  2  2  2  2  2  2
  6 Biopic                  63  23  1 17   0  1  1  1  1  1  1  1  1  1  2  2  1  1  1  1  1  1  2  2  2  1  2  1  2  2  2  2  2  1  2  2  2  2  2  2  2  2  2  2  2  2
  7 Bugbrain                59  18  0 23   1  1  1  1  1  1  1  1  1  1  1  1  1  1  1  1  2  1  1  2  2  1  1  1  2  1  1  2  2  2  2  2  2  2  1  2  2  2  2  2  2  2
  8 Yomi AI                 57  20  4 17   0  0  1  1  1  1  1  1  1  1  2  1  1  1  1  1  2  0  2  2  2  1  1  1  2  0  2  2  2  1  1  2  2  2  2  2  2  2  2  2  2  2
  9 Robertot                56  18  3 20   1  0  0  1  1  1  1  1  1  1  1  1  1  1  1  1  1  1  2  2  2  1  2  0  1  1  1  2  2  2  2  2  1  2  2  2  2  2  2  2  2  2
 10 Vroomfondel             56  15  0 26   1  1  1  1  1  1  1  1  1  1  1  1  1  1  1  2  2  1  1  1  1  1  2  1  2  1  1  2  1  2  1  2  2  1  1  2  2  2  2  2  2  2
 11 Simple Predictor        55  21  7 13   0  0  0  1  0  0  1  0  1  1  1  1  1  1  1  1  1  0  2  1  2  2  2  1  2  2  1  2  2  2  2  2  2  2  2  2  2  2  2  2  2  2
 12 ACT-R Lag2              55  16  2 23   1  0  1  1  1  0  1  1  1  1  1  1  1  1  1  1  1  1  2  2  2  1  1  1  2  1  1  2  2  1  1  2  2  1  2  2  2  2  2  2  2  2
 13 Majikthise              55  14  0 27   1  1  1  1  1  1  1  1  1  1  1  1  1  1  2  1  1  1  1  1  1  1  1  1  2  1  2  2  2  1  1  2  2  1  1  2  2  2  2  2  2  2
 14 Boom                    54  15  2 24   0  0  1  1  1  1  1  1  1  1  1  1  1  1  1  1  1  1  1  1  1  2  1  1  1  1  1  2  2  1  2  2  2  2  2  2  2  2  2  2  2  2
 15 Shofar                  54  14  1 26   1  1  1  1  1  1  1  1  1  1  1  1  0  1  1  1  1  1  1  2  2  1  1  1  1  2  1  2  2  1  1  1  1  2  2  2  2  2  2  2  2  2
 16 Sweet Rocky             53  15  3 23   0  1  1  0  1  1  1  1  1  0  1  1  1  1  1  1  1  1  1  1  1  2  1  1  1  1  1  2  2  1  2  2  2  2  2  2  2  2  2  2  2  2
 17 Piedra                  52  17  6 18   1  0  0  1  0  1  0  0  1  0  1  1  1  1  1  1  1  1  1  1  1  1  1  1  2  1  2  2  2  2  2  2  2  2  2  2  2  2  2  2  2  2
 18 * De Bruijn             47   7  1 33   1  1  1  1  1  1  1  2  1  1  2  1  1  1  1  1  1  1  2  2  1  2  2  1  1  1  1  1  1  1  1  1  1  1  1  1  1  1  2  1  0  1
 19 Granite                 46  16 11 14   0  0  0  0  0  0  1  0  0  1  0  0  1  1  1  1  1  0  1  1  1  2  1  1  2  1  1  2  2  1  2  2  2  2  2  2  2  2  2  2  2  2
 20 Marble                  46  17 12 12   0  0  0  0  0  0  0  0  0  1  1  0  1  1  0  1  1  0  1  1  1  2  1  1  2  2  1  2  2  1  2  2  2  2  2  2  2  2  2  2  2  2
 21 ZQ Bot                  46  17 12 12   0  0  0  0  0  0  0  0  0  1  0  0  1  1  0  1  1  1  1  1  1  2  1  1  2  1  1  2  2  2  2  2  2  2  2  2  2  2  2  2  2  2
 22 * Anti-rotn             44  13 10 18   0  1  0  1  0  1  1  1  1  1  0  1  1  0  1  0  1  0  0  0  0  1  1  1  2  1  1  2  1  1  1  2  2  2  2  2  2  2  2  2  2  2
 23 Mixed Strategy          44  11  8 22   0  1  1  1  0  0  1  1  0  0  0  1  1  1  1  1  1  0  1  1  1  1  1  1  1  1  1  1  2  1  1  2  0  2  2  2  2  2  2  2  2  2
 24 * Pi                    42   2  1 38   1  1  2  1  1  1  1  1  2  1  1  1  1  1  1  1  1  1  1  1  1  1  1  1  1  1  1  1  1  1  1  1  1  1  0  1  1  1  1  1  1  1
 25 Inocencio               40  16 17  8   0  0  0  0  0  0  0  0  1  0  0  0  0  1  1  1  0  1  0  0  0  0  1  1  1  2  2  2  2  1  2  2  2  2  2  2  2  2  2  2  2  2
 26 * Copy-drift            32   2 11 28   0  0  0  0  0  0  1  2  1  1  0  1  1  1  0  1  1  1  1  0  1  1  1  1  0  1  2  0  1  1  1  1  1  1  1  1  1  1  1  1  1  1
 27 * Foxtrot               31   0 10 31   0  0  1  0  0  0  1  0  1  1  1  1  0  1  1  1  0  1  1  1  1  1  1  1  0  0  1  1  1  1  1  1  1  1  1  1  1  1  1  1  1  1
 28 Multi-strategy          31  12 22  7   0  0  0  0  0  0  0  0  0  0  0  0  0  0  0  0  0  1  0  0  0  0  1  1  0  2  1  1  2  1  1  1  2  2  2  2  2  2  2  2  2  2
 29 Peterbot                29  10 22  9   0  0  0  0  0  0  0  0  0  1  0  0  0  0  0  0  0  1  0  0  0  1  0  1  0  1  1  0  1  1  1  2  2  2  1  2  2  2  2  2  2  2
 30 * Add-drift             27   0 14 27   0  0  0  0  0  1  0  1  0  0  0  1  1  1  1  1  0  1  1  1  0  1  1  1  1  1  1  1  1  1  0  1  1  1  1  1  1  1  1  0  1  0
 31 * Add-react             26   2 17 22   0  0  0  0  0  0  0  1  0  1  0  1  1  0  1  0  0  1  0  0  0  1  1  1  0  1  1  1  1  2  1  0  1  1  1  1  1  1  1  2  1  1
 32 Knucklehead             24   6 23 12   0  0  0  0  0  0  0  0  0  0  0  0  0  0  1  0  0  1  0  0  0  0  0  1  0  1  1  1  0  1  2  1  1  2  1  1  1  2  2  2  2  1
 33 * Flat                  21   3 23 15   0  0  0  0  0  0  0  0  1  0  0  0  0  0  1  0  0  1  0  0  0  0  2  1  0  1  1  0  0  1  1  1  1  2  1  1  1  1  2  1  0  1
 34 Beat The Last Move      20   5 26 10   0  0  0  0  0  0  0  0  0  1  0  1  1  0  0  0  0  1  0  0  0  0  0  1  0  1  1  0  0  1  1  0  0  1  2  0  0  2  2  1  2  2
 35 * Text                  19   2 24 15   0  0  0  0  0  0  1  0  0  1  0  0  1  0  0  0  0  1  0  0  0  0  0  2  0  1  1  0  1  1  1  1  1  0  1  1  1  0  0  1  2  1
 36 * Switch A Lot          18   1 24 16   1  0  0  0  0  0  0  0  0  0  0  0  0  0  0  0  0  1  0  0  0  0  0  1  0  1  1  0  0  1  1  1  1  2  1  1  1  1  1  1  1  1
 37 Always Switchin'        17   1 25 15   0  0  0  0  0  0  0  0  0  0  0  0  0  0  0  0  0  1  0  0  0  0  0  1  0  1  1  0  0  1  1  1  1  2  1  1  1  1  1  1  1  1
 38 Good Ole Rock           16   3 28 10   0  0  0  0  0  0  0  0  0  0  0  0  0  0  0  0  0  1  0  0  0  0  0  1  0  1  1  0  0  1  1  0  1  0  2  1  1  1  0  1  2  2
 39 Beat Frequent Pick      16   4 29  8   0  0  0  0  0  0  0  0  0  0  0  0  0  0  0  0  0  0  0  0  0  0  0  1  0  1  1  0  0  1  1  0  0  0  2  1  1  2  1  1  2  2
 40 Rotate R-P-S            14   1 28 12   0  0  0  0  0  0  0  0  0  0  0  0  0  0  0  0  0  1  0  0  0  0  0  1  0  1  1  0  0  2  0  0  1  1  1  1  1  1  1  1  0  1
 41 * Anti-Flat             14   3 30  8   0  0  0  0  0  0  0  0  0  0  0  0  0  0  0  0  0  2  0  0  0  0  0  1  0  1  1  0  0  1  1  0  2  0  0  1  1  0  0  2  1  1
 42 R-P-S 20-20-60          14   1 28 12   0  0  0  0  0  0  0  0  0  0  0  0  0  0  0  0  0  1  0  0  0  0  0  1  0  1  1  0  0  2  1  1  1  0  1  1  1  0  0  1  1  1


   Yomi AI is match ranked 8

 Tournament results:
    Player Name          total 
  1 Yomi AI               5004 
 15 * Anti-rotn           5491 
 19 Iocaine Powder       11828 
 20 Phasenbott           10774 
 21 MegaHAL               9522 
 22 RussRocker4           7817 
 23 Biopic                8839 
 24 Simple Modeller       8892 
 25 Simple Predictor      7706 
 26 Robertot              7399 
 27 Boom                  6967 
 28 Shofar                5958 
 29 ACT-R Lag2            6571 
 32 Granite               6549 
 33 Marble                6311 
 34 ZQ Bot                5483 
 35 Sweet Rocky           6654 
 36 Piedra                7054 
 41 Bugbrain              6043 

   Yomi is tournament ranked 19

