 Playing 1 tournaments with 1000 trials per match...

 Yomi AI            vs Good Ole Rock       Match: 1000 (1000+   0-   0=)
 Yomi AI            vs R-P-S 20-20-60      Match:  244 (494+ 250- 256=)
 Yomi AI            vs Rotate R-P-S        Match:  997 (998+   1-   1=)
 Yomi AI            vs Beat The Last Move  Match:  295 (544+ 249- 207=)
 Yomi AI            vs Always Switchin'    Match:  245 (495+ 250- 255=)
 Yomi AI            vs Beat Frequent Pick  Match:  722 (843+ 121-  36=)
 Yomi AI            vs * Pi                Match:   -5 (347+ 352- 301=)
 Yomi AI            vs * Switch A Lot      Match:  106 (387+ 281- 332=)
 Yomi AI            vs * Flat              Match:   94 (391+ 297- 312=)
 Yomi AI            vs * Anti-Flat         Match: 1000 (1000+   0-   0=)
 Yomi AI            vs * Foxtrot           Match:  425 (616+ 191- 193=)
 Yomi AI            vs * De Bruijn         Match:  -45 (316+ 361- 323=)
 Yomi AI            vs * Text              Match:  137 (428+ 291- 281=)
 Yomi AI            vs * Anti-rotn         Match:   33 (357+ 324- 319=)
 Yomi AI            vs * Copy-drift        Match:   -2 (333+ 335- 332=)
 Yomi AI            vs * Add-react         Match:   61 (378+ 317- 305=)
 Yomi AI            vs * Add-drift         Match:   27 (353+ 326- 321=)
 Yomi AI            vs Iocaine Powder      Match: -805 ( 12+ 817- 171=)
 Yomi AI            vs Phasenbott          Match: -808 ( 14+ 822- 164=)
 Yomi AI            vs MegaHAL             Match:   -5 (340+ 345- 315=)
 Yomi AI            vs RussRocker4         Match:  -48 (358+ 406- 236=)
 Yomi AI            vs Biopic              Match:  -81 (422+ 503-  75=)
 Yomi AI            vs Simple Modeller     Match:  -40 (344+ 384- 272=)
 Yomi AI            vs Simple Predictor    Match:   80 (401+ 321- 278=)
 Yomi AI            vs Robertot            Match:   11 (366+ 355- 279=)
 Yomi AI            vs Boom                Match:   23 (363+ 340- 297=)
 Yomi AI            vs Shofar              Match:  -13 (335+ 348- 317=)
 Yomi AI            vs ACT-R Lag2          Match:  -17 (327+ 344- 329=)
 Yomi AI            vs Majikthise          Match:   -3 (350+ 353- 297=)
 Yomi AI            vs Vroomfondel         Match:  -27 (320+ 347- 333=)
 Yomi AI            vs Granite             Match:  104 (472+ 368- 160=)
 Yomi AI            vs Marble              Match:   94 (453+ 359- 188=)
 Yomi AI            vs ZQ Bot              Match:   85 (413+ 328- 259=)
 Yomi AI            vs Sweet Rocky         Match:   19 (371+ 352- 277=)
 Yomi AI            vs Piedra              Match:   46 (377+ 331- 292=)
 Yomi AI            vs Mixed Strategy      Match:  102 (416+ 314- 270=)
 Yomi AI            vs Multi-strategy      Match:  229 (493+ 264- 243=)
 Yomi AI            vs Inocencio           Match:  103 (448+ 345- 207=)
 Yomi AI            vs Peterbot            Match:   86 (394+ 308- 298=)
 Yomi AI            vs Bugbrain            Match:    5 (344+ 339- 317=)
 Yomi AI            vs Knucklehead         Match:  468 (646+ 178- 176=)
 Final results (draw value = 50):

 Tournament results: 

    Player Name          total     1    2    3    4    5    6    7    8    9   10   11   12   13   14   15   16   17   18   19   20   21   22   23   24   25   26   27   28   29   30   31   32   33   34   35   36   37   38   39   40   41   42
  1 Iocaine Powder       11892     0  142   97   27   50  215  502   78    3  193   60   -1   38   48  249   30   43  288  805   46   26  101  368  294   31  -33  141  139  308  221  261   89  577   80  888  258  337  919  992  992  991  999
  2 Phasenbott           10593  -142    0    4   28   21  136  516   79  -21  217   38   24   53   18  253   -5   50  253  808  -37    8   87  267  167   44    6  105  132  366  125  288   59  413   40  921  241  144  930  981  990  993  993
  3 MegaHAL               9484   -97   -4    0   51  -33   95   95   59   17  244  -25  -12   54   24  250   46   85  269    5  -11   11   27  165  176   10  -34  202   20  103   74  247  189  364  216  869  404  406  944  990  989 1000 1000
  4 Biopic                9051   -27  -28  -51    0  -18   86   27   48   12  130   29  -35   41  -27  148    6   85   93   81  -23   -4   37  250  180  -10   36  -15   62  356  105   84  166  469  218  989  334  362  870  993  996  998  998
  5 Simple Modeller       8668   -50  -21   33   18    0  238  -52  -43   17   70  -38   42   57  -11   85   71   40  285   40  -45  -13  117  184  544  -54    3  259  250    7  124  124  111  212  264  337  493  398  595  990  994  998  995
  6 Simple Predictor      7705  -215 -136  -95  -86 -238    0 -108  -42   27  100  -53   19   14   33   51   47   36  157  -80  -63  -40   75  179  537  -62  -21  281  294  -15   42  139  154  292  189  927  405  406  588  985  989  995  998
  7 RussRocker4           7501  -502 -516  -95  -27   52  108    0   -9   39  152   45  -19    3  -10  165   -6   65  167   48    7  -25   90  244  118  -45  -65  117  105  198   42  337   77  492  143  908  253  280  588  988  994 1000  995
  8 Robertot              7288   -78  -79  -59  -48   43   42    9    0   13   85   -8  -22   39   10   88   16   59   56  -11   24   15   43  199  -32  -57  -25   62   71   34   14   84  158  443   96  454  502  394  855  815  997  998  989
  9 Boom                  7219    -3   21  -17  -12  -17  -27  -39  -13    0   45  -10   -2   53   11   85   61   57   49  -23  -33  -11   40  254    6  -25  -30   86   96   -5   37   84  135  422  212  227  378  401  753  991  990  997  995
 10 Granite               6858  -193 -217 -244 -130  -70 -100 -152  -85  -45    0  -79  -66   48  -56  -10   21   40   40 -104    0    3   28  344  648   57   -3   22   53   46  179   70  183  339  161  850  260  442  594  994  995  999  996
 11 ACT-R Lag2            6823   -60  -38   25  -29   38   53  -45    8   10   79    0   33   24   35  147   34   27  112   17   -2   35   32  307   64  -99  -43  -10  -19  -44  132   32  108  468  148  256  214  351  572  873  993  995  990
 12 Bugbrain              6385     1  -24   12   35  -42  -19   19   22    2   66  -33    0   60   29   74   50   44  174   -5   33  -10   64   92   60   22   31   93   88  -11   53   75   78  116  138  311  258  133  406  987  938  975  990
 13 Piedra                6080   -38  -53  -54  -41  -57  -14   -3  -39  -53  -48  -24  -60    0  -52  -54   85   48  -70  -46  -46  -37   -6  121  -38  -57   -3   30   73    8  179  290  164  185  143  312  429  327  594  997  993 1000  995
 14 Shofar                5991   -48  -18  -24   27   11  -33   10  -10  -11   56  -35  -29   52    0   61   51   24   64   13    0   11    6  152   41  -45   44   26   48    5   27   66  147  153   74  114  425  231  560  879  936  984  946
 15 Marble                5860  -249 -253 -250 -148  -85  -51 -165  -88  -85   10 -147  -74   54  -61    0   68   50    5  -94  -54  -41   41  209   31  -53   -4    8   79   74  183   85  179  366  143  902  304  392  591  994  995  999 1000
 16 Sweet Rocky           5710   -30    5  -46   -6  -71  -47    6  -16  -61  -21  -34  -50  -85  -51  -68    0   14  -22  -19    5  -37   32   67  -37  -48  -13   41   25   44  139  310  169  199   97  174  228  344  594  993  990 1000  996
 17 * Anti-rotn           5481   -43  -50  -85  -85  -40  -36  -65  -59  -57  -40  -27  -44  -48  -24  -50  -14    0  -43  -33   -7  -10   36  251  739  -37  -39  -35    1  -35  228   36   53   67  309   42  518  120  597  500  997  997  996
 18 ZQ Bot                5351  -288 -253 -269  -93 -285 -157 -167  -56  -49  -40 -112 -174   70  -64   -5   22   43    0  -85  -47  -32   37  280  -40  -46  -31    8    9   58   54  298  162  281  168  912  247  425  593  993  989  998  997
 19 Yomi AI               4942  -805 -808   -5  -81  -40   80  -48   11   23  104  -17    5   46  -13   94   19   33   85    0  -27   -3  102  229  103  -45   -5   27   -2  425   94   61  137  468  106   86  245  244  722  295  997 1000 1000
 20 Vroomfondel           4852   -46   37   11   23   45   63   -7  -24   33    0    2  -33   46    0   54   -5    7   47   27    0  -20   71  198   52  -19   21   25    7  -39  136  -11    2  170  119   91  220  202  414  -34  988  993  986
 21 Majikthise            4669   -26   -8  -11    4   13   40   25  -15   11   -3  -35   10   37  -11   41   37   10   32    3   20    0   38  135   85  -11   14  -33  -28   10   59  -24   55  225   66   57  288  158  449  -19  994  993  984
 22 Mixed Strategy        3976  -101  -87  -27  -37 -117  -75  -90  -43  -40  -28  -32  -64    6   -6  -41  -32  -36  -37 -102  -71  -38    0  -57   23  -88   -5    3   71  -18  -19    5  165   80   75  130   26  354  534  955  981  993  866
 23 Multi-strategy        2704  -368 -267 -165 -250 -184 -179 -244 -199 -254 -344 -307  -92 -121 -152 -209  -67 -251 -280 -229 -198 -135   57    0  -71  -50  -20  -26  237   10  185   46  123   43  312  500  483  379  999  997  997  999  999
 24 Inocencio             1044  -294 -167 -176 -180 -544 -537 -118   32   -6 -648  -64  -60   38  -41  -31   37 -739   40 -103  -52  -85  -23   71    0  -44  -28   30  133  324  122  103  161  245   77   91  206  407  362 -441  984  979  983
 25 * De Bruijn            736   -31  -44  -10   10   54   62   45   57   25  -57   99  -22   57   45   53   48   37   46   45   19   11   88   50   44    0   -1    1  -23  -18   -8   33   23   -2   -4  -15    2  -22  128   -1   21    0 -109
 26 * Pi                   288    33   -6   34  -36   -3   21   65   25   30    3   43  -31    3  -44    4   13   39   31    5  -21  -14    5   20   28    1    0    4  -18  -32   35   16  -81    8   25   13   20   30   30   22  -11  -11  -10
 27 * Add-drift          -1374  -141 -105 -202   15 -259 -281 -117  -62  -86  -22   10  -93  -30  -26   -8  -41   35   -8  -27  -25   33   -3   26  -30   -1   -4    0   60  -60   64   10   19  -35    2   -5  -36  -30    6  -35   -6   89   35
 28 * Copy-drift         -1992  -139 -132  -20  -62 -250 -294 -105  -71  -96  -53   19  -88  -73  -48  -79  -25   -1   -9    2   -7   28  -71 -237 -133   23   18  -60    0  -19  -23   29  -19  -73  -35   22  -30   50    8  -13   14   20   40
 29 * Foxtrot            -2083  -308 -366 -103 -356   -7   15 -198  -34    5  -46   44   11   -8   -5  -74  -44   35  -58 -425   39  -10   18  -10 -324   18   32   60   19    0  -28  -12   39   -7   40  -29   23  -24    5  -21   -4    0   15
 30 * Flat               -2866  -221 -125  -74 -105 -124  -42  -42  -14  -37 -179 -132  -53 -179  -27 -183 -139 -228  -54  -94 -136  -59   19 -185 -122    8  -35  -64   23   28    0  -62   -8  -38    1 -198   12  -18  229  217  -17    1 -410
 31 * Add-react          -3178  -261 -288 -247  -84 -124 -139 -337  -84  -84  -70  -32  -75 -290  -66  -85 -310  -36 -298  -61   11   24   -5  -46 -103  -33  -16  -10  -29   12   62    0    1   11   30  -54   11    5    8  -30  -56   -5    5
 32 * Text               -3312   -89  -59 -189 -166 -111 -154  -77 -158 -135 -183 -108  -78 -164 -147 -179 -169  -53 -162 -137   -2  -55 -165 -123 -161  -23   81  -19   19  -39    8   -1    0  -17   -5   21   26    4 -185  -74  -11 -185  112
 33 Knucklehead          -3464  -577 -413 -364 -469 -212 -292 -492 -443 -422 -339 -468 -116 -185 -153 -366 -199  -67 -281 -468 -170 -225  -80  -43 -245    2   -8   35   73    7   38  -11   17    0   -7   39    3  -27   86  599  854  933  992
 34 * Switch A Lot       -3469   -80  -40 -216 -218 -264 -189 -143  -96 -212 -161 -148 -138 -143  -74 -143  -97 -309 -168 -106 -119  -66  -75 -312  -77    4  -25   -2   35  -40   -1  -30    5    7    0 -139  -62    3   14  321   35   15  -15
 35 Peterbot             -5954  -888 -921 -869 -989 -337 -927 -908 -454 -227 -850 -256 -311 -312 -114 -902 -174  -42 -912  -86  -91  -57 -130 -500  -91   15  -13    5  -22   29  198   54  -21  -39  139    0  243  405  428  982  999  999  993
 36 Always Switchin'     -7295  -258 -241 -404 -334 -493 -405 -253 -502 -378 -260 -214 -258 -429 -425 -304 -228 -518 -247 -245 -220 -288  -26 -483 -206   -2  -20   36   30  -23  -12  -11  -26   -3   62 -243    0    2   -9  515   46    9  -27
 37 R-P-S 20-20-60       -9024  -337 -144 -406 -362 -398 -406 -280 -394 -401 -442 -351 -133 -327 -231 -392 -344 -120 -425 -244 -202 -158 -354 -379 -407   22  -30   30  -50   24   18   -5   -4   27   -3 -405   -2    0 -421 -191    6 -430   27
 38 Beat Frequent Pick  -14555  -919 -930 -944 -870 -595 -588 -588 -855 -753 -594 -572 -406 -594 -560 -591 -594 -597 -593 -722 -414 -449 -534 -999 -362 -128  -30   -6   -8   -5 -229   -8  185  -86  -14 -428    9  421    0 -600    0  999  996
 39 Beat The Last Move  -18382  -992 -981 -990 -993 -990 -985 -988 -815 -991 -994 -873 -987 -997 -879 -994 -993 -500 -993 -295   34   19 -955 -997  441    1  -22   35   13   21 -217   30   74 -599 -321 -982 -515  191  600    0    1 1000  996
 40 Rotate R-P-S        -26233  -992 -990 -989 -996 -994 -989 -994 -997 -990 -995 -993 -938 -993 -936 -995 -990 -997 -989 -997 -988 -994 -981 -997 -984  -21   11    6  -14    4   17   56   11 -854  -35 -999  -46   -6    0   -1    0    0 -664
 41 Good Ole Rock       -26308  -991 -993 -1000 -998 -998 -995 -1000 -998 -997 -999 -995 -975 -1000 -984 -999 -1000 -997 -998 -1000 -993 -993 -993 -999 -979    0   11  -89  -20    0   -1    5  185 -933  -15 -999   -9  430 -999 -1000    0    0 1000
 42 * Anti-Flat         -27662  -999 -993 -1000 -998 -995 -998 -995 -989 -995 -996 -990 -990 -995 -946 -1000 -996 -996 -997 -1000 -986 -984 -866 -999 -983  109   10  -35  -40  -15  410   -5 -112 -992   15 -993   27  -27 -996 -996  664 -1000    0

 Match results (draw <= 50): 

    Player Name           total  W  L  D   1  2  3  4  5  6  7  8  9 10 11 12 13 14 15 16 17 18 19 20 21 22 23 24 25 26 27 28 29 30 31 32 33 34 35 36 37 38 39 40 41 42
  1 Iocaine Powder          70  29  0 12   1  2  2  1  1  1  2  1  2  1  2  2  1  1  2  1  1  1  1  2  2  2  2  1  2  2  2  2  2  2  2  2  2  2  2  2  2  2  2  2  2  2
  2 Phasenbott              66  26  1 14   0  1  1  1  1  1  2  1  2  1  1  2  1  1  2  1  1  2  1  2  2  2  2  1  2  2  2  2  2  2  2  2  2  2  2  2  1  2  2  2  2  2
  3 MegaHAL                 66  26  1 14   0  1  1  2  1  1  2  1  1  1  1  2  1  1  2  1  2  2  1  2  2  2  1  1  2  2  2  2  2  1  2  2  2  2  2  2  2  2  2  2  2  2
  4 Biopic                  63  23  1 17   1  1  0  1  1  1  1  1  2  1  1  1  1  1  2  1  2  1  1  2  2  2  1  1  2  1  2  2  2  2  2  2  2  2  2  2  2  2  2  2  2  2
  5 Simple Modeller         63  24  2 15   1  1  1  1  1  1  0  1  1  1  1  1  1  1  2  2  1  2  0  2  2  2  2  1  2  2  1  2  2  2  2  2  2  2  2  2  2  2  2  2  2  2
  6 Bugbrain                63  22  0 19   1  1  1  1  1  1  1  1  1  1  1  1  1  1  1  1  1  2  1  2  2  2  2  1  2  2  1  2  2  2  2  2  2  2  2  2  2  2  2  2  2  2
  7 RussRocker4             61  24  4 13   0  0  0  1  2  1  1  1  1  1  1  1  1  1  2  1  2  1  1  2  2  2  2  0  2  2  2  2  2  2  2  2  2  1  2  2  2  2  2  2  2  2
  8 Boom                    60  19  0 22   1  1  1  1  1  1  1  1  1  1  1  1  1  1  1  2  2  2  1  1  1  2  1  1  1  2  1  2  2  2  2  2  2  1  2  2  2  2  2  2  2  2
  9 Yomi AI                 59  21  3 17   0  0  1  0  1  1  1  1  1  1  1  1  1  1  2  1  1  1  1  2  2  2  2  1  2  1  2  2  2  1  2  2  2  2  2  2  2  2  2  2  2  2
 10 Shofar                  59  18  0 23   1  1  1  1  1  1  1  1  1  1  1  1  1  1  1  2  1  2  1  2  2  2  1  1  1  1  1  2  2  1  2  2  2  1  2  2  2  2  2  2  2  2
 11 ACT-R Lag2              57  18  2 21   0  1  1  1  1  1  1  1  1  1  1  1  1  1  2  1  1  1  0  2  2  2  1  1  2  1  1  2  2  1  2  1  2  2  2  2  2  2  2  2  2  2
 12 Robertot                56  19  4 18   0  0  0  1  1  1  1  1  1  1  1  1  1  1  1  1  2  1  0  2  2  2  1  1  1  2  1  2  2  2  2  2  2  1  2  2  2  2  2  2  2  2
 13 Vroomfondel             56  15  0 26   1  1  1  1  1  1  1  1  1  1  1  1  1  1  2  1  1  1  1  1  1  2  2  1  2  1  1  2  2  1  2  1  1  2  2  1  2  2  2  2  2  2
 14 Majikthise              54  13  0 28   1  1  1  1  1  1  1  1  1  1  1  1  1  1  1  1  1  1  1  1  1  1  1  1  2  1  1  2  2  1  2  1  1  2  2  2  2  2  2  2  2  2
 15 Simple Predictor        51  20 10 11   0  0  0  0  0  1  0  1  0  1  0  1  0  1  1  1  1  1  0  2  2  2  2  1  2  2  1  2  2  2  2  2  2  1  2  2  2  2  2  2  2  2
 16 Sweet Rocky             50  14  5 22   1  1  1  1  0  1  1  0  1  0  1  1  1  1  1  1  1  0  1  1  1  0  1  1  1  1  1  2  2  1  2  2  2  2  2  2  2  2  2  2  2  2
 17 * Anti-rotn             49  13  5 23   1  1  0  0  1  1  0  0  1  1  1  0  1  1  1  1  1  1  1  1  1  1  1  1  2  1  1  2  1  1  2  1  2  2  2  2  2  2  2  2  2  2
 18 Piedra                  48  16  9 16   1  0  0  1  0  0  1  0  1  0  1  1  1  1  1  2  1  1  0  1  0  0  1  1  1  1  1  2  2  2  2  2  2  2  2  2  2  2  2  2  2  2
 19 * De Bruijn             47   8  2 31   1  1  1  1  2  1  1  1  1  1  2  2  1  1  2  1  1  2  1  0  1  2  2  1  1  1  1  1  1  1  1  1  1  1  1  1  1  2  1  1  0  1
 20 Granite                 46  17 12 12   0  0  0  0  0  0  0  1  0  0  0  0  1  1  0  1  1  1  2  1  1  1  1  1  2  1  1  2  2  2  2  2  2  2  2  2  2  2  2  2  2  2
 21 ZQ Bot                  45  16 12 13   0  0  0  0  0  0  0  1  0  0  0  0  1  1  0  1  1  2  1  1  1  1  1  1  1  1  2  2  2  1  2  2  2  2  2  2  2  2  2  2  2  2
 22 Marble                  44  18 15  8   0  0  0  0  0  0  0  0  0  0  0  0  0  1  0  2  1  2  0  1  1  1  1  1  1  1  2  2  2  2  2  2  2  2  2  2  2  2  2  2  2  2
 23 Mixed Strategy          42  11 10 20   0  0  1  1  0  0  0  1  0  1  1  1  0  1  0  1  1  1  0  1  1  1  1  1  1  1  1  0  2  2  2  1  2  1  1  2  2  2  2  2  2  2
 24 * Pi                    41   1  1 39   1  1  1  1  1  1  2  1  1  1  1  1  1  1  1  1  1  1  1  1  1  1  1  1  1  1  1  1  1  1  1  1  1  1  1  0  1  1  1  1  1  1
 25 Inocencio               41  15 15 11   0  0  0  0  0  0  0  1  0  1  0  1  0  0  0  1  0  1  1  0  1  1  1  1  1  1  2  2  2  2  2  2  0  2  2  2  2  2  2  2  2  2
 26 * Add-drift             34   3 10 28   0  0  0  1  0  0  0  0  1  1  1  0  1  1  0  1  1  1  1  1  1  1  1  1  1  1  0  1  1  2  1  1  1  2  1  1  1  1  2  1  1  1
 27 * Foxtrot               33   1  9 31   0  0  0  0  1  1  0  1  0  1  1  1  1  1  1  1  1  1  1  1  0  0  1  1  0  2  1  1  1  1  1  1  1  1  1  1  1  1  1  1  1  1
 28 Multi-strategy          32  13 22  6   0  0  0  0  0  0  0  0  0  0  0  0  0  0  0  0  0  0  1  0  0  0  2  1  0  1  1  1  2  2  1  1  2  2  2  2  2  2  2  2  2  2
 29 Peterbot                28  10 23  8   0  0  0  0  0  0  0  0  0  0  0  0  0  0  0  0  1  0  1  0  0  0  0  1  0  1  1  0  1  1  1  2  2  2  2  1  2  2  2  2  2  2
 30 * Copy-drift            24   0 17 24   0  0  1  0  0  0  0  0  1  1  1  0  1  1  0  1  1  0  1  0  1  0  0  1  0  0  1  0  1  1  0  1  1  1  1  1  1  1  1  1  1  1
 31 Knucklehead             24   6 23 12   0  0  0  0  0  0  0  0  0  0  0  0  0  0  0  0  0  0  1  0  0  0  0  1  0  1  1  1  1  2  1  1  2  1  1  1  1  2  2  2  2  1
 32 * Add-react             22   1 20 20   0  0  0  0  0  0  0  0  0  0  1  0  1  1  0  0  1  0  1  0  0  0  1  1  0  1  1  1  0  1  1  1  1  2  1  1  1  1  1  0  1  1
 33 Beat The Last Move      21   6 26  9   0  0  0  0  0  0  0  0  0  0  0  0  1  1  0  0  0  0  1  0  0  0  0  1  2  1  1  0  0  1  0  1  1  0  0  2  0  2  2  1  2  2
 34 * Flat                  21   2 22 17   0  0  0  0  0  0  1  1  0  1  0  1  0  0  1  0  0  0  1  0  0  0  1  1  0  0  1  0  0  1  1  0  2  1  1  1  1  2  1  1  0  1
 35 Always Switchin'        19   2 24 15   0  0  0  0  0  0  0  0  0  0  0  0  0  0  0  0  0  0  1  0  0  0  1  1  0  1  1  0  0  1  1  1  2  1  1  1  2  1  1  1  1  1
 36 * Text                  17   2 26 13   0  0  0  0  0  0  0  0  0  0  0  0  1  0  0  0  0  0  1  0  0  0  0  2  0  1  1  0  1  1  1  1  0  1  1  1  1  0  0  1  2  1
 37 * Switch A Lot          17   1 25 15   0  1  0  0  0  0  0  0  0  0  0  0  0  0  0  0  0  0  1  0  0  0  0  1  0  1  1  0  0  1  1  1  2  1  0  1  1  1  1  1  1  1
 38 Beat Frequent Pick      16   4 29  8   0  0  0  0  0  0  0  0  0  0  0  0  0  0  0  0  0  0  0  0  0  0  0  1  0  1  1  0  0  1  0  1  0  0  1  2  1  1  2  1  2  2
 39 Good Ole Rock           15   3 29  9   0  0  0  0  0  0  0  0  0  0  0  0  0  0  0  0  0  0  1  0  0  0  0  1  0  0  1  0  0  1  0  1  0  1  1  2  1  0  1  1  2  2
 40 Rotate R-P-S            15   1 27 13   0  0  0  0  0  0  0  0  0  0  0  0  0  0  0  0  0  0  1  0  0  0  0  1  0  1  1  0  0  1  0  2  1  1  1  1  1  1  1  1  0  1
 41 * Anti-Flat             14   3 30  8   0  0  0  0  0  0  0  0  0  0  0  0  0  0  0  0  0  0  2  0  0  0  0  1  0  1  1  0  0  1  0  1  0  2  1  0  1  0  0  2  1  1
 42 R-P-S 20-20-60          13   0 28 13   0  0  0  0  0  0  0  0  0  0  0  0  0  0  0  0  0  0  1  0  0  0  0  1  0  1  1  0  0  1  1  1  0  1  1  1  1  0  0  1  1  1


   Yomi AI is match ranked 9

 Tournament results:
    Player Name          total 
  1 Yomi AI               4942 
 15 * Anti-rotn           5481 
 19 Iocaine Powder       11892 
 20 Phasenbott           10593 
 21 MegaHAL               9484 
 22 RussRocker4           7501 
 23 Biopic                9051 
 24 Simple Modeller       8668 
 25 Simple Predictor      7705 
 26 Robertot              7288 
 27 Boom                  7219 
 28 Shofar                5991 
 29 ACT-R Lag2            6823 
 32 Granite               6858 
 33 Marble                5860 
 34 ZQ Bot                5351 
 35 Sweet Rocky           5710 
 36 Piedra                6080 
 41 Bugbrain              6385 

   Yomi is tournament ranked 19

