 Playing 1 tournaments with 1000 trials per match...

 Yomi AI            vs Good Ole Rock       Match: 1000 (1000+   0-   0=)
 Yomi AI            vs R-P-S 20-20-60      Match:  401 (606+ 205- 189=)
 Yomi AI            vs Rotate R-P-S        Match:  997 (998+   1-   1=)
 Yomi AI            vs Beat The Last Move  Match:  860 (914+  54-  32=)
 Yomi AI            vs Always Switchin'    Match:  127 (509+ 382- 109=)
 Yomi AI            vs Beat Frequent Pick  Match:  594 (795+ 201-   4=)
 Yomi AI            vs * Pi                Match:    2 (331+ 329- 340=)
 Yomi AI            vs * Switch A Lot      Match:  183 (421+ 238- 341=)
 Yomi AI            vs * Flat              Match:  148 (452+ 304- 244=)
 Yomi AI            vs * Anti-Flat         Match: 1000 (1000+   0-   0=)
 Yomi AI            vs * Foxtrot           Match:  -24 (328+ 352- 320=)
 Yomi AI            vs * De Bruijn         Match: -162 (221+ 383- 396=)
 Yomi AI            vs * Text              Match:  142 (426+ 284- 290=)
 Yomi AI            vs * Anti-rotn         Match:   23 (358+ 335- 307=)
 Yomi AI            vs * Copy-drift        Match:   90 (396+ 306- 298=)
 Yomi AI            vs * Add-react         Match:   79 (395+ 316- 289=)
 Yomi AI            vs * Add-drift         Match:   22 (369+ 347- 284=)
 Yomi AI            vs Iocaine Powder      Match: -388 (222+ 610- 168=)
 Yomi AI            vs Phasenbott          Match: -254 (269+ 523- 208=)
 Yomi AI            vs MegaHAL             Match: -309 (299+ 608-  93=)
 Yomi AI            vs RussRocker4         Match: -237 (316+ 553- 131=)
 Yomi AI            vs Biopic              Match: -179 (309+ 488- 203=)
 Yomi AI            vs Simple Modeller     Match:  -95 (315+ 410- 275=)
 Yomi AI            vs Simple Predictor    Match:  -69 (345+ 414- 241=)
 Yomi AI            vs Robertot            Match: -208 (312+ 520- 168=)
 Yomi AI            vs Boom                Match:  -51 (322+ 373- 305=)
 Yomi AI            vs Shofar              Match:    3 (336+ 333- 331=)
 Yomi AI            vs ACT-R Lag2          Match:  -99 (334+ 433- 233=)
 Yomi AI            vs Majikthise          Match:   26 (358+ 332- 310=)
 Yomi AI            vs Vroomfondel         Match:  -29 (332+ 361- 307=)
 Yomi AI            vs Granite             Match:  -39 (451+ 490-  59=)
 Yomi AI            vs Marble              Match:  -75 (444+ 519-  37=)
 Yomi AI            vs ZQ Bot              Match:  -64 (392+ 456- 152=)
 Yomi AI            vs Sweet Rocky         Match:   41 (493+ 452-  55=)
 Yomi AI            vs Piedra              Match:   26 (398+ 372- 230=)
 Yomi AI            vs Mixed Strategy      Match:   30 (374+ 344- 282=)
 Yomi AI            vs Multi-strategy      Match:  275 (533+ 258- 209=)
 Yomi AI            vs Inocencio           Match:  777 (880+ 103-  17=)
 Yomi AI            vs Peterbot            Match:  183 (475+ 292- 233=)
 Yomi AI            vs Bugbrain            Match: -125 (295+ 420- 285=)
 Yomi AI            vs Knucklehead         Match:  516 (672+ 156- 172=)
 Final results (draw value = 50):

 Tournament results: 

    Player Name          total     1    2    3    4    5    6    7    8    9   10   11   12   13   14   15   16   17   18   19   20   21   22   23   24   25   26   27   28   29   30   31   32   33   34   35   36   37   38   39   40   41   42
  1 Iocaine Powder       11475     0  203  100   33   59   13  533  143   -6   40  210  -24  308  202   -1   50   32   55  388   -7   -6   36  280   -3   10  753   72  162  351  178  314  139   25  574  880  175  326  925  991  987  999  976
  2 Phasenbott           10181  -203    0   54   11   27   18  513  127   18   65  188   15  266  258   28   42   47   50  254   21   69   56  215   50  -25  127  121  135  400   89  343   89  105  400  934  226  170  936  984  988  999  971
  3 MegaHAL               9832  -100  -54    0   35   36    9   92   69   40   58  246  -39  262  228   -2   -7   85   43  309  -16  -37   67  194  -41    5  169  205   73   44  115  267  189  238  412  896  441  387  941  990  988  999  996
  4 Biopic                8560   -33  -11  -35    0   -5   31  -30    1   18   63  123   -2  130  108    6   36   60   26  179  -44  -57   11  217  -28    3   72   22   28  395  185   56  153  229  488  718  312  391  758  996  996  998  996
  5 Simple Modeller       8389   -59  -27  -36    5    0    5   -3  265   47   60   75   37  296   65   31   23   56   66   95  -41  -23   90  173  -53   -8   89  286  313   -3   68  138  136  228  248  311  448  425  592  990  994  997  990
  6 Robertot              8282   -13  -18   -9  -31   -5    0   -7  -11    3   25   64  -55  100   60  -56  -12   28   42  208  -22  -26  111  292   37  -18   39   51   96   -6   71   87  183  126  437  875  458  391  817  985  992  995  998
  7 RussRocker4           7925  -533 -513  -92   30    3    7    0  113   23   -8  167   26  153  143   41   22   40   62  237    4   12   47  222   -5    5  210  122  140  166    7  342   58  116  498  898  240  351  587  994  993  997 1000
  8 Simple Predictor      7542  -143 -127  -69   -1 -265   11 -113    0  -31   33   34    0  185    3   40  -33    3   55   69  -73   -3   63  191  -79   19  693  278  282  -22  132  107  166  218  234  313  397  422  592  986  986  995  994
  9 Boom                  7496     6  -18  -40  -18  -47   -3  -23   31    0   40   46    2   61   14   -6   -6   30   72   51  -14   15   27  194   -2   14   49   69    4   10   44   95  118  186  423  550  430  373  753  991  986  997  992
 10 Piedra                7422   -40  -65  -58  -63  -60  -25    8  -33  -40    0  -44  -41  -42  -37  -29   -9   80  -32  -26  -28  -37   -3  107  -29  -55  793   79   70   -3  152  214  177  136  196  954  334  354  592  993  992  994  996
 11 Marble                6687  -210 -188 -246 -123  -75  -64 -167  -34  -46   44    0  -50   24    8  -25 -184   72   51   75  -45  -13    8  249  -41  -42  647   -4   10   88  177   57  181   97  305  917  210  453  593  992  993  998  995
 12 Shofar                6292    24  -15   39    2  -37   55  -26    0   -2   41   50    0   65   82   39   -3   50   22   -3    8   21   97  136   -8  -63   64   -6   83  -28   45   70  169   87  114   56  423  265  556  901  944  988  987
 13 ZQ Bot                6273  -308 -266 -262 -130 -296 -100 -153 -185  -61   42  -24  -65    0  -84 -175  -74   42   80   64  -52  -52   34  253  -48   -6  785   17   39   25  140  425  152  184  291  767  289  412  593  998  994  995  993
 14 Granite               6268  -202 -258 -228 -108  -65  -60 -143   -3  -14   37   -8  -82   84    0  -73 -175   42   46   39   12  -22   22  281  -15  -36    6  -16   34   55  194   88  178  132  351  901  271  431  591  996  992  998  995
 15 Bugbrain              5910     1  -28    2   -6  -31   56  -41  -40    6   29   25  -39  175   73    0    0   46   48  125  -63  -47   34  110  -16    0   47   96   30  -61   64   91   15  103  102  241  252  229  399  967  940  981  995
 16 ACT-R Lag2            5857   -50  -42    7  -36  -23   12  -22   33    6    9  184    3   74  175    0    0   34   80   99   29   25    5  179  -48  -24   34  -10  -22   -7  147   11  100  115  461  109  280  335  574   34  994  996  997
 17 Sweet Rocky           5578   -32  -47  -85  -60  -56  -28  -40   -3  -30  -80  -72  -50  -42  -42  -46  -34    0   56  -41  -48  -41  -37  158  -29  -25  -59    5   50  -23   75  276  171  128  276  133  312  411  592  993  996  998  998
 18 * Anti-rotn           5294   -55  -50  -43  -26  -66  -42  -62  -55  -72   32  -51  -22  -80  -46  -48  -80  -56    0  -23   33   -1   17  257  -70  -36  710  -42   -7   -2  181    3   55  312   59   35  472  176  499  497  998  998  995
 19 Yomi AI               5138  -388 -254 -309 -179  -95 -208 -237  -69  -51   26  -75    3  -64  -39 -125  -99   41   23    0  -29   26   30  275 -162    2  777   22   90  -24  148   79  142  183  516  183  127  401  594  860  997 1000 1000
 20 Vroomfondel           4985     7  -21   16   44   41   22   -4   73   14   28   45   -8   52  -12   63  -29   48  -33   29    0  -13   34  197  -28  -10   43   20   -8   59  102   -4   71  103  216   58  316   97  441  -58  995  993  986
 21 Majikthise            4861     6  -69   37   57   23   26  -12    3  -15   37   13  -21   52   22   47  -25   41    1  -26   13    0   50  183   35   36   84    4    1  -12   96   29    6   82  179   25  244  170  458    2  993  993  993
 22 Mixed Strategy        4714   -36  -56  -67  -11  -90 -111  -47  -63  -27    3   -8  -97  -34  -22  -34   -5   37  -17  -30  -34  -50    0  -41  -62  -14  -25   -6  -14   20  -43   61  141   25  178  210  263  389  475  978  989  994  995
 23 Multi-strategy        2799  -280 -215 -194 -217 -173 -292 -222 -191 -194 -107 -249 -136 -253 -281 -110 -179 -158 -257 -275 -197 -183   41    0  -50  -20  -68   -8  235   27  153   44  123  264   71  500  472  389  999  997  997  999  997
 24 * De Bruijn            818     3  -50   41   28   53  -37    5   79    2   29   41    8   48   15   16   48   29   70  162   28  -35   62   50    0   -1    3   17    1  -43   34  -32   23   35  -11   -9    4   58  128   -1   21    0 -104
 25 * Pi                   115   -10   25   -5   -3    8   18   -5  -19  -14   55   42   63    6   36    0   24   25   36   -2   10  -36   14   20    1    0   12   -2  -52   17  -25   -2  -81  -19  -76   12    4   16   30   22  -11  -11   -8
 26 Inocencio               37  -753 -127 -169  -72  -89  -39 -210 -693  -49 -793 -647  -64 -785   -6  -47  -34   59 -710 -777  -43  -84   25   68   -3  -12    0  -13  182  275  145   83  157  117  247  102  207  340  357  948  979  983  982
 27 * Add-drift          -1501   -72 -121 -205  -22 -286  -51 -122 -278  -69  -79    4    6  -17   16  -96   10   -5   42  -22  -20   -4    6    8  -17    2   13    0  -11  -15   20  -27   51   -8   18   13  -25  -27  -37   -6  -23  -40   -5
 28 * Copy-drift         -1862  -162 -135  -73  -28 -313  -96 -140 -282   -4  -70  -10  -83  -39  -34  -30   22  -50    7  -90    8   -1   14 -235   -1   52 -182   11    0   11    2  -15   38   11  -52  -24    6   -8   17   -8   21   50   33
 29 * Foxtrot            -1940  -351 -400  -44 -395    3    6 -166   22  -10    3  -88   28  -25  -55   61    7   23    2   24  -59   12  -20  -27   43  -17 -275   15  -11    0  -57  -56  -52   12  -41  -29  -29  -36    1   -7   37   -2   13
 30 * Flat               -2788  -178  -89 -115 -185  -68  -71   -7 -132  -44 -152 -177  -45 -140 -194  -64 -147  -75 -181 -148 -102  -96   43 -153  -34   25 -145  -20   -2   57    0   25   27  -16  -12 -192  -24   26  238  196   22    0 -439
 31 * Add-react          -3048  -314 -343 -267  -56 -138  -87 -342 -107  -95 -214  -57  -70 -425  -88  -91  -11 -276   -3  -79    4  -29  -61  -44   32    2  -83   27   15   56  -25    0  -39   62   18  -44   17   -2    3   38   32   10   26
 32 * Text               -3330  -139  -89 -189 -153 -136 -183  -58 -166 -118 -177 -181 -169 -152 -178  -15 -100 -171  -55 -142  -71   -6 -141 -123  -23   81 -157  -51  -38   52  -27   39    0   22    2   26   26  -27 -185  -74  -11 -185  112
 33 * Switch A Lot       -3627   -25 -105 -238 -229 -228 -126 -116 -218 -186 -136  -97  -87 -184 -132 -103 -115 -128 -312 -183 -103  -82  -25 -264  -35   19 -117    8  -11  -12   16  -62  -22    0  -22 -133  -64  -13   18  309  -44    5  -45
 34 Knucklehead          -3829  -574 -400 -412 -488 -248 -437 -498 -234 -423 -196 -305 -114 -291 -351 -102 -461 -276  -59 -516 -216 -179 -178  -71   11   76 -247  -18   52   41   12  -18   -2   22    0   12   14    8  158  901  195  998  985
 35 Peterbot             -6077  -880 -934 -896 -718 -311 -875 -898 -313 -550 -954 -917  -56 -767 -901 -241 -109 -133  -35 -183  -58  -25 -210 -500    9  -12 -102  -13   24   29  192   44  -26  133  -12    0  275  440  432  982  999  998  995
 36 Always Switchin'     -7273  -175 -226 -441 -312 -448 -458 -240 -397 -430 -334 -210 -423 -289 -271 -252 -280 -312 -472 -127 -316 -244 -263 -472   -4   -4 -207   25   -6   29   24  -17  -26   64  -14 -275    0   -5   32  512   -2    6  -13
 37 R-P-S 20-20-60       -9413  -326 -170 -387 -391 -425 -391 -351 -422 -373 -354 -453 -265 -412 -431 -229 -335 -411 -176 -401  -97 -170 -389 -389  -58  -16 -340   27    8   36  -26    2   27   13   -8 -440    5    0 -359 -119    8 -441   16
 38 Beat Frequent Pick  -14291  -925 -936 -941 -758 -592 -817 -587 -592 -753 -592 -593 -556 -593 -591 -399 -574 -592 -499 -594 -441 -458 -475 -999 -128  -30 -357   37  -17   -1 -238   -3  185  -18 -158 -432  -32  359    0 -600    0  999 1000
 39 Beat The Last Move  -20153  -991 -984 -990 -996 -990 -985 -994 -986 -991 -993 -992 -901 -998 -996 -967  -34 -993 -497 -860   58   -2 -978 -997    1  -22 -948    6    8    7 -196  -38   74 -309 -901 -982 -512  119  600    0    1 1000  996
 40 Rotate R-P-S        -25616  -987 -988 -988 -996 -994 -992 -993 -986 -986 -992 -993 -944 -994 -992 -940 -994 -996 -998 -997 -995 -993 -989 -997  -21   11 -979   23  -21  -37  -22  -32   11   44 -195 -999    2   -8    0   -1    0    0 -668
 41 Good Ole Rock       -26273  -999 -999 -999 -998 -997 -995 -997 -995 -997 -994 -998 -988 -995 -998 -981 -996 -998 -998 -1000 -993 -993 -994 -999    0   11 -983   40  -50    2    0  -10  185   -5 -998 -998   -6  441 -999 -1000    0    0  998
 42 * Anti-Flat         -27709  -976 -971 -996 -996 -990 -998 -1000 -994 -992 -996 -995 -987 -993 -995 -995 -997 -998 -995 -1000 -986 -993 -995 -997  104    8 -982    5  -33  -13  439  -26 -112   45 -985 -995   13  -16 -1000 -996  668 -998    0

 Match results (draw <= 50): 

    Player Name           total  W  L  D   1  2  3  4  5  6  7  8  9 10 11 12 13 14 15 16 17 18 19 20 21 22 23 24 25 26 27 28 29 30 31 32 33 34 35 36 37 38 39 40 41 42
  1 Iocaine Powder          68  27  0 14   1  2  2  2  1  2  1  1  1  1  1  1  2  1  1  2  1  1  2  1  2  2  2  2  1  2  2  2  2  2  2  2  2  2  2  2  1  2  2  2  2  2
  2 Phasenbott              68  28  1 12   0  1  2  1  1  2  1  1  1  1  1  1  2  2  2  2  1  1  2  2  1  2  2  2  1  2  2  2  2  2  2  2  2  2  2  2  2  2  2  2  2  2
  3 MegaHAL                 65  26  2 13   0  0  1  1  1  2  1  1  1  1  1  1  2  2  1  2  2  1  2  2  1  2  2  2  1  2  2  1  2  2  2  2  2  2  2  2  2  2  2  2  2  2
  4 Simple Modeller         65  26  2 13   0  1  1  1  1  1  1  1  1  1  1  1  2  2  1  2  2  0  2  2  2  2  2  2  1  2  2  1  2  2  2  2  2  2  2  2  2  2  2  2  2  2
  5 Biopic                  62  22  1 18   1  1  1  1  1  1  1  1  1  1  1  1  1  2  0  2  2  1  2  1  1  2  2  2  1  1  2  2  1  2  2  2  2  2  2  2  2  2  2  2  2  2
  6 RussRocker4             61  23  3 15   0  0  0  1  1  1  1  1  1  1  1  1  2  1  1  2  1  1  2  1  2  2  2  2  1  2  2  2  2  2  2  2  1  2  2  2  2  2  2  2  2  2
  7 Robertot                60  21  2 18   1  1  1  1  1  1  1  0  1  1  0  1  1  1  1  2  1  1  2  2  1  1  2  2  1  2  2  1  2  2  2  2  2  2  2  2  2  2  2  2  2  2
  8 Shofar                  59  19  1 21   1  1  1  1  1  1  2  1  1  1  1  1  1  1  1  1  1  1  2  2  1  2  1  2  0  1  2  1  2  2  2  2  1  2  2  2  2  2  2  2  2  2
  9 Boom                    58  17  0 24   1  1  1  1  1  1  1  1  1  1  1  1  1  1  1  1  1  1  1  1  2  1  2  2  1  2  2  1  1  2  2  2  1  2  2  2  2  2  2  2  2  2
 10 ACT-R Lag2              58  17  0 24   1  1  1  1  1  1  1  1  1  1  1  1  1  1  1  2  1  1  2  1  2  1  2  2  1  1  2  1  1  2  1  2  2  1  2  2  2  2  2  2  2  2
 11 Bugbrain                57  18  2 21   1  1  1  1  1  1  2  1  1  1  1  0  1  1  1  1  1  1  2  1  1  1  2  2  1  2  2  0  1  2  2  2  2  2  1  2  2  2  2  2  2  2
 12 Vroomfondel             56  16  1 24   1  1  1  1  1  1  1  1  1  1  2  1  2  1  1  1  1  1  1  1  1  1  1  2  1  1  2  2  1  2  1  2  2  0  2  2  2  2  2  2  2  2
 13 Simple Predictor        55  21  7 13   0  0  0  0  1  0  1  1  1  1  1  0  1  1  1  1  1  0  1  2  2  2  2  2  1  2  2  1  2  2  2  2  2  2  2  2  2  2  2  2  2  2
 14 Piedra                  54  18  5 18   1  0  0  0  0  1  1  1  1  1  1  1  1  1  1  1  2  1  1  1  1  2  1  1  0  2  2  1  2  2  2  2  2  2  2  2  2  2  2  2  2  2
 15 Majikthise              53  13  1 27   1  0  1  1  2  1  1  1  1  1  1  1  1  1  1  1  1  1  1  1  1  2  1  2  1  1  2  1  1  1  1  2  2  1  1  2  2  2  2  2  2  2
 16 Marble                  52  19  8 14   0  0  0  0  0  0  0  1  1  0  1  1  1  1  1  1  2  1  1  1  2  2  2  1  1  1  2  2  1  2  2  2  2  2  2  2  2  2  2  2  2  2
 17 Sweet Rocky             50  15  6 20   1  1  0  0  0  1  1  1  1  1  1  1  1  0  1  0  1  1  1  1  2  0  1  1  1  1  2  1  1  2  2  2  2  2  2  2  2  2  2  2  2  2
 18 * De Bruijn             47   7  1 33   1  1  1  2  1  1  1  1  1  1  1  1  2  1  1  1  1  1  1  2  2  1  2  1  1  1  1  1  1  1  1  1  1  1  1  1  1  1  2  0  1  2
 19 Granite                 47  16 10 15   0  0  0  0  0  0  0  0  1  0  0  1  1  1  1  1  1  1  1  1  1  1  1  2  1  1  2  2  1  2  2  2  2  2  2  2  2  2  2  2  2  2
 20 Mixed Strategy          45  11  7 23   1  0  0  0  1  1  0  0  1  1  1  1  0  1  1  1  1  0  1  1  1  1  1  1  1  1  1  1  1  2  2  2  1  2  2  2  1  2  2  2  2  2
 21 * Anti-rotn             44  13 10 18   0  1  1  0  1  0  1  1  0  0  1  1  0  1  1  0  0  0  1  1  1  2  1  0  1  1  2  1  1  1  1  2  2  2  2  2  2  2  2  2  2  2
 22 Inocencio               44  17 14 10   0  0  0  0  0  0  1  0  1  1  1  1  0  0  0  0  2  1  1  1  0  1  0  0  1  1  2  2  2  2  2  2  2  2  2  2  2  2  2  2  2  2
 23 Yomi AI                 43  16 14 11   0  0  0  0  0  0  0  1  0  0  0  1  0  1  1  0  1  0  1  1  1  2  1  0  1  1  2  1  2  2  2  2  2  2  2  2  2  2  2  2  2  2
 24 ZQ Bot                  43  17 15  9   0  0  0  0  0  0  0  0  0  0  0  0  0  1  0  1  1  1  0  1  2  2  2  1  1  1  2  1  1  2  2  2  2  2  2  2  2  2  2  2  2  2
 25 * Pi                    40   2  3 36   1  1  1  1  1  1  1  2  1  1  1  1  1  2  1  1  1  1  1  1  1  1  1  1  1  1  1  1  0  1  1  0  1  1  0  1  1  1  1  1  1  1
 26 * Add-drift             32   1 10 30   0  0  0  0  1  0  0  1  0  1  0  1  0  0  1  1  1  1  1  1  1  1  1  1  1  1  1  1  1  1  1  1  1  1  2  1  1  1  1  1  1  1
 27 Multi-strategy          32  13 22  6   0  0  0  0  0  0  0  0  0  0  0  0  0  0  0  0  0  1  0  1  0  0  0  0  1  1  1  1  2  2  1  2  2  2  2  2  2  2  2  2  2  2
 28 * Foxtrot               31   1 11 29   0  0  1  1  0  0  1  1  1  1  2  0  1  1  1  0  1  1  0  1  1  0  1  1  1  1  1  1  1  1  0  1  0  1  0  1  1  1  1  1  1  1
 29 * Copy-drift            29   1 13 27   0  0  0  0  1  0  0  0  1  1  1  1  0  0  1  1  1  1  1  1  1  0  0  1  2  1  0  1  1  1  1  0  1  1  1  1  1  1  1  1  1  1
 30 Peterbot                28   9 22 10   0  0  0  0  0  0  0  0  0  0  0  0  0  0  1  0  0  1  0  0  1  0  0  0  1  1  0  1  1  1  1  1  2  2  1  2  2  2  2  2  2  2
 31 * Add-react             24   2 19 20   0  0  0  0  0  0  0  0  0  1  0  1  0  0  1  0  0  1  0  0  1  0  0  0  1  1  1  2  1  1  1  1  1  1  1  1  2  1  1  1  1  1
 32 Knucklehead             24   7 24 10   0  0  0  0  0  0  0  0  0  0  0  0  0  0  0  0  0  1  0  0  0  0  0  0  2  1  0  1  2  1  1  1  1  2  1  1  1  2  2  2  2  1
 33 * Flat                  22   3 22 16   0  0  0  0  0  1  0  1  1  0  0  0  0  0  0  0  0  1  0  1  0  0  0  0  1  1  0  2  1  0  1  1  1  2  1  1  1  1  2  0  1  1
 34 Beat The Last Move      21   6 26  9   0  0  0  0  0  0  0  0  0  1  0  2  0  0  1  0  0  1  0  0  0  0  0  0  1  1  0  1  1  0  1  0  0  1  2  0  0  2  2  2  1  2
 35 * Text                  18   3 26 12   0  0  0  0  0  0  0  0  0  0  1  0  0  0  1  0  0  1  0  0  0  0  0  0  2  0  0  2  1  1  1  1  1  0  1  1  1  0  0  2  1  1
 36 Always Switchin'        18   2 25 14   0  0  0  0  0  0  0  0  0  0  0  0  0  0  0  0  0  1  0  0  0  0  0  0  1  1  0  1  1  0  1  1  1  2  1  1  2  1  1  1  1  1
 37 * Switch A Lot          17   1 25 15   1  0  0  0  0  0  0  0  0  0  0  0  0  0  0  0  0  1  0  1  0  0  0  0  1  1  0  1  1  0  0  1  1  2  1  0  1  1  1  1  1  1
 38 Good Ole Rock           16   3 28 10   0  0  0  0  0  0  0  0  0  0  0  0  0  0  0  0  0  1  0  0  0  0  0  0  1  1  0  1  1  0  1  0  1  0  2  1  1  1  0  2  1  2
 39 Beat Frequent Pick      16   4 29  8   0  0  0  0  0  0  0  0  0  0  0  0  0  0  0  0  0  0  0  0  0  0  0  0  1  1  0  1  1  0  1  0  0  0  2  1  1  2  1  2  1  2
 40 * Anti-Flat             14   3 30  8   0  0  0  0  0  0  0  0  0  0  0  0  0  0  0  0  0  2  0  0  0  0  0  0  1  1  0  1  1  0  1  0  2  0  0  1  1  0  0  1  2  1
 41 Rotate R-P-S            14   0 27 14   0  0  0  0  0  0  0  0  0  0  0  0  0  0  0  0  0  1  0  0  0  0  0  0  1  1  0  1  1  0  1  0  1  1  1  1  1  1  1  0  1  1
 42 R-P-S 20-20-60          12   0 29 12   0  0  0  0  0  0  0  0  0  0  0  0  0  0  0  0  0  0  0  0  0  0  0  0  1  1  0  1  1  0  1  1  1  0  1  1  1  0  0  1  1  1


   Yomi AI is match ranked 23

 Tournament results:
    Player Name          total 
  1 Yomi AI               5138 
 15 * Anti-rotn           5294 
 19 Iocaine Powder       11475 
 20 Phasenbott           10181 
 21 MegaHAL               9832 
 22 RussRocker4           7925 
 23 Biopic                8560 
 24 Simple Modeller       8389 
 25 Simple Predictor      7542 
 26 Robertot              8282 
 27 Boom                  7496 
 28 Shofar                6292 
 29 ACT-R Lag2            5857 
 32 Granite               6268 
 33 Marble                6687 
 34 ZQ Bot                6273 
 35 Sweet Rocky           5578 
 36 Piedra                7422 
 41 Bugbrain              5910 

   Yomi is tournament ranked 19

