 Playing 1 tournaments with 1000 trials per match...

 Yomi AI            vs Good Ole Rock       Match: 1000 (1000+   0-   0=)
 Yomi AI            vs R-P-S 20-20-60      Match:  244 (494+ 250- 256=)
 Yomi AI            vs Rotate R-P-S        Match:  997 (998+   1-   1=)
 Yomi AI            vs Beat The Last Move  Match:  288 (540+ 252- 208=)
 Yomi AI            vs Always Switchin'    Match:  256 (500+ 244- 256=)
 Yomi AI            vs Beat Frequent Pick  Match:  585 (740+ 155- 105=)
 Yomi AI            vs * Pi                Match:   -4 (346+ 350- 304=)
 Yomi AI            vs * Switch A Lot      Match:  124 (390+ 266- 344=)
 Yomi AI            vs * Flat              Match:  128 (418+ 290- 292=)
 Yomi AI            vs * Anti-Flat         Match: 1000 (1000+   0-   0=)
 Yomi AI            vs * Foxtrot           Match:  425 (616+ 191- 193=)
 Yomi AI            vs * De Bruijn         Match:  -45 (316+ 361- 323=)
 Yomi AI            vs * Text              Match:  137 (428+ 291- 281=)
 Yomi AI            vs * Anti-rotn         Match:   33 (357+ 324- 319=)
 Yomi AI            vs * Copy-drift        Match:   -2 (333+ 335- 332=)
 Yomi AI            vs * Add-react         Match:   61 (378+ 317- 305=)
 Yomi AI            vs * Add-drift         Match:   27 (353+ 326- 321=)
 Yomi AI            vs Iocaine Powder      Match: -805 ( 12+ 817- 171=)
 Yomi AI            vs Phasenbott          Match: -808 ( 14+ 822- 164=)
 Yomi AI            vs MegaHAL             Match:   -5 (340+ 345- 315=)
 Yomi AI            vs RussRocker4         Match:  -48 (358+ 406- 236=)
 Yomi AI            vs Biopic              Match:  -81 (422+ 503-  75=)
 Yomi AI            vs Simple Modeller     Match:  -40 (344+ 384- 272=)
 Yomi AI            vs Simple Predictor    Match:   80 (401+ 321- 278=)
 Yomi AI            vs Robertot            Match:   11 (366+ 355- 279=)
 Yomi AI            vs Boom                Match:   23 (363+ 340- 297=)
 Yomi AI            vs Shofar              Match:  -13 (335+ 348- 317=)
 Yomi AI            vs ACT-R Lag2          Match:  -17 (327+ 344- 329=)
 Yomi AI            vs Majikthise          Match:   -3 (350+ 353- 297=)
 Yomi AI            vs Vroomfondel         Match:  -27 (320+ 347- 333=)
 Yomi AI            vs Granite             Match:  104 (472+ 368- 160=)
 Yomi AI            vs Marble              Match:   94 (453+ 359- 188=)
 Yomi AI            vs ZQ Bot              Match:   85 (413+ 328- 259=)
 Yomi AI            vs Sweet Rocky         Match:   19 (371+ 352- 277=)
 Yomi AI            vs Piedra              Match:   46 (377+ 331- 292=)
 Yomi AI            vs Mixed Strategy      Match:  102 (416+ 314- 270=)
 Yomi AI            vs Multi-strategy      Match:  218 (487+ 269- 244=)
 Yomi AI            vs Inocencio           Match:  112 (425+ 313- 262=)
 Yomi AI            vs Peterbot            Match:  143 (417+ 274- 309=)
 Yomi AI            vs Bugbrain            Match:   -4 (345+ 349- 306=)
 Yomi AI            vs Knucklehead         Match:  429 (631+ 202- 167=)
 Final results (draw value = 50):

 Tournament results: 

    Player Name          total     1    2    3    4    5    6    7    8    9   10   11   12   13   14   15   16   17   18   19   20   21   22   23   24   25   26   27   28   29   30   31   32   33   34   35   36   37   38   39   40   41   42
  1 Iocaine Powder       11407     0   97   12   37   29  534   19    4   62  147  239  212   27   29   42   58  316   67   37  805    4  -15  242   31  197  -33  121  201  308  221  569   89  266   80  864  258  337  919  992  992  992  999
  2 Phasenbott           10723   -97    0   47   47   20  501   87   32   90  161  249  229   10   12   48    2  244   76   -5  808   19   -3  217   44  211    6  109   16  366  125  429   59  354   40  897  241  144  930  981  990  994  993
  3 Simple Modeller       9778   -12  -47    0   30  -30  -32   74   29  -26  247  103  106  -36   68   68   53  308   53   -8   40  -32  106  232  -54  791    3  259  282    7  124  229  111  102  264  902  493  398  595  990  994  999  995
  4 MegaHAL               9492   -37  -47  -30    0   14   96   13   10   41   70  229  260  -46   20   53   50  239   90  -16    5  -33   94  192   10  212  -34  179   54  103   74  339  189  273  216  879  404  406  944  990  989  998 1000
  5 Biopic                8871   -29  -20   30  -14    0  -40   23  -13   41   61  152  120    1   36   35   53  116   67  -47   81   -9   40  252  -10  120   36   29   54  356  105  471  166   72  218  765  334  362  870  993  996 1000  998
  6 RussRocker4           7569  -534 -501   32  -96   40    0  -12   23   28   78  153  145  -22    1   28   18  142   41  -61   48    7   51  284  -45  169  -65  109  135  198   42  515   77  362  143  938  253  280  588  988  994 1000  995
  7 Robertot              7367   -19  -87  -74  -13  -23   12    0  -37    3   49   89   57  -14   10   42   40  108   64   -5  -11  -20   85  292  -57   47  -25   66   74   34   14  398  158   53   96  411  502  394  855  815  997  998  989
  8 Boom                  7060    -4  -32  -29  -10   13  -23   37    0  -15    2   61   58   11  -47   39   49   45   61  -43  -23  -83   26  206  -25   58  -30   52  -19   -5   37  417  135   92  212  332  378  401  753  991  990  997  995
  9 ACT-R Lag2            6974   -62  -90   26  -41  -41  -28   -3   15    0   37  131  132   10   29   19   53  120   50   -1   17   33  111  315  -99  132  -43   -3   20  -44  132  487  108  102  148  211  214  351  572  873  993  998  990
 10 Simple Predictor      6758  -147 -161 -247  -70  -61  -78  -49   -2  -37    0  -34   44  -23   53   41   31  147   43  -40  -80  -14   47  191  -62  257  -21  287  321  -15   42  266  154  106  189  314  405  406  588  985  989  995  998
 11 Granite               6741  -239 -249 -103 -229 -152 -153  -89  -61 -131   34    0   20  -56  -89   15   45   67   39  -72 -104  -12   31  309   57  649   -3    0   43   46  179  288  183   99  161  937  260  442  594  994  995 1000  996
 12 Marble                6708  -212 -229 -106 -260 -120 -145  -57  -58 -132  -44  -20    0  -78  -86   41   79    7   63  -41  -94  -33   71  305  -53  638   -4   41   76   74  183  315  179   89  143  902  304  392  591  994  995  998 1000
 13 Shofar                6213   -27  -10   36   46   -1   22   14  -11  -10   23   56   78    0    7   27   46   23   37   12   13   18   29  169  -41   36   10  -50   55   -5   33  165  101   52  119  130  428  250  563  876  941  985  968
 14 Bugbrain              6090   -29  -12  -68  -20  -36   -1  -10   47  -29  -53   89   86   -7    0   52   47  176   40   54    4    1   63  100   22    5   31   92   92  -11   53  147   69  108  138  207  258  133  406  987  938  931  990
 15 Piedra                6035   -42  -48  -68  -53  -35  -28  -42  -39  -19  -41  -15  -41  -27  -52    0  -23  -43   27    1  -46  -61   10  158  -57  -48   -3   32   22    8  179  170  164  298  143  323  429  327  594  997  993  996  995
 16 Sweet Rocky           5935   -58   -2  -53  -50  -53  -18  -40  -49  -53  -31  -45  -79  -46  -47   23    0   -1   79  -33  -19  -40   37  138  -48   -3  -13   29   92   44  139  130  169  323   97  271  228  344  594  993  990 1000  996
 17 ZQ Bot                5351  -316 -244 -308 -239 -116 -142 -108  -45 -120 -147  -67   -7  -23 -176   43    1    0   43  -69  -85  -68  -27  242  -46  -10  -31   47   35   58   54  289  162  364  168  996  247  425  593  993  989  999  997
 18 * Anti-rotn           5120   -67  -76  -53  -90  -67  -41  -64  -61  -50  -43  -39  -63  -37  -40  -27  -79  -43    0  -16  -33   53  -33  269  -37  546  -39    0    1  -35  228   25   53   10  309   35  518  120  597  500  997  996  996
 19 Vroomfondel           4891   -37    5    8   16   47   61    5   43    1   40   72   41  -12  -54   -1   33   69   16    0   27  -51   39  271  -19  101   21  -19   -2  -39  136  195    2   -4  119   -9  220  202  414  -34  988  994  986
 20 Yomi AI               4869  -805 -808  -40   -5  -81  -48   11   23  -17   80  104   94  -13   -4   46   19   85   33  -27    0   -3  102  218  -45  112   -4   27   -2  425  128  429  137   61  124  143  256  244  585  288  997 1000 1000
 21 Majikthise            4853    -4  -19   32   33    9   -7   20   83  -33   14   12   33  -18   -1   61   40   68  -53   51    3    0   46  156  -11   51   14   13  -19   10   59  165   55  -42   66  118  288  158  449  -19  994  994  984
 22 Mixed Strategy        4087    15    3 -106  -94  -40  -51  -85  -26 -111  -47  -31  -71  -29  -63  -10  -37   27   33  -39 -102  -46    0  -56  -88  -52   -5   31   59  -18  -19    6  165   80   75  129   26  354  534  955  981  974  866
 23 Multi-strategy        2359  -242 -217 -232 -192 -252 -284 -292 -206 -315 -191 -309 -305 -169 -100 -158 -138 -242 -269 -271 -218 -156   56    0  -50 -127  -20  -28  257   10  185   11  123   35  312  500  483  379  999  997  997  999  999
 24 * De Bruijn            732   -31  -44   54  -10   10   45   57   25   99   62  -57   53   41  -22   57   48   46   37   19   45   11   88   50    0   44   -1    1  -23  -18   -8   -2   23   33   -4  -15    2  -22  128   -1   21    0 -109
 25 Inocencio              455  -197 -211 -791 -212 -120 -169  -47  -58 -132 -257 -649 -638  -36   -5   48    3   10 -546 -101 -112  -51   52  127  -44    0  -39    9   52  324  122  170  160   68   77  168  206  407  362 -441  984  979  983
 26 * Pi                   320    33   -6   -3   34  -36   65   25   30   43   21    3    4  -10  -31    3   13   31   39  -21    4  -14    5   20    1   39    0    4  -18  -32   35    8  -81   16   25    1   20   30   30   22  -11  -11  -10
 27 * Add-drift          -1449  -121 -109 -259 -179  -29 -109  -66  -52    3 -287    0  -41   50  -92  -32  -29  -47    0   19  -27  -13  -31   28   -1   -9   -4    0  -20  -60   64  -46   19   30    2  -14  -36  -30    6  -35   -6   79   35
 28 * Copy-drift         -1878  -201  -16 -282  -54  -54 -135  -74   19  -20 -321  -43  -76  -55  -92  -22  -92  -35   -1    2    2   19  -59 -257   23  -52   18   20    0  -19  -23  -41  -19   26  -35  -21  -30   50    8  -13   14   23   40
 29 * Foxtrot            -2069  -308 -366   -7 -103 -356 -198  -34    5   44   15  -46  -74    5   11   -8  -44  -58   35   39 -425  -10   18  -10   18 -324   32   60   19    0  -28   -7   39  -12   40  -29   23  -24    5  -21   -4    4   15
 30 * Flat               -2906  -221 -125 -124  -74 -105  -42  -14  -37 -132  -42 -179 -183  -33  -53 -179 -139  -54 -228 -136 -128  -59   19 -185    8 -122  -35  -64   23   28    0  -38   -8  -62    1 -198   12  -18  229  217  -17    1 -410
 31 Knucklehead          -2915  -569 -429 -229 -339 -471 -515 -398 -417 -487 -266 -288 -315 -165 -147 -170 -130 -289  -25 -195 -429 -165   -6  -11    2 -170   -8   46   41    7   38    0   15   84   -7  -15    3  -27   86  599  854 1000  992
 32 * Text               -3273   -89  -59 -111 -189 -166  -77 -158 -135 -108 -154 -183 -179 -101  -69 -164 -169 -162  -53   -2 -137  -55 -165 -123  -23 -160   81  -19   19  -39    8  -15    0   -1   -5    2   26    4 -185  -74  -11 -185  112
 33 * Add-react          -3492  -266 -354 -102 -273  -72 -362  -53  -92 -102 -106  -99  -89  -52 -108 -298 -323 -364  -10    4  -61   42  -80  -35  -33  -68  -16  -30  -26   12   62  -84    1    0   30  -22   11    5    8  -30  -56   -6    5
 34 * Switch A Lot       -3530   -80  -40 -264 -216 -218 -143  -96 -212 -148 -189 -161 -143 -119 -138 -143  -97 -168 -309 -119 -124  -66  -75 -312    4  -77  -25   -2   35  -40   -1    7    5  -30    0 -139  -62    3   14  321   35   17  -15
 35 Peterbot             -5865  -864 -897 -902 -879 -765 -938 -411 -332 -211 -314 -937 -902 -130 -207 -323 -271 -996  -35    9 -143 -118 -129 -500   15 -168   -1   14   21   29  198   15   -2   22  139    0  243  405  428  982  999  998  993
 36 Always Switchin'     -7309  -258 -241 -493 -404 -334 -253 -502 -378 -214 -405 -260 -304 -428 -258 -429 -228 -247 -518 -220 -256 -288  -26 -483   -2 -206  -20   36   30  -23  -12   -3  -26  -11   62 -243    0    2   -9  515   46    9  -27
 37 R-P-S 20-20-60       -9048  -337 -144 -398 -406 -362 -280 -394 -401 -351 -406 -442 -392 -250 -133 -327 -344 -425 -120 -202 -244 -158 -354 -379   22 -407  -30   30  -50   24   18   27   -4   -5   -3 -405   -2    0 -421 -191    6 -435   27
 38 Beat Frequent Pick  -14421  -919 -930 -595 -944 -870 -588 -855 -753 -572 -588 -594 -591 -563 -406 -594 -594 -593 -597 -414 -585 -449 -534 -999 -128 -362  -30   -6   -8   -5 -229  -86  185   -8  -14 -428    9  421    0 -600    0  999  996
 39 Beat The Last Move  -18372  -992 -981 -990 -990 -993 -988 -815 -991 -873 -985 -994 -994 -876 -987 -997 -993 -993 -500   34 -288   19 -955 -997    1  441  -22   35   13   21 -217 -599   74   30 -321 -982 -515  191  600    0    1 1000  996
 40 Rotate R-P-S        -26238  -992 -990 -994 -989 -996 -994 -997 -990 -993 -989 -995 -995 -941 -938 -993 -990 -989 -997 -988 -997 -994 -981 -997  -21 -984   11    6  -14    4   17 -854   11   56  -35 -999  -46   -6    0   -1    0    0 -664
 41 Good Ole Rock       -26309  -992 -994 -999 -998 -1000 -1000 -998 -997 -998 -995 -1000 -998 -985 -931 -996 -1000 -999 -996 -994 -1000 -994 -974 -999    0 -979   11  -79  -23   -4   -1 -1000  185    6  -17 -998   -9  435 -999 -1000    0    0 1000
 42 * Anti-Flat         -27684  -999 -993 -995 -1000 -998 -995 -989 -995 -990 -998 -996 -1000 -968 -990 -995 -996 -997 -996 -986 -1000 -984 -866 -999  109 -983   10  -35  -40  -15  410 -992 -112   -5   15 -993   27  -27 -996 -996  664 -1000    0

 Match results (draw <= 50): 

    Player Name           total  W  L  D   1  2  3  4  5  6  7  8  9 10 11 12 13 14 15 16 17 18 19 20 21 22 23 24 25 26 27 28 29 30 31 32 33 34 35 36 37 38 39 40 41 42
  1 Iocaine Powder          69  28  0 13   1  1  1  2  1  1  2  2  1  1  2  1  1  1  2  2  1  2  1  2  2  2  1  1  2  2  2  2  2  2  2  2  2  2  2  2  2  2  2  2  2  2
  2 MegaHAL                 67  26  0 15   1  1  1  1  1  1  1  2  1  1  1  1  1  1  1  2  2  2  1  2  2  2  1  2  2  2  2  2  2  2  2  2  2  2  2  2  2  2  2  2  2  2
  3 Simple Modeller         67  27  1 13   1  1  1  1  1  2  1  1  2  1  1  1  1  1  2  2  2  2  0  2  2  2  1  2  2  1  2  2  2  2  2  2  2  2  2  2  2  2  2  2  2  2
  4 Phasenbott              65  25  1 15   0  1  1  1  1  1  2  2  2  1  2  1  1  1  1  2  1  2  1  2  2  2  1  1  2  2  2  2  2  1  2  2  2  2  2  1  2  2  2  2  2  2
  5 Biopic                  65  24  0 17   1  1  1  1  1  1  2  1  1  1  1  1  1  1  2  2  1  2  1  2  2  2  1  1  2  2  1  2  2  2  2  2  2  2  2  2  2  2  2  2  2  2
  6 Bugbrain                61  22  2 17   1  1  0  1  1  1  1  1  1  1  1  1  1  2  1  0  2  2  1  2  1  2  1  2  1  1  2  2  2  2  2  2  2  2  2  2  2  2  2  2  2  2
  7 Yomi AI                 59  21  3 17   0  1  1  0  0  1  1  1  1  1  1  1  1  1  1  2  1  2  1  2  1  2  1  2  2  2  1  2  2  1  2  2  2  2  2  2  2  2  2  2  2  2
  8 RussRocker4             58  22  5 14   0  0  1  0  1  1  1  1  1  1  1  1  1  0  1  2  1  2  1  2  1  2  0  2  2  2  2  2  2  2  2  1  2  2  2  2  2  2  2  2  2  2
  9 Robertot                58  20  3 18   1  1  0  0  1  1  1  1  1  1  1  1  1  1  1  1  1  2  0  2  2  2  1  2  1  1  2  2  2  2  2  1  2  2  2  2  2  2  2  2  2  2
 10 Boom                    58  18  1 22   1  1  1  1  1  1  1  1  1  1  1  1  0  1  1  1  1  2  1  2  2  1  1  1  2  1  2  2  2  1  2  1  2  2  2  2  2  2  2  2  2  2
 11 ACT-R Lag2              58  20  3 18   0  1  1  0  1  1  1  1  1  1  1  1  1  1  2  1  1  2  0  2  1  2  1  2  2  1  1  2  2  1  2  2  2  2  2  2  2  2  2  2  2  2
 12 Shofar                  57  16  0 25   1  1  1  1  1  1  1  1  1  1  1  1  1  1  1  1  1  2  1  2  1  1  1  1  1  1  1  2  2  2  2  1  2  2  2  2  2  2  2  2  2  2
 13 Majikthise              57  17  1 23   1  1  1  1  1  1  1  1  1  2  1  1  1  2  1  1  2  1  1  1  0  2  1  1  2  1  1  2  2  1  2  2  1  1  2  2  2  2  2  2  2  2
 14 Vroomfondel             53  14  2 25   1  1  1  1  1  0  1  2  1  1  1  1  0  1  1  1  1  1  1  2  1  2  1  1  2  1  1  2  1  1  2  2  1  1  2  2  1  2  2  2  2  2
 15 Sweet Rocky             52  16  5 20   0  1  0  1  0  1  1  1  1  1  0  1  1  1  1  1  1  0  1  1  2  1  1  1  1  1  1  2  2  2  2  2  2  2  2  2  2  2  2  2  2  2
 16 Simple Predictor        51  18  8 15   0  0  0  0  0  2  0  0  1  1  1  1  1  1  1  1  1  1  0  1  1  2  1  1  2  1  2  2  2  2  2  1  2  2  2  2  2  2  2  2  2  2
 17 Piedra                  50  14  5 22   1  0  0  1  1  0  1  1  1  1  1  1  0  1  1  1  1  1  0  1  1  1  1  1  1  1  1  2  2  1  2  2  2  2  2  2  2  2  2  2  2  2
 18 Marble                  48  20 13  8   0  0  0  0  0  0  0  0  0  0  0  0  1  1  2  1  1  1  0  1  2  1  1  2  2  2  1  2  2  2  2  2  2  2  2  2  2  2  2  2  2  2
 19 * De Bruijn             47   8  2 31   1  1  2  1  1  1  1  1  2  1  2  1  1  1  1  2  2  2  1  0  1  1  1  2  1  1  1  1  1  1  1  1  1  1  1  1  1  2  1  1  0  1
 20 Granite                 45  17 13 11   0  0  0  0  0  0  0  0  0  0  0  0  1  0  1  1  1  1  2  1  1  2  1  1  2  1  1  2  2  1  2  2  2  2  2  2  2  2  2  2  2  2
 21 * Anti-rotn             45  13  9 19   0  0  0  0  0  1  1  1  0  0  1  1  2  1  0  1  1  0  1  1  1  1  1  1  2  1  1  2  1  1  1  2  2  1  2  2  2  2  2  2  2  2
 22 ZQ Bot                  42  15 14 12   0  0  0  0  0  0  0  0  0  1  0  1  0  0  1  0  1  1  1  0  1  1  1  1  1  2  1  2  2  1  2  2  2  2  2  2  2  2  2  2  2  2
 23 * Pi                    41   1  1 39   1  1  1  1  1  1  1  2  1  1  1  1  1  1  1  1  1  1  1  1  1  1  1  1  1  1  1  1  1  1  1  1  1  1  1  1  0  1  1  1  1  1
 24 Mixed Strategy          41  11 11 19   1  0  0  1  1  0  0  0  0  1  0  1  1  1  1  1  1  0  0  1  1  1  1  1  0  1  1  0  2  2  1  1  2  2  1  2  2  2  2  2  2  2
 25 Inocencio               41  16 16  9   0  0  0  0  0  1  0  0  1  0  0  1  0  0  1  0  1  0  1  0  0  1  1  2  1  2  1  2  2  2  2  2  0  2  2  2  2  2  2  2  2  2
 26 * Foxtrot               33   1  9 31   0  0  1  0  0  1  0  0  1  1  1  1  1  1  1  1  1  0  1  1  1  0  1  1  0  1  2  1  1  1  1  1  1  1  1  1  1  1  1  1  1  1
 27 * Add-drift             33   2 10 29   0  0  0  0  1  0  1  0  0  0  1  1  1  1  1  0  1  1  1  1  1  1  1  1  1  0  1  1  1  1  1  2  1  1  1  1  1  1  1  2  1  1
 28 Multi-strategy          32  13 22  6   0  0  0  0  0  0  0  0  0  0  0  0  0  0  0  0  0  0  1  0  0  0  1  2  0  1  1  1  2  2  1  2  2  1  2  2  2  2  2  2  2  2
 29 Peterbot                28   9 22 10   0  0  0  0  0  0  0  0  0  0  0  0  0  1  0  0  0  0  1  0  1  0  1  0  0  1  1  0  1  1  1  2  2  1  2  2  1  2  2  2  2  2
 30 * Copy-drift            27   0 14 27   0  0  0  1  0  0  1  0  0  1  1  0  1  1  0  0  1  0  1  1  1  1  1  0  0  1  1  0  1  1  1  1  1  1  1  1  1  1  1  1  1  1
 31 Knucklehead             26   6 21 14   0  0  0  0  0  0  0  0  0  0  0  0  0  0  0  0  0  0  1  0  1  0  1  1  0  1  1  1  1  1  1  1  2  2  1  1  1  2  2  2  2  1
 32 * Flat                  21   2 22 17   0  0  0  0  0  0  0  1  1  1  0  1  0  0  0  1  0  0  1  0  0  0  1  1  0  1  0  0  0  1  1  1  2  0  1  1  1  2  1  1  0  1
 33 Beat The Last Move      21   6 26  9   0  0  0  0  0  0  0  0  0  0  0  0  1  1  0  0  0  0  1  0  0  0  1  0  2  1  1  0  0  1  0  0  1  1  0  0  2  2  1  2  2  2
 34 * Add-react             20   1 22 18   0  0  0  0  0  0  0  0  0  0  0  0  1  1  0  0  0  0  1  0  1  0  1  0  0  1  1  1  1  1  0  2  1  1  1  1  1  1  0  1  1  1
 35 Always Switchin'        19   2 24 15   0  0  0  0  0  0  0  0  0  0  0  0  0  0  0  0  0  0  1  0  0  0  1  1  0  1  1  0  0  1  1  1  2  1  1  2  1  1  1  1  1  1
 36 * Switch A Lot          17   1 25 15   0  0  0  1  0  0  0  0  0  0  0  0  0  0  0  0  0  0  1  0  0  0  1  0  0  1  1  0  0  1  1  1  2  1  0  1  1  1  1  1  1  1
 37 * Text                  17   2 26 13   0  0  0  0  0  0  0  0  0  0  0  0  0  1  0  0  0  0  1  0  0  0  2  0  0  1  1  0  1  1  1  1  0  1  1  1  1  0  1  0  2  1
 38 Beat Frequent Pick      16   4 29  8   0  0  0  0  0  0  0  0  0  0  0  0  0  0  0  0  0  0  0  0  0  0  1  0  0  1  1  0  0  1  0  0  0  1  1  1  2  1  1  2  2  2
 39 Rotate R-P-S            15   1 27 13   0  0  0  0  0  0  0  0  0  0  0  0  0  0  0  0  0  0  1  0  0  0  1  0  0  1  1  0  0  1  0  1  1  2  1  1  1  1  1  1  0  1
 40 Good Ole Rock           15   3 29  9   0  0  0  0  0  0  0  0  0  0  0  0  0  0  0  0  0  0  1  0  0  0  1  0  0  1  0  0  0  1  0  1  0  1  1  1  2  0  1  1  2  2
 41 * Anti-Flat             14   3 30  8   0  0  0  0  0  0  0  0  0  0  0  0  0  0  0  0  0  0  2  0  0  0  1  0  0  1  1  0  0  1  0  2  0  1  1  1  0  0  2  0  1  1
 42 R-P-S 20-20-60          13   0 28 13   0  0  0  0  0  0  0  0  0  0  0  0  0  0  0  0  0  0  1  0  0  0  1  0  0  1  1  0  0  1  1  1  0  1  1  1  1  0  1  0  1  1


   Yomi AI is match ranked 7

 Tournament results:
    Player Name          total 
  1 Yomi AI               4869 
 15 * Anti-rotn           5120 
 19 Iocaine Powder       11407 
 20 Phasenbott           10723 
 21 MegaHAL               9492 
 22 RussRocker4           7569 
 23 Biopic                8871 
 24 Simple Modeller       9778 
 25 Simple Predictor      6758 
 26 Robertot              7367 
 27 Boom                  7060 
 28 Shofar                6213 
 29 ACT-R Lag2            6974 
 31 Vroomfondel           4891 
 32 Granite               6741 
 33 Marble                6708 
 34 ZQ Bot                5351 
 35 Sweet Rocky           5935 
 36 Piedra                6035 
 41 Bugbrain              6090 

   Yomi is tournament ranked 20

