 Playing 1 tournaments with 1000 trials per match...

 Yomi AI            vs Good Ole Rock       Match: 1000 (1000+   0-   0=)
 Yomi AI            vs R-P-S 20-20-60      Match:  276 (514+ 238- 248=)
 Yomi AI            vs Rotate R-P-S        Match:  997 (998+   1-   1=)
 Yomi AI            vs Beat The Last Move  Match:  394 (610+ 216- 174=)
 Yomi AI            vs Always Switchin'    Match:  229 (483+ 254- 263=)
 Yomi AI            vs Beat Frequent Pick  Match:  637 (780+ 143-  77=)
 Yomi AI            vs * Pi                Match:   -6 (346+ 352- 302=)
 Yomi AI            vs * Switch A Lot      Match:  146 (411+ 265- 324=)
 Yomi AI            vs * Flat              Match:   40 (373+ 333- 294=)
 Yomi AI            vs * Anti-Flat         Match:  999 (999+   0-   1=)
 Yomi AI            vs * Foxtrot           Match:  413 (608+ 195- 197=)
 Yomi AI            vs * De Bruijn         Match:  -52 (310+ 362- 328=)
 Yomi AI            vs * Text              Match:  147 (433+ 286- 281=)
 Yomi AI            vs * Anti-rotn         Match:    0 (356+ 356- 288=)
 Yomi AI            vs * Copy-drift        Match:  -26 (320+ 346- 334=)
 Yomi AI            vs * Add-react         Match:   64 (393+ 329- 278=)
 Yomi AI            vs * Add-drift         Match:    8 (340+ 332- 328=)
 Yomi AI            vs Iocaine Powder      Match: -784 ( 10+ 794- 196=)
 Yomi AI            vs Phasenbott          Match: -796 ( 11+ 807- 182=)
 Yomi AI            vs MegaHAL             Match:  -29 (343+ 372- 285=)
 Yomi AI            vs RussRocker4         Match:    6 (378+ 372- 250=)
 Yomi AI            vs Biopic              Match:  -45 (427+ 472- 101=)
 Yomi AI            vs Simple Modeller     Match:  -40 (323+ 363- 314=)
 Yomi AI            vs Simple Predictor    Match:   41 (375+ 334- 291=)
 Yomi AI            vs Robertot            Match:  -10 (340+ 350- 310=)
 Yomi AI            vs Boom                Match:  -18 (325+ 343- 332=)
 Yomi AI            vs Shofar              Match:  -42 (329+ 371- 300=)
 Yomi AI            vs ACT-R Lag2          Match:  -28 (322+ 350- 328=)
 Yomi AI            vs Majikthise          Match:  -20 (328+ 348- 324=)
 Yomi AI            vs Vroomfondel         Match:  -16 (333+ 349- 318=)
 Yomi AI            vs Granite             Match:   75 (438+ 363- 199=)
 Yomi AI            vs Marble              Match:   48 (422+ 374- 204=)
 Yomi AI            vs ZQ Bot              Match:   81 (410+ 329- 261=)
 Yomi AI            vs Sweet Rocky         Match:   47 (373+ 326- 301=)
 Yomi AI            vs Piedra              Match:   42 (381+ 339- 280=)
 Yomi AI            vs Mixed Strategy      Match:  149 (444+ 295- 261=)
 Yomi AI            vs Multi-strategy      Match:  271 (525+ 254- 221=)
 Yomi AI            vs Inocencio           Match:   78 (408+ 330- 262=)
 Yomi AI            vs Peterbot            Match:  271 (523+ 252- 225=)
 Yomi AI            vs Bugbrain            Match:   25 (355+ 330- 315=)
 Yomi AI            vs Knucklehead         Match:  485 (653+ 168- 179=)
 Final results (draw value = 50):

 Tournament results: 

    Player Name          total     1    2    3    4    5    6    7    8    9   10   11   12   13   14   15   16   17   18   19   20   21   22   23   24   25   26   27   28   29   30   31   32   33   34   35   36   37   38   39   40   41   42
  1 Iocaine Powder       12399     0  229   61   13   26    8  526  -25   38  134  256   47  252   65   12    8   44  296  784   16  -19   70  355   67  -53  772  188  135  355  228  257  104   72  577  887  326  380  942  990  994  989  993
  2 Phasenbott           10474  -229    0   53   27   18   30  519   34   80   77  201   64  218   32    6  -12   62  283  796   96  -24   61  229   26  -23  201   71   51  380   59  294   74  135  377  892  225  189  960  986  995  992  969
  3 MegaHAL               9720   -61  -53    0  -46    1    5  110   19   37   99  265   49  254   14  -46   34   65  264   29   66  -14    8  224   -7   29  181  224   46   87  195  259  142  217  404  930  453  331  932  990  998  990  996
  4 Simple Modeller       8775   -13  -27   46    0    8   22  -22   51   34  238   32   48  126  -15    9   56   53  280   40   53   -3   -4  173  -49  -22  790  252  232  -10   30  111  111  170  246  329  421  406  592  993  997  994  997
  5 Biopic                8708   -26  -18   -1   -8    0   23  -16   -2   35   65  147   62  158   59   -1  -16   18  112   45   -9   35  -62  176   -5  -54  101  -13   94  374  155   33  166  198  471  755  375  406  892  996  997  998  993
  6 Robertot              7919    -8  -30   -5  -22  -23    0  -30   -2    1   39   73   44   33   27   -3   13   74   58   10   17   17  -53  194  -30   45   57   73   82   20   35   62  184   88  436  795  465  414  817  967  995  992  998
  7 RussRocker4           7618  -526 -519 -110   22   16   30    0   26   34  135  187   42  171    0    2  -13   49  160   -6   40  -10   -1  304  -23  -25  136  115  106  152  133  317   43  117  460  900  248  339  590  992  999  990  996
  8 Boom                  7421    25  -34  -19  -51    2    2  -26    0   45  -35   59   55   15  -27  -29  -26   66  109   18  -16  -71  -21  308  -17  -16  436   56   82  -31  116   80  125  180  457   82  420  371  753  991  997  990 1000
  9 Sweet Rocky           7159   -38  -80  -37  -34  -35   -1  -34  -45    0  -40  -51   39  -11  -35  -43  -29   51  -57  -47  -32  -35  -37  116  -32  -10  755   46   33    6  115  371  148  195  200  663  263  351  593  993  996  990  998
 10 Simple Predictor      7040  -134  -77  -99 -238  -65  -39 -135   35   40    0   37   38  -26  -61    8    4   46  161  -41   51  -13  -15  179  -73   19  429  249  286  -17   45   96  149  249  255  323  417  407  587  985  996  986  996
 11 Marble                6548  -256 -201 -265  -32 -147  -73 -187  -59   51  -37    0    1  -57 -134  -26  -81   48   56  -48   -7  -17  -39  291  -84   -4  652   45   36   87  162   85  174  233  279  908  229  389  591  992  998  995 1000
 12 Piedra                6463   -47  -64  -49  -48  -62  -44  -42  -55  -39  -38   -1    0  -45  -36  -18  -43   -8   -6  -42  -34   13  -23  102  -42   21  -45   31  -17   -5  218  383  176  210  271  693  289  351  589  987  995  995  992
 13 Granite               6438  -252 -218 -254 -126 -158  -33 -171  -15   11   26   57   45    0 -179  -82  -21   49   20  -75   16  -26  -32  238  -96  -20  640    3   38   16  115  105  177  145  307  921  263  429  591  996  999  993  996
 14 ACT-R Lag2            6345   -65  -32  -14   15  -59  -27    0   27   35   61  134   36  179    0   -9   21   49  125   28   35   -5   -3  403  -60   -4   56   22   88  -30  162   34   89  126  506  287  265  305  589   -1  997  994  986
 15 Shofar                6215   -12   -6   46   -9    1    3   -2   29   43   -8   26   18   82    9    0   43   44   87   42   38   26  -29  143  -48  -18   50  -11   96  -14   42  -22   99  121  152  122  433  240  552  904  984  937  982
 16 Bugbrain              6094    -8   12  -34  -56   16  -13   13   26   29   -4   81   43   21  -21  -43    0   65  186  -25   10   16   15  110  -17    4   31   69   74    7   67  101   70   88  146  286  207  209  395  961  988  969 1000
 17 * Anti-rotn           5420   -44  -62  -65  -53  -18  -74  -49  -66  -51  -46  -48    8  -49  -49  -44  -65    0  -58    0  -21   30   -1  268  -45  -43  758   -3   27   -9  228   22   53  306   56   44  491   98  499  500  998  998  999
 18 ZQ Bot                5100  -296 -283 -264 -280 -112  -58 -160 -109   57 -161  -56    6  -20 -125  -87 -186   58    0  -81   17  -21  -48  181   12  -34  -48   75   59  -11  236  195  165  186  271  829  203  414  593  991  996  999  997
 19 Yomi AI               5057  -784 -796  -29  -40  -45  -10    6  -18   47   41   48   42   75  -28  -42   25    0   81    0  149  -16  -20  271  -52   -6   78    8  -26  413   40   64  147  146  485  271  229  276  637  394 1000  997  999
 20 Mixed Strategy        4815   -16  -96  -66  -53    9  -17  -40   16   32  -51    7   34  -16  -35  -38  -10   21  -17 -149    0  -54   10   42  -59  -42  148  -12   34   -2  -14   66  122    6  237   -9   36  366  475  978  990  982 1000
 21 Vroomfondel           4635    19   24   14    3  -35  -17   10   71   35   13   17  -13   26    5  -26  -16  -30   21   16   54    0   13  179  -18    4   71    3  -16   20   76    5   16   78  196    7  291  147  404  -12  995  992  993
 22 Majikthise            4607   -70  -61   -8    4   62   53    1   21   37   15   39   23   32    3   29  -15    1   48   20  -10  -13    0  214  -31    8   56   -5  -20   21   66   22    5   54  202   -1  229  139  443   18  992  997  987
 23 Multi-strategy        2287  -355 -229 -224 -173 -176 -194 -304 -308 -116 -179 -291 -102 -238 -403 -143 -110 -268 -181 -271  -42 -179 -214    0  -50  -20  -86   22  231  -20   75   42  123  291   33  500  483  374  999  997  999  997  997
 24 * De Bruijn            916   -67  -26    7   49    5   30   23   17   32   73   84   42   96   60   48   17   45  -12   52   59   18   31   50    0   -1   25   13  -10   -6   -7    9   23    4   15   -5   32   47  128   -1    0   21 -104
 25 * Pi                   302    53   23  -29   22   54  -45   25   16   10  -19    4  -21   20    4   18   -4   43   34    6   42   -4   -8   20    1    0   13   24  -11   20   11  -20  -81    3   15   29    7   11   30   22  -11  -11  -14
 26 Inocencio               61  -772 -201 -181 -790 -101  -57 -136 -436 -755 -429 -652   45 -640  -56  -50  -31 -758   48  -78 -148  -71  -56   86  -25  -13    0    8  163  325  127   86  147  149  255  131  252  417  358  959  986  979  976
 27 * Add-drift          -1651  -188  -71 -224 -252   13  -73 -115  -56  -46 -249  -45  -31   -3  -22   11  -69    3  -75   -8   12   -3    5  -22  -13  -24   -8    0  -18   42    0   74  -20    3  -12  -50  -17    6  -49  -24  -64   27    4
 28 * Copy-drift         -2048  -135  -51  -46 -232  -94  -82 -106  -82  -33 -286  -36   17  -38  -88  -96  -74  -27  -59   26  -34   16   20 -231   10   11 -163   18    0  -39   18   -3    0   40  -48  -65  -43  -42   -3  -46   12   29   17
 29 * Foxtrot            -2182  -355 -380  -87   10 -374  -20 -152   31   -6   17  -87    5  -16   30   14   -7    9   11 -413    2  -20  -21   20    6  -20 -325  -42   39    0   -9    1  -31   36    7  -16   -2  -16   -3   -4  -26   30  -18
 30 * Flat               -2748  -228  -59 -195  -30 -155  -35 -133 -116 -115  -45 -162 -218 -115 -162  -42  -67 -228 -236  -40   14  -76  -66  -75    7  -11 -127    0  -18    9    0  -42   12   42    7 -149   32   28  230  217   -1   -7 -393
 31 * Add-react          -2975  -257 -294 -259 -111  -33  -62 -317  -80 -371  -96  -85 -383 -105  -34   22 -101  -22 -195  -64  -66   -5  -22  -42   -9   20  -86  -74    3   -1   42    0    1  -21  -13  -19  -28   10    8   47  -15   -4  146
 32 * Text               -3092  -104  -74 -142 -111 -166 -184  -43 -125 -148 -149 -174 -176 -177  -89  -99  -70  -53 -165 -147 -122  -16   -5 -123  -23   81 -147   20    0   31  -12   -1    0   23  -63   26  -35   13 -185  -74 -185  -11  112
 33 * Switch A Lot       -3740   -72 -135 -217 -170 -198  -88 -117 -180 -195 -249 -233 -210 -145 -126 -121  -88 -306 -186 -146   -6  -78  -54 -291   -4   -3 -149   -3  -40  -36  -42   21  -23    0   14 -137   30  -23  -12  295    9   15  -41
 34 Knucklehead          -3771  -577 -377 -404 -246 -471 -436 -460 -457 -200 -255 -279 -271 -307 -506 -152 -146  -56 -271 -485 -237 -196 -202  -33  -15  -15 -255   12   48   -7   -7   13   63  -14    0   23  -16   -4  149  622  888  824  944
 35 Peterbot             -6162  -887 -892 -930 -329 -755 -795 -900  -82 -663 -323 -908 -693 -921 -287 -122 -286  -44 -829 -271    9   -7    1 -500    5  -29 -131   50   65   16  149   19  -26  137  -23    0  241  370  438  981  998  999  993
 36 Always Switchin'     -7261  -326 -225 -453 -421 -375 -465 -248 -420 -263 -417 -229 -289 -263 -265 -433 -207 -491 -203 -229  -36 -291 -229 -483  -32   -7 -252   17   43    2  -32   28   35  -30   16 -241    0  -18   31  526  -20  -31  -35
 37 R-P-S 20-20-60       -8869  -380 -189 -331 -406 -406 -414 -339 -371 -351 -407 -389 -351 -429 -305 -240 -209  -98 -414 -276 -366 -147 -139 -374  -47  -11 -417   -6   42   16  -28  -10  -13   23    4 -370   18    0 -416 -145 -407   -2  231
 38 Beat Frequent Pick  -14323  -942 -960 -932 -592 -892 -817 -590 -753 -593 -587 -591 -589 -591 -589 -552 -395 -499 -593 -637 -475 -404 -443 -999 -128  -30 -358   49    3    3 -230   -8  185   12 -149 -438  -31  416    0 -600  999    0  997
 39 Beat The Last Move  -19366  -990 -986 -990 -993 -996 -967 -992 -991 -993 -985 -992 -987 -996    1 -904 -961 -500 -991 -394 -978   12  -18 -997    1  -22 -959   24   46    4 -217  -47   74 -295 -622 -981 -526  145  600    0 1000    1  996
 40 Good Ole Rock       -26059  -994 -995 -998 -997 -997 -995 -999 -997 -996 -996 -998 -995 -999 -997 -984 -988 -998 -996 -1000 -990 -995 -992 -999    0   11 -986   64  -12   26    1   15  185   -9 -888 -998   20  407 -999 -1000    0    0  999
 41 Rotate R-P-S        -26250  -989 -992 -990 -994 -998 -992 -990 -990 -990 -986 -995 -995 -993 -994 -937 -969 -998 -999 -997 -982 -992 -997 -997  -21   11 -979  -27  -29  -30    7    4   11  -15 -824 -999   31    2    0   -1    0    0 -635
 42 * Anti-Flat         -28039  -993 -969 -996 -997 -993 -998 -996 -1000 -998 -996 -1000 -992 -996 -986 -982 -1000 -999 -997 -999 -1000 -993 -987 -997  104   14 -976   -4  -17   18  393 -146 -112   41 -944 -993   35 -231 -997 -996 -999  635    0

 Match results (draw <= 50): 

    Player Name           total  W  L  D   1  2  3  4  5  6  7  8  9 10 11 12 13 14 15 16 17 18 19 20 21 22 23 24 25 26 27 28 29 30 31 32 33 34 35 36 37 38 39 40 41 42
  1 Phasenbott              70  30  1 10   1  0  1  2  1  1  2  1  1  2  1  1  1  2  2  2  2  2  2  2  1  2  2  1  2  2  2  2  2  2  2  2  2  2  2  2  2  2  2  2  2  2
  2 Iocaine Powder          69  29  1 11   2  1  1  2  1  1  2  1  1  2  1  2  1  1  2  1  2  2  2  1  2  2  1  0  2  2  2  2  2  2  2  2  2  2  2  2  2  2  2  2  2  2
  3 Simple Modeller         64  23  0 18   1  1  1  1  1  2  1  1  2  1  1  1  1  1  1  1  2  1  2  2  1  2  2  1  2  1  2  2  2  2  2  2  1  2  2  2  2  2  2  2  2  2
  4 MegaHAL                 63  24  2 15   0  0  1  1  1  1  2  1  1  1  1  1  1  1  1  1  2  2  2  2  1  2  2  1  2  2  2  2  2  1  2  2  2  2  2  2  2  2  2  2  2  2
  5 Biopic                  61  22  2 17   1  1  1  1  1  1  1  1  1  1  1  2  1  1  0  2  2  2  2  1  1  2  1  0  2  2  1  2  2  2  1  2  2  2  2  2  2  2  2  2  2  2
  6 Boom                    60  21  2 18   1  1  0  1  1  1  1  1  1  1  1  1  0  1  1  2  1  2  1  2  1  2  1  1  2  1  2  2  2  2  2  2  2  2  2  2  2  2  2  2  2  2
  7 RussRocker4             59  21  3 17   0  0  1  0  1  1  1  1  1  1  1  1  1  1  1  1  2  2  2  1  1  2  1  1  2  2  2  2  2  2  2  2  2  2  1  2  2  2  2  2  2  2
  8 Robertot                59  19  1 21   1  1  1  1  1  1  1  1  1  1  1  1  1  1  0  1  1  2  1  2  1  2  1  1  2  1  2  2  2  2  2  2  1  2  2  2  2  2  2  2  2  2
  9 Bugbrain                59  19  1 21   1  1  0  1  1  1  1  1  1  1  1  1  1  1  1  1  1  2  1  2  1  2  1  1  1  1  2  2  2  2  2  2  2  2  2  2  2  2  2  2  2  2
 10 Yomi AI                 56  18  3 20   0  0  1  1  1  1  1  1  1  1  1  1  1  1  1  1  1  1  2  1  0  2  2  1  2  2  1  2  2  1  2  2  1  2  2  2  2  2  2  2  2  2
 11 Shofar                  56  15  0 26   1  1  1  1  1  1  1  1  1  1  1  1  1  1  1  1  1  1  2  1  1  2  1  1  1  1  1  2  2  2  1  2  1  2  2  2  2  2  2  2  2  2
 12 ACT-R Lag2              56  18  3 20   1  0  1  1  0  1  1  1  1  1  1  1  1  1  1  1  2  2  2  1  0  2  1  1  2  1  1  2  2  2  1  2  2  1  2  2  2  2  2  2  2  2
 13 Vroomfondel             54  13  0 28   1  1  1  1  1  2  1  1  1  1  1  1  1  1  1  1  1  1  1  1  1  1  2  1  2  1  1  2  1  1  1  2  2  1  1  2  2  2  2  2  2  2
 14 Sweet Rocky             54  16  3 22   0  1  1  1  1  1  1  1  1  1  1  1  1  1  1  1  1  0  1  2  1  0  1  1  2  1  1  2  2  1  2  2  2  2  2  2  2  2  2  2  2  2
 15 Majikthise              52  13  2 26   0  0  1  1  2  1  1  2  1  1  1  1  1  1  1  1  1  1  1  1  1  1  1  1  2  1  1  2  1  1  1  2  2  1  1  2  2  2  2  2  2  2
 16 Piedra                  52  14  3 24   0  1  1  1  0  0  1  1  1  1  1  1  1  1  1  1  1  1  1  1  1  1  1  1  1  1  1  2  2  1  2  2  2  2  2  2  2  2  2  2  2  2
 17 Simple Predictor        51  18  8 15   0  0  0  0  0  1  0  1  1  1  1  0  1  1  1  1  1  1  1  1  0  2  2  1  2  1  2  2  2  2  2  2  1  2  2  2  2  2  2  2  2  2
 18 Marble                  48  18 11 12   0  0  1  0  0  0  0  0  0  1  1  0  1  2  1  1  1  1  0  1  0  2  1  1  2  2  1  2  2  1  2  2  2  2  2  2  2  2  2  2  2  2
 19 Granite                 47  16 10 15   0  0  0  0  0  1  0  1  1  0  0  0  1  1  1  1  1  2  1  1  0  1  1  1  2  1  1  2  2  1  2  2  2  2  2  2  2  2  2  2  2  2
 20 * Anti-rotn             46  13  8 20   0  1  0  0  1  0  1  0  0  1  1  1  1  0  1  1  1  1  1  1  1  0  1  1  2  1  1  2  1  1  1  2  2  2  2  2  2  2  2  2  2  2
 21 * De Bruijn             46   7  2 32   1  0  1  1  1  1  1  1  1  2  1  2  1  1  1  1  2  2  2  1  1  1  2  1  1  1  1  1  1  1  1  1  1  1  1  1  1  1  2  1  1  0
 22 ZQ Bot                  45  18 14  9   0  0  0  0  0  0  0  0  0  0  0  0  1  2  1  1  0  0  1  2  1  1  1  1  1  1  2  2  2  2  2  2  2  2  2  2  2  2  2  2  2  2
 23 Mixed Strategy          44  10  7 24   0  1  0  0  1  1  1  1  1  0  1  1  0  1  1  1  0  1  1  1  0  1  1  1  2  1  1  1  1  1  2  2  1  2  2  1  1  2  2  2  2  2
 24 * Pi                    42   2  1 38   1  2  1  1  2  1  1  1  1  1  1  1  1  1  1  1  1  1  1  1  1  1  1  1  1  1  1  1  1  1  1  1  1  1  0  1  1  1  1  1  1  1
 25 Inocencio               39  16 18  7   0  0  0  0  0  0  0  0  1  0  1  0  0  0  0  1  0  0  0  0  1  1  0  1  1  2  1  2  2  2  2  2  2  2  2  2  2  2  2  2  2  2
 26 * Foxtrot               33   0  8 33   0  0  1  0  0  1  0  1  1  0  1  1  1  1  1  1  1  0  1  1  1  1  1  1  0  1  1  1  1  1  1  1  1  1  1  1  1  1  1  1  1  1
 27 * Add-drift             31   1 11 29   0  0  0  0  1  0  0  0  0  1  1  1  1  1  1  1  0  1  1  1  1  0  1  1  1  1  1  1  1  1  2  1  1  1  1  1  1  0  1  1  1  1
 28 Multi-strategy          31  12 22  7   0  0  0  0  0  0  0  0  0  0  0  0  0  0  0  0  0  0  0  0  1  0  1  1  0  1  1  1  2  2  1  1  2  2  2  2  2  2  2  2  2  2
 29 Peterbot                31  10 20 11   0  0  0  0  0  0  0  0  0  0  0  0  1  0  1  0  0  0  0  1  1  0  1  1  0  1  1  0  1  2  1  1  2  2  1  2  2  2  2  2  2  2
 30 * Copy-drift            26   0 15 26   0  0  0  1  0  0  0  0  0  1  0  0  1  1  1  1  0  1  1  1  1  0  1  1  0  1  1  0  0  1  1  1  1  1  1  1  1  1  1  1  1  1
 31 * Add-react             24   1 18 22   0  0  0  0  1  0  0  0  0  0  1  1  1  0  1  0  0  0  0  1  1  0  0  1  0  1  0  1  1  1  1  1  1  1  1  1  1  1  1  1  1  2
 32 Knucklehead             24   6 23 12   0  0  0  0  0  0  0  0  0  0  0  0  0  0  0  0  0  0  0  0  1  0  0  1  0  1  1  1  1  1  1  1  1  2  2  1  1  2  2  1  2  2
 33 * Flat                  23   2 20 19   0  0  1  0  0  0  0  1  0  1  1  0  0  0  0  0  1  0  0  0  1  0  1  1  0  1  1  0  0  1  1  1  1  2  1  1  1  1  2  1  1  0
 34 Beat The Last Move      20   5 26 10   0  0  0  0  0  0  0  0  0  0  0  1  1  0  1  0  0  0  0  0  1  0  0  1  0  1  1  0  0  1  1  0  0  1  2  0  0  2  2  2  1  2
 35 * Text                  18   2 25 14   0  0  0  0  0  0  1  0  0  0  0  0  1  0  1  0  0  0  0  0  1  0  0  2  0  1  1  0  1  1  1  0  1  0  1  1  1  0  0  1  1  2
 36 Always Switchin'        18   1 24 16   0  0  0  0  0  0  0  0  0  0  0  0  0  0  0  0  0  0  0  0  1  0  1  1  0  1  1  0  0  1  1  1  1  2  1  1  1  1  1  1  1  1
 37 * Switch A Lot          18   1 24 16   0  0  0  0  0  0  0  0  0  0  0  0  0  0  0  0  0  0  0  0  1  0  1  1  0  1  1  0  0  1  1  1  1  2  1  1  1  1  1  1  1  1
 38 Good Ole Rock           17   4 28  9   0  0  0  0  0  0  0  0  0  0  0  0  0  0  0  0  0  0  0  0  1  0  0  1  0  1  2  0  0  1  1  0  1  0  2  1  1  1  0  2  1  2
 39 Beat Frequent Pick      16   4 29  8   0  0  0  0  0  0  0  0  0  0  0  0  0  0  0  0  0  0  0  0  0  0  0  1  0  1  1  0  0  1  1  0  0  0  2  1  1  2  1  2  1  2
 40 R-P-S 20-20-60          14   1 28 12   0  0  0  0  0  0  0  0  0  0  0  0  0  0  0  0  0  0  0  0  1  0  0  1  0  1  1  0  0  1  1  1  1  0  1  1  1  0  0  1  1  2
 41 Rotate R-P-S            14   0 27 14   0  0  0  0  0  0  0  0  0  0  0  0  0  0  0  0  0  0  0  0  1  0  0  1  0  1  1  0  0  1  1  0  1  1  1  1  1  1  1  1  1  0
 42 * Anti-Flat             12   3 32  6   0  0  0  0  0  0  0  0  0  0  0  0  0  0  0  0  0  0  0  0  2  0  0  1  0  1  1  0  0  1  0  0  2  0  0  1  1  0  0  0  2  1


   Yomi AI is match ranked 10

 Tournament results:
    Player Name          total 
  1 Yomi AI               5057 
 15 * Anti-rotn           5420 
 19 Iocaine Powder       12399 
 20 Phasenbott           10474 
 21 MegaHAL               9720 
 22 RussRocker4           7618 
 23 Biopic                8708 
 24 Simple Modeller       8775 
 25 Simple Predictor      7040 
 26 Robertot              7919 
 27 Boom                  7421 
 28 Shofar                6215 
 29 ACT-R Lag2            6345 
 32 Granite               6438 
 33 Marble                6548 
 34 ZQ Bot                5100 
 35 Sweet Rocky           7159 
 36 Piedra                6463 
 41 Bugbrain              6094 

   Yomi is tournament ranked 19

