 Playing 1 tournaments with 1000 trials per match...

 Yomi AI            vs Good Ole Rock       Match: 1000 (1000+   0-   0=)
 Yomi AI            vs R-P-S 20-20-60      Match:  244 (494+ 250- 256=)
 Yomi AI            vs Rotate R-P-S        Match:  997 (998+   1-   1=)
 Yomi AI            vs Beat The Last Move  Match:  295 (541+ 246- 213=)
 Yomi AI            vs Always Switchin'    Match:  250 (499+ 249- 252=)
 Yomi AI            vs Beat Frequent Pick  Match:  591 (753+ 162-  85=)
 Yomi AI            vs * Pi                Match:   -5 (346+ 351- 303=)
 Yomi AI            vs * Switch A Lot      Match:  125 (397+ 272- 331=)
 Yomi AI            vs * Flat              Match:  133 (414+ 281- 305=)
 Yomi AI            vs * Anti-Flat         Match:  999 (999+   0-   1=)
 Yomi AI            vs * Foxtrot           Match:  384 (597+ 213- 190=)
 Yomi AI            vs * De Bruijn         Match:  -49 (314+ 363- 323=)
 Yomi AI            vs * Text              Match:  138 (429+ 291- 280=)
 Yomi AI            vs * Anti-rotn         Match:   61 (360+ 299- 341=)
 Yomi AI            vs * Copy-drift        Match:   38 (355+ 317- 328=)
 Yomi AI            vs * Add-react         Match:   96 (399+ 303- 298=)
 Yomi AI            vs * Add-drift         Match:   55 (361+ 306- 333=)
 Yomi AI            vs Iocaine Powder      Match: -804 ( 15+ 819- 166=)
 Yomi AI            vs Phasenbott          Match: -802 ( 13+ 815- 172=)
 Yomi AI            vs MegaHAL             Match:  -44 (317+ 361- 322=)
 Yomi AI            vs RussRocker4         Match:  -20 (371+ 391- 238=)
 Yomi AI            vs Biopic              Match:  -53 (395+ 448- 157=)
 Yomi AI            vs Simple Modeller     Match:    0 (352+ 352- 296=)
 Yomi AI            vs Simple Predictor    Match:   63 (401+ 338- 261=)
 Yomi AI            vs Robertot            Match:   30 (390+ 360- 250=)
 Yomi AI            vs Boom                Match:   19 (346+ 327- 327=)
 Yomi AI            vs Shofar              Match:   -4 (332+ 336- 332=)
 Yomi AI            vs ACT-R Lag2          Match:    2 (335+ 333- 332=)
 Yomi AI            vs Majikthise          Match:  -12 (342+ 354- 304=)
 Yomi AI            vs Vroomfondel         Match:   35 (358+ 323- 319=)
 Yomi AI            vs Granite             Match:  109 (449+ 340- 211=)
 Yomi AI            vs Marble              Match:  148 (486+ 338- 176=)
 Yomi AI            vs ZQ Bot              Match:  164 (482+ 318- 200=)
 Yomi AI            vs Sweet Rocky         Match:   21 (370+ 349- 281=)
 Yomi AI            vs Piedra              Match:   39 (371+ 332- 297=)
 Yomi AI            vs Mixed Strategy      Match:   84 (413+ 329- 258=)
 Yomi AI            vs Multi-strategy      Match:  229 (491+ 262- 247=)
 Yomi AI            vs Inocencio           Match:  154 (459+ 305- 236=)
 Yomi AI            vs Peterbot            Match:   24 (364+ 340- 296=)
 Yomi AI            vs Bugbrain            Match:   32 (349+ 317- 334=)
 Yomi AI            vs Knucklehead         Match:  444 (634+ 190- 176=)
 Final results (draw value = 50):

 Tournament results: 

    Player Name          total     1    2    3    4    5    6    7    8    9   10   11   12   13   14   15   16   17   18   19   20   21   22   23   24   25   26   27   28   29   30   31   32   33   34   35   36   37   38   39   40   41   42
  1 Iocaine Powder       11787     0   47   71   54   61  161   12  503    1  262  274  -25   21   80   45   55  290  804   62  -24   81   84  371    9  170   59  240   48  375  167  575   90  335  106  875  199  361  923  985 1000  988  992
  2 Phasenbott           10520   -47    0   -2    6   34   97   67  522   32  199  212   -7    8   61   71   66  278  802   50   23  -31  -32  174   22  206    0    9  134  378   37  403   66  302  105  923  252  181  934  993  999  993 1000
  3 MegaHAL              10294   -71    2    0    2   12  103    5   66   26  232  256   18    2   22   19   53  246   44   77   12  -25   32  204   -1  964  -61   80  189   19  145  380  142  306  211  883  402  365  963  988  999  994  989
  4 Simple Modeller       9658   -54   -6   -2    0  -15  270   38    8   39   98  106    0   74  -36  113   43  292    0   79  -15   -4   41  181  -22  800  -24  252  272   -1  124  228  136  111  255  809  504  392  587  993  998  994 1000
  5 Biopic                9171   -61  -34  -12   15    0   55   61  -30   22  165  130  -10  -10   67   76   35  114   53   40  -19    7   49  288    1  184   38  152   47  390  165  506  154   95  110  988  310  415  634  995  999  995  992
  6 Simple Predictor      8023  -161  -97 -103 -270  -55    0   -4 -108   32   36   33   10   12  -61   40   42  144  -63   63  -63   -2   43  179  -62  782  -21  225  368  -16   87  262  154  112  230  873  414  414  592  986  996  986  994
  7 Robertot              7699   -12  -67   -5  -38  -61    4    0  -33  -48   38   77    8   -9    8   53   72  108  -30   88   10   -8    7  250  -33   84  -24  -41   26  -22   78  405  166   95  136  666  491  360  915  995  999  993  998
  8 RussRocker4           7697  -503 -522  -66   -8   30  108   33    0   30  146  176  -21    3  -27   20   77  187   20   64  -35  -15   44  312  -54  137  -12  139   72  135  128  555   82  335  122  907  225  290  602  992  999  995  995
  9 Boom                  7088    -1  -32  -26  -39  -22  -32   48  -30    0   50   27  -50  -16  -20   52   40   60  -19   47  -19  -51   35  220   -6  103  -27   11    4   24   78  417   92  105   98  454  402  390  753  991  995  990  992
 10 Granite               6648  -262 -199 -232  -98 -165  -36  -38 -146  -50    0  -57  -36  -89 -100   38    9   15 -109   92  -79  -23   12  322  -86  650  -31   54   75   82  159  301  179  151  236  850  277  397  594  996 1000  995 1000
 11 Marble                6445  -274 -212 -256 -106 -130  -33  -77 -176  -27   57    0  -48  -84 -135   41   57   80 -148   33  -18   -4   -3  248  -43  649   -9   28   88   54  190  246  181   96  110  874  214  408  592  991  998  993 1000
 12 Shofar                6266    25    7  -18    0   10  -10   -8   21   50   36   48    0   31   -8   43   43   94    4   24    9   18    5  156  -50   66   11   91   13   -7   59  108  123    9  150  113  421  263  557  902  970  922  965
 13 Bugbrain              6031   -21   -8   -2  -74   10  -12    9   -3   16   89   84  -31    0   -5   26   47  154  -32   52  -15   49  119  165  -36   72  -19   54   83  -10   21  126   37   93  136  120  281  143  415  971  972  975  980
 14 ACT-R Lag2            5935   -80  -61  -22   36  -67   61   -8   27   20  100  135    8    5    0   53   -2  107   -2   42   18  -16   49  250  -90   81   16  -20   26   -4   76  559   77   33  135  201  232  327  579   60  999  998  997
 15 Piedra                5668   -45  -71  -19 -113  -76  -40  -53  -20  -52  -38  -41  -43  -26  -53    0   44  -54  -39   73  -49  -45    8  107    0  -65  -15   23   35  -27  157  176  169  370  160  147  265  347  594  999  996  992  990
 16 Sweet Rocky           5494   -55  -66  -53  -43  -35  -42  -72  -77  -40   -9  -57  -43  -47    2  -44    0  -28  -21  -35   -8  -82  -12  -15  -12  -38  -24   16   40  -29  103  254  165  303   81  435  172  343  590  994  997  995  991
 17 ZQ Bot                5350  -290 -278 -246 -292 -114 -144 -108 -187  -60  -15  -80  -94 -154 -107   54   28    0 -164   41  -23  -13   39  251  -58  -38   -9   56   88   12  140  326  146  234  131  994  327  387  593  989  996  994  998
 18 Yomi AI               5210  -804 -802  -44    0  -53   63   30  -20   19  109  148   -4   32    2   39   21  164    0   61  -12   35   84  229  -49  154   -5   38   55  384  133  444  138   96  125   24  250  244  591  295 1000  997  999
 19 * Anti-rotn           5205   -62  -50  -77  -79  -40  -63  -88  -64  -47  -92  -33  -24  -52  -42  -73   35  -41  -61    0  -96   33   52  244  -41  651  -51   -6   21  -49  221   55   53  -41  335   20  512  154  598  500  998  999  996
 20 Majikthise            4867    24  -23  -12   15   19   63  -10   35   19   79   18   -9   15  -18   49    8   23   12   96    0   12    7  161  -25   78   -1  -32  -14   13   40  225   51  -14  113   49  265  160  408   -8  997  990  989
 21 Vroomfondel           4621   -81   31   25    4   -7    2    8   15   51   23    4  -18  -49   16   45   82   13  -35  -33  -12    0   65  141  -10   36    6   13   28   28   30  185   67   -3   93  -19  235  240  452  -19  991  991  987
 22 Mixed Strategy        4591   -84   32  -32  -41  -49  -43   -7  -44  -35  -12    3   -5 -119  -49   -8   12  -39  -84  -52   -7  -65    0  -18  -35    0  -28   96   35   22   15   84  177   16   54  283   80  390  465  918  994  979  792
 23 Multi-strategy        2133  -371 -174 -204 -181 -288 -179 -250 -312 -220 -322 -248 -156 -165 -250 -107   15 -251 -229 -244 -161 -141   18    0  -50 -111  -20  259  -18   55  124   12  123   62  296  -47  482  395  999  997  999  997  999
 24 * De Bruijn            857    -9  -22    1   22   -1   62   33   54    6   86   43   50   36   90    0   12   58   49   41   25   10   35   50    0   47   -1   47    6   21  -19   -7   23   34  -21   -5    5  -47  128   -1    0   21 -105
 25 Inocencio              369  -170 -206 -964 -800 -184 -782  -84 -137 -103 -650 -649  -66  -72  -81   65   38   38 -154 -651  -78  -36    0  111  -47    0  -23  123    5  319  161  198  156   66   81  104  222  369  359  946  979  988  978
 26 * Pi                   266   -59    0   61   24  -38   21   24   12   27   31    9  -11   19  -16   15   24    9    5   51    1   -6   28   20    1   23    0    6   21   51  -17  -38  -81  -20  -15   10   46    9   30   22  -11  -11  -11
 27 * Copy-drift         -1895  -240   -9  -80 -252 -152 -225   41 -139  -11  -54  -28  -91  -54   20  -23  -16  -56  -38    6   32  -13  -96 -259  -47 -123   -6    0   59    4   11  -69    1   56    3  -46  -19   -3  -10  -12   -7   -1   51
 28 * Add-drift          -2104   -48 -134 -189 -272  -47 -368  -26  -72   -4  -75  -88  -13  -83  -26  -35  -40  -88  -55  -21   14  -28  -35   18   -6   -5  -21  -59    0  -26   -6  -15   32  -64   -6  -41  -51  -61    5  -14  -19   -8  -24
 29 * Foxtrot            -2257  -375 -378  -19    1 -390   16   22 -135  -24  -82  -54    7   10    4   27   29  -12 -384   49  -13  -28  -22  -55  -21 -319  -51   -4   26    0    0   19    2    7  -27  -35  -12    5  -14   13  -18   -6  -16
 30 * Flat               -2793  -167  -37 -145 -124 -165  -87  -78 -128  -78 -159 -190  -59  -21  -76 -157 -103 -140 -133 -221  -40  -30  -15 -124   19 -161   17  -11    6    0    0    5   -3  -46    0 -231   16   10  220  201    2   47 -407
 31 Knucklehead          -2977  -575 -403 -380 -228 -506 -262 -405 -555 -417 -301 -246 -108 -126 -559 -176 -254 -326 -444  -55 -225 -185  -84  -12    7 -198   38   69   15  -19   -5    0   -4   96    2    0    8   -3  172  758 1000  947  972
 32 * Text               -3187   -90  -66 -142 -136 -154 -154 -166  -82  -92 -179 -181 -123  -37  -77 -169 -165 -146 -138  -53  -51  -67 -177 -123  -23 -156   81   -1  -32   -2    3    4    0   31  -21   22   20   -2 -185  -74 -185  -11  112
 33 * Add-react          -3496  -335 -302 -306 -111  -95 -112  -95 -335 -105 -151  -96   -9  -93  -33 -370 -303 -234  -96   41   14    3  -16  -62  -34  -66   20  -56   64   -7   46  -96  -31    0   20  -21    3  -26    0  -50   -4  -63    6
 34 * Switch A Lot       -3516  -106 -105 -211 -255 -110 -230 -136 -122  -98 -236 -110 -150 -136 -135 -160  -81 -131 -125 -335 -113  -93  -54 -296   21  -81   15   -3    6   27    0   -2   21  -20    0 -139  -47  -14   -9  310   11    3  -87
 35 Peterbot             -5973  -875 -923 -883 -809 -988 -873 -666 -907 -454 -850 -874 -113 -120 -201 -147 -435 -994  -24  -20  -49   19 -283   47    5 -104  -10   46   41   35  231    0  -22   21  139    0  257  402  435  982 1000  998  993
 36 Always Switchin'     -7099  -199 -252 -402 -504 -310 -414 -491 -225 -402 -277 -214 -421 -281 -232 -265 -172 -327 -250 -512 -265 -235  -80 -482   -5 -222  -46   19   51   12  -16   -8  -20   -3   47 -257    0    4   59  507   15  -30    6
 37 R-P-S 20-20-60       -8668  -361 -181 -365 -392 -415 -414 -360 -290 -390 -397 -408 -263 -143 -327 -347 -343 -387 -244 -154 -160 -240 -390 -395   47 -369   -9    3   61   -5  -10    3    2   26   14 -402   -4    0 -461 -197 -428   17  410
 38 Beat Frequent Pick  -14260  -923 -934 -963 -587 -634 -592 -915 -602 -753 -594 -592 -557 -415 -579 -594 -590 -593 -591 -598 -408 -452 -465 -999 -128 -359  -30   10   -5   14 -220 -172  185    0    9 -435  -59  461    0 -600  999    0 1000
 39 Beat The Last Move  -19296  -985 -993 -988 -993 -995 -986 -995 -992 -991 -996 -991 -902 -971  -60 -999 -994 -989 -295 -500    8   19 -918 -997    1 -946  -22   12   14  -13 -201 -758   74   50 -310 -982 -507  197  600    0 1000    1  997
 40 Good Ole Rock       -26227  -1000 -999 -999 -998 -999 -996 -999 -999 -995 -1000 -998 -970 -972 -999 -996 -997 -996 -1000 -998 -997 -991 -994 -999    0 -979   11    7   19   18   -2 -1000  185    4  -11 -1000  -15  428 -999 -1000    0    0  998
 41 Rotate R-P-S        -26328  -988 -993 -994 -994 -995 -986 -993 -995 -990 -995 -993 -922 -975 -998 -992 -995 -994 -997 -999 -990 -991 -979 -997  -21 -988   11    1    8    6  -47 -947   11   63   -3 -998   30  -17    0   -1    0    0 -691
 42 * Anti-Flat         -27817  -992 -1000 -989 -1000 -992 -994 -998 -995 -992 -1000 -1000 -965 -980 -997 -990 -991 -998 -999 -996 -989 -987 -792 -999  105 -978   11  -51   24   16  407 -972 -112   -6   87 -993   -6 -410 -1000 -997 -998  691    0

 Match results (draw <= 50): 

    Player Name           total  W  L  D   1  2  3  4  5  6  7  8  9 10 11 12 13 14 15 16 17 18 19 20 21 22 23 24 25 26 27 28 29 30 31 32 33 34 35 36 37 38 39 40 41 42
  1 Iocaine Powder          73  32  0  9   1  1  2  2  2  2  2  1  1  1  1  2  1  2  2  2  2  1  2  2  1  2  2  2  2  2  2  2  2  1  2  2  2  2  2  2  2  2  2  2  2  2
  2 Phasenbott              67  26  0 15   1  1  1  1  1  2  2  1  2  1  1  2  1  1  2  2  2  2  1  2  1  1  2  1  2  2  2  2  1  2  2  1  2  2  2  2  2  2  2  2  2  2
  3 Biopic                  65  25  1 15   0  1  1  1  1  1  2  1  2  1  1  2  1  1  2  2  2  2  1  1  1  1  2  1  2  2  2  2  2  1  2  2  2  2  2  2  2  2  2  2  2  2
  4 Simple Modeller         64  24  1 16   0  1  1  1  1  1  1  2  1  1  1  1  1  1  2  2  2  2  1  1  1  2  2  1  2  2  1  2  2  2  2  2  2  2  2  2  2  2  2  2  2  2
  5 MegaHAL                 63  24  2 15   0  1  1  1  1  2  1  1  1  1  1  1  1  1  2  2  2  1  1  2  1  2  2  0  2  2  1  2  2  2  2  2  2  2  2  2  2  2  2  2  2  2
  6 RussRocker4             61  24  4 13   0  0  1  1  0  1  1  1  1  1  1  1  1  1  2  2  2  1  1  2  0  2  2  1  2  2  2  2  2  2  2  2  2  2  2  2  2  2  2  2  2  2
  7 Yomi AI                 60  22  3 16   0  0  0  1  1  1  1  1  1  1  1  1  1  1  2  2  2  1  2  1  1  2  2  1  2  2  2  1  1  2  2  2  2  2  2  2  2  2  2  2  2  2
  8 Bugbrain                60  20  1 20   1  1  1  0  1  1  1  1  1  1  1  1  1  1  2  1  2  1  2  1  1  2  2  1  2  2  1  2  2  2  2  1  2  2  2  1  2  2  2  2  2  2
  9 Robertot                59  20  2 19   1  0  0  1  1  1  1  1  1  1  1  1  1  1  2  1  1  2  1  2  1  2  2  1  2  2  1  2  1  1  2  2  2  2  2  2  2  2  2  2  2  2
 10 Boom                    57  17  1 23   1  1  1  1  1  1  1  1  1  1  1  1  1  0  1  1  1  2  1  1  1  1  2  1  2  2  1  2  1  1  2  2  2  2  2  2  2  2  2  2  2  2
 11 Shofar                  57  16  0 25   1  1  1  1  1  1  1  1  1  1  1  1  1  1  1  1  1  1  1  1  1  1  2  1  2  2  1  2  2  1  2  2  1  2  2  2  2  2  2  2  2  2
 12 ACT-R Lag2              56  19  4 18   0  0  0  1  1  1  1  1  1  1  1  1  1  1  2  2  2  2  1  1  0  1  2  1  2  2  1  2  1  1  2  2  1  2  2  2  2  2  2  2  2  2
 13 Majikthise              55  14  0 27   1  1  1  1  1  1  1  1  1  1  1  1  1  1  1  2  2  1  1  1  1  2  1  1  2  2  1  1  1  1  2  1  1  1  2  2  2  2  2  2  2  2
 14 Vroomfondel             53  13  1 27   0  1  1  1  1  1  1  1  1  2  1  1  1  1  1  1  1  1  2  2  1  1  1  1  1  2  1  1  1  1  2  1  1  1  2  2  2  2  2  2  2  2
 15 Marble                  51  20 10 11   0  0  0  0  0  0  0  0  0  1  1  0  1  1  1  1  2  1  1  2  1  1  2  1  2  2  2  2  1  2  2  2  2  2  2  2  2  2  2  2  2  2
 16 Simple Predictor        50  19 10 12   0  0  0  0  0  0  0  1  1  1  1  0  0  1  1  1  1  1  1  1  0  2  2  1  2  2  1  2  2  2  2  2  2  2  2  2  2  2  2  2  2  2
 17 Granite                 48  19 12 10   0  0  0  0  0  0  0  0  1  1  1  0  0  1  0  1  1  1  1  1  0  2  1  1  2  2  2  2  2  2  2  2  2  2  2  2  2  2  2  2  2  2
 18 Piedra                  48  15  8 18   1  0  0  0  1  1  1  1  0  0  1  0  1  1  1  1  1  1  1  1  1  2  0  1  0  2  1  2  1  1  2  2  2  2  2  2  2  2  2  2  2  2
 19 Mixed Strategy          48  12  5 24   0  1  1  1  1  1  0  0  1  1  1  1  1  0  1  1  1  1  1  1  1  0  1  1  1  1  1  2  2  1  2  1  1  2  2  2  2  2  2  2  2  2
 20 Sweet Rocky             47  13  7 21   0  0  1  1  0  0  1  1  0  1  1  1  1  0  0  1  1  1  1  1  1  1  1  1  1  1  1  2  1  1  2  2  2  2  2  2  2  2  2  2  2  2
 21 * De Bruijn             46   6  1 34   1  1  1  1  1  2  1  1  1  1  1  2  1  1  1  2  2  1  1  1  1  1  2  1  1  1  1  1  1  1  1  1  1  1  1  1  1  1  2  1  1  0
 22 * Anti-rotn             43  14 12 15   0  1  1  0  0  0  0  0  0  1  1  1  0  1  1  0  0  0  2  1  1  1  1  0  2  2  1  1  1  1  2  2  1  2  2  2  2  2  2  2  2  2
 23 ZQ Bot                  43  17 15  9   0  0  0  0  0  0  0  0  0  0  0  0  1  1  0  0  1  2  1  1  0  1  1  1  1  2  1  2  2  2  2  2  2  2  2  2  2  2  2  2  2  2
 24 * Pi                    42   3  2 36   0  1  1  1  2  1  1  1  1  1  1  1  1  1  1  1  1  1  1  1  1  2  1  1  1  1  2  1  1  1  1  1  1  1  1  0  1  1  1  1  1  1
 25 Inocencio               41  17 17  7   0  0  0  0  0  0  0  0  0  0  0  0  0  1  0  0  0  2  1  1  1  0  1  1  1  2  2  2  2  1  2  2  2  2  2  2  2  2  2  2  2  2
 26 Multi-strategy          33  13 21  7   0  0  0  0  0  0  0  0  0  0  0  0  0  0  0  0  0  0  1  1  1  0  0  1  0  1  2  1  2  1  1  2  2  2  2  2  2  2  2  2  2  2
 27 * Foxtrot               31   0 10 31   0  0  0  1  1  0  0  1  1  1  1  1  1  1  0  1  0  1  1  1  1  1  1  0  0  0  1  1  1  1  1  1  1  1  1  1  1  1  1  1  1  1
 28 Peterbot                31   9 19 13   0  0  0  0  0  0  1  0  0  0  0  0  1  1  0  0  0  0  0  0  1  1  0  1  0  1  1  1  1  1  1  2  1  2  2  1  2  2  2  2  2  2
 29 * Copy-drift            30   3 14 24   0  1  0  0  0  0  1  0  1  1  0  1  1  1  1  0  0  1  0  1  1  1  0  1  0  0  1  1  1  2  0  1  2  1  1  1  1  1  1  1  1  2
 30 * Add-drift             27   0 14 27   1  0  1  0  0  0  0  0  1  1  1  1  1  1  0  0  0  1  1  1  1  1  0  1  1  1  1  1  0  1  1  1  0  1  0  1  1  1  1  1  0  1
 31 Knucklehead             25   7 23 11   0  0  0  0  0  0  0  0  0  0  0  0  0  0  0  0  0  0  0  0  1  0  0  1  0  1  1  1  2  1  1  1  2  2  1  1  1  2  2  2  1  2
 32 * Flat                  22   2 21 18   0  1  0  0  0  0  0  1  0  0  0  0  1  1  0  0  0  0  1  0  1  0  0  1  0  0  1  0  1  1  1  1  1  2  1  1  1  1  2  1  1  0
 33 * Add-react             21   1 21 19   0  0  0  0  0  0  0  0  0  0  1  1  1  1  0  0  0  0  1  0  1  1  0  1  0  0  1  1  0  2  0  1  1  1  1  1  1  1  1  0  1  1
 34 Beat The Last Move      19   5 27  9   0  0  0  0  0  0  0  0  0  0  0  0  1  1  0  0  0  0  0  0  1  0  0  1  0  0  1  0  1  1  0  0  1  1  0  2  0  2  2  1  2  2
 35 Always Switchin'        19   3 25 13   0  0  0  0  0  0  0  0  0  0  0  0  0  0  0  0  0  0  0  0  1  0  0  1  0  0  1  0  1  2  1  1  1  2  1  1  1  1  2  1  1  1
 36 * Text                  17   2 26 13   0  0  0  0  0  0  0  1  0  0  0  0  0  0  0  0  0  0  0  0  1  0  0  2  0  0  1  1  1  1  1  1  1  0  1  1  1  0  0  1  1  2
 37 * Switch A Lot          16   1 26 14   0  0  0  0  0  0  0  0  0  0  0  0  0  0  0  0  0  0  0  0  1  0  0  1  0  0  1  0  1  1  1  1  1  2  1  1  1  1  1  1  1  0
 38 Good Ole Rock           16   3 28 10   0  0  0  0  0  0  0  0  0  0  0  0  0  0  0  0  0  0  0  0  1  0  0  1  0  0  1  0  1  1  0  1  1  0  1  2  1  1  0  1  2  2
 39 Beat Frequent Pick      15   4 30  7   0  0  0  0  0  0  0  0  0  0  0  0  0  0  0  0  0  0  0  0  0  0  0  1  0  0  1  0  1  1  0  0  1  0  0  2  1  2  1  1  2  2
 40 Rotate R-P-S            15   1 27 13   0  0  0  0  0  0  0  0  0  0  0  0  0  0  0  0  0  0  0  0  1  0  0  1  0  0  1  0  1  1  0  1  2  1  1  1  1  1  1  1  1  0
 41 R-P-S 20-20-60          15   2 28 11   0  0  0  0  0  0  0  0  0  0  0  0  0  0  0  0  0  0  0  0  1  0  0  1  0  0  1  0  1  2  1  1  1  0  1  1  1  0  0  1  1  2
 42 * Anti-Flat             13   4 32  5   0  0  0  0  0  0  0  0  0  0  0  0  0  0  0  0  0  0  0  0  2  0  0  1  0  0  1  0  0  1  0  2  1  0  1  0  2  0  0  2  0  1


   Yomi AI is match ranked 7

 Tournament results:
    Player Name          total 
  1 Yomi AI               5210 
 19 Iocaine Powder       11787 
 20 Phasenbott           10520 
 21 MegaHAL              10294 
 22 RussRocker4           7697 
 23 Biopic                9171 
 24 Simple Modeller       9658 
 25 Simple Predictor      8023 
 26 Robertot              7699 
 27 Boom                  7088 
 28 Shofar                6266 
 29 ACT-R Lag2            5935 
 32 Granite               6648 
 33 Marble                6445 
 34 ZQ Bot                5350 
 35 Sweet Rocky           5494 
 36 Piedra                5668 
 41 Bugbrain              6031 

   Yomi is tournament ranked 18

