 Playing 1 tournaments with 1000 trials per match...

 Yomi AI            vs Good Ole Rock       Match: 1000 (1000+   0-   0=)
 Yomi AI            vs R-P-S 20-20-60      Match:  357 (572+ 215- 213=)
 Yomi AI            vs Rotate R-P-S        Match:  997 (998+   1-   1=)
 Yomi AI            vs Beat The Last Move  Match:  677 (788+ 111- 101=)
 Yomi AI            vs Always Switchin'    Match:  254 (514+ 260- 226=)
 Yomi AI            vs Beat Frequent Pick  Match:  592 (794+ 202-   4=)
 Yomi AI            vs * Pi                Match:  -63 (301+ 364- 335=)
 Yomi AI            vs * Switch A Lot      Match:  138 (423+ 285- 292=)
 Yomi AI            vs * Flat              Match:  105 (419+ 314- 267=)
 Yomi AI            vs * Anti-Flat         Match:  998 (999+   1-   0=)
 Yomi AI            vs * Foxtrot           Match:  383 (595+ 212- 193=)
 Yomi AI            vs * De Bruijn         Match:  -18 (329+ 347- 324=)
 Yomi AI            vs * Text              Match:  161 (432+ 271- 297=)
 Yomi AI            vs * Anti-rotn         Match:   54 (379+ 325- 296=)
 Yomi AI            vs * Copy-drift        Match:  -33 (330+ 363- 307=)
 Yomi AI            vs * Add-react         Match:  102 (396+ 294- 310=)
 Yomi AI            vs * Add-drift         Match:   24 (345+ 321- 334=)
 Yomi AI            vs Iocaine Powder      Match: -354 (183+ 537- 280=)
 Yomi AI            vs Phasenbott          Match: -366 (140+ 506- 354=)
 Yomi AI            vs MegaHAL             Match:  -80 (327+ 407- 266=)
 Yomi AI            vs RussRocker4         Match:  -54 (392+ 446- 162=)
 Yomi AI            vs Biopic              Match: -157 (374+ 531-  95=)
 Yomi AI            vs Simple Modeller     Match:    0 (352+ 352- 296=)
 Yomi AI            vs Simple Predictor    Match:   52 (391+ 339- 270=)
 Yomi AI            vs Robertot            Match:    1 (385+ 384- 231=)
 Yomi AI            vs Boom                Match:  -49 (321+ 370- 309=)
 Yomi AI            vs Shofar              Match:   20 (364+ 344- 292=)
 Yomi AI            vs ACT-R Lag2          Match:  -10 (344+ 354- 302=)
 Yomi AI            vs Majikthise          Match:   16 (361+ 345- 294=)
 Yomi AI            vs Vroomfondel         Match:   39 (362+ 323- 315=)
 Yomi AI            vs Granite             Match:   37 (443+ 406- 151=)
 Yomi AI            vs Marble              Match:   96 (488+ 392- 120=)
 Yomi AI            vs ZQ Bot              Match:  103 (465+ 362- 173=)
 Yomi AI            vs Sweet Rocky         Match:   30 (367+ 337- 296=)
 Yomi AI            vs Piedra              Match:   11 (356+ 345- 299=)
 Yomi AI            vs Mixed Strategy      Match:   40 (384+ 344- 272=)
 Yomi AI            vs Multi-strategy      Match:  385 (601+ 216- 183=)
 Yomi AI            vs Inocencio           Match:   78 (443+ 365- 192=)
 Yomi AI            vs Peterbot            Match:  339 (584+ 245- 171=)
 Yomi AI            vs Bugbrain            Match:  -24 (325+ 349- 326=)
 Yomi AI            vs Knucklehead         Match:  594 (722+ 128- 150=)
 Final results (draw value = 50):

 Tournament results: 

    Player Name          total     1    2    3    4    5    6    7    8    9   10   11   12   13   14   15   16   17   18   19   20   21   22   23   24   25   26   27   28   29   30   31   32   33   34   35   36   37   38   39   40   41   42
  1 Iocaine Powder       11168     0   12   73   38   29  179  515   21   29   36   10  267  231  354  322  -16   10   47  -37   62   45   63  307    9   59  185  169  232  375  167  283   90  106  579  895  199  335  923  985 1000  988  992
  2 Phasenbott           10568   -12    0   71   51   17   82  530   99   32   35   64  203  203  366  279    3   58   78   46   50   63   30  221   22    0  166  148  143  378   37  287   66  105  396  934  252  150  934  993  994  994 1000
  3 MegaHAL              10041   -73  -71    0  -22   20   51   82    5   38   26  -13  227  228   80  243  -29  -20   74   26   77   77  -10  199   -1  -61  948  181   84   19  145  268  142  211  349  858  402  354  963  988  999  988  989
  4 Simple Modeller       8917   -38  -51   22    0   43  230    4    9   26   36   -8   36  129    0  286  -28   13   14  -35   79  113   52  177  -22  -24  747  230  231   -1  124  112  136  255  239  326  504  377  587  993  999  995 1000
  5 Biopic                8584   -29  -17  -20  -43    0   76  -26   49   59   12  -21  114  131  157   97  -34   -4   35  -16   40   64  -12  234    1   38  176    0   66  390  165   87  154  110  529  716  310  380  634  995  998  997  992
  6 Simple Predictor      8003  -179  -82  -51 -230  -76    0  -62  -42   24   19  -63  -12   17  -52  179   -4    5   66  -41   63   88   -9  179  -62  -21  672  306  223  -16   87  103  154  230  328  864  414  427  592  986  996  989  994
  7 RussRocker4           7758  -515 -530  -82   -4   26   62    0   28   47   40  -23  126  176   54  137   49   20   37   -1   64   31  -11  361  -54  -12  156  144   83  135  128  345   82  122  500  921  225  309  602  992 1000  993  995
  8 Robertot              7600   -21  -99   -5   -9  -49   42  -28    0   23  -43  -25   50   32   -1   69   27   26   15   24   88   32   -6  308  -33  -24   -6   41   42  -22   78   88  166  136  496  442  491  358  915  995  997  992  998
  9 Piedra                7271   -29  -32  -38  -26  -59  -24  -47  -23    0  -52  -26  -27  -40  -11  -85  -38  -34   -2  -35   44  -26  -23   99    0  -15  520   44   53  -27  157  296  169  160  281  999  265  333  594  999  995  992  990
 10 Boom                  7038   -36  -35  -26  -36  -12  -19  -40   43   52    0  -32   57   33   49  -33   -2  -28  -42  -26   47    4   47  169   -6  -27   44   27   39   24   78   82   92   98  454  494  402  380  753  991  997  990  992
 11 ACT-R Lag2            6986   -10  -64   13    8   21   63   23   25   26   32    0  135  111   10  102   22   12   36  -20   38   51  -44  351  -90   16  678   51   -3   -4   76   80   77  135  528  235  232  401  579   60  999  998  997
 12 Granite               6874  -267 -203 -227  -36 -114   12 -126  -50   27  -57 -135    0   27  -37   38  -44 -105   45  -31   46   16    5  228  -86  -31  650   38   16   82  159  102  179  236  334  924  277  398  594  996  999  995 1000
 13 Marble                6496  -231 -203 -228 -129 -131  -17 -176  -32   40  -33 -111  -27    0  -96  -24  -43  -93   38  -27   54   -3  -87  365  -43   -9  637   12   87   54  190   95  181  110  272  892  214  424  592  991  998  993 1000
 14 Yomi AI               6475  -354 -366  -80    0 -157   52  -54    1   11  -49  -10   37   96    0  103   20  -24   30   39   54   40   16  385  -18  -63   78   24  -33  383  105  102  161  138  594  339  254  357  592  677 1000  997  998
 15 ZQ Bot                6359  -322 -279 -243 -286  -97 -179 -137  -69   85   33 -102  -38   24 -103    0 -104 -172   45  -66   57   59  -30  264  -58   -9  797   87   36   12  140  375  146  131  249  826  327  389  593  989  997  994  998
 16 Shofar                6270    16   -3   29   28   34    4  -49  -27   38    2  -22   44   43  -20  104    0  -12   31   -7   28   44   16  104  -26  -28   68    4  112  -24   86   75  152  134   71  211  415  251  555  902  982  924  981
 17 Bugbrain              5948   -10  -58   20  -13    4   -5  -20  -26   34   28  -12  105   93   24  172   12    0   10    0   40    5   15  134  -36  -19   67   80   49  -10   21   89   37  136  106  160  281  115  415  971  979  975  980
 18 Sweet Rocky           5505   -47  -78  -74  -14  -35  -66  -37  -15    2   42  -36  -45  -38  -30  -45  -31  -10    0  -41   49    8  -22  156  -12  -24  -63   88   92  -29  103  -41  165   81  199  277  172  338  590  994  996  995  991
 19 Vroomfondel           4680    37  -46  -26   35   16   41    1  -24   35   26   20   31   27  -39   66    7    0   41    0    0   54  -21  179  -10    6   30   -4  -16   28   30   16   67   93  169    0  235  166  452  -19  999  991  987
 20 * Anti-rotn           4568   -62  -50  -77  -79  -40  -63  -64  -88  -44  -47  -38  -46  -54  -54  -57  -28  -40  -49    0    0    8   21  256  -41  -51  -34   21   -6  -49  221  -41   53  335   37   68  512  147  598  500  999  998  996
 21 Mixed Strategy        4540   -45  -63  -77 -113  -64  -88  -31  -32   26   -4  -51  -16    3  -40  -59  -44   -5   -8  -54   -8    0  -30   43  -35  -28  -37  -11   77   22   15   18  177   54  161  293   80  366  465  918  994  979  792
 22 Majikthise            4444   -63  -30   10  -52   12    9   11    6   23  -47   44   -5   87  -16   30  -16  -15   22   21  -21   30    0  171  -25   -1   53    1  -11   13   40   10   51  113  259    1  265   88  408   -8  997  990  989
 23 Multi-strategy        2252  -307 -221 -199 -177 -234 -179 -361 -308  -99 -169 -351 -228 -365 -385 -264 -104 -134 -156 -179 -256  -43 -171    0  -50  -20 -152   29  280   55  124    3  123  296   97  500  482  384  999  997  999  997  999
 24 * De Bruijn            833    -9  -22    1   22   -1   62   54   33    0    6   90   86   43   18   58   26   36   12   10   41   35   25   50    0   -1   47    6   47   21  -19   34   23  -21   -7   -5    5  -16  128   -1    0   21 -105
 25 * Pi                   367   -59    0   61   24  -38   21   12   24   15   27  -16   31    9   63    9   28   19   24   -6   51   28    1   20    1    0   23   21    6   51  -17  -20  -81  -15  -38   10   46   13   30   22  -11  -11  -11
 26 Inocencio             -179  -185 -166 -948 -747 -176 -672 -156    6 -520  -44 -678 -650 -637  -78 -797  -68  -67   63  -30   34   37  -53  152  -47  -23    0   56  112  319  161   60  156   81  290  189  222  373  359  946  981  988  978
 27 * Add-drift          -2039  -169 -148 -181 -230    0 -306 -144  -41  -44  -27  -51  -38  -12  -24  -87   -4  -80  -88    4  -21   11   -1  -29   -6  -21  -56    0   -8  -26   -6  -83   32   -6  -30   24  -51  -68    5  -14   -9   18  -24
 28 * Copy-drift         -2089  -232 -143  -84 -231  -66 -223  -83  -42  -53  -39    3  -16  -87   33  -36 -112  -49  -92   16    6  -77   11 -280  -47   -6 -112    8    0    4   11   -1    1    3  -21  -44  -19   -7  -10  -12    1  -13   51
 29 * Foxtrot            -2223  -375 -378  -19    1 -390   16 -135   22   27  -24    4  -82  -54 -383  -12   24   10   29  -28   49  -22  -13  -55  -21  -51 -319   26   -4    0    0    7    2  -27   19  -35  -12   -5  -14   13   29  -27  -16
 30 * Flat               -2819  -167  -37 -145 -124 -165  -87 -128  -78 -157  -78  -76 -159 -190 -105 -140  -86  -21 -103  -30 -221  -15  -40 -124   19   17 -161    6  -11    0    0  -46   -3    0    5 -231   16   38  220  201    0   -6 -407
 31 * Add-react          -3084  -283 -287 -268 -112  -87 -103 -345  -88 -296  -82  -80 -102  -95 -102 -375  -75  -89   41  -16   41  -18  -10   -3  -34   20  -60   83    1   -7   46    0  -31   20  -85  -63    3    4    0  -50  -18  -85    6
 32 * Text               -3255   -90  -66 -142 -136 -154 -154  -82 -166 -169  -92  -77 -179 -181 -161 -146 -152  -37 -165  -67  -53 -177  -51 -123  -23   81 -156  -32   -1   -2    3   31    0  -21    4   22   20  -18 -185  -74 -185  -11  112
 33 * Switch A Lot       -3483  -106 -105 -211 -255 -110 -230 -122 -136 -160  -98 -135 -236 -110 -138 -131 -134 -136  -81  -93 -335  -54 -113 -296   21   15  -81    6   -3   27    0  -20   21    0   -2 -139  -47  -37   -9  310    8   59  -87
 34 Knucklehead          -3613  -579 -396 -349 -239 -529 -328 -500 -496 -281 -454 -528 -334 -272 -594 -249  -71 -106 -199 -169  -37 -161 -259  -97    7   38 -290   30   21  -19   -5   85   -4    2    0  -44    8    9  172  758  927  947  972
 35 Peterbot             -6796  -895 -934 -858 -326 -716 -864 -921 -442 -999 -494 -235 -924 -892 -339 -826 -211 -160 -277    0  -68 -293   -1 -500    5  -10 -189  -24   44   35  231   63  -22  139   44    0  257  400  435  982  998  998  993
 36 Always Switchin'     -7027  -199 -252 -402 -504 -310 -414 -225 -491 -265 -402 -232 -277 -214 -254 -327 -415 -281 -172 -235 -512  -80 -265 -482   -5  -46 -222   51   19   12  -16   -3  -20   47   -8 -257    0    5   59  507   22   32    6
 37 R-P-S 20-20-60       -8580  -335 -150 -354 -377 -380 -427 -309 -358 -333 -380 -401 -398 -424 -357 -389 -251 -115 -338 -166 -147 -366  -88 -384   16  -13 -373   68    7    5  -38   -4   18   37   -9 -400   -5    0 -442 -182 -429  -11  402
 38 Beat Frequent Pick  -14278  -923 -934 -963 -587 -634 -592 -602 -915 -594 -753 -579 -594 -592 -592 -593 -555 -415 -590 -452 -598 -465 -408 -999 -128  -30 -359   -5   10   14 -220    0  185    9 -172 -435  -59  442    0 -600  999    0 1000
 39 Beat The Last Move  -19693  -985 -993 -988 -993 -995 -986 -992 -995 -999 -991  -60 -996 -991 -677 -989 -902 -971 -994   19 -500 -918    8 -997    1  -22 -946   14   12  -13 -201   50   74 -310 -758 -982 -507  182  600    0 1000    1  997
 40 Good Ole Rock       -26228  -1000 -994 -999 -999 -998 -996 -1000 -997 -995 -997 -999 -999 -998 -1000 -997 -982 -979 -996 -999 -999 -994 -997 -999    0   11 -981    9   -1  -29    0   18  185   -8 -927 -998  -22  429 -999 -1000    0    0  998
 41 Rotate R-P-S        -26331  -988 -994 -988 -995 -997 -989 -993 -992 -992 -990 -998 -995 -993 -997 -994 -924 -975 -995 -991 -998 -979 -990 -997  -21   11 -988  -18   13   27    6   85   11  -59 -947 -998  -32   11    0   -1    0    0 -687
 42 * Anti-Flat         -27828  -992 -1000 -989 -1000 -992 -994 -995 -998 -990 -992 -997 -1000 -1000 -998 -998 -981 -980 -991 -987 -996 -792 -989 -999  105   11 -978   24  -51   16  407   -6 -112   87 -972 -993   -6 -402 -1000 -997 -998  687    0

 Match results (draw <= 50): 

    Player Name           total  W  L  D   1  2  3  4  5  6  7  8  9 10 11 12 13 14 15 16 17 18 19 20 21 22 23 24 25 26 27 28 29 30 31 32 33 34 35 36 37 38 39 40 41 42
  1 Phasenbott              71  30  0 11   1  1  1  2  2  2  2  1  1  2  2  2  1  2  1  2  1  2  2  2  1  2  1  1  2  2  2  2  2  2  2  1  2  2  2  2  2  2  2  2  2  2
  2 Iocaine Powder          69  28  0 13   1  1  1  2  1  2  1  1  1  1  1  2  1  2  1  1  2  2  2  2  1  1  2  2  2  2  2  2  2  2  2  2  2  2  2  2  2  2  2  2  2  2
  3 Biopic                  65  24  0 17   1  1  1  1  1  1  1  1  1  1  1  2  2  2  1  1  1  2  2  2  1  2  1  1  2  2  2  2  2  1  2  2  2  2  2  2  2  2  2  2  2  2
  4 MegaHAL                 64  26  3 12   0  0  1  1  1  2  1  1  1  1  1  2  1  2  1  2  1  2  2  2  1  2  0  2  2  2  1  2  2  2  2  2  2  2  2  2  2  2  2  2  2  2
  5 Simple Modeller         63  23  1 17   0  1  1  1  1  1  1  1  1  1  1  1  1  2  1  1  2  2  1  2  1  2  1  2  2  2  1  2  2  2  2  2  2  2  2  2  2  2  2  2  2  2
  6 RussRocker4             61  24  4 13   0  0  1  0  1  1  1  1  1  1  1  2  1  2  1  1  1  2  2  2  0  1  1  2  2  2  2  2  2  2  2  2  2  2  2  2  2  2  2  2  2  2
  7 ACT-R Lag2              60  21  2 18   0  1  1  1  1  1  1  1  1  1  1  1  1  2  1  1  1  2  2  2  0  2  1  1  2  2  1  2  1  2  2  2  2  2  2  2  2  2  2  2  2  2
  8 Shofar                  58  17  0 24   1  1  1  1  1  1  1  1  1  1  1  1  1  1  1  1  1  1  1  2  1  1  1  1  2  2  1  2  2  1  2  2  2  2  2  2  2  2  2  2  2  2
  9 Boom                    57  16  0 25   1  1  1  1  1  1  1  1  1  1  1  1  2  1  1  1  1  1  2  1  1  1  1  1  1  2  1  2  1  1  2  2  2  2  2  2  2  2  2  2  2  2
 10 Bugbrain                57  17  1 23   0  1  1  1  1  1  1  1  1  1  1  1  1  1  1  1  1  2  2  2  1  1  1  1  2  2  1  2  1  2  2  1  2  2  2  2  1  2  2  2  2  2
 11 Robertot                56  16  1 24   0  1  1  1  1  1  1  1  1  1  1  1  1  1  1  1  1  1  1  2  1  1  1  2  1  2  1  2  1  1  2  2  2  2  2  2  2  2  2  2  2  2
 12 Yomi AI                 55  20  6 15   0  0  0  0  1  0  1  1  1  1  1  1  1  2  1  1  1  2  1  2  1  1  0  2  2  2  2  2  1  1  2  2  2  2  2  2  2  2  2  2  2  2
 13 Piedra                  54  16  3 22   1  1  0  1  1  1  1  1  0  1  1  1  1  1  1  1  1  1  1  0  1  1  1  1  2  2  1  2  2  1  2  2  2  2  2  2  2  2  2  2  2  2
 14 Simple Predictor        53  21  9 11   0  0  0  0  0  0  0  1  1  1  1  0  1  1  1  2  1  1  1  2  0  2  1  2  2  2  1  2  2  2  2  2  2  2  2  2  2  2  2  2  2  2
 15 Vroomfondel             53  12  0 29   1  1  1  1  1  1  1  1  1  1  1  1  1  1  1  1  1  1  1  2  1  2  1  1  1  2  1  1  1  1  2  1  1  2  1  2  2  2  2  2  2  2
 16 Sweet Rocky             52  15  4 22   0  1  1  0  1  1  1  1  1  1  1  1  1  0  1  1  1  1  1  1  1  1  1  1  0  2  1  2  2  2  2  2  1  2  2  2  2  2  2  2  2  2
 17 Majikthise              51  12  2 27   1  0  1  1  0  1  1  1  1  1  1  1  1  1  1  1  1  2  1  1  1  1  1  1  2  2  1  1  1  1  2  1  1  2  1  2  2  2  2  2  2  2
 18 Marble                  49  18 10 13   0  0  0  0  0  0  0  1  1  0  1  0  1  1  1  1  0  1  1  1  1  1  1  2  2  2  2  2  2  1  2  2  2  2  2  2  2  2  2  2  2  2
 19 Granite                 48  16  9 16   0  0  0  0  1  0  0  1  0  0  1  1  1  1  1  1  1  1  1  1  0  1  1  1  2  2  2  2  1  1  2  2  2  2  2  2  2  2  2  2  2  2
 20 ZQ Bot                  46  19 14  8   0  0  0  0  0  0  0  0  1  0  0  0  2  0  0  1  1  1  1  1  0  2  1  2  2  2  1  2  1  2  2  2  2  2  2  2  2  2  2  2  2  2
 21 * De Bruijn             46   6  1 34   1  1  1  1  1  2  2  1  1  1  1  1  1  2  1  1  1  1  2  2  1  1  1  1  1  1  1  1  1  1  1  1  1  1  1  1  1  1  1  2  1  0
 22 Mixed Strategy          45  12  8 21   0  1  0  0  0  1  0  1  1  1  1  1  1  0  0  1  1  1  1  0  1  1  1  1  1  1  1  2  2  1  2  1  1  2  2  2  2  2  2  2  2  2
 23 * Pi                    43   4  2 35   1  0  1  2  1  1  1  1  1  1  1  2  1  1  1  1  1  1  1  1  1  1  1  2  1  1  2  1  1  1  1  1  1  1  1  1  0  1  1  1  1  1
 24 * Anti-rotn             43  12 10 19   1  0  1  0  0  0  1  1  1  1  0  0  1  0  1  1  1  0  1  0  1  1  0  1  1  2  1  2  1  1  1  2  1  2  2  2  2  2  2  2  2  2
 25 Inocencio               43  18 16  7   0  0  0  0  0  0  0  0  1  0  1  0  0  0  1  2  0  0  0  0  1  1  1  1  1  2  2  2  2  2  2  2  2  2  2  2  2  2  2  2  2  2
 26 Multi-strategy          33  14 22  5   0  0  0  0  0  0  0  0  0  0  0  0  0  0  0  0  0  0  0  0  1  1  1  0  0  1  2  2  2  1  2  2  1  2  2  2  2  2  2  2  2  2
 27 * Foxtrot               31   0 10 31   0  0  0  1  1  0  1  1  1  1  1  0  1  1  1  1  1  0  0  1  1  1  0  1  0  0  1  1  1  1  1  1  1  1  1  1  1  1  1  1  1  1
 28 Peterbot                29  10 22  9   0  0  0  0  0  0  0  0  0  0  0  0  0  0  1  0  1  0  0  0  1  0  1  0  0  0  1  1  1  1  1  2  2  2  2  2  1  2  2  2  2  2
 29 * Copy-drift            28   1 14 26   0  0  0  0  0  0  1  0  1  1  1  1  0  0  1  0  1  0  1  1  1  0  1  1  0  0  1  1  1  1  1  1  1  1  1  1  1  1  1  1  1  2
 30 * Add-drift             27   0 14 27   0  0  1  0  0  0  0  1  1  0  1  1  1  0  1  0  1  1  1  0  1  1  1  1  0  1  1  1  1  1  1  1  0  0  1  1  1  1  0  1  1  1
 31 Knucklehead             24   6 23 12   0  0  0  0  0  0  0  0  0  0  0  0  0  0  0  0  0  0  0  0  1  0  1  1  0  0  1  1  1  1  1  1  2  1  2  1  1  2  1  2  2  2
 32 * Flat                  22   2 21 18   1  0  0  0  0  0  0  0  0  1  0  0  0  0  1  0  1  0  0  0  1  1  1  0  0  0  1  0  1  1  1  1  1  1  2  1  1  1  1  2  1  0
 33 * Add-react             21   1 21 19   0  0  0  0  0  0  0  0  0  0  0  0  0  0  1  1  1  0  0  0  1  1  1  1  0  1  1  0  1  2  0  1  1  1  1  1  1  1  1  1  0  1
 34 Always Switchin'        19   3 25 13   0  0  0  0  0  0  0  0  0  0  0  0  0  0  0  0  0  0  0  0  1  0  1  0  0  0  1  0  1  2  1  1  1  1  2  1  1  1  1  2  1  1
 35 Beat The Last Move      19   5 27  9   0  0  0  0  0  0  0  0  0  0  0  0  0  0  1  0  1  0  0  0  1  0  1  0  0  0  1  0  1  1  0  0  1  0  1  0  2  2  2  2  1  2
 36 * Switch A Lot          17   2 26 13   0  0  0  0  0  0  0  0  0  0  0  0  0  0  0  0  0  0  0  0  1  0  1  0  0  0  1  0  1  1  1  1  1  1  2  1  1  1  1  1  2  0
 37 * Text                  17   2 26 13   0  0  0  0  0  0  0  0  0  1  0  0  0  0  0  0  0  0  0  0  1  0  2  0  0  0  1  1  1  1  1  1  1  1  0  1  1  0  1  0  1  2
 38 Good Ole Rock           16   3 28 10   0  0  0  0  0  0  0  0  0  0  0  0  0  0  0  0  0  0  0  0  1  0  1  0  0  0  1  0  1  1  0  1  1  1  0  1  2  1  2  0  1  2
 39 R-P-S 20-20-60          15   2 28 11   0  0  0  0  0  0  0  0  0  0  0  0  0  0  0  0  0  0  0  0  1  0  1  0  0  0  1  0  1  2  1  1  1  1  0  1  1  0  1  0  1  2
 40 Beat Frequent Pick      15   4 30  7   0  0  0  0  0  0  0  0  0  0  0  0  0  0  0  0  0  0  0  0  0  0  1  0  0  0  1  0  1  1  0  0  1  0  0  1  2  2  2  1  1  2
 41 Rotate R-P-S            14   1 28 12   0  0  0  0  0  0  0  0  0  0  0  0  0  0  0  0  0  0  0  0  1  0  1  0  0  0  1  0  1  1  0  1  2  1  1  0  1  1  1  1  1  0
 42 * Anti-Flat             13   4 32  5   0  0  0  0  0  0  0  0  0  0  0  0  0  0  0  0  0  0  0  0  2  0  1  0  0  0  1  0  0  1  0  2  1  1  0  2  0  0  0  0  2  1


   Yomi AI is match ranked 12

 Tournament results:
    Player Name          total 
  1 Yomi AI               6475 
 19 Iocaine Powder       11168 
 20 Phasenbott           10568 
 21 MegaHAL              10041 
 22 RussRocker4           7758 
 23 Biopic                8584 
 24 Simple Modeller       8917 
 25 Simple Predictor      8003 
 26 Robertot              7600 
 27 Boom                  7038 
 29 ACT-R Lag2            6986 
 32 Granite               6874 
 33 Marble                6496 
 36 Piedra                7271 

   Yomi is tournament ranked 14

