 Playing 1 tournaments with 1000 trials per match...

 Yomi AI            vs Good Ole Rock       Match: 1000 (1000+   0-   0=)
 Yomi AI            vs R-P-S 20-20-60      Match:  295 (527+ 232- 241=)
 Yomi AI            vs Rotate R-P-S        Match:  997 (998+   1-   1=)
 Yomi AI            vs Beat The Last Move  Match:  300 (557+ 257- 186=)
 Yomi AI            vs Always Switchin'    Match:  228 (499+ 271- 230=)
 Yomi AI            vs Beat Frequent Pick  Match:  616 (788+ 172-  40=)
 Yomi AI            vs * Pi                Match:   -3 (344+ 347- 309=)
 Yomi AI            vs * Switch A Lot      Match:  122 (406+ 284- 310=)
 Yomi AI            vs * Flat              Match:   28 (365+ 337- 298=)
 Yomi AI            vs * Anti-Flat         Match:  999 (999+   0-   1=)
 Yomi AI            vs * Foxtrot           Match:  374 (592+ 218- 190=)
 Yomi AI            vs * De Bruijn         Match:  -57 (306+ 363- 331=)
 Yomi AI            vs * Text              Match:  147 (435+ 288- 277=)
 Yomi AI            vs * Anti-rotn         Match:    0 (359+ 359- 282=)
 Yomi AI            vs * Copy-drift        Match:   65 (358+ 293- 349=)
 Yomi AI            vs * Add-react         Match:   75 (384+ 309- 307=)
 Yomi AI            vs * Add-drift         Match:   28 (343+ 315- 342=)
 Yomi AI            vs Iocaine Powder      Match: -786 ( 14+ 800- 186=)
 Yomi AI            vs Phasenbott          Match: -787 ( 15+ 802- 183=)
 Yomi AI            vs MegaHAL             Match:  -39 (336+ 375- 289=)
 Yomi AI            vs RussRocker4         Match:   18 (378+ 360- 262=)
 Yomi AI            vs Biopic              Match:  -40 (370+ 410- 220=)
 Yomi AI            vs Simple Modeller     Match:    0 (351+ 351- 298=)
 Yomi AI            vs Simple Predictor    Match:   36 (388+ 352- 260=)
 Yomi AI            vs Robertot            Match:   42 (380+ 338- 282=)
 Yomi AI            vs Boom                Match:   28 (361+ 333- 306=)
 Yomi AI            vs Shofar              Match:    8 (341+ 333- 326=)
 Yomi AI            vs ACT-R Lag2          Match:  -16 (335+ 351- 314=)
 Yomi AI            vs Majikthise          Match:    4 (342+ 338- 320=)
 Yomi AI            vs Vroomfondel         Match:  -73 (306+ 379- 315=)
 Yomi AI            vs Granite             Match:   81 (440+ 359- 201=)
 Yomi AI            vs Marble              Match:  115 (484+ 369- 147=)
 Yomi AI            vs ZQ Bot              Match:  120 (458+ 338- 204=)
 Yomi AI            vs Sweet Rocky         Match:   32 (379+ 347- 274=)
 Yomi AI            vs Piedra              Match:   -4 (352+ 356- 292=)
 Yomi AI            vs Mixed Strategy      Match:   65 (386+ 321- 293=)
 Yomi AI            vs Multi-strategy      Match:  239 (499+ 260- 241=)
 Yomi AI            vs Inocencio           Match:  116 (460+ 344- 196=)
 Yomi AI            vs Peterbot            Match:  231 (503+ 272- 225=)
 Yomi AI            vs Bugbrain            Match:  -18 (333+ 351- 316=)
 Yomi AI            vs Knucklehead         Match:  542 (692+ 150- 158=)
 Final results (draw value = 50):

 Tournament results: 

    Player Name          total     1    2    3    4    5    6    7    8    9   10   11   12   13   14   15   16   17   18   19   20   21   22   23   24   25   26   27   28   29   30   31   32   33   34   35   36   37   38   39   40   41   42
  1 Iocaine Powder       11717     0   68   17   99   32  525   63   92   20  167   20   21  238  241   47   16   67  286   59  786   27   28  374    9   10  185  132  372  159  577  214  352  147   -5  862  218  328  896  997  992  986  993
  2 Phasenbott           10915   -68    0   25   49   51  523   71   66   55  139   45   10  216  216   18   31   27  243   41  787   49   29  233   22   -6  170  121  407  167  356   41  334   85  111  905  241  196  939  990  995  992  993
  3 Simple Modeller       9877   -17  -25    0  -44  -28    9   34   73   16  271   91   47   80   72   51  -22   84  333   91    0  -26  -55  270  -22   -7  800  257   -3  302  211  139  103  125  241  982  487  384  593  992  998  990 1000
  4 MegaHAL               9462   -99  -49   44    0   -8   40   13   26   20   88   42   41  240  216  -14  -23   29  253   71   39  -13  -12  218   -1    8  204  198   88   42  387   72  312  133  226  892  397  401  963  989  998  991 1000
  5 Biopic                8520   -32  -51   28    8    0  -21   29   -2   43   61   26   13  162  104    1   -5   92  110   50   40  -49  -19  284    1   61  134    2  373    0  503  191   43  121  154  785  281  411  612  993  996  995  992
  6 RussRocker4           7598  -525 -523   -9  -40   21    0  -25  -11   30  125   54   18  150  175   24   -1   87  173   58  -18   -3    0  180  -54    4  199  112  130  137  515  115  311   70   66  935  227  321  587  993 1000  990 1000
  7 ACT-R Lag2            7464   -63  -71  -34  -13  -29   25    0  -18  -11   68   45   36  138  187  -10    4   90   93   -6   16  -38  -36  304  -12   36  797   13   16   45  513  107   41  110  135  246  229  311  586  627  998  992  997
  8 Piedra                7337   -92  -66  -73  -26    2   11   18    0  -58  -31  -29   -8  -52  -52  -25  -51   43  -26   25    4  -42  -31   89   34  -55  749   66   27  109   49  182  237  167  154  831  342  346  590  994 1000  992  993
  9 Robertot              7331   -20  -55  -16  -20  -43  -30   11   58    0   20   17   33   76   24  -33   -6   72  102   61  -42    1  -10  202  -33   -6  -13    1   -3   79  396   50   35  169  112  436  501  351  873 1000  995  993  993
 10 Simple Predictor      7246  -167 -139 -271  -88  -61 -125  -68   31  -20    0   58  -13   30   -2   19    1   29  155   65  -36  -21  -27  179  -62  -21  657  284   -8  272  386   30  135  154  217  292  412  421  592  984  993  986  993
 11 Sweet Rocky           6671   -20  -45  -91  -42  -26  -54  -45   29  -17  -58    0  -31  -62  -50  -53  -20  -23  -32   20  -32  -40  -60  133   16   -5  808  -23  -63   25  168  152  180  143  101  612  258  352  593  991  998  988  996
 12 Boom                  6669   -21  -10  -47  -41  -13  -18  -36    8  -33   13   31    0    0   24  -15    6   36   68   41  -28  -19  -41  251   -5  -39    2   53    0  -26  365   66  111  141  201  171  381  374  753  980  995  990 1000
 13 Granite               6602  -238 -216  -80 -240 -162 -150 -138   52  -76  -30   62    0    0   24  -43  -50   52   15   69  -81    2  -13  215  -94  -23  649   28   66   20  313  127   85  180  130  874  253  444  591  994 1000  995  996
 14 Marble                6460  -241 -216  -72 -216 -104 -175 -187   52  -24    2   50  -24  -24    0  -92   -9    1   30   66 -115  -50  -29  172  -37  -15  653   -8   83   72  297  169   84  177  102  896  225  403  591  989  998  994  992
 15 Bugbrain              5925   -47  -18  -51   14   -1  -24   10   25   33  -19   53   15   43   92    0   14   17  192   42   18  -65   42  137    6   21   23   40   19   30   81    9   89   82  142  279  236  148  376  920  993  932  977
 16 Shofar                5886   -16  -31   22   23    5    1   -4   51    6   -1   20   -6   50    9  -14    0   -5   62   48   -8    3    0  151  -37  -30   74   16  -36   71  126   -6   21   81  138   89  437  254  557  901  967  926  971
 17 Mixed Strategy        5803   -67  -27  -84  -29  -92  -87  -90  -43  -72  -29   23  -36  -52   -1  -17    5    0    6   -4  -65  -12  -21   48  -54   25  752  -15  -12   74  153   77   81  127  241  297   64  378  462  972  994  955  978
 18 ZQ Bot                5627  -286 -243 -333 -253 -110 -173  -93   26 -102 -155   32  -68  -15  -30 -192  -62   -6    0   39 -120  -46  -38  219   14  -20  371   84   32   81  247  218  192  166  131  929  226  403  594  986  997  989  996
 19 * Anti-rotn           5145   -59  -41  -91  -71  -50  -58    6  -25  -61  -65  -20  -41  -69  -66  -42  -48    4  -39    0    0    4    8  272  -36  -45  -63   -9  -30  -22   24  177   35   58  341   17  516  145  597 1000  999  997  996
 20 Yomi AI               5128  -786 -787    0  -39  -40   18  -16   -4   42   36   32   28   81  115  -18    8   65  120    0    0    4  -73  239  -57   -3  116   28  374   65  542   28   75  147  122  231  228  295  616  300 1000  997  999
 21 Majikthise            4967   -27  -49   26   13   49    3   38   42   -1   21   40   19   -2   50   65   -3   12   46   -4   -4    0   18  126   25    7   62  -25   58  -34  262  131  -13   15  108  -10  263  159  509   -7  992  995  992
 22 Vroomfondel           4820   -28  -29   55   12   19    0   36   31   10   27   60   41   13   29  -42    0   21   38   -8   73  -18    0  214    8   70   17    4    8  -17  228   79   21  -93  118  -54  247  237  435  -25  996  992  995
 23 Multi-strategy        2443  -374 -233 -270 -218 -284 -180 -304  -89 -202 -179 -133 -251 -215 -172 -137 -151  -48 -219 -272 -239 -126 -214    0  -50  -20 -122   13  -22  286  -38  132   -7  123  304  500  484  379  999  997  999  997  999
 24 * De Bruijn            459    -9  -22   22    1   -1   54   12  -34   33   62  -16    5   94   37   -6   37   54  -14   36   57  -25   -8   50    0   -1   17    9  -11   17  -42   13   33   23    4  -16  -39  -10  128   -1    0   21 -105
 25 * Pi                    61   -10    6    7   -8  -61   -4  -36   55    6   21    5   39   23   15  -21   30  -25   20   45    3   -7  -70   20    1    0   29   34   -6   17  -11  -18  -13  -81   -7    5   30    9   30   22  -11  -11  -11
 26 Inocencio            -1184  -185 -170 -800 -204 -134 -199 -797 -749   13 -657 -808   -2 -649 -653  -23  -74 -752 -371   63 -116  -62  -17  122  -17  -29    0   -6  362  141  184  163   76  153   36  157  207  384  359  934  975  976  985
 27 * Add-drift          -1566  -132 -121 -257 -198   -2 -112  -13  -66   -1 -284   23  -53  -28    8  -40  -16   15  -84    9  -28   25   -4  -13   -9  -34    6    0   -5   28  -43   30  -60    6    1   -2  -45  -69   34  -19  -18  -11   16
 28 * Foxtrot            -2178  -372 -407    3  -88 -373 -130  -16  -27    3    8   63    0  -66  -83  -19   36   12  -32   30 -374  -58   -8   22   11    6 -362    5    0  -22  -12   33   -4   34   34  -21  -32    0   31   16  -17  -43   41
 29 * Copy-drift         -2244  -159 -167 -302  -42    0 -137  -45 -109  -79 -272  -25   26  -20  -72  -30  -71  -74  -81   22  -65   34   17 -286  -17  -17 -141  -28   22    0 -112  -33   -9   12   15   19  -11  -15  -19   22   11    4  -10
 30 Knucklehead          -2520  -577 -356 -211 -387 -503 -515 -513  -49 -396 -386 -168 -365 -313 -297  -81 -126 -153 -247  -24 -542 -262 -228   38   42   11 -184   43   12  112    0   22   96   59    3    7    5   26  152  769  985  984  997
 31 * Flat               -2895  -214  -41 -139  -72 -191 -115 -107 -182  -50  -30 -152  -66 -127 -169   -9    6  -77 -218 -177  -28 -131  -79 -132  -13   18 -163  -30  -33   33  -22    0    1  -11  -23 -171  -14   47  201  209    1  -17 -408
 32 * Add-react          -3086  -352 -334 -103 -312  -43 -311  -41 -237  -35 -135 -180 -111  -85  -84  -89  -21  -81 -192  -35  -75   13  -21    7  -33   13  -76   60    4    9  -96   -1    0  -31   18  -26   -1    8    6   -1   -9  -65   -8
 33 * Text               -3166  -147  -85 -125 -133 -121  -70 -110 -167 -169 -154 -143 -141 -180 -177  -82  -81 -127 -166  -58 -147  -15   93 -123  -23   81 -153   -6  -34  -12  -59   11   31    0   -5   19  -35   -9 -185  -74 -185  -11  111
 34 * Switch A Lot       -3474     5 -111 -241 -226 -154  -66 -135 -154 -112 -217 -101 -201 -130 -102 -142 -138 -241 -131 -341 -122 -108 -118 -304   -4    7  -36   -1  -34  -15   -3   23  -18    5    0 -139  -44  -32   60  306   13   50  -22
 35 Peterbot             -6834  -862 -905 -982 -892 -785 -935 -246 -831 -436 -292 -612 -171 -874 -896 -279  -89 -297 -929  -17 -231   10   54 -500   16   -5 -157    2   21  -19   -7  171   26  -19  139    0  246  368  427  963 1000  998  993
 36 Always Switchin'     -6851  -218 -241 -487 -397 -281 -227 -229 -342 -501 -412 -258 -381 -253 -225 -236 -437  -64 -226 -516 -228 -263 -247 -484   39  -30 -207   45   32   11   -5   14    1   35   44 -246    0    4   35  504   19   13   -6
 37 R-P-S 20-20-60       -8899  -328 -196 -384 -401 -411 -321 -311 -346 -351 -421 -352 -374 -444 -403 -148 -254 -378 -403 -145 -295 -159 -237 -379   10   -9 -384   69    0   15  -26  -47   -8    9   32 -368   -4    0 -455 -198 -428   -7  341
 38 Beat Frequent Pick  -14313  -896 -939 -593 -963 -612 -587 -586 -590 -873 -592 -593 -753 -591 -591 -376 -557 -462 -594 -597 -616 -509 -435 -999 -128  -30 -359  -34  -31   19 -152 -201   -6  185  -60 -427  -35  455    0 -600  999    0  996
 39 Beat The Last Move  -20411  -997 -990 -992 -989 -993 -993 -627 -994 -1000 -984 -991 -980 -994 -989 -920 -901 -972 -986 -1000 -300    7   25 -997    1  -22 -934   19  -16  -22 -769 -209    1   74 -306 -963 -504  198  600    0 1000    1  997
 40 Good Ole Rock       -26228  -992 -995 -998 -998 -996 -1000 -998 -1000 -995 -993 -998 -995 -1000 -998 -993 -967 -994 -997 -999 -1000 -992 -996 -999    0   11 -975   18   17  -11 -985   -1    9  185  -13 -1000  -19  428 -999 -1000    0    0 1000
 41 Rotate R-P-S        -26231  -986 -992 -990 -991 -995 -990 -992 -992 -993 -986 -988 -990 -995 -994 -932 -926 -955 -989 -997 -997 -995 -992 -997  -21   11 -976   11   43   -4 -984   17   65   11  -50 -998  -13    7    0   -1    0    0 -695
 42 * Anti-Flat         -28053  -993 -993 -1000 -1000 -992 -1000 -997 -993 -993 -993 -996 -1000 -996 -992 -977 -971 -978 -996 -996 -999 -992 -995 -999  105   11 -985  -16  -41   10 -997  408    8 -111   22 -993    6 -341 -996 -997 -1000  695    0

 Match results (draw <= 50): 

    Player Name           total  W  L  D   1  2  3  4  5  6  7  8  9 10 11 12 13 14 15 16 17 18 19 20 21 22 23 24 25 26 27 28 29 30 31 32 33 34 35 36 37 38 39 40 41 42
  1 Iocaine Powder          70  29  0 12   1  2  1  2  2  1  1  2  2  1  1  1  1  1  2  2  2  1  2  2  1  2  2  2  1  2  2  2  2  2  2  2  2  1  2  2  2  2  2  2  2  2
  2 Phasenbott              67  27  1 13   0  1  1  2  1  2  2  2  2  1  1  1  1  1  2  2  2  1  2  1  1  2  1  2  1  2  2  2  2  2  2  2  1  2  2  2  2  2  2  2  2  2
  3 Simple Modeller         66  26  1 14   1  1  1  1  1  1  1  1  1  1  1  2  1  0  2  2  2  2  2  2  1  2  2  2  1  1  2  2  2  2  2  2  2  2  2  2  2  2  2  2  2  2
  4 RussRocker4             63  25  3 13   0  0  1  1  1  1  1  1  1  1  1  1  1  1  2  2  2  2  1  2  0  2  2  2  1  2  2  2  2  2  2  2  2  2  2  2  2  2  2  2  2  2
  5 MegaHAL                 62  22  1 18   0  1  1  1  1  1  1  1  1  1  1  1  1  1  2  2  2  1  1  1  1  2  2  2  1  2  2  2  2  2  1  2  2  2  2  2  2  2  2  2  2  2
  6 Biopic                  61  21  1 19   1  0  1  1  1  1  1  1  1  1  1  1  1  1  2  2  2  1  1  2  1  2  1  2  2  2  2  1  2  2  1  1  2  2  2  2  2  2  2  2  2  2
  7 Robertot                58  18  1 22   1  0  1  1  1  1  1  1  1  1  1  1  1  1  1  2  1  1  2  2  1  2  2  1  1  1  2  1  2  2  2  1  1  2  2  2  2  2  2  2  2  2
  8 ACT-R Lag2              58  19  2 20   0  0  1  1  1  1  1  1  1  1  1  1  1  1  2  2  2  1  1  2  1  2  1  2  1  1  2  1  2  2  1  1  2  2  2  2  2  2  2  2  2  2
  9 Yomi AI                 57  20  4 17   0  0  1  1  1  1  1  1  1  1  1  1  1  0  1  2  2  1  1  2  0  2  1  2  1  2  2  1  2  2  2  2  1  2  2  2  2  2  2  2  2  2
 10 Boom                    57  16  0 25   1  1  1  1  1  1  1  1  1  1  1  1  1  1  1  1  1  1  1  1  1  2  1  1  1  1  2  2  2  2  1  2  2  2  2  2  2  2  2  2  2  2
 11 Shofar                  57  16  0 25   1  1  1  1  1  1  1  1  1  1  1  1  1  1  1  1  1  1  2  1  1  2  1  2  1  1  2  1  2  2  2  1  1  2  2  2  2  2  2  2  2  2
 12 Bugbrain                55  16  2 23   1  1  0  1  1  1  1  1  1  1  1  1  0  1  1  1  2  2  1  1  1  2  1  1  1  1  2  1  2  2  1  2  1  2  2  2  2  2  2  2  2  2
 13 Majikthise              54  13  0 28   1  1  1  1  1  1  1  1  1  1  1  2  1  1  1  1  1  1  1  1  1  1  1  2  1  2  2  1  1  2  1  1  2  2  1  1  2  2  2  2  2  2
 14 Vroomfondel             53  14  2 25   1  1  2  1  1  1  1  1  2  1  1  1  1  1  1  1  1  2  1  1  1  1  1  1  2  1  2  1  0  2  1  1  2  2  1  0  2  2  2  2  2  2
 15 Simple Predictor        52  19  8 14   0  0  0  0  0  0  1  0  1  1  1  1  1  1  1  1  1  2  1  1  0  2  2  2  1  1  2  2  2  2  2  2  1  2  2  2  2  2  2  2  2  2
 16 Granite                 51  20 10 11   0  0  0  0  0  0  0  0  0  1  1  1  1  1  1  1  1  2  2  2  0  1  2  2  1  2  2  1  2  2  1  2  2  2  2  2  2  2  2  2  2  2
 17 Marble                  51  19  9 13   0  0  0  0  0  0  1  0  0  1  1  0  1  1  1  1  1  1  2  1  1  1  2  2  1  2  2  1  2  2  2  2  2  2  2  2  2  2  2  2  2  2
 18 Sweet Rocky             49  15  7 19   1  1  0  0  1  1  1  1  1  1  1  0  1  0  0  0  1  1  1  1  1  1  1  2  1  0  2  1  2  2  1  2  2  2  2  2  2  2  2  2  2  2
 19 Piedra                  49  16  8 17   0  0  0  1  1  1  0  1  1  1  0  1  1  1  1  0  0  1  1  1  1  1  1  2  0  1  2  2  2  1  2  2  2  2  2  2  2  2  2  2  2  2
 20 Mixed Strategy          47  15  9 17   0  1  0  0  1  0  0  0  0  1  1  1  1  1  1  0  1  1  1  1  0  1  1  2  1  1  1  1  2  2  2  2  2  2  2  2  2  2  2  2  2  2
 21 * De Bruijn             46   6  1 34   1  1  1  2  1  1  1  1  2  1  1  1  1  1  2  2  1  1  1  2  1  1  1  1  1  1  1  1  1  1  1  1  1  1  1  1  1  1  1  1  2  0
 22 ZQ Bot                  45  17 13 11   0  0  0  0  0  0  0  0  0  0  0  0  1  1  0  1  1  1  1  1  1  1  1  2  1  1  2  2  2  2  2  2  2  2  2  2  2  2  2  2  2  2
 23 * Anti-rotn             43  11  9 21   0  1  0  0  0  1  0  1  1  1  1  1  1  1  0  0  0  1  1  1  1  1  1  0  1  1  2  1  1  1  1  1  2  2  2  2  2  2  2  2  2  2
 24 Inocencio               40  16 17  8   0  0  0  0  0  0  1  0  0  1  0  1  0  1  0  0  0  0  0  0  1  0  2  1  1  2  2  1  2  2  2  2  2  1  2  2  2  2  2  2  2  2
 25 * Pi                    39   1  3 37   1  1  1  1  1  0  1  1  1  1  1  1  1  0  1  1  1  1  2  1  1  1  1  1  1  1  1  1  1  1  1  1  1  1  1  0  1  1  1  1  1  1
 26 * Foxtrot               32   1 10 30   0  0  1  0  0  0  1  1  0  1  1  1  0  1  1  0  0  2  1  1  1  1  1  0  1  1  1  1  1  1  1  1  1  1  1  1  1  1  1  1  1  1
 27 Multi-strategy          31  12 22  7   0  0  0  0  0  0  0  0  0  0  0  0  0  0  0  0  0  0  0  1  1  0  0  0  1  1  1  1  2  1  2  1  2  2  2  2  2  2  2  2  2  2
 28 * Add-drift             30   0 11 30   0  0  0  0  0  1  1  1  1  0  1  1  1  1  0  1  1  1  0  1  1  0  1  1  1  1  1  1  1  1  1  0  1  1  1  1  1  1  0  1  1  1
 29 Peterbot                30  10 21 10   0  0  0  0  0  0  0  0  0  0  0  0  1  2  0  0  0  0  0  0  1  0  1  0  1  1  0  1  1  1  1  1  2  2  2  1  2  2  2  2  2  2
 30 Knucklehead             28   8 21 12   0  0  0  0  0  0  0  0  0  0  0  0  0  0  0  0  0  0  1  0  1  0  1  0  1  1  1  1  1  1  2  2  1  1  2  2  1  2  1  2  2  2
 31 * Copy-drift            26   0 15 26   0  0  0  0  1  1  0  1  0  1  0  1  1  1  0  1  0  1  0  0  1  0  1  0  1  1  0  1  1  0  1  1  1  1  1  1  1  1  1  1  1  1
 32 * Add-react             24   1 18 22   0  0  0  0  0  1  1  1  0  0  1  0  1  1  0  0  0  0  0  0  1  0  1  0  1  1  1  2  1  0  1  1  1  1  1  1  1  1  1  0  1  1
 33 * Flat                  23   2 20 19   0  1  0  0  0  0  1  0  1  0  1  1  0  0  1  0  0  0  0  0  1  0  0  0  1  1  0  1  0  1  1  1  1  1  2  1  1  1  1  1  2  0
 34 * Switch A Lot          20   2 23 16   1  0  0  0  0  0  0  0  0  0  0  0  0  0  0  0  0  0  0  0  1  0  0  1  1  1  0  1  0  1  1  1  1  1  2  1  1  1  1  1  2  1
 35 Beat The Last Move      19   5 27  9   0  0  0  0  0  0  0  0  0  0  0  0  1  1  0  0  0  0  0  0  1  0  0  0  1  1  0  1  0  0  1  1  0  0  1  2  0  2  2  1  2  2
 36 * Text                  18   3 26 12   0  0  0  0  0  0  0  0  0  0  0  0  1  2  0  0  0  0  0  0  1  0  0  0  2  1  0  1  1  0  1  1  1  1  0  1  1  0  1  1  0  2
 37 Always Switchin'        17   1 25 15   0  0  0  0  0  0  0  0  0  0  0  0  0  0  0  0  0  0  0  0  1  0  0  0  1  1  0  1  0  1  1  1  1  1  2  1  1  1  1  1  1  1
 38 Good Ole Rock           16   3 28 10   0  0  0  0  0  0  0  0  0  0  0  0  0  0  0  0  0  0  0  0  1  0  0  0  1  1  0  1  0  0  1  1  1  1  0  2  1  1  2  1  0  2
 39 R-P-S 20-20-60          15   2 28 11   0  0  0  0  0  0  0  0  0  0  0  0  0  0  0  0  0  0  0  0  1  0  0  0  1  1  0  2  0  1  1  1  1  1  0  1  1  0  1  1  0  2
 40 Rotate R-P-S            15   1 27 13   0  0  0  0  0  0  0  0  0  0  0  0  0  0  0  0  0  0  0  0  1  0  0  0  1  1  0  1  0  0  1  2  1  1  1  1  1  1  1  1  1  0
 41 Beat Frequent Pick      15   4 30  7   0  0  0  0  0  0  0  0  0  0  0  0  0  0  0  0  0  0  0  0  0  0  0  0  1  1  0  1  0  0  1  1  0  0  0  2  1  2  2  1  1  2
 42 * Anti-Flat             13   3 31  7   0  0  0  0  0  0  0  0  0  0  0  0  0  0  0  0  0  0  0  0  2  0  0  0  1  1  0  1  0  0  1  1  2  1  0  0  1  0  0  2  0  1


   Yomi AI is match ranked 9

 Tournament results:
    Player Name          total 
  1 Yomi AI               5128 
 15 * Anti-rotn           5145 
 19 Iocaine Powder       11717 
 20 Phasenbott           10915 
 21 MegaHAL               9462 
 22 RussRocker4           7598 
 23 Biopic                8520 
 24 Simple Modeller       9877 
 25 Simple Predictor      7246 
 26 Robertot              7331 
 27 Boom                  6669 
 28 Shofar                5886 
 29 ACT-R Lag2            7464 
 32 Granite               6602 
 33 Marble                6460 
 34 ZQ Bot                5627 
 35 Sweet Rocky           6671 
 36 Piedra                7337 
 37 Mixed Strategy        5803 
 41 Bugbrain              5925 

   Yomi is tournament ranked 20

