 Playing 1 tournaments with 1000 trials per match...

 Yomi AI            vs Good Ole Rock       Match: 1000 (1000+   0-   0=)
 Yomi AI            vs R-P-S 20-20-60      Match:  404 (614+ 210- 176=)
 Yomi AI            vs Rotate R-P-S        Match:  997 (998+   1-   1=)
 Yomi AI            vs Beat The Last Move  Match:   -6 (493+ 499-   8=)
 Yomi AI            vs Always Switchin'    Match:  189 (519+ 330- 151=)
 Yomi AI            vs Beat Frequent Pick  Match:  594 (795+ 201-   4=)
 Yomi AI            vs * Pi                Match:  -36 (313+ 349- 338=)
 Yomi AI            vs * Switch A Lot      Match:  206 (446+ 240- 314=)
 Yomi AI            vs * Flat              Match:   13 (388+ 375- 237=)
 Yomi AI            vs * Anti-Flat         Match:  998 (999+   1-   0=)
 Yomi AI            vs * Foxtrot           Match:  -45 (309+ 354- 337=)
 Yomi AI            vs * De Bruijn         Match: -121 (252+ 373- 375=)
 Yomi AI            vs * Text              Match:  175 (446+ 271- 283=)
 Yomi AI            vs * Anti-rotn         Match:  -18 (343+ 361- 296=)
 Yomi AI            vs * Copy-drift        Match:  -35 (333+ 368- 299=)
 Yomi AI            vs * Add-react         Match:   -2 (343+ 345- 312=)
 Yomi AI            vs * Add-drift         Match:   -6 (342+ 348- 310=)
 Yomi AI            vs Iocaine Powder      Match: -462 (221+ 683-  96=)
 Yomi AI            vs Phasenbott          Match: -356 (225+ 581- 194=)
 Yomi AI            vs MegaHAL             Match: -272 (264+ 536- 200=)
 Yomi AI            vs RussRocker4         Match: -427 (238+ 665-  97=)
 Yomi AI            vs Biopic              Match: -177 (290+ 467- 243=)
 Yomi AI            vs Simple Modeller     Match: -259 (259+ 518- 223=)
 Yomi AI            vs Simple Predictor    Match: -327 (312+ 639-  49=)
 Yomi AI            vs Robertot            Match: -263 (278+ 541- 181=)
 Yomi AI            vs Boom                Match: -180 (268+ 448- 284=)
 Yomi AI            vs Shofar              Match: -129 (313+ 442- 245=)
 Yomi AI            vs ACT-R Lag2          Match:  -98 (309+ 407- 284=)
 Yomi AI            vs Majikthise          Match:  -18 (330+ 348- 322=)
 Yomi AI            vs Vroomfondel         Match:    9 (347+ 338- 315=)
 Yomi AI            vs Granite             Match: -201 (374+ 575-  51=)
 Yomi AI            vs Marble              Match: -159 (392+ 551-  57=)
 Yomi AI            vs ZQ Bot              Match: -238 (348+ 586-  66=)
 Yomi AI            vs Sweet Rocky         Match: -138 (417+ 555-  28=)
 Yomi AI            vs Piedra              Match: -204 (385+ 589-  26=)
 Yomi AI            vs Mixed Strategy      Match: -109 (332+ 441- 227=)
 Yomi AI            vs Multi-strategy      Match:  166 (453+ 287- 260=)
 Yomi AI            vs Inocencio           Match:  791 (892+ 101-   7=)
 Yomi AI            vs Peterbot            Match:  174 (463+ 289- 248=)
 Yomi AI            vs Bugbrain            Match: -209 (291+ 500- 209=)
 Yomi AI            vs Knucklehead         Match:  -16 (404+ 420- 176=)
 Final results (draw value = 50):

 Tournament results: 

    Player Name          total     1    2    3    4    5    6    7    8    9   10   11   12   13   14   15   16   17   18   19   20   21   22   23   24   25   26   27   28   29   30   31   32   33   34   35   36   37   38   39   40   41   42
  1 Iocaine Powder       11265     0   83   38   83   70  522   62  161   11  221  212   24   50   87   59  289  -10    8    9   40   43  209  462   46   38  244  235  100  328  172  289  570   71   30  213  929  406  895  989  986  992  999
  2 Phasenbott           10548   -83    0   42   49   45  536  107  143   12  259  205   46   88   63   31  251   25  166   14   56   55  209  356   47  -17  285   68   34  372   82  340  423   51   58  221  884  122  934  986  997  994  992
  3 MegaHAL               9915   -38  -42    0  -53    2  112   66  105   34  234  279   41   37    2  -30  246    5   90  -11    3   67  250  272  -15  -13  169  167   56   63  111  260  430  142  209  429  918  414  934  985  989 1000  996
  4 Simple Modeller       9670   -83  -49   53    0  -30  -47    3  307   13   90   95   36   64   -6   63  329   10   71  -69  -61   68  218  259  -54  -20  786  279  244   21   68  109  239  123  246  461  852  407  595  994  993  998  995
  5 Biopic                9063   -70  -45   -2   30    0  -18   23   61    0  121  139   55   58   10   21   92    0   76    7  -32   39  299  177   22   14  144   13   97  419  175   25  530  149  124  328  755  415  823  996  995  998 1000
  6 RussRocker4           8073  -522 -536 -112   47   18    0   33  105   24  146  152   -1   63   19    1  173   42   58   17  -22   67  237  427  -15   25  189   82  121  145   52  349  515   46  155  249  901  251  587  994  993  998 1000
  7 Robertot              7927   -62 -107  -66   -3  -23  -33    0   54  -13   74   74   24   23   57  -13   74  -35   41   -2  -35   57  232  263   -5   17   -8   34   88    6   52   92  386  164  101  486  728  425  811  979  999  995  996
  8 Simple Predictor      7768  -161 -143 -105 -307  -61 -105  -54    0    1   -2   21   28   31  -46    0  159   22   37    4  -26   48  179  327  -62   19  359  206  281  -26  101  134  281  154  210  417  879  416  587  986  986  995  998
  9 Boom                  7291   -11  -12  -34  -13    0  -24   13   -1    0  -70   54   61   71    6  -21   94    7   17  -34  -26   40  184  180    0   24   -7   59   -2  -11   60  104  433  134  202  398  359  362  753  956  990  997  999
 10 Marble                7195  -221 -259 -234  -90 -121 -146  -74    2   70    0  -27   79   20 -114  -61   42  -27   -2  -19  -32   58  262  159  -50   20  649   54   52   77  152  105  299  181  148  293  938  432  594  992  995  999 1000
 11 Granite               6986  -212 -205 -279  -95 -139 -152  -74  -21  -54   27    0   26    5 -138  -92   47  -19  -24   -3   -5   47  314  201  -57  -59  651   28   46   35  182  110  373  177  154  295  911  413  594  989  995  999  995
 12 Piedra                6924   -24  -46  -41  -36  -55    1  -24  -28  -61  -79  -26    0   68  -81  -18  -16  -32   42  -46  -14   67   62  204  -27   24  -61   90   38   31  127  358  182  181  119  276  783  411  594  994  992  997  998
 13 Sweet Rocky           6325   -50  -88  -37  -64  -58  -63  -23  -31  -71  -20   -5  -68    0  -53  -48  -47  -34  -43  -31  -47   47   96  138  -26   -5  -53   88   49   -7  200  304  183  164  149  180  711  417  593  997  992  998  991
 14 ACT-R Lag2            6217   -87  -63   -2    6  -10  -19  -57   46   -6  114  138   81   53    0  -20   89   15   54  -33  -24   19  236   98  -37  -20  732  -12  -64  -52  148   -1  521   91  136  239  -12  351  575    5  995  996  998
 15 Bugbrain              6140   -59  -31   30  -63  -21   -1   13    0   21   61   92   18   48   20    0  167   -7   37   -6  -50   55  111  209  -22   40   64   49   42  -39   48   88  111   43  127  246  229  234  392  909  962  989  984
 16 ZQ Bot                6123  -289 -251 -246 -329  -92 -173  -74 -159  -94  -42  -47   16   47  -89 -167    0  -35    7  -49 -107   45  213  238  -27  -25  257   33   78   -7  151  389  287  174  157  421  936  413  596  988  988  998  993
 17 Shofar                5936    10  -25   -5  -10    0  -42   35  -22   -7   27   19   32   34  -15    7   35    0    9  -37   18   30   37  129  -13    0   45    0   74   51  -23    8  115  167   92  433   66  319  554  900  930  977  982
 18 Mixed Strategy        5411    -8 -166  -90  -71  -76  -58  -41  -37  -17    2   24  -42   43  -54  -37   -7   -9    0   -8  -12   40  -35  109  -29  -26  600   20   15  -39   23   38  160  159   11   89  293  311  455  964  940  993  984
 19 Majikthise            4913    -9  -14   11   69   -7  -17    2   -4   34   19    3   46   31   33    6   49   37    8    0   24   10  170   18    7   55   42  -19   -6  -13   72    7  228   85   79  265  -10  151  477    0  991  994  989
 20 Vroomfondel           4845   -40  -56   -3   61   32   22   35   26   26   32    5   14   47   24   50  107  -18   12  -24    0   17  185   -9  -33   34   64  -31   -1   37  121  -23  145   27   95  279   28  132  443    2  989  996  996
 21 * Anti-rotn           4629   -43  -55  -67  -68  -39  -67  -57  -48  -40  -58  -47  -67  -47  -19  -55  -45  -30  -40  -10  -17    0  228   18  -36  -46  -43   44  -19   -1  138  -33   84   59  326  510   97  153  598  486  999  998  988
 22 Multi-strategy        2945  -209 -209 -250 -218 -299 -237 -232 -179 -184 -262 -314  -62  -96 -236 -111 -213  -37   35 -170 -185 -228    0 -166  -50  -20  -76   -9  252  -15  122    6   38  123  294  462  500  391  999  997  997  999  997
 23 Yomi AI               1205  -462 -356 -272 -259 -177 -427 -263 -327 -180 -159 -201 -204 -138  -98 -209 -238 -129 -109  -18    9  -18  166    0 -121  -36  791   -6  -35  -45   13   -2  -16  175  206  189  174  404  594   -6  997 1000  998
 24 * De Bruijn            618   -46  -47   15   54  -22   15    5   62    0   50   57   27   26   37   22   27   13   29   -7   33   36   50  121    0   -1   21  -14  -36   58   29  -28   -3   23  -26   -3  -33   39  128   -1   21    0 -113
 25 * Pi                    56   -38   17   13   20  -14  -25  -17  -19  -24  -20   59  -24    5   20  -40   25    0   26  -55  -34   46   20   36    1    0   16   13   -2   39   -7   29  -28  -81   27   39   -3   13   30   22  -11  -11   -7
 26 Inocencio               21  -244 -285 -169 -786 -144 -189    8 -359    7 -649 -651   61   53 -732  -64 -257  -45 -600  -42  -64   43   76 -791  -21  -16    0   17   81  324  163   93  238  137  102  195  154  380  358  702  983  975  979
 27 * Add-drift          -1469  -235  -68 -167 -279  -13  -82  -34 -206  -59  -54  -28  -90  -88   12  -49  -33    0  -20   19   31  -44    9    6   14  -13  -17    0  -14   15   -6    4   32   21   18  -14  -33  -13   75    9  -62  -10   -3
 28 * Copy-drift         -1487  -100  -34  -56 -244  -97 -121  -88 -281    2  -52  -46  -38  -49   64  -42  -78  -74  -15    6    1   19 -252   35   36    2  -81   14    0   10   21   25  -39   10   12   52    2   -6  -10   50  -39  -17   11
 29 * Foxtrot            -1585  -328 -372  -63  -21 -419 -145   -6   26   11  -77  -35  -31    7   52   39    7  -51   39   13  -37    1   15   45  -58  -39 -324  -15  -10    0   63    4   14   57   23  -22  -18   49   -1    7   10   37  -32
 30 * Flat               -2793  -172  -82 -111  -68 -175  -52  -52 -101  -60 -152 -182 -127 -200 -148  -48 -151   23  -23  -72 -121 -138 -122  -13  -29    7 -163    6  -21  -63    0   36    9  -24   29  -49 -165  -42  231  211   23   -1 -441
 31 * Add-react          -3119  -289 -340 -260 -109  -25 -349  -92 -134 -104 -105 -110 -358 -304    1  -88 -389   -8  -38   -7   23   33   -6    2   28  -29  -93   -4  -25   -4  -36    0   59   48  -15   -4  -33    7   16  -14   35   -7    8
 32 Knucklehead          -3264  -570 -423 -430 -239 -530 -515 -386 -281 -433 -299 -373 -182 -183 -521 -111 -287 -115 -160 -228 -145  -84  -38   16    3   28 -238  -32   39  -14   -9  -59    0  -24   17    8  -41  -35  152  891  657  927  983
 33 * Text               -3310   -71  -51 -142 -123 -149  -46 -164 -154 -134 -181 -177 -181 -164  -91  -43 -174 -167 -159  -85  -27  -59 -123 -175  -23   81 -137  -21  -10  -57   24  -48   24    0   27  -22   18   16 -185  -74  -11 -185  113
 34 * Switch A Lot       -3502   -30  -58 -209 -246 -124 -155 -101 -210 -202 -148 -154 -119 -149 -136 -127 -157  -92  -11  -79  -95 -326 -294 -206   26  -27 -102  -18  -12  -23  -29   15  -17  -27    0    5 -135   -7   25  303   20   -8  -63
 35 Always Switchin'     -7256  -213 -221 -429 -461 -328 -249 -486 -417 -398 -293 -295 -276 -180 -239 -246 -421 -433  -89 -265 -279 -510 -462 -189    3  -39 -195   14  -52   22   49    4   -8   22   -5    0 -249   -7   31  524  -40   23   26
 36 Peterbot             -7556  -929 -884 -918 -852 -755 -901 -728 -879 -359 -938 -911 -783 -711   12 -229 -936  -66 -293   10  -28  -97 -500 -174   33    3 -154   33   -2   18  165   33   41  -18  135  249    0  363  441  981  998  998  976
 37 R-P-S 20-20-60       -9004  -406 -122 -414 -407 -415 -251 -425 -416 -362 -432 -413 -411 -417 -351 -234 -413 -319 -311 -151 -132 -153 -391 -404  -39  -13 -380   13    6  -49   42   -7   35  -16    7    7 -363    0 -389 -122   46 -358  326
 38 Beat Frequent Pick  -14480  -895 -934 -934 -595 -823 -587 -811 -587 -753 -594 -594 -594 -593 -575 -392 -596 -554 -455 -477 -443 -598 -999 -594 -128  -30 -358  -75   10    1 -231  -16 -152  185  -25  -31 -441  389    0 -600    0  999 1000
 39 Beat The Last Move  -18970  -989 -986 -985 -994 -996 -994 -979 -986 -956 -992 -989 -994 -997   -5 -909 -988 -900 -964    0   -2 -486 -997    6    1  -22 -702   -9  -50   -7 -211   14 -891   74 -303 -524 -981  122  600    0    1 1000 1000
 40 Rotate R-P-S        -25973  -986 -997 -989 -993 -995 -993 -999 -986 -990 -995 -995 -992 -992 -995 -962 -988 -930 -940 -991 -989 -999 -997 -997  -21   11 -983   62   39  -10  -23  -35 -657   11  -20   40 -998  -46    0   -1    0    0 -652
 41 Good Ole Rock       -26264  -992 -994 -1000 -998 -998 -998 -995 -995 -997 -999 -999 -997 -998 -996 -989 -998 -977 -993 -994 -996 -998 -999 -1000    0   11 -975   10   17  -37    1    7 -927  185    8  -23 -998  358 -999 -1000    0    0  998
 42 * Anti-Flat         -27977  -999 -992 -996 -995 -1000 -1000 -996 -998 -999 -1000 -995 -998 -991 -998 -984 -993 -982 -984 -989 -996 -988 -997 -998  113    7 -979    3  -11   32  441   -8 -983 -113   63  -26 -976 -326 -1000 -1000  652 -998    0

 Match results (draw <= 50): 

    Player Name           total  W  L  D   1  2  3  4  5  6  7  8  9 10 11 12 13 14 15 16 17 18 19 20 21 22 23 24 25 26 27 28 29 30 31 32 33 34 35 36 37 38 39 40 41 42
  1 Iocaine Powder          70  29  0 12   1  2  1  2  2  2  2  1  2  1  2  1  2  1  1  2  1  1  1  1  2  2  2  1  2  2  2  2  2  2  2  2  2  2  2  1  2  2  2  2  2  2
  2 Phasenbott              69  29  1 11   0  1  1  1  1  2  2  1  1  1  2  1  2  1  2  2  2  2  2  1  2  2  2  1  2  2  2  1  2  2  2  2  2  2  2  2  2  2  2  2  2  2
  3 MegaHAL                 67  27  1 13   1  1  1  1  0  2  2  1  1  1  1  1  2  1  1  2  1  2  2  1  2  2  2  1  2  2  2  2  2  2  2  2  2  2  2  2  2  2  2  2  2  2
  4 Biopic                  64  24  1 16   0  1  1  1  1  1  1  1  1  1  1  1  2  2  1  2  2  2  1  1  2  2  2  1  2  2  2  2  1  2  1  2  2  2  2  2  2  2  2  2  2  2
  5 Simple Modeller         64  27  4 10   0  1  2  1  1  1  1  1  2  1  1  0  2  1  0  2  2  2  2  0  2  2  2  1  1  2  2  2  2  2  2  2  2  2  2  2  2  2  2  2  2  2
  6 RussRocker4             63  25  3 13   0  0  0  1  1  1  1  1  1  1  1  1  2  1  1  2  2  2  2  1  2  2  2  1  2  2  2  2  2  2  2  2  2  2  1  2  2  2  2  2  2  2
  7 Robertot                60  22  3 16   0  0  0  1  1  1  1  1  1  1  2  1  2  1  1  2  1  1  2  1  2  2  1  1  1  2  2  2  1  2  2  2  2  2  2  2  2  2  2  2  2  2
  8 Boom                    60  20  1 20   1  1  1  1  1  1  1  1  1  1  1  1  0  2  1  1  2  1  1  1  2  2  1  1  1  2  2  1  2  2  2  2  2  2  2  2  2  2  2  2  2  2
  9 Bugbrain                57  18  2 21   0  1  1  1  0  1  1  1  1  1  1  1  2  1  1  1  1  1  2  1  2  2  2  1  1  2  2  1  1  2  2  2  2  1  1  2  2  2  2  2  2  2
 10 Shofar                  55  14  0 27   1  1  1  1  1  1  1  1  1  1  1  1  1  1  1  1  1  1  1  1  1  1  1  1  2  2  1  2  1  2  1  2  2  1  2  2  2  2  2  2  2  2
 11 ACT-R Lag2              55  19  5 17   0  0  1  1  1  1  0  1  1  1  1  1  2  2  1  1  2  2  1  1  2  2  2  1  0  2  2  0  1  1  1  2  1  2  2  2  2  2  2  2  2  2
 12 Majikthise              54  13  0 28   1  1  1  1  2  1  1  1  1  1  1  1  1  1  1  1  1  1  1  1  1  1  1  2  1  1  2  1  1  1  1  2  1  2  2  2  2  2  2  2  2  2
 13 Marble                  54  22  9 10   0  0  0  0  0  0  0  2  0  1  0  1  1  2  1  1  1  1  2  1  1  1  2  1  2  2  2  2  2  2  2  2  2  2  2  2  2  2  2  2  2  2
 14 Piedra                  54  18  5 18   1  1  1  0  1  1  1  0  1  1  0  1  0  1  1  1  2  1  2  1  1  1  0  1  1  2  2  1  2  2  2  2  2  2  2  2  2  2  2  2  2  2
 15 Vroomfondel             53  13  1 27   1  0  1  1  2  1  1  1  1  1  1  1  1  1  1  1  1  1  1  1  2  1  2  1  1  1  2  1  1  1  1  2  1  2  1  2  2  2  2  2  2  2
 16 Simple Predictor        52  19  8 14   0  0  0  0  0  0  0  1  1  1  1  1  1  1  1  1  1  1  1  0  2  1  2  1  1  2  2  2  2  2  2  2  2  2  2  2  2  2  2  2  2  2
 17 Sweet Rocky             49  16  8 17   1  0  1  0  0  0  1  0  1  1  0  1  1  0  1  1  1  1  1  1  1  1  0  1  1  2  2  1  2  2  2  2  2  2  2  2  2  2  2  2  2  2
 18 Mixed Strategy          47  12  6 23   1  0  0  0  0  0  1  1  1  1  0  1  1  1  1  1  1  1  1  1  1  1  2  1  1  2  1  1  1  2  1  2  2  1  2  1  2  2  2  2  2  2
 19 * Anti-rotn             46  13  8 20   1  0  0  1  0  0  0  1  0  1  1  1  0  0  1  1  1  1  1  1  1  1  1  1  1  1  2  1  1  2  1  2  2  2  2  2  2  2  2  2  2  2
 20 * De Bruijn             46   6  1 34   1  1  1  1  2  1  1  1  1  1  1  1  1  1  1  2  1  1  1  1  1  2  1  1  2  2  1  1  1  1  1  1  1  1  1  1  1  1  1  2  1  0
 21 ZQ Bot                  46  17 12 12   0  0  0  0  0  0  0  0  0  1  0  1  1  1  0  0  1  1  1  1  1  1  2  1  1  2  2  2  1  2  2  2  2  2  2  2  2  2  2  2  2  2
 22 Granite                 45  16 12 13   0  0  0  0  0  0  0  0  0  1  0  1  1  1  1  1  1  1  1  0  1  1  2  0  1  2  2  1  1  2  2  2  2  2  2  2  2  2  2  2  2  2
 23 Inocencio               44  18 15  8   0  0  0  0  0  0  1  1  0  1  0  1  0  2  0  0  2  0  1  1  0  0  1  1  2  0  2  2  1  2  2  2  2  2  2  2  2  2  2  2  2  2
 24 * Pi                    40   1  2 38   1  1  1  1  1  1  1  1  1  1  1  0  1  1  1  1  1  1  1  1  1  2  1  1  1  1  1  1  1  1  1  1  1  1  0  1  1  1  1  1  1  1
 25 * Foxtrot               35   3  9 29   0  0  0  0  1  0  1  1  1  0  2  1  0  1  1  1  1  1  1  0  1  1  0  1  1  1  1  1  1  1  1  1  1  2  2  1  1  1  1  1  1  1
 26 Yomi AI                 33  11 19 11   0  0  0  0  0  0  0  0  0  0  0  1  0  0  1  0  0  0  1  0  0  0  2  1  1  1  2  1  1  2  1  1  1  1  2  2  2  2  2  2  2  2
 27 Multi-strategy          32  12 21  8   0  0  0  0  0  0  0  0  0  1  0  0  0  0  0  0  0  1  0  1  0  0  0  1  1  0  1  2  1  2  1  1  2  2  2  2  2  2  2  2  2  2
 28 * Copy-drift            31   2 12 27   0  1  0  0  0  0  0  1  1  0  2  1  0  1  1  0  1  1  1  1  0  1  0  1  1  1  0  1  1  1  1  1  1  1  1  1  1  2  1  1  1  1
 29 * Add-drift             31   1 11 29   0  0  0  1  0  0  1  0  1  1  1  1  0  0  1  0  0  1  1  1  1  1  1  1  1  1  1  1  1  1  1  1  1  1  1  1  1  1  0  2  1  1
 30 Peterbot                29   9 21 11   0  0  0  0  0  0  0  0  0  0  1  1  0  0  1  0  0  0  0  1  0  0  0  1  1  0  0  1  1  1  1  1  2  2  1  2  2  2  2  2  2  2
 31 * Add-react             27   1 15 25   0  0  0  1  0  0  0  0  0  1  1  1  0  0  1  0  0  1  1  1  0  0  0  1  1  1  1  1  1  1  1  2  1  1  1  1  1  1  1  1  1  1
 32 Knucklehead             23   5 23 13   0  0  0  0  0  0  0  0  0  0  0  0  0  0  0  0  0  0  0  1  0  0  0  1  1  1  1  1  1  1  0  1  2  1  1  1  2  1  2  2  1  2
 33 Beat The Last Move      21   5 25 11   0  0  0  0  0  0  0  0  0  0  1  1  0  0  1  0  0  0  0  1  0  0  0  1  1  1  0  1  1  0  1  0  1  0  2  0  2  0  1  2  2  2
 34 * Flat                  20   2 23 16   0  0  0  0  0  0  0  0  1  1  0  0  0  0  0  0  0  1  0  1  0  0  0  1  0  1  0  1  1  0  1  1  2  1  1  1  1  1  1  2  1  0
 35 * Text                  18   2 25 14   0  0  0  0  0  1  0  0  1  0  0  0  0  0  1  0  0  0  0  1  0  0  0  2  0  0  0  1  1  1  1  1  0  1  1  1  0  1  1  0  1  2
 36 * Switch A Lot          18   1 24 16   1  0  0  0  0  0  0  0  0  0  0  0  0  0  0  0  0  1  0  1  0  0  0  1  1  0  0  1  1  0  1  1  2  1  1  1  1  1  1  1  1  0
 37 Good Ole Rock           16   3 28 10   0  0  0  0  0  0  0  0  0  0  0  0  0  0  0  0  0  0  0  1  0  0  0  1  1  0  0  1  1  0  1  0  0  1  2  1  1  1  1  0  2  2
 38 Always Switchin'        16   1 26 14   0  0  0  0  0  0  0  0  0  0  0  0  0  0  0  0  0  0  0  1  0  0  0  1  1  0  0  0  1  0  1  1  2  1  1  1  1  1  1  1  1  1
 39 Rotate R-P-S            15   1 27 13   0  0  0  0  0  0  0  0  0  0  0  0  0  0  0  0  0  0  0  1  0  0  0  1  1  0  0  1  2  0  1  0  1  1  1  1  1  1  1  1  1  0
 40 Beat Frequent Pick      15   4 30  7   0  0  0  0  0  0  0  0  0  0  0  0  0  0  0  0  0  0  0  0  0  0  0  1  1  0  0  1  0  0  1  0  0  0  2  1  2  1  1  1  2  2
 41 R-P-S 20-20-60          14   1 28 12   0  0  0  0  0  0  0  0  0  0  0  0  0  0  0  0  0  0  0  1  0  0  0  1  1  0  0  1  1  0  1  1  0  1  1  1  0  1  1  0  1  2
 42 * Anti-Flat             14   4 31  6   0  0  0  0  0  0  0  0  0  0  0  0  0  0  0  0  0  0  0  2  0  0  0  1  1  0  0  1  1  0  1  0  0  2  0  2  0  1  2  0  0  1


   Yomi AI is match ranked 26

 Tournament results:
    Player Name          total 
  1 Yomi AI               1205 
 15 * Anti-rotn           4629 
 19 Iocaine Powder       11265 
 20 Phasenbott           10548 
 21 MegaHAL               9915 
 22 RussRocker4           8073 
 23 Biopic                9063 
 24 Simple Modeller       9670 
 25 Simple Predictor      7768 
 26 Robertot              7927 
 27 Boom                  7291 
 28 Shofar                5936 
 29 ACT-R Lag2            6217 
 30 Majikthise            4913 
 31 Vroomfondel           4845 
 32 Granite               6986 
 33 Marble                7195 
 34 ZQ Bot                6123 
 35 Sweet Rocky           6325 
 36 Piedra                6924 
 37 Mixed Strategy        5411 
 38 Multi-strategy        2945 
 41 Bugbrain              6140 

   Yomi is tournament ranked 23

