 Playing 1 tournaments with 1000 trials per match...

 Yomi AI            vs Good Ole Rock       Match: 1000 (1000+   0-   0=)
 Yomi AI            vs R-P-S 20-20-60      Match:  394 (598+ 204- 198=)
 Yomi AI            vs Rotate R-P-S        Match:  997 (998+   1-   1=)
 Yomi AI            vs Beat The Last Move  Match:  824 (882+  58-  60=)
 Yomi AI            vs Always Switchin'    Match:  205 (504+ 299- 197=)
 Yomi AI            vs Beat Frequent Pick  Match:  592 (794+ 202-   4=)
 Yomi AI            vs * Pi                Match:  -44 (313+ 357- 330=)
 Yomi AI            vs * Switch A Lot      Match:  182 (444+ 262- 294=)
 Yomi AI            vs * Flat              Match:  145 (442+ 297- 261=)
 Yomi AI            vs * Anti-Flat         Match: 1000 (1000+   0-   0=)
 Yomi AI            vs * Foxtrot           Match:  422 (624+ 202- 174=)
 Yomi AI            vs * De Bruijn         Match: -240 (176+ 416- 408=)
 Yomi AI            vs * Text              Match:  139 (425+ 286- 289=)
 Yomi AI            vs * Anti-rotn         Match:   36 (368+ 332- 300=)
 Yomi AI            vs * Copy-drift        Match:   37 (353+ 316- 331=)
 Yomi AI            vs * Add-react         Match:   81 (390+ 309- 301=)
 Yomi AI            vs * Add-drift         Match:   11 (351+ 340- 309=)
 Yomi AI            vs Iocaine Powder      Match: -318 (243+ 561- 196=)
 Yomi AI            vs Phasenbott          Match: -191 (282+ 473- 245=)
 Yomi AI            vs MegaHAL             Match: -212 (318+ 530- 152=)
 Yomi AI            vs RussRocker4         Match: -136 (367+ 503- 130=)
 Yomi AI            vs Biopic              Match: -201 (326+ 527- 147=)
 Yomi AI            vs Simple Modeller     Match:  -40 (331+ 371- 298=)
 Yomi AI            vs Simple Predictor    Match:  -10 (360+ 370- 270=)
 Yomi AI            vs Robertot            Match:  -33 (406+ 439- 155=)
 Yomi AI            vs Boom                Match:   -4 (343+ 347- 310=)
 Yomi AI            vs Shofar              Match:  -11 (331+ 342- 327=)
 Yomi AI            vs ACT-R Lag2          Match:  -23 (345+ 368- 287=)
 Yomi AI            vs Majikthise          Match:    7 (343+ 336- 321=)
 Yomi AI            vs Vroomfondel         Match:    6 (351+ 345- 304=)
 Yomi AI            vs Granite             Match:  -31 (435+ 466-  99=)
 Yomi AI            vs Marble              Match:   -8 (441+ 449- 110=)
 Yomi AI            vs ZQ Bot              Match:   73 (472+ 399- 129=)
 Yomi AI            vs Sweet Rocky         Match:   62 (407+ 345- 248=)
 Yomi AI            vs Piedra              Match:   48 (391+ 343- 266=)
 Yomi AI            vs Mixed Strategy      Match:   21 (384+ 363- 253=)
 Yomi AI            vs Multi-strategy      Match:  312 (558+ 246- 196=)
 Yomi AI            vs Inocencio           Match:  -10 (421+ 431- 148=)
 Yomi AI            vs Peterbot            Match:  251 (513+ 262- 225=)
 Yomi AI            vs Bugbrain            Match:  -41 (330+ 371- 299=)
 Yomi AI            vs Knucklehead         Match:  570 (716+ 146- 138=)
 Final results (draw value = 50):

 Tournament results: 

    Player Name          total     1    2    3    4    5    6    7    8    9   10   11   12   13   14   15   16   17   18   19   20   21   22   23   24   25   26   27   28   29   30   31   32   33   34   35   36   37   38   39   40   41   42
  1 Iocaine Powder       11168     0  131   67   56   30  513   66  201   27  231   62   25  262  -34   93  318  326   75   49   28   38  -10  209  249    9  -42  123  178  389  230  105  289   17  586  902  170  334  898  993  988  995  992
  2 Phasenbott           10202  -131    0   27   43   66  541   20  132   22  241   79   68  234   11   30  191  304   18   62   51   50  -36  183  207   51   23   65   60  403   56   83  337  113  381  917  245  136  948  986  996  995  994
  3 MegaHAL               9636   -67  -27    0   -5   -9   84   48   62   32  241  -32   37  198   -5  -18  212  249  -13   50   65    2   44  173  176  -37  -13  152   44   75  151  189  288  208  456  875  415  418  941  990  988  999 1000
  4 Biopic                8717   -56  -43    5    0  -20  -10   65   28   22   74    3   45  166  -23   17  201   97   37   57   63  -33   11  152  222  -42   51   96  101  388  155  132   68  179  497  772  283  398  575  995  994  998  997
  5 Simple Modeller       8238   -30  -66    9   20    0  -32   40  289   20   22   13   39  101  -10   18   40  305   72   63   46  -15  -11   58  202    9   -1  257  256  -51  112  121  103  224  300  305  443  393  592  991  994  997 1000
  6 RussRocker4           8042  -513 -541  -84   10   32    0   57   97   51  148   54   57  143   40   31  136  167   50   46  115    0   29  118  303  -42  -11  160   96  200   65   92  351  115  505  902  235  244  600  994  993 1000  997
  7 Robertot              7292   -66  -20  -48  -65  -40  -57    0   40  -27   11  -27   26   74   22   -9   33   89   45   46   28    2    4   14  244  -10  -42   42   85  -17   46  173  117   88  404  403  499  394  830  973  992 1000  996
  8 Simple Predictor      7089  -201 -132  -62  -28 -289  -97  -40    0   22   30  -16   36   60  -19   13   10  130   34   59   46  -11   -3  264  220  -73  -21  269  300  -17  111  149  156  170  327  324  405  402  592  986  990  996  997
  9 Boom                  7089   -27  -22  -32  -22  -20  -51   27  -22    0   26  -43   43   69   -6  -27    4  103   60   45  -42    0   -8   90  183    3   12   81   22  -15   41  122  104  212  408  248  394  402  753  991  990  997  996
 10 Marble                7053  -231 -241 -241  -74  -22 -148  -11  -30  -26    0 -122   40   33  -68  -80    8   18   90   79   60    3  -29  647  285   -9  -19   27   59   56  171  177  154  175  331  778  216  423  594  994  995  998  993
 11 ACT-R Lag2            6777   -62  -79   32   -3  -13  -54   27   16   43  122    0   13   77   10  -13   23   83   29   67    7   27    1   77  297  -38   22    5  -17   -7  125  105   65  132  506  130  231  344  580  894  996  996  981
 12 Piedra                6550   -25  -68  -37  -45  -39  -57  -26  -36  -43  -40  -13    0  -80  -39  -47  -48  -47   29   57    3  -16  -74  -40  178  -53   -8   93   56  -41  147  186  258  135  112  925  398  326  591  992  991  998  997
 13 Granite               6476  -262 -234 -198 -166 -101 -143  -74  -60  -69  -33  -77   80    0  -77  -88   31   39   28   51   29   17  -57  509  307 -110   -3  -25   14   54  144  181  102  185  324  949  233  405  593  996  992  998  992
 14 Shofar                6167    34  -11    5   23   10  -40  -22   19    6   68  -10   39   77    0   -2   11   71    3   38   77    8   44   41   70  -35  -14  -47   88  -12   52  115   46  116  175  111  430  246  554  902  927  975  979
 15 Bugbrain              6025   -93  -30   18  -17  -18  -31    9  -13   27   80   13   47   88    2    0   41  178   14   14   24  -61    3   79  125  -22    7  129   45  -20  -11   14   86  130  183  301  265  135  399  947  973  981  984
 16 Yomi AI               5862  -318 -191 -212 -201  -40 -136  -33  -10   -4   -8  -23   48  -31  -11  -41    0   73   62   36   21    6    7  -10  312 -240  -44   11   37  422  145  139   81  182  570  251  205  394  592  824  997 1000 1000
 17 ZQ Bot                5845  -326 -304 -249  -97 -305 -167  -89 -130 -103  -18  -83   47  -39  -71 -178  -73    0   13   48   45  -15  -54  451  242  -33  -11    5   27   29  122  157  286  160  309  925  342  404  594  991  998 1000  995
 18 Sweet Rocky           5699   -75  -18   13  -37  -72  -50  -45  -34  -60  -90  -29  -29  -28   -3  -14  -62  -13    0   42  -38  -60  -63  -73  116  -15   -9   73   32   11  176  174  308  107  191  229  233  358  588  992  987  994  992
 19 * Anti-rotn           5611   -49  -62  -50  -57  -63  -46  -46  -59  -45  -79  -67  -57  -51  -38  -14  -36  -48  -42    0  -38   31   33  533  243  -48  -50  -31   38  -10  201   55    7  300   51  500  513  108  597  500  997  999  991
 20 Mixed Strategy        4801   -28  -51  -65  -63  -46 -115  -28  -46   42  -60   -7   -3  -29  -77  -24  -21  -45   38   38    0  -41  -17  -34   26  -60  -24    5    1   11   41  173   79   89  150  203   -3  377  525  961  947  993  989
 21 Vroomfondel           4582   -38  -50   -2   33   15    0   -2   11    0   -3  -27   16  -17   -8   61   -6   15   60  -31   41    0   39   70  137  -11    7   26   -4   60   51   19  -20   71  237    3  207  208  449   -8  989  995  989
 22 Majikthise            4466    10   36  -44  -11   11  -29   -4    3    8   29   -1   74   57  -44   -3   -7   54   63  -33   17  -39    0   51   50   -4   22  -71   -9   40   37   35   -8   94  227  -13  264  160  475  -13  991  994  997
 23 Inocencio             2631  -209 -183 -173 -152  -58 -118  -14 -264  -90 -647  -77   40 -509  -41  -79   10 -451   73 -533   34  -70  -51    0   66  -15  -14   89  105  334  107  164   97   68  167  155  209  411  358  939  980  986  987
 24 Multi-strategy        2035  -249 -207 -176 -222 -202 -303 -244 -220 -183 -285 -297 -178 -307  -70 -125 -312 -242 -116 -243  -26 -137  -50  -66    0  -50  -20  -42  229    8  164  123    4  265  113 -138  489  360  999  997  997  999  998
 25 * De Bruijn            974    -9  -51   37   42   -9   42   10   73   -3    9   38   53  110   35   22  240   33   15   48   60   11    4   15   50    0   -1   -6  -22  -16  -35   23   63  -33  -11   13   37   50  128   -1   21    0 -111
 26 * Pi                   197    42  -23   13  -51    1   11   42   21  -12   19  -22    8    3   14   -7   44   11    9   50   24   -7  -22   14   20    1    0    0   27   13   -1  -81  -17   21   11   17  -21    4   30   22  -11  -11   -9
 27 * Add-drift          -1636  -123  -65 -152  -96 -257 -160  -42 -269  -81  -27   -5  -93   25   47 -129  -11   -5  -73   31   -5  -26   71  -89   42    6    0    0  -11  -25   -5  -35 -107   19  -11    8   -6  -25   14  -37    8   75  -12
 28 * Copy-drift         -1882  -178  -60  -44 -101 -256  -96  -85 -300  -22  -59   17  -56  -14  -88  -45  -37  -27  -32  -38   -1    4    9 -105 -229   22  -27   11    0  -11  -30   -3   -9   -5  -48  -21   35   48    6  -25    2   12    4
 29 * Foxtrot            -2280  -389 -403  -75 -388   51 -200   17   17   15  -56    7   41  -54   12   20 -422  -29  -11   10  -11  -60  -40 -334   -8   16  -13   25   11    0    6   -7  -19   37  -20  -16   32    0  -33  -25    1   -1   16
 30 * Flat               -2733  -230  -56 -151 -155 -112  -65  -46 -111  -41 -171 -125 -147 -144  -52   11 -145 -122 -176 -201  -41  -51  -37 -107 -164   35    1    5   30   -6    0   30  -27   51  -24 -189  -11   26  212  224  -26   -1 -424
 31 * Text               -3249  -105  -83 -189 -132 -121  -92 -173 -149 -122 -177 -105 -186 -181 -115  -14 -139 -157 -174  -55 -173  -19  -35 -164 -123  -23   81   35    3    7  -30    0   37  -11   -7   24  -39    0 -185  -74  -11 -185  112
 32 * Add-react          -3338  -289 -337 -288  -68 -103 -351 -117 -156 -104 -154  -65 -258 -102  -46  -86  -81 -286 -308   -7  -79   20    8  -97   -4  -63   17  107    9   19   27  -37    0   42    7  -25    6   -1    5  -31 -109   -3   50
 33 * Switch A Lot       -3458   -17 -113 -208 -179 -224 -115  -88 -170 -212 -175 -132 -135 -185 -116 -130 -182 -160 -107 -300  -89  -71  -94  -68 -265   33  -21  -19    5  -37  -51   11  -42    0  -23 -109  -71  -23   55  333   33   11   -8
 34 Knucklehead          -3458  -586 -381 -456 -497 -300 -505 -404 -327 -408 -331 -506 -112 -324 -175 -183 -570 -309 -191  -51 -150 -237 -227 -167 -113   11  -11   11   48   20   24    7   -7   23    0   10    9  -38  140  993  931  907  974
 35 Peterbot             -5654  -902 -917 -875 -772 -305 -902 -403 -324 -248 -778 -130 -925 -949 -111 -301 -251 -925 -229 -500 -203   -3   13 -155  138  -13  -17   -8   21   16  189  -24   25  109  -10    0  239  378  437  963  998 1000 1000
 36 Always Switchin'     -7031  -170 -245 -415 -283 -443 -235 -499 -405 -394 -216 -231 -398 -233 -430 -265 -205 -342 -233 -513    3 -207 -264 -209 -489  -37   21    6  -35  -32   11   39   -6   71   -9 -239    0    3  -26  513   47    7  -44
 37 R-P-S 20-20-60       -9208  -334 -136 -418 -398 -393 -244 -394 -402 -402 -423 -344 -326 -405 -246 -135 -394 -404 -358 -108 -377 -208 -160 -411 -360  -50   -4   25  -48    0  -26    0    1   23   38 -378   -3    0 -418 -185  -11 -430   38
 38 Beat Frequent Pick  -14187  -898 -948 -941 -575 -592 -600 -830 -592 -753 -594 -580 -591 -593 -554 -399 -592 -594 -588 -597 -525 -449 -475 -358 -999 -128  -30  -14   -6   33 -212  185   -5  -55 -140 -437   26  418    0 -600    0  999  996
 39 Beat The Last Move  -20880  -993 -986 -990 -995 -991 -994 -973 -986 -991 -994 -894 -992 -996 -902 -947 -824 -991 -992 -500 -961    8   13 -939 -997    1  -22   37   25   25 -224   74   31 -333 -993 -963 -513  185  600    0    1 1000  996
 40 Rotate R-P-S        -26223  -988 -996 -988 -994 -994 -993 -992 -990 -990 -995 -996 -991 -992 -927 -973 -997 -998 -987 -997 -947 -989 -991 -980 -997  -21   11   -8   -2   -1   26   11  109  -33 -931 -998  -47   11    0   -1    0    0 -667
 41 Good Ole Rock       -26265  -995 -995 -999 -998 -997 -1000 -1000 -996 -997 -998 -996 -998 -998 -975 -981 -1000 -1000 -994 -999 -993 -995 -994 -986 -999    0   11  -75  -12    1    1  185    3  -11 -907 -1000   -7  430 -999 -1000    0    0  998
 42 * Anti-Flat         -27742  -992 -994 -1000 -997 -1000 -997 -996 -997 -996 -993 -981 -997 -992 -979 -984 -1000 -995 -992 -991 -989 -989 -997 -987 -998  111    9   12   -4  -16  424 -112  -50    8 -974 -1000   44  -38 -996 -996  667 -998    0

 Match results (draw <= 50): 

    Player Name           total  W  L  D   1  2  3  4  5  6  7  8  9 10 11 12 13 14 15 16 17 18 19 20 21 22 23 24 25 26 27 28 29 30 31 32 33 34 35 36 37 38 39 40 41 42
  1 Iocaine Powder          71  30  0 11   1  2  2  2  2  1  1  1  2  2  2  1  2  1  2  1  2  2  1  1  2  1  2  2  1  2  2  2  2  2  2  2  2  2  2  2  1  2  2  2  2  2
  2 Phasenbott              70  30  1 10   0  1  2  1  1  2  1  1  2  1  2  1  1  1  2  2  2  1  2  2  2  2  2  2  1  2  2  2  2  2  2  2  2  2  2  2  2  2  2  2  2  2
  3 RussRocker4             66  28  3 10   0  0  1  1  0  1  1  2  2  1  2  1  2  1  2  2  2  1  1  1  2  2  2  2  1  2  2  2  2  2  2  2  2  2  2  2  2  2  2  2  2  2
  4 Biopic                  66  26  1 14   0  1  1  1  1  1  1  1  1  1  1  1  2  1  2  1  2  1  2  1  2  2  2  2  2  2  2  2  2  2  2  2  2  2  2  2  2  2  2  2  2  2
  5 MegaHAL                 64  24  1 16   0  1  2  1  1  1  1  1  1  1  2  1  1  1  2  1  2  1  1  1  2  2  2  2  1  2  2  2  2  1  2  2  2  2  2  2  2  2  2  2  2  2
  6 Simple Modeller         61  22  2 17   1  0  1  1  1  1  1  1  1  1  2  1  1  1  1  1  1  2  2  1  2  1  2  2  1  0  2  2  2  2  2  2  2  2  2  2  2  2  2  2  2  2
  7 Shofar                  59  18  0 23   1  1  1  1  1  1  1  1  1  1  1  1  1  1  2  1  1  1  1  1  2  2  1  2  1  1  2  1  2  2  2  2  1  2  2  2  2  2  2  2  2  2
  8 Boom                    58  18  1 22   1  1  0  1  1  1  1  1  1  1  1  1  1  1  1  1  1  2  1  1  2  1  2  2  1  1  2  2  2  1  1  2  2  2  2  2  2  2  2  2  2  2
  9 ACT-R Lag2              57  19  3 19   0  0  0  1  1  1  1  1  1  1  1  1  1  1  2  1  1  1  2  1  2  1  2  2  1  1  2  1  2  1  2  2  2  2  2  2  2  2  2  2  2  2
 10 Bugbrain                56  17  2 22   0  1  1  1  1  1  1  1  1  1  1  0  1  1  2  1  1  1  1  1  2  1  2  2  1  1  2  2  2  1  1  2  2  2  1  2  2  2  2  2  2  2
 11 Simple Predictor        55  20  6 15   0  0  0  1  0  0  1  1  1  1  1  1  1  1  1  1  1  1  2  0  2  1  2  2  1  1  2  2  2  2  2  2  2  2  2  2  2  2  2  2  2  2
 12 Vroomfondel             55  14  0 27   1  1  1  1  1  1  1  1  1  2  1  1  1  1  1  1  1  2  1  1  1  1  2  1  1  2  2  1  1  1  2  2  1  2  1  1  2  2  2  2  2  2
 13 Robertot                54  16  3 22   0  1  0  0  1  1  1  1  1  1  1  1  1  1  1  1  1  1  1  1  2  1  1  2  1  1  2  1  2  2  1  2  2  2  2  2  2  2  2  2  2  2
 14 Majikthise              53  13  1 27   1  1  1  1  1  1  1  1  1  1  1  1  1  1  1  2  1  2  1  1  2  1  2  2  1  1  1  0  1  1  1  2  1  2  1  1  2  2  2  2  2  2
 15 Marble                  53  20  8 13   0  0  0  0  0  1  0  1  0  0  1  1  1  1  1  1  1  2  2  1  1  2  2  1  1  2  2  1  2  2  2  2  2  2  2  2  2  2  2  2  2  2
 16 Piedra                  53  17  5 19   1  0  0  1  1  1  1  1  1  1  1  1  1  0  1  1  1  1  2  0  0  1  1  1  1  1  2  2  2  2  2  2  2  2  2  2  2  2  2  2  2  2
 17 Yomi AI                 52  17  6 18   0  0  0  0  0  1  1  1  1  1  1  1  1  1  1  1  1  2  1  0  1  1  1  2  1  2  2  1  2  1  2  2  2  2  2  2  2  2  2  2  2  2
 18 Sweet Rocky             48  15  8 18   0  1  1  1  1  0  1  0  1  1  1  0  1  0  0  1  0  1  1  1  1  1  0  1  1  1  2  2  2  1  2  2  2  2  2  2  2  2  2  2  2  2
 19 * Anti-rotn             47  14  8 19   1  0  1  0  1  0  1  1  0  1  0  1  1  1  0  0  1  1  1  1  0  1  2  1  1  1  2  1  2  1  2  2  1  2  2  2  2  2  2  2  2  2
 20 * De Bruijn             46   7  2 32   1  0  1  1  1  1  1  1  1  1  2  1  1  1  1  2  2  1  1  1  2  2  1  1  1  1  1  1  1  1  1  1  2  1  1  1  1  1  1  2  0  1
 21 Granite                 45  18 14  9   0  0  0  0  0  0  0  0  0  0  0  1  0  0  1  2  1  1  2  0  1  1  2  1  1  2  2  1  2  1  2  2  2  2  2  2  2  2  2  2  2  2
 22 Mixed Strategy          45  11  7 23   1  0  0  0  0  1  0  1  1  1  1  1  1  1  0  1  1  1  1  0  1  1  1  1  1  1  1  1  2  1  1  2  2  1  2  2  2  2  2  2  2  2
 23 Inocencio               43  18 16  7   0  0  0  0  0  0  1  0  0  0  0  0  1  0  0  1  1  2  0  1  0  1  1  0  1  2  2  2  2  2  2  2  2  2  2  2  2  2  2  2  2  2
 24 ZQ Bot                  42  15 14 12   0  0  0  0  0  0  0  0  0  0  0  1  0  0  1  1  0  1  1  1  1  1  2  1  1  1  2  1  2  1  2  2  2  2  2  2  2  2  2  2  2  2
 25 * Pi                    39   0  2 39   1  1  1  0  1  1  1  1  1  1  1  1  1  1  1  1  1  1  1  1  1  1  1  1  1  1  1  1  1  1  1  1  1  1  0  1  1  1  1  1  1  1
 26 * Foxtrot               32   1 10 30   0  0  0  0  0  2  1  1  1  1  1  0  1  1  0  1  0  1  1  1  0  1  0  1  1  1  1  1  1  1  1  1  1  1  1  1  1  1  1  1  1  1
 27 Multi-strategy          31  12 22  7   0  0  0  0  0  0  0  0  0  0  0  0  0  1  0  0  0  0  0  1  0  1  0  0  1  1  1  1  0  2  2  2  1  2  2  2  2  2  2  2  2  2
 28 * Add-drift             30   2 13 26   0  0  0  0  0  0  1  0  1  0  0  1  1  2  1  0  1  0  1  1  1  1  0  1  1  1  1  1  1  1  1  1  0  1  1  1  1  1  2  1  1  1
 29 Peterbot                30  10 21 10   0  0  0  0  0  0  0  0  0  0  0  1  0  1  0  0  0  0  0  1  0  0  0  0  1  1  2  1  1  1  2  1  1  2  1  2  2  2  2  2  2  2
 30 * Copy-drift            29   0 12 29   0  0  0  0  1  0  0  1  1  1  0  1  0  1  0  0  1  1  1  1  1  1  0  1  1  1  0  1  1  1  1  1  1  1  1  1  1  1  1  1  1  1
 31 * Flat                  23   3 21 17   0  0  0  0  0  0  0  1  0  1  0  0  1  1  0  0  0  0  0  1  0  1  0  0  1  1  0  1  0  1  1  1  1  1  1  2  2  1  1  2  0  1
 32 Knucklehead             22   5 24 12   0  0  0  0  0  0  0  0  0  0  0  0  0  0  0  0  0  0  0  1  0  0  0  0  1  1  0  1  1  1  1  1  1  1  1  2  1  2  2  2  2  1
 33 * Add-react             21   1 21 19   0  0  0  0  0  0  1  0  0  0  0  1  0  1  0  0  0  0  1  0  0  0  0  0  1  1  1  2  1  1  1  1  1  1  1  1  1  0  1  1  1  1
 34 Always Switchin'        19   2 24 15   0  0  0  0  0  0  0  0  0  0  0  0  0  0  0  0  0  0  0  1  0  1  0  0  1  1  0  1  0  1  1  1  1  1  1  2  2  1  1  1  1  1
 35 * Text                  19   2 24 15   0  0  0  0  0  0  0  0  0  1  0  1  0  1  0  0  0  0  0  1  0  0  0  0  2  1  0  1  1  1  1  1  1  1  1  0  1  1  0  0  2  1
 36 Beat The Last Move      19   5 27  9   0  0  0  0  0  0  0  0  0  0  0  1  0  1  0  0  0  0  0  1  0  0  0  0  1  1  0  1  0  1  0  0  1  0  2  1  0  1  2  2  2  2
 37 * Switch A Lot          17   2 26 13   1  0  0  0  0  0  0  0  0  0  0  0  0  0  0  0  0  0  0  1  0  0  0  0  1  1  0  1  0  1  0  1  1  0  1  2  1  1  1  2  1  1
 38 Rotate R-P-S            15   1 27 13   0  0  0  0  0  0  0  0  0  0  0  0  0  0  0  0  0  0  0  1  0  0  0  0  1  1  0  1  0  1  1  0  2  1  1  1  1  1  1  1  0  1
 39 Good Ole Rock           15   3 29  9   0  0  0  0  0  0  0  0  0  0  0  0  0  0  0  0  0  0  0  1  0  0  0  0  1  1  0  0  0  1  1  0  1  1  2  0  1  1  1  0  2  2
 40 Beat Frequent Pick      15   4 30  7   0  0  0  0  0  0  0  0  0  0  0  0  0  0  0  0  0  0  0  0  0  0  0  0  1  1  0  1  0  1  0  0  1  1  2  0  0  1  2  1  2  2
 41 * Anti-Flat             14   3 30  8   0  0  0  0  0  0  0  0  0  0  0  0  0  0  0  0  0  0  0  2  0  0  0  0  1  1  0  1  0  1  2  0  1  1  0  0  1  2  0  0  1  1
 42 R-P-S 20-20-60          13   0 28 13   0  0  0  0  0  0  0  0  0  0  0  0  0  0  0  0  0  0  0  1  0  0  0  0  1  1  0  1  0  1  1  1  1  1  1  0  1  1  0  0  1  1


   Yomi AI is match ranked 17

 Tournament results:
    Player Name          total 
  1 Yomi AI               5862 
 19 Iocaine Powder       11168 
 20 Phasenbott           10202 
 21 MegaHAL               9636 
 22 RussRocker4           8042 
 23 Biopic                8717 
 24 Simple Modeller       8238 
 25 Simple Predictor      7089 
 26 Robertot              7292 
 27 Boom                  7089 
 28 Shofar                6167 
 29 ACT-R Lag2            6777 
 32 Granite               6476 
 33 Marble                7053 
 36 Piedra                6550 
 41 Bugbrain              6025 

   Yomi is tournament ranked 16

