 Playing 1 tournaments with 1000 trials per match...

 Yomi AI            vs Good Ole Rock       Match: 1000 (1000+   0-   0=)
 Yomi AI            vs R-P-S 20-20-60      Match:  244 (494+ 250- 256=)
 Yomi AI            vs Rotate R-P-S        Match:  997 (998+   1-   1=)
 Yomi AI            vs Beat The Last Move  Match:  288 (540+ 252- 208=)
 Yomi AI            vs Always Switchin'    Match:  256 (500+ 244- 256=)
 Yomi AI            vs Beat Frequent Pick  Match:  619 (774+ 155-  71=)
 Yomi AI            vs * Pi                Match:   -7 (345+ 352- 303=)
 Yomi AI            vs * Switch A Lot      Match:  107 (387+ 280- 333=)
 Yomi AI            vs * Flat              Match:   70 (387+ 317- 296=)
 Yomi AI            vs * Anti-Flat         Match:  999 (999+   0-   1=)
 Yomi AI            vs * Foxtrot           Match:  423 (609+ 186- 205=)
 Yomi AI            vs * De Bruijn         Match:  -49 (314+ 363- 323=)
 Yomi AI            vs * Text              Match:  138 (429+ 291- 280=)
 Yomi AI            vs * Anti-rotn         Match:   61 (360+ 299- 341=)
 Yomi AI            vs * Copy-drift        Match:   38 (355+ 317- 328=)
 Yomi AI            vs * Add-react         Match:   96 (399+ 303- 298=)
 Yomi AI            vs * Add-drift         Match:   55 (361+ 306- 333=)
 Yomi AI            vs Iocaine Powder      Match: -804 ( 15+ 819- 166=)
 Yomi AI            vs Phasenbott          Match: -802 ( 13+ 815- 172=)
 Yomi AI            vs MegaHAL             Match:  -44 (317+ 361- 322=)
 Yomi AI            vs RussRocker4         Match:  -20 (371+ 391- 238=)
 Yomi AI            vs Biopic              Match:  -53 (395+ 448- 157=)
 Yomi AI            vs Simple Modeller     Match:    0 (352+ 352- 296=)
 Yomi AI            vs Simple Predictor    Match:   63 (401+ 338- 261=)
 Yomi AI            vs Robertot            Match:   30 (390+ 360- 250=)
 Yomi AI            vs Boom                Match:   19 (346+ 327- 327=)
 Yomi AI            vs Shofar              Match:   -4 (332+ 336- 332=)
 Yomi AI            vs ACT-R Lag2          Match:    2 (335+ 333- 332=)
 Yomi AI            vs Majikthise          Match:  -12 (342+ 354- 304=)
 Yomi AI            vs Vroomfondel         Match:   35 (358+ 323- 319=)
 Yomi AI            vs Granite             Match:  109 (449+ 340- 211=)
 Yomi AI            vs Marble              Match:  148 (486+ 338- 176=)
 Yomi AI            vs ZQ Bot              Match:  164 (482+ 318- 200=)
 Yomi AI            vs Sweet Rocky         Match:   21 (370+ 349- 281=)
 Yomi AI            vs Piedra              Match:   39 (371+ 332- 297=)
 Yomi AI            vs Mixed Strategy      Match:   84 (413+ 329- 258=)
 Yomi AI            vs Multi-strategy      Match:  229 (491+ 262- 247=)
 Yomi AI            vs Inocencio           Match:  154 (459+ 305- 236=)
 Yomi AI            vs Peterbot            Match:   24 (364+ 340- 296=)
 Yomi AI            vs Bugbrain            Match:   32 (349+ 317- 334=)
 Yomi AI            vs Knucklehead         Match:  422 (628+ 206- 166=)
 Final results (draw value = 50):

 Tournament results: 

    Player Name          total     1    2    3    4    5    6    7    8    9   10   11   12   13   14   15   16   17   18   19   20   21   22   23   24   25   26   27   28   29   30   31   32   33   34   35   36   37   38   39   40   41   42
  1 Iocaine Powder       11298     0   59   46   23   30   57  -44  521  164   26  221  -12  256  -58   77   32   -2  311  804   70   39   24  238  184   44  -26  139  126  415  315  196   89   51  571  921  224  326  899  983  989  989  981
  2 Phasenbott           10962   -59    0   69   23   36   36   34  527   83   76  213  -46  263  -10   77   16    6  263  802   86  132   50  222  203   23  -36  100  126  405  333  111  108   75  393  906  244  202  912  989  988  995  986
  3 MegaHAL               9406   -46  -69    0  -20   12   15   33  112   58   27  251  -12  211   31   -6   46    5  244   44   63   75  -40  259  187  -66  -23  132   37   38  297  123  189  193  352  901  429  402  944  985  993 1000 1000
  4 Simple Modeller       8889   -23  -23   20    0   29   25   20   30  263   -5   59   -2   81   81  -43   50   21  295    0   52   94   -1  202  169  -32   -9  238  272  -28  128   88  138  253  234  827  430  380  595  992  996  999  994
  5 Biopic                8655   -30  -36  -12  -29    0   15   23  -15   46   62  118  -34  128    5   72   64  -69   87   53   74   15   28  294  192  -24  -37    3   71  399   57  225  149  207  473  783  354  411  548  997  996  998  994
  6 Robertot              7862   -57  -36  -15  -25  -15    0   35  -64   31   18   30    0  113  -18   14   14   24  114  -30   41   50   19  252   59  -19  -20   70   94   -8   95   42  174  108  389  838  509  351  727  968  999 1000  991
  7 Sweet Rocky           7529    44  -34  -33  -20  -23  -35    0  -19  -81  -44  -36  -46  -10  -59  -38   52  -22  -48  -21   85    8  -26  122  791  -54   18   34   36   10  235  100  160  175  238  927  217  361  592  992  994  996  991
  8 RussRocker4           7462  -521 -527 -112  -30   15   64   19    0   92   38  110   -2  158   -7  -20  -19   28  145   20   51   28   -2  343  151  -14  -47  111   80  137  289  164   69   96  500  908  261  310  588  994  994 1000 1000
  9 Simple Predictor      7203  -164  -83  -58 -263  -46  -31   81  -92    0   29    8  -21   19   52   -7    1  -26  166  -63   52   91   -3  179  197  -79  -21  297  266   25  187   63  149  207  356  333  427  417  592  985  989  996  996
 10 Boom                  7015   -26  -76  -27    5  -62  -18   44  -38  -29    0   54    2   18  -40  -24   25  -36   98  -19   39  -23  -23  244   68  -17    9   56   76   47   93   45  122  181  421  234  465  413  753  977  990  995  999
 11 Granite               6783  -221 -213 -251  -59 -118  -30   36 -110   -8  -54    0 -100   11  -63 -130   40  -53   23 -109   57    0  -11  239  638  -46  -14   27   35   61  169  194  179  199  353  910  233  393  591  996  995  999  995
 12 Shofar                6415    12   46   12    2   34    0   46    2   21   -2  100    0  111    2   59   54    3   42    4   35   52   88   71   32  -15  -14   79   43  -10   66   69  112  122   54   82  430  267  548  907  922  969  958
 13 Marble                6371  -256 -263 -211  -81 -128 -113   10 -158  -19  -18  -11 -111    0  -90 -130   -8  -62   29 -148   65   19   -7  230  651  -57   17   32   70   77  103  174  172  110  305  911  275  422  594  989  993  998  996
 14 Bugbrain              6031    58   10  -31  -81   -5   18   59    7  -52   40   63   -2   90    0  -11   47   29  169  -32   30   13   38  132   23    7  -34   60   86  -23   81   58   25  126  162  187  281  165  421  947  934  949  987
 15 ACT-R Lag2            6029   -77  -77    6   43  -72  -14   38   20    7   24  130  -59  130   11    0   28  -19   67   -2   27   67   24  278   63  -35  -21   -5  -37   13   57  192   75  130  493  251  248  404  583   57  993  997  991
 16 Piedra                5879   -32  -16  -46  -50  -64  -14  -52   19   -1  -25  -40  -54    8  -47  -28    0  -11  -56  -39   43  -12   -9  169  -63  -55   -1   63   65  -16   15  147  183  113  276  297  306  344  594  990  991  996  991
 17 Majikthise            5752     2   -6   -5  -21   69  -24   22  -28   26   36   53   -3   62  -29   19   11    0   69   12  -22   81  -13  165  130   27  -10   -2   23   19  -48   73   44  101  238  -38  212   97  446  987  990  993  994
 18 ZQ Bot                5662  -311 -263 -244 -295  -87 -114   48 -145 -166  -98  -23  -42  -29 -169  -67   56  -69    0 -164   44   -2 -116  202  437  -49  -71   37   28   38  326  166  164  121  253  998  321  380  592  991  994  996  994
 19 Yomi AI               5171  -804 -802  -44    0  -53   30   21  -20   63   19  109   -4  148   32    2   39  -12  164    0   61   84   35  229  154  -49   -7   55   38  423   96   70  138  107  422   24  256  244  619  288  997 1000  999
 20 * Anti-rotn           4954   -70  -86  -63  -52  -74  -41  -85  -51  -52  -39  -57  -35  -65  -30  -27  -43   22  -44  -61    0  -77  -25  255  -52  -62  -47    4   44  -25   -3  219   55  325   53  495  515  144  596  499  998  996 1000
 21 Mixed Strategy        4882   -39 -132  -75  -94  -15  -50   -8  -28  -91   23    0  -52  -19  -13  -67   12  -81    2  -84   77    0    5   53  130  -51  -44   26  -23  -10   57    2  135   88  135  305   99  358  458  954  979  991  969
 22 Vroomfondel           4612   -24  -50   40    1  -28  -19   26    2    3   23   11  -88    7  -38  -24    9   13  116  -35   25   -5    0  199   70    5  -19   -6   -5   30   39   73   33   90  229   34  271  176  452   -7  997  991  995
 23 Multi-strategy        1957  -238 -222 -259 -202 -294 -252 -122 -343 -179 -244 -239  -71 -230 -132 -278 -169 -165 -202 -229 -255  -53 -199    0  -57  -50  -20   -3  252   -7   17  150  123  318   43  -53  432  399  999  997  997  999  998
 24 Inocencio             1790  -184 -203 -187 -169 -192  -59 -791 -151 -197  -68 -638  -32 -651  -23  -63   63 -130 -437 -154   52 -130  -70   57    0  -26  -19   35  109  301   68  214  145   87  275  146  222  374  354  939  975  975  973
 25 * De Bruijn            727   -44  -23   66   32   24   19   54   14   79   17   46   15   57   -7   35   55  -27   49   49   62   51   -5   50   26    0   -1   -4   -5  -10  -17    4   23  -52  -23    1   65    8  128   -1   21    0 -104
 26 * Pi                   471    26   36   23    9   37   20  -18   47   21   -9   14   14  -17   34   21    1   10   71    7   47   44   19   20   19    1    0  -37    9   33   37   -4  -81  -22  -17   24   16   -3   30   22  -11  -11  -11
 27 * Add-drift          -1635  -139 -100 -132 -238   -3  -70  -34 -111 -297  -56  -27  -79  -32  -60    5  -63    2  -37  -55   -4  -26    6    3  -35    4   37    0  -19  -15  -16   60  -14  -15   -5   11  -14  -64   -7    5  -10  -19   28
 28 * Copy-drift         -2009  -126 -126  -37 -272  -71  -94  -36  -80 -266  -76  -35  -43  -70  -86   37  -65  -23  -28  -38  -44   23    5 -252 -109    5   -9   19    0  -15   43  -47   37  -11  -88  -46   52    3  -52  -32   27    3   14
 29 * Foxtrot            -2406  -415 -405  -38   28 -399    8  -10 -137  -25  -47  -61   10  -77   23  -13   16  -19  -38 -423   25   10  -30    7 -301   10  -33   15   15    0    4  -23    5  -15   -9  -29    6  -35   21   -3  -31  -13   20
 30 * Add-react          -3093  -315 -333 -297 -128  -57  -95 -235 -289 -187  -93 -169  -66 -103  -81  -57  -15   48 -326  -96    3  -57  -39  -17  -68   17  -37   16  -43   -4    0   54   43   70  -23  -41   -2   -2  -15  -38  -30   -5   19
 31 * Flat               -3164  -196 -111 -123  -88 -225  -42 -100 -164  -63  -45 -194  -69 -174  -58 -192 -147  -73 -166  -70 -219   -2  -73 -150 -214   -4    4  -60   47   23  -54    0   17   21  -24 -173  -12   20  216  196  -18    0 -405
 32 * Text               -3283   -89 -108 -189 -138 -149 -174 -160  -69 -149 -122 -179 -112 -172  -25  -75 -183  -44 -164 -138  -55 -135  -33 -123 -145  -23   81   14  -37   -5  -43  -17    0    5  -13   37  -14    5 -185  -74  -11 -185  112
 33 * Switch A Lot       -3490   -51  -75 -193 -253 -207 -108 -175  -96 -207 -181 -199 -122 -110 -126 -130 -113 -101 -121 -107 -325  -88  -90 -318  -87   52   22   15   11   15  -70  -21   -5    0   13 -140  -11  -40  -16  308  -47   10   -3
 34 Knucklehead          -3826  -571 -393 -352 -234 -473 -389 -238 -500 -356 -421 -353  -54 -305 -162 -493 -276 -238 -253 -422  -53 -135 -229  -43 -275   23   17    5   88    9   23   24   13  -13    0   47   32   13  139  464  533  995  980
 35 Peterbot             -6738  -921 -906 -901 -827 -783 -838 -927 -908 -333 -234 -910  -82 -911 -187 -251 -297   38 -998  -24 -495 -305  -34   53 -146   -1  -24  -11   46   29   41  173  -37  140  -47    0  278  394  431  982  997  998 1000
 36 Always Switchin'     -7497  -224 -244 -429 -430 -354 -509 -217 -261 -427 -465 -233 -430 -275 -281 -248 -306 -212 -321 -256 -515  -99 -271 -432 -222  -65  -16   14  -52   -6    2   12   14   11  -32 -278    0    7   61  498   10   18  -34
 37 R-P-S 20-20-60       -8706  -326 -202 -402 -380 -411 -351 -361 -310 -417 -413 -393 -267 -422 -165 -404 -344  -97 -380 -244 -144 -358 -176 -399 -374   -8    3   64   -3   35    2  -20   -5   40  -13 -394   -7    0 -463 -195   17 -428  409
 38 Beat Frequent Pick  -13886  -899 -912 -944 -595 -548 -727 -592 -588 -592 -753 -591 -548 -594 -421 -583 -594 -446 -592 -619 -596 -458 -452 -999 -354 -128  -30    7   52  -21   15 -216  185   16 -139 -431  -61  463    0 -600    0  999 1000
 39 Beat The Last Move  -19927  -983 -989 -985 -992 -997 -968 -992 -994 -985 -977 -996 -907 -989 -947  -57 -990 -987 -991 -288 -499 -954    7 -997 -939    1  -22   -5   32    3   38 -196   74 -308 -464 -982 -498  195  600    0    1 1000 1000
 40 Rotate R-P-S        -25818  -989 -988 -993 -996 -996 -999 -994 -994 -989 -990 -995 -922 -993 -934 -993 -991 -990 -994 -997 -998 -979 -997 -997 -975  -21   11   10  -27   31   30   18   11   47 -533 -997  -10  -17    0   -1    0    0 -687
 41 Good Ole Rock       -26179  -989 -995 -1000 -999 -998 -1000 -996 -1000 -996 -995 -999 -969 -998 -949 -997 -996 -993 -996 -1000 -996 -991 -991 -999 -975    0   11   19   -3   13    5    0  185  -10 -995 -998  -18  428 -999 -1000    0    0 1000
 42 * Anti-Flat         -28110  -981 -986 -1000 -994 -994 -991 -991 -1000 -996 -999 -995 -958 -996 -987 -991 -991 -994 -994 -999 -1000 -969 -995 -998 -973  104   11  -28  -14  -20  -19  405 -112    3 -980 -1000   34 -409 -1000 -1000  687 -1000    0

 Match results (draw <= 50): 

    Player Name           total  W  L  D   1  2  3  4  5  6  7  8  9 10 11 12 13 14 15 16 17 18 19 20 21 22 23 24 25 26 27 28 29 30 31 32 33 34 35 36 37 38 39 40 41 42
  1 Phasenbott              69  29  1 11   1  0  1  1  2  2  1  2  1  1  1  2  2  2  1  1  1  1  2  2  2  2  1  2  2  2  2  2  2  2  2  2  2  2  2  2  2  2  2  2  2  2
  2 Iocaine Powder          68  28  1 12   2  1  1  1  1  2  1  2  0  1  2  1  2  2  1  1  1  1  1  2  2  2  1  2  2  2  2  2  2  2  2  2  2  2  2  2  2  2  2  2  2  2
  3 Biopic                  65  25  1 15   1  1  1  1  1  1  1  2  1  0  1  2  1  2  1  1  2  1  1  2  2  2  1  2  2  2  2  1  2  2  2  2  2  2  2  2  2  2  2  2  2  2
  4 Simple Modeller         65  24  0 17   1  1  1  1  1  1  1  1  2  1  1  1  2  1  1  1  1  1  2  2  2  2  1  2  2  1  2  2  2  2  2  2  2  2  2  2  2  2  2  2  2  2
  5 MegaHAL                 62  23  2 16   0  1  1  1  1  2  1  1  1  1  1  1  2  1  1  1  1  0  2  2  2  2  1  2  2  1  2  2  2  1  2  2  2  2  2  2  2  2  2  2  2  2
  6 RussRocker4             62  24  3 14   0  0  1  1  0  1  1  1  1  1  2  1  2  1  1  1  1  1  1  2  2  2  1  2  2  2  2  2  2  2  2  2  2  2  2  2  2  2  2  2  2  2
  7 Shofar                  62  21  0 20   1  1  1  1  1  1  1  1  1  1  1  1  1  2  1  2  2  1  2  2  2  1  1  1  1  1  2  2  2  1  2  2  2  2  2  2  2  2  2  2  2  2
  8 Yomi AI                 60  22  3 16   0  0  0  1  1  1  1  1  1  1  1  1  2  1  1  1  1  1  2  2  2  2  1  2  2  2  1  2  2  1  2  2  2  2  2  2  2  2  2  2  2  2
  9 Bugbrain                59  20  2 19   1  2  1  0  1  1  1  1  1  1  1  1  0  1  2  1  1  1  1  2  2  2  1  1  1  1  2  2  2  2  2  2  1  2  2  2  2  2  2  2  2  2
 10 Majikthise              58  17  0 24   1  1  2  1  1  1  1  1  1  1  1  1  1  1  1  1  1  1  2  2  2  2  1  2  1  1  1  1  2  1  1  2  1  2  2  2  2  2  2  2  2  2
 11 Robertot                57  18  2 21   1  0  1  1  1  0  1  1  1  1  1  1  1  1  1  1  1  1  1  1  2  2  1  2  1  1  2  2  2  2  2  2  2  1  2  2  2  2  2  2  2  2
 12 Boom                    57  18  2 21   0  1  0  1  1  1  1  1  1  1  1  1  1  1  1  1  1  1  1  2  1  2  1  2  1  1  2  2  2  2  2  2  2  1  2  2  2  2  2  2  2  2
 13 Simple Predictor        56  22  7 12   0  0  1  0  0  0  1  0  2  1  1  1  1  1  2  1  1  0  2  1  1  2  1  2  2  1  2  2  2  2  2  2  2  2  2  2  2  2  2  2  2  2
 14 ACT-R Lag2              56  19  4 18   0  0  0  1  1  1  0  1  1  1  1  1  1  1  1  1  1  1  2  2  2  2  1  2  1  1  2  1  2  1  2  2  2  2  2  2  2  2  2  2  2  2
 15 Sweet Rocky             55  17  3 21   1  1  1  1  1  1  1  1  0  1  1  1  0  1  1  1  2  0  1  1  1  1  1  2  2  1  2  1  2  1  2  2  2  2  2  2  2  2  2  2  2  2
 16 Vroomfondel             52  12  1 28   1  1  1  1  1  1  0  1  1  1  1  1  1  1  1  1  1  1  1  1  1  2  1  2  1  1  1  1  2  1  1  2  1  2  1  2  2  2  2  2  2  2
 17 Piedra                  50  15  6 20   1  1  0  1  1  1  0  1  1  1  1  1  1  1  0  1  1  0  1  1  1  0  1  0  1  1  2  2  2  2  1  2  2  2  2  2  2  2  2  2  2  2
 18 * De Bruijn             48   9  2 30   1  1  1  1  2  1  1  1  1  1  1  1  2  1  2  1  2  1  2  1  2  1  1  1  2  1  1  1  1  1  1  1  1  1  1  0  1  2  2  1  1  0
 19 Mixed Strategy          47  15  9 17   0  1  1  0  0  1  0  0  1  0  1  1  0  0  1  1  1  0  1  1  1  1  1  2  2  1  2  1  2  1  2  2  2  1  2  2  2  2  2  2  2  2
 20 Granite                 46  17 12 12   0  0  0  0  0  0  0  0  0  0  1  0  1  0  1  1  1  1  1  1  1  1  1  2  2  2  2  1  2  1  2  2  2  2  2  2  2  2  2  2  2  2
 21 Marble                  46  18 13 10   0  0  0  0  0  0  0  0  0  0  0  1  1  0  1  1  1  0  1  1  1  1  1  2  2  2  2  1  2  2  2  2  2  2  2  2  2  2  2  2  2  2
 22 ZQ Bot                  42  16 15 10   0  0  0  0  0  0  1  0  0  0  0  0  0  0  1  0  2  1  1  1  1  1  0  2  1  1  2  1  2  1  2  2  2  2  2  2  2  2  2  2  2  2
 23 * Pi                    41   1  1 39   1  1  1  1  1  1  1  1  1  1  1  1  1  1  1  1  1  1  1  1  1  2  1  1  1  1  1  1  1  1  1  1  0  1  1  1  1  1  1  1  1  1
 24 Inocencio               41  18 18  5   0  0  0  0  0  0  1  0  1  0  0  0  0  0  0  0  2  1  0  0  0  0  1  1  2  2  2  1  2  2  2  2  2  2  2  2  2  2  2  2  2  2
 25 * Anti-rotn             40  13 14 14   0  0  0  0  0  0  1  0  1  1  1  1  0  1  0  1  1  0  0  0  0  1  1  0  1  1  2  1  2  1  1  2  2  2  2  2  2  2  2  2  2  2
 26 * Foxtrot               33   0  8 33   0  0  0  1  1  0  1  0  1  1  1  1  1  1  1  1  1  1  1  0  0  1  1  0  1  1  1  1  1  1  1  1  1  1  1  1  1  1  1  1  1  1
 27 Peterbot                31  10 20 11   0  0  0  0  0  0  0  1  0  1  0  0  0  0  0  1  0  1  0  0  0  0  1  0  0  1  1  1  2  1  1  1  1  2  2  2  2  2  2  2  2  2
 28 * Add-drift             29   1 13 27   0  0  1  0  0  0  0  0  0  1  0  0  0  1  1  1  0  1  1  1  1  1  1  1  1  1  1  1  1  1  1  1  1  2  1  1  1  1  1  0  1  1
 29 Multi-strategy          28  11 24  6   0  0  0  0  0  0  0  0  0  0  0  0  0  0  0  0  0  1  0  0  0  0  1  0  0  1  0  1  1  2  1  1  2  2  2  2  2  2  2  2  2  2
 30 * Copy-drift            27   1 15 25   0  0  0  0  1  0  1  1  0  1  0  0  0  1  1  1  0  1  1  1  0  1  1  0  1  1  1  1  0  1  1  0  1  1  1  1  1  0  2  1  1  1
 31 * Add-react             24   2 19 20   0  0  0  0  0  0  0  0  0  1  0  0  0  0  0  1  1  1  0  0  0  0  1  0  1  1  1  1  1  1  1  1  1  2  1  2  1  1  1  1  1  1
 32 Knucklehead             24   6 23 12   0  0  0  0  0  0  0  0  0  0  0  0  0  0  0  0  0  1  0  0  0  0  1  0  0  1  1  1  1  2  1  1  1  1  2  1  2  2  1  1  2  2
 33 * Text                  19   2 24 15   0  0  0  0  0  0  0  0  1  1  0  0  0  0  0  1  0  1  0  0  0  0  2  0  0  1  1  1  0  1  1  1  1  1  0  1  0  0  1  1  1  2
 34 * Flat                  18   2 25 14   0  0  0  0  0  0  0  0  0  0  1  1  0  0  0  0  0  1  1  0  0  0  1  0  0  1  0  0  0  1  0  1  1  1  2  1  1  2  1  1  1  0
 35 Beat The Last Move      18   5 28  8   0  0  0  0  0  0  0  0  0  0  0  0  0  0  0  1  0  1  0  0  0  0  1  0  0  1  0  1  0  1  1  0  2  0  1  0  2  2  0  2  1  2
 36 * Switch A Lot          17   2 26 13   0  0  0  0  0  0  0  0  0  0  0  0  0  0  0  0  0  2  0  0  0  0  1  0  0  1  0  1  0  1  0  1  1  1  2  1  1  1  1  1  1  1
 37 Good Ole Rock           16   3 28 10   0  0  0  0  0  0  0  0  0  0  0  0  0  0  0  0  0  1  0  0  0  0  1  0  0  1  0  1  0  1  1  0  2  1  0  1  1  0  1  2  1  2
 38 Beat Frequent Pick      16   5 30  6   0  0  0  0  0  0  0  0  0  0  0  0  0  0  0  0  0  0  0  0  0  0  1  0  0  1  0  1  0  2  1  0  2  0  0  1  2  1  0  2  1  2
 39 Always Switchin'        16   2 27 12   0  0  0  0  0  0  0  0  0  0  0  0  0  0  0  0  0  0  0  0  0  0  1  0  0  1  0  1  0  0  1  1  1  1  2  1  1  2  1  1  1  1
 40 R-P-S 20-20-60          15   2 28 11   0  0  0  0  0  0  0  0  0  0  0  0  0  0  0  0  0  1  0  0  0  0  1  0  0  1  0  2  0  1  1  1  1  1  0  1  0  0  1  1  1  2
 41 Rotate R-P-S            14   0 27 14   0  0  0  0  0  0  0  0  0  0  0  0  0  0  0  0  0  1  0  0  0  0  1  0  0  1  0  1  0  1  1  0  1  1  1  1  1  1  1  1  1  0
 42 * Anti-Flat             13   3 31  7   0  0  0  0  0  0  0  0  0  0  0  0  0  0  0  0  0  2  0  0  0  0  1  0  0  1  0  1  0  1  1  0  0  2  0  1  0  0  1  0  2  1


   Yomi AI is match ranked 8

 Tournament results:
    Player Name          total 
  1 Yomi AI               5171 
 19 Iocaine Powder       11298 
 20 Phasenbott           10962 
 21 MegaHAL               9406 
 22 RussRocker4           7462 
 23 Biopic                8655 
 24 Simple Modeller       8889 
 25 Simple Predictor      7203 
 26 Robertot              7862 
 27 Boom                  7015 
 28 Shofar                6415 
 29 ACT-R Lag2            6029 
 30 Majikthise            5752 
 32 Granite               6783 
 33 Marble                6371 
 34 ZQ Bot                5662 
 35 Sweet Rocky           7529 
 36 Piedra                5879 
 41 Bugbrain              6031 

   Yomi is tournament ranked 19

