 Playing 1 tournaments with 1000 trials per match...

 Yomi AI            vs Good Ole Rock       Match: 1000 (1000+   0-   0=)
 Yomi AI            vs R-P-S 20-20-60      Match:  258 (502+ 244- 254=)
 Yomi AI            vs Rotate R-P-S        Match:  997 (998+   1-   1=)
 Yomi AI            vs Beat The Last Move  Match:  450 (653+ 203- 144=)
 Yomi AI            vs Always Switchin'    Match:  232 (490+ 258- 252=)
 Yomi AI            vs Beat Frequent Pick  Match:  671 (798+ 127-  75=)
 Yomi AI            vs * Pi                Match:   -2 (348+ 350- 302=)
 Yomi AI            vs * Switch A Lot      Match:  121 (396+ 275- 329=)
 Yomi AI            vs * Flat              Match:   57 (372+ 315- 313=)
 Yomi AI            vs * Anti-Flat         Match:  998 (999+   1-   0=)
 Yomi AI            vs * Foxtrot           Match:  411 (604+ 193- 203=)
 Yomi AI            vs * De Bruijn         Match:  -44 (313+ 357- 330=)
 Yomi AI            vs * Text              Match:  137 (427+ 290- 283=)
 Yomi AI            vs * Anti-rotn         Match:    6 (333+ 327- 340=)
 Yomi AI            vs * Copy-drift        Match:  -21 (329+ 350- 321=)
 Yomi AI            vs * Add-react         Match:   47 (369+ 322- 309=)
 Yomi AI            vs * Add-drift         Match:   23 (344+ 321- 335=)
 Yomi AI            vs Iocaine Powder      Match: -777 ( 18+ 795- 187=)
 Yomi AI            vs Phasenbott          Match: -746 (  9+ 755- 236=)
 Yomi AI            vs MegaHAL             Match:   17 (376+ 359- 265=)
 Yomi AI            vs RussRocker4         Match:  -22 (370+ 392- 238=)
 Yomi AI            vs Biopic              Match:  -18 (413+ 431- 156=)
 Yomi AI            vs Simple Modeller     Match:  -37 (322+ 359- 319=)
 Yomi AI            vs Simple Predictor    Match:   19 (362+ 343- 295=)
 Yomi AI            vs Robertot            Match:   34 (386+ 352- 262=)
 Yomi AI            vs Boom                Match:   35 (355+ 320- 325=)
 Yomi AI            vs Shofar              Match:   33 (349+ 316- 335=)
 Yomi AI            vs ACT-R Lag2          Match:   30 (359+ 329- 312=)
 Yomi AI            vs Majikthise          Match:   37 (358+ 321- 321=)
 Yomi AI            vs Vroomfondel         Match:   21 (338+ 317- 345=)
 Yomi AI            vs Granite             Match:   98 (446+ 348- 206=)
 Yomi AI            vs Marble              Match:  131 (480+ 349- 171=)
 Yomi AI            vs ZQ Bot              Match:  106 (467+ 361- 172=)
 Yomi AI            vs Sweet Rocky         Match:   31 (387+ 356- 257=)
 Yomi AI            vs Piedra              Match:   46 (379+ 333- 288=)
 Yomi AI            vs Mixed Strategy      Match:   73 (385+ 312- 303=)
 Yomi AI            vs Multi-strategy      Match:  169 (460+ 291- 249=)
 Yomi AI            vs Inocencio           Match:  776 (880+ 104-  16=)
 Yomi AI            vs Peterbot            Match:  130 (429+ 299- 272=)
 Yomi AI            vs Bugbrain            Match:   35 (352+ 317- 331=)
 Yomi AI            vs Knucklehead         Match:  458 (638+ 180- 182=)
 Final results (draw value = 50):

 Tournament results: 

    Player Name          total     1    2    3    4    5    6    7    8    9   10   11   12   13   14   15   16   17   18   19   20   21   22   23   24   25   26   27   28   29   30   31   32   33   34   35   36   37   38   39   40   41   42
  1 Iocaine Powder       11622     0   82   82   12   51  519   46   13   55  178  103  242  242   54  -54  777   28  317   49   75    9  -14  245    9  -42  147  155  389  289  230  346  105   17  557  912  186  352  898  981  989  999  992
  2 Phasenbott           10789   -82    0   44  -14   20  532   65   42    2  133   31  244  197   38   53  746  -50  230   62   20  -22   75  294   51   23  114  104  403  196   56  319   83  113  447  909  258  133  948  983  996  999  994
  3 MegaHAL               9643   -82  -44    0   -3   16   90  -11   26   50   78   46  305  238   29  -12  -17  -45  255   50   34    3  -16  223  -37  -13  202  122   75  195  151  234  189  208  416  882  475  413  941  990  988  999 1000
  4 Simple Modeller       9337   -12   14    3    0   51  -29    9   34   78  265   -5   67   79   39  -28   37   50  295   63  169  -55    5  173    9   -1  242  271  -51  614  112  143  121  224  246  674  488  367  592  995  991  998 1000
  5 Biopic                8671   -51  -20  -16  -51    0  -46   31   37   21    8   26  143  112   33   14   18  -31  109   57  -22    0   -1  285  -42   51   63   31  388  196  155   39  132  179  492 1000  370  405  575  991  995  998  997
  6 RussRocker4           8104  -519 -532  -90   29   46    0   42   43    5  127  -11   96  138   42  -23   22   35  136   46    6  -17  -39  247  -42  -11   60  107  200  806   65  363   92  115  464  930  236  308  600  994  991 1000  997
  7 Robertot              7973   -46  -65   11   -9  -31  -42    0    0   18   29  -60   17   71   49  -56  -34   51  142   46   88   24   13  309  -10  -42   32   64  -17   54   46  112  173   88  413  874  499  382  830  968  991  995  996
  8 Boom                  7644   -13  -42  -26  -34  -37  -43    0    0   37  -18   -8   48   54   21  -26  -35  -38   22   45  -17    4  -29  203    3   12   71    1  -15  874   41  110  122  212  426  235  406  353  753  991  990  995  996
  9 Sweet Rocky           7533   -55   -2  -50  -78  -21   -5  -18  -37    0   15  -62  -56  -36   46  -35  -31  -43  -62   42  -30  -26   -5   69  -15   -9    6   38   11  774  176  358  174  107  182  989  326  339  588  992  991  994  992
 10 Simple Predictor      7061  -178 -133  -78 -265   -8 -127  -29   18  -15    0  -70   72   30   65    4  -19   49  169   59   -2  -46  -10  220  -73  -21  321  245  -17  265  111  163  149  170  293  321  436  431  592  986  990  996  997
 11 ACT-R Lag2            6979  -103  -31  -46    5  -26   11   60    8   62   70    0   81  136   62    5  -30  -17  104   30   65   74  -24  264  -38   22   49   -8   -7  109  125   62  105  132  511  145  263  396  580  801  993  998  981
 12 Marble                6745  -242 -244 -305  -67 -143  -96  -17  -48   56  -72  -81    0   23   26  -22 -131  -88    7   59   40  -14  -39  253   -9  -19    2   81   56  655  171  138  177  175  309  922  230  432  594  991  992 1000  993
 13 Granite               6511  -242 -197 -238  -79 -112 -138  -71  -54   36  -30 -136  -23    0   44  -67  -98  -75   40   42  -28  -41  -31  291 -110   -3  -17   39   54  645  144   89  181  185  340  918  275  402  593  996  996  999  992
 14 Piedra                6498   -54  -38  -29  -39  -33  -42  -49  -21  -46  -65  -62  -26  -44    0  -28  -46  -28  -27   26   31  -64  -75  128  -53   -8   -5   98  -41  768  147  136  186  135  161  320  375  337  591  996  993  996  997
 15 Shofar                6051    54  -53   12   28  -14   23   56   26   35   -4   -5   22   67   28    0  -33    7   79   59   86  -39  -12  108  -14   19   31   63   -9   88    3   13   94   88   27  116  424  247  558  903  925  973  972
 16 Yomi AI               6020  -777 -746   17  -37  -18  -22   34   35   31   19   30  131   98   46   33    0   35  106    6   73   21   37  169  -44   -2   23  -21  411  776   57   47  137  121  458  130  232  258  671  450  997 1000  998
 17 Bugbrain              5975   -28   50   45  -50   31  -35  -51   38   43  -49   17   88   75   28   -7  -35    0  181   75   41   37    3  136  -22    7  121   26  -20   53  -11   85   14  130  100  237  225  128  399  946  967  973  984
 18 ZQ Bot                5895  -317 -230 -255 -295 -109 -136 -142  -22   62 -169 -104   -7  -40   27  -79 -106 -181    0   43   55  -34  -45  254  -33  -11   61   33   29  537  122  291  157  160  230  937  247  396  594  995  990  995  995
 19 * Anti-rotn           5331   -49  -62  -50  -63  -57  -46  -46  -45  -42  -59  -30  -59  -42  -26  -59   -6  -75  -43    0  -23   25  -18  247  -48  -50  -31   38  -10  621  201    7   55  300   69   63  510  151  597  499  998  998  991
 20 Mixed Strategy        5297   -75  -20  -34 -169   22   -6  -88   17   30    2  -65  -40   28  -31  -86  -73  -41  -55   23    0    2    8  -43  -60  -24   44  -10   11    1   41   88  173   89  227  332  249  387  525  965  979  985  989
 21 Vroomfondel           4673    -9   22   -3   55    0   17  -24   -4   26   46  -74   14   41   64   39  -21  -37   34  -25   -2    0   -8  209  -11    7   38    0   60  107   51  -58   19   71  222   27  230  166  449  -36  988  994  989
 22 Majikthise            4665    14  -75   16   -5    1   39  -13   29    5   10   24   39   31   75   12  -37   -3   45   18   -8    8    0  244   -4   22  -18  -12   40   50   37  -28   35   94  195    0  250   96  475  -22  994  995  997
 23 Multi-strategy        1901  -245 -294 -223 -173 -285 -247 -309 -203  -69 -220 -264 -253 -291 -128 -108 -169 -136 -254 -247   43 -209 -244    0  -50  -20  -50  252    8 -126  164    0  123  265   35  -20  488  370  999  997  997  999  998
 24 * De Bruijn            703    -9  -51   37   -9   42   42   10   -3   15   73   38    9  110   53   14   44   22   33   48   60   11    4   50    0   -1   -6  -22  -16   15  -35   63   23  -33  -11   13   43  -10  128   -1   21    0 -111
 25 * Pi                   117    42  -23   13    1  -51   11   42  -12    9   21  -22   19    3    8  -19    2   -7   11   50   24   -7  -22   20    1    0    0   27   13   14   -1  -17  -81   21   11   17  -18   -4   30   22  -11  -11   -9
 26 * Add-drift          -1733  -147 -114 -202 -242  -63  -60  -32  -71   -6 -321  -49   -2   17    5  -31  -23 -121  -61   31  -44  -38   18   50    6    0    0  -14  -25  -27   -5 -100  -35   19   31   -6  -53  -53   14  -23    9   47  -12
 27 * Copy-drift         -2018  -155 -104 -122 -271  -31 -107  -64   -1  -38 -245    8  -81  -39  -98  -63   21  -26  -33  -38   10    0   12 -252   22  -27   14    0  -11 -113  -30   -9   -3   -5  -32  -50  -13   10    6  -40   -8  -16    4
 28 * Foxtrot            -2289  -389 -403  -75   51 -388 -200   17   15  -11   17    7  -56  -54   41    9 -411   20  -29   10  -11  -60  -40   -8   16  -13   25   11    0 -334    6  -19   -7   37  -20  -16   11  -19  -33    8    2  -12   16
 29 Inocencio            -2460  -289 -196 -195 -614 -196 -806  -54 -874 -774 -265 -109 -655 -645 -768  -88 -776  -53 -537 -621   -1 -107  -50  126  -15  -14   27  113  334    0  107   94  164   68  202  141  206  396  358  964  976  979  987
 30 * Flat               -2520  -230  -56 -151 -112 -155  -65  -46  -41 -176 -111 -125 -171 -144 -147   -3  -57   11 -122 -201  -41  -51  -37 -164   35    1    5   30   -6 -107    0  -27   30   51  -24 -189  -14   39  212  231   32    0 -424
 31 * Add-react          -2884  -346 -319 -234 -143  -39 -363 -112 -110 -358 -163  -62 -138  -89 -136  -13  -47  -85 -291   -7  -88   58   28    0  -63   17  100    9   19  -94   27    0  -37   42   35  -53    6    3    5   -4  107    4   50
 32 * Text               -3211  -105  -83 -189 -121 -132  -92 -173 -122 -174 -149 -105 -177 -181 -186  -94 -137  -14 -157  -55 -173  -19  -35 -123  -23   81   35    3    7 -164  -30   37    0  -11   -7   24   -4  -20 -185  -74  -11 -185  112
 33 * Switch A Lot       -3419   -17 -113 -208 -224 -179 -115  -88 -212 -107 -170 -132 -175 -185 -135  -88 -121 -130 -160 -300  -89  -71  -94 -265   33  -21  -19    5  -37  -68  -51  -42   11    0  -23 -109  -52  -36   55  311   -2   12   -8
 34 Knucklehead          -3504  -557 -447 -416 -246 -492 -464 -413 -426 -182 -293 -511 -309 -340 -161  -27 -458 -100 -230  -69 -227 -222 -195  -35   11  -11  -31   32   20 -202   24  -35    7   23    0  -20    5  -13  140  721  675  996  974
 35 Peterbot             -6559  -912 -909 -882 -674 -1000 -930 -874 -235 -989 -321 -145 -922 -918 -320 -116 -130 -237 -937  -63 -332  -27    0   20  -13  -17    6   50   16 -141  189   53  -24  109   20    0  248  401  437  963  997 1000 1000
 36 Always Switchin'     -7477  -186 -258 -475 -488 -370 -236 -499 -406 -326 -436 -263 -230 -275 -375 -424 -232 -225 -247 -510 -249 -230 -250 -488  -43   18   53   13  -11 -206   14   -6    4   52   -5 -248    0    6   56  506  -24   16    6
 37 R-P-S 20-20-60       -9001  -352 -133 -413 -367 -405 -308 -382 -353 -339 -431 -396 -432 -402 -337 -247 -258 -128 -396 -151 -387 -166  -96 -370   10    4   53  -10   19 -396  -39   -3   20   36   13 -401   -6    0 -441 -194    9 -444   18
 38 Beat Frequent Pick  -14329  -898 -948 -941 -592 -575 -600 -830 -753 -588 -592 -580 -594 -593 -591 -558 -671 -399 -594 -597 -525 -449 -475 -999 -128  -30  -14   -6   33 -358 -212   -5  185  -55 -140 -437  -56  441    0 -600    0  999  996
 39 Beat The Last Move  -20141  -981 -983 -990 -995 -991 -994 -968 -991 -992 -986 -801 -991 -996 -996 -903 -450 -946 -995 -499 -965   36   22 -997    1  -22   23   40   -8 -964 -231    4   74 -311 -721 -963 -506  194  600    0    1 1000 1000
 40 Rotate R-P-S        -26180  -989 -996 -988 -991 -995 -991 -991 -990 -991 -990 -993 -992 -996 -993 -925 -997 -967 -990 -998 -979 -988 -994 -997  -21   11   -9    8   -2 -976  -32 -107   11    2 -675 -997   24   -9    0   -1    0    0 -686
 41 Good Ole Rock       -26263  -999 -999 -999 -998 -998 -1000 -995 -995 -994 -996 -998 -1000 -999 -996 -973 -1000 -973 -995 -998 -985 -994 -995 -999    0   11  -47   16   12 -979    0   -4  185  -12 -996 -1000  -16  444 -999 -1000    0    0 1000
 42 * Anti-Flat         -27750  -992 -994 -1000 -1000 -997 -997 -996 -996 -992 -997 -981 -993 -992 -997 -972 -998 -984 -995 -991 -989 -989 -997 -998  111    9   12   -4  -16 -987  424  -50 -112    8 -974 -1000   -6  -18 -996 -1000  686 -1000    0

 Match results (draw <= 50): 

    Player Name           total  W  L  D   1  2  3  4  5  6  7  8  9 10 11 12 13 14 15 16 17 18 19 20 21 22 23 24 25 26 27 28 29 30 31 32 33 34 35 36 37 38 39 40 41 42
  1 Iocaine Powder          70  30  1 10   1  2  1  2  2  2  2  0  2  1  1  1  2  1  2  2  1  2  1  2  1  2  2  1  2  2  2  2  2  2  2  2  2  2  2  2  1  2  2  2  2  2
  2 Phasenbott              69  29  1 11   0  1  1  1  1  2  1  2  2  1  2  1  2  1  1  1  2  2  2  2  2  1  2  1  2  2  2  2  2  2  2  2  2  2  2  2  2  2  2  2  2  2
  3 Simple Modeller         64  25  2 14   1  1  1  1  1  1  2  1  1  1  1  1  2  0  2  1  1  2  2  2  1  2  2  1  2  0  2  2  2  2  2  2  2  2  2  2  2  2  2  2  2  2
  4 ACT-R Lag2              64  24  1 16   0  1  1  1  1  1  1  1  1  1  2  1  2  2  2  2  1  2  1  2  1  2  2  1  2  1  2  2  1  1  2  2  2  2  2  2  2  2  2  2  2  2
  5 MegaHAL                 63  23  1 17   0  1  1  1  1  2  1  1  1  1  1  1  2  1  1  1  1  2  1  2  1  1  2  1  2  2  2  2  2  2  2  2  2  2  2  2  2  2  2  2  2  2
  6 RussRocker4             60  22  3 16   0  0  1  1  0  1  1  1  1  1  1  1  2  1  1  1  1  2  1  2  1  1  2  1  2  2  2  2  2  2  2  2  2  2  2  2  2  2  2  2  2  2
  7 Biopic                  60  21  2 18   0  1  0  1  1  1  1  1  1  1  1  1  1  1  1  1  1  2  2  2  1  1  2  2  2  2  2  2  1  2  1  2  2  2  2  2  2  2  2  2  2  2
  8 Shofar                  59  19  1 21   2  0  1  1  1  1  1  1  1  1  2  1  1  1  1  1  1  1  2  2  1  2  2  1  2  1  2  2  2  1  1  1  1  2  2  2  2  2  2  2  2  2
  9 Yomi AI                 58  19  2 20   0  0  1  1  1  1  1  1  1  1  1  1  1  1  1  1  1  2  1  2  1  2  2  1  2  2  2  2  1  1  1  2  2  2  2  2  2  2  2  2  2  2
 10 Bugbrain                58  18  1 22   1  1  1  1  1  1  1  1  1  1  0  1  1  1  1  1  1  2  2  2  1  1  2  1  2  1  2  2  1  2  2  1  2  2  2  1  2  2  2  2  2  2
 11 Robertot                57  19  3 19   1  0  1  0  1  1  1  0  1  2  1  1  1  1  1  1  1  1  1  2  1  2  2  1  2  1  2  2  2  1  2  1  2  2  2  2  2  2  2  2  2  2
 12 Boom                    57  16  0 25   1  1  1  1  1  1  1  1  1  1  1  1  1  1  1  1  1  1  1  1  1  1  2  1  2  1  2  2  1  2  2  1  2  2  2  2  2  2  2  2  2  2
 13 Simple Predictor        55  21  7 13   0  0  0  0  0  0  1  1  1  1  1  1  1  1  1  2  1  2  2  2  0  1  1  1  2  1  2  2  2  2  2  2  2  2  2  2  2  2  2  2  2  2
 14 Vroomfondel             53  14  2 25   1  1  2  0  1  1  1  1  1  1  1  1  1  1  1  2  1  1  1  1  1  1  1  1  2  2  2  1  1  1  0  2  2  2  1  1  2  2  2  2  2  2
 15 Sweet Rocky             51  15  5 21   0  1  0  0  1  1  1  1  1  1  1  1  1  1  1  1  1  0  1  0  1  1  1  1  2  1  2  2  1  1  2  2  2  2  2  2  2  2  2  2  2  2
 16 Piedra                  51  16  6 19   0  1  1  0  1  1  1  1  1  1  1  1  0  0  1  1  0  1  1  1  0  1  1  1  2  1  2  2  2  1  2  2  2  2  2  2  2  2  2  2  2  2
 17 Majikthise              50  10  1 30   1  0  1  1  1  1  1  1  1  1  1  1  1  1  1  2  1  1  1  1  1  1  1  1  1  1  2  1  1  1  1  1  2  2  1  1  2  2  2  2  2  2
 18 Marble                  50  19 10 12   0  0  0  0  0  0  0  1  0  0  1  1  0  1  2  1  1  1  2  1  1  1  1  1  2  2  2  2  2  1  2  2  2  2  2  2  2  2  2  2  2  2
 19 * Anti-rotn             48  14  7 20   1  0  0  1  1  1  0  0  1  0  1  1  0  1  1  1  1  0  1  1  1  1  1  1  2  1  2  2  1  1  1  2  2  2  2  2  2  2  2  2  2  2
 20 ZQ Bot                  47  18 12 11   0  0  0  0  0  0  0  0  0  0  0  1  0  1  2  1  1  1  1  1  1  2  1  1  2  1  2  2  1  2  2  2  2  2  2  2  2  2  2  2  2  2
 21 * De Bruijn             45   6  2 33   1  0  1  1  1  1  1  1  1  1  1  1  2  1  1  2  1  1  1  1  1  2  2  1  1  1  1  1  1  1  2  1  1  1  1  1  1  1  0  1  2  1
 22 Mixed Strategy          45  12  8 21   0  1  0  0  1  1  1  0  0  1  0  1  1  1  1  1  1  1  1  0  0  1  1  1  1  1  1  2  1  1  2  1  2  2  2  2  2  2  2  2  2  2
 23 Granite                 44  16 13 12   0  0  0  0  0  0  0  0  0  0  0  0  1  1  1  1  1  1  1  1  0  1  1  1  2  2  2  2  1  1  2  2  2  2  2  2  2  2  2  2  2  2
 24 * Pi                    39   0  2 39   1  1  1  1  1  1  0  1  1  1  1  1  1  1  1  1  1  1  1  1  1  1  1  1  1  1  1  1  1  1  1  1  1  1  1  0  1  1  1  1  1  1
 25 Inocencio               37  16 20  5   0  0  0  0  0  0  0  0  0  0  0  0  0  0  0  0  1  0  0  0  1  1  0  1  1  2  2  2  2  1  2  2  2  2  2  2  2  2  2  2  2  2
 26 * Foxtrot               32   1 10 30   0  0  2  1  0  0  0  1  0  1  1  1  1  0  1  1  1  0  1  1  1  1  0  1  0  1  1  1  1  1  1  1  1  1  1  1  1  1  1  1  1  1
 27 Multi-strategy          30  11 22  8   0  0  0  0  0  0  0  0  0  0  0  0  0  0  0  0  0  0  0  0  1  1  0  1  0  1  1  1  2  1  1  2  1  2  2  2  2  2  2  2  2  2
 28 Peterbot                30  10 21 10   0  0  0  0  0  0  0  0  0  0  0  0  0  1  0  0  1  0  0  0  1  0  0  1  0  1  1  1  1  1  2  2  1  2  2  1  2  2  2  2  2  2
 29 * Copy-drift            29   0 12 29   0  0  0  1  0  0  1  0  1  1  0  1  0  1  1  0  1  0  1  1  1  1  1  1  0  1  0  1  1  1  1  1  1  1  1  1  1  1  1  1  1  1
 30 * Add-drift             28   0 13 28   0  0  0  1  0  0  0  1  1  0  1  0  0  1  1  1  1  1  1  0  1  1  1  1  1  1  1  1  1  1  0  1  1  0  1  1  1  1  1  0  1  1
 31 * Add-react             25   3 19 19   0  0  0  0  0  0  1  1  1  0  0  0  0  2  0  0  1  0  1  0  0  0  0  1  0  1  1  0  1  2  1  1  1  1  1  1  1  1  1  1  1  2
 32 * Flat                  24   3 20 18   0  0  0  0  0  0  0  1  0  1  1  1  0  0  0  0  1  0  0  0  1  1  0  1  0  1  0  0  1  1  1  1  1  1  2  1  2  1  0  1  2  1
 33 Knucklehead             24   5 22 14   0  0  0  0  0  0  0  1  0  0  0  0  0  0  0  0  0  0  0  0  1  0  0  1  0  1  1  1  1  1  1  1  1  1  2  1  1  2  2  1  2  2
 34 Always Switchin'        20   4 25 12   0  0  0  0  0  0  0  0  0  0  0  0  0  0  0  0  0  0  0  0  1  0  0  1  0  1  0  0  1  2  1  1  1  1  2  1  2  1  1  1  2  1
 35 Beat The Last Move      19   5 27  9   0  0  0  0  0  0  0  0  0  0  0  0  0  1  0  0  1  0  0  0  1  0  0  1  0  1  0  0  1  1  1  0  0  0  1  2  0  2  2  2  2  1
 36 * Text                  19   2 24 15   0  0  0  0  0  0  0  0  0  1  0  0  0  1  0  0  1  0  0  0  1  0  0  2  0  1  0  1  1  1  1  1  1  1  0  1  1  0  2  1  0  1
 37 * Switch A Lot          17   2 26 13   1  0  0  0  0  0  0  0  0  0  0  0  0  0  0  0  0  0  0  0  1  0  0  1  0  1  0  0  1  1  1  0  1  0  2  1  1  1  1  1  2  1
 38 Good Ole Rock           16   3 28 10   0  0  0  0  0  0  0  0  0  0  0  0  0  0  0  0  0  0  0  0  1  0  0  1  0  1  0  0  1  1  1  1  0  1  0  2  1  1  2  2  0  1
 39 * Anti-Flat             14   3 30  8   0  0  0  0  0  0  0  0  0  0  0  0  0  0  0  0  0  0  0  0  2  0  0  1  0  1  0  0  1  1  1  2  0  1  0  0  1  0  1  1  0  2
 40 R-P-S 20-20-60          14   1 28 12   0  0  0  0  0  0  0  0  0  0  0  0  0  0  0  0  0  0  0  0  1  0  0  1  0  1  0  0  1  2  1  1  1  1  0  1  1  0  1  1  0  1
 41 Beat Frequent Pick      14   4 31  6   0  0  0  0  0  0  0  0  0  0  0  0  0  0  0  0  0  0  0  0  0  0  0  1  0  1  0  0  1  1  1  0  0  0  0  2  0  2  2  2  1  1
 42 Rotate R-P-S            13   0 28 13   0  0  0  0  0  0  0  0  0  0  0  0  0  0  0  0  0  0  0  0  1  0  0  1  0  1  0  0  1  1  0  1  0  1  1  1  1  1  0  1  1  1


   Yomi AI is match ranked 9

 Tournament results:
    Player Name          total 
  1 Yomi AI               6020 
 19 Iocaine Powder       11622 
 20 Phasenbott           10789 
 21 MegaHAL               9643 
 22 RussRocker4           8104 
 23 Biopic                8671 
 24 Simple Modeller       9337 
 25 Simple Predictor      7061 
 26 Robertot              7973 
 27 Boom                  7644 
 28 Shofar                6051 
 29 ACT-R Lag2            6979 
 32 Granite               6511 
 33 Marble                6745 
 35 Sweet Rocky           7533 
 36 Piedra                6498 

   Yomi is tournament ranked 16

