 Playing 1 tournaments with 1000 trials per match...

 Yomi AI            vs Good Ole Rock       Match: 1000 (1000+   0-   0=)
 Yomi AI            vs R-P-S 20-20-60      Match:  244 (494+ 250- 256=)
 Yomi AI            vs Rotate R-P-S        Match:  997 (998+   1-   1=)
 Yomi AI            vs Beat The Last Move  Match:  288 (540+ 252- 208=)
 Yomi AI            vs Always Switchin'    Match:  256 (500+ 244- 256=)
 Yomi AI            vs Beat Frequent Pick  Match:  619 (774+ 155-  71=)
 Yomi AI            vs * Pi                Match:   -7 (345+ 352- 303=)
 Yomi AI            vs * Switch A Lot      Match:  107 (387+ 280- 333=)
 Yomi AI            vs * Flat              Match:   70 (387+ 317- 296=)
 Yomi AI            vs * Anti-Flat         Match:  999 (999+   0-   1=)
 Yomi AI            vs * Foxtrot           Match:  423 (609+ 186- 205=)
 Yomi AI            vs * De Bruijn         Match:  -49 (314+ 363- 323=)
 Yomi AI            vs * Text              Match:  138 (429+ 291- 280=)
 Yomi AI            vs * Anti-rotn         Match:   61 (360+ 299- 341=)
 Yomi AI            vs * Copy-drift        Match:   38 (355+ 317- 328=)
 Yomi AI            vs * Add-react         Match:   96 (399+ 303- 298=)
 Yomi AI            vs * Add-drift         Match:   55 (361+ 306- 333=)
 Yomi AI            vs Iocaine Powder      Match: -804 ( 15+ 819- 166=)
 Yomi AI            vs Phasenbott          Match: -802 ( 13+ 815- 172=)
 Yomi AI            vs MegaHAL             Match:  -44 (317+ 361- 322=)
 Yomi AI            vs RussRocker4         Match:  -20 (371+ 391- 238=)
 Yomi AI            vs Biopic              Match:  -53 (395+ 448- 157=)
 Yomi AI            vs Simple Modeller     Match:    0 (352+ 352- 296=)
 Yomi AI            vs Simple Predictor    Match:   63 (401+ 338- 261=)
 Yomi AI            vs Robertot            Match:   30 (390+ 360- 250=)
 Yomi AI            vs Boom                Match:   19 (346+ 327- 327=)
 Yomi AI            vs Shofar              Match:   -4 (332+ 336- 332=)
 Yomi AI            vs ACT-R Lag2          Match:    2 (335+ 333- 332=)
 Yomi AI            vs Majikthise          Match:  -12 (342+ 354- 304=)
 Yomi AI            vs Vroomfondel         Match:   35 (358+ 323- 319=)
 Yomi AI            vs Granite             Match:  109 (449+ 340- 211=)
 Yomi AI            vs Marble              Match:  148 (486+ 338- 176=)
 Yomi AI            vs ZQ Bot              Match:  164 (482+ 318- 200=)
 Yomi AI            vs Sweet Rocky         Match:   21 (370+ 349- 281=)
 Yomi AI            vs Piedra              Match:   39 (371+ 332- 297=)
 Yomi AI            vs Mixed Strategy      Match:   84 (413+ 329- 258=)
 Yomi AI            vs Multi-strategy      Match:  229 (491+ 262- 247=)
 Yomi AI            vs Inocencio           Match:  154 (459+ 305- 236=)
 Yomi AI            vs Peterbot            Match:   24 (364+ 340- 296=)
 Yomi AI            vs Bugbrain            Match:   32 (349+ 317- 334=)
 Yomi AI            vs Knucklehead         Match:  422 (628+ 206- 166=)
 Final results (draw value = 50):

 Tournament results: 

    Player Name          total     1    2    3    4    5    6    7    8    9   10   11   12   13   14   15   16   17   18   19   20   21   22   23   24   25   26   27   28   29   30   31   32   33   34   35   36   37   38   39   40   41   42
  1 Iocaine Powder       11298     0   59   23   46   30   57  521  164   26  221  256  -12  -44   32   77  -58  311   -2  804   70   39   24  238   44  184  -26  139  126  415  315  196   89   51  571  921  224  326  899  983  989  989  981
  2 Phasenbott           10962   -59    0   23   69   36   36  527   83   76  213  263  -46   34   16   77  -10  263    6  802   86  132   50  222   23  203  -36  100  126  405  333  111  108   75  393  906  244  202  912  989  988  995  986
  3 Simple Modeller       9452   -23  -23    0   20    9  -48  -22  262    5   78  129  -13   18   69    8   36  286    5    0   52   28  -40  181  -32  785   -9  238  272  -28  128   88  138  253  321  895  430  380  595  992  996  999  994
  4 MegaHAL               9327   -46  -69  -20    0   12   15  112   58   27  251  211  -12   33   46   -6   33  244    5   44   63   75  -40  259  -66  176  -23  132   37   38  297  123  189  193  313  870  429  402  944  985  993 1000 1000
  5 Biopic                8648   -30  -36   -9  -12    0   67    4    5   18  152  124    7   62   41   34   -6  129  -11   53   74   17   13  229  -24  173  -37    3   71  399   57  225  149  207  467  735  354  411  548  997  996  998  994
  6 Robertot              8025   -57  -36   48  -15  -67    0  -26   15   23   27   81  -11   52   50   15    3   87    1  -30   41   77  -47  280  -19   14  -20   70   94   -8   95   42  174  108  421  998  509  351  727  968  999 1000  991
  7 RussRocker4           7670  -521 -527   22 -112   -4   26    0  110   35  161  126  -11    4    8   14   45  140   34   20   51   44   34  297  -14  151  -47  111   80  137  289  164   69   96  543  948  261  310  588  994  994 1000 1000
  8 Simple Predictor      7489  -164  -83 -262  -58   -5  -15 -110    0  -30   60   -5    6   67   72  -85   16  183    4  -63   52   61   -3  191  -79  595  -21  297  266   25  187   63  149  207  256  313  427  417  592  985  989  996  996
  9 Boom                  7300   -26  -76   -5  -27  -18  -23  -35   30    0   36   24  -19   17   59  -19    0   51  -13  -19   39  -58  -12  220  -17   -5    9   56   76   47   93   45  122  181  428  547  465  413  753  977  990  995  999
 10 Granite               6781  -221 -213  -78 -251 -152  -27 -161  -60  -36    0   34  -33   35   57 -137  -49   55  -84 -109   57   -5  -10  283  -46  650  -14   27   35   61  169  194  179  199  293  937  233  393  591  996  995  999  995
 11 Marble                6593  -256 -263 -129 -211 -124  -81 -126    5  -24  -34    0  -57   24   33 -130  -40   10    3 -148   65  -52  -73  370  -57  651   17   32   70   77  103  174  172  110  294  921  275  422  594  989  993  998  996
 12 Shofar                6499    12   46   13   12   -7   11   11   -6   19   33   57    0   27   48   34  -10   91  -33    4   35   94   25  122  -15    5  -14   79   43  -10   66   69  112  122  135  268  430  267  548  907  922  969  958
 13 Sweet Rocky           6439    44  -34  -18  -33  -62  -52   -4  -67  -17  -35  -24  -27    0   26  -14  -33  -79  -15  -21   85    6   13  149  -54  477   18   34   36   10  235  100  160  175  176  141  217  361  592  992  994  996  991
 14 Piedra                6078   -32  -16  -69  -46  -41  -50   -8  -72  -59  -57  -33  -48  -26    0  -63  -49  -41  -64  -39   43    6  -75   99  -55  534   -1   63   65  -16   15  147  183  113  127  431  306  344  594  990  991  996  991
 15 ACT-R Lag2            6004   -77  -77   -8    6  -34  -15  -14   85   19  137  130  -34   14   63    0  -18  108  -14   -2   27   68   20  291  -35  150  -21   -5  -37   13   57  192   75  130  502   35  248  404  583   57  993  997  991
 16 Bugbrain              5998    58   10  -36  -33    6   -3  -45  -16    0   49   40   10   33   49   18    0  173    0  -32   30   18   49  136    7   86  -34   60   86  -23   81   58   25  126   69  259  281  165  421  947  934  949  987
 17 ZQ Bot                5781  -311 -263 -286 -244 -129  -87 -140 -183  -51  -55  -10  -91   79   41 -108 -173    0  -27 -164   44   33  -61  235  -49  554  -71   37   28   38  326  166  164  121  286  864  321  380  592  991  994  996  994
 18 Majikthise            5685     2   -6   -5   -5   11   -1  -34   -4   13   84   -3   33   15   64   14    0   27    0   12  -22   22   -7  176   27   96  -10   -2   23   19  -48   73   44  101  251    6  212   97  446  987  990  993  994
 19 Yomi AI               5171  -804 -802    0  -44  -53   30  -20   63   19  109  148   -4   21   39    2   32  164  -12    0   61   84   35  229  -49  154   -7   55   38  423   96   70  138  107  422   24  256  244  619  288  997 1000  999
 20 * Anti-rotn           4954   -70  -86  -52  -63  -74  -41  -51  -52  -39  -57  -65  -35  -85  -43  -27  -30  -44   22  -61    0  -77  -25  255  -62  -52  -47    4   44  -25   -3  219   55  325   53  495  515  144  596  499  998  996 1000
 21 Mixed Strategy        4899   -39 -132  -28  -75  -17  -77  -44  -61   58    5   52  -94   -6   -6  -68  -18  -33  -22  -84   77    0    5   10  -51   -2  -44   26  -23  -10   57    2  135   88  197  313   99  358  458  954  979  991  969
 22 Vroomfondel           4653   -24  -50   40   40  -13   47  -34    3   12   10   73  -25  -13   75  -20  -49   61    7  -35   25   -5    0  174    5   83  -19   -6   -5   30   39   73   33   90  189  -33  271  176  452   -7  997  991  995
 23 Multi-strategy        2438  -238 -222 -181 -259 -229 -280 -297 -191 -220 -283 -370 -122 -149  -99 -291 -136 -235 -176 -229 -255  -10 -174    0  -50  -84  -20   -3  252   -7   17  150  123  318   67  500  432  399  999  997  997  999  998
 24 * De Bruijn            727   -44  -23   32   66   24   19   14   79   17   46   57   15   54   55   35   -7   49  -27   49   62   51   -5   50    0   26   -1   -4   -5  -10  -17    4   23  -52  -23    1   65    8  128   -1   21    0 -104
 25 Inocencio              512  -184 -203 -785 -176 -173  -14 -151 -595    5 -650 -651   -5 -477 -534 -150  -86 -554  -96 -154   52    2  -83   84  -26    0  -19   35  109  301   68  214  145   87  254  110  222  374  354  939  975  975  973
 26 * Pi                   471    26   36    9   23   37   20   47   21   -9   14  -17   14  -18    1   21   34   71   10    7   47   44   19   20    1   19    0  -37    9   33   37   -4  -81  -22  -17   24   16   -3   30   22  -11  -11  -11
 27 * Add-drift          -1635  -139 -100 -238 -132   -3  -70 -111 -297  -56  -27  -32  -79  -34  -63    5  -60  -37    2  -55   -4  -26    6    3    4  -35   37    0  -19  -15  -16   60  -14  -15   -5   11  -14  -64   -7    5  -10  -19   28
 28 * Copy-drift         -2009  -126 -126 -272  -37  -71  -94  -80 -266  -76  -35  -70  -43  -36  -65   37  -86  -28  -23  -38  -44   23    5 -252    5 -109   -9   19    0  -15   43  -47   37  -11  -88  -46   52    3  -52  -32   27    3   14
 29 * Foxtrot            -2406  -415 -405   28  -38 -399    8 -137  -25  -47  -61  -77   10  -10   16  -13   23  -38  -19 -423   25   10  -30    7   10 -301  -33   15   15    0    4  -23    5  -15   -9  -29    6  -35   21   -3  -31  -13   20
 30 * Add-react          -3093  -315 -333 -128 -297  -57  -95 -289 -187  -93 -169 -103  -66 -235  -15  -57  -81 -326   48  -96    3  -57  -39  -17   17  -68  -37   16  -43   -4    0   54   43   70  -23  -41   -2   -2  -15  -38  -30   -5   19
 31 * Flat               -3164  -196 -111  -88 -123 -225  -42 -164  -63  -45 -194 -174  -69 -100 -147 -192  -58 -166  -73  -70 -219   -2  -73 -150   -4 -214    4  -60   47   23  -54    0   17   21  -24 -173  -12   20  216  196  -18    0 -405
 32 * Text               -3283   -89 -108 -138 -189 -149 -174  -69 -149 -122 -179 -172 -112 -160 -183  -75  -25 -164  -44 -138  -55 -135  -33 -123  -23 -145   81   14  -37   -5  -43  -17    0    5  -13   37  -14    5 -185  -74  -11 -185  112
 33 * Switch A Lot       -3490   -51  -75 -253 -193 -207 -108  -96 -207 -181 -199 -110 -122 -175 -113 -130 -126 -121 -101 -107 -325  -88  -90 -318   52  -87   22   15   11   15  -70  -21   -5    0   13 -140  -11  -40  -16  308  -47   10   -3
 34 Knucklehead          -3724  -571 -393 -321 -313 -467 -421 -543 -256 -428 -293 -294 -135 -176 -127 -502  -69 -286 -251 -422  -53 -197 -189  -67   23 -254   17    5   88    9   23   24   13  -13    0  -41   32   13  139  464  533  995  980
 35 Peterbot             -6927  -921 -906 -895 -870 -735 -998 -948 -313 -547 -937 -921 -268 -141 -431  -35 -259 -864   -6  -24 -495 -313   33 -500   -1 -110  -24  -11   46   29   41  173  -37  140   41    0  278  394  431  982  997  998 1000
 36 Always Switchin'     -7497  -224 -244 -430 -429 -354 -509 -261 -427 -465 -233 -275 -430 -217 -306 -248 -281 -321 -212 -256 -515  -99 -271 -432  -65 -222  -16   14  -52   -6    2   12   14   11  -32 -278    0    7   61  498   10   18  -34
 37 R-P-S 20-20-60       -8706  -326 -202 -380 -402 -411 -351 -310 -417 -413 -393 -422 -267 -361 -344 -404 -165 -380  -97 -244 -144 -358 -176 -399   -8 -374    3   64   -3   35    2  -20   -5   40  -13 -394   -7    0 -463 -195   17 -428  409
 38 Beat Frequent Pick  -13886  -899 -912 -595 -944 -548 -727 -588 -592 -753 -591 -594 -548 -592 -594 -583 -421 -592 -446 -619 -596 -458 -452 -999 -128 -354  -30    7   52  -21   15 -216  185   16 -139 -431  -61  463    0 -600    0  999 1000
 39 Beat The Last Move  -19927  -983 -989 -992 -985 -997 -968 -994 -985 -977 -996 -989 -907 -992 -990  -57 -947 -991 -987 -288 -499 -954    7 -997    1 -939  -22   -5   32    3   38 -196   74 -308 -464 -982 -498  195  600    0    1 1000 1000
 40 Rotate R-P-S        -25818  -989 -988 -996 -993 -996 -999 -994 -989 -990 -995 -993 -922 -994 -991 -993 -934 -994 -990 -997 -998 -979 -997 -997  -21 -975   11   10  -27   31   30   18   11   47 -533 -997  -10  -17    0   -1    0    0 -687
 41 Good Ole Rock       -26179  -989 -995 -999 -1000 -998 -1000 -1000 -996 -995 -999 -998 -969 -996 -996 -997 -949 -996 -993 -1000 -996 -991 -991 -999    0 -975   11   19   -3   13    5    0  185  -10 -995 -998  -18  428 -999 -1000    0    0 1000
 42 * Anti-Flat         -28110  -981 -986 -994 -1000 -994 -991 -1000 -996 -999 -995 -996 -958 -991 -991 -991 -987 -994 -994 -999 -1000 -969 -995 -998  104 -973   11  -28  -14  -20  -19  405 -112    3 -980 -1000   34 -409 -1000 -1000  687 -1000    0

 Match results (draw <= 50): 

    Player Name           total  W  L  D   1  2  3  4  5  6  7  8  9 10 11 12 13 14 15 16 17 18 19 20 21 22 23 24 25 26 27 28 29 30 31 32 33 34 35 36 37 38 39 40 41 42
  1 Phasenbott              69  29  1 11   1  0  1  1  2  2  2  1  2  1  1  2  2  1  1  1  2  1  1  2  2  1  2  2  2  2  2  2  2  2  2  2  2  2  2  2  2  2  2  2  2  2
  2 Iocaine Powder          68  28  1 12   2  1  1  1  1  2  2  1  2  0  2  2  1  1  1  1  2  1  1  1  2  1  2  2  2  2  2  2  2  2  2  2  2  2  2  2  2  2  2  2  2  2
  3 Biopic                  65  24  0 17   1  1  1  1  1  1  2  1  1  1  2  1  1  1  1  2  2  1  1  1  2  1  2  2  2  2  2  2  1  2  2  2  2  2  2  2  2  2  2  2  2  2
  4 Simple Modeller         64  23  0 18   1  1  1  1  1  1  1  1  1  1  1  2  1  1  1  1  2  2  1  1  2  1  2  2  2  1  2  2  2  2  2  2  2  2  2  2  2  2  2  2  2  2
  5 MegaHAL                 62  23  2 16   0  1  1  1  1  2  1  1  1  1  1  2  1  1  1  1  2  1  0  2  2  1  2  2  2  1  2  2  2  1  2  2  2  2  2  2  2  2  2  2  2  2
  6 RussRocker4             61  23  3 15   0  0  1  1  0  1  1  1  1  1  1  2  1  1  1  1  2  1  1  1  2  1  2  2  2  2  2  2  2  2  2  2  2  2  2  2  2  2  2  2  2  2
  7 Yomi AI                 60  22  3 16   0  0  0  1  1  1  1  1  1  1  1  2  1  1  1  1  2  1  1  2  2  1  2  2  2  2  2  1  2  1  2  2  2  2  2  2  2  2  2  2  2  2
  8 Shofar                  59  18  0 23   1  1  1  1  1  1  1  1  1  1  1  1  1  1  1  1  1  1  1  2  2  1  2  1  1  1  2  2  2  1  2  2  2  2  2  2  2  2  2  2  2  2
  9 ACT-R Lag2              59  20  2 19   0  0  1  1  1  1  1  1  1  1  1  2  1  1  1  1  2  2  1  2  2  1  2  2  1  1  2  1  1  1  2  2  2  2  2  2  2  2  2  2  2  2
 10 Bugbrain                59  18  0 23   1  2  1  1  1  1  1  1  1  1  1  1  1  1  1  1  1  1  1  1  1  1  2  2  1  1  2  2  2  2  2  2  1  2  2  2  2  2  2  2  2  2
 11 Robertot                58  19  2 20   1  0  0  1  1  1  1  1  1  1  1  1  1  1  1  2  1  1  1  2  2  1  2  1  1  1  2  2  2  2  2  2  2  2  1  2  2  2  2  2  2  2
 12 Simple Predictor        56  23  8 10   0  0  1  0  0  0  0  1  0  1  1  1  1  1  1  2  2  2  0  2  1  1  2  2  2  1  2  2  2  2  2  2  2  2  2  2  2  2  2  2  2  2
 13 Boom                    56  17  2 22   0  1  1  1  1  1  1  1  1  1  1  1  1  1  1  1  1  2  1  0  1  1  2  1  1  1  2  2  2  2  2  2  2  2  1  2  2  2  2  2  2  2
 14 Majikthise              55  14  0 27   1  1  1  1  1  1  1  1  1  1  1  1  1  1  1  1  2  2  1  1  1  1  1  2  1  1  2  1  1  1  1  2  1  2  2  2  2  2  2  2  2  2
 15 Vroomfondel             55  14  0 27   1  1  1  1  1  1  1  1  1  1  1  1  1  1  1  1  1  2  1  1  2  1  2  2  1  1  2  1  1  1  1  2  1  1  2  2  2  2  2  2  2  2
 16 Sweet Rocky             52  16  5 20   1  1  0  1  1  1  1  1  1  1  0  0  1  1  1  1  1  1  0  1  1  1  0  2  2  1  2  2  1  1  2  2  2  2  2  2  2  2  2  2  2  2
 17 Granite                 50  19 10 12   0  0  0  0  0  0  0  1  0  1  1  0  1  0  1  1  1  2  1  1  1  1  2  2  2  2  2  2  1  1  2  2  2  2  2  2  2  2  2  2  2  2
 18 Piedra                  49  16  8 17   1  1  1  0  1  1  1  1  0  1  1  0  0  0  0  1  0  1  0  1  1  1  1  2  1  1  2  2  2  2  1  2  2  2  2  2  2  2  2  2  2  2
 19 * De Bruijn             48   9  2 30   1  1  1  1  2  1  1  1  1  1  1  2  1  1  1  2  1  2  1  2  2  1  1  1  2  1  1  1  1  1  1  1  1  1  1  0  2  1  2  1  1  0
 20 Mixed Strategy          48  15  8 18   0  1  1  1  0  1  0  0  0  1  0  0  2  1  1  1  1  1  0  1  2  1  1  1  2  1  1  2  1  1  2  2  2  2  1  2  2  2  2  2  2  2
 21 Marble                  46  18 13 10   0  0  0  0  0  0  0  0  0  1  0  1  1  1  0  1  1  1  0  0  1  1  1  2  2  2  2  2  1  2  2  2  2  2  2  2  2  2  2  2  2  2
 22 * Pi                    41   1  1 39   1  1  1  1  1  1  1  1  1  1  1  1  1  1  1  1  1  1  1  1  1  1  2  1  1  1  1  1  1  1  1  1  0  1  1  1  1  1  1  1  1  1
 23 ZQ Bot                  41  16 16  9   0  0  0  0  0  0  0  0  0  0  0  0  0  1  0  2  0  1  1  1  1  0  1  2  1  1  2  2  1  1  2  2  2  2  2  2  2  2  2  2  2  2
 24 Inocencio               41  17 17  7   0  0  0  0  0  0  0  1  0  0  1  0  1  0  0  0  0  0  1  1  0  1  0  1  2  2  2  2  1  2  2  2  2  2  2  2  2  2  2  2  2  2
 25 * Anti-rotn             40  13 14 14   0  0  0  0  0  0  0  1  1  1  1  0  1  1  1  0  0  1  0  0  0  1  1  0  1  1  2  2  1  1  1  2  2  2  2  2  2  2  2  2  2  2
 26 * Foxtrot               33   0  8 33   0  0  0  1  1  0  0  1  1  1  1  1  1  1  1  1  0  1  1  1  0  1  1  0  1  1  1  1  1  1  1  1  1  1  1  1  1  1  1  1  1  1
 27 Multi-strategy          32  13 22  6   0  0  0  0  0  0  0  0  0  0  0  0  0  0  0  0  0  0  1  1  0  1  0  0  0  1  1  2  1  2  1  2  2  2  2  2  2  2  2  2  2  2
 28 Peterbot                30   9 20 12   0  0  0  0  0  0  1  0  1  0  0  0  0  1  1  0  0  0  1  0  0  1  0  0  0  1  0  1  1  1  1  1  1  2  2  2  2  2  2  2  2  2
 29 * Add-drift             29   1 13 27   0  0  1  0  0  0  0  0  1  0  0  0  0  1  1  1  1  0  1  1  1  1  1  1  1  1  1  1  1  1  1  1  1  1  2  1  1  1  1  0  1  1
 30 * Copy-drift            27   1 15 25   0  0  0  0  1  0  1  1  1  0  0  0  0  1  1  1  1  0  1  1  0  1  1  0  1  1  0  1  1  1  1  0  1  1  1  1  0  1  2  1  1  1
 31 * Add-react             24   2 19 20   0  0  0  0  0  0  0  0  0  0  0  0  0  1  1  0  0  1  1  0  0  1  0  0  1  1  1  1  1  1  1  1  1  1  2  2  1  1  1  1  1  1
 32 Knucklehead             23   6 24 11   0  0  0  0  0  0  0  0  0  0  0  0  0  0  0  0  0  0  1  0  0  1  0  0  0  1  0  1  1  2  1  1  1  2  1  1  2  2  1  1  2  2
 33 * Text                  19   2 24 15   0  0  0  0  0  0  0  0  0  1  0  0  0  1  1  0  0  0  1  0  0  2  0  0  0  1  0  1  1  1  1  1  1  0  1  1  0  0  1  1  1  2
 34 Beat The Last Move      18   5 28  8   0  0  0  0  0  0  0  0  0  0  0  0  0  0  1  0  0  0  1  0  0  1  0  0  0  1  0  0  1  1  1  0  2  1  0  0  2  2  0  2  1  2
 35 * Flat                  18   2 25 14   0  0  0  0  0  0  0  0  0  0  1  0  1  0  0  0  0  0  1  1  0  1  0  0  0  1  0  0  0  1  0  1  1  2  1  1  2  1  1  1  1  0
 36 * Switch A Lot          17   2 26 13   0  0  0  0  0  0  0  0  0  0  0  0  0  0  0  0  0  0  2  0  0  1  0  0  0  1  0  0  1  1  0  1  1  2  1  1  1  1  1  1  1  1
 37 Beat Frequent Pick      16   5 30  6   0  0  0  0  0  0  0  0  0  0  0  0  0  0  0  0  0  0  0  0  0  1  0  0  0  1  0  0  1  2  1  0  2  0  0  1  1  2  0  2  1  2
 38 Good Ole Rock           16   3 28 10   0  0  0  0  0  0  0  0  0  0  0  0  0  0  0  0  0  0  1  0  0  1  0  0  0  1  0  0  1  1  1  0  2  0  1  1  0  1  1  2  1  2
 39 Always Switchin'        16   2 27 12   0  0  0  0  0  0  0  0  0  0  0  0  0  0  0  0  0  0  0  0  0  1  0  0  0  1  0  0  1  0  1  1  1  2  1  1  2  1  1  1  1  1
 40 R-P-S 20-20-60          15   2 28 11   0  0  0  0  0  0  0  0  0  0  0  0  0  0  0  0  0  0  1  0  0  1  0  0  0  1  0  0  2  1  1  1  1  0  1  1  0  0  1  1  1  2
 41 Rotate R-P-S            14   0 27 14   0  0  0  0  0  0  0  0  0  0  0  0  0  0  0  0  0  0  1  0  0  1  0  0  0  1  0  0  1  1  1  0  1  1  1  1  1  1  1  1  1  0
 42 * Anti-Flat             13   3 31  7   0  0  0  0  0  0  0  0  0  0  0  0  0  0  0  0  0  0  2  0  0  1  0  0  0  1  0  0  1  1  1  0  0  0  2  1  0  0  1  0  2  1


   Yomi AI is match ranked 7

 Tournament results:
    Player Name          total 
  1 Yomi AI               5171 
 19 Iocaine Powder       11298 
 20 Phasenbott           10962 
 21 MegaHAL               9327 
 22 RussRocker4           7670 
 23 Biopic                8648 
 24 Simple Modeller       9452 
 25 Simple Predictor      7489 
 26 Robertot              8025 
 27 Boom                  7300 
 28 Shofar                6499 
 29 ACT-R Lag2            6004 
 30 Majikthise            5685 
 32 Granite               6781 
 33 Marble                6593 
 34 ZQ Bot                5781 
 35 Sweet Rocky           6439 
 36 Piedra                6078 
 41 Bugbrain              5998 

   Yomi is tournament ranked 19

