 Playing 1 tournaments with 1000 trials per match...

 Yomi AI            vs Good Ole Rock       Match: 1000 (1000+   0-   0=)
 Yomi AI            vs R-P-S 20-20-60      Match:  276 (514+ 238- 248=)
 Yomi AI            vs Rotate R-P-S        Match:  997 (998+   1-   1=)
 Yomi AI            vs Beat The Last Move  Match:  394 (610+ 216- 174=)
 Yomi AI            vs Always Switchin'    Match:  229 (483+ 254- 263=)
 Yomi AI            vs Beat Frequent Pick  Match:  637 (780+ 143-  77=)
 Yomi AI            vs * Pi                Match:   -6 (346+ 352- 302=)
 Yomi AI            vs * Switch A Lot      Match:  146 (411+ 265- 324=)
 Yomi AI            vs * Flat              Match:   40 (373+ 333- 294=)
 Yomi AI            vs * Anti-Flat         Match:  999 (999+   0-   1=)
 Yomi AI            vs * Foxtrot           Match:  413 (608+ 195- 197=)
 Yomi AI            vs * De Bruijn         Match:  -52 (310+ 362- 328=)
 Yomi AI            vs * Text              Match:  147 (433+ 286- 281=)
 Yomi AI            vs * Anti-rotn         Match:    0 (356+ 356- 288=)
 Yomi AI            vs * Copy-drift        Match:  -26 (320+ 346- 334=)
 Yomi AI            vs * Add-react         Match:   64 (393+ 329- 278=)
 Yomi AI            vs * Add-drift         Match:    8 (340+ 332- 328=)
 Yomi AI            vs Iocaine Powder      Match: -784 ( 10+ 794- 196=)
 Yomi AI            vs Phasenbott          Match: -796 ( 11+ 807- 182=)
 Yomi AI            vs MegaHAL             Match:  -29 (343+ 372- 285=)
 Yomi AI            vs RussRocker4         Match:    6 (378+ 372- 250=)
 Yomi AI            vs Biopic              Match:  -45 (427+ 472- 101=)
 Yomi AI            vs Simple Modeller     Match:  -40 (323+ 363- 314=)
 Yomi AI            vs Simple Predictor    Match:   41 (375+ 334- 291=)
 Yomi AI            vs Robertot            Match:  -10 (340+ 350- 310=)
 Yomi AI            vs Boom                Match:  -18 (325+ 343- 332=)
 Yomi AI            vs Shofar              Match:  -42 (329+ 371- 300=)
 Yomi AI            vs ACT-R Lag2          Match:  -28 (322+ 350- 328=)
 Yomi AI            vs Majikthise          Match:  -20 (328+ 348- 324=)
 Yomi AI            vs Vroomfondel         Match:  -16 (333+ 349- 318=)
 Yomi AI            vs Granite             Match:   75 (438+ 363- 199=)
 Yomi AI            vs Marble              Match:   48 (422+ 374- 204=)
 Yomi AI            vs ZQ Bot              Match:   81 (410+ 329- 261=)
 Yomi AI            vs Sweet Rocky         Match:   47 (373+ 326- 301=)
 Yomi AI            vs Piedra              Match:   42 (381+ 339- 280=)
 Yomi AI            vs Mixed Strategy      Match:  149 (444+ 295- 261=)
 Yomi AI            vs Multi-strategy      Match:  271 (525+ 254- 221=)
 Yomi AI            vs Inocencio           Match:   78 (408+ 330- 262=)
 Yomi AI            vs Peterbot            Match:  271 (523+ 252- 225=)
 Yomi AI            vs Bugbrain            Match:   25 (355+ 330- 315=)
 Yomi AI            vs Knucklehead         Match:  485 (653+ 168- 179=)
 Final results (draw value = 50):

 Tournament results: 

    Player Name          total     1    2    3    4    5    6    7    8    9   10   11   12   13   14   15   16   17   18   19   20   21   22   23   24   25   26   27   28   29   30   31   32   33   34   35   36   37   38   39   40   41   42
  1 Iocaine Powder       11626     0   31   59   10   76  212   24    2  557   28  204  241  321  -50   39   77   25   44  784   39   18   19  272   67  -53  225  112  135  355  228  289  104  549   72  897  326  380  942  990  994  989  993
  2 Phasenbott           10745   -31    0   61   19   32  129   72   16  525   21  210  242  267  -52   10   47   40   62  796    6   12   14  190   26  -23  179  144   51  380   59  304   74  414  135  998  225  189  960  986  995  992  969
  3 MegaHAL               9498   -59  -61    0  -21   54   61   34   21   96   45  187  228  256  -35    8  -12   77   65   29   72   -6   25  197   -7   29  158  177   46   87  195  257  142  344  217  902  453  331  932  990  998  990  996
  4 Simple Modeller       8963   -10  -19   21    0  -22  273  -51   17   28   64  100   90  303   17   31   24   28   53   40   47   -5   16  145  -49  -22  460  230  232  -10   30   89  111  262  170  870  421  406  592  993  997  994  997
  5 Biopic                8745   -76  -32  -54   22    0   93   59   -8   20   36  115  137   64  -20   24   79   62   18   45   62  -41    2  187   -5  -54  155  -11   94  374  155   -6  166  487  198  741  375  406  892  996  997  998  993
  6 Simple Predictor      7906  -212 -129  -61 -273  -93    0   17  -45  -75   49   23   55  160  -10   64  -40   55   46  -41   38  -67  -28  220  -73   19  698  259  286  -17   45  118  149  293  249  853  417  407  587  985  996  986  996
  7 Robertot              7828   -24  -72  -34   51  -59  -17    0  -37  -50   73   39   66   92   34   31  -35   32   74   10   18   -3  -24  279  -30   45   -2  -16   82   20   35   82  184  364   88  884  465  414  817  967  995  992  998
  8 Boom                  7753    -2  -16  -21  -17    8   45   37    0  -38   11   46   67   58  -45   19  -25   47   66   18   38  -54  -14  275  -17  -16   92   77   82  -31  116   99  125  470  180  551  420  371  753  991  997  990 1000
  9 RussRocker4           7581  -557 -525  -96  -28  -20   75   50   38    0   42  146  149  171  -19   10   10   39   49   -6   66   21    3  320  -23  -25  159   71  106  152  133  364   43  457  117  935  248  339  590  992  999  990  996
 10 Piedra                7487   -28  -21  -45  -64  -36  -49  -73  -11  -42    0  -57  -35   -8  -55    2  -38   61   -8  -42   37  -45  -44   28  -42   21  805   28  -17   -5  218  325  176  206  210  937  289  351  589  987  995  995  992
 11 Marble                6745  -204 -210 -187 -100 -115  -23  -39  -46 -146   57    0  -20   -8  -55  -65 -123   39   48  -48   20  -31  -39  203  -84   -4  621   87   36   87  162  102  174  328  233  901  229  389  591  992  998  995 1000
 12 Granite               6368  -241 -242 -228  -90 -137  -55  -66  -67 -149   35   20    0   44  -55 -103 -126   22   49  -75   21  -35  -14  269  -96  -20  652  -10   38   16  115   86  177  249  145  972  263  429  591  996  999  993  996
 13 ZQ Bot                6320  -321 -267 -256 -303  -64 -160  -92  -58 -171    8    8  -44    0  -14 -178 -102   85   58  -81   19  -40  -19  171   12  -34  790   44   59  -11  236  287  165  245  186  969  203  414  593  991  996  999  997
 14 Shofar                6142    50   52   35  -17   20   10  -34   45   19   55   55   55   14    0  -18  -41   39   44   42   43   16    5  113  -48  -18   15  -21   96  -14   42   97   99   40  121   99  433  240  552  904  984  937  982
 15 Bugbrain              6017   -39  -10   -8  -31  -24  -64  -31  -19  -10   -2   65  103  178   18    0   -5   52   65  -25   53    5    2  117  -17    4   65   73   84    7   67   94   70  111   88  252  207  209  395  961  988  969 1000
 16 ACT-R Lag2            5935   -77  -47   12  -24  -79   40   35   25  -10   38  123  126  102   41    5    0   -2   49   28   64   15   17  257  -60   -4   62   27   88  -30  162  -10   89  538  126   74  265  305  589   -1  997  994  986
 17 Sweet Rocky           5454   -25  -40  -77  -28  -62  -55  -32  -47  -39  -61  -39  -22  -85  -39  -52    2    0   51  -47  -61  -63  -39   92  -32  -10  -50   12   33    6  115  145  148  297  195  179  263  351  593  993  996  990  998
 18 * Anti-rotn           5420   -44  -62  -65  -53  -18  -46  -74  -66  -49    8  -48  -49  -58  -44  -65  -49  -51    0    0  -21   -1   30  268  -45  -43  758   -3   27   -9  228   22   53   56  306   44  491   98  499  500  998  998  999
 19 Yomi AI               5057  -784 -796  -29  -40  -45   41  -10  -18    6   42   48   75   81  -42   25  -28   47    0    0  149  -20  -16  271  -52   -6   78    8  -26  413   40   64  147  485  146  271  229  276  637  394 1000  997  999
 20 Mixed Strategy        4793   -39   -6  -72  -47  -62  -38  -18  -38  -66  -37  -20  -21  -19  -43  -53  -64   61   21 -149    0  -42  -12   27  -59  -42  181   69   34   -2  -14   77  122  178    6  153   36  366  475  978  990  982 1000
 21 Majikthise            4623   -18  -12    6    5   41   67    3   54  -21   45   31   35   40  -16   -5  -15   63    1   20   42    0   -9  152  -31    8   29   -4  -20   21   66  -32    5  253   54  -40  229  139  443   18  992  997  987
 22 Vroomfondel           4513   -19  -14  -25  -16   -2   28   24   14   -3   44   39   14   19   -5   -2  -17   39  -30   16   12    9    0  157  -18    4   18  -13  -16   20   76   14   16  249   78   -7  291  147  404  -12  995  992  993
 23 Multi-strategy        2230  -272 -190 -197 -145 -187 -220 -279 -275 -320  -28 -203 -269 -171 -113 -117 -257  -92 -268 -271  -27 -152 -157    0  -50  -20 -160   13  231  -20   75   -5  123  118  291   -2  483  374  999  997  999  997  997
 24 * De Bruijn            916   -67  -26    7   49    5   73   30   17   23   42   84   96  -12   48   17   60   32   45   52   59   31   18   50    0   -1   25   13  -10   -6   -7    9   23   15    4   -5   32   47  128   -1    0   21 -104
 25 * Pi                   302    53   23  -29   22   54  -19  -45   16   25  -21    4   20   34   18   -4    4   10   43    6   42   -8   -4   20    1    0   13   24  -11   20   11  -20  -81   15    3   29    7   11   30   22  -11  -11  -14
 26 Inocencio              149  -225 -179 -158 -460 -155 -698    2  -92 -159 -805 -621 -652 -790  -15  -65  -62   50 -758  -78 -181  -29  -18  160  -25  -13    0    3  143  325  127   83  147  188  149   83  252  417  358  959  986  979  976
 27 * Add-drift          -1499  -112 -144 -177 -230   11 -259   16  -77  -71  -28  -87   10  -44   21  -73  -27  -12    3   -8  -69    4   13  -13  -13  -24   -3    0  -18   42    0   72  -20  -24    3  -44  -17    6  -49  -24  -64   27    4
 28 * Copy-drift         -2013  -135  -51  -46 -232  -94 -286  -82  -82 -106   17  -36  -38  -59  -96  -84  -88  -33  -27   26  -34   20   16 -231   10   11 -143   18    0  -39   18   -3    0  -28   40  -60  -43  -42   -3  -46   12   29   17
 29 * Foxtrot            -2182  -355 -380  -87   10 -374   17  -20   31 -152    5  -87  -16   11   14   -7   30   -6    9 -413    2  -21  -20   20    6  -20 -325  -42   39    0   -9    1  -31    7   36  -16   -2  -16   -3   -4  -26   30  -18
 30 * Flat               -2748  -228  -59 -195  -30 -155  -45  -35 -116 -133 -218 -162 -115 -236  -42  -67 -162 -115 -228  -40   14  -66  -76  -75    7  -11 -127    0  -18    9    0  -42   12    7   42 -149   32   28  230  217   -1   -7 -393
 31 * Add-react          -2933  -289 -304 -257  -89    6 -118  -82  -99 -364 -325 -102  -86 -287  -97  -94   10 -145  -22  -64  -77   32  -14    5   -9   20  -83  -72    3   -1   42    0    1  -88  -21  -27  -28   10    8   47  -15   -4  146
 32 * Text               -3092  -104  -74 -142 -111 -166 -149 -184 -125  -43 -176 -174 -177 -165  -99  -70  -89 -148  -53 -147 -122   -5  -16 -123  -23   81 -147   20    0   31  -12   -1    0  -63   23   26  -35   13 -185  -74 -185  -11  112
 33 Knucklehead          -3687  -549 -414 -344 -262 -487 -293 -364 -470 -457 -206 -328 -249 -245  -40 -111 -538 -297  -56 -485 -178 -253 -249 -118  -15  -15 -188   24   28   -7   -7   88   63    0  -14  -58  -16   -4  149  622  888  824  944
 34 * Switch A Lot       -3740   -72 -135 -217 -170 -198 -249  -88 -180 -117 -210 -233 -145 -186 -121  -88 -126 -195 -306 -146   -6  -54  -78 -291   -4   -3 -149   -3  -40  -36  -42   21  -23   14    0 -137   30  -23  -12  295    9   15  -41
 35 Peterbot             -7055  -897 -998 -902 -870 -741 -853 -884 -551 -935 -937 -901 -972 -969  -99 -252  -74 -179  -44 -271 -153   40    7    2    5  -29  -83   44   60   16  149   27  -26   58  137    0  241  370  438  981  998  999  993
 36 Always Switchin'     -7261  -326 -225 -453 -421 -375 -417 -465 -420 -248 -289 -229 -263 -203 -433 -207 -265 -263 -491 -229  -36 -229 -291 -483  -32   -7 -252   17   43    2  -32   28   35   16  -30 -241    0  -18   31  526  -20  -31  -35
 37 R-P-S 20-20-60       -8869  -380 -189 -331 -406 -406 -407 -414 -371 -339 -351 -389 -429 -414 -240 -209 -305 -351  -98 -276 -366 -139 -147 -374  -47  -11 -417   -6   42   16  -28  -10  -13    4   23 -370   18    0 -416 -145 -407   -2  231
 38 Beat Frequent Pick  -14323  -942 -960 -932 -592 -892 -587 -817 -753 -590 -589 -591 -591 -593 -552 -395 -589 -593 -499 -637 -475 -443 -404 -999 -128  -30 -358   49    3    3 -230   -8  185 -149   12 -438  -31  416    0 -600  999    0  997
 39 Beat The Last Move  -19366  -990 -986 -990 -993 -996 -985 -967 -991 -992 -987 -992 -996 -991 -904 -961    1 -993 -500 -394 -978  -18   12 -997    1  -22 -959   24   46    4 -217  -47   74 -622 -295 -981 -526  145  600    0 1000    1  996
 40 Good Ole Rock       -26059  -994 -995 -998 -997 -997 -996 -995 -997 -999 -995 -998 -999 -996 -984 -988 -997 -996 -998 -1000 -990 -992 -995 -999    0   11 -986   64  -12   26    1   15  185 -888   -9 -998   20  407 -999 -1000    0    0  999
 41 Rotate R-P-S        -26250  -989 -992 -990 -994 -998 -986 -992 -990 -990 -995 -995 -993 -999 -937 -969 -994 -990 -998 -997 -982 -997 -992 -997  -21   11 -979  -27  -29  -30    7    4   11 -824  -15 -999   31    2    0   -1    0    0 -635
 42 * Anti-Flat         -28039  -993 -969 -996 -997 -993 -996 -998 -1000 -996 -992 -1000 -996 -997 -982 -1000 -986 -998 -999 -999 -1000 -987 -993 -997  104   14 -976   -4  -17   18  393 -146 -112 -944   41 -993   35 -231 -997 -996 -999  635    0

 Match results (draw <= 50): 

    Player Name           total  W  L  D   1  2  3  4  5  6  7  8  9 10 11 12 13 14 15 16 17 18 19 20 21 22 23 24 25 26 27 28 29 30 31 32 33 34 35 36 37 38 39 40 41 42
  1 Iocaine Powder          68  28  1 12   1  1  2  1  2  1  2  1  1  1  2  2  1  2  1  1  2  1  2  1  2  1  0  2  2  2  2  2  2  2  2  2  2  2  2  2  2  2  2  2  2  2
  2 Phasenbott              67  27  1 13   1  1  2  1  1  1  2  1  2  0  2  1  1  2  1  1  2  1  2  1  1  2  1  2  2  2  2  2  2  2  2  2  2  2  2  2  2  2  2  2  2  2
  3 MegaHAL                 65  26  2 13   0  0  1  1  2  1  2  1  1  1  1  1  1  2  1  1  2  2  2  2  1  2  1  2  2  2  2  2  2  1  2  2  2  2  2  2  2  2  2  2  2  2
  4 Bugbrain                63  23  1 17   1  1  1  1  1  1  1  1  1  1  1  1  1  0  1  1  2  2  2  2  1  2  1  2  2  1  2  2  2  2  2  2  2  2  2  2  2  2  2  2  2  2
  5 Biopic                  62  24  3 14   0  1  0  1  1  1  1  1  2  1  1  2  1  2  1  1  2  2  2  2  1  1  0  2  2  2  2  2  1  2  2  2  1  2  2  2  2  2  2  2  2  2
  6 Simple Modeller         62  22  1 18   1  1  1  1  1  1  1  1  0  1  1  1  1  2  2  1  2  1  2  1  1  2  1  2  2  1  2  2  2  2  2  1  2  2  2  2  2  2  2  2  2  2
  7 RussRocker4             60  22  3 16   0  0  0  1  1  1  1  1  1  1  1  1  1  2  1  1  2  1  2  2  1  1  1  2  2  2  2  2  2  2  2  2  2  2  2  1  2  2  2  2  2  2
  8 Boom                    60  20  1 20   1  1  1  1  1  1  1  1  1  1  1  1  0  1  1  1  1  1  2  1  1  2  1  2  2  1  2  2  2  2  2  2  2  2  2  2  2  2  2  2  2  2
  9 Robertot                58  19  2 20   1  0  1  1  0  2  1  1  1  1  1  1  1  1  2  1  1  1  2  1  1  2  1  2  1  1  2  2  1  2  2  1  2  2  2  2  2  2  2  2  2  2
 10 Shofar                  58  17  0 24   1  2  1  1  1  1  1  1  1  1  1  1  1  1  2  1  2  1  1  1  1  1  1  2  1  1  2  2  1  2  1  1  2  2  2  2  2  2  2  2  2  2
 11 Yomi AI                 56  18  3 20   0  0  1  1  1  1  1  1  1  1  1  1  1  1  1  1  1  1  2  2  0  1  1  2  2  2  2  2  1  1  2  1  2  2  2  2  2  2  2  2  2  2
 12 ACT-R Lag2              56  18  3 20   0  1  1  1  0  1  1  1  1  1  1  1  1  1  1  1  2  1  2  2  0  1  1  2  2  1  2  2  1  2  2  2  1  1  2  2  2  2  2  2  2  2
 13 Majikthise              54  13  0 28   1  1  1  1  1  1  1  2  1  1  1  1  1  2  1  1  1  2  1  1  1  1  1  1  1  1  2  1  1  1  2  2  1  1  2  1  2  2  2  2  2  2
 14 Simple Predictor        53  20  8 13   0  0  0  2  0  0  0  1  1  1  1  1  0  1  1  1  1  2  2  1  0  1  1  2  2  1  2  2  2  2  2  1  2  2  2  2  2  2  2  2  2  2
 15 Piedra                  52  15  4 22   1  1  1  1  1  0  1  1  0  0  1  1  1  1  1  1  0  2  1  1  1  1  1  1  2  1  1  2  1  1  2  2  2  2  2  2  2  2  2  2  2  2
 16 Vroomfondel             51  10  0 31   1  1  1  1  1  1  1  1  1  1  1  1  1  1  1  1  1  1  1  1  1  1  1  1  1  1  2  1  1  1  2  2  1  1  2  1  2  2  2  2  2  2
 17 Marble                  49  18 10 13   0  0  0  0  0  0  0  1  1  0  1  0  1  1  2  1  1  1  1  1  0  1  1  1  2  2  2  2  2  1  2  2  2  2  2  2  2  2  2  2  2  2
 18 Sweet Rocky             48  15  8 18   1  1  0  0  0  1  1  1  1  1  1  1  0  0  0  1  1  1  0  0  1  2  1  1  1  1  2  2  1  1  2  2  2  2  2  2  2  2  2  2  2  2
 19 ZQ Bot                  47  18 12 11   0  0  0  0  0  0  0  0  0  1  0  0  1  0  1  1  1  2  1  1  1  2  1  1  2  1  2  2  1  2  2  2  2  2  2  2  2  2  2  2  2  2
 20 Mixed Strategy          47  13  7 21   1  1  0  0  0  1  0  1  1  1  0  0  1  1  1  1  1  2  1  1  0  1  1  1  2  1  1  2  2  1  2  1  2  2  1  2  1  2  2  2  2  2
 21 * De Bruijn             46   7  2 32   0  1  1  1  1  1  1  1  1  1  2  2  1  2  1  1  2  1  1  2  1  1  1  2  1  1  1  1  1  1  1  1  1  1  1  1  1  1  2  1  1  0
 22 * Anti-rotn             46  13  8 20   1  0  0  0  1  0  1  0  0  1  1  1  1  1  1  1  1  0  0  1  1  1  1  1  2  1  2  1  1  1  2  2  1  2  2  2  2  2  2  2  2  2
 23 * Pi                    42   2  1 38   2  1  1  1  2  1  1  1  1  1  1  1  1  1  1  1  1  1  1  1  1  1  1  1  1  1  1  1  1  1  1  1  1  1  1  0  1  1  1  1  1  1
 24 Granite                 42  15 14 12   0  0  0  0  0  0  0  0  0  0  0  0  1  0  1  1  1  1  1  1  0  1  1  1  2  1  2  2  1  1  2  2  2  2  2  2  2  2  2  2  2  2
 25 Inocencio               40  16 17  8   0  0  0  0  0  0  0  0  1  1  0  0  1  0  0  1  0  1  0  0  1  0  1  0  1  2  2  2  1  2  2  2  2  2  2  2  2  2  2  2  2  2
 26 * Foxtrot               33   0  8 33   0  0  0  1  0  1  0  1  1  1  0  1  1  1  1  1  0  1  1  1  1  1  1  1  0  1  1  1  1  1  1  1  1  1  1  1  1  1  1  1  1  1
 27 Multi-strategy          32  12 21  8   0  0  0  0  0  0  0  0  0  0  0  0  0  0  1  0  0  0  0  1  1  0  1  0  0  1  1  1  1  2  2  2  1  2  2  2  2  2  2  2  2  2
 28 Peterbot                32  11 20 10   0  0  0  0  0  0  0  0  0  0  0  0  1  0  0  1  0  0  0  0  1  1  1  0  0  1  1  1  1  2  2  2  1  2  2  1  2  2  2  2  2  2
 29 * Add-drift             31   1 11 29   0  0  0  0  1  0  0  0  1  1  1  1  1  0  1  1  0  1  1  0  1  1  1  1  1  1  1  1  1  1  1  1  2  1  1  1  1  0  1  1  1  1
 30 * Copy-drift            26   0 15 26   0  0  1  0  0  0  0  0  0  0  1  0  1  0  1  1  1  1  0  1  1  1  1  1  0  1  0  0  1  1  1  1  1  1  1  1  1  1  1  1  1  1
 31 Knucklehead             24   7 24 10   0  0  0  0  0  0  0  0  0  1  0  0  0  0  0  0  0  0  0  0  1  0  1  0  0  1  0  0  1  1  1  1  2  2  1  2  1  2  2  2  1  2
 32 * Flat                  23   2 20 19   0  0  0  0  0  1  0  0  1  1  1  0  0  1  0  0  0  0  0  1  1  0  1  0  0  1  0  0  1  1  1  1  1  2  1  1  1  1  2  1  1  0
 33 * Add-react             22   1 20 20   0  0  0  0  1  0  0  0  0  0  0  1  1  0  0  1  0  0  0  0  1  1  1  0  0  1  1  1  0  1  0  1  1  1  1  1  1  1  1  1  1  2
 34 Beat The Last Move      20   5 26 10   0  0  0  0  0  0  0  0  0  0  0  1  1  0  0  1  0  0  0  0  1  0  1  0  0  1  0  0  1  1  0  0  1  1  0  2  0  2  2  1  2  2
 35 * Switch A Lot          18   1 24 16   0  0  0  0  0  0  0  0  0  0  0  0  0  0  0  0  0  0  0  1  1  0  1  0  0  1  0  0  1  1  1  1  1  2  1  1  1  1  1  1  1  1
 36 * Text                  18   2 25 14   0  0  0  0  0  0  1  0  0  0  0  0  1  0  0  1  0  0  0  0  1  0  2  0  0  1  0  1  1  1  0  1  1  0  1  1  1  0  0  1  1  2
 37 Always Switchin'        18   1 24 16   0  0  0  0  0  0  0  0  0  0  0  0  0  0  0  0  0  0  0  1  1  0  1  0  0  1  0  0  1  1  1  1  1  2  1  1  1  1  1  1  1  1
 38 Good Ole Rock           17   4 28  9   0  0  0  0  0  0  0  0  0  0  0  0  0  0  0  0  0  0  0  0  1  0  1  0  0  1  0  0  2  1  0  1  1  0  1  2  1  1  0  1  2  2
 39 Beat Frequent Pick      16   4 29  8   0  0  0  0  0  0  0  0  0  0  0  0  0  0  0  0  0  0  0  0  0  0  1  0  0  1  0  0  1  1  0  0  1  0  1  2  1  2  1  1  2  2
 40 Rotate R-P-S            14   0 27 14   0  0  0  0  0  0  0  0  0  0  0  0  0  0  0  0  0  0  0  0  1  0  1  0  0  1  0  0  1  1  0  1  1  1  1  1  1  1  1  1  1  0
 41 R-P-S 20-20-60          14   1 28 12   0  0  0  0  0  0  0  0  0  0  0  0  0  0  0  0  0  0  0  0  1  0  1  0  0  1  0  0  1  1  1  1  1  0  1  1  1  0  0  1  1  2
 42 * Anti-Flat             12   3 32  6   0  0  0  0  0  0  0  0  0  0  0  0  0  0  0  0  0  0  0  0  2  0  1  0  0  1  0  0  1  1  0  2  0  0  1  0  1  0  0  2  0  1


   Yomi AI is match ranked 11

 Tournament results:
    Player Name          total 
  1 Yomi AI               5057 
 15 * Anti-rotn           5420 
 19 Iocaine Powder       11626 
 20 Phasenbott           10745 
 21 MegaHAL               9498 
 22 RussRocker4           7581 
 23 Biopic                8745 
 24 Simple Modeller       8963 
 25 Simple Predictor      7906 
 26 Robertot              7828 
 27 Boom                  7753 
 28 Shofar                6142 
 29 ACT-R Lag2            5935 
 32 Granite               6368 
 33 Marble                6745 
 34 ZQ Bot                6320 
 35 Sweet Rocky           5454 
 36 Piedra                7487 
 41 Bugbrain              6017 

   Yomi is tournament ranked 19

