 Playing 1 tournaments with 1000 trials per match...

 Yomi AI            vs Good Ole Rock       Match: 1000 (1000+   0-   0=)
 Yomi AI            vs R-P-S 20-20-60      Match:  244 (494+ 250- 256=)
 Yomi AI            vs Rotate R-P-S        Match:  997 (998+   1-   1=)
 Yomi AI            vs Beat The Last Move  Match:  288 (540+ 252- 208=)
 Yomi AI            vs Always Switchin'    Match:  256 (500+ 244- 256=)
 Yomi AI            vs Beat Frequent Pick  Match:  612 (767+ 155-  78=)
 Yomi AI            vs * Pi                Match:   -8 (344+ 352- 304=)
 Yomi AI            vs * Switch A Lot      Match:  114 (387+ 273- 340=)
 Yomi AI            vs * Flat              Match:   47 (374+ 327- 299=)
 Yomi AI            vs * Anti-Flat         Match:  998 (999+   1-   0=)
 Yomi AI            vs * Foxtrot           Match:  422 (613+ 191- 196=)
 Yomi AI            vs * De Bruijn         Match:  -45 (314+ 359- 327=)
 Yomi AI            vs * Text              Match:  139 (429+ 290- 281=)
 Yomi AI            vs * Anti-rotn         Match:   40 (356+ 316- 328=)
 Yomi AI            vs * Copy-drift        Match:  -38 (323+ 361- 316=)
 Yomi AI            vs * Add-react         Match:   98 (412+ 314- 274=)
 Yomi AI            vs * Add-drift         Match:  -24 (313+ 337- 350=)
 Yomi AI            vs Iocaine Powder      Match: -795 ( 11+ 806- 183=)
 Yomi AI            vs Phasenbott          Match: -815 (  9+ 824- 167=)
 Yomi AI            vs MegaHAL             Match:  -25 (353+ 378- 269=)
 Yomi AI            vs RussRocker4         Match:    1 (363+ 362- 275=)
 Yomi AI            vs Biopic              Match:  -88 (425+ 513-  62=)
 Yomi AI            vs Simple Modeller     Match:   10 (356+ 346- 298=)
 Yomi AI            vs Simple Predictor    Match:   93 (407+ 314- 279=)
 Yomi AI            vs Robertot            Match:   53 (396+ 343- 261=)
 Yomi AI            vs Boom                Match:   51 (371+ 320- 309=)
 Yomi AI            vs Shofar              Match:   41 (358+ 317- 325=)
 Yomi AI            vs ACT-R Lag2          Match:   33 (366+ 333- 301=)
 Yomi AI            vs Majikthise          Match:   31 (344+ 313- 343=)
 Yomi AI            vs Vroomfondel         Match:    2 (334+ 332- 334=)
 Yomi AI            vs Granite             Match:  123 (456+ 333- 211=)
 Yomi AI            vs Marble              Match:  154 (497+ 343- 160=)
 Yomi AI            vs ZQ Bot              Match:  134 (462+ 328- 210=)
 Yomi AI            vs Sweet Rocky         Match:   31 (364+ 333- 303=)
 Yomi AI            vs Piedra              Match:   40 (358+ 318- 324=)
 Yomi AI            vs Mixed Strategy      Match:   71 (415+ 344- 241=)
 Yomi AI            vs Multi-strategy      Match:  212 (484+ 272- 244=)
 Yomi AI            vs Inocencio           Match:   98 (435+ 337- 228=)
 Yomi AI            vs Peterbot            Match:  101 (402+ 301- 297=)
 Yomi AI            vs Bugbrain            Match:   19 (352+ 333- 315=)
 Yomi AI            vs Knucklehead         Match:  385 (604+ 219- 177=)
 Final results (draw value = 50):

 Tournament results: 

    Player Name          total     1    2    3    4    5    6    7    8    9   10   11   12   13   14   15   16   17   18   19   20   21   22   23   24   25   26   27   28   29   30   31   32   33   34   35   36   37   38   39   40   41   42
  1 Iocaine Powder       11743     0   24   51   25   23  126  559   57   44   51  236   -3  218  -13   29    4  297   72   70  795   10   25  369    5   12  470   63  235  348  190  356   96    2  582  215  881  342  914  993  988  991  991
  2 Phasenbott           10892   -24    0   42   79   23  121  540   32   23   15  194   44  233  -28   87   25  280   87   62  815   19   30  247   30   26  186  110  117  355   48  332   82   95  384  212  902  153  950  981  994  995  994
  3 MegaHAL              10488   -51  -42    0   16   15   62   92   81   28   15  233   21  272  -28   26   12  248   69   64   25    6  -16  296  -38  -17  945  220   48   14  115  261  189  230  335  466  962  394  944  985  991 1000 1000
  4 Simple Modeller       8886   -25  -79  -16    0  -42  265   38   54   -7  -51   76   39   87  -14  112   55  297   24   92  -10   15    0  235  -69   13  794  230  220   25   85  105  140  238  266  426  313  384  595  992  992  998  994
  5 Biopic                8585   -23  -23  -15   42    0   30  -44   34   -2   31  151   55  143    3   53  -11   74  -23   38   88  -38   -9  256  -23   30  106  -16   92  403  140   71  147  150  497  327  717  380  778  992  995  997  992
  6 Simple Predictor      7574  -126 -121  -62 -265  -30    0  -93   30   -5  -61   -7   37   46   52   74   28  169   54   41  -93  -32  -46  191  -73   19  197  296  275  -12   90  134  149  193  199  441  919  410  588  986  989  995  998
  7 RussRocker4           7566  -559 -540  -92  -38   44   93    0   37   42   19  181   67  142   -7   50  -17  165   50   49   -1  -19  -24  386   -7  -34  112   85  104  149   62  343   74  112  478  240  941  305  588  992  994 1000 1000
  8 Robertot              7513   -57  -32  -81  -54  -34  -30  -37    0    2   35   47   77   44  -20   56  -63   66  -12   68  -53   20  -43  239    6  -32   -2   28   23   48   79   55  176  132  426  462  801  357  830  998  998  996  994
  9 Boom                  7404   -44  -23  -28    7    2    5  -42   -2    0  -16   15   42   36  -44   32    0   58   45   58  -51  -44   -3  241  -24    8   72   72    9   27  161   77  104  126  472  423  510  406  753  983  990  997  994
 10 ACT-R Lag2            6640   -51  -15  -15   51  -31   61  -19  -35   16    0  117   70   91   -9    9  -37   95   63  -14  -33   36   21  241  -38   -2   81    8   29  -15  117   67  116  143  517  233  224  403  576  587  996  995  991
 11 Marble                6632  -236 -194 -233  -76 -151    7 -181  -47  -15 -117    0   42   14  -59   25  -71   -9   25   64 -154  -18  -58  271  -38  -12  644   76   10   58  213   73  181  124  306  245  909  430  594  996  995  999 1000
 12 Piedra                6518     3  -44  -21  -39  -55  -37  -67  -77  -42  -70  -42    0  -70  -70   20  -55  -49   34   45  -40  -24   -9  -32  -20  -29  328   47   39  -21  169  113  168  200  215  170  927  386  592  988  996  994  997
 13 Granite               6490  -218 -233 -272  -87 -143  -46 -142  -44  -36  -91  -14   70    0  -68   23  -93   19   -2   53 -123  -52   17  294  -44  -44  650  -23    9   76  154   98  178  134  329  246  924  414  594  989  994 1000 1000
 14 Shofar                6449    13   28   28   14   -3  -52    7   20   44    9   59   70   68    0   27  -21   79  -18   33  -41  -62  -29  172    0    1  228   -2   57   -9   31   32  119  167  187  433  173  253  550  905  929  980  970
 15 Sweet Rocky           6261   -29  -87  -26 -112  -53  -74  -50  -56  -32   -9  -25  -20  -23  -27    0  -36   -5   28   59  -31  -38  -43   48  -31   23  -27   15   35   43  170  211  169  158   49  197  995  335  593  995  984  996  992
 16 Bugbrain              6061    -4  -25  -12  -55   11  -28   17   63    0   37   71   55   93   21   36    0  141   16   44  -19  -39   20   85  -12  -10   77  105   37   12   57   98   65  141  115  296  129  177  353  946  968  994  985
 17 ZQ Bot                5497  -297 -280 -248 -297  -74 -169 -165  -66  -58  -95    9   49  -19  -79    5 -141    0   55   52 -134  -17  -76  252  -60  -58  -20   22  128   65   95  397  144  115  286  290  984  332  593  996  993  994  994
 18 Mixed Strategy        5489   -72  -87  -69  -24   23  -54  -50   12  -45  -63  -25  -34    2   18  -28  -16  -55    0   -9  -71  -54   -8   36  -66  -64  682   15   72   -7   49   55  170   67  176   36  210  345  517  975  961  983  986
 19 * Anti-rotn           5380   -70  -62  -64  -92  -38  -41  -49  -68  -58   14  -64  -45  -53  -33  -59  -44  -52    9    0  -40   -5   -5  257  -52  -43  651   24    0   13  213   51   55  306   98  517    9  127  598  486  996  998  995
 20 Yomi AI               5100  -795 -815  -25   10  -88   93    1   53   51   33  154   40  123   41   31   19  134   71   40    0    2   31  212  -45   -8   98  -24  -38  422   47   98  139  114  385  256  101  244  612  288  997 1000  998
 21 Vroomfondel           4923   -10  -19   -6  -15   38   32   19  -20   44  -36   18   24   52   62   38   39   17   54    5   -2    0   -1  148   44  -23  119  -17   13   60   82   24   26  107  212  261  -18  182  424  -22  993  992  983
 22 Majikthise            4700   -25  -30   16    0    9   46   24   43    3  -21   58    9  -17   29   43  -20   76    8    5  -31    1    0  180   -1   -8   85   26  -10   60   76    7    9   70  147  299   35  115  450  -40  990  991  993
 23 Multi-strategy        2513  -369 -247 -296 -235 -256 -191 -386 -239 -241 -241 -271   32 -294 -172  -48  -85 -252  -36 -257 -212 -148 -180    0  -50  -20 -114   30  276   11  147   56  123  287   14  453  500  434  999  997  997  999  998
 24 * De Bruijn            751    -5  -30   38   69   23   73    7   -6   24   38   38   20   44    0   31   12   60   66   52   45  -44    1   50    0   -1   21   22   -7   -7   -9   28   23   25  -16   -6   -9   41  128   -1   21    0 -108
 25 * Pi                   171   -12  -26   17  -13  -30  -19   34   32   -8    2   12   29   44   -1  -23   10   58   64   43    8   23    8   20    1    0   15   12  -13    2  -35   11  -81  -19   -9  -36   26    5   30   22  -11  -11  -10
 26 Inocencio             -447  -470 -186 -945 -794 -106 -197 -112    2  -72  -81 -644 -328 -650 -228   27  -77   20 -682 -651  -98 -119  -85  114  -21  -15    0   49  123  320  161   25  147   81  171  251  164  386  356  782  980  979  976
 27 * Add-drift          -1482   -63 -110 -220 -230   16 -296  -85  -28  -72   -8  -76  -47   23    2  -15 -105  -22  -15  -24   24   17  -26  -30  -22  -12  -49    0  -37   27   10   37   18   13  -34   -2  -42  -14   13  -28   26   16  -12
 28 * Copy-drift         -1959  -235 -117  -48 -220  -92 -275 -104  -23   -9  -29  -10  -39   -9  -57  -35  -37 -128  -72    0   38  -13   10 -276    7   13 -123   37    0   -8   -1   28   13    5 -129  -45   -3    2    2   -5   19  -17   26
 29 * Foxtrot            -2365  -348 -355  -14  -25 -403   12 -149  -48  -27   15  -58   21  -76    9  -43  -12  -65    7  -13 -422  -60  -60  -11    7   -2 -320  -27    8    0   -2    9  -34   10    0   44  -32   26   11    0   18   13   31
 30 * Flat               -2860  -190  -48 -115  -85 -140  -90  -62  -79 -161 -117 -213 -169 -154  -31 -170  -57  -95  -49 -213  -47  -82  -76 -147    9   35 -161  -10    1    2    0  -82   23   37    5   28 -179   29  235  171    7   -1 -419
 31 * Add-react          -3173  -356 -332 -261 -105  -71 -134 -343  -55  -77  -67  -73 -113  -98  -32 -211  -98 -397  -55  -51  -98  -24   -7  -56  -28  -11  -25  -37  -28   -9   82    0  -25  -13   -4   10  -22   11   14    1  -41    5   61
 32 * Text               -3353   -96  -82 -189 -140 -147 -149  -74 -176 -104 -116 -181 -168 -178 -119 -169  -65 -144 -170  -55 -139  -26   -9 -123  -23   81 -147  -18  -13   34  -23   25    0  -55  -25  -12    7  -21 -185  -74  -11 -185  111
 33 * Switch A Lot       -3370    -2  -95 -230 -238 -150 -193 -112 -132 -126 -143 -124 -200 -134 -167 -158 -141 -115  -67 -306 -114 -107  -70 -287  -25   19  -81  -13   -5  -10  -37   13   55    0   -2    1 -114  -11    6  322  -19    4  -62
 34 Knucklehead          -3659  -582 -384 -335 -266 -497 -199 -478 -426 -472 -517 -306 -215 -329 -187  -49 -115 -286 -176  -98 -385 -212 -147  -14   16    9 -171   34  129    0   -5    4   25    2    0    7  -44   -6  198  955  -18  949  932
 35 Always Switchin'     -7083  -215 -212 -466 -426 -327 -441 -240 -462 -423 -233 -245 -170 -246 -433 -197 -296 -290  -36 -517 -256 -261 -299 -453    6   36 -251    2   45  -44  -28  -10   12   -1   -7    0 -245    6   -5  501   35   11   -2
 36 Peterbot             -7780  -881 -902 -962 -313 -717 -919 -941 -801 -510 -224 -909 -927 -924 -173 -995 -129 -984 -210   -9 -101   18  -35 -500    9  -26 -164   42    3   32  179   22   -7  114   44  245    0  366  435  982  997 1000  995
 37 R-P-S 20-20-60       -8908  -342 -153 -394 -384 -380 -410 -305 -357 -406 -403 -430 -386 -414 -253 -335 -177 -332 -345 -127 -244 -182 -115 -434  -41   -5 -386   14   -2  -26  -29  -11   21   11    6   -6 -366    0 -453 -173  -10 -419  275
 38 Beat Frequent Pick  -14375  -914 -950 -944 -595 -778 -588 -588 -830 -753 -576 -594 -592 -594 -550 -593 -353 -593 -517 -598 -612 -424 -450 -999 -128  -30 -356  -13   -2  -11 -235  -14  185   -6 -198    5 -435  453    0 -600    0  999  996
 39 Beat The Last Move  -19842  -993 -981 -985 -992 -992 -986 -992 -998 -983 -587 -996 -988 -989 -905 -995 -946 -996 -975 -486 -288   22   40 -997    1  -22 -782   28    5    0 -171   -1   74 -322 -955 -501 -982  173  600    0    1 1000 1000
 40 Rotate R-P-S        -25385  -988 -994 -991 -992 -995 -989 -994 -998 -990 -996 -995 -996 -994 -929 -984 -968 -993 -961 -996 -997 -993 -990 -997  -21   11 -980  -26  -19  -18   -7   41   11   19   18  -35 -997   10    0   -1    0    0 -671
 41 Good Ole Rock       -26229  -991 -995 -1000 -998 -997 -995 -1000 -996 -997 -995 -999 -994 -1000 -980 -996 -994 -994 -983 -998 -1000 -992 -991 -999    0   11 -979  -16   17  -13    1   -5  185   -4 -949  -11 -1000  419 -999 -1000    0    0  998
 42 * Anti-Flat         -27956  -991 -994 -1000 -994 -992 -998 -1000 -994 -994 -991 -1000 -997 -1000 -970 -992 -985 -994 -986 -995 -998 -983 -993 -998  108   10 -976   12  -26  -31  419  -61 -111   62 -932    2 -995 -275 -996 -1000  671 -998    0

 Match results (draw <= 50): 

    Player Name           total  W  L  D   1  2  3  4  5  6  7  8  9 10 11 12 13 14 15 16 17 18 19 20 21 22 23 24 25 26 27 28 29 30 31 32 33 34 35 36 37 38 39 40 41 42
  1 Iocaine Powder          69  28  0 13   1  1  2  1  1  2  2  1  2  1  1  1  1  2  2  1  2  2  1  1  2  2  2  1  2  2  2  2  2  2  2  2  2  2  2  1  2  2  2  2  2  2
  2 Phasenbott              68  27  0 14   1  1  1  1  2  1  2  1  2  1  1  1  1  2  1  2  2  2  1  1  2  2  2  1  2  2  2  2  2  2  2  2  1  2  2  2  2  2  2  2  2  2
  3 MegaHAL                 64  24  1 16   0  1  1  1  1  1  2  1  1  1  1  1  1  2  2  1  2  2  1  1  2  2  2  1  2  2  2  1  1  2  2  2  2  2  2  2  2  2  2  2  2  2
  4 Biopic                  64  23  0 18   1  1  1  1  1  1  1  1  2  1  1  1  1  1  1  2  2  2  2  1  1  1  2  1  2  2  1  2  2  2  2  2  2  2  2  2  2  2  2  2  2  2
  5 Simple Modeller         63  25  3 13   1  0  1  1  1  0  1  2  1  1  1  1  1  2  2  2  2  2  1  0  2  1  2  1  2  2  2  1  2  2  2  2  2  2  2  2  2  2  2  2  2  2
  6 ACT-R Lag2              62  22  1 18   0  1  1  1  2  1  1  1  1  1  1  1  1  2  1  1  2  2  2  1  1  2  2  1  2  2  1  1  1  2  2  2  2  2  2  2  2  2  2  2  2  2
  7 RussRocker4             61  23  3 15   0  0  0  1  1  1  1  1  1  1  1  1  1  2  1  1  2  2  2  1  1  1  2  1  2  2  2  2  2  2  2  2  2  2  2  2  2  2  2  2  2  2
  8 Bugbrain                61  21  1 19   1  1  1  1  0  1  1  1  1  1  1  1  1  1  2  1  2  2  2  1  1  1  2  1  2  2  2  1  1  2  2  2  2  2  2  2  2  2  2  2  2  2
  9 Yomi AI                 60  22  3 16   0  0  1  0  1  1  1  1  1  2  1  1  1  2  2  1  2  2  1  1  1  2  2  1  2  2  1  2  1  2  2  2  1  2  2  2  2  2  2  2  2  2
 10 Boom                    58  18  1 22   1  1  1  1  1  1  1  1  0  1  1  1  1  1  1  1  1  1  1  1  2  1  2  1  2  2  2  1  1  2  2  2  2  2  2  2  2  2  2  2  2  2
 11 Shofar                  57  18  2 21   1  1  1  1  1  1  1  1  1  1  1  0  1  0  1  1  2  2  2  1  1  1  2  1  2  2  1  1  2  2  2  1  1  2  2  2  2  2  2  2  2  2
 12 Vroomfondel             56  15  0 26   1  1  1  1  1  1  1  1  1  1  2  1  1  1  1  1  2  1  1  1  1  2  1  1  2  2  1  2  1  1  2  1  2  1  2  2  1  2  2  2  2  2
 13 Majikthise              55  14  0 27   1  1  1  1  1  1  1  1  1  1  1  1  1  1  1  1  1  2  1  1  1  1  2  1  2  2  1  2  1  1  2  1  2  1  2  2  1  2  2  2  2  2
 14 Simple Predictor        54  21  8 12   0  0  0  1  0  0  0  1  0  1  2  1  1  1  1  2  1  1  1  0  1  2  2  1  2  2  2  1  2  2  2  2  2  2  2  2  2  2  2  2  2  2
 15 Robertot                54  18  5 18   0  1  0  1  0  1  1  0  0  1  1  1  1  1  1  2  1  1  2  1  2  1  2  1  1  2  1  1  1  2  2  2  2  2  2  2  2  2  2  2  2  2
 16 Sweet Rocky             49  13  5 23   1  0  1  0  0  1  1  1  1  1  1  1  1  0  0  1  1  1  1  1  2  1  1  1  1  1  1  1  1  2  1  2  2  2  2  2  2  2  2  2  2  2
 17 Granite                 48  18 11 12   0  0  0  0  0  0  0  0  0  1  0  0  1  1  1  1  1  1  2  1  2  1  1  1  2  2  1  2  1  2  2  2  2  2  2  2  2  2  2  2  2  2
 18 Marble                  48  18 11 12   0  0  0  0  0  0  0  0  0  1  0  1  0  1  1  1  1  1  1  1  2  1  1  1  2  2  2  2  1  2  2  2  2  2  2  2  2  2  2  2  2  2
 19 Piedra                  48  14  7 20   1  1  1  0  1  0  0  0  1  1  0  1  1  1  0  1  0  1  1  1  1  1  1  1  2  1  1  1  1  2  2  2  2  2  2  2  2  2  2  2  2  2
 20 * De Bruijn             46   6  1 34   1  1  1  1  2  1  1  1  1  1  1  1  1  2  1  1  1  1  1  1  2  2  2  1  1  1  1  1  1  1  1  1  1  1  1  1  1  2  1  1  1  0
 21 * Anti-rotn             44  14 11 16   0  0  0  1  0  1  1  1  1  0  1  1  1  1  0  0  0  0  1  0  1  1  0  1  2  2  1  1  1  1  2  2  2  2  2  2  2  2  2  2  2  2
 22 Mixed Strategy          44  13 10 18   0  0  0  1  1  0  1  1  0  1  1  0  1  0  1  1  1  1  1  0  1  1  0  0  2  1  1  1  2  2  2  2  1  2  1  2  2  2  2  2  2  2
 23 ZQ Bot                  43  18 16  7   0  0  0  0  0  0  0  0  0  0  0  1  0  0  0  1  1  1  1  0  2  2  1  0  1  2  1  2  2  2  2  2  2  2  2  2  2  2  2  2  2  2
 24 * Pi                    42   2  1 38   1  1  1  1  1  1  1  1  1  1  1  1  1  1  1  1  1  1  1  1  1  2  2  1  1  1  1  1  1  1  1  1  1  1  1  1  0  1  1  1  1  1
 25 Inocencio               37  15 19  7   0  0  0  0  0  0  0  0  0  0  0  0  0  0  1  1  0  0  0  1  0  0  1  1  1  2  1  2  2  2  2  1  2  2  2  2  2  2  2  2  2  2
 26 Multi-strategy          34  13 20  8   0  0  0  0  0  0  0  0  0  0  0  0  0  0  0  1  0  0  1  1  0  1  0  1  0  1  1  1  2  2  1  2  2  2  2  2  2  2  2  2  2  2
 27 * Add-drift             32   0  9 32   0  0  0  1  0  1  0  0  1  0  1  1  1  0  1  1  1  0  1  1  1  1  1  1  1  1  1  1  1  1  1  1  1  1  1  1  1  1  1  1  1  1
 28 * Foxtrot               30   0 11 30   0  0  1  0  1  1  0  1  0  1  1  0  0  1  1  1  0  0  1  1  1  1  0  1  0  1  1  1  1  1  1  1  1  1  1  1  1  1  1  1  1  1
 29 * Copy-drift            29   0 12 29   0  0  1  0  0  1  0  1  1  1  0  1  1  0  1  1  1  1  1  1  1  0  0  1  0  0  1  1  1  1  0  1  1  1  1  1  1  1  1  1  1  1
 30 Peterbot                29   9 21 11   0  0  0  0  0  0  0  0  0  0  0  1  1  0  0  0  0  0  0  1  1  0  0  1  0  0  1  1  1  1  1  1  2  2  2  2  1  2  2  2  2  2
 31 Knucklehead             24   5 22 14   0  0  0  0  0  0  0  0  0  0  0  0  0  0  0  1  0  0  0  1  0  0  0  1  0  1  1  1  2  1  1  1  1  2  1  1  1  2  2  1  1  2
 32 * Add-react             23   2 20 19   0  0  0  0  0  0  0  0  0  0  1  1  1  0  0  0  0  0  0  1  0  0  0  1  1  0  1  1  1  1  1  1  2  1  1  1  1  1  1  1  1  2
 33 * Flat                  20   2 23 16   0  1  0  0  0  0  0  0  1  0  1  0  0  0  0  0  0  0  0  1  0  1  0  1  0  0  1  1  1  0  1  0  1  2  1  1  1  2  1  1  1  0
 34 Beat The Last Move      19   5 27  9   0  0  0  0  0  0  0  0  0  0  0  1  1  0  0  0  0  0  0  1  0  0  0  1  0  0  1  1  1  0  0  1  0  1  0  0  2  2  2  1  2  2
 35 Always Switchin'        18   1 24 16   0  0  0  0  0  0  0  0  0  0  0  0  0  0  0  0  0  0  0  1  0  1  0  1  0  0  1  1  1  0  1  1  1  2  1  1  1  1  1  1  1  1
 36 * Switch A Lot          18   2 25 14   1  0  0  0  0  0  0  0  0  0  0  0  0  0  0  0  0  0  0  1  0  0  0  1  0  0  1  1  1  0  1  1  1  2  1  1  2  1  1  1  1  0
 37 * Text                  17   2 26 13   0  0  0  0  0  0  0  0  0  0  0  1  1  0  0  0  0  0  0  1  0  0  0  2  0  0  1  1  1  1  1  1  1  0  1  0  1  0  0  1  1  2
 38 Beat Frequent Pick      16   4 29  8   0  0  0  0  0  0  0  0  0  0  0  0  0  0  0  0  0  0  0  0  0  0  0  1  0  0  1  1  1  0  0  1  0  0  1  1  2  1  2  1  2  2
 39 Good Ole Rock           16   3 28 10   0  0  0  0  0  0  0  0  0  0  0  0  0  0  0  0  0  0  0  1  0  0  0  1  0  0  1  1  1  0  0  1  1  0  1  1  2  0  1  1  2  2
 40 Rotate R-P-S            15   0 26 15   0  0  0  0  0  0  0  0  0  0  0  0  0  0  0  0  0  0  0  1  0  0  0  1  0  0  1  1  1  0  1  1  1  1  1  1  1  1  1  1  1  0
 41 R-P-S 20-20-60          14   1 28 12   0  0  0  0  0  0  0  0  0  0  0  0  0  0  0  0  0  0  0  1  0  0  0  1  0  0  1  1  1  0  1  1  1  0  1  1  1  0  0  1  1  2
 42 * Anti-Flat             13   4 32  5   0  0  0  0  0  0  0  0  0  0  0  0  0  0  0  0  0  0  0  2  0  0  0  1  0  0  1  1  1  0  0  0  2  0  1  2  0  0  0  2  0  1


   Yomi AI is match ranked 9

 Tournament results:
    Player Name          total 
  1 Yomi AI               5100 
 15 * Anti-rotn           5380 
 19 Iocaine Powder       11743 
 20 Phasenbott           10892 
 21 MegaHAL              10488 
 22 RussRocker4           7566 
 23 Biopic                8585 
 24 Simple Modeller       8886 
 25 Simple Predictor      7574 
 26 Robertot              7513 
 27 Boom                  7404 
 28 Shofar                6449 
 29 ACT-R Lag2            6640 
 32 Granite               6490 
 33 Marble                6632 
 34 ZQ Bot                5497 
 35 Sweet Rocky           6261 
 36 Piedra                6518 
 37 Mixed Strategy        5489 
 41 Bugbrain              6061 

   Yomi is tournament ranked 20

