 Playing 1 tournaments with 1000 trials per match...

 Yomi AI            vs Good Ole Rock       Match: 1000 (1000+   0-   0=)
 Yomi AI            vs R-P-S 20-20-60      Match:  295 (527+ 232- 241=)
 Yomi AI            vs Rotate R-P-S        Match:  997 (998+   1-   1=)
 Yomi AI            vs Beat The Last Move  Match:  300 (557+ 257- 186=)
 Yomi AI            vs Always Switchin'    Match:  228 (499+ 271- 230=)
 Yomi AI            vs Beat Frequent Pick  Match:  616 (788+ 172-  40=)
 Yomi AI            vs * Pi                Match:   -3 (344+ 347- 309=)
 Yomi AI            vs * Switch A Lot      Match:  122 (406+ 284- 310=)
 Yomi AI            vs * Flat              Match:   28 (365+ 337- 298=)
 Yomi AI            vs * Anti-Flat         Match:  999 (999+   0-   1=)
 Yomi AI            vs * Foxtrot           Match:  374 (592+ 218- 190=)
 Yomi AI            vs * De Bruijn         Match:  -57 (306+ 363- 331=)
 Yomi AI            vs * Text              Match:  147 (435+ 288- 277=)
 Yomi AI            vs * Anti-rotn         Match:    0 (359+ 359- 282=)
 Yomi AI            vs * Copy-drift        Match:   65 (358+ 293- 349=)
 Yomi AI            vs * Add-react         Match:   75 (384+ 309- 307=)
 Yomi AI            vs * Add-drift         Match:   28 (343+ 315- 342=)
 Yomi AI            vs Iocaine Powder      Match: -786 ( 14+ 800- 186=)
 Yomi AI            vs Phasenbott          Match: -787 ( 15+ 802- 183=)
 Yomi AI            vs MegaHAL             Match:  -39 (336+ 375- 289=)
 Yomi AI            vs RussRocker4         Match:   18 (378+ 360- 262=)
 Yomi AI            vs Biopic              Match:  -40 (370+ 410- 220=)
 Yomi AI            vs Simple Modeller     Match:    0 (351+ 351- 298=)
 Yomi AI            vs Simple Predictor    Match:   36 (388+ 352- 260=)
 Yomi AI            vs Robertot            Match:   42 (380+ 338- 282=)
 Yomi AI            vs Boom                Match:   28 (361+ 333- 306=)
 Yomi AI            vs Shofar              Match:    8 (341+ 333- 326=)
 Yomi AI            vs ACT-R Lag2          Match:  -16 (335+ 351- 314=)
 Yomi AI            vs Majikthise          Match:    4 (342+ 338- 320=)
 Yomi AI            vs Vroomfondel         Match:  -73 (306+ 379- 315=)
 Yomi AI            vs Granite             Match:   81 (440+ 359- 201=)
 Yomi AI            vs Marble              Match:  115 (484+ 369- 147=)
 Yomi AI            vs ZQ Bot              Match:  120 (458+ 338- 204=)
 Yomi AI            vs Sweet Rocky         Match:   32 (379+ 347- 274=)
 Yomi AI            vs Piedra              Match:   -4 (352+ 356- 292=)
 Yomi AI            vs Mixed Strategy      Match:   65 (386+ 321- 293=)
 Yomi AI            vs Multi-strategy      Match:  239 (499+ 260- 241=)
 Yomi AI            vs Inocencio           Match:  116 (460+ 344- 196=)
 Yomi AI            vs Peterbot            Match:  231 (503+ 272- 225=)
 Yomi AI            vs Bugbrain            Match:  -18 (333+ 351- 316=)
 Yomi AI            vs Knucklehead         Match:  542 (692+ 150- 158=)
 Final results (draw value = 50):

 Tournament results: 

    Player Name          total     1    2    3    4    5    6    7    8    9   10   11   12   13   14   15   16   17   18   19   20   21   22   23   24   25   26   27   28   29   30   31   32   33   34   35   36   37   38   39   40   41   42
  1 Iocaine Powder       11584     0   83   38   83   70  522   11   62  161  212  221   -6   87   24   59   57  289   50  786    8   40    9  209   22  244   10  235  161  327  197  289  126  570   -5  929  218  328  896  997  992  986  987
  2 Phasenbott           10924   -83    0   42   49   45  536   12  107  143  217  217    5   70   85   65   42  243   78  787   62   -6    8  217   35  148   -6   68   52  376  126  340   87  391  111  902  241  196  939  990  995  992 1000
  3 MegaHAL               9692   -38  -42    0  -56   17  112   35   28   34  265  221  -75   19   39   39   52  261   29   39   45  -47   12  258  -39  288    8  167   99   75  121  260  189  429  226  887  397  401  963  989  998  991  996
  4 Simple Modeller       8557   -83  -49   56    0   48  -54  -29  -48  289   75   97  -29  -27   25   11   51  278   37    0  115   12   29  270   -7  322   -7  279  284   -1   78  109  115  318  241  313  487  384  593  992  998  990  995
  5 Biopic                8443   -70  -45  -17  -48    0   -7   14   35   37   61  119  -17   26   53  -27   40  111    5   40   64  -18    2  263    9  149   61   13  113  420  244   25   97  516  154  736  281  411  612  993  996  995  997
  6 RussRocker4           8188  -522 -536 -112   54    7    0   27    7  116  179  147    8   18   -7    5   48  134   81  -18  146   -8  -17  287  -86  791    4   82  120  109   79  349   59  542   66  915  227  321  587  993 1000  990  996
  7 Boom                  8063   -11  -12  -35   29  -14  -27    0  -66   25   46   50   -6  -31   60   -6   41   67   58  -28   69   11   -6  232    6  514  -39   59  -16  -46   24  104  140  472  201  730  381  374  753  980  995  990  995
  8 Robertot              7512   -62 -107  -28   48  -35   -7   66    0   36   85   88  -22   -8   39  -22   60   56   16  -42   43   24   15  199  -58  -32   -6   34   61   28   70   92  177  425  112  454  501  351  873 1000  995  993 1000
  9 Simple Predictor      7111  -161 -143  -34 -289  -37 -116  -25  -36    0   -7    9  -33  -43   35   55   79  175   95  -36    7  -21  -27  179  -62  639  -21  206  242   -5   66  134  149  239  217  297  412  421  592  984  993  986  996
 10 Granite               6856  -212 -217 -265  -75  -61 -179  -46  -85    7    0   15  -73 -136   54  -40   68   47   28  -81   39  -31  -31  302  -79  651  -23   28   46   86  183  110  175  324  130  924  253  444  591  994 1000  995  996
 11 Marble                6578  -221 -217 -221  -97 -119 -147  -50  -88   -9  -15    0  -57 -151   32  -83   58   37   33 -115  -44  -20   18  280   -6  647  -15   54   52   76  162  105  178  302  102  922  225  403  591  989  998  994  995
 12 Shofar                6519     6   -5   75   29   17   -8    6   22   33   73   57    0   44   67   50   14   35   47   -8   54    9  -33  111   -9  208  -30   40   58   22   51   -5  114  112  138  111  437  254  557  901  967  926  972
 13 ACT-R Lag2            6251   -87  -70  -19   27  -26  -18   31    8   43  136  151  -44    0   33   -2   12  102   50   16   46   30  -26  336  -52   40   36  -12  -64  -30  118   -1   71  479  135   64  229  311  586  627  998  992  995
 14 Piedra                6246   -24  -85  -39  -25  -53    7  -60  -39  -35  -54  -32  -67  -33    0  -36   40  -22   14    4  -17   -9  -10  104  -24  -21  -55   90   38    8  260  358  188  176  154  293  342  346  590  994 1000  992  988
 15 Bugbrain              5701   -59  -65  -39  -11   27   -5    6   22  -55   40   83  -50    2   36    0   34  164   31   18   78   -5   19  115  -24   57   21   49   42    9   93   88   37   83  176  115  236  148  376  920  993  932  964
 16 * Anti-rotn           5642   -57  -42  -52  -51  -40  -48  -41  -60  -79  -68  -58  -14  -12  -40  -34    0  -42  -43    0   -6  -28    2  224  -34  449  -45   -3   -2  -40  165   13   58   42  341   43  516  145  597 1000  999  997  990
 17 ZQ Bot                5641  -289 -243 -261 -278 -111 -134  -67  -56 -175  -47  -37  -35 -102   22 -164   42    0   14 -120  -32  -28  -48  174  -14  315  -20   33   78   33  154  389  174  302  131  853  226  403  594  986  997  989  993
 18 Sweet Rocky           5585   -50  -78  -29  -37   -5  -81  -58  -16  -95  -28  -33  -47  -50  -14  -31   43  -14    0  -32  -10  -10  -40   42  -34  -46   -5   88   49    3  119  304  167  187  101  156  258  352  593  991  998  988  989
 19 Yomi AI               5128  -786 -787  -39    0  -40   18   28   42   36   81  115    8  -16   -4  -18    0  120   32    0   65  -73    4  239  -57  116   -3   28   65  374   28   75  147  542  122  231  228  295  616  300 1000  997  999
 20 Mixed Strategy        5033    -8  -62  -45 -115  -64 -146  -69  -43   -7  -39   44  -54  -46   17  -78    6   32   10  -65    0  -23  -15  198   -9   -3   25   20   15  -25   -5   38  137  140  241  219   64  378  462  972  994  955  987
 21 Vroomfondel           4756   -40    6   47  -12   18    8  -11  -24   21   31   20   -9  -30    9    5   28   28   10   73   23    0  -21  240  -21   74   70  -31   -1   14   37  -23   19  208  118    2  247  237  435  -25  996  992  988
 22 Majikthise            4696    -9   -8  -12  -29   -2   17    6  -15   27   31  -18   33   26   10  -19   -2   48   40   -4   15   21    0  210  -28   35    7  -19   -6    7   42    7   29  218  108   29  263  159  509   -7  992  995  990
 23 Multi-strategy        2359  -209 -217 -258 -270 -263 -287 -232 -199 -179 -302 -280 -111 -336 -104 -115 -224 -174  -42 -239 -198 -240 -210    0  -50 -130  -20   -9  252  -16  151    6  123   84  304  500  484  379  999  997  999  997  998
 24 * De Bruijn            646   -22  -35   39    7   -9   86   -6   58   62   79    6    9   52   24   24   34   14   34   57    9   21   28   50    0   24   -1  -30   42   -3  -17    1   23    8    4  -15  -39  -10  128   -1    0   21 -110
 25 Inocencio              597  -244 -148 -288 -322 -149 -791 -514   32 -639 -651 -647 -208  -40   21  -57 -449 -315   46 -116    3  -74  -35  130  -24    0  -29   17   81  341  136   93  158  257   73  135  207  384  359  934  975  976  979
 26 * Pi                    61   -10    6   -8    7  -61   -4   39    6   21   23   15   30  -36   55  -21   45   20    5    3  -25  -70   -7   20    1   29    0   34   17   -6  -18  -13  -81  -11   -7    5   30    9   30   22  -11  -11  -11
 27 * Add-drift          -1589  -235  -68 -167 -279  -13  -82  -59  -34 -206  -28  -54  -40   12  -90  -49    3  -33  -88  -28  -20   31   19    9   30  -17  -34    0  -24  -29   48    4   21   32    1  -33  -45  -69   34  -19  -18  -11   39
 28 * Copy-drift         -1943  -161  -52  -99 -284 -113 -120   16  -61 -242  -46  -52  -58   64  -38  -42    2  -78  -49  -65  -15    1    6 -252  -42  -81  -17   24    0  -15  -12  -51    4  -39   15    2  -11  -15  -19   22   11    4   15
 29 * Foxtrot            -2087  -327 -376  -75    1 -420 -109   46  -28    5  -86  -76  -22   30   -8   -9   40  -33   -3 -374   25  -14   -7   16    3 -341    6   29   15    0    9   39  -18  -19   34    0  -32    0   31   16  -17  -43    5
 30 * Flat               -2966  -197 -126 -121  -78 -244  -79  -24  -70  -66 -183 -162  -51 -118 -260  -93 -165 -154 -119  -28    5  -37  -42 -151   17 -136   18  -48   12   -9    0  -28   -3  -40  -23 -178  -14   47  201  209    1  -17 -412
 31 * Add-react          -3195  -289 -340 -260 -109  -25 -349 -104  -92 -134 -110 -105    5    1 -358  -88  -13 -389 -304  -75  -38   23   -7   -6   -1  -93   13   -4   51  -39   28    0   29   59   18  -33   -1    8    6   -1   -9  -65    5
 32 * Text               -3340  -126  -87 -189 -115  -97  -59 -140 -177 -149 -175 -178 -114  -71 -188  -37  -58 -174 -167 -147 -137  -19  -29 -123  -23 -158   81  -21   -4   18    3  -29    0  -66   -5    6  -35   -9 -185  -74 -185  -11  113
 33 Knucklehead          -3417  -570 -391 -429 -318 -516 -542 -472 -425 -239 -324 -302 -112 -479 -176  -83  -42 -302 -187 -542 -140 -208 -218  -84   -8 -257   11  -32   39   19   40  -59   66    0    7  -43    5   26  152  769  985  984  980
 34 * Switch A Lot       -3549     5 -111 -226 -241 -154  -66 -201 -112 -217 -130 -102 -138 -135 -154 -176 -341 -131 -101 -122 -241 -118 -108 -304   -4  -73    7   -1  -15  -34   23  -18    5   -7    0 -139  -44  -32   60  306   13   50  -22
 35 Peterbot             -5337  -929 -902 -887 -313 -736 -915 -730 -454 -297 -924 -922 -111  -64 -293 -115  -43 -853 -156 -231 -219   -2  -29 -500   15 -135   -5   33   -2    0  178   33   -6   43  139    0  246  368  427  963 1000  998  993
 36 Always Switchin'     -6851  -218 -241 -397 -487 -281 -227 -381 -501 -412 -253 -225 -437 -229 -342 -236 -516 -226 -258 -228  -64 -247 -263 -484   39 -207  -30   45   11   32   14    1   35   -5   44 -246    0    4   35  504   19   13   -6
 37 R-P-S 20-20-60       -8899  -328 -196 -401 -384 -411 -321 -374 -351 -421 -444 -403 -254 -311 -346 -148 -145 -403 -352 -295 -378 -237 -159 -379   10 -384   -9   69   15    0  -47   -8    9  -26   32 -368   -4    0 -455 -198 -428   -7  341
 38 Beat Frequent Pick  -14313  -896 -939 -963 -593 -612 -587 -753 -873 -592 -591 -591 -557 -586 -590 -376 -597 -594 -593 -616 -462 -435 -509 -999 -128 -359  -30  -34   19  -31 -201   -6  185 -152  -60 -427  -35  455    0 -600  999    0  996
 39 Beat The Last Move  -20411  -997 -990 -989 -992 -993 -993 -980 -1000 -984 -994 -989 -901 -627 -994 -920 -1000 -986 -991 -300 -972   25    7 -997    1 -934  -22   19  -22  -16 -209    1   74 -769 -306 -963 -504  198  600    0 1000    1  997
 40 Good Ole Rock       -26228  -992 -995 -998 -998 -996 -1000 -995 -995 -993 -1000 -998 -967 -998 -1000 -993 -999 -997 -998 -1000 -994 -996 -992 -999    0 -975   11   18  -11   17   -1    9  185 -985  -13 -1000  -19  428 -999 -1000    0    0 1000
 41 Rotate R-P-S        -26231  -986 -992 -991 -990 -995 -990 -990 -993 -986 -995 -994 -926 -992 -992 -932 -997 -989 -988 -997 -955 -992 -995 -997  -21 -976   11   11   -4   43   17   65   11 -984  -50 -998  -13    7    0   -1    0    0 -695
 42 * Anti-Flat         -28013  -987 -1000 -996 -995 -997 -996 -995 -1000 -996 -996 -995 -972 -995 -988 -964 -990 -993 -989 -999 -987 -988 -990 -998  110 -979   11  -39  -15   -5  412   -5 -113 -980   22 -993    6 -341 -996 -997 -1000  695    0

 Match results (draw <= 50): 

    Player Name           total  W  L  D   1  2  3  4  5  6  7  8  9 10 11 12 13 14 15 16 17 18 19 20 21 22 23 24 25 26 27 28 29 30 31 32 33 34 35 36 37 38 39 40 41 42
  1 Iocaine Powder          71  30  0 11   1  2  2  1  2  2  1  1  2  2  2  2  2  1  1  1  1  2  2  1  2  2  1  2  1  2  2  2  2  2  2  2  2  2  1  2  2  2  2  2  2  2
  2 Phasenbott              70  30  1 10   0  1  1  1  2  1  1  1  2  2  2  2  2  1  2  1  2  2  2  1  1  2  2  2  1  2  2  2  2  2  2  2  2  2  2  2  2  2  2  2  2  2
  3 Simple Modeller         63  24  2 15   0  1  1  2  0  1  1  1  1  1  2  1  1  1  1  1  1  2  2  1  2  2  2  2  1  2  1  2  2  2  2  2  2  2  2  2  2  2  2  2  2  2
  4 MegaHAL                 62  23  2 16   1  1  0  1  2  1  0  1  1  1  1  1  1  1  1  1  1  2  2  1  2  2  1  2  1  2  2  2  2  2  2  2  2  2  2  2  2  2  2  2  2  2
  5 RussRocker4             62  25  4 12   0  0  2  0  1  1  1  1  1  1  2  1  1  1  2  1  1  2  2  0  1  2  2  2  1  2  2  2  2  2  2  2  2  2  2  2  2  2  2  2  2  2
  6 Biopic                  62  22  1 18   0  1  1  1  1  1  1  1  1  1  1  1  1  1  1  1  2  2  2  1  1  2  2  2  2  2  2  1  2  2  1  2  2  2  2  2  2  2  2  2  2  2
  7 Shofar                  61  20  0 21   1  1  1  2  1  1  1  1  1  1  1  1  1  1  1  1  2  2  2  1  1  1  2  2  1  2  1  1  2  2  1  2  2  2  2  2  2  2  2  2  2  2
  8 Boom                    59  19  1 21   1  1  1  1  1  1  1  1  0  1  1  1  1  1  2  1  2  1  1  1  1  2  2  2  1  2  1  2  2  1  2  2  1  2  2  2  2  2  2  2  2  2
  9 Robertot                58  20  3 18   0  0  1  1  1  1  1  2  1  1  1  1  1  1  1  1  1  2  2  0  2  2  1  1  1  2  1  1  2  2  2  2  2  2  2  2  2  2  2  2  2  2
 10 Yomi AI                 57  20  4 17   0  0  1  1  1  1  1  1  1  1  1  1  1  0  1  1  1  2  2  0  1  2  2  2  1  2  2  1  2  2  2  2  1  2  2  2  2  2  2  2  2  2
 11 Simple Predictor        57  21  5 15   0  0  0  1  0  1  1  1  1  1  1  2  1  1  2  1  1  1  1  0  2  2  1  2  1  2  1  2  2  2  2  2  2  2  2  2  2  2  2  2  2  2
 12 Bugbrain                55  17  3 21   0  0  1  1  1  1  1  1  1  1  0  1  1  1  1  1  1  2  1  1  1  2  2  2  1  2  1  1  2  1  2  2  2  2  2  1  2  2  2  2  2  2
 13 ACT-R Lag2              53  16  4 21   0  0  1  1  1  1  1  1  1  1  1  1  1  1  1  1  1  2  2  0  1  2  1  1  1  2  1  1  2  0  1  2  2  2  2  2  2  2  2  2  2  2
 14 Vroomfondel             53  12  0 29   1  1  1  1  1  1  1  1  1  2  1  1  1  1  1  1  1  1  1  1  1  1  1  2  2  2  1  1  1  1  1  2  1  1  2  1  2  2  2  2  2  2
 15 Sweet Rocky             51  14  4 23   1  0  1  1  0  1  1  0  1  1  0  1  1  1  1  1  1  1  1  1  1  1  1  1  1  1  1  2  2  1  2  2  2  2  2  2  2  2  2  2  2  2
 16 Majikthise              50   9  0 32   1  1  1  1  1  1  1  1  1  1  1  1  1  1  1  1  1  1  1  1  1  1  1  1  1  2  1  1  1  1  1  2  1  1  2  1  2  2  2  2  2  2
 17 Piedra                  50  15  6 20   1  0  1  1  1  0  0  0  1  1  1  1  1  1  1  1  1  1  0  1  1  1  1  1  0  2  1  2  2  1  2  2  2  2  2  2  2  2  2  2  2  2
 18 Marble                  49  19 11 11   0  0  0  0  0  0  0  1  0  0  1  0  0  1  1  1  1  1  1  1  2  1  1  2  1  2  2  2  2  2  2  2  2  2  2  2  2  2  2  2  2  2
 19 Granite                 48  18 11 12   0  0  0  0  0  0  0  1  0  0  1  1  0  1  1  1  2  1  1  0  2  1  1  2  1  2  2  1  2  1  2  2  2  2  2  2  2  2  2  2  2  2
 20 * De Bruijn             47   7  1 33   1  1  1  1  2  1  1  1  2  2  2  1  2  1  1  1  1  1  2  1  1  1  1  1  1  1  1  1  1  1  1  1  1  1  1  1  1  1  1  1  2  0
 21 * Anti-rotn             46  12  7 22   0  1  0  0  1  1  1  1  0  1  0  1  1  1  1  1  1  0  0  1  1  1  1  2  1  2  1  1  1  1  1  1  2  2  2  2  2  2  2  2  2  2
 22 ZQ Bot                  45  16 12 13   0  0  0  0  0  0  1  0  0  0  0  0  0  1  1  1  1  1  1  1  1  1  1  2  1  2  1  1  2  2  2  2  2  2  2  2  2  2  2  2  2  2
 23 Mixed Strategy          45  12  8 21   1  0  0  1  0  0  0  0  1  0  1  0  1  1  1  1  1  1  1  1  1  1  1  1  1  2  1  1  2  1  1  2  1  2  2  2  2  2  2  2  2  2
 24 Inocencio               41  16 16  9   0  0  0  0  0  0  0  0  1  0  0  0  1  0  1  1  1  0  0  1  0  0  1  1  1  2  2  1  2  2  2  2  2  2  2  2  2  2  2  2  2  2
 25 * Pi                    39   1  3 37   1  1  1  1  1  0  1  1  1  1  1  1  1  0  1  1  2  1  1  1  1  1  1  1  1  1  1  1  1  1  1  1  1  1  1  0  1  1  1  1  1  1
 26 Multi-strategy          32  13 22  6   0  0  0  0  0  0  0  0  0  0  0  0  0  0  1  0  0  0  0  1  0  0  0  0  1  1  1  1  2  2  1  2  2  2  2  2  2  2  2  2  2  2
 27 * Foxtrot               32   0  9 32   0  0  1  0  0  0  1  1  1  0  1  1  1  1  1  1  1  0  0  1  1  1  1  0  1  1  1  1  1  1  1  1  1  1  1  1  1  1  1  1  1  1
 28 * Add-drift             30   0 11 30   0  0  0  0  0  1  1  0  1  1  0  1  1  1  0  1  0  0  1  1  1  1  1  1  1  1  1  1  1  1  1  1  1  1  1  1  1  1  0  1  1  1
 29 Peterbot                29   9 21 11   0  0  0  0  0  0  0  0  0  0  0  0  0  1  0  1  0  0  0  1  1  0  0  0  1  0  1  1  1  1  1  1  2  2  2  1  2  2  2  2  2  2
 30 * Copy-drift            27   1 15 25   0  0  0  0  0  0  0  1  0  0  0  1  2  1  1  1  1  0  1  1  1  0  1  0  1  0  1  1  1  1  0  1  1  1  1  1  1  1  1  1  1  1
 31 * Add-react             26   2 17 22   0  0  0  0  0  1  1  0  0  0  0  0  1  1  0  1  0  0  0  1  1  0  1  0  1  1  1  1  1  2  1  2  1  1  1  1  1  1  1  0  1  1
 32 Knucklehead             23   6 24 11   0  0  0  0  0  0  0  0  0  0  0  0  0  0  0  0  0  0  0  1  1  0  0  0  1  0  1  1  1  1  0  1  1  2  1  2  1  2  1  2  2  2
 33 * Flat                  22   2 21 18   0  0  0  0  0  0  0  1  0  1  0  0  0  1  0  1  0  0  0  1  0  0  1  0  1  0  1  1  0  1  1  1  1  2  1  1  1  1  1  1  2  0
 34 Beat The Last Move      19   5 27  9   0  0  0  0  0  0  0  0  0  0  0  0  0  1  0  1  0  0  0  1  0  0  0  0  1  0  1  1  0  1  1  0  0  1  0  2  0  2  2  1  2  2
 35 * Switch A Lot          19   2 24 15   1  0  0  0  0  0  0  0  0  0  0  0  0  0  0  0  0  0  0  1  0  0  0  0  1  0  1  1  0  1  1  1  1  2  1  1  1  1  1  1  2  1
 36 * Text                  18   2 25 14   0  0  0  0  0  0  0  0  0  0  0  1  0  1  0  1  0  0  0  1  0  0  0  0  2  0  1  1  1  1  1  0  1  0  1  1  1  0  1  1  0  2
 37 Always Switchin'        17   1 25 15   0  0  0  0  0  0  0  0  0  0  0  0  0  0  0  0  0  0  0  1  0  0  0  0  1  0  1  1  0  1  1  1  1  2  1  1  1  1  1  1  1  1
 38 Good Ole Rock           16   3 28 10   0  0  0  0  0  0  0  0  0  0  0  0  0  0  0  0  0  0  0  1  0  0  0  0  1  0  1  1  0  1  1  0  1  0  1  2  1  1  2  1  0  2
 39 R-P-S 20-20-60          15   2 28 11   0  0  0  0  0  0  0  0  0  0  0  0  0  0  0  0  0  0  0  1  0  0  0  0  1  0  1  2  0  1  1  1  1  0  1  1  1  0  1  1  0  2
 40 Rotate R-P-S            15   1 27 13   0  0  0  0  0  0  0  0  0  0  0  0  0  0  0  0  0  0  0  1  0  0  0  0  1  0  1  1  0  1  2  0  1  1  1  1  1  1  1  1  1  0
 41 Beat Frequent Pick      15   4 30  7   0  0  0  0  0  0  0  0  0  0  0  0  0  0  0  0  0  0  0  0  0  0  0  0  1  0  1  1  0  1  1  0  0  0  0  2  1  2  2  1  1  2
 42 * Anti-Flat             13   3 31  7   0  0  0  0  0  0  0  0  0  0  0  0  0  0  0  0  0  0  0  2  0  0  0  0  1  0  1  1  0  1  1  0  2  0  1  0  1  0  0  2  0  1


   Yomi AI is match ranked 10

 Tournament results:
    Player Name          total 
  1 Yomi AI               5128 
 15 * Anti-rotn           5642 
 19 Iocaine Powder       11584 
 20 Phasenbott           10924 
 21 MegaHAL               9692 
 22 RussRocker4           8188 
 23 Biopic                8443 
 24 Simple Modeller       8557 
 25 Simple Predictor      7111 
 26 Robertot              7512 
 27 Boom                  8063 
 28 Shofar                6519 
 29 ACT-R Lag2            6251 
 32 Granite               6856 
 33 Marble                6578 
 34 ZQ Bot                5641 
 35 Sweet Rocky           5585 
 36 Piedra                6246 
 41 Bugbrain              5701 

   Yomi is tournament ranked 19

