 Playing 1 tournaments with 1000 trials per match...

 Yomi AI            vs Good Ole Rock       Match: 1000 (1000+   0-   0=)
 Yomi AI            vs R-P-S 20-20-60      Match:  336 (555+ 219- 226=)
 Yomi AI            vs Rotate R-P-S        Match:  997 (998+   1-   1=)
 Yomi AI            vs Beat The Last Move  Match:  601 (740+ 139- 121=)
 Yomi AI            vs Always Switchin'    Match:  234 (517+ 283- 200=)
 Yomi AI            vs Beat Frequent Pick  Match:  657 (818+ 161-  21=)
 Yomi AI            vs * Pi                Match:  -34 (325+ 359- 316=)
 Yomi AI            vs * Switch A Lot      Match:  139 (413+ 274- 313=)
 Yomi AI            vs * Flat              Match:   57 (386+ 329- 285=)
 Yomi AI            vs * Anti-Flat         Match:  999 (999+   0-   1=)
 Yomi AI            vs * Foxtrot           Match:  412 (610+ 198- 192=)
 Yomi AI            vs * De Bruijn         Match:  -22 (324+ 346- 330=)
 Yomi AI            vs * Text              Match:  162 (438+ 276- 286=)
 Yomi AI            vs * Anti-rotn         Match:   -1 (346+ 347- 307=)
 Yomi AI            vs * Copy-drift        Match:  -21 (334+ 355- 311=)
 Yomi AI            vs * Add-react         Match:   85 (397+ 312- 291=)
 Yomi AI            vs * Add-drift         Match:   -9 (347+ 356- 297=)
 Yomi AI            vs Iocaine Powder      Match: -519 (112+ 631- 257=)
 Yomi AI            vs Phasenbott          Match: -586 ( 70+ 656- 274=)
 Yomi AI            vs MegaHAL             Match:    7 (359+ 352- 289=)
 Yomi AI            vs RussRocker4         Match:  -43 (352+ 395- 253=)
 Yomi AI            vs Biopic              Match:  -43 (396+ 439- 165=)
 Yomi AI            vs Simple Modeller     Match:  -12 (350+ 362- 288=)
 Yomi AI            vs Simple Predictor    Match:   25 (378+ 353- 269=)
 Yomi AI            vs Robertot            Match:   -3 (379+ 382- 239=)
 Yomi AI            vs Boom                Match:   -9 (347+ 356- 297=)
 Yomi AI            vs Shofar              Match:    7 (347+ 340- 313=)
 Yomi AI            vs ACT-R Lag2          Match:  -16 (339+ 355- 306=)
 Yomi AI            vs Majikthise          Match:  -12 (329+ 341- 330=)
 Yomi AI            vs Vroomfondel         Match:  -64 (305+ 369- 326=)
 Yomi AI            vs Granite             Match:   91 (461+ 370- 169=)
 Yomi AI            vs Marble              Match:   79 (438+ 359- 203=)
 Yomi AI            vs ZQ Bot              Match:  145 (483+ 338- 179=)
 Yomi AI            vs Sweet Rocky         Match:   70 (397+ 327- 276=)
 Yomi AI            vs Piedra              Match:   38 (396+ 358- 246=)
 Yomi AI            vs Mixed Strategy      Match:   59 (397+ 338- 265=)
 Yomi AI            vs Multi-strategy      Match:  257 (520+ 263- 217=)
 Yomi AI            vs Inocencio           Match:  780 (882+ 102-  16=)
 Yomi AI            vs Peterbot            Match:  382 (594+ 212- 194=)
 Yomi AI            vs Bugbrain            Match:  -14 (335+ 349- 316=)
 Yomi AI            vs Knucklehead         Match:  543 (704+ 161- 135=)
 Final results (draw value = 50):

 Tournament results: 

    Player Name          total     1    2    3    4    5    6    7    8    9   10   11   12   13   14   15   16   17   18   19   20   21   22   23   24   25   26   27   28   29   30   31   32   33   34   35   36   37   38   39   40   41   42
  1 Iocaine Powder       11618     0   63   77   29   44   27  540   54  176   20   39  519  289  218  310  -26   15   24   55   27   39   67  347   -2   23  450  152  214  341  304  187  132  571  -27  869  229  341  913  987  994  987 1000
  2 Phasenbott           10448   -63    0   41    8   24    9  509   44  127   29   10  586  256  225  268   39   15   61   50    4   12   68  203    5   36  180   30  125  425  341   85   73  380   66  934  257  115  913  976  995  991  996
  3 MegaHAL               9466   -77  -41    0   22  -20  101   78  -41   77   21   54   -7  203  266  254  -21   17   76   43   16  -47   -5  258  -21  -43  220  109  185   19  273  122  142  374  214  916  411  401  944  990  999  987  997
  4 Biopic                8665   -29   -8  -22    0   30   23  -39   55   61   31   34   43  106  128   69  -51    5    6   26  -28  -50    1  352   13  -20  208   28   18  416   56  163  138  481  142  877  362  420  633  995  998  995  999
  5 Simple Modeller       8452   -44  -24   20  -30    0   47   -9   22  253    0   29   12   92  122  306   15   25   28   66    9    7  120  219  -85   -2  333  223  213  -19  101   88  112  225  254  269  445  434  592  994  999  996  995
  6 Robertot              8018   -27   -9 -101  -23  -47    0  -28  -27   68   -9   45    3   19   35   93  -29  -18   30   42  -30   18   56  203   -5    2   40   54   56   21   97    1  192  446  128  998  480  409  860  994  996  990  995
  7 RussRocker4           7716  -540 -509  -78   39    9   28    0   24  105   27    2   43  178  152  153   26    1   28   62  -23   -3   51  284  -38   -3  169   99  138  151  353   45   83  515  154  938  216  262  588  994 1000  993 1000
  8 ACT-R Lag2            7445   -54  -44   41  -55  -22   27  -24    0   87   33   25   16  186  124  100   -9    8   28   72  -13  -37   49  336 -106  -26  770  -36  -40   39   66  146  120  524  157  221  267  310  577  596  996  997  993
  9 Simple Predictor      7245  -176 -127  -77  -61 -253  -68 -105  -87    0   17   35  -25   47   25  142    8   28   51   55  -20   24   63  179  -62  -21  537  296  283  -38  118   99  154  309  246  300  426  371  588  986  995  989  994
 10 Boom                  6918   -20  -29  -21  -31    0    9  -27  -33  -17    0   25    9  -29  -20  -15  -26  -17   74   72  -29   -2   50  221   23   -1  -12    4  129    7  100    7  128  438  156  279  440  347  753  991  996  990  999
 11 Sweet Rocky           6850   -39  -10  -54  -34  -29  -45   -2  -25  -35  -25    0  -70    4  -11  -38  -56  -74  -44   47  -30  -32   77   96  -17   29  793   34   17   -1  396  103  150  193  128  305  244  336  591  992  995  994  997
 12 Yomi AI               6754  -519 -586    7  -43  -12   -3  -43  -16   25   -9   70    0   91   79  145    7  -14   38   -1  -64  -12   59  257  -22  -34  780  -21   -9  412   85   57  162  543  139  382  234  336  657  601 1000  997  999
 13 Granite               6619  -289 -256 -203 -106  -92  -19 -178 -186  -47   29   -4  -91    0    8    7  -25 -104   47   42  -23   -7   53  326  -91  -47  630   60   39   54  114  214  181  349  138  873  250  397  593  989  999  995 1000
 14 Marble                6476  -218 -225 -266 -128 -122  -35 -152 -124  -25   20   11  -79   -8    0    0  -33 -128   35   59  -59  -26   22  330 -117    2  642   65   25   92   84  185  177  296  118  869  209  396  594  996  999  995 1000
 15 ZQ Bot                6434  -310 -268 -254  -69 -306  -93 -153 -100 -142   15   38 -145   -7    0    0  -43 -181   98   49   -7  -57   17  296  -36    6  785   98   31   20  204  176  161  313  180  884  256  408  592  996 1000  993  989
 16 Shofar                6176    26  -39   21   51  -15   29  -26    9   -8   26   56   -7   25   33   43    0  -17   -4   54  -51  -16   41   89  -55   34   82   78   48   -5   56   25  171  138  130  153  422  243  557  881  968  946  984
 17 Bugbrain              5981   -15  -15  -17   -5  -25   18   -1   -8  -28   17   74   14  104  128  181   17    0   30   20   -4  -22   62  125  -41   17   46   82   81  -15   84   26   34  167  123  119  239  175  392  927  977  918  980
 18 Piedra                5955   -24  -61  -76   -6  -28  -30  -28  -28  -51  -74   44  -38  -47  -35  -98    4  -30    0   66  -24  -43   -2  100  -16  -31  -47   58   47   61  197  141  190  186  153  334  296  326  595  992  998  990  994
 19 * Anti-rotn           5055   -55  -50  -43  -26  -66  -42  -62  -72  -55  -72  -47    1  -42  -59  -49  -54  -20  -66    0   25    9  -39  225  -76  -56  532   -7  -42    1    3  218   53   32  337   43  498  106  596  491  998  999  988
 20 Vroomfondel           4977   -27   -4  -16   28   -9   30   23   13   20   29   30   64   23   59    7   51    4   24  -25    0   -1   17  236  -15   24   77  -27   34   42  -30   98   41  165   76   29  295  166  461   -6  991  987  993
 21 Majikthise            4640   -39  -12   47   50   -7  -18    3   37  -24    2   32   12    7   26   57   16   22   43   -9    1    0   27  189  -34  -16   33   24   -4  -11  -15   95   -4  225  129  -28  247  103  451    3  996  993  991
 22 Mixed Strategy        4486   -67  -68    5   -1 -120  -56  -51  -49  -63  -50  -77  -59  -53  -22  -17  -41  -62    2   39  -17  -27    0   32 -108  -46  -61   51  -29    6   38   35  174  131   -3  311   44  396  474  964  995  953  983
 23 Multi-strategy        2035  -347 -203 -258 -352 -219 -203 -284 -336 -179 -221  -96 -257 -326 -330 -296  -89 -125 -100 -225 -236 -189  -32    0  -50  -20 -141  231   13    7   17  184  123  -10  258  500  474  362  999  997  999  997  998
 24 * De Bruijn           1043     2   -5   21  -13   85    5   38  106   62  -23   17   22   91  117   36   55   41   16   76   15   34  108   50    0   -1   32   -5   30   10  -32   46   23   12  -61  -18   -5   14  128   -1    0   21 -106
 25 * Pi                    74   -23  -36   43   20    2   -2    3   26   21    1  -29   34   47   -2   -6  -34  -17   31   56  -24   16   46   20    1    0   24    2  -27    2   -2   -6  -81   -2   -1   30  -76   -1   30   22  -11  -11  -12
 26 Inocencio             -926  -450 -180 -220 -208 -333  -40 -169 -770 -537   12 -793 -780 -630 -642 -785  -82  -46   47 -532  -77  -33   61  141  -32  -24    0  145   -2  335   80  177  155  222  103   74  216  430  359  939  979  979  985
 27 * Copy-drift         -1632  -152  -30 -109  -28 -223  -54  -99   36 -296   -4  -34   21  -60  -65  -98  -78  -82  -58    7   27  -24  -51 -231    5   -2 -145    0   17   21   -4    6   46  -22   17   13   63  -12  -12   22    8    6   26
 28 * Add-drift          -1667  -214 -125 -185  -18 -213  -56 -138   40 -283 -129  -17    9  -39  -25  -31  -48  -81  -47   42  -34    4   29  -13  -30   27    2  -17    0   -4  -61   31   29   -2    7  -21    5   -1  -13  -16  -13  -46   28
 29 * Foxtrot            -2506  -341 -425  -19 -416   19  -21 -151  -39   38   -7    1 -412  -54  -92  -20    5   15  -61   -1  -42   11   -6   -7  -10   -2 -335  -21    4    0  -41   44   18  -27   37  -32   19  -48   -1   -8  -28   -5  -45
 30 * Add-react          -2903  -304 -341 -273  -56 -101  -97 -353  -66 -118 -100 -396  -85 -114  -84 -204  -56  -84 -197   -3   30   15  -38  -17   32    2  -80    4   61   41    0   33   -5   22   62  -56  -43   -3   13   -2  -10  -44  112
 31 * Flat               -2964  -187  -85 -122 -163  -88   -1  -45 -146  -99   -7 -103  -57 -214 -185 -176  -25  -26 -141 -218  -98  -95  -35 -184  -46    6 -177   -6  -31  -44  -33    0    6    7   61 -205    6   16  212  207   -1    0 -442
 32 * Text               -3374  -132  -73 -142 -138 -112 -192  -83 -120 -154 -128 -150 -162 -181 -177 -161 -171  -34 -190  -53  -41    4 -174 -123  -23   81 -155  -46  -29  -18    5   -6    0    5   40   25  -41   19 -185  -74 -185  -11  111
 33 Knucklehead          -3542  -571 -380 -374 -481 -225 -446 -515 -524 -309 -438 -193 -543 -349 -296 -313 -138 -167 -186  -32 -165 -225 -131   10  -12    2 -222   22    2   27  -22   -7   -5    0   36   37  -22  -30  128  883  736  896 1000
 34 * Switch A Lot       -3610    27  -66 -214 -142 -254 -128 -154 -157 -246 -156 -128 -139 -138 -118 -180 -130 -123 -153 -337  -76 -129    3 -258   61    1 -103  -17   -7  -37  -62  -61  -40  -36    0 -132  -76  -14    6  301   16   18  -32
 35 Peterbot             -6057  -869 -934 -916 -877 -269 -998 -938 -221 -300 -279 -305 -382 -873 -869 -884 -153 -119 -334  -43  -29   28 -311 -500   18  -30  -74  -13   21   32   56  205  -25  -37  132    0  233  402  433  981  999  999  986
 36 Always Switchin'     -6964  -229 -257 -411 -362 -445 -480 -216 -267 -426 -440 -244 -234 -250 -209 -256 -422 -239 -296 -498 -295 -247  -44 -474    5   76 -216  -63   -5  -19   43   -6   41   22   76 -233    0   -5   -6  534  -18   63  -12
 37 R-P-S 20-20-60       -8843  -341 -115 -401 -420 -434 -409 -262 -310 -371 -347 -336 -336 -397 -396 -408 -243 -175 -326 -106 -166 -103 -396 -362  -14    1 -430   12    1   48    3  -16  -19   30   14 -402    5    0 -416 -198 -413   -1  112
 38 Beat Frequent Pick  -14194  -913 -913 -944 -633 -592 -860 -588 -577 -588 -753 -591 -657 -593 -594 -592 -557 -392 -595 -596 -461 -451 -474 -999 -128  -30 -359   12   13    1  -13 -212  185 -128   -6 -433    6  416    0 -600  999    0  996
 39 Beat The Last Move  -20319  -987 -976 -990 -995 -994 -994 -994 -596 -986 -991 -992 -601 -989 -996 -996 -881 -927 -992 -491    6   -3 -964 -997    1  -22 -939  -22   16    8    2 -207   74 -883 -301 -981 -534  198  600    0 1000    1  996
 40 Good Ole Rock       -25941  -994 -995 -999 -998 -999 -996 -1000 -996 -995 -996 -995 -1000 -999 -999 -1000 -968 -977 -998 -998 -991 -996 -995 -999    0   11 -979   -8   13   28   10    1  185 -736  -16 -999   18  413 -999 -1000    0    0 1000
 41 Rotate R-P-S        -26214  -987 -991 -987 -995 -996 -990 -993 -997 -989 -990 -994 -997 -995 -995 -993 -946 -918 -990 -999 -987 -993 -953 -997  -21   11 -979   -6   46    5   44    0   11 -896  -18 -999  -63    1    0   -1    0    0 -677
 42 * Anti-Flat         -27890  -1000 -996 -997 -999 -995 -995 -1000 -993 -994 -999 -997 -999 -1000 -1000 -989 -984 -980 -994 -988 -993 -991 -983 -998  106   12 -985  -26  -28   45 -112  442 -111 -1000   32 -986   12 -112 -996 -996 -1000  677    0

 Match results (draw <= 50): 

    Player Name           total  W  L  D   1  2  3  4  5  6  7  8  9 10 11 12 13 14 15 16 17 18 19 20 21 22 23 24 25 26 27 28 29 30 31 32 33 34 35 36 37 38 39 40 41 42
  1 Iocaine Powder          69  28  0 13   1  2  2  1  2  1  1  2  1  2  1  1  1  2  1  1  1  2  1  2  2  2  2  1  2  2  2  2  2  2  2  2  2  2  2  2  1  2  2  2  2  2
  2 Phasenbott              65  25  1 15   0  1  1  1  2  1  1  2  1  1  1  1  1  2  1  2  1  2  1  2  2  1  2  1  2  2  2  2  2  1  2  2  2  2  2  2  2  2  2  2  2  2
  3 MegaHAL                 65  25  1 15   0  1  1  1  2  1  1  1  2  1  1  1  1  2  2  2  1  2  1  2  2  1  2  1  1  1  2  2  2  2  2  2  2  2  2  2  2  2  2  2  2  2
  4 Simple Modeller         63  23  1 17   1  1  1  1  1  1  1  1  1  1  1  1  1  2  1  1  1  2  0  2  2  2  2  1  2  1  2  2  2  2  2  2  2  2  2  2  2  2  2  2  2  2
  5 RussRocker4             61  23  3 15   0  0  0  1  1  1  1  1  1  1  1  1  1  2  1  1  1  2  1  2  2  2  2  1  2  2  2  2  2  2  2  1  2  2  2  2  2  2  2  2  2  2
  6 Biopic                  61  21  1 19   1  1  1  1  1  1  1  1  1  2  1  0  1  2  1  1  1  2  1  2  2  1  2  1  1  2  1  2  2  1  2  2  2  2  2  2  2  2  2  2  2  2
  7 Bugbrain                60  19  0 22   1  1  1  1  1  1  1  1  1  1  1  1  1  1  2  1  1  2  1  2  2  1  1  1  2  1  2  2  2  2  2  1  2  2  2  1  2  2  2  2  2  2
  8 Yomi AI                 59  21  3 17   0  0  1  1  1  1  1  1  1  1  1  1  0  1  2  1  1  2  1  2  2  1  2  1  2  2  1  2  2  1  2  2  2  2  2  2  2  2  2  2  2  2
  9 Robertot                58  18  1 22   1  1  0  1  1  1  1  1  1  1  1  1  1  2  1  1  1  1  1  1  2  1  1  1  2  1  2  2  2  2  2  1  2  2  2  2  2  2  2  2  2  2
 10 ACT-R Lag2              58  20  3 18   0  1  1  1  1  0  1  1  1  1  1  1  1  2  1  1  1  2  0  2  2  2  2  1  1  1  1  2  2  1  2  2  2  2  2  2  2  2  2  2  2  2
 11 Boom                    57  16  0 25   1  1  1  1  1  1  1  1  1  1  1  1  1  1  1  2  1  1  1  1  1  2  1  1  1  1  2  2  2  1  2  1  2  2  2  2  2  2  2  2  2  2
 12 Shofar                  57  18  2 21   1  1  1  1  1  2  1  1  1  1  1  1  0  1  2  1  1  1  0  1  1  2  2  1  1  1  1  2  2  2  2  1  2  2  2  2  2  2  2  2  2  2
 13 Vroomfondel             55  14  0 27   1  1  1  1  1  1  1  2  1  1  1  2  1  1  1  1  1  1  1  2  1  1  2  1  1  1  1  2  1  1  1  2  2  2  1  1  2  2  2  2  2  2
 14 Simple Predictor        53  21  9 11   0  0  0  0  0  0  1  1  0  0  1  1  1  1  1  2  1  1  0  1  2  2  2  1  2  1  2  2  2  2  2  2  2  2  2  2  2  2  2  2  2  2
 15 Sweet Rocky             53  16  4 21   1  1  0  1  1  1  0  0  1  1  1  0  1  1  1  1  1  1  1  1  1  1  2  1  2  1  1  2  2  1  2  2  2  2  2  2  2  2  2  2  2  2
 16 Piedra                  53  17  5 19   1  0  0  1  1  1  1  1  1  1  0  1  1  0  1  1  1  1  1  1  0  2  1  1  1  2  1  2  2  2  2  2  2  2  2  2  2  2  2  2  2  2
 17 Majikthise              52  11  0 30   1  1  1  1  1  1  1  1  1  1  1  1  1  1  1  1  1  1  1  1  2  1  1  1  1  1  1  2  1  1  1  2  2  2  1  1  2  2  2  2  2  2
 18 Granite                 49  18 10 13   0  0  0  0  0  0  0  0  1  0  1  1  1  1  1  1  1  1  0  1  1  1  2  1  2  2  1  2  2  2  2  2  2  2  2  2  2  2  2  2  2  2
 19 * De Bruijn             48   9  2 30   1  1  1  2  1  1  1  1  1  2  1  2  1  2  1  1  1  2  1  2  1  2  1  1  2  1  1  1  1  1  1  1  1  1  1  1  0  2  1  1  1  0
 20 Marble                  48  18 11 12   0  0  0  0  0  0  0  0  1  0  1  1  0  1  1  1  1  1  0  1  1  2  2  1  1  2  1  2  2  2  2  2  2  2  2  2  2  2  2  2  2  2
 21 ZQ Bot                  46  17 12 12   0  0  0  0  0  0  0  0  0  0  1  1  1  0  1  2  0  1  1  1  1  1  2  1  1  1  1  2  2  2  2  2  2  2  2  2  2  2  2  2  2  2
 22 * Anti-rotn             42  12 11 18   0  1  1  0  0  1  1  1  1  0  0  0  1  0  1  0  1  1  0  0  1  1  2  0  1  1  1  2  1  1  1  2  1  2  2  2  2  2  2  2  2  2
 23 Inocencio               42  17 16  8   0  0  0  0  0  0  1  0  1  0  1  0  0  0  0  1  1  0  1  0  0  0  1  1  2  2  1  2  2  2  2  2  2  2  2  2  2  2  2  2  2  2
 24 * Pi                    40   1  2 38   1  1  1  1  1  1  1  1  1  1  1  1  1  1  1  1  1  1  1  1  1  2  1  1  1  1  1  1  1  1  1  1  1  0  1  0  1  1  1  1  1  1
 25 Mixed Strategy          39  10 12 19   0  0  1  0  0  1  0  0  0  1  1  1  1  0  0  1  1  0  0  1  1  1  0  1  1  1  1  1  2  2  1  1  2  1  2  2  1  2  2  2  2  2
 26 * Foxtrot               32   0  9 32   0  0  1  1  0  0  1  0  1  1  1  1  1  1  1  0  1  0  1  0  1  1  0  1  1  1  1  1  1  1  1  1  1  1  1  1  1  1  1  1  1  1
 27 * Add-drift             31   0 10 31   0  0  0  0  0  1  0  1  0  1  0  1  1  0  1  1  1  1  1  1  1  1  1  1  1  1  1  1  1  1  0  1  1  1  1  1  1  1  1  1  1  1
 28 Multi-strategy          31  12 22  7   0  0  0  0  0  0  0  0  0  0  0  0  0  0  0  0  0  0  1  0  0  0  0  1  1  1  1  1  2  2  1  2  1  2  2  2  2  2  2  2  2  2
 29 Peterbot                30  10 21 10   0  0  0  0  0  0  0  0  0  0  0  0  1  0  0  0  1  0  1  0  0  1  0  1  0  1  1  0  1  1  2  2  1  2  2  1  2  2  2  2  2  2
 30 * Copy-drift            27   1 15 25   0  1  0  0  0  1  0  1  0  1  1  0  1  0  1  0  1  0  1  0  0  1  0  1  0  1  1  0  1  1  1  1  1  2  1  1  1  1  1  1  1  1
 31 * Add-react             24   3 20 18   0  0  0  0  0  0  0  0  0  0  0  0  1  0  0  0  1  0  1  0  0  1  0  1  1  1  2  1  0  1  1  1  1  1  1  1  2  1  1  1  1  2
 32 * Flat                  24   3 20 18   0  0  0  0  1  0  1  0  1  0  1  1  0  0  0  0  0  0  1  0  0  0  0  1  1  1  1  0  0  1  1  1  1  1  2  1  2  2  1  1  1  0
 33 Knucklehead             24   5 22 14   0  0  0  0  0  0  0  0  0  0  0  0  0  0  0  0  0  0  1  0  0  1  0  1  0  1  1  1  1  1  1  1  1  1  2  1  1  2  2  1  2  2
 34 Always Switchin'        20   4 25 12   0  0  0  0  0  0  0  0  0  0  0  0  0  0  0  0  0  0  1  0  0  0  0  2  1  1  1  0  0  0  1  1  1  1  2  1  2  1  1  1  2  1
 35 Beat The Last Move      19   5 27  9   0  0  0  0  0  0  0  0  0  0  0  0  1  0  0  0  1  0  1  0  0  0  0  1  0  1  1  0  0  1  1  0  0  0  1  2  0  2  2  2  1  2
 36 * Text                  19   2 24 15   0  0  0  0  0  0  1  0  0  0  0  0  1  0  0  0  1  0  1  0  0  0  0  2  0  1  1  0  1  1  1  1  1  1  0  1  1  0  0  1  1  2
 37 * Switch A Lot          17   2 26 13   1  0  0  0  0  0  0  0  0  0  0  0  0  0  0  0  0  0  2  0  0  0  0  1  1  1  1  0  0  1  0  0  1  0  2  1  1  1  1  1  1  1
 38 Beat Frequent Pick      16   4 29  8   0  0  0  0  0  0  0  0  0  0  0  0  0  0  0  0  0  0  0  0  0  0  0  1  0  1  1  0  0  1  1  0  0  1  0  2  1  1  2  2  1  2
 39 Good Ole Rock           16   3 28 10   0  0  0  0  0  0  0  0  0  0  0  0  0  0  0  0  0  0  1  0  0  0  0  1  0  1  1  0  0  1  1  1  0  1  0  2  1  0  1  2  1  2
 40 R-P-S 20-20-60          14   1 28 12   0  0  0  0  0  0  0  0  0  0  0  0  0  0  0  0  0  0  1  0  0  0  0  1  0  1  1  0  0  1  1  1  1  1  0  1  1  0  0  1  1  2
 41 Rotate R-P-S            13   0 28 13   0  0  0  0  0  0  0  0  0  0  0  0  0  0  0  0  0  0  1  0  0  0  0  1  0  1  1  0  0  1  1  1  0  0  1  1  1  1  1  1  1  0
 42 * Anti-Flat             12   3 32  6   0  0  0  0  0  0  0  0  0  0  0  0  0  0  0  0  0  0  2  0  0  0  0  1  0  1  1  0  0  1  0  2  0  1  0  0  1  0  0  0  2  1


   Yomi AI is match ranked 8

 Tournament results:
    Player Name          total 
  1 Yomi AI               6754 
 19 Iocaine Powder       11618 
 20 Phasenbott           10448 
 21 MegaHAL               9466 
 22 RussRocker4           7716 
 23 Biopic                8665 
 24 Simple Modeller       8452 
 25 Simple Predictor      7245 
 26 Robertot              8018 
 27 Boom                  6918 
 29 ACT-R Lag2            7445 
 35 Sweet Rocky           6850 

   Yomi is tournament ranked 12

