 Playing 1 tournaments with 1000 trials per match...

 Yomi AI            vs Good Ole Rock       Match: 1000 (1000+   0-   0=)
 Yomi AI            vs R-P-S 20-20-60      Match:  246 (495+ 249- 256=)
 Yomi AI            vs Rotate R-P-S        Match:  997 (998+   1-   1=)
 Yomi AI            vs Beat The Last Move  Match:  388 (610+ 222- 168=)
 Yomi AI            vs Always Switchin'    Match:  244 (492+ 248- 260=)
 Yomi AI            vs Beat Frequent Pick  Match:  733 (847+ 114-  39=)
 Yomi AI            vs * Pi                Match:   -6 (346+ 352- 302=)
 Yomi AI            vs * Switch A Lot      Match:  110 (388+ 278- 334=)
 Yomi AI            vs * Flat              Match:   39 (366+ 327- 307=)
 Yomi AI            vs * Anti-Flat         Match:  999 (999+   0-   1=)
 Yomi AI            vs * Foxtrot           Match:  392 (590+ 198- 212=)
 Yomi AI            vs * De Bruijn         Match:  -45 (314+ 359- 327=)
 Yomi AI            vs * Text              Match:  144 (431+ 287- 282=)
 Yomi AI            vs * Anti-rotn         Match:   40 (356+ 316- 328=)
 Yomi AI            vs * Copy-drift        Match:  -38 (323+ 361- 316=)
 Yomi AI            vs * Add-react         Match:   98 (412+ 314- 274=)
 Yomi AI            vs * Add-drift         Match:  -24 (313+ 337- 350=)
 Yomi AI            vs Iocaine Powder      Match: -795 ( 11+ 806- 183=)
 Yomi AI            vs Phasenbott          Match: -815 (  9+ 824- 167=)
 Yomi AI            vs MegaHAL             Match:  -25 (353+ 378- 269=)
 Yomi AI            vs RussRocker4         Match:    1 (363+ 362- 275=)
 Yomi AI            vs Biopic              Match:  -86 (431+ 517-  52=)
 Yomi AI            vs Simple Modeller     Match:    4 (339+ 335- 326=)
 Yomi AI            vs Simple Predictor    Match:   81 (407+ 326- 267=)
 Yomi AI            vs Robertot            Match:   19 (378+ 359- 263=)
 Yomi AI            vs Boom                Match:   28 (344+ 316- 340=)
 Yomi AI            vs Shofar              Match:  -19 (332+ 351- 317=)
 Yomi AI            vs ACT-R Lag2          Match:   20 (356+ 336- 308=)
 Yomi AI            vs Majikthise          Match:   37 (356+ 319- 325=)
 Yomi AI            vs Vroomfondel         Match:  -15 (337+ 352- 311=)
 Yomi AI            vs Granite             Match:   81 (447+ 366- 187=)
 Yomi AI            vs Marble              Match:  126 (477+ 351- 172=)
 Yomi AI            vs ZQ Bot              Match:   88 (439+ 351- 210=)
 Yomi AI            vs Sweet Rocky         Match:   38 (377+ 339- 284=)
 Yomi AI            vs Piedra              Match:   40 (361+ 321- 318=)
 Yomi AI            vs Mixed Strategy      Match:   63 (391+ 328- 281=)
 Yomi AI            vs Multi-strategy      Match:  234 (498+ 264- 238=)
 Yomi AI            vs Inocencio           Match:   83 (411+ 328- 261=)
 Yomi AI            vs Peterbot            Match:  213 (477+ 264- 259=)
 Yomi AI            vs Bugbrain            Match:  -11 (338+ 349- 313=)
 Yomi AI            vs Knucklehead         Match:  460 (637+ 177- 186=)
 Final results (draw value = 50):

 Tournament results: 

    Player Name          total     1    2    3    4    5    6    7    8    9   10   11   12   13   14   15   16   17   18   19   20   21   22   23   24   25   26   27   28   29   30   31   32   33   34   35   36   37   38   39   40   41   42
  1 Iocaine Powder       11747     0  217   61   45   28  504   37   38  191   16  215  279  -11  108   60   55   47  346  795   -2  -17  125  367  -29  157  -40  183  139  365  197    2  261  124  557  871  245  356  913  991  987  993  971
  2 Phasenbott           11091  -217    0   56   23   16  533   45   53  109   16  256  239  -32   65   65   27   73  264  815   19   50  134  251   -2  440  -14   82  132  352   46   69  331   77  396  998  253  161  929  992  993  996 1000
  3 MegaHAL               9510   -61  -56    0  -46   -2   87   15   33   60    3  281  220   49   47   44  -13   46  303   25  -34   59   42  247  -10  194   -5  216   20   17  141  214  242  142  333  900  436  374  975  991  993  998  990
  4 Simple Modeller       8332   -45  -23   46    0    8    2    3   11  289   24   98  130   -3    6   10   33   54  280   -4   25  -23   72  129  -36  316   35  205  250  -26  109  243   86  121  192  284  440  423  592  990  991  999  996
  5 Biopic                8306   -28  -16    2   -8    0   45   61   -5  -18  -30  127  197  -21   72   61  -34   44   95   86  -13  -11   37  234  -59   82   14  -65   62  438  188  129   36  149  504  721  312  405  528  997  992  998  998
  6 RussRocker4           7558  -504 -533  -87   -2  -45    0   85   24  100   88  168  145  -16  -23   30   -8   45  123   -1  -18  -10   73  177  -21  141  -19  105  105  210  179  108  324  116  447  945  283  247  596  992  993  999  997
  7 Piedra                7518   -37  -45  -15   -3  -61  -85    0   22  -41  -26  -46   -9  -40  -40   14  -28   43  -75  -40  -25  -55   35  103  -42  799    1   63   75  -34   92  115  330  184  164  994  243  413  590  993  995  998  999
  8 Robertot              7384   -38  -53  -33  -11    5  -24  -22    0    5  -12   56   28  -14  -20   54  -35   35   66  -19  -33   23   38  296  -34   43  -34   39   71   30   76   46  117  170  365  738  446  349  727  960  998  996  989
  9 Simple Predictor      7113  -191 -109  -60 -289   18 -100   41   -5    0   -2   -6   38    7 -104   16   50   59  145  -81  -11  -27  -12  179  -62  570  -14  275  294   -2   61  175  127  149  286  293  462  389  592  984  990  995  993
 10 Boom                  6806   -16  -16   -3  -24   30  -88   26   12    2    0   48   27  -27  -72   48   -8   62   59  -28    3  -25   13  238  -23   25  -10  102   21   -9   98  143   76  155  380   38  431  393  753  991  990  997  994
 11 Marble                6592  -215 -256 -281  -98 -127 -168   46  -56    6  -48    0   20  -55 -124   40 -147   55   54 -126  -65  -42   69  335  -85  645    6   53   83   43  180  159   81  181  244  922  242  445  591  991  995  999 1000
 12 Granite               6520  -279 -239 -220 -130 -197 -145    9  -28  -38  -27  -20    0  -37 -157   39 -118   67   67  -81  -20  -23   33  251  -78  637  -24   46   59   90  151  121  138  173  292  927  275  423  593  994  998  998 1000
 13 Shofar                6340    11   32  -49    3   21   16   40   14   -7   27   55   37    0   47   57   10   22   50   19    3   17   83  117   -6   74  -32   16   79   19   -6  157    0  144  134  113  434  256  550  899  947  981  956
 14 ACT-R Lag2            6324  -108  -65  -47   -6  -72   23   40   20  104   72  124  157  -47    0   59    1   27  118  -20   47    7  168  225  -30  109  -49   15   -6    1   95  143   21  101  495  280  263  324  579  170  994  998  994
 15 Sweet Rocky           6137   -60  -65  -44  -10  -61  -30  -14  -54  -16  -48  -40  -39  -57  -59    0  -57   46  -58  -38  -58  -42    9   48  -28  549  -38   93    8  -28  128  154  359  159  195  215  205  347  594  989  997  996  990
 16 Bugbrain              6118   -55  -27   13  -33   34    8   28   35  -50    8  147  118  -10   -1   57    0   25  194   11  -87  -12   27  133  -31   36   41  128   57  -10   24  100   91   53   86  264  245  177  393  962  984  985  970
 17 * Anti-rotn           5971   -47  -73  -46  -54  -44  -45  -43  -35  -59  -62  -55  -67  -22  -27  -46  -25    0  -60  -40  -27  -17  -12  219  -90  465  -37   17   23  -28  190  303  -15   53   73  498  499  111  597 1000 1000  999 1000
 18 ZQ Bot                5694  -346 -264 -303 -280  -95 -123   75  -66 -145  -59  -54  -67  -50 -118   58 -194   60    0  -88  -31  -61  -17  272  -52  311   10   53   54    7  188  152  337  150  315  912  248  342  594  987  988  997  997
 19 Yomi AI               5167  -795 -815  -25    4  -86    1   40   19   81   28  126   81  -19   20   38  -11   40   88    0   37  -15   63  234  -45   83   -6  -24  -38  392   39  110   98  144  460  213  244  246  733  388  997 1000  999
 20 Majikthise            4784     2  -19   34  -25   13   18   25   33   11   -3   65   20   -3  -47   58   87   27   31  -37    0   16   29  118  -16   70   -1   -1   -6   -1   70   66  -23    1  277   33  287  174  453  -28  990  994  992
 21 Vroomfondel           4643    17  -50  -59   23   11   10   55  -23   27   25   42   23  -17   -7   42   12   17   61   15  -16    0   48  147  -30   15  -41    9  -20   -4   89  129  -14   27  225    8  279  181  443  -34  993  993  992
 22 Mixed Strategy        4217  -125 -134  -42  -72  -37  -73  -35  -38   12  -13  -69  -33  -83 -168   -9  -27   12   17  -63  -29  -48    0   11 -104   19  -36   40  -32  -15  -25   89   19  152  126  267   38  358  442  977  964  985  999
 23 Multi-strategy        2838  -367 -251 -247 -129 -234 -177 -103 -296 -179 -238 -335 -251 -117 -225  -48 -133 -219 -272 -234 -118 -147  -11    0  -50  -55  -20   -6  260  -35  171  285   78  123   62  500  464  403  999  997  997  999  997
 24 * De Bruijn           1109    29    2   10   36   59   21   42   34   62   23   85   78    6   30   28   31   90   52   45   16   30  104   50    0   17   -1  -13  -13   39   17  -23   21   23   48  -23   25  -15  128   -1   21    0 -104
 25 Inocencio              493  -157 -440 -194 -316  -82 -141 -799  -43 -570  -25 -645 -637  -74 -109 -549  -36 -465 -311  -83  -70  -15  -19   55  -17    0  -28   74   78  314  141  122   77  155  245  158  270  388  363  934  986  979  979
 26 * Pi                   268    40   14    5  -35  -14   19   -1   34   14   10   -6   24   32   49   38  -41   37  -10    6    1   41   36   20    1   28    0   14  -22   23  -28  -23    5  -81    1   12   -8   15   30   22  -11  -11  -12
 27 * Add-drift          -1622  -183  -82 -216 -205   65 -105  -63  -39 -275 -102  -53  -46  -16  -15  -93 -128  -17  -53   24    1   -9  -40    6   13  -74  -14    0   60   10   23  -12   15   34   -4  -17  -42    7  -18   -2   43   13  -13
 28 * Copy-drift         -1842  -139 -132  -20 -250  -62 -105  -75  -71 -294  -21  -83  -59  -79    6   -8  -57  -23  -54   38    6   20   32 -260   13  -78   22  -60    0   -9    1    0   29    5  -53  -33   33   12  -23    8   -7  -44   32
 29 * Foxtrot            -2125  -365 -352  -17   26 -438 -210   34  -30    2    9  -43  -90  -19   -1   28   10   28   -7 -392    1    4   15   35  -39 -314  -23  -10    9    0   -1  -35   26   44   17  -32  -21   -5   22  -27  -11   15   32
 30 * Flat               -2792  -197  -46 -141 -109 -188 -179  -92  -76  -61  -98 -180 -151    6  -95 -128  -24 -190 -188  -39  -70  -89   25 -171  -17 -141   28  -23   -1    1    0   22  -70   17   -6 -137   27    3  195  183   28   -1 -419
 31 * Switch A Lot       -3158    -2  -69 -214 -243 -129 -108 -115  -46 -175 -143 -159 -121 -157 -143 -154 -100 -303 -152 -110  -66 -129  -89 -285   23 -122   23   12    0   35  -22    0    6   -4    1 -122    1    6  -19  326  -25    4  -69
 32 * Add-react          -3258  -261 -331 -242  -86  -36 -324 -330 -117 -127  -76  -81 -138    0  -21 -359  -91   15 -337  -98   23   14  -19  -78  -21  -77   -5  -15  -29  -26   70   -6    0   26  -10  -15    9   12   -4  -16  -65    9    5
 33 * Text               -3389  -124  -77 -142 -121 -149 -116 -184 -170 -149 -155 -181 -173 -144 -101 -159  -53  -53 -150 -144   -1  -27 -152 -123  -23 -155   81  -34   -5  -44  -17    4  -26    0  -42   33   17   12 -185  -74  -11 -185  113
 34 Knucklehead          -3732  -557 -396 -333 -192 -504 -447 -164 -365 -286 -380 -244 -292 -134 -495 -195  -86  -73 -315 -460 -277 -225 -126  -62  -48 -245   -1    4   53  -17    6   -1   10   42    0  -19   37  -19  208  924  -19  961 1000
 35 Peterbot             -6777  -871 -998 -900 -284 -721 -945 -994 -738 -293  -38 -922 -927 -113 -280 -215 -264 -498 -912 -213  -33   -8 -267 -500   23 -158  -12   17   33   32  137  122   15  -33   19    0  220  346  430  982  998  999  987
 36 Always Switchin'     -7323  -245 -253 -436 -440 -312 -283 -243 -446 -462 -431 -242 -275 -434 -263 -205 -245 -499 -248 -244 -287 -279  -38 -464  -25 -270    8   42  -33   21  -27   -1   -9  -17  -37 -220    0   -6   67  493   26    8  -69
 37 R-P-S 20-20-60       -9016  -356 -161 -374 -423 -405 -247 -413 -349 -389 -393 -445 -423 -256 -324 -347 -177 -111 -342 -246 -174 -181 -358 -403   15 -388  -15   -7  -12    5   -3   -6  -12  -12   19 -346    6    0 -430 -147  -17 -388   19
 38 Beat Frequent Pick  -14124  -913 -929 -975 -592 -528 -596 -590 -727 -592 -753 -591 -593 -550 -579 -594 -393 -597 -594 -733 -453 -443 -442 -999 -128 -363  -30   18   23  -22 -195   19    4  185 -208 -430  -67  430    0 -600    0  999  997
 39 Beat The Last Move  -20180  -991 -992 -991 -990 -997 -992 -993 -960 -984 -991 -991 -994 -899 -170 -989 -962 -1000 -987 -388   28   34 -977 -997    1 -934  -22    2   -8   27 -183 -326   16   74 -924 -982 -493  147  600    0    1 1000  997
 40 Rotate R-P-S        -25370  -987 -993 -993 -991 -992 -993 -995 -998 -990 -990 -995 -998 -947 -994 -997 -984 -1000 -988 -997 -990 -993 -964 -997  -21 -986   11  -43    7   11  -28   25   65   11   19 -998  -26   17    0   -1    0    0 -667
 41 Good Ole Rock       -26251  -993 -996 -998 -999 -998 -999 -998 -996 -995 -997 -999 -998 -981 -998 -996 -985 -999 -997 -1000 -994 -993 -985 -999    0 -979   11  -13   44  -15    1   -4   -9  185 -961 -999   -8  388 -999 -1000    0    0 1000
 42 * Anti-Flat         -27621  -971 -1000 -990 -996 -998 -997 -999 -989 -993 -994 -1000 -1000 -956 -994 -990 -970 -1000 -997 -999 -992 -992 -999 -997  104 -979   12   13  -32  -32  419   69   -5 -113 -1000 -987   69  -19 -997 -997  667 -1000    0

 Match results (draw <= 50): 

    Player Name           total  W  L  D   1  2  3  4  5  6  7  8  9 10 11 12 13 14 15 16 17 18 19 20 21 22 23 24 25 26 27 28 29 30 31 32 33 34 35 36 37 38 39 40 41 42
  1 Iocaine Powder          70  29  0 12   1  2  1  2  1  2  2  2  1  2  1  1  1  1  2  1  2  1  2  1  2  2  2  2  1  2  2  2  2  2  2  2  2  2  2  2  1  2  2  2  2  2
  2 Phasenbott              69  29  1 11   0  1  1  2  1  2  2  2  1  1  2  1  1  1  2  1  2  1  2  2  2  2  2  2  1  2  2  2  2  2  2  2  1  2  2  2  2  2  2  2  2  2
  3 Simple Modeller         64  23  0 18   1  1  1  1  1  1  1  1  1  1  1  1  1  1  2  1  2  1  2  2  1  2  2  2  1  1  2  2  2  2  2  2  2  2  2  2  2  2  2  2  2  2
  4 RussRocker4             63  25  3 13   0  0  1  1  1  0  1  1  1  1  1  2  1  2  2  1  2  1  2  1  1  2  2  2  1  2  2  2  2  2  2  2  2  2  2  2  2  2  2  2  2  2
  5 Biopic                  62  23  2 16   1  1  1  1  1  1  2  2  1  1  1  1  1  2  1  1  2  0  2  1  2  2  1  2  1  2  2  0  2  2  1  2  2  2  2  2  2  2  2  2  2  2
  6 MegaHAL                 61  22  2 17   0  0  1  2  1  1  1  1  1  1  1  1  1  1  2  2  2  1  2  1  1  2  1  2  1  1  2  2  2  1  2  2  2  2  2  2  2  2  2  2  2  2
  7 ACT-R Lag2              59  21  3 17   0  0  1  1  0  1  1  1  1  1  1  2  1  1  2  1  2  1  2  1  2  2  2  2  1  1  2  1  2  1  1  2  2  2  2  2  2  2  2  2  2  2
  8 Yomi AI                 58  20  3 18   0  0  1  1  0  1  1  1  1  1  1  1  1  1  2  1  2  1  2  1  1  2  2  2  1  2  2  1  2  1  2  2  1  2  2  2  2  2  2  2  2  2
  9 Shofar                  58  17  0 24   1  1  1  1  1  1  1  1  1  1  1  1  1  1  1  1  1  1  2  1  2  1  2  2  1  1  2  1  2  2  1  2  1  2  2  2  2  2  2  2  2  2
 10 Bugbrain                58  19  2 20   0  1  1  1  1  1  1  1  1  1  1  1  0  1  1  1  2  1  2  1  2  2  1  1  1  1  2  2  2  2  2  2  1  2  2  2  2  2  2  2  2  2
 11 Robertot                57  17  1 23   1  0  1  1  1  1  1  1  1  1  1  1  1  1  1  1  1  1  2  1  2  2  1  1  1  1  2  1  2  2  2  2  2  2  2  2  1  2  2  2  2  2
 12 Boom                    55  16  2 23   1  1  1  0  1  1  0  1  1  1  1  1  1  1  1  1  1  1  1  2  1  2  1  1  1  1  2  2  1  1  2  2  2  2  2  2  2  2  2  2  2  2
 13 Majikthise              55  14  0 27   1  1  1  1  1  1  1  1  1  2  1  1  1  1  1  1  1  1  2  1  2  1  1  2  1  1  2  1  1  1  1  2  2  1  2  1  2  2  2  2  2  2
 14 Piedra                  54  17  4 20   1  1  1  0  0  1  1  1  1  1  1  1  1  1  1  0  1  1  1  1  1  0  1  2  1  1  2  2  2  2  2  2  2  2  2  2  2  2  2  2  2  2
 15 Simple Predictor        52  19  8 14   0  0  0  0  1  0  0  0  1  1  1  1  1  1  1  1  1  0  1  2  1  2  1  2  1  1  2  2  2  2  2  2  2  2  2  2  2  2  2  2  2  2
 16 Vroomfondel             52  12  1 28   1  1  1  1  1  0  1  1  1  1  1  1  1  2  1  1  1  1  1  1  1  2  1  1  1  1  2  1  1  1  1  2  2  1  2  1  2  2  2  2  2  2
 17 Granite                 50  19 10 12   0  0  0  0  0  0  0  0  1  0  1  1  1  1  1  1  1  0  1  2  1  2  1  2  1  2  2  1  2  2  2  2  2  2  2  2  2  2  2  2  2  2
 18 * De Bruijn             48   8  1 32   1  1  1  1  2  1  1  1  1  1  1  1  1  1  2  1  2  1  2  2  1  2  2  1  1  1  1  1  1  1  1  1  1  1  1  1  1  0  1  1  2  1
 19 Marble                  48  20 13  8   0  0  0  0  0  0  0  0  0  0  0  1  0  1  1  1  1  0  1  2  1  2  2  2  1  1  2  2  2  2  2  2  2  2  2  2  2  2  2  2  2  2
 20 * Anti-rotn             47  14  8 19   1  0  0  1  1  1  1  1  1  1  1  0  1  1  0  1  0  0  0  1  1  0  1  2  1  1  2  1  2  1  1  2  2  2  2  2  2  2  2  2  2  2
 21 Sweet Rocky             47  15  9 17   0  0  1  1  0  1  0  1  0  0  0  1  0  1  1  1  1  1  1  1  1  0  1  2  1  1  1  2  2  1  2  2  2  2  2  2  2  2  2  2  2  2
 22 ZQ Bot                  45  20 16  5   0  0  0  0  0  0  0  0  1  0  0  0  1  2  0  0  0  0  0  2  2  1  1  2  1  1  2  2  2  2  2  2  2  2  2  2  2  2  2  2  2  2
 23 Mixed Strategy          42  10  9 22   0  0  0  0  1  1  0  0  0  1  1  1  1  1  1  1  1  0  0  1  1  1  1  1  1  1  1  1  2  1  1  2  1  2  1  2  2  2  2  2  2  2
 24 Inocencio               41  17 17  7   0  0  0  0  0  0  0  0  0  1  1  1  0  0  0  1  0  1  0  0  0  0  1  1  1  2  2  2  2  2  2  2  2  2  2  2  2  2  2  2  2  2
 25 * Pi                    40   0  1 40   1  1  1  1  1  1  1  1  1  1  1  1  1  1  1  1  1  1  1  1  1  1  1  1  1  1  1  1  1  1  1  1  1  1  1  0  1  1  1  1  1  1
 26 * Foxtrot               34   0  7 34   0  0  1  0  0  1  1  0  1  1  1  1  1  1  1  1  0  1  1  1  1  1  1  0  1  1  1  1  1  1  1  1  1  1  1  1  1  1  1  1  1  1
 27 Multi-strategy          34  14 21  6   0  0  0  0  0  0  0  0  0  0  0  0  0  0  0  0  0  1  0  0  1  0  1  0  1  1  1  1  2  2  2  2  2  2  2  2  2  2  2  2  2  2
 28 * Add-drift             30   2 13 26   0  0  0  0  2  0  1  1  1  0  1  0  1  0  0  1  1  1  0  1  0  0  1  0  1  1  1  1  1  2  1  1  1  1  1  1  1  1  1  1  1  1
 29 Peterbot                29   9 21 11   0  0  0  0  0  0  0  0  0  0  0  1  1  0  0  1  0  1  0  0  0  0  0  0  1  1  0  1  1  1  1  1  2  2  2  1  2  2  2  2  2  2
 30 * Copy-drift            24   0 17 24   0  0  0  0  0  1  1  1  0  0  0  1  1  0  0  1  0  1  0  1  1  0  1  0  1  1  0  0  1  1  1  0  1  1  1  1  1  1  1  1  1  1
 31 * Add-react             24   1 18 22   0  0  0  0  1  0  1  0  1  0  0  0  1  0  0  1  0  1  0  1  0  0  1  0  1  1  0  1  1  1  1  1  2  1  1  1  1  1  1  0  1  1
 32 Knucklehead             22   5 24 12   0  0  0  0  0  0  0  0  0  0  0  0  0  0  0  0  0  1  0  0  0  0  0  0  1  1  0  1  1  2  1  1  1  2  1  1  1  2  2  1  2  1
 33 * Flat                  21   2 22 17   0  1  0  0  0  0  0  1  1  1  0  0  0  0  0  0  0  1  0  0  0  0  1  0  1  1  0  1  0  1  0  1  1  2  1  1  1  0  1  1  2  1
 34 Beat The Last Move      19   5 27  9   0  0  0  0  0  0  0  0  0  0  0  0  1  0  0  1  0  1  0  0  0  0  0  0  1  1  0  1  0  1  1  0  0  1  0  2  0  2  2  1  2  2
 35 Always Switchin'        18   2 25 14   0  0  0  0  0  0  0  0  0  0  0  0  0  0  0  0  0  1  0  0  0  0  1  0  1  1  0  1  0  1  1  1  1  2  1  1  1  0  1  1  2  1
 36 * Text                  18   2 25 14   0  0  0  0  0  0  0  0  0  0  0  0  1  0  0  1  0  1  0  0  0  0  0  0  2  1  0  1  1  1  1  1  1  0  1  1  1  2  0  1  0  1
 37 * Switch A Lot          18   1 24 16   1  0  0  0  0  0  0  0  0  0  1  0  0  0  0  0  0  1  0  0  0  0  0  0  1  1  0  1  0  1  1  1  1  2  1  1  1  0  1  1  1  1
 38 * Anti-Flat             16   5 30  6   0  0  0  0  0  0  0  0  0  0  0  0  0  0  0  0  0  2  0  0  0  0  0  0  1  1  0  1  0  1  1  0  2  0  2  0  2  1  0  2  0  1
 39 Good Ole Rock           16   3 28 10   0  0  0  0  0  0  0  0  0  0  0  0  0  0  0  0  0  1  0  0  0  0  0  0  1  1  0  1  0  1  1  0  1  0  1  2  1  2  1  1  0  2
 40 Rotate R-P-S            16   1 26 14   0  0  0  0  0  0  0  0  0  0  0  0  0  0  0  0  0  1  0  0  0  0  0  0  1  1  0  1  0  1  2  1  1  1  1  1  1  0  1  1  1  1
 41 Beat Frequent Pick      15   4 30  7   0  0  0  0  0  0  0  0  0  0  0  0  0  0  0  0  0  0  0  0  0  0  0  0  1  1  0  1  0  1  1  0  0  0  0  2  1  2  2  1  1  2
 42 R-P-S 20-20-60          13   0 28 13   0  0  0  0  0  0  0  0  0  0  0  0  0  0  0  0  0  1  0  0  0  0  0  0  1  1  0  1  0  1  1  1  1  0  1  1  1  1  0  1  0  1


   Yomi AI is match ranked 8

 Tournament results:
    Player Name          total 
  1 Yomi AI               5167 
 15 * Anti-rotn           5971 
 19 Iocaine Powder       11747 
 20 Phasenbott           11091 
 21 MegaHAL               9510 
 22 RussRocker4           7558 
 23 Biopic                8306 
 24 Simple Modeller       8332 
 25 Simple Predictor      7113 
 26 Robertot              7384 
 27 Boom                  6806 
 28 Shofar                6340 
 29 ACT-R Lag2            6324 
 32 Granite               6520 
 33 Marble                6592 
 34 ZQ Bot                5694 
 35 Sweet Rocky           6137 
 36 Piedra                7518 
 41 Bugbrain              6118 

   Yomi is tournament ranked 19

